Unnamed: 3
Value
1.007
0.719
0.514
0.437
0.347
0.124
-0.188
-0.458
-0.621
-0.859
-1.451
-2.354
-3.205
-3.731
-3.999
-4.103
-4.044
-3.776
-3.362
-2.949
-2.756
-2.819
-2.914
-2.91
-2.919
-2.987
-3.078
-3.168
-3.23
-3.234
-3.171
-3.01
-2.656
-2.132
-1.608
-1.227
-1.066
-1.045
-1.079
-1.229
-1.617
-2.213
-2.756
-3.162
-3.595
-4.187
-4.863
-5.441
-5.813
-6.063
-6.319
-6.625
-6.952
-7.338
-7.78
-8.136
-8.254
-8.077
-7.553
-6.8
-6.047
-5.414
-4.933
-4.62
-4.527
-4.629
-4.84
-5.001
-4.929
-4.659
-4.398
-4.253
-4.178
-4.182
-4.414
-4.915
-5.566
-6.165
-6.594
-6.88
-7.107
-7.283
-7.297
-6.991
-6.415
-5.793
-5.309
-4.954
-4.643
-4.327
-4.008
-3.668
-3.286
-2.892
-2.558
-2.347
-2.361
-2.583
-2.794
-2.804
-2.606
-2.311
-2.041
-1.769
-1.429
-1.093
-0.968
-1.064
-1.132
-0.977
-0.569
-0.099
0.167
0.127
-0.21
-0.789
-1.413
-1.916
-2.331
-2.728
-3.176
-3.69
-4.224
-4.726
-5.106
-5.262
-5.221
-5.033
-4.672
-4.212
-3.883
-3.822
-3.965
-4.171
-4.373
-4.679
-5.158
-5.684
-6.197
-6.845
-7.617
-8.302
-8.647
-8.66
-8.592
-8.68
-9.059
-9.665
-10.377
-11.042
-11.513
-11.697
-11.747
-11.885
-12.103
-12.239
-12.14
-11.675
-10.885
-10.042
-9.377
-8.891
-8.572
-8.429
-8.356
-8.188
-7.866
-7.383
-6.77
-6.185
-5.736
-5.389
-5.123
-4.908
-4.6
-4.04
-3.352
-2.853
-2.756
-2.912
-3.023
-2.86
-2.381
-1.678
-0.909
-0.326
-0.124
-0.283
-0.623
-0.998
-1.286
-1.442
-1.547
-1.678
-1.74
-1.522
-0.995
-0.283
0.499
1.351
2.268
2.992
3.139
2.701
2.064
1.49
1.082
0.923
1.152
1.735
2.361
2.626
2.49
2.221
2.016
1.805
1.438
0.939
0.483
0.099
-0.243
-0.419
-0.268
0.186
0.71
1.07
1.143
0.961
0.789
0.857
1.143
1.515
1.932
2.381
2.787
3.085
3.214
3.232
3.357
3.738
4.259
4.704
4.885
4.872
4.745
4.503
4.201
3.976
3.81
3.631
3.416
3.159
2.819
2.452
2.195
2.123
2.157
2.066
1.678
1.014
0.206
-0.615
-1.286
-1.683
-1.841
-1.891
-1.876
-1.723
-1.419
-1.047
-0.648
-0.322
-0.154
-0.172
-0.374
-0.721
-1.059
-1.145
-0.954
-0.58
-0.079
0.44
0.728
0.596
0.084
-0.623
-1.258
-1.658
-1.844
-1.862
-1.851
-1.93
-2.105
-2.356
-2.638
-2.917
-3.182
-3.47
-3.824
-4.166
-4.278
-4.094
-3.672
-3.112
-2.556
-2.021
-1.488
-1.032
-0.642
-0.172
0.512
1.388
2.27
2.959
3.407
3.666
3.774
3.681
3.468
3.402
3.686
4.173
4.633
4.965
5.167
5.242
5.183
4.956
4.625
4.334
4.191
4.191
4.28
4.455
4.747
5.146
5.466
5.521
5.398
5.389
5.58
5.911
6.373
6.981
7.603
8.047
8.211
8.023
7.603
7.202
6.898
6.582
6.167
5.681
5.135
4.55
3.852
2.959
2.021
1.218
0.533
-0.217
-1.059
-1.751
-2.114
-2.19
-2.168
-2.211
-2.283
-2.273
-2.216
-2.182
-2.097
-1.882
-1.497
-0.898
-0.122
0.665
1.356
1.828
1.996
1.898
1.653
1.431
1.413
1.605
1.866
2.082
2.343
2.749
3.266
3.765
4.108
4.23
4.199
4.096
4.044
4.06
4.176
4.503
5.131
5.872
6.544
7.161
7.785
8.363
8.696
8.657
8.399
8.236
8.313
8.657
9.24
9.959
10.652
11.155
11.369
11.259
10.842
10.236
9.676
9.229
8.71
8.068
7.535
7.276
7.149
6.991
6.85
6.809
6.814
6.687
6.326
5.89
5.548
5.328
5.196
5.203
5.439
5.834
6.19
6.383
6.394
6.335
6.353
6.512
6.714
6.762
6.603
6.38
6.242
6.212
6.258
6.505
6.993
7.549
7.993
8.256
8.378
8.442
8.492
8.529
8.501
8.401
8.279
8.059
7.698
7.297
6.995
6.825
6.764
6.768
6.764
6.709
6.609
6.43
6.197
5.931
5.641
5.328
5.008
4.679
4.287
3.899
3.754
3.912
4.187
4.432
4.611
4.656
4.478
4.158
3.801
3.386
2.897
2.402
2.009
1.818
1.853
1.971
2.021
1.977
1.812
1.49
1.043
0.596
0.344
0.39
0.547
0.599
0.589
0.694
0.914
0.979
0.694
0.251
-0.115
-0.386
-0.587
-0.667
-0.56
-0.243
0.165
0.596
0.934
1.052
0.921
0.71
0.499
0.227
-0.054
-0.124
0.134
0.458
0.551
0.516
0.648
0.984
1.311
1.492
1.678
2.114
2.733
3.23
3.445
3.522
3.656
3.779
3.661
3.228
2.735
2.529
2.701
3.132
3.711
4.371
5.01
5.382
5.239
4.656
4.001
3.531
3.289
3.18
3.1
3.021
3.012
3.083
3.143
3.164
3.223
3.298
3.298
3.261
3.314
3.468
3.615
3.602
3.472
3.364
3.336
3.318
3.243
3.184
3.296
3.658
4.234
4.819
5.237
5.555
5.8
5.879
5.704
5.423
5.301
5.428
5.577
5.464
5.028
4.416
3.824
3.362
2.99
2.688
2.538
2.565
2.622
2.581
2.442
2.395
2.477
2.56
2.488
2.223
1.874
1.578
1.406
1.388
1.615
2.095
2.626
2.965
3.073
3.112
3.228
3.475
3.776
4.085
4.455
4.751
4.638
3.992
3.012
2.052
1.316
0.801
0.437
0.272
0.392
0.755
1.159
1.39
1.506
1.705
1.971
2.027
1.781
1.406
1.113
0.954
0.932
1.039
1.265
1.494
1.612
1.603
1.542
1.542
1.649
1.81
1.939
1.871
1.502
0.923
0.217
-0.601
-1.477
-2.259
-2.787
-3.121
-3.455
-3.897
-4.264
-4.402
-4.391
-4.38
-4.266
-3.974
-3.563
-3.135
-2.68
-2.168
-1.494
-0.68
0.031
0.426
0.494
0.283
-0.124
-0.56
-0.853
-0.916
-0.744
-0.378
0.084
0.607
1.057
1.32
1.291
0.946
0.481
0.065
-0.258
-0.442
-0.519
-0.558
-0.592
-0.623
-0.605
-0.406
0.014
0.596
1.188
1.725
2.268
2.776
3.143
3.37
3.517
3.62
3.661
3.69
3.783
4.038
4.432
4.867
5.282
5.734
6.239
6.702
6.979
6.959
6.65
6.226
5.863
5.58
5.289
4.956
4.706
4.62
4.623
4.568
4.482
4.584
4.958
5.402
5.702
5.952
6.38
7.011
7.703
8.392
9.227
10.221
11.112
11.636
11.765
11.595
11.23
10.781
10.318
9.93
9.763
9.831
10.005
10.255
10.654
11.196
11.724
12.02
12.013
11.749
11.352
10.978
10.74
10.652
10.718
10.949
11.294
11.611
11.779
11.765
11.568
11.168
10.66
10.189
9.81
9.463
9.116
8.708
8.175
7.528
6.809
6.179
5.77
5.591
5.516
5.382
5.098
4.761
4.478
4.209
3.903
3.538
3.176
2.817
2.388
1.889
1.381
0.973
0.66
0.392
0.147
-0.09
-0.351
-0.653
-0.957
-1.268
-1.617
-1.994
-2.322
-2.552
-2.751
-3.01
-3.273
-3.429
-3.364
-3.06
-2.552
-1.937
-1.353
-0.995
-0.968
-1.225
-1.615
-1.921
-1.969
-1.705
-1.223
-0.692
-0.2
0.22
0.514
0.592
0.496
0.44
0.535
0.642
0.632
0.653
0.925
1.469
2.097
2.701
3.339
3.974
4.423
4.566
4.548
4.684
5.131
5.743
6.26
6.642
7.024
7.32
7.283
6.918
6.571
6.51
6.745
7.086
7.301
7.2
6.777
6.208
5.619
5.101
4.749
4.664
4.777
4.974
5.137
5.214
5.185
5.098
4.958
4.677
4.162
3.438
2.635
2.007
1.737
1.789
2.012
2.263
2.424
2.44
2.263
1.814
1.161
0.535
0.024
-0.451
-0.971
-1.458
-1.81
-2.05
-2.286
-2.495
-2.595
-2.585
-2.608
-2.719
-2.876
-3.025
-3.198
-3.468
-3.833
-4.128
-4.239
-4.237
-4.317
-4.498
-4.582
-4.493
-4.375
-4.396
-4.532
-4.684
-4.84
-5.063
-5.355
-5.532
-5.369
-4.842
-4.187
-3.622
-3.162
-2.76
-2.463
-2.397
-2.599
-2.872
-2.962
-2.883
-2.738
-2.515
-2.211
-1.871
-1.61
-1.497
-1.565
-1.74
-1.839
-1.781
-1.71
-1.748
-1.751
-1.522
-1.154
-0.919
-0.936
-1.088
-1.188
-1.193
-1.209
-1.233
-1.147
-0.875
-0.599
-0.599
-0.905
-1.37
-1.891
-2.495
-3.23
-4.001
-4.586
-4.84
-4.833
-4.709
-4.593
-4.503
-4.45
-4.486
-4.666
-4.968
-5.267
-5.453
-5.541
-5.627
-5.691
-5.668
-5.575
-5.439
-5.305
-5.276
-5.367
-5.441
-5.498
-5.584
-5.623
-5.446
-5.017
-4.473
-3.969
-3.568
-3.191
-2.821
-2.5
-2.273
-2.163
-2.173
-2.213
-2.213
-2.18
-2.084
-1.821
-1.411
-0.964
-0.589
-0.353
-0.202
-0.02
0.202
0.388
0.503
0.582
0.716
0.959
1.283
1.558
1.753
2.007
2.366
2.751
3.089
3.418
3.872
4.498
5.056
5.314
5.312
5.212
5.053
4.745
4.176
3.375
2.567
1.973
1.572
1.14
0.605
0.084
-0.413
-0.986
-1.708
-2.508
-3.205
-3.663
-3.915
-4.11
-4.341
-4.641
-4.995
-5.278
-5.362
-5.296
-5.158
-4.958
-4.74
-4.545
-4.427
-4.489
-4.829
-5.43
-6.076
-6.623
-7.07
-7.36
-7.401
-7.227
-6.911
-6.516
-6.154
-5.927
-5.84
-5.811
-5.766
-5.754
-5.693
-5.348
-4.602
-3.579
-2.465
-1.424
-0.569
0.061
0.408
0.483
0.442
0.544
0.793
1.007
1.229
1.583
1.969
2.2
2.207
2.08
1.898
1.651
1.363
1.138
1.07
1.159
1.291
1.331
1.288
1.304
1.483
1.814
2.128
2.273
2.349
2.502
2.638
2.577
2.263
1.839
1.44
1.057
0.619
0.158
-0.202
-0.388
-0.46
-0.533
-0.773
-1.304
-2.043
-2.828
-3.465
-3.915
-4.298
-4.711
-5.036
-5.069
-4.908
-4.745
-4.573
-4.261
-3.794
-3.372
-3.216
-3.266
-3.277
-3.157
-2.957
-2.785
-2.706
-2.771
-2.935
-3.173
-3.513
-3.945
-4.387
-4.699
-4.774
-4.736
-4.865
-5.255
-5.847
-6.611
-7.519
-8.469
-9.345
-9.987
-10.221
-10.077
-9.808
-9.608
-9.368
-8.928
-8.345
-7.818
-7.462
-7.169
-6.797
-6.337
-5.9
-5.421
-4.754
-3.819
-2.779
-1.991
-1.748
-2.012
-2.511
-2.973
-3.284
-3.407
-3.364
-3.135
-2.708
-2.241
-1.948
-1.846
-1.783
-1.622
-1.318
-0.923
-0.458
0.111
0.748
1.254
1.615
2.08
2.767
3.545
4.214
4.709
5.049
5.303
5.398
5.201
4.751
4.173
3.588
2.91
1.898
0.605
-0.576
-1.349
-1.805
-2.283
-2.939
-3.613
-4.071
-4.371
-4.759
-5.301
-5.832
-6.154
-6.244
-6.301
-6.489
-6.73
-6.811
-6.637
-6.305
-5.96
-5.629
-5.181
-4.645
-4.237
-4.069
-4.035
-4.038
-4.101
-4.314
-4.668
-5.019
-5.26
-5.382
-5.423
-5.369
-5.249
-5.131
-5.135
-5.287
-5.487
-5.605
-5.611
-5.503
-5.253
-4.749
-3.947
-2.935
-1.923
-1.147
-0.635
-0.333
-0.165
0.082
0.539
1.12
1.665
2.136
2.613
3.221
3.92
4.473
4.679
4.593
4.427
4.282
4.101
3.799
3.468
3.184
2.796
2.141
1.397
0.785
0.238
-0.419
-1.157
-1.703
-1.871
-1.794
-1.73
-1.787
-1.98
-2.261
-2.642
-3.125
-3.6
-4.033
-4.475
-4.94
-5.377
-5.784
-6.163
-6.518
-6.983
-7.725
-8.73
-9.781
-10.69
-11.416
-12.044
-12.55
-12.797
-12.706
-12.339
-11.92
-11.716
-11.836
-12.148
-12.355
-12.285
-12.09
-12.128
-12.394
-12.623
-12.596
-12.394
-12.158
-11.827
-11.205
-10.334
-9.511
-8.973
-8.589
-8.238
-8.079
-8.231
-8.454
-8.376
-7.93
-7.231
-6.38
-5.433
-4.548
-3.93
-3.593
-3.457
-3.414
-3.404
-3.414
-3.366
-3.168
-2.776
-2.223
-1.587
-1.016
-0.609
-0.419
-0.299
-0.142
-0.061
-0.127
-0.235
-0.285
-0.288
-0.285
-0.202
0.074
0.526
0.914
1.111
1.163
1.227
1.386
1.605
1.803
1.984
2.193
2.404
2.688
3.166
3.822
4.54
5.174
5.607
5.847
5.991
6.074
5.94
5.453
4.704
3.99
3.343
2.504
1.302
-0.024
-1.118
-1.989
-2.969
-4.187
-5.521
-6.764
-7.771
-8.549
-9.306
-10.105
-10.833
-11.402
-11.96
-12.782
-13.902
-15.021
-15.767
-16.12
-16.318
-16.467
-16.476
-16.361
-16.379
-16.758
-17.491
-18.328
-19.049
-19.598
-20.043
-20.335
-20.301
-19.886
-19.296
-18.801
-18.377
-17.844
-17.271
-16.93
-16.848
-16.635
-15.943
-14.9
-13.836
-12.863
-11.894
-10.908
-9.994
-9.275
-8.758
-8.285
-7.582
-6.591
-5.414
-4.241
-3.143
-2.13
-1.19
-0.394
0.181
0.553
0.878
1.258
1.612
1.866
2.097
2.418
2.86
3.302
3.629
3.885
4.194
4.55
4.899
5.196
5.505
5.895
6.278
6.491
6.523
6.425
6.206
5.893
5.491
4.974
4.461
4.078
3.779
3.418
2.853
2.064
1.274
0.716
0.326
-0.113
-0.655
-1.2
-1.746
-2.456
-3.329
-4.126
-4.697
-4.981
-5.024
-4.908
-4.629
-4.219
-3.81
-3.409
-2.978
-2.484
-1.942
-1.388
-0.916
-0.578
-0.344
-0.049
0.419
0.975
1.444
1.869
2.366
2.932
3.422
3.688
3.817
4.023
4.459
5.094
5.759
6.287
6.709
7.172
7.735
8.211
8.431
8.483
8.524
8.564
8.463
8.14
7.766
7.61
7.746
8.027
8.261
8.368
8.295
7.938
7.247
6.28
5.199
4.171
3.259
2.334
1.227
0.054
-0.78
-1.147
-1.444
-2.136
-3.15
-4.03
-4.498
-4.709
-4.867
-4.883
-4.568
-3.924
-3.189
-2.587
-2.213
-1.991
-1.942
-2.186
-2.717
-3.141
-3.06
-2.477
-1.767
-1.286
-1.12
-1.037
-0.866
-0.816
-0.995
-1.236
-1.316
-1.154
-0.851
-0.458
0.061
0.733
1.318
1.469
1.1
0.514
0.167
0.313
0.891
1.649
2.386
3.191
4.101
4.813
5.013
4.736
4.334
3.901
3.173
2.062
0.95
0.378
0.465
0.782
0.898
0.866
0.927
1.064
1.184
1.236
1.186
1.029
0.83
0.621
0.347
0.014
-0.268
-0.462
-0.632
-0.782
-0.961
-1.161
-1.32
-1.547
-2.043
-2.692
-3.148
-3.316
-3.257
-3.118
-2.982
-2.833
-2.678
-2.522
-2.391
-2.386
-2.531
-2.66
-2.67
-2.54
-2.188
-1.442
-0.272
1.13
2.402
3.298
3.774
3.84
3.577
3.189
3.032
3.286
3.729
3.953
3.852
3.701
3.688
3.658
3.438
3.085
2.839
2.821
2.93
3.069
3.336
3.912
4.799
5.739
6.448
6.868
7.124
7.38
7.682
7.891
7.934
7.936
7.918
7.871
7.714
7.276
6.632
6.187
6.086
6.108
6.115
6.006
5.791
5.475
4.926
4.051
3.083
2.356
1.733
1.07
0.56
0.399
0.406
0.406
0.444
0.558
0.798
1.172
1.481
1.51
1.515
1.866
2.574
3.404
4.087
4.503
4.761
4.94
4.94
4.897
4.976
5.126
5.216
5.171
4.943
4.511
4.008
3.588
3.293
2.88
2.241
1.653
1.367
1.24
0.855
-0.011
-1.082
-1.764
-1.849
-1.665
-1.544
-1.481
-1.225
-0.662
0.006
0.479
0.619
0.419
0.018
-0.426
-0.884
-1.372
-1.796
-1.964
-1.923
-1.973
-2.456
-3.334
-4.273
-5.123
-5.96
-6.838
-7.514
-7.512
-6.841
-6.011
-5.389
-4.958
-4.656
-4.495
-4.593
-4.933
-5.181
-4.899
-3.99
-2.645
-1.209
0.009
0.93
1.587
1.946
2.021
1.894
1.76
1.826
2.153
2.618
3.13
3.579
3.724
3.35
2.558
1.769
1.379
1.356
1.431
1.438
1.506
1.844
2.286
2.402
2.021
1.479
1.215
1.361
1.812
2.399
3.046
3.804
4.563
4.897
4.525
3.666
2.819
2.252
1.821
1.397
1.059
1.052
1.361
1.578
1.293
0.64
-0.057
-0.702
-1.381
-2.082
-2.647
-2.858
-2.613
-2.097
-1.667
-1.551
-1.733
-2.03
-2.295
-2.529
-2.872
-3.314
-3.681
-3.872
-4.008
-4.189
-4.473
-4.931
-5.571
-6.262
-6.898
-7.503
-8.129
-8.728
-9.229
-9.56
-9.683
-9.617
-9.426
-9.218
-9.064
-8.934
-8.783
-8.556
-8.275
-8.045
-7.957
-8.059
-8.354
-8.767
-9.118
-9.243
-9.059
-8.64
-8.136
-7.626
-7.186
-6.925
-6.921
-7.079
-7.2
-7.177
-6.934
-6.444
-5.797
-5.226
-4.922
-4.867
-4.861
-4.724
-4.364
-3.699
-2.763
-1.715
-0.64
0.386
1.252
1.903
2.472
3.087
3.525
3.455
2.949
2.379
2.06
2.145
2.572
3.193
3.822
4.348
4.693
4.743
4.359
3.683
3.05
2.674
2.436
2.016
1.361
0.651
-0.011
-0.719
-1.519
-2.277
-2.728
-2.831
-2.858
-3.105
-3.581
-4.08
-4.452
-4.618
-4.661
-4.797
-5.149
-5.673
-6.239
-6.718
-7.086
-7.433
-7.798
-8.163
-8.608
-9.168
-9.713
-10.048
-10.114
-10.017
-9.851
-9.631
-9.386
-9.193
-9.168
-9.372
-9.624
-9.667
-9.302
-8.599
-7.814
-7.095
-6.469
-5.965
-5.689
-5.586
-5.294
-4.54
-3.389
-2.188
-1.225
-0.499
0.177
0.911
1.63
2.112
2.155
1.871
1.583
1.547
1.98
2.942
4.224
5.514
6.469
6.861
6.698
6.19
5.627
5.251
5.131
5.271
5.661
6.136
6.417
6.319
5.802
5.017
4.246
3.754
3.517
3.35
3.15
2.965
2.817
2.663
2.456
2.141
1.68
1.102
0.487
0.018
-0.099
0.165
0.682
1.198
1.438
1.379
1.147
0.861
0.535
0.202
-0.049
0.006
0.421
0.939
1.211
1.027
0.442
-0.32
-1.111
-1.944
-2.642
-2.872
-2.502
-1.771
-0.973
-0.258
0.376
0.991
1.384
1.265
0.737
0.283
0.317
0.93
1.864
2.839
3.781
4.582
4.915
4.598
3.833
3.139
2.926
3.1
3.336
3.624
4.11
4.659
4.842
4.507
3.862
3.191
2.572
1.911
1.27
0.88
0.805
0.798
0.719
0.735
0.998
1.444
1.889
2.093
2.023
1.833
1.665
1.506
1.281
0.959
0.675
0.485
0.331
0.213
0.222
0.483
1.004
1.572
1.903
1.948
1.801
1.506
1.152
0.919
0.873
0.979
1.113
1.213
1.379
1.719
2.163
2.56
2.826
2.987
3.062
3.125
3.211
3.364
3.724
4.368
5.103
5.616
5.774
5.714
5.634
5.632
5.616
5.559
5.656
6.024
6.419
6.466
6.101
5.648
5.405
5.448
5.573
5.629
5.666
5.807
6.02
6.136
5.986
5.573
5.088
4.591
4.048
3.581
3.438
3.668
3.976
3.999
3.61
2.967
2.261
1.51
0.628
-0.215
-0.702
-0.848
-0.986
-1.353
-1.816
-2.195
-2.52
-2.99
-3.583
-4.06
-4.269
-4.275
-4.228
-4.239
-4.278
-4.194
-3.901
-3.545
-3.296
-3.06
-2.688
-2.188
-1.642
-1.057
-0.342
0.492
1.193
1.519
1.488
1.302
1.125
1.102
1.302
1.742
2.372
3.214
4.205
5.162
5.952
6.662
7.469
8.383
9.284
10.118
10.937
11.774
12.536
13.078
13.398
13.664
14.008
14.408
14.727
14.913
14.966
14.9
14.719
14.324
13.614
12.553
11.153
9.583
8.168
7.159
6.679
6.646
6.772
6.818
6.777
6.677
6.46
6.113
5.772
5.664
5.838
6.117
6.265
6.169
5.867
5.475
5.156
5.017
4.978
4.92
4.85
4.838
4.895
4.97
5.09
5.274
5.443
5.543
5.627
5.825
6.274
6.923
7.569
8.004
8.206
8.179
7.959
7.687
7.453
7.303
7.399
7.859
8.56
9.263
9.835
10.246
10.472
10.368
9.796
8.833
7.839
7.12
6.594
6.131
5.809
5.72
5.743
5.616
5.26
4.784
4.185
3.445
2.706
2.155
1.884
1.73
1.361
0.702
-0.043
-0.657
-1.039
-1.177
-1.17
-1.02
-0.621
-0.052
0.342
0.374
0.152
-0.17
-0.582
-1.132
-1.794
-2.42
-2.851
-3.042
-3.039
-2.831
-2.368
-1.805
-1.458
-1.481
-1.73
-1.903
-1.849
-1.608
-1.223
-0.644
0.077
0.63
0.843
0.886
0.944
1.074
1.272
1.411
1.401
1.499
1.944
2.574
3.08
3.488
4.008
4.768
5.563
5.925
5.681
5.103
4.5
3.899
3.241
2.525
1.876
1.446
1.165
0.975
1.027
1.578
2.577
3.663
4.457
4.779
4.724
4.534
4.391
4.319
4.387
4.704
5.187
5.58
5.666
5.478
5.271
5.244
5.205
4.842
4.144
3.286
2.302
1.215
0.243
-0.34
-0.462
-0.317
-0.279
-0.465
-0.617
-0.496
-0.197
0.09
0.449
1.079
1.964
2.824
3.395
3.744
4.153
4.751
5.373
5.852
6.165
6.274
6.126
5.666
4.847
3.947
3.441
3.411
3.445
3.214
2.858
2.62
2.434
2.163
1.794
1.34
0.909
0.635
0.471
0.374
0.426
0.73
1.198
1.585
1.812
1.98
2.17
2.306
2.361
2.497
2.876
3.434
3.942
4.162
4.101
3.892
3.529
2.996
2.436
2.004
1.705
1.388
0.946
0.458
0.049
-0.331
-0.801
-1.384
-1.982
-2.517
-3.112
-3.854
-4.579
-5.022
-5.071
-4.761
-4.3
-3.926
-3.656
-3.375
-3.091
-2.899
-2.758
-2.62
-2.447
-2.268
-2.143
-2.125
-2.12
-1.984
-1.649
-1.147
-0.528
0.097
0.605
0.914
0.93
0.671
0.326
-0.004
-0.388
-0.828
-1.111
-1.052
-0.689
-0.134
0.51
1.17
1.717
2.082
2.268
2.263
2.173
2.186
2.376
2.567
2.622
2.554
2.486
2.459
2.467
2.445
2.302
2.037
1.801
1.667
1.504
1.238
0.991
0.921
0.954
0.939
0.841
0.746
0.735
0.798
0.9
0.909
0.746
0.433
0.027
-0.383
-0.68
-0.841
-0.762
-0.256
0.671
1.756
2.694
3.291
3.52
3.434
3.093
2.583
1.991
1.376
0.778
0.32
0.19
0.483
1.045
1.622
2.039
2.277
2.391
2.374
2.163
1.796
1.438
1.245
1.27
1.419
1.497
1.512
1.651
1.957
2.311
2.699
3.228
3.897
4.478
4.691
4.495
4.11
3.79
3.543
3.359
3.384
3.756
4.391
5.146
5.925
6.598
7.127
7.549
7.861
7.996
7.991
7.993
8.132
8.349
8.451
8.331
8.093
7.876
7.617
7.109
6.419
5.856
5.573
5.433
5.287
5.135
5.149
5.462
6.018
6.601
7.107
7.587
8.084
8.558
8.901
9.095
9.159
9.077
8.885
8.653
8.401
8.111
7.8
7.564
7.46
7.419
7.202
6.659
5.802
4.72
3.538
2.379
1.345
0.547
0.027
-0.247
-0.276
-0.079
0.268
0.705
1.113
1.379
1.504
1.57
1.63
1.644
1.542
1.413
1.329
1.268
1.177
1.116
1.231
1.676
2.363
3.039
3.561
3.98
4.323
4.396
4.062
3.452
2.866
2.413
2.043
1.649
1.215
0.853
0.653
0.585
0.499
0.315
0.152
0.181
0.435
0.801
1.223
1.808
2.579
3.354
3.897
4.128
4.131
3.976
3.654
3.196
2.749
2.402
2.205
2.089
1.944
1.756
1.576
1.433
1.324
1.202
0.939
0.514
0.057
-0.376
-0.861
-1.429
-1.967
-2.363
-2.653
-2.907
-3.155
-3.289
-3.207
-2.939
-2.552
-2.06
-1.572
-1.256
-1.186
-1.349
-1.676
-2.039
-2.314
-2.445
-2.484
-2.517
-2.54
-2.556
-2.624
-2.756
-2.914
-3.098
-3.273
-3.386
-3.475
-3.577
-3.638
-3.606
-3.517
-3.416
-3.372
-3.432
-3.455
-3.289
-2.939
-2.449
-1.808
-1.041
-0.324
0.206
0.519
0.71
0.93
1.293
1.798
2.432
3.157
3.815
4.178
4.119
3.683
2.944
2.062
1.297
0.891
0.793
0.891
1.116
1.367
1.539
1.535
1.336
1.012
0.714
0.599
0.705
1.016
1.502
2.066
2.556
2.894
3.055
2.957
2.647
2.273
1.95
1.781
1.791
1.898
1.93
1.798
1.485
0.993
0.317
-0.471
-1.349
-2.266
-3.105
-3.742
-4.139
-4.368
-4.557
-4.888
-5.421
-5.993
-6.451
-6.759
-6.915
-6.921
-6.802
-6.662
-6.616
-6.657
-6.691
-6.721
-6.83
-7.02
-7.152
-7.076
-6.679
-5.958
-5.078
-4.4
-4.168
-4.323
-4.641
-4.945
-5.187
-5.269
-5.003
-4.389
-3.774
-3.488
-3.52
-3.674
-3.842
-3.978
-3.987
-3.788
-3.432
-3.021
-2.552
-1.998
-1.529
-1.243
-1.047
-0.807
-0.508
-0.202
0.12
0.562
1.116
1.665
2.202
2.719
3.107
3.255
3.118
2.756
2.27
1.744
1.297
1.012
0.839
0.605
0.152
-0.594
-1.499
-2.306
-2.876
-3.248
-3.459
-3.461
-3.318
-3.073
-2.724
-2.309
-1.905
-1.481
-1.002
-0.549
-0.274
-0.274
-0.41
-0.426
-0.358
-0.544
-1.082
-1.698
-2.175
-2.549
-2.919
-3.321
-3.697
-3.928
-3.937
-3.801
-3.774
-3.965
-4.264
-4.45
-4.359
-4.028
-3.556
-2.939
-2.166
-1.502
-1.297
-1.524
-1.866
-2.06
-2.107
-2.052
-1.841
-1.353
-0.572
0.301
1.007
1.424
1.581
1.51
1.198
0.621
-0.15
-0.88
-1.37
-1.612
-1.778
-1.987
-2.182
-2.339
-2.533
-2.783
-2.917
-2.771
-2.467
-2.254
-2.304
-2.549
-2.799
-3.028
-3.384
-3.796
-4.038
-4.01
-3.849
-3.668
-3.477
-3.314
-3.291
-3.515
-3.978
-4.573
-5.135
-5.557
-5.85
-6.036
-6.09
-5.965
-5.707
-5.528
-5.677
-6.185
-6.745
-7.124
-7.267
-7.179
-6.8
-6.129
-5.274
-4.418
-3.622
-2.869
-2.211
-1.703
-1.367
-1.095
-0.75
-0.353
0.02
0.444
0.932
1.329
1.535
1.558
1.517
1.553
1.719
1.959
2.221
2.415
2.379
1.982
1.345
0.615
-0.086
-0.609
-0.778
-0.607
-0.263
0.206
0.798
1.395
1.758
1.814
1.74
1.767
1.864
1.871
1.846
1.939
2.052
2.084
2.118
2.223
2.281
2.064
1.465
0.75
0.279
0.2
0.344
0.451
0.394
0.167
-0.272
-0.95
-1.592
-1.821
-1.583
-1.159
-0.823
-0.64
-0.615
-0.702
-0.773
-0.766
-0.789
-0.911
-0.991
-0.809
-0.365
0.167
0.665
1.163
1.671
2.102
2.325
2.143
1.57
0.954
0.617
0.612
0.801
1.039
1.256
1.431
1.438
1.152
0.725
0.512
0.771
1.386
1.894
2.032
1.93
1.816
1.703
1.46
1.211
1.167
1.34
1.526
1.61
1.612
1.63
1.615
1.456
1.091
0.572
-0.027
-0.725
-1.615
-2.638
-3.465
-3.844
-3.815
-3.706
-3.779
-3.982
-4.158
-4.352
-4.686
-5.028
-5.228
-5.36
-5.586
-5.96
-6.371
-6.609
-6.662
-6.652
-6.673
-6.659
-6.505
-6.217
-5.915
-5.772
-5.925
-6.373
-6.963
-7.456
-7.752
-7.93
-8.097
-8.318
-8.504
-8.667
-8.909
-9.22
-9.515
-9.787
-10.028
-10.209
-10.23
-9.955
-9.352
-8.651
-8.102
-7.768
-7.499
-7.174
-6.85
-6.625
-6.541
-6.546
-6.489
-6.276
-6.006
-5.768
-5.582
-5.398
-5.135
-4.809
-4.509
-4.16
-3.681
-3.207
-2.921
-2.939
-3.159
-3.352
-3.463
-3.556
-3.543
-3.304
-2.849
-2.304
-1.937
-1.816
-1.855
-1.948
-2.073
-2.261
-2.535
-2.756
-2.874
-3.017
-3.216
-3.352
-3.302
-3.098
-2.919
-2.965
-3.205
-3.441
-3.55
-3.593
-3.679
-3.819
-3.885
-3.788
-3.636
-3.597
-3.74
-3.92
-3.987
-3.958
-3.942
-4.015
-4.189
-4.42
-4.691
-5.083
-5.536
-5.763
-5.561
-5.081
-4.604
-4.266
-3.996
-3.645
-3.207
-2.86
-2.751
-2.824
-2.937
-3.005
-3.007
-2.903
-2.686
-2.432
-2.193
-2.068
-2.15
-2.424
-2.771
-3.003
-3.005
-2.779
-2.368
-1.805
-1.211
-0.898
-1.095
-1.715
-2.434
-3.073
-3.67
-4.255
-4.779
-5.267
-5.648
-5.988
-6.367
-6.766
-7.149
-7.601
-8.059
-8.293
-8.2
-7.834
-7.299
-6.814
-6.619
-6.784
-7.115
-7.415
-7.73
-8.059
-8.233
-8.025
-7.476
-6.83
-6.307
-5.895
-5.514
-5.216
-5.185
-5.493
-5.94
-6.204
-6.187
-6.169
-6.448
-6.895
-7.145
-7.09
-6.943
-6.861
-6.712
-6.299
-5.577
-4.749
-4.094
-3.713
-3.482
-3.424
-3.742
-4.457
-5.237
-5.652
-5.566
-5.303
-5.16
-5.191
-5.267
-5.216
-5.067
-5.11
-5.48
-5.925
-6.084
-5.995
-5.949
-6.065
-6.294
-6.611
-7.018
-7.508
-8.009
-8.383
-8.578
-8.653
-8.687
-8.787
-8.961
-9.034
-8.851
-8.499
-8.159
-7.918
-7.644
-7.194
-6.714
-6.532
-6.607
-6.578
-6.319
-6.022
-5.712
-5.133
-4.162
-3.089
-2.227
-1.599
-1.079
-0.635
-0.258
-0.004
-0.002
-0.086
0.031
0.333
0.609
0.758
0.952
1.474
2.225
2.828
2.937
2.721
2.814
3.573
4.679
5.693
6.476
7.008
7.462
7.896
8.091
8.014
7.866
7.866
8.004
8.14
8.217
8.336
8.481
8.572
8.488
8.029
7.274
6.582
6.167
6.006
5.963
5.867
5.648
5.419
5.247
5.033
4.666
4.207
3.98
4.121
4.364
4.457
4.425
4.375
4.455
4.679
4.822
4.763
4.618
4.54
4.532
4.464
4.327
4.264
4.307
4.371
4.364
4.3
4.269
4.305
4.402
4.623
5.076
5.695
6.076
5.931
5.371
4.668
3.969
3.214
2.404
1.753
1.372
1.097
0.814
0.46
0.049
-0.454
-1.147
-1.95
-2.733
-3.429
-3.912
-4.033
-3.883
-3.561
-3.046
-2.442
-2.091
-2.327
-3.066
-3.928
-4.641
-5.085
-5.121
-4.806
-4.491
-4.33
-4.241
-4.108
-3.842
-3.568
-3.527
-3.661
-3.715
-3.441
-2.858
-2.316
-2.021
-1.778
-1.365
-0.744
-0.131
0.249
0.553
1.152
1.903
2.477
2.88
3.443
4.357
5.353
5.875
5.8
5.621
5.884
6.591
7.22
7.32
6.959
6.532
6.299
6.177
6.022
5.861
5.881
6.212
6.675
6.865
6.634
6.365
6.394
6.446
6.101
5.342
4.5
3.84
3.334
2.819
2.238
1.753
1.578
1.712
1.914
2.089
2.316
2.608
2.874
2.985
2.905
2.787
2.66
2.27
1.431
0.417
-0.331
-0.682
-0.864
-1.157
-1.565
-1.821
-1.778
-1.562
-1.388
-1.295
-1.206
-0.981
-0.66
-0.489
-0.558
-0.535
-0.183
0.303
0.458
0.117
-0.336
-0.467
-0.32
-0.167
-0.045
0.324
1.079
1.911
2.391
2.445
2.309
2.298
2.517
2.624
2.295
1.733
1.409
1.431
1.597
1.674
1.671
1.756
2.037
2.418
2.728
2.828
2.758
2.574
2.281
1.901
1.572
1.37
1.306
1.247
1.066
0.791
0.628
0.741
1.082
1.39
1.492
1.49
1.542
1.567
1.551
1.646
1.835
1.837
1.535
1.097
0.768
0.537
0.274
-0.02
-0.188
-0.145
0.047
0.338
0.785
1.349
1.818
2.15
2.424
2.562
2.497
2.397
2.422
2.703
3.128
3.391
3.424
3.357
3.246
3.057
2.735
2.415
2.343
2.508
2.81
3.255
3.738
4.005
3.881
3.37
2.701
2.275
2.193
2.295
2.513
2.781
3.007
3.135
3.075
2.776
2.268
1.565
0.823
0.279
0.095
0.24
0.558
0.768
0.696
0.331
-0.19
-0.696
-1.161
-1.685
-2.163
-2.409
-2.318
-1.955
-1.544
-1.272
-1.167
-1.054
-0.843
-0.719
-0.88
-1.193
-1.404
-1.417
-1.299
-1.218
-1.247
-1.313
-1.454
-1.874
-2.511
-3.123
-3.536
-3.67
-3.457
-2.949
-2.345
-1.874
-1.671
-1.794
-2.218
-2.785
-3.279
-3.552
-3.583
-3.434
-3.2
-3.01
-2.914
-2.957
-3.148
-3.434
-3.767
-4.055
-4.261
-4.414
-4.382
-4.001
-3.429
-2.978
-2.81
-2.88
-3.098
-3.459
-4.013
-4.627
-5.056
-5.14
-4.881
-4.511
-4.266
-4.135
-3.949
-3.717
-3.658
-3.926
-4.377
-4.797
-5.146
-5.523
-5.972
-6.442
-6.814
-6.959
-6.959
-6.991
-7.029
-6.954
-6.694
-6.337
-6.133
-6.192
-6.305
-6.415
-6.709
-7.328
-8.086
-8.69
-9.041
-9.273
-9.527
-9.763
-9.771
-9.558
-9.35
-9.331
-9.436
-9.549
-9.519
-9.25
-8.792
-8.227
-7.537
-6.718
-5.893
-5.257
-4.863
-4.538
-4.151
-3.837
-3.679
-3.556
-3.269
-2.874
-2.613
-2.554
-2.442
-2.037
-1.347
-0.582
0.113
0.728
1.223
1.458
1.345
0.857
0.163
-0.303
-0.258
0.12
0.467
0.723
1.077
1.592
2.087
2.376
2.604
2.994
3.42
3.495
2.973
2.027
1.127
0.615
0.524
0.644
0.76
0.705
0.433
-0.014
-0.702
-1.771
-3.042
-4.01
-4.507
-4.867
-5.441
-6.262
-7.224
-8.182
-9.041
-9.753
-10.339
-10.912
-11.672
-12.654
-13.686
-14.483
-14.895
-14.843
-14.315
-13.576
-13.002
-12.761
-12.799
-12.902
-12.793
-12.323
-11.708
-11.185
-10.806
-10.567
-10.439
-10.356
-10.298
-10.296
-10.3
-10.071
-9.401
-8.374
-7.322
-6.417
-5.593
-4.817
-4.196
-3.906
-4.053
-4.568
-5.199
-5.707
-5.893
-5.553
-4.586
-3.193
-1.683
-0.308
0.737
1.388
1.703
1.878
2.095
2.395
2.653
2.806
2.944
3.196
3.649
4.292
4.958
5.396
5.385
4.858
4.098
3.522
3.284
3.316
3.717
4.466
5.151
5.307
4.833
3.994
3.123
2.363
1.846
1.671
1.705
1.758
1.791
1.876
1.953
1.914
1.896
2.168
2.701
3.186
3.511
3.881
4.362
4.784
5.026
5.119
5.11
4.838
4.131
3.186
2.432
2.118
2.225
2.581
2.967
3.216
3.216
2.978
2.699
2.465
2.175
1.805
1.474
1.265
1.157
1.064
1.074
1.25
1.365
1.132
0.623
0.093
-0.274
-0.413
-0.444
-0.403
-0.17
0.24
0.562
0.558
0.17
-0.435
-0.878
-0.971
-0.782
-0.487
-0.238
-0.047
0.022
-0.204
-0.696
-1.175
-1.34
-1.22
-1.136
-1.254
-1.417
-1.395
-1.145
-0.88
-0.71
-0.506
-0.224
-0.102
-0.381
-0.9
-1.326
-1.451
-1.297
-0.961
-0.426
0.272
0.981
1.506
1.723
1.712
1.692
1.721
1.701
1.587
1.401
1.268
1.338
1.56
1.74
1.801
1.857
2.068
2.415
2.649
2.653
2.688
3.014
3.529
3.978
4.362
4.844
5.462
6.056
6.544
6.961
7.355
7.737
8.045
8.209
8.254
8.297
8.349
8.444
8.574
8.63
8.569
8.474
8.411
8.283
8.043
7.78
7.508
7.036
6.317
5.443
4.563
3.801
3.139
2.545
2.064
1.769
1.592
1.44
1.324
1.283
1.297
1.361
1.406
1.331
1.093
0.818
0.667
0.692
0.828
0.966
1.009
0.959
0.916
0.993
1.136
1.233
1.206
1.125
1.018
0.878
0.63
0.313
0.131
0.288
0.692
1.138
1.533
1.844
1.987
1.98
1.869
1.698
1.658
1.998
2.765
3.822
5.01
6.199
7.299
8.248
9.023
9.572
9.916
10.148
10.345
10.547
10.749
11.019
11.375
11.699
11.869
11.824
11.534
10.962
10.211
9.426
8.778
8.313
8.009
7.816
7.755
7.843
7.952
7.938
7.785
7.585
7.442
7.435
7.564
7.828
8.161
8.395
8.508
8.585
8.601
8.479
8.184
7.816
7.524
7.276
6.966
6.757
6.841
7.09
7.317
7.458
7.553
7.659
7.735
7.735
7.773
7.979
8.295
8.569
8.649
8.572
8.395
8.163
7.839
7.444
7.034
6.689
6.448
6.272
6.099
5.945
5.845
5.879
5.974
5.963
5.815
5.643
5.453
5.191
4.867
4.629
4.677
4.881
4.96
4.817
4.532
4.212
3.974
3.86
3.887
4.083
4.359
4.536
4.5
4.237
3.824
3.357
2.892
2.481
2.202
1.957
1.64
1.365
1.345
1.542
1.844
2.229
2.667
3.032
3.216
3.291
3.327
3.282
3.223
3.284
3.465
3.701
3.926
4.092
4.141
4.164
4.244
4.307
4.164
3.629
2.831
2.073
1.512
1.167
1.086
1.297
1.651
1.98
2.2
2.277
2.19
2.016
1.944
2.075
2.334
2.574
2.711
2.851
3.057
3.296
3.552
3.915
4.327
4.645
4.809
4.827
4.759
4.679
4.534
4.275
3.98
3.794
3.842
4.128
4.486
4.799
5.038
5.108
4.856
4.28
3.556
2.864
2.429
2.327
2.429
2.562
2.633
2.649
2.56
2.213
1.667
1.136
0.795
0.675
0.667
0.644
0.68
0.981
1.529
2.128
2.719
3.327
3.937
4.423
4.629
4.566
4.398
4.289
4.196
3.885
3.318
2.711
2.207
1.81
1.542
1.415
1.508
1.839
2.241
2.463
2.49
2.486
2.549
2.622
2.64
2.608
2.538
2.545
2.767
3.164
3.62
4.135
4.677
5.144
5.468
5.639
5.686
5.625
5.405
4.972
4.344
3.711
3.277
2.992
2.587
2.046
1.637
1.526
1.603
1.676
1.712
1.764
1.798
1.696
1.451
1.311
1.56
2.2
2.937
3.42
3.488
3.273
3.007
2.835
2.758
2.635
2.347
1.971
1.715
1.725
1.916
2.093
2.213
2.339
2.411
2.281
1.805
1.009
0.059
-0.853
-1.617
-2.205
-2.577
-2.68
-2.552
-2.331
-2.141
-2.023
-1.878
-1.626
-1.329
-1.163
-1.318
-1.725
-2.087
-2.229
-2.145
-1.971
-1.855
-1.828
-1.962
-2.336
-2.801
-3.064
-3.075
-3.066
-3.2
-3.357
-3.404
-3.45
-3.726
-4.269
-4.802
-5.005
-4.915
-4.881
-5.01
-5.038
-4.751
-4.173
-3.522
-3.075
-2.887
-2.688
-2.254
-1.692
-1.186
-0.728
-0.07
0.952
2.148
3.143
3.813
4.43
5.171
5.847
6.247
6.423
6.696
7.194
7.657
7.803
7.789
8.018
8.551
9.021
9.091
8.769
8.285
7.839
7.471
7.194
7.12
7.315
7.762
8.329
8.932
9.511
10.128
10.933
11.879
12.65
13.065
13.258
13.367
13.33
13.061
12.607
12.183
11.906
11.686
11.409
11.117
10.872
10.583
10.012
9.134
8.2
7.451
6.923
6.512
6.163
5.904
5.863
6.056
6.353
6.586
6.644
6.523
6.31
6.074
5.774
5.464
5.326
5.498
5.854
6.158
6.328
6.51
6.865
7.254
7.31
6.993
6.611
6.36
6.131
5.815
5.539
5.464
5.598
5.809
5.965
6.065
6.19
6.353
6.473
6.476
6.351
6.179
5.977
5.646
5.115
4.518
4.028
3.674
3.377
3.093
2.853
2.665
2.463
2.157
1.814
1.592
1.622
1.828
2.032
2.153
2.163
2.032
1.688
1.097
0.451
-0.027
-0.383
-0.848
-1.492
-2.13
-2.556
-2.746
-2.851
-3.023
-3.205
-3.286
-3.203
-3.06
-2.962
-3.003
-3.052
-2.897
-2.626
-2.545
-2.701
-2.776
-2.502
-2.062
-1.764
-1.669
-1.605
-1.419
-1.12
-0.809
-0.592
-0.487
-0.483
-0.492
-0.449
-0.376
-0.317
-0.154
0.197
0.576
0.739
0.728
0.801
1.143
1.708
2.376
3.121
3.985
4.945
5.752
6.16
6.199
6.058
5.888
5.654
5.312
4.865
4.385
3.953
3.756
3.842
4.078
4.359
4.623
4.722
4.543
4.096
3.595
3.275
3.173
3.178
3.218
3.282
3.364
3.357
3.164
2.912
2.921
3.293
3.801
4.114
4.092
3.84
3.468
2.919
2.143
1.345
0.886
0.828
0.698
0.047
-1.025
-2.019
-2.699
-3.232
-3.856
-4.596
-5.178
-5.398
-5.45
-5.668
-5.97
-5.972
-5.521
-4.983
-4.856
-5.194
-5.6
-5.749
-5.7
-5.656
-5.707
-5.727
-5.652
-5.632
-5.872
-6.262
-6.518
-6.508
-6.367
-6.34
-6.483
-6.586
-6.596
-6.73
-7.07
-7.508
-7.83
-7.9
-7.814
-7.764
-7.671
-7.262
-6.508
-5.684
-5.058
-4.695
-4.516
-4.461
-4.516
-4.699
-4.802
-4.559
-3.94
-3.257
-2.831
-2.694
-2.633
-2.454
-2.248
-2.246
-2.474
-2.713
-2.783
-2.821
-2.962
-3.078
-3.03
-2.828
-2.628
-2.599
-2.796
-3.066
-3.221
-3.257
-3.307
-3.452
-3.636
-3.713
-3.595
-3.331
-3.032
-2.608
-1.967
-1.236
-0.712
-0.496
-0.572
-0.873
-1.233
-1.46
-1.519
-1.467
-1.376
-1.274
-1.243
-1.316
-1.499
-1.771
-2.055
-2.229
-2.341
-2.434
-2.556
-2.665
-2.703
-2.733
-2.808
-2.776
-2.511
-2.1
-1.778
-1.735
-1.964
-2.17
-2.093
-1.751
-1.356
-1.061
-0.83
-0.574
-0.358
-0.249
-0.109
0.204
0.655
0.981
0.916
0.44
-0.224
-0.793
-1.154
-1.463
-1.762
-1.862
-1.665
-1.392
-1.34
-1.567
-1.839
-1.948
-1.973
-2.102
-2.327
-2.497
-2.587
-2.645
-2.601
-2.381
-2.048
-1.81
-1.823
-2.002
-2.125
-2.019
-1.769
-1.646
-1.696
-1.717
-1.665
-1.771
-2.184
-2.708
-3.091
-3.214
-3.153
-3
-2.833
-2.708
-2.711
-2.869
-3.153
-3.445
-3.629
-3.722
-3.817
-3.915
-3.935
-3.799
-3.511
-3.1
-2.692
-2.438
-2.386
-2.434
-2.442
-2.273
-1.887
-1.258
-0.424
0.429
1.093
1.562
1.987
2.395
2.667
2.724
2.552
2.2
1.789
1.415
1.082
0.744
0.369
-0.12
-0.737
-1.451
-2.186
-2.887
-3.47
-3.901
-4.232
-4.584
-5.024
-5.512
-5.929
-6.229
-6.442
-6.586
-6.591
-6.383
-5.981
-5.509
-5.063
-4.726
-4.475
-4.253
-4.069
-3.949
-3.93
-4.108
-4.509
-4.945
-5.21
-5.251
-5.133
-4.867
-4.437
-3.965
-3.651
-3.631
-3.872
-4.251
-4.647
-4.995
-5.271
-5.489
-5.65
-5.725
-5.616
-5.362
-5.142
-5.09
-5.189
-5.344
-5.464
-5.41
-5.162
-4.863
-4.611
-4.4
-4.189
-3.924
-3.57
-3.186
-2.844
-2.527
-2.259
-2.016
-1.778
-1.531
-1.283
-1.034
-0.886
-0.919
-1.097
-1.27
-1.297
-1.097
-0.678
-0.115
0.458
0.88
1.14
1.26
1.236
1.029
0.655
0.227
-0.183
-0.519
-0.696
-0.621
-0.331
0.036
0.454
0.873
1.1
0.946
0.535
0.161
-0.102
-0.442
-0.925
-1.233
-1.077
-0.589
-0.138
0.065
0.018
-0.229
-0.619
-1.034
-1.349
-1.603
-1.876
-2.234
-2.656
-3.1
-3.486
-3.779
-3.962
-4.017
-4.06
-4.153
-4.302
-4.588
-5.022
-5.487
-5.791
-5.89
-5.94
-6.076
-6.181
-6.058
-5.67
-5.149
-4.566
-3.903
-3.193
-2.604
-2.275
-2.252
-2.461
-2.717
-2.846
-2.713
-2.343
-1.903
-1.529
-1.272
-1.27
-1.522
-1.846
-2.06
-2.123
-2.153
-2.27
-2.49
-2.738
-2.903
-2.919
-2.806
-2.686
-2.692
-2.878
-3.11
-3.168
-2.98
-2.615
-2.216
-2.019
-2.057
-2.18
-2.218
-2.064
-1.725
-1.268
-0.782
-0.299
0.175
0.519
0.492
-0.041
-0.944
-2
-3.03
-3.822
-4.219
-4.162
-3.74
-3.203
-2.831
-2.69
-2.68
-2.804
-3.143
-3.713
-4.412
-5.001
-5.276
-5.26
-5.128
-4.978
-4.875
-4.87
-5.001
-5.219
-5.46
-5.623
-5.65
-5.514
-5.373
-5.423
-5.634
-5.852
-6.187
-6.825
-7.682
-8.492
-8.899
-8.841
-8.665
-8.723
-9.023
-9.225
-9.209
-9.198
-9.291
-9.3
-9.118
-8.68
-7.946
-7.031
-6.09
-5.267
-4.765
-4.672
-4.85
-5.096
-5.224
-5.154
-4.968
-4.786
-4.573
-4.182
-3.656
-3.382
-3.575
-4.062
-4.563
-4.947
-5.187
-5.321
-5.249
-4.87
-4.33
-3.958
-3.879
-3.862
-3.638
-3.311
-3.186
-3.198
-3.003
-2.407
-1.565
-0.911
-0.725
-0.957
-1.37
-1.721
-1.909
-2.012
-2.087
-2.055
-1.866
-1.69
-1.771
-2.145
-2.599
-2.874
-3.005
-3.093
-3.012
-2.52
-1.63
-0.68
-0.004
0.394
0.748
1.218
1.663
1.781
1.581
1.465
1.61
1.703
1.481
1.018
0.587
0.328
0.102
-0.285
-0.793
-1.256
-1.587
-1.86
-2.223
-2.751
-3.427
-4.239
-5.235
-6.444
-7.762
-8.989
-10.009
-10.829
-11.536
-12.164
-12.673
-13.056
-13.421
-13.866
-14.258
-14.374
-14.315
-14.392
-14.771
-15.293
-15.726
-16.019
-16.254
-16.393
-16.368
-16.175
-15.789
-15.154
-14.401
-13.721
-13.106
-12.525
-12.117
-12.006
-11.972
-11.761
-11.404
-11.075
-10.829
-10.588
-10.191
-9.663
-9.152
-8.699
-8.217
-7.634
-6.886
-5.952
-4.902
-3.922
-3.037
-2.173
-1.356
-0.68
-0.17
0.204
0.572
0.998
1.322
1.374
1.227
1.091
1.13
1.358
1.644
1.977
2.504
3.184
3.776
4.133
4.275
4.305
4.189
3.847
3.384
3.057
3.003
3.196
3.529
3.901
4.244
4.584
4.888
5.09
5.074
4.844
4.505
4.155
3.711
3.032
2.221
1.517
0.989
0.544
0.15
-0.079
-0.009
0.34
0.708
0.864
0.964
1.238
1.678
2.016
2.035
1.857
1.841
2.148
2.502
2.581
2.381
2.216
2.259
2.32
2.143
1.725
1.367
1.281
1.413
1.624
1.818
2.032
2.349
2.613
2.525
2.066
1.635
1.465
1.263
0.719
0.097
-0.183
0.034
0.692
1.683
2.799
3.899
5.047
6.256
7.303
7.889
7.85
7.428
7.049
6.809
6.551
6.346
6.324
6.363
6.276
6.056
5.834
5.563
5.058
4.282
3.389
2.665
2.281
2.153
2.025
1.794
1.512
1.286
1.181
1.13
1.041
0.95
1.02
1.299
1.762
2.256
2.651
2.973
3.334
3.72
4.062
4.364
4.584
4.613
4.439
4.146
3.697
3.057
2.311
1.619
1.105
0.851
0.878
1.152
1.603
2.118
2.552
2.697
2.434
1.783
0.93
0.016
-0.907
-1.708
-2.114
-2.009
-1.585
-1.167
-0.939
-0.821
-0.702
-0.496
-0.202
0.074
0.322
0.687
1.107
1.286
1.211
1.039
0.739
0.247
-0.449
-1.304
-2.032
-2.397
-2.497
-2.529
-2.549
-2.535
-2.432
-2.225
-2.109
-2.281
-2.622
-2.833
-2.785
-2.529
-2.184
-1.787
-1.336
-0.843
-0.485
-0.342
-0.21
0.134
0.705
1.39
2.007
2.481
2.887
3.323
3.697
3.881
3.801
3.472
2.899
2.109
1.279
0.692
0.487
0.682
1.136
1.601
1.994
2.467
3.112
3.885
4.731
5.391
5.666
5.675
5.707
5.877
5.986
5.92
5.999
6.589
7.642
8.68
9.374
9.645
9.656
9.715
9.808
9.672
9.377
9.271
9.454
9.665
9.585
9.252
8.873
8.458
7.905
7.113
6.04
4.92
4.158
3.754
3.477
3.286
3.218
3.275
3.329
3.112
2.52
1.753
1.064
0.673
0.465
0.192
-0.152
-0.399
-0.446
-0.34
-0.217
-0.052
0.401
0.989
1.347
1.547
1.923
2.477
2.846
2.74
2.148
1.324
0.444
-0.503
-1.524
-2.463
-3.044
-3.032
-2.597
-2.211
-2.091
-2.143
-2.148
-1.975
-1.678
-1.392
-0.971
-0.047
1.351
2.658
3.286
3.218
2.946
2.779
2.506
1.911
1.111
0.549
0.467
0.535
0.376
0.079
-0.131
-0.26
-0.501
-1.175
-2.18
-2.91
-3.083
-2.919
-2.821
-3.116
-3.618
-3.824
-3.615
-3.139
-2.581
-2.012
-1.206
-0.09
0.991
1.742
2.13
2.286
2.479
2.701
2.694
2.626
2.663
2.678
2.517
2.143
1.685
1.426
1.358
1.082
0.476
-0.147
-0.467
-0.496
-0.619
-1.064
-1.581
-1.926
-2.134
-2.404
-2.828
-3.012
-2.638
-1.955
-1.351
-0.909
-0.458
0.084
0.609
0.753
0.431
0.072
0.129
0.68
1.322
1.66
1.785
2.032
2.368
2.399
1.814
0.954
0.421
0.26
0.07
-0.297
-0.712
-1.084
-1.504
-2.202
-3.191
-4.103
-4.586
-4.478
-3.94
-3.307
-2.833
-2.624
-2.733
-3.096
-3.645
-4.271
-4.734
-4.847
-4.67
-4.434
-4.246
-4.03
-3.819
-3.831
-4.253
-4.985
-5.836
-6.648
-7.213
-7.487
-7.517
-7.385
-7.276
-7.326
-7.551
-8.018
-8.715
-9.522
-10.248
-10.627
-10.454
-9.783
-8.816
-7.81
-6.963
-6.299
-5.834
-5.664
-5.629
-5.448
-5.074
-4.72
-4.616
-4.774
-4.96
-5.074
-5.174
-5.28
-5.264
-5.047
-4.638
-4.164
-3.703
-3.114
-2.361
-1.667
-1.37
-1.512
-1.758
-1.708
-1.336
-0.859
-0.363
0.172
0.73
1.215
1.504
1.658
1.86
2.166
2.388
2.295
1.871
1.406
1.037
0.562
-0.158
-0.966
-1.676
-2.17
-2.547
-2.978
-3.457
-3.783
-3.945
-4.131
-4.48
-5.005
-5.65
-6.299
-6.895
-7.451
-7.957
-8.229
-8.004
-7.328
-6.596
-6.197
-6.258
-6.696
-7.308
-7.861
-8.147
-8.118
-7.891
-7.657
-7.519
-7.506
-7.607
-7.727
-7.725
-7.63
-7.703
-8.122
-8.678
-9.002
-9.039
-8.939
-8.715
-8.275
-7.596
-6.884
-6.38
-6.09
-5.879
-5.546
-4.997
-4.382
-3.815
-3.128
-2.238
-1.297
-0.501
0.124
0.766
1.619
2.62
3.604
4.48
5.216
5.725
5.861
5.611
5.287
5.174
5.178
5.063
4.738
4.344
4.146
4.139
4.092
3.84
3.42
2.955
2.577
2.291
2.1
2.082
2.331
2.79
3.223
3.386
3.284
3.2
3.298
3.429
3.47
3.389
3.228
3.012
2.658
2.15
1.549
0.914
0.406
0.188
0.27
0.317
0.031
-0.533
-1.064
-1.433
-1.808
-2.376
-3.046
-3.645
-4.121
-4.505
-4.799
-4.77
-4.221
-3.277
-2.291
-1.667
-1.565
-1.721
-1.808
-1.685
-1.386
-0.907
-0.179
0.696
1.376
1.617
1.583
1.504
1.444
1.329
1.147
1.068
1.24
1.533
1.66
1.585
1.469
1.442
1.508
1.49
1.26
0.964
0.832
0.984
1.34
1.756
2.225
2.76
3.284
3.622
3.67
3.666
3.862
4.224
4.48
4.495
4.359
4.264
4.16
3.885
3.484
3.105
2.885
2.794
2.706
2.511
2.3
2.143
1.994
1.896
1.855
1.801
1.696
1.481
1.068
0.537
0.029
-0.363
-0.665
-1.037
-1.506
-1.882
-1.996
-1.785
-1.313
-0.733
-0.124
0.471
0.964
1.322
1.56
1.651
1.663
1.796
2.218
2.957
3.759
4.346
4.691
4.792
4.566
4.101
3.656
3.561
3.947
4.575
5.047
5.205
5.199
5.208
5.178
5.001
4.629
4.271
4.209
4.445
4.745
4.912
4.879
4.596
3.99
3.116
2.277
1.869
1.964
2.246
2.379
2.386
2.481
2.585
2.334
1.608
0.635
-0.301
-1.027
-1.515
-1.833
-1.98
-1.937
-1.841
-1.921
-2.322
-2.939
-3.465
-3.686
-3.695
-3.622
-3.364
-2.724
-1.862
-1.288
-1.308
-1.751
-2.252
-2.525
-2.57
-2.404
-1.88
-0.957
0.09
0.884
1.252
1.297
1.281
1.379
1.524
1.615
1.789
2.248
2.919
3.693
4.609
5.718
6.857
7.744
8.211
8.386
8.592
9.029
9.728
10.718
11.947
13.208
14.317
15.211
15.86
16.205
16.232
16
15.583
14.93
14.072
13.294
12.788
12.452
12.074
11.586
11.119
10.718
10.261
9.597
8.868
8.275
7.903
7.673
7.444
7.122
6.727
6.326
5.947
5.543
5.096
4.792
4.822
5.144
5.487
5.58
5.335
4.915
4.596
4.491
4.611
5.01
5.727
6.603
7.401
8.068
8.635
8.982
8.909
8.378
7.585
6.795
6.119
5.575
5.191
5.083
5.199
5.276
5.137
4.829
4.427
3.965
3.463
3.087
3
3.238
3.699
4.232
4.668
4.917
4.965
4.827
4.557
4.251
3.978
3.756
3.484
3.075
2.647
2.386
2.295
2.341
2.504
2.719
2.883
2.959
2.921
2.849
2.731
2.429
1.866
1.157
0.514
0.057
-0.181
-0.202
-0.049
0.104
0.097
-0.138
-0.519
-0.861
-1.039
-1.023
-0.834
-0.51
-0.099
0.351
0.682
0.609
0.063
-0.778
-1.635
-2.391
-2.971
-3.259
-3.148
-2.719
-2.229
-1.871
-1.592
-1.297
-1.009
-0.787
-0.607
-0.449
-0.254
0.061
0.406
0.569
0.526
0.356
0.175
0.018
-0.084
-0.041
0.247
0.78
1.479
2.184
2.733
3.093
3.296
3.386
3.418
3.511
3.749
4.044
4.199
4.314
4.677
5.317
5.968
6.505
6.995
7.421
7.739
7.946
7.938
7.528
6.768
5.925
5.181
4.557
3.894
3.248
2.912
3.085
3.529
3.928
4.284
4.784
5.45
6.056
6.415
6.607
6.868
7.324
7.803
7.911
7.446
6.578
5.614
4.722
3.915
3.121
2.298
1.535
0.939
0.499
0.175
-0.024
-0.14
-0.258
-0.496
-0.851
-1.225
-1.524
-1.751
-1.921
-1.969
-1.769
-1.34
-0.921
-0.601
-0.192
0.479
1.291
2.03
2.59
3.012
3.211
3.005
2.325
1.379
0.572
0.156
0.027
-0.02
-0.004
0.122
0.247
0.24
0.079
-0.179
-0.539
-0.93
-1.265
-1.619
-2.002
-2.306
-2.391
-2.161
-1.59
-0.919
-0.419
-0.117
0.065
0.165
0.34
0.821
1.583
2.368
3.003
3.432
3.658
3.781
3.91
3.985
3.876
3.586
3.157
2.635
2.155
1.787
1.474
1.274
1.293
1.401
1.399
1.283
1.091
0.787
0.483
0.34
0.426
0.705
1.097
1.406
1.431
1.213
0.981
0.944
1.037
1.157
1.229
1.254
1.204
1.029
0.653
0.059
-0.562
-1.118
-1.74
-2.547
-3.482
-4.292
-4.704
-4.72
-4.62
-4.552
-4.455
-4.289
-4.214
-4.305
-4.391
-4.189
-3.604
-2.858
-2.309
-2.116
-2.157
-2.141
-1.942
-1.601
-1.102
-0.243
0.911
2.037
2.903
3.486
3.858
4.162
4.4
4.402
4.176
3.962
3.953
4.038
4.123
4.273
4.573
4.895
5.038
5.026
5.083
5.337
5.652
5.832
6.011
6.462
7.206
7.934
8.395
8.601
8.767
9.032
9.325
9.424
9.3
9.118
9.002
8.923
8.846
8.762
8.721
8.715
8.626
8.399
8.107
7.903
7.853
7.864
7.861
7.78
7.705
7.644
7.512
7.274
7.086
6.983
6.838
6.571
6.217
5.884
5.602
5.264
4.757
4.214
3.842
3.647
3.517
3.393
3.284
3.269
3.402
3.638
3.84
4.013
4.201
4.38
4.48
4.505
4.513
4.631
4.937
5.394
5.829
6.124
6.29
6.383
6.423
6.294
5.904
5.369
4.888
4.527
4.207
3.872
3.548
3.298
3.021
2.562
1.982
1.574
1.531
1.742
2.039
2.42
2.969
3.61
4.178
4.47
4.441
4.182
3.862
3.59
3.488
3.565
3.744
3.926
4.058
4.098
4.053
4.01
4.103
4.226
4.128
3.769
3.434
3.218
3.03
2.79
2.517
2.354
2.356
2.354
2.205
1.937
1.753
1.751
1.828
1.841
1.81
1.919
2.347
2.962
3.461
3.69
3.74
3.74
3.688
3.47
3.019
2.427
1.894
1.499
1.202
1.012
1.007
1.172
1.34
1.338
1.091
0.607
-0.02
-0.607
-1.132
-1.746
-2.517
-3.293
-3.831
-3.953
-3.693
-3.2
-2.64
-2.057
-1.492
-1.095
-1.057
-1.281
-1.524
-1.715
-1.944
-2.182
-2.331
-2.288
-2.084
-1.851
-1.658
-1.467
-1.188
-0.857
-0.644
-0.637
-0.696
-0.651
-0.524
-0.419
-0.336
-0.154
0.156
0.41
0.308
-0.179
-0.714
-0.919
-0.685
-0.306
-0.029
0.2
0.576
1.116
1.646
2.105
2.587
3.184
3.808
4.278
4.473
4.489
4.516
4.527
4.348
3.96
3.563
3.359
3.391
3.531
3.711
3.96
4.35
4.872
5.385
5.591
5.323
4.67
3.847
2.994
2.15
1.413
0.923
0.68
0.465
0.063
-0.444
-0.893
-1.231
-1.529
-1.857
-2.223
-2.649
-3.228
-3.996
-4.85
-5.659
-6.34
-6.795
-7.011
-7.101
-7.174
-7.224
-7.197
-7.159
-7.2
-7.358
-7.555
-7.737
-7.853
-7.9
-7.9
-7.775
-7.558
-7.367
-7.247
-7.217
-7.374
-7.748
-8.134
-8.293
-8.17
-7.798
-7.129
-6.212
-5.244
-4.41
-3.701
-3.028
-2.404
-1.932
-1.597
-1.316
-0.989
-0.657
-0.376
-0.095
0.333
0.954
1.617
2.155
2.495
2.686
2.81
2.926
3.037
3.062
2.924
2.66
2.372
2.114
1.898
1.735
1.567
1.349
1.143
0.968
0.75
0.533
0.386
0.338
0.369
0.431
0.514
0.667
0.859
1.032
1.091
0.9
0.535
0.251
0.202
0.256
0.163
-0.21
-0.805
-1.424
-1.862
-1.967
-1.758
-1.415
-1.066
-0.803
-0.714
-0.778
-0.898
-1.064
-1.324
-1.526
-1.515
-1.411
-1.467
-1.667
-1.791
-1.76
-1.696
-1.733
-1.955
-2.32
-2.742
-3.238
-3.754
-4.098
-4.101
-3.822
-3.459
-3.173
-3.085
-3.221
-3.495
-3.844
-4.203
-4.507
-4.659
-4.618
-4.445
-4.248
-4.108
-4.075
-4.131
-4.18
-4.187
-4.119
-3.951
-3.822
-3.903
-4.176
-4.377
-4.323
-4.128
-4.103
-4.33
-4.554
-4.557
-4.377
-4.131
-3.736
-3.114
-2.42
-1.932
-1.794
-1.869
-1.919
-1.866
-1.721
-1.59
-1.477
-1.283
-0.952
-0.646
-0.526
-0.533
-0.365
0.049
0.553
0.995
1.442
2.035
2.717
3.277
3.545
3.629
3.706
3.724
3.488
2.912
2.057
1.165
0.451
-0.15
-0.735
-1.195
-1.411
-1.497
-1.669
-2.082
-2.645
-3.107
-3.354
-3.455
-3.573
-3.736
-3.874
-3.937
-4.033
-4.203
-4.375
-4.47
-4.513
-4.566
-4.684
-4.875
-5.098
-5.221
-5.164
-4.978
-4.802
-4.681
-4.563
-4.484
-4.604
-4.972
-5.478
-5.952
-6.301
-6.423
-6.226
-5.739
-5.156
-4.656
-4.237
-3.749
-3.18
-2.645
-2.234
-1.884
-1.567
-1.302
-1.025
-0.646
-0.142
0.458
1.12
1.767
2.268
2.638
2.942
3.191
3.364
3.461
3.538
3.558
3.427
3.178
2.955
2.787
2.597
2.363
2.3
2.587
3.135
3.563
3.618
3.354
3.005
2.706
2.467
2.343
2.388
2.579
2.846
3.116
3.252
3.105
2.724
2.352
2.1
1.874
1.585
1.268
1.02
0.773
0.326
-0.326
-0.964
-1.46
-1.818
-2.139
-2.531
-2.967
-3.345
-3.656
-4.017
-4.321
-4.337
-3.955
-3.379
-2.887
-2.567
-2.368
-2.298
-2.363
-2.529
-2.749
-3.003
-3.302
-3.633
-3.96
-4.201
-4.214
-3.96
-3.573
-3.087
-2.54
-2.163
-2.141
-2.397
-2.731
-3.039
-3.228
-3.228
-3.073
-2.897
-2.814
-2.846
-2.951
-3.093
-3.145
-2.921
-2.525
-2.336
-2.579
-3.007
-3.236
-3.171
-3.01
-2.919
-2.932
-2.978
-3.093
-3.432
-3.985
-4.491
-4.697
-4.596
-4.445
-4.53
-4.856
-5.267
-5.654
-5.954
-6.172
-6.292
-6.346
-6.425
-6.694
-7.152
-7.746
-8.376
-8.882
-9.243
-9.579
-9.973
-10.418
-10.799
-11.021
-11.071
-10.98
-10.781
-10.565
-10.532
-10.817
-11.303
-11.708
-11.844
-11.718
-11.486
-11.232
-10.917
-10.527
-10.182
-9.967
-9.746
-9.279
-8.476
-7.537
-6.709
-6.084
-5.528
-4.926
-4.375
-3.887
-3.336
-2.638
-1.926
-1.343
-0.921
-0.694
-0.589
-0.383
-0.109
-0.036
-0.215
-0.456
-0.605
-0.719
-0.905
-1.15
-1.363
-1.49
-1.587
-1.708
-1.874
-2.062
-2.288
-2.54
-2.706
-2.678
-2.432
-2.004
-1.492
-1.095
-0.826
-0.619
-0.413
-0.233
-0.134
-0.109
-0.122
-0.195
-0.374
-0.694
-1.195
-1.816
-2.354
-2.697
-2.804
-2.626
-2.213
-1.688
-1.163
-0.793
-0.68
-0.789
-1.084
-1.549
-2.112
-2.597
-2.887
-3.116
-3.402
-3.713
-4.083
-4.623
-5.303
-5.995
-6.539
-6.857
-7.061
-7.351
-7.755
-8.17
-8.544
-8.914
-9.329
-9.697
-10.014
-10.293
-10.493
-10.507
-10.3
-10.003
-9.765
-9.599
-9.447
-9.295
-9.191
-9.054
-8.798
-8.506
-8.258
-8.045
-7.853
-7.673
-7.549
-7.539
-7.685
-7.925
-8.229
-8.483
-8.637
-8.667
-8.56
-8.19
-7.544
-6.828
-6.355
-6.256
-6.487
-6.898
-7.413
-8.043
-8.699
-9.125
-9.215
-9.15
-9.136
-9.172
-9.052
-8.651
-8.079
-7.546
-7.104
-6.644
-6.051
-5.402
-4.877
-4.623
-4.536
-4.486
-4.573
-5.083
-6.031
-6.988
-7.56
-7.764
-7.848
-7.936
-7.941
-7.755
-7.562
-7.667
-8.082
-8.512
-8.68
-8.64
-8.562
-8.429
-8.045
-7.335
-6.448
-5.65
-5.036
-4.461
-3.817
-3.241
-2.894
-2.628
-2.132
-1.172
0.099
1.318
2.268
2.973
3.465
3.61
3.309
2.806
2.547
2.701
2.965
2.937
2.69
2.624
2.831
3.093
3.277
3.511
3.99
4.65
5.174
5.294
5.051
4.736
4.507
4.294
3.982
3.708
3.715
4.108
4.684
5.183
5.557
5.952
6.332
6.505
6.383
6.133
5.96
5.933
5.997
6.049
6.018
5.918
5.759
5.548
5.251
4.865
4.452
4.121
3.94
3.951
4.219
4.724
5.262
5.616
5.761
5.774
5.695
5.402
4.931
4.604
4.613
4.822
4.912
4.643
4.038
3.377
2.944
2.686
2.432
2.116
1.871
1.866
2.102
2.263
2.15
1.903
1.818
1.853
1.692
1.136
0.386
-0.086
-0.113
0.052
0.15
0.156
0.127
0.099
0.077
0.045
-0.006
-0.052
-0.063
-0.045
-0.086
-0.336
-0.741
-1.122
-1.37
-1.522
-1.619
-1.658
-1.667
-1.721
-1.821
-1.876
-1.851
-1.671
-1.374
-1.118
-0.971
-0.884
-0.861
-0.944
-1.152
-1.449
-1.728
-1.948
-2.209
-2.57
-2.962
-3.304
-3.558
-3.658
-3.536
-3.184
-2.676
-2.153
-1.803
-1.758
-1.878
-1.914
-1.762
-1.446
-1.057
-0.678
-0.29
0.243
0.993
1.937
2.93
3.915
4.954
5.968
6.772
7.222
7.394
7.517
7.703
7.868
7.961
7.932
7.689
7.238
6.725
6.237
5.754
5.274
4.906
4.79
4.879
4.877
4.625
4.309
4.239
4.398
4.518
4.327
3.788
3.039
2.279
1.617
0.989
0.303
-0.324
-0.764
-0.984
-1.186
-1.608
-2.166
-2.445
-2.25
-1.887
-1.671
-1.597
-1.626
-1.776
-2.095
-2.474
-2.667
-2.583
-2.336
-2.023
-1.663
-1.195
-0.476
0.451
1.406
2.2
2.767
3.132
3.325
3.354
3.184
3.007
3.091
3.504
4.051
4.54
5.033
5.575
6.063
6.312
6.208
5.825
5.464
5.26
5.115
5.03
5.128
5.402
5.795
6.165
6.167
5.677
4.872
3.928
2.926
1.921
1.043
0.492
0.303
0.358
0.433
0.39
0.268
0.224
0.247
0.142
-0.14
-0.41
-0.544
-0.569
-0.594
-0.68
-0.692
-0.435
-0.045
0.17
0.15
0.229
0.775
1.71
2.452
2.618
2.407
2.227
2.128
1.905
1.556
1.286
1.145
0.998
0.789
0.572
0.356
0.109
-0.152
-0.383
-0.567
-0.657
-0.58
-0.421
-0.444
-0.764
-1.202
-1.433
-1.326
-1.066
-0.927
-0.893
-0.826
-0.737
-0.728
-0.758
-0.66
-0.338
0.057
0.254
0.247
0.254
0.326
0.417
0.456
0.406
0.206
-0.247
-0.888
-1.539
-2.114
-2.585
-2.781
-2.529
-1.884
-1.136
-0.516
-0.099
0.21
0.487
0.75
1.086
1.535
2.043
2.506
2.907
3.379
3.92
4.327
4.425
4.228
3.903
3.48
2.866
2.166
1.649
1.438
1.409
1.302
0.954
0.369
-0.344
-1.107
-1.914
-2.66
-3.123
-3.193
-3.028
-2.899
-2.973
-3.18
-3.3
-3.252
-3.137
-3.083
-3.114
-3.116
-3.01
-2.949
-3.014
-3.052
-2.899
-2.699
-2.69
-2.851
-2.985
-3.03
-3.118
-3.375
-3.744
-4.106
-4.478
-4.943
-5.546
-6.335
-7.217
-8.029
-8.685
-9.263
-9.817
-10.23
-10.381
-10.377
-10.432
-10.693
-11.065
-11.3
-11.319
-11.316
-11.429
-11.393
-10.819
-9.815
-8.843
-8.175
-7.732
-7.331
-6.979
-6.802
-6.735
-6.657
-6.466
-6.094
-5.639
-5.353
-5.312
-5.249
-4.983
-4.745
-4.792
-5.017
-5.04
-4.761
-4.38
-4.021
-3.577
-2.889
-2.075
-1.456
-1.193
-1.215
-1.333
-1.361
-1.351
-1.363
-1.227
-0.762
-0.124
0.374
0.58
0.582
0.635
0.873
1.152
1.233
1.018
0.644
0.29
-0.016
-0.331
-0.646
-0.83
-0.791
-0.741
-0.952
-1.426
-1.882
-2.091
-2.13
-2.221
-2.465
-2.812
-3.18
-3.629
-4.237
-4.883
-5.307
-5.446
-5.475
-5.598
-5.861
-6.081
-6.115
-6.117
-6.322
-6.625
-6.709
-6.491
-6.292
-6.428
-6.929
-7.458
-7.651
-7.558
-7.481
-7.514
-7.512
-7.471
-7.603
-8.104
-8.932
-9.713
-10.062
-9.905
-9.556
-9.263
-8.953
-8.535
-8.059
-7.544
-7.004
-6.589
-6.417
-6.518
-6.687
-6.7
-6.505
-6.185
-5.736
-5.09
-4.131
-2.932
-1.76
-0.787
-0.09
0.2
0.002
-0.487
-1.004
-1.24
-1.154
-1.02
-0.984
-0.979
-0.778
-0.263
0.426
1.111
1.725
2.114
2.153
1.934
1.658
1.467
1.406
1.384
1.338
1.39
1.617
2.019
2.381
2.445
2.19
1.771
1.349
0.993
0.642
0.288
0.127
0.177
0.21
0.12
-0.002
-0.027
0.077
0.163
-0.049
-0.542
-1.068
-1.367
-1.449
-1.395
-1.252
-0.991
-0.612
-0.263
-0.147
-0.222
-0.129
0.32
0.93
1.456
1.898
2.352
2.74
2.897
2.821
2.773
2.965
3.348
3.729
4.121
4.584
5.063
5.428
5.588
5.514
5.314
5.096
4.838
4.396
3.643
2.79
2.266
2.309
2.699
3.007
3.003
2.785
2.558
2.44
2.469
2.56
2.556
2.415
2.155
1.674
1.043
0.551
0.437
0.678
0.941
0.919
0.657
0.388
0.195
0.124
0.077
-0.107
-0.419
-0.698
-0.791
-0.814
-0.919
-0.948
-0.671
-0.172
0.299
0.589
0.694
0.605
0.367
0.147
0.117
0.303
0.516
0.607
0.615
0.612
0.667
0.93
1.444
2.002
2.379
2.565
2.631
2.531
2.225
1.814
1.526
1.39
1.322
1.324
1.485
1.857
2.363
2.837
3.157
3.359
3.552
3.806
4.108
4.332
4.527
4.883
5.482
6.239
6.863
6.963
6.611
6.247
6.144
6.369
6.834
7.415
7.927
8.122
7.796
7.122
6.464
6.038
5.888
5.922
6.013
6.146
6.265
6.251
6.004
5.5
4.817
4.18
3.713
3.372
3.087
2.831
2.595
2.442
2.413
2.445
2.449
2.295
1.926
1.399
0.771
0.206
-0.195
-0.499
-0.758
-0.939
-1.122
-1.413
-1.776
-2.066
-2.134
-1.934
-1.565
-1.163
-0.807
-0.474
-0.068
0.363
0.689
0.932
1.293
1.846
2.469
3.012
3.507
4.087
4.842
5.654
6.303
6.601
6.53
6.283
6.121
6.174
6.425
6.875
7.594
8.471
9.236
9.756
10.125
10.468
10.761
10.854
10.658
10.241
9.705
9.155
8.771
8.682
8.966
9.511
10.023
10.302
10.379
10.259
9.946
9.54
9.075
8.653
8.401
8.302
8.243
8.225
8.256
8.333
8.399
8.333
8.02
7.499
6.948
6.578
6.405
6.335
6.396
6.657
7.095
7.612
8.052
8.381
8.723
9.141
9.524
9.751
9.801
9.749
9.726
9.742
9.692
9.585
9.508
9.494
9.47
9.265
8.803
8.118
7.365
6.764
6.394
6.144
5.881
5.656
5.521
5.394
5.169
4.899
4.786
4.824
4.749
4.439
4.096
3.96
4.103
4.443
4.856
5.278
5.707
6.058
6.194
6.086
5.884
5.763
5.716
5.675
5.609
5.5
5.317
5.003
4.571
4.16
3.945
3.867
3.726
3.504
3.291
3.176
3.211
3.427
3.806
4.275
4.768
5.162
5.355
5.382
5.305
5.135
4.885
4.652
4.536
4.52
4.466
4.269
3.947
3.579
3.271
3.155
3.168
3.107
2.869
2.388
1.728
1.109
0.689
0.487
0.51
0.746
1.086
1.316
1.311
1.132
0.871
0.576
0.26
-0.045
-0.317
-0.435
-0.315
-0.072
0.163
0.417
0.698
0.973
1.27
1.578
1.833
1.866
1.576
1.102
0.851
1.093
1.685
2.339
2.926
3.441
3.822
3.992
3.98
3.899
3.822
3.767
3.645
3.409
3.135
2.864
2.694
2.826
3.316
3.822
3.982
3.889
3.924
4.207
4.625
5.058
5.443
5.714
5.898
6.081
6.315
6.584
6.923
7.399
7.961
8.388
8.399
7.923
7.09
6.079
5.028
4.089
3.457
3.309
3.638
4.148
4.509
4.704
4.809
4.726
4.373
3.858
3.289
2.606
1.767
0.977
0.617
0.888
1.592
2.325
2.833
3.159
3.475
3.786
3.967
4.01
3.958
3.835
3.668
3.391
2.932
2.513
2.459
2.756
3.057
3.139
2.994
2.717
2.304
1.653
0.76
-0.115
-0.648
-0.771
-0.637
-0.369
-0.014
0.333
0.632
0.753
0.51
-0.063
-0.768
-1.417
-1.896
-2.184
-2.334
-2.336
-2.227
-2.107
-2.057
-2.1
-2.145
-2.08
-1.878
-1.612
-1.431
-1.531
-2.025
-2.66
-3.15
-3.495
-3.736
-3.899
-4.005
-3.99
-3.749
-3.436
-3.341
-3.577
-3.992
-4.357
-4.552
-4.586
-4.498
-4.269
-3.822
-3.168
-2.506
-2.041
-1.721
-1.345
-0.909
-0.651
-0.698
-0.921
-1.052
-0.941
-0.716
-0.51
-0.408
-0.392
-0.429
-0.512
-0.516
-0.297
0.117
0.632
1.215
1.781
2.254
2.626
2.903
3.153
3.402
3.656
3.822
3.879
3.945
4.201
4.575
4.829
4.947
5.146
5.577
6.117
6.485
6.584
6.589
6.712
6.936
7.124
7.172
7.088
6.954
6.782
6.512
6.142
5.836
5.714
5.643
5.405
4.983
4.575
4.439
4.659
5.013
5.257
5.407
5.6
5.815
5.977
6.115
6.307
6.532
6.662
6.637
6.485
6.265
6.006
5.661
5.214
4.854
4.722
4.784
4.865
4.931
5.158
5.577
6.006
6.206
6.099
5.927
5.96
6.233
6.607
6.997
7.424
7.921
8.467
8.959
9.302
9.513
9.71
9.908
10.077
10.153
10.137
10.066
10.019
10.069
10.195
10.391
10.577
10.756
10.931
11.03
10.937
10.581
10.062
9.617
9.325
8.996
8.479
7.876
7.453
7.338
7.306
7.024
6.423
5.759
5.162
4.405
3.37
2.298
1.506
1.057
0.748
0.481
0.342
0.381
0.456
0.394
0.227
0.084
-0.004
-0.197
-0.632
-1.313
-2.093
-2.837
-3.536
-4.228
-4.858
-5.294
-5.505
-5.6
-5.725
-5.893
-6.018
-6.02
-5.983
-6.031
-6.101
-5.96
-5.523
-4.92
-4.319
-3.697
-2.937
-2.03
-1.188
-0.642
-0.44
-0.426
-0.406
-0.328
-0.163
0.156
0.592
1.134
1.715
2.134
2.306
2.318
2.314
2.368
2.343
2.118
1.773
1.422
1.082
0.809
0.733
0.914
1.27
1.735
2.286
2.899
3.438
3.796
3.985
4.131
4.264
4.332
4.302
4.246
4.255
4.323
4.432
4.611
4.831
4.97
4.988
4.885
4.633
4.207
3.822
3.688
3.761
3.858
3.928
4.033
4.131
4.089
3.81
3.372
2.901
2.391
1.791
1.175
0.719
0.489
0.358
0.247
0.222
0.344
0.526
0.705
0.853
0.891
0.753
0.516
0.268
0.006
-0.288
-0.542
-0.795
-1.204
-1.798
-2.407
-2.839
-3.137
-3.493
-3.926
-4.332
-4.693
-5.03
-5.35
-5.677
-6.036
-6.462
-6.909
-7.21
-7.222
-7.034
-6.759
-6.433
-6.113
-5.856
-5.639
-5.425
-5.244
-5.098
-5.026
-5.019
-4.983
-4.922
-4.943
-4.99
-5.024
-5.144
-5.407
-5.791
-6.187
-6.528
-6.816
-7.024
-7.086
-7.016
-6.956
-7.02
-7.233
-7.499
-7.78
-7.973
-7.866
-7.385
-6.727
-6.19
-5.922
-5.87
-5.856
-5.779
-5.629
-5.398
-5.071
-4.691
-4.321
-3.987
-3.765
-3.726
-3.822
-3.858
-3.801
-3.835
-4.092
-4.455
-4.74
-4.761
-4.437
-3.935
-3.427
-2.992
-2.638
-2.334
-2.082
-1.866
-1.612
-1.165
-0.485
0.249
0.846
1.297
1.655
1.887
2.023
2.132
2.148
1.982
1.637
1.15
0.596
0.036
-0.522
-0.993
-1.27
-1.46
-1.71
-2.027
-2.327
-2.595
-2.801
-2.839
-2.631
-2.343
-2.155
-2.032
-1.818
-1.433
-0.977
-0.635
-0.503
-0.567
-0.814
-1.19
-1.574
-1.839
-1.857
-1.531
-0.975
-0.429
-0.079
0.045
0.038
-0.065
-0.299
-0.619
-0.905
-1.009
-0.971
-0.93
-0.896
-0.816
-0.739
-0.708
-0.748
-0.809
-0.857
-0.927
-1.05
-1.109
-0.977
-0.671
-0.435
-0.533
-0.995
-1.658
-2.32
-2.814
-3.093
-3.157
-2.93
-2.533
-2.327
-2.545
-3.062
-3.651
-4.199
-4.609
-4.806
-4.745
-4.557
-4.423
-4.387
-4.427
-4.561
-4.806
-5.115
-5.419
-5.725
-6.001
-6.106
-5.949
-5.543
-5.005
-4.459
-3.955
-3.525
-3.238
-3.042
-2.799
-2.397
-1.839
-1.272
-0.719
-0.224
0.136
0.288
0.204
-0.077
-0.431
-0.755
-1.091
-1.477
-2.007
-2.785
-3.674
-4.43
-4.97
-5.405
-5.888
-6.526
-7.202
-7.571
-7.562
-7.431
-7.295
-7.008
-6.498
-5.922
-5.482
-5.235
-5.049
-4.738
-4.309
-3.978
-3.858
-3.833
-3.756
-3.618
-3.416
-3.143
-2.917
-2.771
-2.624
-2.597
-2.824
-3.193
-3.422
-3.414
-3.243
-2.987
-2.635
-2.205
-1.764
-1.499
-1.442
-1.444
-1.356
-1.256
-1.225
-1.157
-0.795
-0.152
0.506
0.921
1.039
1.034
1.082
1.19
1.247
1.218
1.293
1.578
1.814
1.69
1.263
0.875
0.617
0.301
-0.138
-0.514
-0.653
-0.648
-0.669
-0.812
-1.088
-1.372
-1.61
-1.909
-2.409
-3.048
-3.651
-4.08
-4.42
-4.817
-5.199
-5.278
-4.965
-4.441
-4.017
-3.772
-3.552
-3.252
-2.973
-2.864
-2.932
-2.965
-2.76
-2.381
-2.025
-1.764
-1.526
-1.165
-0.71
-0.399
-0.41
-0.574
-0.685
-0.716
-0.73
-0.812
-0.921
-0.882
-0.705
-0.542
-0.479
-0.451
-0.39
-0.349
-0.442
-0.667
-0.878
-0.902
-0.685
-0.358
-0.043
0.256
0.609
1.023
1.411
1.574
1.456
1.313
1.265
1.05
0.514
-0.179
-0.855
-1.431
-1.967
-2.497
-2.892
-2.99
-2.824
-2.68
-2.821
-3.23
-3.749
-4.241
-4.645
-5.028
-5.46
-5.774
-5.813
-5.693
-5.684
-5.834
-5.96
-5.854
-5.536
-5.249
-5.158
-5.151
-5.069
-4.997
-5.069
-5.276
-5.433
-5.394
-5.128
-4.711
-4.237
-3.731
-3.255
-2.831
-2.56
-2.547
-2.887
-3.504
-4.189
-4.797
-5.282
-5.532
-5.521
-5.328
-4.983
-4.586
-4.389
-4.543
-4.929
-5.298
-5.575
-5.729
-5.573
-5.088
-4.498
-3.955
-3.49
-3.157
-3.017
-2.987
-2.91
-2.672
-2.356
-2.084
-1.853
-1.601
-1.417
-1.551
-2.077
-2.804
-3.447
-3.924
-4.425
-5.024
-5.518
-5.734
-5.845
-6.151
-6.682
-7.242
-7.671
-8.027
-8.392
-8.674
-8.569
-7.969
-7.12
-6.342
-5.886
-5.852
-6.129
-6.549
-7.059
-7.533
-7.764
-7.7
-7.358
-6.875
-6.403
-6.07
-5.904
-5.893
-6.001
-6.09
-6.028
-5.931
-6.02
-6.301
-6.569
-6.8
-7.134
-7.63
-8.147
-8.403
-8.136
-7.413
-6.498
-5.584
-4.702
-3.887
-3.286
-2.998
-2.917
-2.769
-2.44
-2.037
-1.669
-1.343
-0.984
-0.587
-0.229
0.014
0.158
0.272
0.342
0.394
0.51
0.642
0.771
0.941
1.118
1.17
1.134
1.105
1.034
0.812
0.465
0.233
0.29
0.544
0.733
0.744
0.648
0.594
0.621
0.615
0.487
0.251
-0.006
-0.295
-0.7
-1.229
-1.762
-2.277
-2.849
-3.62
-4.593
-5.629
-6.584
-7.428
-8.099
-8.572
-8.992
-9.502
-10.153
-10.856
-11.55
-12.251
-12.952
-13.56
-13.923
-14.109
-14.365
-14.782
-15.293
-15.769
-16.077
-16.159
-16.098
-15.948
-15.748
-15.606
-15.526
-15.426
-15.256
-14.993
-14.632
-14.197
-13.659
-13.022
-12.337
-11.756
-11.33
-10.978
-10.602
-10.107
-9.456
-8.669
-7.884
-7.169
-6.363
-5.369
-4.284
-3.207
-2.227
-1.288
-0.243
0.9
1.944
2.812
3.575
4.108
4.224
3.912
3.424
3.039
2.839
2.787
2.779
2.738
2.692
2.672
2.713
2.812
2.828
2.622
2.286
2.05
2.014
2.068
2.002
1.794
1.558
1.265
0.735
-0.009
-0.728
-1.179
-1.313
-1.279
-1.215
-1.147
-1.086
-0.993
-0.882
-0.853
-0.991
-1.313
-1.723
-2.1
-2.429
-2.706
-2.874
-3.012
-3.176
-3.282
-3.309
-3.279
-3.112
-2.742
-2.205
-1.608
-0.932
-0.016
1.122
2.186
2.926
3.368
3.651
3.894
4.176
4.532
5.135
6.074
7.179
8.182
8.998
9.71
10.339
10.763
10.914
10.876
10.772
10.711
10.679
10.538
10.18
9.651
9.066
8.522
8.029
7.664
7.481
7.444
7.355
7.068
6.621
6.133
5.709
5.385
5.071
4.652
4.219
4.019
4.085
4.327
4.666
5.04
5.364
5.568
5.557
5.319
4.972
4.738
4.65
4.491
4.089
3.48
2.758
2.07
1.44
0.857
0.34
-0.034
-0.229
-0.338
-0.494
-0.728
-0.934
-1
-0.921
-0.787
-0.714
-0.755
-0.861
-1.027
-1.245
-1.401
-1.411
-1.329
-1.143
-0.828
-0.394
0.082
0.516
0.83
1.077
1.311
1.515
1.526
1.138
0.365
-0.474
-1.111
-1.562
-2.032
-2.57
-2.994
-3.064
-2.726
-2.15
-1.499
-0.733
0.222
1.263
2.163
2.753
3.132
3.529
3.942
4.182
4.146
4.005
4.128
4.656
5.389
6.051
6.523
6.791
6.904
6.755
6.187
5.244
4.319
3.693
3.232
2.535
1.497
0.376
-0.605
-1.431
-2.177
-2.971
-3.679
-4.008
-3.933
-3.738
-3.517
-3.137
-2.572
-2.027
-1.632
-1.318
-0.948
-0.528
-0.179
0.009
0.213
0.675
1.361
1.953
2.288
2.413
2.445
2.535
2.678
2.858
3.18
3.666
4.087
4.255
4.216
4.171
4.189
4.128
3.856
3.432
3.039
2.821
2.887
3.173
3.502
3.874
4.412
5.142
5.929
6.65
7.24
7.725
8.161
8.633
9.068
9.363
9.531
9.608
9.42
8.841
8
7.169
6.508
5.999
5.5
4.856
4.051
3.234
2.542
1.909
1.172
0.424
-0.102
-0.417
-0.798
-1.324
-1.705
-1.719
-1.517
-1.268
-0.971
-0.635
-0.31
0.043
0.494
1.127
2
3.035
4.033
4.72
4.933
4.726
4.226
3.608
3.139
2.949
2.985
3.137
3.209
3.017
2.542
1.969
1.539
1.252
0.959
0.75
0.88
1.324
1.767
1.934
1.878
1.733
1.51
1.2
0.902
0.66
0.553
0.775
1.419
2.368
3.327
3.982
4.189
3.969
3.386
2.595
1.818
1.223
0.832
0.519
0.136
-0.295
-0.673
-1.064
-1.658
-2.5
-3.393
-4.044
-4.391
-4.566
-4.65
-4.604
-4.396
-4.083
-3.786
-3.708
-3.935
-4.239
-4.305
-3.974
-3.343
-2.52
-1.562
-0.607
0.152
0.542
0.519
0.369
0.39
0.479
0.444
0.322
0.301
0.435
0.553
0.469
0.27
0.227
0.353
0.437
0.306
0.059
-0.061
0.077
0.372
0.655
0.914
1.215
1.465
1.488
1.363
1.379
1.705
2.243
2.688
2.86
2.924
3.171
3.55
3.783
3.618
3.13
2.638
2.193
1.635
0.848
-0.068
-0.925
-1.587
-2.073
-2.459
-2.817
-3.166
-3.538
-4.062
-4.697
-5.16
-5.224
-5.083
-5.119
-5.478
-6.011
-6.423
-6.664
-6.902
-7.183
-7.394
-7.406
-7.292
-7.22
-7.177
-6.988
-6.628
-6.256
-6.115
-6.305
-6.737
-7.231
-7.705
-8.197
-8.723
-9.141
-9.195
-8.894
-8.501
-8.215
-8.059
-7.986
-8.041
-8.202
-8.324
-8.25
-7.998
-7.696
-7.403
-7
-6.4
-5.761
-5.296
-5.061
-4.972
-4.933
-4.806
-4.377
-3.647
-2.894
-2.314
-1.905
-1.595
-1.356
-1.188
-1.079
-0.961
-0.714
-0.297
0.181
0.537
0.685
0.671
0.553
0.378
0.111
-0.322
-0.834
-1.198
-1.256
-1.079
-0.812
-0.467
-0.049
0.306
0.433
0.251
-0.179
-0.702
-1.184
-1.451
-1.488
-1.506
-1.821
-2.469
-3.277
-4.042
-4.795
-5.684
-6.601
-7.258
-7.614
-7.959
-8.564
-9.374
-10.143
-10.767
-11.355
-11.94
-12.337
-12.389
-12.199
-11.888
-11.48
-11.01
-10.635
-10.461
-10.391
-10.252
-9.973
-9.549
-8.899
-7.977
-6.89
-5.875
-5.083
-4.588
-4.387
-4.305
-4.139
-3.874
-3.666
-3.593
-3.441
-2.967
-2.266
-1.635
-1.17
-0.725
-0.21
0.186
0.293
0.179
0.156
0.476
1.068
1.658
2.107
2.454
2.779
3.052
3.087
2.876
2.708
2.992
3.796
4.731
5.337
5.514
5.38
5.022
4.416
3.69
3.139
2.919
2.826
2.57
2.132
1.708
1.419
1.25
1
0.576
0.004
-0.592
-1.109
-1.572
-1.946
-2.043
-1.725
-1.127
-0.496
0.004
0.204
0.061
-0.358
-0.916
-1.399
-1.574
-1.386
-0.919
-0.429
-0.158
-0.095
-0.074
0.045
0.268
0.465
0.501
0.338
-0.043
-0.553
-0.9
-0.9
-0.692
-0.547
-0.603
-0.768
-0.88
-0.878
-0.809
-0.766
-0.755
-0.723
-0.587
-0.299
0.047
0.206
0.097
-0.088
-0.079
0.21
0.619
0.921
1.052
1.093
1.091
1.082
1.177
1.477
1.93
2.368
2.631
2.706
2.69
2.697
2.76
2.839
2.885
2.885
2.853
2.808
2.763
2.618
2.393
2.286
2.395
2.547
2.52
2.213
1.725
1.256
1.025
1.1
1.361
1.458
1.13
0.454
-0.283
-0.812
-1.012
-0.909
-0.698
-0.458
-0.19
0.072
0.227
0.177
-0.059
-0.274
-0.224
0.104
0.524
0.893
1.161
1.22
1.012
0.733
0.621
0.735
0.971
1.184
1.324
1.483
1.887
2.59
3.432
4.098
4.327
4.203
4.017
3.953
3.917
3.917
4.092
4.42
4.629
4.573
4.475
4.543
4.699
4.763
4.716
4.722
4.872
5.013
4.988
4.751
4.319
3.744
3.125
2.535
1.957
1.324
0.721
0.386
0.442
0.737
0.916
0.789
0.424
-0.124
-0.818
-1.469
-1.862
-1.911
-1.678
-1.297
-0.914
-0.698
-0.712
-0.893
-1.088
-1.193
-1.138
-0.88
-0.421
0.134
0.626
0.884
0.961
1.059
1.195
1.316
1.436
1.581
1.771
2.032
2.341
2.758
3.395
4.164
4.888
5.532
6.197
6.961
7.764
8.429
8.764
8.733
8.492
8.213
8.043
7.969
8
8.263
8.735
9.198
9.474
9.57
9.494
9.164
8.644
8.225
8.175
8.469
8.828
8.955
8.742
8.254
7.56
6.834
6.342
6.285
6.564
6.938
7.342
7.83
8.285
8.556
8.56
8.275
7.732
7.027
6.41
6.197
6.385
6.689
6.85
6.795
6.578
6.21
5.734
5.264
4.902
4.731
4.804
5.14
5.666
6.349
7.192
8.12
8.868
9.295
9.492
9.649
9.796
9.951
10.223
10.701
11.278
11.809
12.176
12.135
11.541
10.615
9.635
8.773
8.072
7.444
6.809
6.084
5.183
4.101
3.089
2.415
2.159
2.2
2.341
2.497
2.61
2.587
2.347
1.88
1.324
0.959
0.927
1.084
1.229
1.283
1.367
1.592
1.823
1.778
1.409
0.888
0.41
-0.038
-0.474
-0.78
-0.798
-0.578
-0.363
-0.467
-1.041
-1.841
-2.547
-3.048
-3.307
-3.309
-3.071
-2.552
-1.821
-1.134
-0.71
-0.51
-0.303
0.145
0.716
1.193
1.537
1.855
2.211
2.601
2.987
3.359
3.69
3.92
3.98
3.912
3.754
3.525
3.277
3.107
3.06
3.06
3.096
3.228
3.368
3.359
3.2
3.014
2.878
2.742
2.511
2.259
2.209
2.481
2.889
3.135
3.176
3.302
3.72
4.385
5.058
5.593
6.001
6.332
6.483
6.224
5.659
5.23
5.187
5.346
5.43
5.242
4.745
4.131
3.495
2.742
1.816
0.964
0.44
0.192
0.022
-0.102
-0.082
0.15
0.572
1.052
1.456
1.74
1.914
1.916
1.751
1.626
1.839
2.399
2.973
3.248
3.223
3.176
3.252
3.447
3.651
3.749
3.759
3.666
3.314
2.552
1.549
0.71
0.299
0.197
0.102
-0.018
0.172
0.809
1.617
2.3
2.899
3.538
4.123
4.432
4.312
3.833
3.277
2.965
3.096
3.683
4.489
5.26
5.85
6.292
6.698
7.097
7.372
7.462
7.335
6.915
6.272
5.627
5.156
4.833
4.498
4.085
3.59
2.996
2.184
1.14
0.188
-0.413
-0.775
-1.016
-0.984
-0.494
0.34
1.184
1.789
2.143
2.322
2.234
1.694
0.725
-0.394
-1.404
-2.186
-2.672
-2.869
-2.93
-3.021
-3.145
-3.255
-3.377
-3.57
-3.794
-3.922
-3.982
-4.139
-4.505
-4.97
-5.269
-5.371
-5.389
-5.221
-4.726
-3.947
-3.039
-2.091
-1.061
0.07
1.122
1.805
2.004
1.785
1.225
0.53
-0.09
-0.474
-0.612
-0.665
-0.812
-1.07
-1.322
-1.57
-1.841
-2.102
-2.316
-2.52
-2.787
-2.998
-3.03
-2.944
-2.876
-2.819
-2.742
-2.585
-2.379
-2.188
-2.009
-1.778
-1.397
-0.78
0.086
1.172
2.463
3.935
5.421
6.709
7.714
8.522
9.143
9.549
9.74
9.663
9.25
8.569
7.83
7.272
6.954
6.811
6.787
6.865
7.016
7.138
7.134
7.061
7.002
6.961
6.921
6.772
6.483
6.229
6.158
6.256
6.421
6.687
7.107
7.596
7.973
8.157
8.215
8.256
8.281
8.177
7.876
7.415
6.915
6.4
5.852
5.264
4.668
4.196
3.858
3.54
3.223
3.019
3.019
3.284
3.765
4.302
4.745
5.112
5.489
5.745
5.689
5.43
5.342
5.611
6.049
6.371
6.571
6.814
7.101
7.249
7.299
7.492
7.954
8.504
8.855
9.012
9.243
9.633
9.894
9.74
9.277
8.692
8.059
7.355
6.559
5.802
5.242
4.867
4.575
4.255
3.92
3.679
3.606
3.613
3.565
3.384
3.211
3.153
3.155
3.166
3.252
3.414
3.604
3.729
3.688
3.595
3.627
3.656
3.393
2.833
2.263
1.83
1.415
0.898
0.369
-0.027
-0.233
-0.342
-0.503
-0.737
-0.961
-1.154
-1.422
-1.791
-2.218
-2.642
-2.957
-3.019
-2.862
-2.565
-2.145
-1.576
-0.866
-0.136
0.446
0.905
1.283
1.531
1.553
1.358
1.157
1.152
1.291
1.454
1.632
1.905
2.32
2.801
3.153
3.311
3.289
3.114
2.856
2.604
2.402
2.236
2.03
1.719
1.288
0.789
0.392
0.293
0.503
0.888
1.39
2.084
2.949
3.747
4.275
4.543
4.65
4.554
4.239
3.894
3.708
3.695
3.747
3.726
3.61
3.472
3.264
2.844
2.259
1.733
1.502
1.626
2.055
2.667
3.275
3.703
3.833
3.622
3.18
2.66
2.252
2.134
2.322
2.642
2.951
3.273
3.513
3.468
3.153
2.773
2.397
1.932
1.291
0.469
-0.417
-1.145
-1.632
-2.025
-2.456
-2.889
-3.228
-3.441
-3.552
-3.641
-3.693
-3.57
-3.221
-2.787
-2.508
-2.595
-3.089
-3.765
-4.452
-5.14
-5.779
-6.174
-6.294
-6.317
-6.448
-6.644
-6.855
-7.129
-7.41
-7.594
-7.741
-7.891
-8.029
-8.215
-8.496
-8.81
-9.082
-9.284
-9.356
-9.281
-9.15
-8.936
-8.603
-8.15
-7.617
-7.041
-6.521
-6.106
-5.736
-5.307
-4.713
-3.889
-2.955
-2.097
-1.379
-0.762
-0.247
0.177
0.499
0.671
0.68
0.646
0.758
1.074
1.504
1.866
2.073
2.173
2.286
2.42
2.465
2.352
2.211
2.159
2.177
2.175
2.163
2.238
2.535
3.096
3.742
4.271
4.643
4.981
5.319
5.435
5.212
4.908
4.734
4.593
4.239
3.711
3.234
2.91
2.522
1.862
1.016
0.202
-0.56
-1.401
-2.361
-3.334
-4.148
-4.754
-5.194
-5.518
-5.668
-5.575
-5.38
-5.373
-5.661
-6.099
-6.415
-6.405
-6.172
-5.977
-5.906
-5.827
-5.648
-5.489
-5.462
-5.462
-5.284
-4.877
-4.432
-4.158
-4.092
-4.119
-4.11
-4.162
-4.418
-4.749
-4.847
-4.609
-4.205
-3.903
-3.711
-3.429
-2.899
-2.306
-1.977
-1.971
-2.075
-2.141
-2.246
-2.459
-2.672
-2.642
-2.266
-1.737
-1.424
-1.504
-1.694
-1.674
-1.46
-1.324
-1.283
-1.198
-1.068
-1.018
-1.074
-1.163
-1.198
-1.066
-0.76
-0.435
-0.158
0.124
0.454
0.78
0.966
0.821
0.392
-0.059
-0.449
-0.805
-1.041
-0.971
-0.667
-0.34
-0.152
-0.088
-0.07
0.018
0.202
0.406
0.547
0.621
0.725
0.932
1.223
1.488
1.705
1.919
2.141
2.261
2.19
1.95
1.674
1.472
1.299
1.097
0.946
0.921
0.957
0.907
0.601
0.041
-0.526
-0.861
-1.025
-1.236
-1.567
-1.864
-2.057
-2.225
-2.424
-2.724
-3.116
-3.522
-3.835
-4.01
-4.112
-4.185
-4.248
-4.339
-4.54
-4.822
-5.162
-5.573
-6.001
-6.365
-6.562
-6.573
-6.425
-6.167
-5.856
-5.639
-5.67
-5.913
-6.244
-6.614
-6.983
-7.306
-7.517
-7.621
-7.626
-7.489
-7.229
-6.956
-6.709
-6.501
-6.369
-6.299
-6.167
-5.861
-5.353
-4.774
-4.178
-3.545
-2.935
-2.44
-2.027
-1.617
-1.113
-0.485
0.217
0.977
1.748
2.352
2.68
2.779
2.633
2.19
1.529
0.878
0.449
0.27
0.183
0.088
-0.079
-0.295
-0.501
-0.68
-0.787
-0.801
-0.7
-0.458
-0.079
0.317
0.669
1.05
1.497
1.923
2.232
2.415
2.527
2.59
2.479
2.173
1.769
1.37
1.002
0.574
0.036
-0.544
-1.091
-1.655
-2.283
-2.951
-3.615
-4.209
-4.754
-5.321
-5.933
-6.51
-6.848
-6.772
-6.462
-6.192
-5.886
-5.389
-4.788
-4.323
-4.133
-4.089
-3.924
-3.658
-3.493
-3.493
-3.586
-3.656
-3.666
-3.583
-3.384
-3.162
-2.935
-2.626
-2.309
-2.221
-2.384
-2.665
-2.917
-2.99
-2.905
-2.819
-2.733
-2.508
-2.184
-1.955
-1.876
-1.803
-1.68
-1.635
-1.646
-1.658
-1.728
-1.853
-1.93
-1.826
-1.37
-0.63
0.072
0.553
0.861
0.944
0.71
0.301
0.045
-0.016
-0.065
-0.224
-0.547
-1.05
-1.628
-2.195
-2.631
-2.721
-2.538
-2.368
-2.359
-2.504
-2.831
-3.314
-3.847
-4.373
-4.895
-5.289
-5.475
-5.507
-5.555
-5.661
-5.727
-5.659
-5.489
-5.394
-5.382
-5.373
-5.402
-5.559
-5.838
-6.063
-6.011
-5.605
-5.067
-4.709
-4.77
-5.149
-5.573
-5.904
-6.183
-6.435
-6.603
-6.7
-6.822
-7.038
-7.26
-7.326
-7.188
-6.9
-6.578
-6.394
-6.405
-6.539
-6.759
-7.138
-7.696
-8.295
-8.737
-8.909
-8.903
-8.855
-8.789
-8.551
-8.014
-7.363
-6.907
-6.843
-7.138
-7.585
-7.996
-8.39
-8.737
-8.758
-8.275
-7.512
-6.828
-6.392
-6.163
-6.02
-5.958
-5.922
-5.716
-5.28
-4.854
-4.625
-4.518
-4.319
-4.035
-3.862
-3.837
-3.738
-3.443
-3.025
-2.64
-2.359
-2.025
-1.512
-0.946
-0.514
-0.24
0.07
0.642
1.524
2.511
3.457
4.359
5.162
5.718
5.956
5.988
5.968
6.008
6.206
6.537
6.88
7.154
7.29
7.183
6.85
6.353
5.686
4.85
3.872
2.799
1.742
0.733
-0.376
-1.715
-3.291
-4.881
-6.088
-6.838
-7.549
-8.469
-9.42
-10.205
-10.967
-12.044
-13.546
-15.147
-16.451
-17.325
-17.989
-18.686
-19.359
-19.777
-20.018
-20.423
-21.222
-22.275
-23.141
-23.441
-23.311
-23.079
-22.8
-22.259
-21.365
-20.281
-19.192
-18.137
-17.057
-15.939
-14.837
-13.775
-12.652
-11.307
-9.79
-8.392
-7.306
-6.446
-5.629
-4.792
-4.087
-3.482
-2.781
-1.866
-0.839
0.082
0.698
1.029
1.225
1.297
1.107
0.669
0.295
0.256
0.539
0.896
1.093
1.107
1.059
1.1
1.215
1.211
1.02
0.839
0.977
1.539
2.291
2.808
3.05
3.196
3.329
3.384
3.304
3.214
3.23
3.248
3.1
2.67
1.907
0.995
0.249
-0.2
-0.396
-0.503
-0.574
-0.628
-0.741
-0.896
-0.952
-0.888
-0.809
-0.648
-0.336
0.145
0.712
1.27
1.833
2.42
3
3.52
3.883
4.026
4.092
4.382
4.995
5.772
6.51
7.113
7.603
8.041
8.381
8.531
8.343
7.873
7.39
6.977
6.462
5.732
4.881
4.128
3.633
3.407
3.321
3.259
3.178
3.075
2.924
2.549
1.876
1.198
0.778
0.609
0.435
0.063
-0.394
-0.644
-0.669
-0.696
-0.818
-0.909
-0.801
-0.553
-0.328
-0.243
-0.27
-0.317
-0.274
-0.235
-0.31
-0.465
-0.567
-0.499
-0.279
-0.052
0.156
0.514
1.105
1.753
2.304
2.824
3.345
3.783
4.023
4.008
3.869
3.786
3.759
3.651
3.475
3.414
3.543
3.647
3.661
3.806
4.187
4.62
4.856
4.836
4.691
4.618
4.577
4.425
4.103
3.679
3.178
2.545
1.649
0.487
-0.735
-1.756
-2.442
-2.839
-3.057
-3.186
-3.282
-3.436
-3.74
-4.232
-4.844
-5.482
-6.136
-6.848
-7.503
-7.943
-7.971
-7.571
-6.986
-6.378
-5.739
-5.071
-4.498
-4.148
-3.915
-3.507
-2.905
-2.32
-1.841
-1.399
-0.871
-0.317
-0.024
-0.09
-0.188
0
0.429
0.893
1.258
1.567
1.907
2.175
2.246
2.263
2.495
2.967
3.422
3.679
3.734
3.688
3.715
3.972
4.41
4.788
5.019
5.276
5.707
6.151
6.29
6.084
5.94
6.07
6.214
6.115
5.741
5.224
4.718
4.337
4.133
4.03
4.046
4.224
4.327
4.01
3.359
2.821
2.733
2.982
3.214
3.228
3.083
2.806
2.407
1.932
1.46
1.136
1.064
1.218
1.395
1.268
0.733
0.147
-0.152
-0.099
0.19
0.572
0.991
1.488
2.009
2.486
2.965
3.536
4.067
4.282
4.071
3.6
3.005
2.391
1.889
1.678
1.771
2.066
2.495
2.839
2.765
2.243
1.612
1.195
1.054
1.113
1.291
1.533
1.694
1.708
1.676
1.753
1.932
2.093
2.08
1.764
1.308
1.014
1.05
1.311
1.703
2.225
2.699
2.914
2.835
2.547
2.148
1.753
1.576
1.646
1.676
1.438
1.07
0.834
0.805
0.771
0.582
0.297
0.011
-0.288
-0.646
-1.097
-1.651
-2.2
-2.615
-2.939
-3.341
-3.767
-3.951
-3.799
-3.447
-3.093
-2.894
-2.765
-2.604
-2.506
-2.583
-2.706
-2.574
-2.03
-1.318
-0.816
-0.612
-0.451
-0.238
-0.165
-0.331
-0.585
-0.716
-0.653
-0.539
-0.547
-0.632
-0.644
-0.578
-0.533
-0.655
-0.946
-1.209
-1.25
-1.066
-0.787
-0.481
-0.136
0.22
0.458
0.44
0.15
-0.258
-0.508
-0.512
-0.361
-0.12
0.188
0.456
0.456
0.079
-0.492
-0.991
-1.279
-1.318
-1.167
-0.896
-0.547
-0.213
-0.115
-0.429
-1.086
-1.851
-2.535
-3.05
-3.511
-3.86
-3.84
-3.409
-2.826
-2.3
-1.841
-1.472
-1.295
-1.358
-1.597
-1.791
-1.737
-1.436
-1.111
-0.971
-1.165
-1.628
-2.175
-2.57
-2.744
-2.719
-2.525
-2.232
-2.004
-1.98
-2.163
-2.556
-3.257
-4.239
-5.271
-6.16
-6.902
-7.517
-7.905
-7.921
-7.526
-7
-6.657
-6.546
-6.578
-6.721
-6.981
-7.403
-7.841
-7.975
-7.752
-7.546
-7.705
-8.263
-9.016
-9.744
-10.366
-10.919
-11.429
-11.731
-11.588
-11.012
-10.329
-9.823
-9.426
-8.934
-8.392
-8.097
-8.206
-8.471
-8.533
-8.363
-8.177
-8
-7.605
-6.87
-6.013
-5.301
-4.643
-3.765
-2.672
-1.615
-0.823
-0.338
0.061
0.58
1.134
1.517
1.773
2.062
2.442
2.821
3.085
3.25
3.5
3.969
4.475
4.652
4.391
3.996
3.751
3.59
3.329
2.98
2.828
3.007
3.282
3.364
3.184
2.781
2.25
1.701
1.22
0.76
0.336
-0.072
-0.585
-1.252
-2.019
-2.749
-3.329
-3.754
-4.123
-4.616
-5.224
-5.754
-6.185
-6.709
-7.401
-8.127
-8.803
-9.399
-9.876
-10.195
-10.402
-10.552
-10.686
-10.876
-11.105
-11.319
-11.563
-11.931
-12.369
-12.657
-12.641
-12.326
-11.765
-10.992
-10.187
-9.447
-8.789
-8.172
-7.549
-6.83
-5.968
-5.036
-4.098
-3.246
-2.449
-1.581
-0.558
0.454
1.254
1.887
2.467
2.996
3.459
3.967
4.6
5.26
5.87
6.405
6.82
6.986
6.8
6.423
6.21
6.358
6.694
6.961
7.179
7.34
7.194
6.644
5.915
5.357
5.071
4.908
4.738
4.52
4.162
3.641
3.066
2.638
2.386
2.141
1.841
1.542
1.229
0.868
0.44
-0.065
-0.615
-1.122
-1.481
-1.572
-1.472
-1.34
-1.26
-1.316
-1.539
-1.826
-2.105
-2.393
-2.658
-2.742
-2.481
-1.86
-0.966
0.15
1.34
2.32
2.878
3.03
2.831
2.404
1.989
1.821
1.98
2.266
2.533
2.869
3.216
3.241
2.715
1.851
1.157
0.891
0.946
1.161
1.483
1.878
2.225
2.345
2.205
1.998
1.869
1.721
1.517
1.388
1.522
1.957
2.554
3.048
3.241
3.216
3.25
3.477
3.754
3.879
3.779
3.475
3.03
2.615
2.381
2.325
2.246
1.905
1.37
0.941
0.851
0.989
1.138
1.193
1.138
0.981
0.753
0.671
0.864
1.218
1.544
1.896
2.347
2.814
3.105
3.121
3
2.967
3.189
3.703
4.473
5.262
5.802
6.031
6.056
6.036
5.999
5.84
5.455
4.963
4.577
4.45
4.602
4.824
5.013
5.237
5.45
5.505
5.423
5.369
5.457
5.629
5.793
5.968
6.097
6.001
5.591
4.972
4.359
4.033
4.187
4.689
5.205
5.391
5.09
4.475
3.822
3.241
2.76
2.268
1.721
1.143
0.596
0.206
0.057
0.029
-0.072
-0.31
-0.651
-1.037
-1.304
-1.446
-1.585
-1.751
-1.837
-1.71
-1.297
-0.682
-0.084
0.338
0.454
0.288
0.065
-0.018
0.016
0.054
0.086
0.22
0.508
0.875
1.193
1.456
1.669
1.748
1.655
1.592
1.909
2.721
3.765
4.706
5.468
6.165
6.766
7.172
7.492
8.011
8.841
9.883
10.976
12.01
12.784
13.149
13.122
12.845
12.487
12.167
11.945
11.861
11.854
11.883
11.951
12.094
12.312
12.392
12.158
11.625
10.917
10.173
9.479
8.855
8.32
7.898
7.555
7.208
6.818
6.496
6.369
6.326
6.115
5.677
5.257
4.965
4.779
4.677
4.645
4.765
5.117
5.725
6.501
7.308
7.993
8.504
8.864
9.139
9.361
9.467
9.479
9.406
9.227
9.037
9.025
9.281
9.692
10.009
9.989
9.574
8.868
8.036
7.242
6.65
6.317
6.111
5.834
5.38
4.856
4.375
3.978
3.695
3.472
3.304
3.291
3.502
3.827
4.119
4.346
4.588
4.815
4.908
4.797
4.609
4.475
4.439
4.373
4.251
4.051
3.715
3.171
2.506
1.896
1.411
1.061
0.957
1.079
1.22
1.211
1.143
1.147
1.26
1.372
1.426
1.512
1.703
1.939
2.084
2.087
2.06
2.132
2.279
2.44
2.742
3.293
3.906
4.255
4.255
4.055
3.86
3.801
3.774
3.517
2.971
2.32
1.773
1.397
1.07
0.721
0.344
-0.047
-0.487
-0.998
-1.456
-1.658
-1.617
-1.502
-1.519
-1.671
-1.723
-1.469
-1.07
-0.875
-0.884
-0.698
-0.016
1.014
1.977
2.708
3.334
4.021
4.672
5.042
5.131
5.199
5.35
5.373
5.135
4.743
4.368
4.126
4.017
3.86
3.424
2.749
2.105
1.708
1.502
1.413
1.585
2.143
2.994
3.824
4.563
5.375
6.201
6.698
6.759
6.652
6.698
6.87
6.959
6.877
6.759
6.793
6.963
7.086
7.104
7.031
6.873
6.537
5.879
4.85
3.645
2.474
1.431
0.544
-0.09
-0.41
-0.471
-0.344
-0.142
-0.014
-0.038
-0.142
-0.179
-0.124
-0.095
-0.068
0.122
0.544
1.086
1.578
2
2.452
2.919
3.261
3.293
2.985
2.488
1.98
1.374
0.603
-0.147
-0.615
-0.702
-0.542
-0.386
-0.417
-0.673
-1.047
-1.465
-1.937
-2.427
-2.76
-2.796
-2.57
-2.238
-1.88
-1.442
-0.896
-0.406
-0.154
-0.011
0.26
0.721
1.19
1.424
1.37
1.233
1.202
1.179
0.995
0.716
0.587
0.733
1.052
1.399
1.694
1.934
2.062
1.959
1.547
1.016
0.609
0.421
0.396
0.462
0.619
0.944
1.44
1.857
1.932
1.751
1.544
1.291
0.851
0.147
-0.712
-1.361
-1.515
-1.252
-0.866
-0.519
-0.238
-0.065
-0.22
-0.946
-2.055
-2.965
-3.329
-3.372
-3.452
-3.703
-3.91
-3.869
-3.67
-3.548
-3.511
-3.382
-3.107
-2.899
-3.035
-3.422
-3.656
-3.502
-3.06
-2.601
-2.175
-1.612
-0.843
-0.068
0.489
0.834
1.274
1.909
2.354
2.205
1.619
1.109
0.914
0.868
0.728
0.594
0.785
1.343
1.88
2.06
1.921
1.851
2.136
2.56
2.769
2.758
2.86
3.334
4.04
4.593
4.922
5.292
5.834
6.335
6.471
6.167
5.786
5.749
6.086
6.514
6.893
7.306
7.857
8.374
8.587
8.492
8.326
8.347
8.463
8.354
8.004
7.828
7.952
8.089
7.938
7.626
7.51
7.678
7.848
7.8
7.607
7.406
7.222
7
6.639
6.165
5.725
5.423
5.196
4.917
4.693
4.795
5.253
5.807
6.142
6.156
6.033
5.952
5.829
5.539
5.196
5.044
5.146
5.296
5.28
5.154
5.14
5.289
5.473
5.591
5.793
6.229
6.777
7.181
7.322
7.299
7.292
7.276
7.063
6.483
5.596
4.672
3.887
3.209
2.604
2.238
2.288
2.676
3.191
3.604
3.831
3.937
3.947
3.754
3.35
2.869
2.465
2.184
1.818
1.202
0.574
0.231
0.167
0.156
0.097
0.122
0.34
0.698
1.034
1.256
1.417
1.615
1.88
2.184
2.361
2.352
2.184
1.98
1.808
1.508
1.002
0.479
0.188
0.124
0.088
-0.018
-0.07
0.086
0.308
0.342
0.072
-0.336
-0.75
-1.102
-1.506
-1.946
-2.243
-2.248
-2.097
-2.039
-2.132
-2.17
-2.004
-1.665
-1.308
-1.095
-0.989
-0.848
-0.68
-0.617
-0.716
-0.851
-0.851
-0.741
-0.719
-0.888
-1.175
-1.347
-1.25
-0.961
-0.723
-0.582
-0.429
-0.235
-0.086
-0.027
0.034
0.21
0.485
0.762
0.971
1.061
1.143
1.338
1.497
1.431
1.231
1.154
1.258
1.329
1.181
0.873
0.685
0.73
0.875
0.981
1.107
1.343
1.622
1.696
1.409
0.909
0.46
0.122
-0.158
-0.429
-0.537
-0.297
0.333
1.077
1.592
1.76
1.744
1.635
1.308
0.735
0.129
-0.306
-0.63
-1.041
-1.488
-1.742
-1.696
-1.504
-1.299
-1.184
-1.209
-1.343
-1.519
-1.669
-1.74
-1.669
-1.488
-1.268
-1.159
-1.277
-1.626
-2.009
-2.225
-2.283
-2.442
-2.763
-3.06
-3.211
-3.329
-3.52
-3.708
-3.726
-3.455
-2.939
-2.411
-2.107
-2.097
-2.286
-2.656
-3.23
-3.908
-4.495
-4.858
-5.088
-5.371
-5.702
-5.865
-5.736
-5.489
-5.412
-5.514
-5.636
-5.77
-6.042
-6.503
-7
-7.231
-7
-6.458
-6.006
-5.815
-5.675
-5.364
-4.926
-4.536
-4.292
-4.185
-4.18
-4.251
-4.385
-4.511
-4.534
-4.441
-4.319
-4.3
-4.382
-4.393
-4.137
-3.57
-2.856
-2.173
-1.608
-1.136
-0.71
-0.347
-0.131
-0.057
-0.014
0.115
0.313
0.516
0.755
1.037
1.265
1.331
1.218
0.964
0.63
0.249
-0.136
-0.485
-0.733
-0.823
-0.733
-0.637
-0.753
-1.165
-1.663
-2.06
-2.42
-2.763
-2.965
-2.99
-2.976
-3.017
-2.978
-2.713
-2.213
-1.558
-0.855
-0.258
0.088
0.129
-0.043
-0.19
-0.251
-0.351
-0.519
-0.626
-0.626
-0.558
-0.394
-0.061
0.406
0.826
1.002
0.843
0.433
-0.057
-0.544
-0.968
-1.286
-1.409
-1.291
-1.088
-0.984
-1.023
-1.105
-1.088
-0.946
-0.714
-0.446
-0.195
-0.07
-0.165
-0.444
-0.778
-1.105
-1.451
-1.839
-2.238
-2.583
-2.887
-3.248
-3.726
-4.23
-4.695
-5.149
-5.607
-5.997
-6.237
-6.297
-6.258
-6.158
-6.004
-5.865
-5.84
-5.995
-6.297
-6.707
-7.134
-7.431
-7.596
-7.748
-7.966
-8.19
-8.401
-8.564
-8.567
-8.372
-8.077
-7.843
-7.664
-7.444
-7.202
-7.038
-6.945
-6.834
-6.586
-6.226
-5.888
-5.698
-5.654
-5.602
-5.385
-4.997
-4.534
-4.071
-3.561
-2.837
-1.919
-0.952
-0.07
0.744
1.522
2.148
2.445
2.393
2.252
2.229
2.343
2.62
3.032
3.465
3.774
3.819
3.583
3.178
2.69
2.166
1.753
1.592
1.658
1.748
1.803
1.896
2.093
2.225
2.163
1.896
1.424
0.855
0.408
0.263
0.413
0.793
1.372
1.969
2.327
2.227
1.781
1.329
1.097
0.884
0.564
0.317
0.301
0.367
0.281
-0.043
-0.503
-0.868
-1.039
-1.184
-1.492
-1.898
-2.227
-2.379
-2.438
-2.515
-2.595
-2.486
-2.143
-1.733
-1.46
-1.188
-0.667
0.009
0.535
0.803
0.95
1.12
1.343
1.585
1.876
2.195
2.442
2.54
2.49
2.391
2.3
2.225
2.1
1.818
1.39
0.93
0.506
0.129
-0.229
-0.465
-0.489
-0.374
-0.326
-0.39
-0.429
-0.344
-0.186
-0.068
-0.036
-0.024
-0.029
-0.115
-0.338
-0.63
-0.907
-1.163
-1.512
-1.989
-2.577
-3.223
-3.876
-4.511
-5.053
-5.446
-5.643
-5.698
-5.734
-5.913
-6.235
-6.576
-6.816
-7.024
-7.238
-7.428
-7.496
-7.406
-7.227
-7.014
-6.816
-6.739
-6.811
-6.97
-7.14
-7.231
-7.127
-6.807
-6.376
-6.001
-5.766
-5.7
-5.82
-6.045
-6.167
-6.065
-5.784
-5.5
-5.26
-4.983
-4.693
-4.503
-4.441
-4.534
-4.79
-5.133
-5.48
-5.802
-6.131
-6.417
-6.51
-6.349
-6.092
-6.008
-6.199
-6.605
-7.024
-7.34
-7.576
-7.725
-7.669
-7.355
-6.941
-6.655
-6.555
-6.498
-6.335
-6.061
-5.686
-5.189
-4.689
-4.377
-4.321
-4.447
-4.641
-4.811
-4.897
-4.858
-4.804
-4.765
-4.768
-4.915
-5.267
-5.725
-6.129
-6.367
-6.417
-6.392
-6.344
-6.172
-5.704
-4.981
-4.166
-3.331
-2.472
-1.721
-1.281
-1.167
-1.2
-1.27
-1.351
-1.374
-1.14
-0.582
0.15
0.826
1.404
1.932
2.361
2.608
2.717
2.728
2.574
2.177
1.558
0.76
-0.227
-1.236
-1.984
-2.42
-2.812
-3.45
-4.234
-4.842
-5.137
-5.224
-5.284
-5.33
-5.214
-4.908
-4.666
-4.693
-4.897
-5.058
-5.178
-5.487
-6.086
-6.772
-7.231
-7.421
-7.576
-7.853
-8.143
-8.197
-7.984
-7.762
-7.741
-7.911
-8.157
-8.378
-8.605
-8.939
-9.393
-9.817
-10.187
-10.615
-11.06
-11.255
-10.982
-10.25
-9.259
-8.134
-6.865
-5.571
-4.579
-4.123
-4.046
-3.99
-3.824
-3.588
-3.309
-3.01
-2.746
-2.513
-2.345
-2.345
-2.495
-2.59
-2.393
-1.973
-1.587
-1.277
-0.944
-0.644
-0.585
-0.919
-1.556
-2.349
-3.178
-4.015
-4.792
-5.369
-5.654
-5.652
-5.389
-5.042
-4.757
-4.633
-4.77
-5.16
-5.543
-5.534
-5.083
-4.645
-4.568
-4.779
-4.997
-5.117
-5.255
-5.559
-5.995
-6.276
-6.179
-5.815
-5.493
-5.394
-5.398
-5.312
-5.255
-5.561
-6.303
-7.14
-7.723
-8.034
-8.336
-8.73
-9.029
-9.005
-8.685
-8.281
-8.011
-7.866
-7.651
-7.258
-6.745
-6.237
-5.825
-5.439
-4.99
-4.475
-3.949
-3.424
-2.842
-2.155
-1.477
-0.923
-0.454
0.004
0.303
0.421
0.512
0.687
0.966
1.288
1.624
1.989
2.374
2.711
2.949
3.112
3.248
3.311
3.302
3.298
3.329
3.375
3.472
3.742
4.248
4.968
5.82
6.637
7.206
7.431
7.308
6.966
6.546
6.106
5.707
5.416
5.271
5.242
5.271
5.38
5.712
6.239
6.687
6.787
6.594
6.365
6.317
6.326
6.208
5.954
5.693
5.568
5.557
5.478
5.247
5.058
5.049
5.164
5.249
5.267
5.391
5.689
5.92
5.956
6.001
6.335
6.991
7.632
7.789
7.374
6.714
6.124
5.546
4.89
4.237
3.717
3.395
3.271
3.257
3.279
3.296
3.186
2.828
2.259
1.572
0.896
0.386
0.097
-0.102
-0.224
-0.243
-0.27
-0.501
-0.979
-1.583
-2.105
-2.422
-2.606
-2.769
-2.837
-2.656
-2.318
-2.097
-2.143
-2.304
-2.372
-2.252
-1.98
-1.678
-1.376
-0.986
-0.549
-0.233
-0.018
0.22
0.483
0.694
0.744
0.665
0.635
0.841
1.245
1.585
1.626
1.39
1.084
0.884
0.755
0.632
0.605
0.878
1.431
2.023
2.492
2.919
3.309
3.545
3.573
3.543
3.656
3.91
4.201
4.482
4.731
4.922
5.042
5.056
4.888
4.638
4.466
4.42
4.43
4.393
4.224
3.947
3.701
3.586
3.509
3.429
3.5
3.668
3.674
3.457
3.189
3.003
2.835
2.565
2.198
1.901
1.844
1.982
2.159
2.266
2.347
2.407
2.469
2.54
2.542
2.291
1.751
1.179
0.771
0.481
0.281
0.256
0.351
0.413
0.326
0.084
-0.175
-0.249
-0.022
0.299
0.524
0.572
0.437
0.181
-0.045
-0.063
0.107
0.483
1.082
1.744
2.216
2.384
2.311
2.205
2.322
2.649
2.953
3.066
3.01
2.849
2.699
2.694
2.864
3.159
3.55
3.953
4.083
3.715
3.066
2.549
2.356
2.341
2.256
2.109
2.052
1.991
1.783
1.417
1.097
1.023
1.127
1.145
0.902
0.351
-0.353
-0.905
-1.113
-0.868
-0.202
0.665
1.406
1.767
1.632
1.181
0.832
0.866
1.231
1.694
2.032
2.19
2.341
2.593
2.928
3.321
3.742
4.083
4.284
4.334
4.219
3.987
3.852
3.917
4.205
4.561
4.72
4.466
3.899
3.343
3.085
3.107
3.298
3.565
3.806
3.862
3.672
3.314
3.05
3.085
3.441
4.008
4.55
4.738
4.571
4.253
3.819
3.264
2.579
1.781
0.914
0.006
-0.925
-1.74
-2.393
-2.971
-3.477
-3.933
-4.398
-4.847
-5.262
-5.707
-5.981
-5.777
-5.162
-4.516
-4.221
-4.203
-4.168
-3.994
-3.703
-3.348
-2.992
-2.628
-2.155
-1.592
-1.143
-0.857
-0.564
-0.12
0.217
0.088
-0.516
-1.27
-1.814
-2.066
-2.143
-2.157
-2.159
-2.114
-2.06
-2.073
-2.159
-2.097
-1.678
-1.118
-0.791
-0.873
-1.181
-1.446
-1.597
-1.703
-1.785
-1.798
-1.781
-1.751
-1.764
-1.891
-2.134
-2.331
-2.248
-1.903
-1.472
-1.113
-0.888
-0.966
-1.449
-2.193
-3.05
-3.885
-4.593
-5.103
-5.47
-5.865
-6.417
-7.022
-7.587
-8.075
-8.392
-8.549
-8.678
-8.816
-8.896
-8.948
-9.016
-9.009
-8.755
-8.222
-7.603
-7.134
-6.868
-6.669
-6.433
-6.129
-5.809
-5.514
-5.194
-4.852
-4.606
-4.561
-4.772
-5.178
-5.673
-6.224
-6.743
-7.076
-7.167
-7.081
-6.873
-6.58
-6.287
-6.061
-5.865
-5.679
-5.528
-5.317
-4.879
-4.162
-3.377
-2.665
-2.016
-1.485
-1.243
-1.424
-1.894
-2.209
-2.055
-1.49
-0.798
-0.152
0.433
0.959
1.336
1.485
1.384
1.109
0.771
0.456
0.2
-0.027
-0.249
-0.503
-0.702
-0.823
-1.072
-1.678
-2.615
-3.588
-4.307
-4.72
-5.051
-5.514
-6.038
-6.483
-6.805
-7.122
-7.451
-7.748
-7.943
-8.006
-8.072
-8.356
-8.837
-9.232
-9.395
-9.519
-9.914
-10.606
-11.207
-11.423
-11.314
-11.035
-10.608
-10.102
-9.665
-9.461
-9.574
-9.951
-10.534
-11.269
-11.949
-12.35
-12.314
-11.888
-11.193
-10.429
-9.71
-9.005
-8.275
-7.551
-6.873
-6.265
-5.741
-5.337
-5.094
-4.844
-4.418
-3.827
-3.141
-2.442
-1.796
-1.225
-0.766
-0.417
-0.124
0.158
0.437
0.7
0.925
1.118
1.286
1.431
1.446
1.311
1.122
1.023
1.047
1.079
1.02
0.989
1.014
1.009
0.909
0.809
0.692
0.499
0.288
0.158
0.099
0.034
-0.002
0.097
0.235
0.227
-0.02
-0.421
-0.83
-1.218
-1.565
-1.688
-1.406
-0.807
-0.179
0.227
0.383
0.381
0.217
-0.088
-0.381
-0.544
-0.601
-0.632
-0.758
-0.954
-0.981
-0.702
-0.231
0.274
0.755
1.12
1.376
1.522
1.529
1.477
1.497
1.73
2.184
2.631
2.924
3.103
3.329
3.658
3.899
3.86
3.656
3.443
3.207
2.942
2.658
2.341
1.95
1.562
1.353
1.424
1.608
1.59
1.299
0.902
0.596
0.442
0.435
0.587
0.864
1.179
1.388
1.438
1.399
1.419
1.632
2.019
2.325
2.422
2.445
2.556
2.699
2.694
2.525
2.349
2.295
2.263
2.068
1.637
1.064
0.506
0.018
-0.394
-0.644
-0.76
-0.957
-1.392
-2.035
-2.66
-3.052
-3.198
-3.193
-3.139
-3.062
-2.926
-2.79
-2.665
-2.49
-2.241
-1.955
-1.619
-1.25
-0.941
-0.682
-0.506
-0.456
-0.424
-0.229
0.188
0.721
1.238
1.56
1.599
1.485
1.419
1.465
1.542
1.578
1.655
1.921
2.479
3.269
4.069
4.754
5.251
5.534
5.654
5.712
5.761
5.911
6.249
6.927
7.964
9.141
10.203
11.005
11.387
11.241
10.693
10.187
10.098
10.427
10.892
11.23
11.171
10.474
9.265
7.907
6.632
5.443
4.296
3.275
2.522
2.05
1.626
1.016
0.206
-0.692
-1.551
-2.236
-2.633
-2.713
-2.54
-2.198
-1.762
-1.343
-0.971
-0.644
-0.449
-0.501
-0.758
-0.971
-0.812
-0.224
0.467
0.944
1.17
1.291
1.336
1.213
0.916
0.547
0.251
0.102
0.093
0.172
0.367
0.712
1.068
1.227
1.143
1.023
1.256
2.062
3.141
3.996
4.559
5.108
5.757
6.378
6.797
7.054
7.415
8.082
8.95
9.951
11.028
12.024
12.578
12.48
11.945
11.334
10.846
10.47
10.13
9.826
9.701
9.858
10.05
9.942
9.463
8.889
8.494
8.231
7.925
7.632
7.562
7.698
7.771
7.694
7.644
7.828
8.245
8.624
8.75
8.633
8.501
8.551
8.733
8.846
8.74
8.488
8.318
8.318
8.411
8.517
8.667
8.876
9.109
9.215
9.205
9.195
9.2
8.98
8.417
7.682
7.056
6.544
5.947
5.249
4.697
4.491
4.609
4.709
4.55
4.228
3.933
3.688
3.515
3.563
3.949
4.627
5.312
5.741
5.925
6.008
6.106
6.115
5.87
5.362
4.774
4.327
4.123
4.11
4.201
4.373
4.554
4.618
4.495
4.296
4.067
3.699
3.153
2.604
2.216
1.95
1.646
1.233
0.861
0.71
0.832
1.147
1.581
2.175
2.914
3.593
4.01
4.16
4.207
4.201
4.033
3.558
2.885
2.306
1.987
1.839
1.733
1.665
1.628
1.544
1.367
1.177
1.068
0.984
0.909
0.907
0.973
1.113
1.353
1.637
1.801
1.703
1.347
0.93
0.723
0.748
0.834
0.93
1.111
1.431
1.785
2.064
2.304
2.601
2.846
2.907
2.849
2.866
3.03
3.228
3.354
3.422
3.459
3.468
3.486
3.507
3.465
3.372
3.327
3.311
3.132
2.726
2.349
2.213
2.27
2.404
2.549
2.665
2.711
2.522
2.068
1.651
1.68
2.141
2.731
3.271
3.824
4.48
5.135
5.588
5.791
5.856
5.859
5.818
5.757
5.695
5.611
5.428
5.092
4.704
4.337
4.013
3.761
3.61
3.45
3.228
3.064
3.103
3.252
3.343
3.429
3.633
3.84
3.924
3.962
4.148
4.647
5.269
5.625
5.493
5.017
4.532
4.241
4.073
3.889
3.674
3.61
3.765
4.028
4.232
4.337
4.346
4.226
3.86
3.284
2.76
2.459
2.372
2.37
2.288
2.182
2.248
2.445
2.542
2.438
2.186
1.846
1.417
0.855
0.19
-0.372
-0.702
-0.939
-1.347
-1.953
-2.495
-2.697
-2.552
-2.304
-2.13
-1.957
-1.812
-1.887
-2.218
-2.558
-2.699
-2.635
-2.434
-2.048
-1.49
-0.888
-0.451
-0.19
-0.059
-0.084
-0.333
-0.764
-1.188
-1.488
-1.746
-1.971
-2.012
-1.812
-1.539
-1.415
-1.49
-1.646
-1.803
-2.043
-2.424
-2.828
-2.965
-2.742
-2.372
-2.037
-1.68
-1.218
-0.653
-0.117
0.233
0.338
0.233
-0.031
-0.431
-0.939
-1.442
-1.748
-1.771
-1.615
-1.451
-1.39
-1.318
-1.102
-0.853
-0.71
-0.66
-0.533
-0.192
0.426
1.265
2.243
3.264
4.182
4.879
5.414
5.952
6.491
6.888
7.049
7.049
6.934
6.679
6.319
6.026
6.051
6.433
6.904
7.27
7.61
8.011
8.411
8.699
8.839
8.926
9.089
9.316
9.506
9.567
9.554
9.595
9.821
10.271
10.815
11.171
11.226
11.073
10.833
10.522
10.121
9.726
9.454
9.286
9.202
9.182
9.12
8.95
8.705
8.492
8.372
8.268
8.122
8.05
8.231
8.601
8.934
9.147
9.268
9.277
9.054
8.581
7.971
7.376
6.886
6.505
6.317
6.425
6.752
7.12
7.467
7.81
8.136
8.454
8.775
9.1
9.386
9.581
9.637
9.481
9.029
8.351
7.764
7.453
7.238
6.898
6.505
6.235
6.097
5.968
5.863
5.747
5.473
5.001
4.368
3.615
2.853
2.13
1.46
0.861
0.338
-0.281
-1.041
-1.705
-2.084
-2.27
-2.445
-2.633
-2.699
-2.527
-2.3
-2.397
-2.942
-3.647
-4.269
-4.883
-5.625
-6.408
-7.004
-7.383
-7.662
-7.916
-7.986
-7.696
-7.104
-6.451
-5.865
-5.335
-4.797
-4.178
-3.465
-2.738
-2.039
-1.338
-0.702
-0.2
0.22
0.648
1.014
1.316
1.644
2.039
2.486
2.965
3.465
3.91
4.232
4.596
5.131
5.761
6.262
6.605
6.884
7.179
7.476
7.712
7.814
7.866
7.966
8.097
8.268
8.628
9.147
9.597
9.871
10.042
10.125
10.062
9.864
9.633
9.325
8.919
8.479
8.066
7.723
7.444
7.154
6.848
6.682
6.666
6.578
6.303
5.888
5.421
4.885
4.171
3.302
2.477
1.773
1.093
0.413
-0.202
-0.76
-1.413
-2.186
-3.083
-4.11
-5.216
-6.167
-6.85
-7.326
-7.669
-7.785
-7.61
-7.303
-6.963
-6.682
-6.625
-6.888
-7.372
-7.859
-8.209
-8.444
-8.601
-8.522
-8.062
-7.338
-6.586
-5.888
-5.226
-4.623
-4.185
-3.967
-3.924
-3.972
-4.019
-4.094
-4.298
-4.575
-4.702
-4.548
-4.237
-3.994
-3.874
-3.774
-3.548
-3.209
-2.876
-2.565
-2.211
-1.833
-1.524
-1.367
-1.318
-1.236
-1.079
-0.927
-0.884
-0.952
-1.102
-1.361
-1.748
-2.157
-2.393
-2.434
-2.42
-2.495
-2.61
-2.663
-2.672
-2.776
-3.085
-3.531
-3.953
-4.251
-4.498
-4.786
-5.131
-5.507
-5.856
-6.106
-6.283
-6.448
-6.423
-6.045
-5.495
-5.128
-5.022
-4.972
-4.858
-4.679
-4.489
-4.302
-4.141
-3.965
-3.722
-3.42
-3.055
-2.656
-2.259
-1.841
-1.429
-1.213
-1.336
-1.733
-2.18
-2.469
-2.527
-2.445
-2.334
-2.193
-2.027
-1.905
-1.88
-1.903
-1.853
-1.746
-1.644
-1.585
-1.51
-1.279
-0.764
-0.045
0.694
1.372
2.016
2.628
3.132
3.402
3.477
3.561
3.759
4.005
4.255
4.489
4.645
4.598
4.201
3.47
2.68
2.128
1.86
1.685
1.436
1.105
0.837
0.646
0.344
-0.177
-0.7
-0.959
-1.045
-1.22
-1.502
-1.717
-1.828
-1.962
-2.198
-2.497
-2.801
-3.176
-3.683
-4.294
-4.92
-5.475
-5.92
-6.197
-6.31
-6.365
-6.417
-6.448
-6.518
-6.716
-6.948
-7.018
-6.886
-6.648
-6.378
-6.097
-5.879
-5.779
-5.689
-5.457
-5.103
-4.822
-4.681
-4.536
-4.261
-3.889
-3.529
-3.135
-2.624
-2.046
-1.565
-1.297
-1.204
-1.068
-0.748
-0.361
-0.036
0.245
0.485
0.716
0.948
1.204
1.472
1.698
1.821
1.76
1.424
0.848
0.268
-0.086
-0.195
-0.306
-0.589
-0.932
-1.181
-1.308
-1.322
-1.24
-1.147
-1.177
-1.279
-1.326
-1.306
-1.363
-1.539
-1.717
-1.805
-1.896
-2.012
-2.097
-2.184
-2.339
-2.599
-2.969
-3.3
-3.402
-3.321
-3.3
-3.461
-3.736
-3.985
-4.185
-4.275
-4.168
-3.935
-3.734
-3.641
-3.722
-3.928
-4.121
-4.221
-4.302
-4.377
-4.332
-4.141
-4.019
-4.164
-4.493
-4.863
-5.189
-5.55
-6.111
-6.855
-7.503
-7.878
-8.02
-8.057
-8.009
-7.845
-7.551
-7.26
-7.084
-6.977
-6.807
-6.48
-6.008
-5.394
-4.627
-3.813
-3.069
-2.379
-1.651
-0.9
-0.22
0.374
0.93
1.442
1.83
2.118
2.469
2.887
3.329
3.79
4.182
4.241
3.79
2.982
2.097
1.277
0.526
-0.156
-0.667
-0.936
-1.157
-1.535
-2.109
-2.744
-3.35
-3.933
-4.527
-5.101
-5.46
-5.521
-5.353
-5.013
-4.557
-4.083
-3.729
-3.52
-3.379
-3.284
-3.279
-3.318
-3.286
-3.203
-3.159
-3.241
-3.366
-3.522
-3.817
-4.282
-4.815
-5.278
-5.619
-5.865
-6.022
-6.088
-6.058
-5.929
-5.772
-5.72
-5.727
-5.646
-5.421
-5.115
-4.745
-4.261
-3.573
-2.756
-2.066
-1.592
-1.084
-0.324
0.576
1.263
1.556
1.592
1.624
1.678
1.624
1.406
1.17
1.034
0.902
0.594
0.034
-0.635
-1.175
-1.517
-1.776
-2.035
-2.248
-2.376
-2.488
-2.622
-2.724
-2.758
-2.731
-2.658
-2.52
-2.372
-2.314
-2.381
-2.434
-2.295
-1.926
-1.404
-0.839
-0.413
-0.215
-0.22
-0.367
-0.585
-0.789
-0.939
-1.184
-1.624
-2.118
-2.542
-2.971
-3.513
-4.139
-4.668
-4.951
-5.096
-5.373
-5.867
-6.349
-6.673
-6.895
-7.086
-7.249
-7.353
-7.297
-7.049
-6.795
-6.741
-6.78
-6.664
-6.363
-6.081
-6.026
-6.262
-6.591
-6.8
-7.006
-7.349
-7.675
-7.81
-7.818
-7.878
-8.029
-8.202
-8.318
-8.449
-8.687
-8.934
-8.998
-8.926
-8.971
-9.295
-9.56
-9.338
-8.592
-7.723
-7.104
-6.634
-6.081
-5.588
-5.526
-5.915
-6.371
-6.553
-6.596
-6.809
-6.968
-6.637
-5.836
-5.003
-4.441
-4.133
-3.876
-3.573
-3.354
-3.379
-3.554
-3.548
-3.196
-2.708
-2.349
-2.168
-2.125
-2.155
-2.268
-2.527
-2.824
-2.876
-2.558
-2.066
-1.599
-1.102
-0.458
0.27
0.893
1.256
1.386
1.665
2.359
3.277
4.112
4.691
5.005
5.137
5.167
5.151
5.074
4.99
4.947
4.879
4.72
4.543
4.244
3.649
2.715
1.485
0.061
-1.374
-2.638
-3.738
-4.813
-5.904
-6.945
-7.843
-8.647
-9.552
-10.665
-11.806
-12.616
-12.847
-12.727
-12.629
-12.668
-12.824
-13.226
-14.09
-15.302
-16.495
-17.329
-17.724
-17.726
-17.468
-17.067
-16.697
-16.49
-16.511
-16.728
-17.182
-17.797
-18.33
-18.588
-18.668
-18.702
-18.57
-18.08
-17.311
-16.517
-15.846
-15.19
-14.351
-13.303
-12.23
-11.153
-9.944
-8.578
-7.252
-6.07
-4.976
-3.872
-2.703
-1.456
-0.215
0.952
2.107
3.221
4.078
4.464
4.407
4.144
3.999
4.171
4.638
5.309
6.124
6.911
7.272
6.877
5.85
4.638
3.525
2.495
1.502
0.667
0.247
0.274
0.489
0.609
0.56
0.363
0.077
-0.183
-0.374
-0.512
-0.564
-0.474
-0.367
-0.476
-0.925
-1.533
-2.13
-2.656
-3.118
-3.411
-3.368
-2.899
-2.248
-1.828
-1.851
-2.229
-2.751
-3.325
-3.98
-4.563
-4.804
-4.616
-4.075
-3.4
-2.821
-2.349
-1.926
-1.574
-1.245
-0.801
-0.097
0.916
2.173
3.517
4.827
6.051
7.138
7.966
8.429
8.524
8.403
8.37
8.542
8.812
9.012
9.112
9.05
8.678
7.952
7.131
6.451
5.807
5.11
4.464
3.908
3.497
3.159
2.672
1.994
1.25
0.526
-0.097
-0.512
-0.612
-0.315
0.467
1.556
2.587
3.286
3.734
4.119
4.445
4.503
4.207
3.783
3.488
3.296
2.946
2.436
2.025
1.789
1.646
1.502
1.388
1.446
1.787
2.136
2.261
2.211
2.12
2.039
1.88
1.599
1.322
1.206
1.349
1.756
2.223
2.502
2.635
2.711
2.749
2.808
2.919
3.255
4.04
5.03
5.741
5.867
5.369
4.536
3.538
2.218
0.66
-0.609
-1.376
-1.789
-2.107
-2.422
-2.49
-2.209
-1.998
-2.391
-3.434
-4.65
-5.443
-5.802
-6.097
-6.451
-6.707
-6.609
-6.07
-5.464
-5.106
-4.799
-4.221
-3.432
-2.694
-2.19
-1.801
-1.19
-0.403
0.009
-0.301
-0.995
-1.358
-1.152
-0.702
-0.351
-0.19
-0.038
0.251
0.558
0.607
0.492
0.596
1.043
1.655
2.213
2.765
3.459
4.178
4.577
4.43
3.897
3.375
3.139
3.155
3.298
3.525
4.003
4.861
5.877
6.584
6.741
6.508
6.222
6.079
5.807
5.208
4.596
4.28
4.153
3.872
3.334
2.667
2.277
2.331
2.459
2.283
1.944
1.86
2.082
2.236
2.016
1.492
1.095
1.105
1.311
1.27
1.097
1.399
2.345
3.323
3.711
3.613
3.615
4.028
4.482
4.579
4.493
4.772
5.607
6.562
6.884
6.274
5.298
4.577
4.155
3.647
2.971
2.459
2.472
2.912
3.271
3.211
2.903
2.897
3.286
3.5
3.114
2.556
2.52
3.044
3.55
3.699
3.776
4.126
4.711
5.135
5.026
4.611
4.495
5.019
5.935
6.755
7.115
7.179
7.213
7.052
6.392
5.237
4.071
3.393
3
2.227
1.034
0.063
-0.276
-0.308
-0.628
-1.306
-1.862
-1.962
-1.841
-1.894
-2.202
-2.447
-2.291
-1.95
-1.994
-2.647
-3.465
-3.945
-4.08
-4.078
-4.03
-3.849
-3.414
-2.783
-2.379
-2.64
-3.389
-4.033
-4.282
-4.314
-4.216
-3.933
-3.457
-2.957
-2.773
-3.064
-3.67
-4.319
-4.788
-5.076
-5.362
-5.528
-5.205
-4.273
-3.083
-2.1
-1.517
-1.052
-0.483
0.034
0.342
0.555
0.989
1.849
2.889
3.622
3.897
3.894
3.796
3.701
3.452
3.06
2.751
2.556
2.157
1.397
0.435
-0.489
-1.068
-1.213
-1.125
-1.032
-0.826
-0.279
0.429
0.789
0.642
0.26
-0.09
-0.336
-0.56
-0.714
-0.458
0.358
1.431
2.374
2.939
3.071
2.826
2.223
1.356
0.578
0.243
0.458
1.027
1.551
1.665
1.313
0.698
0.029
-0.694
-1.529
-2.291
-2.703
-2.76
-2.713
-2.658
-2.642
-2.715
-3.007
-3.618
-4.4
-5.162
-5.829
-6.358
-6.691
-6.816
-6.848
-6.988
-7.303
-7.725
-8.172
-8.637
-9.118
-9.413
-9.356
-9.1
-8.907
-8.885
-9.077
-9.527
-10.139
-10.767
-11.382
-11.91
-12.126
-11.869
-11.226
-10.542
-9.964
-9.288
-8.397
-7.526
-7.072
-7.041
-6.97
-6.596
-6.076
-5.664
-5.208
-4.416
-3.225
-2.002
-1.116
-0.651
-0.383
-0.138
0.024
0.009
-0.061
0.061
0.516
1.22
1.942
2.492
2.93
3.307
3.545
3.55
3.382
3.203
3.1
3.052
2.998
2.962
2.978
3.003
2.828
2.291
1.51
0.871
0.612
0.657
0.635
0.349
-0.054
-0.381
-0.678
-1.299
-2.418
-3.842
-5.226
-6.396
-7.355
-8.099
-8.589
-8.775
-8.755
-8.798
-9.116
-9.556
-9.851
-9.973
-10.089
-10.293
-10.525
-10.625
-10.416
-9.953
-9.49
-9.1
-8.651
-8.002
-7.163
-6.39
-5.927
-5.741
-5.571
-5.342
-5.199
-5.221
-5.219
-4.917
-4.382
-3.926
-3.744
-3.722
-3.527
-3.035
-2.413
-1.88
-1.485
-1.079
-0.516
0.136
0.655
1.05
1.553
2.354
3.348
4.255
4.904
5.421
6.02
6.569
6.752
6.51
6.101
5.739
5.555
5.561
5.668
5.867
6.174
6.419
6.355
5.908
5.176
4.282
3.331
2.454
1.781
1.456
1.619
2.03
2.159
1.773
1.154
0.587
-0.018
-0.823
-1.705
-2.374
-2.656
-2.742
-2.903
-3.13
-3.216
-3.112
-2.987
-3.017
-3.228
-3.443
-3.393
-2.99
-2.422
-1.887
-1.481
-1.136
-0.866
-0.864
-1.157
-1.316
-0.957
-0.165
0.766
1.688
2.61
3.509
4.133
4.187
3.701
3.112
2.897
