Unnamed: 3
Value
3.516
3.645
3.654
3.547
3.391
3.296
3.287
3.341
3.464
3.675
3.879
3.972
3.956
3.924
3.976
4.089
4.255
4.425
4.455
4.359
4.33
4.409
4.462
4.457
4.484
4.484
4.346
4.183
4.183
4.296
4.434
4.613
4.827
4.986
5.011
4.888
4.695
4.514
4.389
4.407
4.55
4.666
4.659
4.588
4.525
4.5
4.48
4.43
4.418
4.466
4.548
4.67
4.788
4.833
4.827
4.809
4.847
4.865
4.738
4.532
4.387
4.323
4.337
4.38
4.38
4.371
4.425
4.514
4.593
4.611
4.598
4.616
4.586
4.378
4.031
3.706
3.504
3.443
3.495
3.634
3.835
4.071
4.285
4.357
4.262
4.135
4.035
3.917
3.738
3.563
3.516
3.64
3.763
3.792
3.847
4.01
4.18
4.246
4.233
4.217
4.285
4.425
4.516
4.552
4.622
4.693
4.682
4.593
4.475
4.43
4.53
4.716
4.861
4.881
4.829
4.824
4.87
4.852
4.818
4.92
5.187
5.478
5.698
5.906
6.129
6.389
6.562
6.526
6.365
6.281
6.34
6.396
6.387
6.43
6.612
6.855
7.095
7.274
7.385
7.485
7.633
7.798
7.816
7.721
7.694
7.746
7.728
7.626
7.614
7.732
7.939
8.211
8.513
8.774
9.025
9.293
9.44
9.388
9.316
9.359
9.381
9.268
9.116
9.041
9.091
9.236
9.388
9.518
9.719
10.026
10.368
10.616
10.631
10.5
10.352
10.166
9.903
9.622
9.32
9.021
8.912
9.082
9.377
9.733
10.121
10.361
10.361
10.271
10.13
9.819
9.366
8.978
8.853
8.973
9.13
9.241
9.338
9.486
9.624
9.613
9.449
9.2
8.898
8.66
8.57
8.542
8.422
8.279
8.284
8.413
8.458
8.379
8.358
8.463
8.456
8.241
7.998
7.828
7.635
7.412
7.238
7.161
7.156
7.206
7.36
7.551
7.71
7.794
7.758
7.519
7.041
6.449
5.922
5.605
5.523
5.507
5.476
5.546
5.748
5.977
6.038
5.927
5.721
5.419
5.047
4.65
4.224
3.842
3.629
3.527
3.446
3.439
3.581
3.853
4.119
4.296
4.425
4.489
4.403
4.144
3.806
3.584
3.493
3.466
3.441
3.475
3.652
3.894
4.139
4.319
4.375
4.296
4.108
3.885
3.72
3.62
3.55
3.575
3.724
3.833
3.892
4.01
4.183
4.323
4.391
4.341
4.153
3.926
3.761
3.609
3.455
3.416
3.529
3.702
3.847
3.994
4.176
4.319
4.314
4.094
3.718
3.352
3.06
2.765
2.556
2.579
2.778
3.055
3.436
3.908
4.316
4.53
4.598
4.568
4.35
3.89
3.389
3.019
2.769
2.724
2.956
3.359
3.82
4.359
4.897
5.167
5.072
4.781
4.48
4.251
4.017
3.727
3.493
3.504
3.767
4.046
4.117
4.121
4.246
4.371
4.334
4.226
4.149
4.04
3.938
3.879
3.783
3.663
3.693
3.885
4.076
4.121
4.087
4.126
4.185
4.031
3.661
3.284
3.035
2.944
2.931
3.055
3.352
3.747
4.04
4.058
3.844
3.541
3.239
3.014
2.797
2.499
2.166
1.96
1.971
2.066
2.08
2.118
2.273
2.438
2.404
2.202
1.964
1.744
1.519
1.116
0.533
-0.072
-0.458
-0.517
-0.37
-0.111
0.29
0.85
1.313
1.402
1.082
0.546
0.009
-0.429
-0.778
-1.068
-1.299
-1.42
-1.352
-1.118
-0.846
-0.596
-0.363
-0.202
-0.195
-0.283
-0.37
-0.438
-0.465
-0.483
-0.533
-0.558
-0.524
-0.476
-0.42
-0.31
-0.097
0.209
0.458
0.497
0.315
0.081
-0.072
-0.113
-0.034
0.238
0.574
0.798
0.955
1.102
1.202
1.236
1.17
1.016
0.889
0.796
0.703
0.701
0.798
0.937
1.084
1.252
1.404
1.386
1.213
1.164
1.263
1.338
1.361
1.356
1.322
1.286
1.327
1.44
1.583
1.717
1.823
1.923
2.05
2.141
2.173
2.173
2.125
1.966
1.703
1.433
1.29
1.265
1.247
1.22
1.188
1.218
1.415
1.697
1.923
2.055
2.105
2.118
2.087
1.787
1.109
0.336
-0.202
-0.646
-1.109
-1.436
-1.529
-1.381
-0.973
-0.392
0.172
0.512
0.574
0.392
-0.109
-0.934
-1.851
-2.608
-3.055
-3.293
-3.575
-3.835
-3.829
-3.57
-3.318
-3.166
-3.064
-3.021
-3.135
-3.38
-3.643
-3.788
-3.838
-3.974
-4.271
-4.695
-5.108
-5.346
-5.448
-5.507
-5.539
-5.496
-5.355
-5.228
-5.235
-5.36
-5.537
-5.634
-5.519
-5.321
-5.231
-5.219
-5.142
-5.026
-5.092
-5.426
-5.906
-6.31
-6.499
-6.439
-6.206
-5.856
-5.419
-4.929
-4.541
-4.398
-4.441
-4.607
-4.82
-5.029
-5.226
-5.319
-5.206
-4.992
-4.833
-4.723
-4.545
-4.239
-3.84
-3.414
-3.026
-2.735
-2.486
-2.23
-2.098
-2.273
-2.744
-3.232
-3.455
-3.389
-3.16
-2.776
-2.178
-1.433
-0.803
-0.417
-0.281
-0.363
-0.501
-0.549
-0.546
-0.553
-0.555
-0.472
-0.301
-0.177
-0.181
-0.247
-0.249
-0.224
-0.15
0.038
0.333
0.676
1.018
1.263
1.279
1.098
0.862
0.723
0.653
0.555
0.501
0.576
0.728
0.805
0.83
0.857
0.955
1.15
1.377
1.624
1.899
2.191
2.429
2.518
2.506
2.529
2.529
2.409
2.236
2.209
2.388
2.79
3.377
3.958
4.421
4.815
5.176
5.382
5.369
5.21
5.103
5.14
5.215
5.206
5.178
5.231
5.414
5.691
5.975
6.215
6.442
6.719
7.057
7.336
7.458
7.483
7.503
7.49
7.406
7.277
7.252
7.447
7.739
7.927
8.041
8.238
8.465
8.628
8.765
8.887
8.978
9.05
9.105
9.125
9.118
9.044
8.925
8.787
8.556
8.22
7.961
7.921
8.046
8.243
8.472
8.735
8.971
9.071
8.923
8.579
8.25
7.991
7.676
7.306
7.02
6.911
6.875
6.87
6.879
6.893
6.932
7.034
7.081
6.927
6.639
6.38
6.163
5.934
5.725
5.51
5.231
5.011
4.947
4.881
4.666
4.378
4.096
3.754
3.325
2.837
2.316
1.923
1.717
1.603
1.599
1.778
2.046
2.198
2.178
2.062
1.926
1.724
1.359
0.932
0.601
0.469
0.526
0.658
0.8
0.982
1.182
1.333
1.377
1.263
0.916
0.361
-0.175
-0.606
-1.023
-1.381
-1.603
-1.715
-1.697
-1.486
-1.202
-1.023
-0.968
-0.993
-1.114
-1.452
-1.985
-2.533
-3.001
-3.334
-3.47
-3.339
-3.01
-2.663
-2.379
-2.114
-1.842
-1.656
-1.656
-1.798
-1.937
-2.062
-2.227
-2.363
-2.423
-2.436
-2.361
-2.202
-2.023
-1.819
-1.562
-1.302
-1.079
-0.95
-0.923
-0.925
-0.864
-0.676
-0.381
-0.097
0.177
0.535
0.957
1.388
1.751
1.894
1.858
1.749
1.601
1.447
1.363
1.393
1.544
1.817
2.221
2.686
3.103
3.389
3.52
3.498
3.436
3.441
3.418
3.325
3.23
3.203
3.259
3.334
3.389
3.418
3.486
3.659
3.929
4.187
4.384
4.523
4.561
4.536
4.512
4.487
4.453
4.491
4.627
4.813
4.972
5.067
5.069
4.992
4.908
4.824
4.725
4.634
4.618
4.734
4.988
5.215
5.33
5.355
5.249
5.047
4.82
4.591
4.373
4.262
4.321
4.491
4.657
4.72
4.752
4.743
4.611
4.412
4.269
4.201
4.194
4.239
4.251
4.169
4.062
4.008
3.976
3.849
3.609
3.427
3.418
3.468
3.448
3.323
3.171
3.116
3.191
3.221
3.078
2.953
2.985
3.071
3.135
3.18
3.198
3.185
3.16
3.114
3.071
3.112
3.239
3.35
3.384
3.323
3.182
3.01
2.76
2.402
1.987
1.685
1.656
1.871
2.123
2.297
2.461
2.629
2.715
2.701
2.531
2.146
1.724
1.447
1.284
1.159
1.082
1.118
1.329
1.672
1.962
2.18
2.429
2.601
2.545
2.359
2.123
1.778
1.318
0.869
0.615
0.608
0.766
1.048
1.397
1.681
1.839
1.878
1.774
1.47
1.029
0.587
0.213
-0.036
-0.095
0.025
0.265
0.542
0.787
0.959
1.041
0.966
0.71
0.326
-0.104
-0.546
-0.921
-1.041
-0.903
-0.701
-0.51
-0.317
-0.202
-0.229
-0.347
-0.535
-0.746
-0.943
-1.175
-1.465
-1.683
-1.755
-1.724
-1.553
-1.225
-0.816
-0.474
-0.356
-0.492
-0.717
-0.934
-1.155
-1.445
-1.717
-1.83
-1.807
-1.669
-1.313
-0.794
-0.354
-0.095
0.088
0.211
0.163
-0.025
-0.229
-0.34
-0.372
-0.42
-0.476
-0.467
-0.377
-0.272
-0.19
-0.15
-0.129
-0.17
-0.281
-0.395
-0.501
-0.558
-0.574
-0.603
-0.633
-0.551
-0.324
-0.097
0.004
0.027
0.02
-0.054
-0.193
-0.356
-0.521
-0.728
-0.955
-1.077
-0.989
-0.735
-0.503
-0.326
-0.193
-0.184
-0.313
-0.458
-0.519
-0.58
-0.744
-0.896
-0.953
-0.953
-0.889
-0.737
-0.544
-0.347
-0.147
0.038
0.179
0.195
0.077
-0.063
-0.136
-0.193
-0.297
-0.415
-0.528
-0.646
-0.76
-0.864
-1.009
-1.195
-1.415
-1.633
-1.821
-1.948
-1.978
-1.923
-1.798
-1.629
-1.452
-1.352
-1.422
-1.703
-2.089
-2.447
-2.713
-2.892
-3.01
-3.023
-2.878
-2.645
-2.447
-2.363
-2.423
-2.638
-2.86
-2.996
-3.182
-3.511
-3.885
-4.112
-4.101
-3.92
-3.668
-3.382
-3.098
-2.915
-2.903
-2.983
-3.066
-3.157
-3.332
-3.627
-3.951
-4.16
-4.235
-4.237
-4.176
-4.069
-3.885
-3.688
-3.643
-3.84
-4.242
-4.65
-4.888
-4.983
-5.081
-5.233
-5.317
-5.19
-4.917
-4.729
-4.75
-4.872
-4.997
-5.181
-5.432
-5.68
-5.816
-5.825
-5.777
-5.693
-5.566
-5.337
-5.026
-4.759
-4.616
-4.591
-4.704
-4.958
-5.31
-5.675
-5.886
-5.854
-5.661
-5.451
-5.251
-4.997
-4.688
-4.434
-4.362
-4.475
-4.714
-4.954
-5.117
-5.283
-5.455
-5.448
-5.197
-4.927
-4.725
-4.509
-4.276
-4.174
-4.328
-4.682
-5.083
-5.405
-5.627
-5.78
-5.884
-5.85
-5.616
-5.323
-5.178
-5.206
-5.283
-5.435
-5.73
-6.106
-6.462
-6.694
-6.778
-6.775
-6.762
-6.709
-6.49
-6.181
-6
-5.977
-6.015
-6.031
-6.036
-6.097
-6.226
-6.331
-6.265
-6.038
-5.834
-5.75
-5.702
-5.516
-5.226
-5.051
-5.133
-5.371
-5.573
-5.727
-5.931
-6.192
-6.371
-6.424
-6.371
-6.263
-6.165
-6.179
-6.319
-6.533
-6.719
-6.807
-6.866
-6.989
-7.07
-6.986
-6.789
-6.535
-6.274
-6.135
-6.16
-6.208
-6.208
-6.27
-6.49
-6.76
-6.893
-6.893
-6.873
-6.889
-6.902
-6.886
-6.848
-6.753
-6.655
-6.662
-6.755
-6.832
-6.868
-6.913
-6.929
-6.932
-6.877
-6.694
-6.501
-6.394
-6.308
-6.131
-5.954
-5.956
-6.111
-6.16
-6.054
-5.929
-5.89
-5.89
-5.845
-5.684
-5.496
-5.489
-5.677
-5.877
-5.909
-5.843
-5.866
-5.981
-6.063
-6.015
-5.913
-5.881
-5.931
-5.94
-5.823
-5.682
-5.63
-5.7
-5.809
-5.816
-5.684
-5.516
-5.448
-5.482
-5.432
-5.287
-5.178
-5.178
-5.169
-4.988
-4.736
-4.609
-4.654
-4.738
-4.698
-4.593
-4.548
-4.564
-4.579
-4.505
-4.375
-4.303
-4.314
-4.357
-4.389
-4.403
-4.482
-4.766
-5.194
-5.519
-5.63
-5.636
-5.63
-5.566
-5.423
-5.29
-5.242
-5.317
-5.521
-5.85
-6.26
-6.675
-6.945
-7.007
-6.932
-6.8
-6.63
-6.462
-6.328
-6.222
-6.135
-6.126
-6.21
-6.342
-6.455
-6.533
-6.564
-6.571
-6.537
-6.439
-6.308
-6.147
-5.986
-5.8
-5.555
-5.348
-5.299
-5.353
-5.389
-5.405
-5.414
-5.382
-5.29
-5.081
-4.688
-4.3
-4.071
-3.974
-3.94
-3.969
-4.074
-4.162
-4.185
-4.208
-4.162
-4.01
-3.831
-3.713
-3.606
-3.464
-3.33
-3.348
-3.516
-3.636
-3.622
-3.538
-3.443
-3.366
-3.359
-3.377
-3.33
-3.187
-2.999
-2.803
-2.622
-2.47
-2.379
-2.434
-2.561
-2.654
-2.663
-2.674
-2.681
-2.495
-2.087
-1.613
-1.198
-0.916
-0.764
-0.687
-0.651
-0.619
-0.603
-0.619
-0.542
-0.283
0.011
0.258
0.519
0.796
0.959
0.996
0.934
0.848
0.85
0.953
1.029
1.123
1.365
1.678
1.957
2.13
2.132
2.05
2.114
2.334
2.493
2.522
2.565
2.699
2.878
2.983
2.985
3.019
3.135
3.23
3.314
3.455
3.636
3.813
3.992
4.153
4.291
4.459
4.634
4.736
4.772
4.768
4.77
4.786
4.8
4.784
4.775
4.852
5.038
5.301
5.634
6.018
6.424
6.766
6.877
6.694
6.383
6.172
6.142
6.14
6.047
5.981
6.058
6.231
6.403
6.467
6.376
6.285
6.281
6.254
6.117
5.956
5.854
5.8
5.777
5.759
5.709
5.605
5.519
5.562
5.743
5.92
6.072
6.238
6.36
6.285
6.034
5.798
5.671
5.605
5.562
5.541
5.559
5.641
5.777
5.934
6.034
6.104
6.133
6.04
5.863
5.677
5.494
5.396
5.405
5.46
5.598
5.786
5.886
5.872
5.854
5.913
5.975
5.886
5.648
5.403
5.237
5.162
5.165
5.253
5.353
5.387
5.423
5.507
5.568
5.548
5.496
5.43
5.258
5.042
4.963
5.072
5.247
5.453
5.655
5.752
5.677
5.464
5.21
5.008
4.927
5.065
5.389
5.75
5.979
6.086
6.249
6.512
6.689
6.73
6.803
6.952
7.124
7.174
7.111
7.048
7.027
7.057
7.124
7.186
7.245
7.401
7.637
7.805
7.835
7.816
7.828
7.821
7.742
7.578
7.462
7.488
7.621
7.787
7.914
7.968
8.002
8.03
8.023
8.034
8.104
8.136
8.125
8.166
8.291
8.415
8.499
8.529
8.567
8.61
8.597
8.529
8.538
8.667
8.835
8.955
9.082
9.25
9.295
9.152
9.016
8.998
8.978
8.882
8.783
8.81
8.975
9.134
9.25
9.411
9.622
9.804
9.867
9.874
9.849
9.728
9.561
9.409
9.13
8.744
8.445
8.32
8.37
8.527
8.667
8.726
8.783
8.858
8.846
8.724
8.61
8.533
8.438
8.309
8.116
7.891
7.814
7.973
8.284
8.601
8.812
8.846
8.758
8.622
8.383
8.1
7.95
7.991
8.095
8.152
8.138
8.166
8.361
8.631
8.853
9.078
9.415
9.694
9.715
9.547
9.393
9.27
9.121
8.985
8.914
8.907
8.962
9.025
9.1
9.243
9.388
9.429
9.379
9.22
8.939
8.613
8.377
8.211
8.05
7.893
7.789
7.764
7.857
7.973
8.002
8.059
8.234
8.431
8.476
8.377
8.252
8.109
7.934
7.714
7.472
7.324
7.338
7.447
7.565
7.68
7.755
7.796
7.796
7.664
7.424
7.174
6.961
6.793
6.664
6.539
6.465
6.462
6.43
6.31
6.095
5.866
5.702
5.602
5.512
5.382
5.28
5.215
5.144
4.992
4.72
4.45
4.328
4.359
4.421
4.434
4.412
4.296
4.049
3.709
3.3
2.949
2.763
2.708
2.769
2.949
3.232
3.457
3.482
3.305
3.06
2.924
2.962
3.062
3.062
2.992
3.073
3.264
3.323
3.189
3.055
3.062
3.13
3.169
3.234
3.354
3.452
3.511
3.565
3.507
3.28
3.082
3.032
3.048
3.039
3.085
3.228
3.352
3.359
3.207
3.014
2.887
2.806
2.717
2.524
2.243
2.089
2.139
2.227
2.148
1.889
1.658
1.585
1.64
1.697
1.712
1.733
1.801
1.899
1.914
1.803
1.615
1.395
1.168
0.907
0.744
0.721
0.721
0.612
0.46
0.395
0.506
0.669
0.717
0.689
0.721
0.905
1.068
1.005
0.712
0.336
-0.02
-0.315
-0.571
-0.791
-0.9
-0.814
-0.549
-0.274
-0.129
-0.177
-0.392
-0.739
-1.116
-1.479
-1.814
-2.114
-2.413
-2.69
-2.853
-2.878
-2.756
-2.611
-2.522
-2.515
-2.636
-2.783
-2.855
-2.935
-3.132
-3.341
-3.43
-3.468
-3.618
-3.894
-4.214
-4.428
-4.382
-4.203
-4.058
-3.992
-3.96
-3.981
-4.069
-4.26
-4.532
-4.761
-4.913
-5.006
-5.013
-4.879
-4.625
-4.552
-4.802
-5.072
-5.124
-5.097
-5.194
-5.414
-5.616
-5.7
-5.591
-5.435
-5.442
-5.6
-5.804
-5.984
-6.031
-5.981
-5.977
-6.02
-6.027
-5.943
-5.852
-5.902
-6.16
-6.576
-6.957
-7.145
-7.174
-7.179
-7.113
-6.913
-6.641
-6.38
-6.124
-5.945
-5.968
-6.133
-6.27
-6.358
-6.442
-6.542
-6.678
-6.787
-6.75
-6.596
-6.455
-6.378
-6.294
-6.19
-6.151
-6.167
-6.272
-6.546
-6.818
-6.984
-7.161
-7.315
-7.342
-7.281
-7.222
-7.193
-7.154
-7.088
-7.023
-7.016
-7.161
-7.458
-7.803
-8.109
-8.34
-8.481
-8.588
-8.699
-8.758
-8.694
-8.579
-8.529
-8.617
-8.76
-8.862
-8.914
-9.019
-9.291
-9.64
-9.876
-9.91
-9.847
-9.808
-9.847
-9.921
-9.899
-9.774
-9.724
-9.815
-9.917
-9.964
-10.035
-10.087
-10.096
-10.112
-10.169
-10.278
-10.341
-10.25
-10.11
-10.049
-9.976
-9.815
-9.645
-9.547
-9.568
-9.783
-10.162
-10.513
-10.704
-10.74
-10.672
-10.552
-10.389
-10.157
-9.969
-9.926
-10.035
-10.162
-10.225
-10.268
-10.312
-10.262
-10.15
-10.094
-10.092
-10.123
-10.2
-10.212
-10.076
-9.856
-9.706
-9.647
-9.545
-9.379
-9.295
-9.395
-9.606
-9.799
-9.858
-9.779
-9.624
-9.415
-9.121
-8.785
-8.522
-8.454
-8.649
-9.012
-9.323
-9.524
-9.658
-9.667
-9.499
-9.241
-9.003
-8.835
-8.767
-8.878
-9.1
-9.291
-9.463
-9.633
-9.703
-9.602
-9.411
-9.252
-9.2
-9.245
-9.35
-9.481
-9.642
-9.735
-9.722
-9.699
-9.712
-9.749
-9.84
-10.035
-10.218
-10.28
-10.355
-10.475
-10.459
-10.234
-9.942
-9.701
-9.593
-9.665
-9.858
-10.067
-10.282
-10.55
-10.836
-10.94
-10.802
-10.609
-10.461
-10.296
-10.128
-10.096
-10.225
-10.407
-10.566
-10.679
-10.802
-10.872
-10.824
-10.715
-10.654
-10.645
-10.618
-10.525
-10.438
-10.395
-10.4
-10.407
-10.393
-10.441
-10.625
-10.888
-11.083
-11.151
-11.128
-11.053
-10.926
-10.733
-10.484
-10.246
-10.162
-10.309
-10.579
-10.827
-11.044
-11.214
-11.203
-10.876
-10.341
-9.867
-9.599
-9.545
-9.608
-9.747
-10.017
-10.348
-10.593
-10.654
-10.577
-10.425
-10.202
-9.881
-9.493
-9.093
-8.792
-8.705
-8.864
-9.096
-9.146
-9.08
-9.103
-9.354
-9.599
-9.624
-9.456
-9.239
-8.991
-8.758
-8.565
-8.395
-8.22
-8.095
-8.147
-8.404
-8.785
-9.157
-9.395
-9.449
-9.309
-8.978
-8.501
-8.005
-7.621
-7.403
-7.351
-7.488
-7.796
-8.163
-8.474
-8.717
-8.912
-8.987
-8.871
-8.57
-8.109
-7.644
-7.437
-7.501
-7.662
-7.816
-7.961
-8.161
-8.456
-8.758
-8.928
-8.923
-8.783
-8.517
-8.156
-7.83
-7.648
-7.633
-7.821
-8.17
-8.594
-9.055
-9.443
-9.615
-9.583
-9.402
-9.125
-8.848
-8.685
-8.635
-8.724
-9.019
-9.493
-9.937
-10.153
-10.225
-10.382
-10.62
-10.733
-10.638
-10.332
-9.899
-9.552
-9.427
-9.488
-9.645
-9.774
-9.871
-9.964
-10.008
-9.98
-9.858
-9.683
-9.543
-9.44
-9.268
-9.096
-9.012
-8.98
-9.053
-9.277
-9.538
-9.738
-9.794
-9.636
-9.366
-9.118
-8.896
-8.703
-8.579
-8.488
-8.401
-8.291
-8.204
-8.161
-8.089
-7.914
-7.721
-7.562
-7.444
-7.347
-7.243
-7.097
-6.875
-6.63
-6.499
-6.48
-6.453
-6.362
-6.376
-6.573
-6.771
-6.778
-6.571
-6.245
-5.936
-5.8
-5.897
-6.04
-6.009
-5.868
-5.85
-5.959
-6.097
-6.154
-6.038
-5.825
-5.648
-5.568
-5.575
-5.541
-5.428
-5.323
-5.299
-5.36
-5.444
-5.398
-5.165
-4.972
-5.004
-5.192
-5.319
-5.319
-5.256
-5.174
-5.101
-5.015
-4.833
-4.564
-4.393
-4.464
-4.711
-4.94
-5.035
-5.004
-4.874
-4.659
-4.425
-4.235
-4.092
-4.044
-4.126
-4.296
-4.568
-4.947
-5.292
-5.507
-5.519
-5.362
-5.121
-4.881
-4.682
-4.561
-4.555
-4.591
-4.682
-4.802
-4.87
-4.87
-4.852
-4.838
-4.833
-4.797
-4.72
-4.647
-4.629
-4.659
-4.716
-4.754
-4.727
-4.659
-4.647
-4.741
-4.956
-5.144
-5.183
-5.174
-5.206
-5.29
-5.385
-5.419
-5.351
-5.283
-5.262
-5.183
-5.026
-4.82
-4.634
-4.505
-4.416
-4.366
-4.341
-4.28
-4.171
-4.139
-4.167
-4.149
-4.046
-3.867
-3.615
-3.291
-2.928
-2.633
-2.515
-2.522
-2.57
-2.665
-2.699
-2.581
-2.343
-2.05
-1.669
-1.209
-0.814
-0.617
-0.576
-0.565
-0.555
-0.596
-0.685
-0.769
-0.708
-0.361
0.111
0.524
0.912
1.34
1.683
1.835
1.855
1.885
1.957
1.962
1.862
1.735
1.672
1.697
1.719
1.708
1.715
1.785
1.91
2.084
2.264
2.411
2.472
2.454
2.311
2.055
1.744
1.467
1.318
1.331
1.433
1.504
1.519
1.508
1.515
1.56
1.588
1.56
1.535
1.547
1.597
1.663
1.658
1.531
1.318
1.12
0.962
0.805
0.615
0.424
0.249
0.093
0
-0.056
-0.163
-0.37
-0.601
-0.735
-0.846
-1.027
-1.182
-1.157
-0.975
-0.76
-0.599
-0.474
-0.379
-0.288
-0.24
-0.288
-0.481
-0.787
-1.155
-1.517
-1.823
-2.052
-2.193
-2.198
-2.112
-2
-1.917
-1.873
-1.878
-1.919
-2.023
-2.248
-2.475
-2.581
-2.677
-2.851
-3.001
-2.999
-2.86
-2.722
-2.629
-2.518
-2.352
-2.202
-2.089
-1.971
-1.914
-1.971
-2.068
-2.121
-2.148
-2.216
-2.232
-2.159
-2.066
-2.059
-2.139
-2.227
-2.295
-2.407
-2.604
-2.76
-2.815
-2.72
-2.506
-2.277
-2.118
-1.942
-1.749
-1.64
-1.619
-1.597
-1.642
-1.706
-1.66
-1.542
-1.49
-1.481
-1.404
-1.279
-1.231
-1.216
-1.077
-0.887
-0.719
-0.624
-0.606
-0.565
-0.465
-0.351
-0.258
-0.17
-0.066
0.031
0.122
0.188
0.161
0.1
0.107
0.111
-0.011
-0.184
-0.204
-0.013
0.256
0.535
0.812
1.084
1.286
1.311
1.184
1.002
0.778
0.574
0.506
0.485
0.456
0.519
0.71
0.869
0.912
0.903
0.866
0.766
0.576
0.336
0.147
0.104
0.125
0.127
0.118
0.156
0.249
0.401
0.569
0.644
0.628
0.635
0.603
0.474
0.297
0.113
-0.088
-0.236
-0.301
-0.288
-0.168
0.061
0.331
0.542
0.653
0.723
0.746
0.596
0.281
-0.059
-0.236
-0.285
-0.265
-0.159
0.002
0.159
0.308
0.454
0.433
0.168
-0.175
-0.408
-0.515
-0.512
-0.478
-0.42
-0.238
0.086
0.401
0.567
0.655
0.658
0.53
0.363
0.215
0.086
-0.04
-0.177
-0.261
-0.202
-0.04
0.111
0.265
0.399
0.494
0.578
0.692
0.757
0.71
0.66
0.665
0.689
0.73
0.751
0.719
0.696
0.748
0.798
0.773
0.748
0.726
0.646
0.594
0.667
0.841
1.098
1.37
1.574
1.669
1.665
1.644
1.631
1.476
1.188
0.937
0.866
0.916
0.943
0.95
1.023
1.247
1.542
1.717
1.688
1.556
1.492
1.535
1.592
1.631
1.672
1.685
1.697
1.744
1.789
1.753
1.654
1.59
1.626
1.651
1.647
1.66
1.638
1.524
1.452
1.556
1.801
2.039
2.227
2.366
2.497
2.624
2.647
2.527
2.311
2.025
1.746
1.531
1.4
1.377
1.515
1.807
2.171
2.479
2.615
2.542
2.311
2.066
1.876
1.735
1.688
1.688
1.656
1.654
1.805
2.071
2.302
2.423
2.438
2.379
2.291
2.141
1.93
1.769
1.654
1.544
1.492
1.562
1.703
1.869
2.062
2.245
2.352
2.379
2.266
2.003
1.706
1.452
1.306
1.288
1.409
1.638
1.971
2.361
2.731
2.94
2.903
2.683
2.438
2.261
2.168
2.112
2.123
2.202
2.279
2.343
2.438
2.567
2.751
2.901
2.874
2.652
2.382
2.139
1.858
1.594
1.443
1.452
1.581
1.771
2
2.288
2.663
3.069
3.341
3.305
3.053
2.815
2.642
2.499
2.413
2.438
2.658
2.985
3.234
3.357
3.425
3.432
3.416
3.405
3.336
3.137
2.908
2.797
2.821
2.769
2.645
2.74
3.064
3.316
3.339
3.234
3.157
3.144
3.135
3.094
3.003
2.858
2.758
2.885
3.123
3.225
3.189
3.18
3.33
3.65
3.874
3.842
3.745
3.767
3.847
3.913
3.979
3.956
3.752
3.461
3.275
3.219
3.123
3.032
3.085
3.144
3.094
3.064
3.18
3.37
3.468
3.509
3.611
3.799
3.929
3.935
3.822
3.627
3.511
3.661
3.906
3.972
3.883
3.833
3.853
3.894
3.876
3.731
3.543
3.439
3.464
3.561
3.65
3.745
3.856
3.976
4.067
4.114
4.062
3.894
3.645
3.395
3.176
3.012
2.908
2.853
2.867
2.935
3.087
3.373
3.695
3.931
4.121
4.282
4.289
4.11
3.867
3.65
3.493
3.491
3.686
3.974
4.219
4.403
4.525
4.53
4.466
4.43
4.373
4.228
4.001
3.781
3.677
3.697
3.781
3.931
4.203
4.573
4.956
5.19
5.142
4.874
4.588
4.396
4.212
3.96
3.724
3.579
3.509
3.482
3.559
3.77
4.015
4.257
4.459
4.57
4.604
4.604
4.518
4.348
4.135
3.879
3.618
3.427
3.332
3.273
3.284
3.441
3.774
4.076
4.151
4.062
3.967
3.947
3.929
3.899
3.917
3.979
4.071
4.21
4.346
4.391
4.328
4.23
4.139
3.969
3.813
3.792
3.913
4.078
4.239
4.396
4.604
4.766
4.763
4.654
4.602
4.698
4.906
4.981
4.831
4.539
4.267
4.078
3.938
3.831
3.815
3.888
4.044
4.289
4.514
4.641
4.686
4.757
4.856
4.924
4.947
4.949
4.963
4.983
4.979
4.902
4.833
4.87
4.97
5.06
5.14
5.285
5.478
5.659
5.784
5.784
5.684
5.591
5.498
5.378
5.206
4.988
4.867
4.992
5.21
5.362
5.471
5.578
5.698
5.777
5.764
5.621
5.492
5.498
5.51
5.396
5.226
5.149
5.24
5.471
5.723
5.895
6.122
6.476
6.78
6.891
6.868
6.848
6.884
6.932
6.927
6.907
6.973
7.118
7.342
7.56
7.71
7.882
8.138
8.381
8.499
8.536
8.635
8.887
9.166
9.309
9.391
9.554
9.676
9.672
9.642
9.626
9.586
9.579
9.669
9.81
9.996
10.184
10.361
10.55
10.677
10.672
10.636
10.561
10.423
10.291
10.246
10.207
10.139
10.096
10.062
10.014
9.96
9.919
9.924
9.808
9.531
9.309
9.266
9.305
9.386
9.579
9.81
9.914
9.858
9.701
9.509
9.27
8.994
8.803
8.687
8.549
8.451
8.547
8.765
8.941
9.028
9.028
8.973
8.869
8.66
8.415
8.19
7.977
7.76
7.54
7.331
7.12
6.952
6.866
6.92
7.134
7.308
7.32
7.243
7.193
7.143
6.966
6.716
6.439
6.163
6.02
6.054
6.158
6.229
6.272
6.335
6.401
6.401
6.313
6.129
5.961
5.936
5.959
5.838
5.58
5.351
5.222
5.112
5.026
5.047
5.276
5.589
5.75
5.748
5.711
5.65
5.519
5.321
5.069
4.727
4.425
4.337
4.509
4.763
4.917
5.02
5.135
5.203
5.162
5.006
4.863
4.775
4.716
4.686
4.627
4.466
4.226
4.049
4.006
4.015
3.974
3.874
3.844
3.933
4.031
4.119
4.214
4.253
4.155
3.954
3.804
3.799
3.838
3.81
3.781
3.869
4.046
4.158
4.053
3.774
3.554
3.495
3.525
3.572
3.584
3.556
3.579
3.724
3.901
3.949
3.826
3.634
3.511
3.516
3.586
3.634
3.64
3.663
3.747
3.84
3.853
3.718
3.52
3.377
3.366
3.511
3.656
3.679
3.59
3.455
3.318
3.187
3.046
2.915
2.815
2.747
2.79
2.949
3.137
3.296
3.35
3.228
3.008
2.858
2.846
2.86
2.858
2.86
2.862
2.867
2.892
2.894
2.815
2.711
2.672
2.692
2.67
2.547
2.427
2.375
2.343
2.297
2.207
2.112
2.057
1.996
1.946
2.064
2.288
2.395
2.257
1.955
1.701
1.649
1.721
1.78
1.721
1.635
1.751
2.007
2.116
2.03
1.851
1.676
1.556
1.452
1.263
1.075
1.034
1.173
1.386
1.622
1.792
1.749
1.592
1.463
1.322
1.086
0.873
0.782
0.773
0.839
0.998
1.236
1.513
1.751
1.914
2.034
2.096
2.014
1.817
1.542
1.241
1.02
0.943
0.855
0.671
0.558
0.717
1.125
1.581
1.846
1.835
1.654
1.479
1.252
0.832
0.331
-0.068
-0.317
-0.356
-0.136
0.236
0.59
0.894
1.098
1.168
1.082
0.837
0.478
0.091
-0.295
-0.58
-0.698
-0.646
-0.503
-0.274
0.013
0.304
0.565
0.796
0.9
0.825
0.569
0.224
-0.1
-0.351
-0.555
-0.678
-0.624
-0.379
-0.086
0.19
0.501
0.812
0.977
0.966
0.823
0.592
0.283
-0.018
-0.177
-0.125
0.095
0.413
0.739
1.009
1.164
1.182
1.029
0.717
0.32
-0.02
-0.195
-0.267
-0.288
-0.195
0.068
0.454
0.837
1.093
1.211
1.191
0.941
0.401
-0.245
-0.782
-1.17
-1.492
-1.74
-1.807
-1.597
-1.118
-0.499
0.054
0.326
0.29
-0.002
-0.551
-1.284
-2.066
-2.783
-3.425
-3.992
-4.305
-4.224
-3.858
-3.421
-2.985
-2.629
-2.52
-2.767
-3.318
-4.017
-4.763
-5.471
-6.072
-6.533
-6.757
-6.687
-6.421
-6.063
-5.616
-5.208
-5.047
-5.153
-5.446
-5.906
-6.405
-6.784
-7.034
-7.222
-7.354
-7.374
-7.17
-6.771
-6.346
-6.07
-5.972
-6.031
-6.156
-6.344
-6.562
-6.689
-6.644
-6.453
-6.154
-5.773
-5.342
-4.874
-4.396
-3.954
-3.738
-3.847
-4.103
-4.303
-4.425
-4.491
-4.423
-4.153
-3.677
-3.089
-2.604
-2.331
-2.077
-1.733
-1.413
-1.29
-1.329
-1.424
-1.601
-1.81
-1.973
-2.098
-2.18
-2.037
-1.606
-1.077
-0.576
-0.029
0.608
1.166
1.406
1.313
0.991
0.546
0.122
-0.276
-0.653
-0.873
-0.766
-0.379
0.111
0.662
1.247
1.749
2.132
2.327
2.241
1.792
1.186
0.653
0.218
-0.172
-0.431
-0.42
-0.168
0.211
0.549
0.732
0.748
0.667
0.533
0.333
0.034
-0.238
-0.408
-0.506
-0.429
-0.154
0.17
0.46
0.83
1.227
1.377
1.261
1.143
1.127
1.116
1.164
1.429
1.894
2.432
3.028
3.627
4.183
4.641
4.915
5.038
5.056
4.979
4.843
4.716
4.657
4.761
5.126
5.65
6.197
6.703
7.104
7.394
7.515
7.415
7.236
7.206
7.338
7.513
7.637
7.796
8.109
8.54
8.853
8.86
8.717
8.683
8.803
8.898
8.876
8.808
8.758
8.787
8.878
8.962
8.932
8.812
8.692
8.628
8.633
8.687
8.703
8.628
8.46
8.252
8.041
7.828
7.626
7.447
7.324
7.313
7.426
7.515
7.435
7.272
7.12
7.027
6.984
6.893
6.73
6.535
6.365
6.346
6.428
6.367
6.092
5.741
5.394
5.069
4.845
4.75
4.763
4.917
5.083
5.02
4.666
4.174
3.715
3.219
2.545
1.785
1.216
0.95
0.853
0.823
0.855
1.002
1.229
1.333
1.13
0.712
0.317
0.05
-0.125
-0.34
-0.64
-0.873
-0.819
-0.447
-0.052
0.116
0.199
0.329
0.379
0.141
-0.283
-0.717
-1.089
-1.359
-1.576
-1.828
-2.048
-2.039
-1.749
-1.345
-1.098
-1.075
-1.148
-1.313
-1.762
-2.404
-2.915
-3.13
-3.13
-3.071
-2.971
-2.656
-2.107
-1.626
-1.479
-1.663
-2.057
-2.472
-2.783
-3.032
-3.246
-3.311
-3.151
-2.844
-2.581
-2.477
-2.407
-2.297
-2.216
-2.241
-2.395
-2.563
-2.554
-2.357
-2.134
-1.885
-1.508
-1.064
-0.674
-0.365
-0.113
0.134
0.413
0.633
0.633
0.397
0.152
0.156
0.46
0.912
1.347
1.796
2.311
2.81
3.105
3.162
3.137
3.171
3.21
3.114
2.935
2.844
2.992
3.284
3.513
3.64
3.752
3.856
3.965
4.112
4.226
4.267
4.314
4.444
4.541
4.539
4.627
4.788
4.836
4.7
4.5
4.355
4.323
4.362
4.393
4.473
4.654
4.876
5.156
5.421
5.523
5.507
5.501
5.448
5.167
4.759
4.525
4.545
4.666
4.695
4.625
4.502
4.444
4.448
4.334
4.083
3.954
4.083
4.312
4.418
4.316
4.078
3.885
3.833
3.756
3.532
3.244
2.985
2.871
2.901
2.989
3.035
3.103
3.232
3.3
3.21
3.01
2.797
2.697
2.722
2.713
2.586
2.388
2.209
2.089
2.096
2.214
2.327
2.423
2.567
2.735
2.787
2.726
2.656
2.533
2.288
2.087
2.041
2.08
2.164
2.307
2.493
2.617
2.597
2.497
2.552
2.781
2.887
2.756
2.57
2.479
2.481
2.484
2.463
2.438
2.429
2.452
2.456
2.357
2.248
2.318
2.504
2.583
2.552
2.456
2.257
1.987
1.81
1.778
1.805
1.81
1.83
1.88
1.923
1.96
1.985
2.007
1.923
1.674
1.445
1.461
1.565
1.508
1.37
1.338
1.427
1.513
1.551
1.565
1.463
1.241
1.023
0.794
0.487
0.22
0.147
0.193
0.224
0.19
0.1
0.088
0.186
0.283
0.354
0.37
0.299
0.129
-0.175
-0.631
-1.1
-1.395
-1.443
-1.261
-0.885
-0.476
-0.238
-0.233
-0.34
-0.469
-0.635
-0.85
-1.061
-1.243
-1.343
-1.247
-0.989
-0.739
-0.56
-0.32
-0.072
-0.016
-0.166
-0.383
-0.612
-0.794
-0.844
-0.714
-0.51
-0.315
-0.045
0.324
0.626
0.737
0.714
0.66
0.642
0.642
0.576
0.381
0.163
0.038
-0.034
-0.013
0.141
0.404
0.692
0.9
0.894
0.667
0.313
-0.031
-0.304
-0.426
-0.533
-0.621
-0.526
-0.22
0.17
0.49
0.576
0.383
0.061
-0.256
-0.535
-0.773
-0.93
-0.855
-0.549
-0.202
-0.016
-0.002
-0.068
-0.188
-0.331
-0.458
-0.64
-0.894
-0.996
-0.921
-0.823
-0.771
-0.739
-0.737
-0.728
-0.714
-0.78
-0.898
-0.943
-0.941
-0.968
-1.066
-1.216
-1.415
-1.638
-1.783
-1.826
-1.867
-1.878
-1.717
-1.49
-1.449
-1.638
-1.764
-1.728
-1.676
-1.744
-1.828
-1.853
-1.848
-1.867
-1.962
-2.121
-2.293
-2.379
-2.352
-2.386
-2.552
-2.617
-2.445
-2.202
-2.034
-1.955
-1.93
-1.926
-1.908
-1.93
-2.107
-2.386
-2.549
-2.515
-2.493
-2.642
-2.769
-2.667
-2.447
-2.293
-2.275
-2.359
-2.42
-2.338
-2.257
-2.372
-2.686
-2.978
-3.125
-3.237
-3.491
-3.781
-3.888
-3.799
-3.631
-3.513
-3.516
-3.631
-3.777
-3.924
-4.089
-4.325
-4.566
-4.741
-4.861
-4.924
-4.847
-4.679
-4.55
-4.518
-4.582
-4.711
-4.87
-5.008
-5.081
-5.151
-5.296
-5.405
-5.323
-5.174
-5.126
-5.112
-4.986
-4.793
-4.754
-4.913
-5.103
-5.24
-5.319
-5.321
-5.28
-5.274
-5.265
-5.156
-4.915
-4.641
-4.446
-4.359
-4.418
-4.634
-4.927
-5.203
-5.482
-5.677
-5.659
-5.505
-5.303
-5.076
-4.854
-4.663
-4.545
-4.622
-4.876
-5.165
-5.485
-5.816
-6.129
-6.34
-6.358
-6.226
-6.049
-5.852
-5.614
-5.385
-5.187
-5.063
-5.112
-5.321
-5.514
-5.605
-5.743
-5.956
-6.095
-6.027
-5.829
-5.664
-5.532
-5.353
-5.219
-5.285
-5.591
-6.031
-6.38
-6.48
-6.48
-6.542
-6.578
-6.433
-6.115
-5.782
-5.655
-5.823
-6.167
-6.494
-6.705
-6.805
-6.902
-7.007
-6.941
-6.628
-6.258
-6.022
-6.009
-6.122
-6.176
-6.22
-6.433
-6.744
-6.943
-7.048
-7.17
-7.261
-7.222
-7.025
-6.782
-6.56
-6.362
-6.151
-5.947
-5.786
-5.782
-5.993
-6.29
-6.496
-6.616
-6.725
-6.793
-6.725
-6.414
-5.911
-5.492
-5.283
-5.219
-5.176
-5.151
-5.235
-5.419
-5.589
-5.621
-5.51
-5.321
-5.081
-4.838
-4.688
-4.684
-4.833
-5.099
-5.357
-5.48
-5.451
-5.38
-5.351
-5.269
-5.033
-4.757
-4.677
-4.772
-4.797
-4.727
-4.734
-4.865
-4.997
-5.017
-4.938
-4.777
-4.607
-4.545
-4.579
-4.566
-4.434
-4.276
-4.205
-4.251
-4.3
-4.287
-4.262
-4.319
-4.414
-4.455
-4.457
-4.552
-4.688
-4.752
-4.775
-4.861
-5.017
-5.162
-5.31
-5.537
-5.804
-5.97
-5.991
-5.913
-5.748
-5.571
-5.503
-5.627
-5.931
-6.274
-6.485
-6.544
-6.535
-6.533
-6.503
-6.399
-6.299
-6.308
-6.389
-6.46
-6.528
-6.573
-6.537
-6.419
-6.29
-6.26
-6.299
-6.337
-6.417
-6.501
-6.515
-6.465
-6.335
-6.192
-6.068
-5.904
-5.75
-5.641
-5.516
-5.385
-5.362
-5.501
-5.716
-5.836
-5.764
-5.541
-5.128
-4.588
-4.103
-3.804
-3.722
-3.81
-3.956
-4.089
-4.196
-4.248
-4.23
-4.135
-3.96
-3.72
-3.484
-3.316
-3.216
-3.121
-2.992
-2.828
-2.688
-2.62
-2.552
-2.436
-2.357
-2.327
-2.291
-2.293
-2.352
-2.416
-2.456
-2.445
-2.35
-2.13
-1.832
-1.601
-1.483
-1.374
-1.243
-1.136
-1.05
-0.932
-0.755
-0.535
-0.288
-0.066
0.079
0.17
0.274
0.345
0.274
0.075
-0.116
-0.095
0.143
0.456
0.762
1.036
1.313
1.665
2.012
2.257
2.416
2.608
2.878
3.128
3.266
3.289
3.268
3.291
3.348
3.395
3.418
3.502
3.695
3.972
4.267
4.539
4.777
4.865
4.779
4.661
4.641
4.698
4.793
4.908
4.974
4.945
4.895
4.863
4.845
4.829
4.813
4.833
4.927
5.033
5.131
5.208
5.251
5.231
5.197
5.194
5.21
5.262
5.33
5.396
5.478
5.514
5.455
5.364
5.26
5.11
4.949
4.856
4.833
4.89
5.017
5.197
5.43
5.575
5.55
5.421
5.201
4.927
4.725
4.702
4.802
4.886
4.961
5.031
5.067
5.024
4.865
4.65
4.48
4.378
4.38
4.475
4.57
4.636
4.734
4.854
4.924
4.992
5.067
5.042
4.956
4.867
4.84
4.87
4.879
4.831
4.831
4.895
4.954
5.065
5.276
5.507
5.691
5.813
5.877
5.875
5.829
5.789
5.811
5.918
6.043
6.047
6.004
5.986
6.045
6.111
6.09
6.018
5.981
5.925
5.795
5.7
5.773
6.013
6.313
6.505
6.603
6.664
6.589
6.337
6.052
5.807
5.609
5.562
5.686
5.859
5.929
5.859
5.8
5.881
5.929
5.8
5.741
5.995
6.401
6.646
6.68
6.639
6.546
6.387
6.188
5.956
5.718
5.596
5.689
5.868
5.95
6.02
6.27
6.664
6.991
7.106
7.014
6.843
6.684
6.589
6.603
6.653
6.705
6.841
7.075
7.249
7.238
7.167
7.236
7.401
7.519
7.585
7.626
7.608
7.515
7.394
7.342
7.356
7.447
7.703
8.129
8.531
8.781
8.901
8.898
8.653
8.195
7.773
7.551
7.517
7.648
8.027
8.576
9.039
9.348
9.583
9.697
9.588
9.311
9.053
8.914
8.851
8.808
8.862
8.973
9.069
9.103
9.127
9.123
9.073
9.025
9.03
9.08
9.177
9.277
9.293
9.264
9.218
9.125
8.994
8.851
8.689
8.52
8.39
8.302
8.2
8.066
7.943
7.902
7.918
7.95
7.955
7.977
8.084
8.259
8.429
8.49
8.399
8.193
7.964
7.735
7.528
7.399
7.347
7.394
7.596
7.841
7.934
7.823
7.694
7.712
7.803
7.81
7.771
7.751
7.735
7.719
7.73
7.812
7.923
7.939
7.891
7.884
7.816
7.655
7.576
7.635
7.728
7.773
7.773
7.748
7.639
7.492
7.401
7.324
7.259
7.295
7.349
7.304
7.193
7.122
7.156
7.245
7.249
7.156
7.05
6.973
6.884
6.762
6.578
6.349
6.092
5.875
5.77
5.825
5.961
6.117
6.294
6.46
6.494
6.403
6.236
5.968
5.632
5.353
5.128
4.87
4.588
4.389
4.343
4.423
4.62
4.854
4.936
4.797
4.566
4.353
4.174
3.967
3.702
3.439
3.266
3.223
3.275
3.359
3.386
3.334
3.293
3.282
3.182
2.928
2.579
2.313
2.248
2.359
2.479
2.549
2.665
2.896
3.146
3.248
3.164
3.003
2.756
2.434
2.168
1.939
1.74
1.694
1.908
2.291
2.679
2.946
3.139
3.345
3.37
3.066
2.579
2.157
1.837
1.594
1.427
1.393
1.56
1.851
2.18
2.475
2.674
2.765
2.699
2.393
1.846
1.274
0.869
0.674
0.646
0.762
1.052
1.44
1.737
1.855
1.864
1.717
1.349
0.882
0.463
0.122
-0.147
-0.29
-0.193
0.127
0.415
0.542
0.608
0.705
0.692
0.41
-0.056
-0.492
-0.85
-1.157
-1.333
-1.295
-1.082
-0.782
-0.562
-0.524
-0.606
-0.751
-0.968
-1.311
-1.731
-2.082
-2.221
-2.112
-1.889
-1.703
-1.481
-1.234
-1.139
-1.315
-1.731
-2.205
-2.613
-2.935
-3.189
-3.359
-3.386
-3.244
-2.953
-2.601
-2.336
-2.284
-2.411
-2.645
-2.956
-3.336
-3.718
-3.965
-4.067
-4.085
-4.076
-4.015
-3.929
-3.883
-3.908
-4.015
-4.178
-4.378
-4.579
-4.759
-4.956
-5.165
-5.253
-5.192
-5.121
-5.106
-5.072
-5.011
-4.977
-5.031
-5.201
-5.478
-5.836
-6.222
-6.555
-6.725
-6.741
-6.698
-6.648
-6.542
-6.326
-6.124
-6.056
-6.144
-6.342
-6.58
-6.852
-7.19
-7.519
-7.71
-7.682
-7.503
-7.324
-7.252
-7.247
-7.272
-7.351
-7.44
-7.488
-7.542
-7.596
-7.551
-7.46
-7.456
-7.533
-7.537
-7.422
-7.306
-7.263
-7.236
-7.181
-7.131
-7.124
-7.186
-7.412
-7.705
-7.855
-7.866
-7.855
-7.814
-7.642
-7.342
-7.038
-6.954
-7.115
-7.29
-7.399
-7.481
-7.587
-7.746
-7.898
-7.961
-7.859
-7.662
-7.522
-7.503
-7.524
-7.522
-7.608
-7.823
-8.014
-8.012
-7.891
-7.839
-7.855
-7.801
-7.671
-7.596
-7.662
-7.839
-8.025
-8.132
-8.159
-8.25
-8.449
-8.674
-8.792
-8.749
-8.631
-8.642
-8.719
-8.708
-8.576
-8.486
-8.556
-8.765
-9.019
-9.223
-9.379
-9.563
-9.74
-9.781
-9.699
-9.606
-9.565
-9.574
-9.57
-9.531
-9.565
-9.722
-9.937
-10.114
-10.209
-10.209
-10.094
-9.917
-9.776
-9.697
-9.715
-9.917
-10.346
-10.831
-11.151
-11.257
-11.271
-11.214
-11.058
-10.79
-10.502
-10.296
-10.234
-10.273
-10.375
-10.5
-10.643
-10.808
-10.888
-10.824
-10.74
-10.706
-10.742
-10.815
-10.874
-10.906
-10.922
-10.922
-10.908
-10.856
-10.736
-10.557
-10.368
-10.221
-10.08
-9.899
-9.747
-9.742
-9.887
-10.033
-10.121
-10.234
-10.409
-10.522
-10.513
-10.438
-10.268
-9.953
-9.531
-9.1
-8.719
-8.454
-8.381
-8.49
-8.696
-8.91
-9.127
-9.316
-9.388
-9.261
-9.032
-8.837
-8.746
-8.728
-8.735
-8.794
-8.867
-8.885
-8.905
-8.944
-8.959
-8.901
-8.796
-8.676
-8.54
-8.435
-8.415
-8.531
-8.671
-8.778
-8.885
-8.996
-9.078
-9.139
-9.198
-9.239
-9.229
-9.168
-9.057
-8.86
-8.64
-8.447
-8.386
-8.524
-8.805
-9.112
-9.406
-9.658
-9.849
-9.942
-9.924
-9.804
-9.602
-9.415
-9.334
-9.363
-9.499
-9.728
-9.973
-10.164
-10.334
-10.454
-10.488
-10.445
-10.332
-10.182
-10.033
-9.937
-9.926
-9.994
-10.126
-10.28
-10.441
-10.518
-10.423
-10.252
-10.06
-9.838
-9.649
-9.52
-9.49
-9.57
-9.685
-9.785
-9.973
-10.246
-10.4
-10.314
-10.101
-9.896
-9.699
-9.524
-9.447
-9.393
-9.316
-9.282
-9.275
-9.229
-9.179
-9.17
-9.229
-9.282
-9.241
-9.064
-8.837
-8.66
-8.481
-8.261
-8.098
-8.095
-8.247
-8.451
-8.574
-8.599
-8.567
-8.476
-8.404
-8.318
-8.125
-7.891
-7.796
-7.846
-7.941
-8.075
-8.322
-8.628
-8.905
-9.1
-9.121
-8.964
-8.785
-8.676
-8.615
-8.615
-8.628
-8.599
-8.608
-8.701
-8.81
-8.903
-8.998
-9.066
-9.005
-8.765
-8.449
-8.238
-8.231
-8.277
-8.259
-8.3
-8.472
-8.726
-8.971
-9.084
-9.035
-8.91
-8.803
-8.683
-8.479
-8.247
-8.095
-8.077
-8.206
-8.404
-8.57
-8.687
-8.787
-8.919
-8.969
-8.901
-8.756
-8.583
-8.395
-8.218
-8.07
-7.966
-7.957
-8.061
-8.188
-8.327
-8.536
-8.767
-8.88
-8.778
-8.592
-8.447
-8.415
-8.44
-8.445
-8.368
-8.243
-8.206
-8.343
-8.49
-8.479
-8.392
-8.399
-8.47
-8.488
-8.426
-8.293
-8.091
-7.832
-7.567
-7.336
-7.129
-6.932
-6.755
-6.655
-6.65
-6.691
-6.714
-6.721
-6.705
-6.558
-6.319
-6.192
-6.138
-6.054
-6.034
-6.172
-6.349
-6.401
-6.231
-5.938
-5.618
-5.314
-5.117
-5.065
-5.081
-5.11
-5.21
-5.396
-5.55
-5.544
-5.369
-5.165
-5.033
-4.997
-4.92
-4.679
-4.339
-4.087
-4.015
-4.049
-4.098
-3.992
-3.738
-3.568
-3.588
-3.709
-3.82
-3.84
-3.849
-3.906
-3.951
-4.006
-4.137
-4.251
-4.226
-4.083
-3.922
-3.813
-3.792
-3.831
-3.865
-3.951
-4.171
-4.491
-4.772
-4.904
-4.927
-4.947
-5.063
-5.169
-5.108
-4.879
-4.673
-4.604
-4.663
-4.849
-5.106
-5.283
-5.403
-5.532
-5.693
-5.804
-5.727
-5.523
-5.344
-5.251
-5.197
-5.162
-5.165
-5.169
-5.215
-5.342
-5.442
-5.473
-5.403
-5.187
-4.92
-4.691
-4.502
-4.248
-3.926
-3.645
-3.513
-3.534
-3.613
-3.584
-3.35
-3.032
-2.849
-2.781
-2.738
-2.64
-2.447
-2.221
-2.064
-1.971
-1.912
-1.862
-1.794
-1.726
-1.724
-1.706
-1.581
-1.368
-1.109
-0.894
-0.787
-0.735
-0.658
-0.528
-0.401
-0.313
-0.245
-0.184
-0.056
0.163
0.367
0.551
0.732
0.889
0.959
0.941
0.939
0.993
1.073
1.173
1.352
1.583
1.828
1.996
2.034
2
1.939
1.848
1.767
1.678
1.553
1.433
1.39
1.427
1.495
1.517
1.452
1.377
1.377
1.381
1.308
1.195
1.089
1.039
1.034
1.061
1.084
1.009
0.85
0.667
0.508
0.46
0.528
0.624
0.658
0.646
0.642
0.669
0.637
0.424
0.063
-0.27
-0.501
-0.68
-0.88
-1.077
-1.15
-1.048
-0.882
-0.762
-0.735
-0.853
-1.034
-1.15
-1.247
-1.393
-1.565
-1.644
-1.624
-1.606
-1.619
-1.578
-1.504
-1.424
-1.304
-1.213
-1.236
-1.336
-1.499
-1.685
-1.826
-1.899
-1.914
-1.905
-1.853
-1.771
-1.735
-1.844
-2.071
-2.302
-2.47
-2.663
-2.942
-3.219
-3.336
-3.291
-3.123
-2.794
-2.416
-2.166
-2.007
-1.914
-1.939
-2.075
-2.277
-2.418
-2.37
-2.227
-2.18
-2.225
-2.259
-2.225
-2.132
-2.039
-2.005
-2.028
-2.112
-2.248
-2.334
-2.268
-2.121
-2.034
-1.978
-1.853
-1.71
-1.631
-1.56
-1.486
-1.47
-1.47
-1.443
-1.458
-1.499
-1.508
-1.479
-1.343
-1.075
-0.821
-0.642
-0.465
-0.274
-0.218
-0.267
-0.342
-0.433
-0.544
-0.667
-0.726
-0.635
-0.399
-0.177
-0.056
-0.029
-0.045
-0.054
0.007
0.061
-0.011
-0.175
-0.227
-0.102
0.129
0.324
0.422
0.506
0.626
0.71
0.66
0.567
0.526
0.508
0.503
0.585
0.66
0.651
0.599
0.567
0.655
0.816
0.907
0.882
0.789
0.644
0.519
0.483
0.499
0.42
0.252
0.175
0.276
0.422
0.506
0.535
0.562
0.619
0.68
0.621
0.406
0.15
-0.054
-0.129
-0.038
0.047
0.063
0.12
0.229
0.295
0.299
0.254
0.156
-0.002
-0.19
-0.338
-0.415
-0.469
-0.567
-0.703
-0.816
-0.887
-0.835
-0.615
-0.363
-0.181
-0.047
0.081
0.143
0.063
-0.084
-0.224
-0.354
-0.381
-0.267
-0.109
0.018
0.138
0.301
0.481
0.549
0.478
0.379
0.265
0.15
0.132
0.27
0.435
0.469
0.404
0.386
0.476
0.61
0.646
0.592
0.549
0.558
0.631
0.689
0.705
0.676
0.692
0.857
1.111
1.299
1.377
1.37
1.42
1.61
1.821
1.88
1.771
1.633
1.581
1.617
1.681
1.731
1.712
1.624
1.517
1.429
1.347
1.234
1.102
1.068
1.177
1.322
1.415
1.476
1.578
1.733
1.83
1.821
1.771
1.667
1.465
1.204
0.989
0.914
0.964
1.086
1.238
1.37
1.465
1.576
1.66
1.622
1.429
1.2
1.016
0.873
0.698
0.467
0.242
0.141
0.125
0.17
0.261
0.37
0.528
0.703
0.823
0.939
1.059
1.116
1.061
0.971
0.948
0.971
0.973
0.946
0.962
1.061
1.268
1.551
1.794
1.942
2.062
2.164
2.295
2.443
2.524
2.499
2.386
2.216
2.023
1.878
1.835
1.903
1.987
2.057
2.223
2.425
2.524
2.502
2.438
2.379
2.357
2.361
2.327
2.293
2.395
2.595
2.701
2.686
2.67
2.735
2.835
2.926
2.976
2.951
2.846
2.72
2.597
2.481
2.434
2.493
2.654
2.821
2.917
2.922
2.942
3.021
3.057
2.976
2.772
2.493
2.27
2.166
2.139
2.18
2.309
2.531
2.815
3.144
3.436
3.586
3.665
3.756
3.729
3.466
3.087
2.724
2.407
2.162
2.105
2.239
2.484
2.772
3.082
3.354
3.554
3.581
3.377
2.958
2.459
2.032
1.789
1.776
2.003
2.393
2.83
3.164
3.357
3.457
3.434
3.302
3.116
2.894
2.631
2.423
2.377
2.429
2.563
2.853
3.219
3.536
3.788
4.006
4.162
4.178
4.062
3.899
3.659
3.302
2.946
2.683
2.59
2.697
2.992
3.37
3.709
3.954
4.078
4.017
3.806
3.554
3.298
3.032
2.792
2.654
2.701
2.926
3.25
3.575
3.851
4.037
4.112
4.012
3.747
3.389
3.032
2.756
2.576
2.511
2.547
2.624
2.724
2.915
3.153
3.368
3.536
3.631
3.581
3.325
2.928
2.506
2.114
1.848
1.814
2.023
2.409
2.855
3.23
3.5
3.777
3.999
4.044
3.988
3.908
3.808
3.702
3.602
3.498
3.359
3.244
3.253
3.375
3.541
3.681
3.797
3.942
4.04
3.965
3.772
3.606
3.461
3.305
3.171
3.128
3.166
3.244
3.368
3.55
3.84
4.185
4.441
4.579
4.634
4.534
4.323
4.185
4.137
4.06
3.92
3.84
3.945
4.167
4.341
4.441
4.539
4.598
4.598
4.459
4.212
4.026
3.949
3.926
3.933
3.894
3.849
3.91
4.103
4.35
4.568
4.711
4.761
4.754
4.704
4.586
4.446
4.368
4.332
4.262
4.212
4.278
4.45
4.657
4.802
4.865
4.87
4.793
4.595
4.316
4.044
3.856
3.786
3.824
3.897
3.922
3.954
4.13
4.425
4.584
4.502
4.298
4.042
3.797
3.595
3.411
3.341
3.418
3.604
3.838
4.087
4.357
4.607
4.827
4.927
4.829
4.657
4.532
4.398
4.235
4.101
4.092
4.253
4.45
4.521
4.521
4.543
4.523
4.478
4.418
4.314
4.228
4.273
4.387
4.484
4.555
4.591
4.602
4.604
4.595
4.641
4.804
4.938
4.927
4.852
4.811
4.797
4.781
4.72
4.67
4.77
5.047
5.355
5.596
5.675
5.609
5.528
5.467
5.36
5.192
5.04
4.986
5.099
5.292
5.426
5.537
5.739
6.013
6.31
6.515
6.585
6.614
6.644
6.601
6.517
6.503
6.614
6.823
7.084
7.331
7.562
7.85
8.141
8.365
8.449
8.338
8.172
8.138
8.195
8.225
8.286
8.46
8.74
9.023
9.218
9.327
9.42
9.474
9.495
9.461
9.379
9.295
9.257
9.305
9.422
9.624
9.89
10.159
10.393
10.52
10.527
10.543
10.584
10.475
10.221
10.087
10.132
10.187
10.137
10.058
10.105
10.232
10.305
10.298
10.248
10.232
10.303
10.402
10.371
10.137
9.856
9.685
9.611
9.552
9.429
9.3
9.298
9.384
9.411
9.338
9.236
9.105
8.912
8.656
8.356
8.145
8.147
8.311
8.488
8.54
8.479
8.343
8.136
7.866
7.54
7.234
7.063
7.068
7.138
7.206
7.265
7.308
7.306
7.195
6.979
6.798
6.746
6.773
6.787
6.791
6.864
6.993
6.991
6.753
6.376
6.106
6.029
6.006
5.863
5.709
5.73
5.902
6.072
6.072
5.836
5.539
5.333
5.165
4.895
4.525
4.246
4.164
4.155
4.11
4.135
4.337
4.647
4.922
5.088
5.097
4.895
4.53
4.139
3.822
3.556
3.323
3.257
3.475
3.822
4.092
4.287
4.455
4.575
4.53
4.269
3.933
3.691
3.599
3.604
3.595
3.561
3.556
3.586
3.684
3.91
4.212
4.493
4.688
4.775
4.736
4.586
4.421
4.262
4.053
3.897
3.89
4.028
4.316
4.657
4.897
4.979
4.924
4.77
4.5
4.171
3.913
3.817
3.826
3.942
4.103
4.142
4.046
4.062
4.212
4.296
4.176
3.972
3.892
3.917
3.865
3.656
3.416
3.357
3.436
3.522
3.681
3.926
4.196
4.391
4.4
4.139
3.64
3.112
2.735
2.479
2.293
2.354
2.742
3.198
3.561
3.801
3.869
3.761
3.538
3.282
3.071
2.924
2.842
2.833
2.899
2.94
2.842
2.636
2.466
2.409
2.384
2.352
2.375
2.418
2.372
2.211
2.007
1.83
1.731
1.701
1.715
1.812
1.991
2.134
2.159
2.064
1.885
1.69
1.51
1.311
1.084
0.991
1.111
1.352
1.656
1.969
2.18
2.277
2.207
1.933
1.542
1.195
0.941
0.64
0.299
0.147
0.351
0.762
1.157
1.424
1.606
1.708
1.613
1.302
0.943
0.655
0.422
0.224
0.12
0.127
0.213
0.381
0.651
0.93
1.12
1.236
1.306
1.234
0.923
0.517
0.274
0.249
0.267
0.17
0.125
0.308
0.669
1.029
1.265
1.34
1.274
1.127
0.919
0.633
0.358
0.283
0.515
0.937
1.361
1.719
2.03
2.257
2.309
2.134
1.776
1.377
1.079
0.907
0.821
0.791
0.873
1.123
1.4
1.549
1.615
1.724
1.885
1.982
1.919
1.692
1.359
1.002
0.642
0.261
-0.018
-0.034
0.24
0.685
1.136
1.467
1.617
1.635
1.547
1.218
0.612
0.038
-0.267
-0.386
-0.397
-0.245
0.059
0.392
0.694
0.925
1.027
0.968
0.853
0.742
0.549
0.188
-0.252
-0.671
-1.07
-1.44
-1.744
-1.91
-1.821
-1.531
-1.247
-1.018
-0.837
-0.757
-0.853
-1.1
-1.402
-1.746
-2.182
-2.629
-2.951
-3.162
-3.345
-3.455
-3.461
-3.482
-3.568
-3.645
-3.604
-3.434
-3.216
-3.13
-3.271
-3.55
-3.858
-4.174
-4.512
-4.856
-5.156
-5.396
-5.553
-5.618
-5.659
-5.716
-5.696
-5.607
-5.496
-5.321
-5.101
-4.949
-4.84
-4.65
-4.493
-4.539
-4.818
-5.233
-5.645
-5.954
-6.117
-6.106
-5.847
-5.428
-4.992
-4.629
-4.366
-4.282
-4.303
-4.364
-4.498
-4.754
-5.144
-5.516
-5.727
-5.77
-5.659
-5.405
-5.074
-4.704
-4.287
-3.817
-3.359
-3.044
-2.942
-3.089
-3.448
-3.831
-4.083
-4.189
-4.155
-3.931
-3.563
-3.185
-2.83
-2.509
-2.227
-1.926
-1.617
-1.409
-1.372
-1.486
-1.619
-1.676
-1.578
-1.324
-1.023
-0.807
-0.705
-0.66
-0.61
-0.562
-0.555
-0.494
-0.361
-0.301
-0.338
-0.301
-0.104
0.197
0.501
0.737
0.864
0.869
0.809
0.698
0.553
0.399
0.261
0.147
0.143
0.34
0.689
1.125
1.597
2.034
2.37
2.549
2.565
2.493
2.366
2.175
1.969
1.88
2.014
2.343
2.751
3.205
3.77
4.448
5.063
5.457
5.553
5.387
5.185
5.174
5.283
5.396
5.482
5.507
5.596
5.789
6.025
6.224
6.439
6.735
7
7.134
7.138
7.091
7.059
7.12
7.283
7.453
7.551
7.617
7.732
7.801
7.798
7.875
8.152
8.476
8.563
8.386
8.193
8.138
8.19
8.304
8.413
8.433
8.374
8.325
8.302
8.19
7.98
7.782
7.662
7.587
7.544
7.447
7.302
7.229
7.274
7.383
7.442
7.422
7.351
7.167
6.936
6.818
6.771
6.671
6.508
6.263
6.011
5.906
5.966
6.081
6.156
6.101
5.913
5.7
5.516
5.303
4.97
4.634
4.368
4.085
3.763
3.411
3.073
2.91
2.89
2.806
2.608
2.375
2.18
2.084
2.043
1.955
1.823
1.706
1.583
1.352
1.014
0.755
0.689
0.703
0.628
0.478
0.37
0.388
0.578
0.841
0.966
0.887
0.726
0.521
0.274
0.04
-0.116
-0.233
-0.417
-0.665
-0.914
-1.102
-1.209
-1.236
-1.15
-1.032
-1.068
-1.259
-1.49
-1.712
-1.887
-1.939
-1.869
-1.842
-1.971
-2.187
-2.341
-2.363
-2.234
-2.037
-1.923
-1.885
-1.842
-1.826
-1.839
-1.805
-1.715
-1.608
-1.529
-1.499
-1.492
-1.465
-1.454
-1.467
-1.436
-1.374
-1.393
-1.449
-1.454
-1.356
-1.227
-1.12
-0.973
-0.764
-0.592
-0.515
-0.478
-0.404
-0.249
0.02
0.324
0.574
0.796
1.041
1.284
1.481
1.556
1.51
1.458
1.51
1.647
1.81
1.944
1.966
1.96
1.991
2.039
2.123
2.282
2.479
2.629
2.686
2.711
2.751
2.76
2.781
2.887
3.023
3.162
3.323
3.432
3.473
3.565
3.7
3.758
3.758
3.761
3.774
3.831
3.915
4.058
4.33
4.673
4.879
4.902
4.818
4.641
4.423
4.244
4.217
4.298
4.319
4.319
4.434
4.577
4.595
4.552
4.487
4.43
4.428
4.48
4.502
4.5
4.502
4.545
4.613
4.684
4.684
4.598
4.507
4.425
4.334
4.226
4.103
3.96
3.826
3.786
3.84
3.972
4.153
4.321
4.448
4.505
4.416
4.189
3.863
3.484
3.135
2.894
2.769
2.724
2.754
2.869
3.017
3.128
3.13
3.082
3.01
2.899
2.749
2.608
2.561
2.658
2.835
2.931
2.89
2.842
2.837
2.808
2.697
2.522
2.366
2.193
1.966
1.71
1.443
1.254
1.202
1.229
1.263
1.259
1.277
1.333
1.32
1.177
0.996
0.853
0.742
0.624
0.51
0.424
0.422
0.447
0.476
0.537
0.635
0.728
0.782
0.798
0.789
0.796
0.85
0.869
0.823
0.701
0.533
0.42
0.379
0.354
0.245
0.088
0.002
-0.011
-0.002
0.009
-0.004
-0.07
-0.161
-0.242
-0.304
-0.361
-0.401
-0.37
-0.249
-0.179
-0.188
-0.206
-0.29
-0.408
-0.469
-0.469
-0.476
-0.508
-0.571
-0.689
-0.809
-0.912
-0.941
-0.871
-0.787
-0.751
-0.798
-0.876
-0.923
-0.971
-0.977
-0.946
-0.977
-1.091
-1.159
-1.184
-1.231
-1.284
-1.29
-1.243
-1.159
-1.079
-1.057
-1.057
-1.009
-0.887
-0.753
-0.689
-0.655
-0.603
-0.576
-0.626
-0.726
-0.876
-0.984
-0.943
-0.76
-0.533
-0.365
-0.272
-0.179
-0.063
-0.043
-0.152
-0.313
-0.444
-0.583
-0.723
-0.782
-0.723
-0.571
-0.356
-0.154
-0.081
-0.143
-0.218
-0.263
-0.356
-0.467
-0.524
-0.497
-0.44
-0.433
-0.497
-0.59
-0.619
-0.515
-0.288
-0.084
-0.079
-0.247
-0.44
-0.576
-0.694
-0.839
-0.934
-0.914
-0.844
-0.753
-0.66
-0.546
-0.492
-0.571
-0.68
-0.744
-0.814
-0.93
-1.084
-1.243
-1.381
-1.39
-1.252
-1.079
-1.023
-1.155
-1.422
-1.701
-1.93
-2.075
-2.137
-2.1
-1.946
-1.746
-1.629
-1.644
-1.701
-1.706
-1.701
-1.774
-1.976
-2.241
-2.504
-2.733
-2.869
-2.828
-2.611
-2.313
-2.116
-2.105
-2.252
-2.416
-2.466
-2.468
-2.642
-2.965
-3.166
-3.176
-3.139
-3.173
-3.257
-3.259
-3.057
-2.708
-2.452
-2.524
-2.906
-3.361
-3.702
-3.92
-4.001
-4.001
-3.949
-3.82
-3.652
-3.491
-3.332
-3.255
-3.334
-3.457
-3.565
-3.684
-3.853
-4.078
-4.325
-4.496
-4.518
-4.487
-4.475
-4.543
-4.677
-4.745
-4.595
-4.298
-4.149
-4.31
-4.622
-4.876
-5.049
-5.222
-5.348
-5.314
-5.133
-4.924
-4.711
-4.512
-4.457
-4.627
-4.863
-5.017
-5.151
-5.28
-5.319
-5.135
-4.82
-4.507
-4.251
-4.087
-4.037
-4.11
-4.321
-4.593
-4.908
-5.224
-5.469
-5.537
-5.442
-5.296
-5.128
-4.852
-4.57
-4.444
-4.464
-4.43
-4.303
-4.285
-4.53
-4.972
-5.376
-5.605
-5.607
-5.446
-5.253
-5.151
-5.135
-5.097
-5.004
-4.979
-5.088
-5.256
-5.323
-5.274
-5.292
-5.442
-5.598
-5.661
-5.675
-5.727
-5.786
-5.818
-5.9
-6.049
-6.179
-6.238
-6.206
-6.088
-5.979
-5.961
-6.045
-6.106
-6.004
-5.866
-5.854
-5.981
-6.095
-6.079
-6.011
-6.068
-6.299
-6.539
-6.659
-6.644
-6.578
-6.539
-6.48
-6.358
-6.247
-6.258
-6.367
-6.485
-6.548
-6.625
-6.735
-6.821
-6.861
-6.875
-6.832
-6.684
-6.562
-6.58
-6.623
-6.562
-6.467
-6.421
-6.419
-6.392
-6.351
-6.362
-6.446
-6.524
-6.528
-6.392
-6.199
-6.052
-5.902
-5.773
-5.75
-5.798
-5.902
-6.104
-6.362
-6.558
-6.623
-6.56
-6.38
-6.16
-5.991
-5.823
-5.535
-5.199
-4.917
-4.657
-4.487
-4.45
-4.439
-4.384
-4.353
-4.466
-4.704
-4.938
-5.092
-5.187
-5.19
-5.16
-5.097
-4.872
-4.491
-4.126
-3.926
-3.949
-4.08
-4.174
-4.142
-4.062
-4.06
-4.13
-4.183
-4.158
-4.071
-4.003
-4.035
-4.096
-4.11
-4.028
-3.853
-3.711
-3.663
-3.672
-3.677
-3.609
-3.493
-3.529
-3.67
-3.743
-3.74
-3.745
-3.781
-3.867
-4.037
-4.221
-4.373
-4.575
-4.865
-5.124
-5.267
-5.26
-5.097
-4.908
-4.879
-5.017
-5.228
-5.439
-5.639
-5.87
-6.083
-6.226
-6.29
-6.208
-6.052
-5.915
-5.746
-5.532
-5.439
-5.566
-5.868
-6.24
-6.544
-6.757
-6.932
-7.007
-6.889
-6.576
-6.176
-5.813
-5.607
-5.591
-5.659
-5.727
-5.854
-6.129
-6.505
-6.8
-6.891
-6.832
-6.639
-6.374
-6.097
-5.698
-5.097
-4.523
-4.23
-4.212
-4.312
-4.455
-4.682
-5.002
-5.244
-5.276
-5.142
-4.829
-4.348
-3.831
-3.352
-2.965
-2.711
-2.574
-2.542
-2.624
-2.79
-2.901
-2.849
-2.677
-2.427
-2.166
-1.908
-1.651
-1.386
-1.155
-1.039
-0.998
-1.009
-1.041
-1.068
-1.091
-1.064
-0.891
-0.592
-0.19
0.279
0.76
1.1
1.281
1.379
1.397
1.311
1.127
0.955
0.864
0.862
1.034
1.443
1.998
2.59
3.16
3.665
4.046
4.205
4.108
3.84
3.536
3.214
2.878
2.681
2.726
3.037
3.572
4.155
4.622
4.995
5.274
5.344
5.124
4.766
4.462
4.321
4.289
4.353
4.559
4.904
5.328
5.693
5.986
6.176
6.192
6.147
6.129
6.058
5.875
5.677
5.621
5.702
5.866
6.043
6.181
6.283
6.371
6.469
6.521
6.526
6.48
6.367
6.226
6.101
6.009
6.009
6.197
6.487
6.821
7.181
7.449
7.501
7.329
6.966
6.503
6.065
5.746
5.571
5.539
5.634
5.875
6.226
6.58
6.825
6.918
6.85
6.564
6.147
5.73
5.369
5.031
4.707
4.557
4.741
5.146
5.532
5.8
6.045
6.272
6.362
6.233
5.915
5.532
5.119
4.754
4.525
4.464
4.584
4.913
5.391
5.818
6.049
6.092
6.054
5.915
5.598
5.228
5.069
5.126
5.267
5.391
5.501
5.657
5.859
6.002
6.034
5.959
5.843
5.775
5.809
5.886
5.902
5.861
5.813
5.782
5.77
5.85
6
6.115
6.19
6.254
6.29
6.297
6.254
6.072
5.752
5.485
5.492
5.709
5.911
6.061
6.292
6.605
6.852
6.911
6.798
6.621
6.401
6.16
6.056
6.099
6.167
6.188
6.31
6.65
7.043
7.299
7.54
7.823
8.055
8.141
8.127
8.055
7.946
7.755
7.522
7.374
7.374
7.49
7.676
7.832
7.9
8.012
8.229
8.447
8.549
8.499
8.377
8.322
8.381
8.426
8.377
8.325
8.381
8.567
8.785
8.921
8.948
8.91
8.891
8.937
9.003
9.03
8.985
8.873
8.76
8.746
8.801
8.824
8.821
8.851
8.946
9.096
9.257
9.386
9.427
9.44
9.483
9.543
9.581
9.534
9.397
9.227
9.136
9.198
9.35
9.518
9.629
9.636
9.59
9.531
9.429
9.289
9.134
9.039
9.141
9.397
9.617
9.685
9.588
9.404
9.241
9.161
9.13
9
8.694
8.345
8.213
8.318
8.42
8.499
8.651
8.828
8.994
9.168
9.338
9.361
9.227
9.089
9.016
8.928
8.794
8.705
8.728
8.808
8.882
8.937
8.978
9.046
9.055
8.941
8.835
8.848
8.862
8.73
8.547
8.458
8.529
8.694
8.851
8.928
8.891
8.79
8.721
8.626
8.352
7.95
7.556
7.211
6.998
6.973
7.104
7.369
7.673
7.896
7.955
7.78
7.399
6.973
6.594
6.265
6.068
6.02
6.015
5.991
5.995
6.09
6.22
6.251
6.185
6.083
5.863
5.587
5.43
5.31
5.101
4.911
4.847
4.895
4.936
4.908
4.906
5.017
5.126
5.117
5.058
4.986
4.815
4.586
4.362
4.203
4.239
4.446
4.654
4.809
4.888
4.833
4.568
4.174
3.829
3.565
3.343
3.266
3.393
3.543
3.638
3.77
3.956
4.074
4.078
3.985
3.781
3.513
3.271
3.162
3.196
3.166
3.039
3.003
3.048
3.005
2.865
2.692
2.524
2.411
2.398
2.402
2.354
2.209
2.105
2.112
2.193
2.313
2.404
2.354
2.252
2.252
2.236
2.039
1.667
1.363
1.27
1.297
1.313
1.352
1.449
1.483
1.443
1.452
1.39
1.104
0.73
0.49
0.386
0.313
0.313
0.444
0.578
0.569
0.53
0.533
0.483
0.338
0.116
-0.175
-0.438
-0.524
-0.431
-0.306
-0.224
-0.211
-0.156
0
0.145
0.161
0.081
-0.011
-0.04
-0.088
-0.247
-0.487
-0.651
-0.728
-0.782
-0.885
-1.041
-1.207
-1.379
-1.533
-1.629
-1.683
-1.744
-1.801
-1.955
-2.202
-2.347
-2.327
-2.216
-2.116
-2.137
-2.304
-2.404
-2.329
-2.357
-2.654
-3.16
-3.709
-4.117
-4.298
-4.346
-4.366
-4.362
-4.26
-4.058
-3.872
-3.881
-4.158
-4.516
-4.704
-4.707
-4.688
-4.72
-4.675
-4.534
-4.418
-4.368
-4.382
-4.48
-4.686
-4.988
-5.294
-5.503
-5.607
-5.652
-5.63
-5.562
-5.446
-5.321
-5.187
-5.013
-4.936
-5.069
-5.301
-5.48
-5.58
-5.727
-6.006
-6.349
-6.546
-6.521
-6.392
-6.331
-6.317
-6.267
-6.156
-6.113
-6.254
-6.58
-7
-7.383
-7.617
-7.66
-7.599
-7.503
-7.367
-7.174
-6.966
-6.864
-6.952
-7.213
-7.56
-7.909
-8.211
-8.433
-8.513
-8.472
-8.372
-8.231
-8.055
-7.884
-7.825
-7.927
-8.064
-8.109
-8.118
-8.209
-8.361
-8.524
-8.687
-8.785
-8.785
-8.579
-8.184
-7.828
-7.701
-7.701
-7.719
-7.916
-8.331
-8.815
-9.264
-9.622
-9.847
-9.835
-9.518
-9.109
-8.794
-8.556
-8.451
-8.628
-9.075
-9.545
-9.901
-10.182
-10.391
-10.38
-10.085
-9.797
-9.742
-9.756
-9.572
-9.348
-9.379
-9.563
-9.749
-9.892
-9.962
-9.948
-9.953
-10.012
-10.076
-9.996
-9.74
-9.561
-9.563
-9.54
-9.429
-9.395
-9.488
-9.679
-9.921
-10.092
-10.121
-10.023
-9.815
-9.538
-9.245
-8.991
-8.86
-8.873
-8.925
-8.912
-8.941
-9.189
-9.547
-9.747
-9.742
-9.703
-9.765
-9.851
-9.871
-9.856
-9.806
-9.71
-9.694
-9.844
-10.001
-10.071
-10.184
-10.391
-10.584
-10.702
-10.729
-10.708
-10.631
-10.491
-10.359
-10.318
-10.264
-10.135
-10.089
-10.243
-10.552
-10.922
-11.21
-11.319
-11.287
-11.182
-11.065
-10.999
-10.942
-10.808
-10.717
-10.751
-10.779
-10.758
-10.795
-10.978
-11.282
-11.55
-11.645
-11.672
-11.702
-11.629
-11.507
-11.389
-11.248
-11.072
-10.915
-10.802
-10.754
-10.802
-10.962
-11.153
-11.291
-11.328
-11.326
-11.316
-11.201
-10.901
-10.552
-10.33
-10.182
-10.067
-10.076
-10.205
-10.321
-10.366
-10.303
-10.191
-10.116
-10.128
-10.169
-10.06
-9.815
-9.574
-9.443
-9.377
-9.318
-9.309
-9.379
-9.513
-9.633
-9.62
-9.461
-9.291
-9.232
-9.22
-9.179
-9.066
-8.876
-8.708
-8.715
-8.878
-9.066
-9.243
-9.449
-9.69
-9.824
-9.801
-9.656
-9.447
-9.252
-9.13
-9.161
-9.293
-9.409
-9.488
-9.543
-9.595
-9.647
-9.735
-9.89
-10.019
-10.046
-9.973
-9.885
-9.81
-9.681
-9.608
-9.712
-9.933
-10.105
-10.105
-10.044
-10.035
-10.076
-10.101
-10.076
-9.994
-9.858
-9.715
-9.683
-9.758
-9.856
-9.86
-9.813
-9.86
-9.946
-9.962
-9.924
-9.955
-10.058
-10.164
-10.237
-10.227
-10.121
-9.992
-9.862
-9.726
-9.593
-9.436
-9.254
-9.207
-9.404
-9.712
-9.982
-10.166
-10.262
-10.241
-10.112
-9.881
-9.626
-9.431
-9.291
-9.182
-9.168
-9.243
-9.341
-9.397
-9.415
-9.463
-9.47
-9.298
-8.973
-8.667
-8.442
-8.243
-8.073
-7.987
-8.034
-8.179
-8.456
-8.903
-9.381
-9.663
-9.665
-9.402
-9.003
-8.606
-8.234
-7.902
-7.726
-7.732
-7.871
-8.109
-8.411
-8.765
-9.159
-9.488
-9.665
-9.608
-9.261
-8.776
-8.424
-8.236
-8.197
-8.345
-8.599
-8.821
-8.955
-9.066
-9.261
-9.495
-9.64
-9.59
-9.302
-8.86
-8.49
-8.263
-8.093
-8.037
-8.184
-8.429
-8.667
-8.826
-8.905
-8.953
-8.91
-8.703
-8.352
-7.932
-7.547
-7.351
-7.385
-7.515
-7.689
-7.936
-8.243
-8.529
-8.767
-8.905
-8.828
-8.565
-8.279
-7.984
-7.671
-7.442
-7.367
-7.472
-7.73
-8.032
-8.311
-8.545
-8.637
-8.549
-8.363
-8.075
-7.648
-7.163
-6.725
-6.439
-6.378
-6.49
-6.694
-6.961
-7.234
-7.442
-7.612
-7.723
-7.657
-7.34
-6.843
-6.322
-5.866
-5.555
-5.457
-5.546
-5.8
-6.163
-6.535
-6.839
-7.014
-6.959
-6.709
-6.369
-5.915
-5.371
-4.863
-4.505
-4.38
-4.523
-4.84
-5.237
-5.602
-5.886
-6.036
-5.97
-5.684
-5.287
-4.802
-4.251
-3.81
-3.62
-3.679
-3.904
-4.149
-4.382
-4.663
-4.965
-5.128
-5.088
-4.881
-4.577
-4.212
-3.808
-3.489
-3.343
-3.409
-3.704
-4.212
-4.718
-4.947
-4.911
-4.763
-4.566
-4.282
-3.94
-3.584
-3.241
-2.974
-2.881
-3.023
-3.373
-3.872
-4.368
-4.772
-5.081
-5.274
-5.271
-5.06
-4.695
-4.31
-4.058
-3.913
-3.926
-4.094
-4.378
-4.804
-5.305
-5.739
-5.913
-5.832
-5.605
-5.38
-5.169
-4.929
-4.673
-4.471
-4.319
-4.28
-4.448
-4.77
-5.11
-5.312
-5.362
-5.396
-5.444
-5.382
-5.165
-4.784
-4.323
-3.947
-3.747
-3.686
-3.659
-3.659
-3.752
-3.965
-4.203
-4.28
-4.153
-3.931
-3.624
-3.191
-2.686
-2.198
-1.764
-1.386
-1.145
-1.12
-1.268
-1.479
-1.658
-1.805
-1.91
-1.844
-1.519
-1.014
-0.442
0.084
0.465
0.601
0.528
0.415
0.265
0.061
-0.134
-0.202
-0.063
0.254
0.662
1.164
1.746
2.252
2.576
2.765
2.79
2.654
2.45
2.198
1.937
1.721
1.599
1.601
1.74
1.969
2.232
2.499
2.783
3.012
3.019
2.733
2.318
1.98
1.708
1.438
1.29
1.381
1.665
2.082
2.563
2.985
3.212
3.157
2.86
2.461
2.046
1.567
1.089
0.794
0.762
0.846
0.912
0.973
1.134
1.39
1.624
1.715
1.626
1.352
0.885
0.313
-0.197
-0.606
-0.91
-1.104
-1.098
-0.862
-0.512
-0.145
0.224
0.485
0.481
0.193
-0.249
-0.78
-1.259
-1.567
-1.712
-1.681
-1.411
-0.984
-0.59
-0.345
-0.249
-0.306
-0.508
-0.839
-1.306
-1.864
-2.288
-2.504
-2.633
-2.717
-2.64
-2.37
-1.964
-1.47
-0.975
-0.642
-0.537
-0.651
-1.007
-1.569
-2.141
-2.588
-2.883
-3.01
-2.912
-2.59
-2.098
-1.49
-0.921
-0.608
-0.61
-0.891
-1.386
-2
-2.615
-3.03
-3.06
-2.733
-2.307
-1.957
-1.608
-1.268
-1.034
-0.968
-1.041
-1.179
-1.395
-1.688
-1.982
-2.153
-2.118
-1.919
-1.654
-1.268
-0.757
-0.288
-0.004
0.19
0.379
0.379
0.113
-0.267
-0.617
-0.91
-1.034
-0.905
-0.571
-0.063
0.497
0.923
1.139
1.182
1.064
0.869
0.649
0.383
0.063
-0.181
-0.247
-0.132
0.091
0.417
0.803
1.141
1.404
1.603
1.835
2.062
2.125
2.025
1.794
1.461
1.132
0.891
0.719
0.608
0.633
0.821
1.173
1.531
1.735
1.762
1.694
1.538
1.252
0.86
0.519
0.365
0.401
0.58
0.839
1.123
1.386
1.585
1.71
1.801
1.789
1.624
1.331
0.996
0.66
0.338
0.104
0.068
0.236
0.515
0.816
1.1
1.354
1.513
1.481
1.293
1
0.596
0.1
-0.444
-0.896
-1.104
-1.025
-0.667
-0.1
0.517
1.05
1.397
1.517
1.418
1.127
0.714
0.361
0.181
0.07
-0.029
-0.022
0.206
0.587
0.966
1.265
1.488
1.567
1.467
1.238
0.991
0.755
0.53
0.336
0.209
0.172
0.322
0.649
1.084
1.529
1.853
2.023
2.064
1.973
1.719
1.363
1.023
0.809
0.778
0.957
1.229
1.49
1.744
2.021
2.275
2.459
2.511
2.404
2.191
1.957
1.803
1.71
1.556
1.39
1.338
1.438
1.656
1.923
2.187
2.42
2.622
2.767
2.849
2.833
2.688
2.429
2.153
1.944
1.832
1.88
2.146
2.481
2.654
2.692
2.792
2.967
3.035
2.924
2.692
2.468
2.354
2.245
2.08
2.016
2.173
2.443
2.663
2.774
2.787
2.724
2.583
2.363
2.123
1.966
1.91
1.905
1.91
1.937
2.021
2.146
2.318
2.459
2.461
2.357
2.32
2.375
2.3
2.023
1.758
1.674
1.746
1.832
1.83
1.821
1.869
1.926
1.926
1.928
1.935
1.896
1.878
1.883
1.885
1.91
1.982
2.13
2.243
2.207
2.073
1.973
1.908
1.805
1.672
1.603
1.676
1.823
1.908
1.908
1.955
2.116
2.32
2.499
2.683
2.892
3.064
3.182
3.25
3.219
2.992
2.627
2.291
2.1
2.039
2.148
2.452
2.81
3.119
3.364
3.55
3.663
3.686
3.663
3.62
3.532
3.405
3.314
3.327
3.414
3.552
3.704
3.835
3.972
4.155
4.287
4.312
4.316
4.393
4.459
4.341
3.992
3.599
3.439
3.604
3.885
4.126
4.325
4.516
4.679
4.729
4.641
4.457
4.228
4.069
3.997
3.899
3.804
3.831
3.954
4.08
4.244
4.418
4.545
4.6
4.55
4.389
4.201
4.033
3.844
3.643
3.45
3.361
3.475
3.693
3.879
4.028
4.144
4.164
4.103
3.981
3.795
3.615
3.536
3.509
3.479
3.45
3.434
3.513
3.64
3.659
3.599
3.597
3.638
3.568
3.384
3.191
2.987
2.747
2.583
2.606
2.74
2.808
2.876
3.155
3.504
3.695
3.756
3.82
3.829
3.638
3.289
2.996
2.86
2.824
2.806
2.853
3.055
3.325
3.556
3.697
3.709
3.679
3.624
3.534
3.448
3.377
3.262
3.103
3.008
2.94
2.874
2.944
3.191
3.484
3.722
3.929
4.101
4.162
4.049
3.869
3.772
3.79
3.94
4.139
4.305
4.407
4.498
4.657
4.754
4.684
4.582
4.55
4.487
4.31
4.117
4.085
4.239
4.434
4.588
4.702
4.77
4.754
4.723
4.709
4.647
4.545
4.446
4.359
4.205
4.092
4.219
4.543
4.757
4.793
4.886
5.049
5.144
5.121
5.022
4.917
4.863
4.854
4.838
4.743
4.598
4.559
4.65
4.759
4.779
4.768
4.797
4.881
4.979
5.017
4.997
4.963
4.87
4.714
4.616
4.629
4.641
4.6
4.552
4.509
4.457
4.407
4.357
4.321
4.375
4.489
4.659
4.888
5.072
5.108
5.069
4.933
4.652
4.332
4.015
3.72
3.627
3.765
3.976
4.169
4.337
4.453
4.487
4.45
4.405
4.343
4.169
3.926
3.763
3.624
3.432
3.296
3.282
3.377
3.545
3.765
4.046
4.418
4.777
4.97
5.029
4.988
4.847
4.673
4.496
4.391
4.428
4.532
4.663
4.716
4.65
4.564
4.647
4.847
4.956
4.954
4.968
5.085
5.337
5.546
5.587
5.575
5.611
5.605
5.492
5.403
5.451
5.593
5.716
5.847
6.12
6.446
6.621
6.712
6.846
6.993
7.081
7.131
7.256
7.46
7.662
7.814
7.961
8.075
8.107
8.102
8.166
8.34
8.61
8.871
9.057
9.218
9.363
9.445
9.449
9.42
9.406
9.438
9.545
9.738
9.953
10.137
10.282
10.361
10.305
10.159
10.035
10.001
9.971
9.939
10.008
10.225
10.447
10.547
10.582
10.591
10.532
10.343
10.092
9.853
9.656
9.486
9.395
9.434
9.565
9.717
9.851
9.978
10.03
9.946
9.733
9.447
9.123
8.794
8.542
8.338
8.181
8.143
8.263
8.47
8.662
8.855
9.019
9.057
8.957
8.781
8.56
8.368
8.213
8.066
7.934
7.864
7.887
7.941
8.034
8.156
8.197
8.086
7.893
7.678
7.501
7.349
7.113
6.814
6.582
6.469
6.405
6.358
6.326
6.313
6.299
6.272
6.185
6.031
5.95
5.977
5.954
5.836
5.78
5.807
5.798
5.75
5.743
5.7
5.555
5.387
5.253
5.169
5.076
4.892
4.734
4.732
4.793
4.84
4.87
4.883
4.906
4.874
4.702
4.378
3.969
3.681
3.622
3.613
3.599
3.686
3.899
4.174
4.425
4.618
4.661
4.57
4.428
4.205
3.926
3.691
3.491
3.368
3.37
3.493
3.7
3.92
4.137
4.319
4.368
4.214
3.904
3.559
3.389
3.418
3.421
3.418
3.599
3.874
3.967
3.888
3.856
3.985
4.049
3.904
3.758
3.813
3.985
4.176
4.341
4.434
4.444
4.441
4.416
4.307
4.108
3.945
3.89
3.849
3.763
3.718
3.786
3.894
3.965
4.062
4.214
4.273
4.167
4.033
3.945
3.754
3.423
3.121
2.935
2.819
2.726
2.704
2.849
3.141
3.389
3.402
3.214
2.999
2.806
2.484
2.009
1.558
1.315
1.27
1.333
1.56
1.962
2.391
2.724
2.91
2.892
2.656
2.327
2
1.647
1.293
1.114
1.195
1.418
1.66
1.969
2.363
2.695
2.828
2.79
2.629
2.361
2.041
1.776
1.64
1.581
1.542
1.647
1.933
2.273
2.531
2.686
2.724
2.62
2.366
2.007
1.601
1.243
1.075
1.164
1.424
1.76
2.134
2.445
2.606
2.597
2.418
2.121
1.746
1.29
0.903
0.76
0.805
0.968
1.238
1.588
1.93
2.153
2.205
2.089
1.873
1.594
1.195
0.692
0.263
0.038
-0.018
0.095
0.44
0.939
1.429
1.787
1.937
1.889
1.667
1.268
0.726
0.19
-0.245
-0.565
-0.701
-0.608
-0.308
0.079
0.478
0.805
0.934
0.837
0.583
0.186
-0.274
-0.692
-1.011
-1.202
-1.245
-1.084
-0.678
-0.156
0.238
0.386
0.333
0.175
-0.125
-0.562
-0.95
-1.177
-1.209
-1.05
-0.737
-0.354
0.027
0.395
0.696
0.821
0.732
0.533
0.29
0.004
-0.297
-0.512
-0.608
-0.565
-0.374
-0.013
0.424
0.757
0.962
1.041
0.844
0.374
-0.147
-0.594
-0.943
-1.202
-1.318
-1.241
-0.964
-0.524
0.063
0.651
0.977
1.007
0.907
0.746
0.454
0.007
-0.487
-0.876
-1.143
-1.304
-1.354
-1.299
-1.164
-0.948
-0.676
-0.401
-0.254
-0.301
-0.537
-0.832
-1.086
-1.356
-1.74
-2.15
-2.466
-2.704
-2.91
-3.06
-3.141
-3.21
-3.264
-3.239
-3.119
-3.039
-3.098
-3.146
-3.066
-3.044
-3.284
-3.743
-4.242
-4.754
-5.317
-5.866
-6.299
-6.614
-6.8
-6.753
-6.424
-6.034
-5.791
-5.686
-5.614
-5.625
-5.832
-6.24
-6.721
-7.12
-7.39
-7.565
-7.605
-7.497
-7.302
-7.048
-6.769
-6.515
-6.274
-6.006
-5.737
-5.609
-5.655
-5.746
-5.75
-5.686
-5.602
-5.514
-5.36
-5.131
-4.981
-4.949
-4.913
-4.802
-4.602
-4.291
-3.967
-3.736
-3.513
-3.173
-2.72
-2.343
-2.225
-2.322
-2.481
-2.74
-3.094
-3.393
-3.59
-3.654
-3.5
-3.121
-2.683
-2.227
-1.737
-1.236
-0.83
-0.667
-0.748
-0.996
-1.213
-1.361
-1.553
-1.762
-1.721
-1.381
-1.089
-0.968
-0.78
-0.338
0.143
0.463
0.506
0.265
-0.095
-0.288
-0.197
-0.095
-0.129
-0.279
-0.297
-0.181
-0.15
-0.249
-0.276
-0.095
0.195
0.487
0.631
0.615
0.542
0.612
0.864
1.12
1.263
1.302
1.32
1.313
1.37
1.538
1.846
2.264
2.604
2.819
3.062
3.452
3.865
4.257
4.609
4.904
5.092
5.197
5.219
5.092
4.888
4.761
4.754
4.874
5.206
5.718
6.251
6.671
6.973
7.199
7.385
7.447
7.293
7.143
7.193
7.268
7.229
7.215
7.331
7.528
7.873
8.401
8.937
9.259
9.318
9.209
8.985
8.692
8.413
8.254
8.25
8.284
8.282
8.306
8.363
8.379
8.338
8.263
8.055
7.789
7.542
7.249
6.932
6.668
6.494
6.474
6.492
6.51
6.61
6.755
6.895
6.891
6.63
6.231
5.929
5.641
5.249
4.883
4.7
4.829
5.208
5.634
5.915
5.968
5.854
5.655
5.235
4.548
3.842
3.354
3.055
2.86
2.774
2.824
3.005
3.201
3.284
3.23
2.983
2.57
2.15
1.826
1.66
1.681
1.81
1.869
1.796
1.681
1.544
1.433
1.447
1.458
1.388
1.227
1.059
0.95
0.825
0.662
0.669
0.889
1.05
1.05
0.957
0.78
0.619
0.429
0.068
-0.361
-0.671
-0.873
-1.07
-1.295
-1.461
-1.479
-1.411
-1.327
-1.277
-1.29
-1.365
-1.436
-1.47
-1.56
-1.764
-2.025
-2.182
-2.175
-2.153
-2.214
-2.37
-2.533
-2.647
-2.772
-2.937
-3.005
-2.958
-2.892
-2.837
-2.654
-2.407
-2.261
-2.316
-2.438
-2.441
-2.388
-2.359
-2.311
-2.23
-2.118
-1.935
-1.635
-1.329
-1.066
-0.905
-0.828
-0.737
-0.599
-0.485
-0.297
0.075
0.555
0.982
1.247
1.354
1.465
1.669
1.805
1.846
1.869
1.91
1.998
2.141
2.275
2.322
2.343
2.386
2.468
2.622
2.84
3.153
3.516
3.869
4.23
4.489
4.512
4.371
4.267
4.246
4.285
4.325
4.462
4.634
4.7
4.579
4.328
4.076
3.922
3.904
4.006
4.183
4.423
4.766
5.194
5.507
5.523
5.24
4.804
4.337
3.974
3.788
3.74
3.774
3.908
4.121
4.271
4.253
4.058
3.788
3.527
3.425
3.593
3.965
4.323
4.507
4.55
4.453
4.217
3.808
3.325
3.001
2.983
3.244
3.604
3.899
4.067
4.176
4.253
4.185
3.876
3.384
2.86
2.54
2.556
2.724
2.91
3.098
3.257
3.373
3.391
3.277
3.06
2.83
2.708
2.697
2.677
2.62
2.538
2.502
2.493
2.486
2.486
2.461
2.425
2.363
2.284
2.184
2.03
1.876
1.742
1.574
1.397
1.345
1.476
1.755
2.066
2.284
2.352
2.198
1.905
1.622
1.302
0.943
0.71
0.751
1.023
1.418
1.832
2.193
2.425
2.527
2.443
2.18
1.862
1.585
1.349
1.218
1.299
1.483
1.549
1.463
1.281
1.054
0.757
0.399
0.1
0
0.002
0.056
0.159
0.224
0.211
0.249
0.388
0.497
0.469
0.386
0.386
0.497
0.555
0.406
0.054
-0.31
-0.601
-0.805
-0.889
-0.814
-0.635
-0.381
-0.061
0.186
0.177
-0.113
-0.492
-0.742
-0.855
-0.946
-0.993
-0.905
-0.726
-0.56
-0.467
-0.447
-0.476
-0.537
-0.571
-0.585
-0.546
-0.456
-0.263
0.013
0.261
0.333
0.29
0.229
0.145
0.05
-0.029
-0.068
-0.072
-0.066
-0.154
-0.292
-0.358
-0.365
-0.39
-0.349
-0.19
-0.043
0.04
0.127
0.209
0.231
0.218
0.211
0.22
0.197
0.077
-0.029
-0.052
-0.116
-0.254
-0.324
-0.297
-0.238
-0.12
0.07
0.285
0.492
0.619
0.576
0.404
0.177
-0.111
-0.44
-0.68
-0.773
-0.819
-0.819
-0.742
-0.692
-0.746
-0.812
-0.85
-0.887
-0.957
-0.973
-0.805
-0.646
-0.687
-0.789
-0.766
-0.665
-0.687
-0.88
-1.114
-1.222
-1.166
-1.025
-0.943
-0.959
-0.998
-1.025
-1.066
-1.168
-1.397
-1.678
-1.74
-1.581
-1.463
-1.481
-1.562
-1.629
-1.64
-1.674
-1.744
-1.703
-1.565
-1.449
-1.395
-1.447
-1.572
-1.658
-1.681
-1.721
-1.828
-1.826
-1.59
-1.306
-1.17
-1.204
-1.322
-1.429
-1.558
-1.803
-2.121
-2.345
-2.347
-2.184
-1.973
-1.769
-1.583
-1.476
-1.479
-1.615
-1.903
-2.279
-2.674
-3.048
-3.373
-3.588
-3.611
-3.43
-3.203
-3.051
-2.908
-2.64
-2.254
-2.037
-2.211
-2.613
-2.978
-3.262
-3.536
-3.853
-4.153
-4.307
-4.244
-4.008
-3.718
-3.55
-3.554
-3.629
-3.693
-3.813
-4.105
-4.527
-4.872
-4.995
-4.915
-4.707
-4.437
-4.203
-4.117
-4.119
-4.096
-4.078
-4.228
-4.568
-4.999
-5.351
-5.566
-5.693
-5.773
-5.752
-5.562
-5.149
-4.634
-4.205
-4.031
-4.126
-4.325
-4.561
-4.867
-5.192
-5.428
-5.537
-5.562
-5.55
-5.444
-5.217
-4.992
-4.833
-4.688
-4.602
-4.636
-4.775
-4.974
-5.206
-5.478
-5.752
-5.909
-5.902
-5.872
-5.809
-5.573
-5.176
-4.766
-4.507
-4.493
-4.643
-4.845
-5.101
-5.419
-5.723
-5.913
-5.918
-5.816
-5.723
-5.598
-5.394
-5.197
-5.017
-4.879
-4.929
-5.231
-5.611
-5.97
-6.308
-6.594
-6.753
-6.76
-6.591
-6.285
-5.915
-5.605
-5.439
-5.442
-5.476
-5.53
-5.723
-5.993
-6.165
-6.245
-6.281
-6.247
-6.09
-5.879
-5.732
-5.602
-5.464
-5.421
-5.503
-5.691
-5.979
-6.319
-6.562
-6.694
-6.805
-6.945
-7.016
-6.9
-6.544
-6.034
-5.625
-5.464
-5.482
-5.686
-5.995
-6.281
-6.526
-6.68
-6.625
-6.405
-6.163
-5.895
-5.564
-5.192
-4.911
-4.847
-4.961
-5.187
-5.489
-5.75
-5.888
-5.986
-6.088
-6.154
-6.167
-6.122
-5.945
-5.689
-5.414
-5.156
-4.986
-4.92
-4.965
-5.162
-5.505
-5.723
-5.657
-5.442
-5.247
-5.085
-4.938
-4.804
-4.652
-4.409
-4.205
-4.237
-4.491
-4.725
-4.824
-4.895
-4.999
-5.056
-5.011
-4.872
-4.688
-4.527
-4.382
-4.23
-4.103
-3.981
-3.869
-3.863
-4.037
-4.334
-4.666
-4.892
-4.965
-4.94
-4.867
-4.761
-4.67
-4.598
-4.509
-4.391
-4.31
-4.337
-4.471
-4.65
-4.824
-4.947
-5.006
-5.002
-4.988
-4.961
-4.858
-4.788
-4.856
-5.069
-5.305
-5.492
-5.614
-5.777
-5.991
-6.106
-6.092
-5.961
-5.725
-5.437
-5.247
-5.219
-5.224
-5.126
-4.965
-4.876
-4.922
-5.051
-5.178
-5.206
-5.16
-5.108
-5.074
-5.083
-5.056
-4.938
-4.854
-4.849
-4.876
-4.913
-4.906
-4.815
-4.815
-5.017
-5.283
-5.371
-5.233
-4.89
-4.505
-4.276
-4.149
-4.08
-4.105
-4.169
-4.269
-4.371
-4.439
-4.421
-4.287
-4.071
-3.89
-3.786
-3.691
-3.545
-3.416
-3.389
-3.409
-3.416
-3.354
-3.212
-3.057
-2.896
-2.758
-2.667
-2.592
-2.486
-2.407
-2.361
-2.25
-2.039
-1.858
-1.796
-1.787
-1.69
-1.438
-1.111
-0.794
-0.435
-0.063
0.263
0.499
0.642
0.655
0.551
0.463
0.424
0.345
0.261
0.254
0.392
0.717
1.161
1.617
2.019
2.291
2.432
2.522
2.615
2.747
2.915
3.055
3.121
3.187
3.334
3.547
3.713
3.756
3.804
4.028
4.396
4.745
4.924
4.936
4.949
5.063
5.187
5.162
5.004
4.876
4.865
4.988
5.228
5.482
5.645
5.825
6.049
6.147
6.068
5.9
5.782
5.721
5.598
5.46
5.487
5.714
6.013
6.263
6.385
6.378
6.346
6.333
6.303
6.181
5.984
5.879
5.934
5.966
5.813
5.535
5.308
5.253
5.321
5.348
5.296
5.29
5.414
5.616
5.739
5.693
5.555
5.396
5.215
5.038
4.949
4.981
5.115
5.301
5.505
5.627
5.652
5.607
5.51
5.362
5.265
5.337
5.514
5.557
5.494
5.53
5.636
5.648
5.516
5.362
5.206
5.06
4.992
4.997
5.026
5.038
5.049
5.085
5.181
5.251
5.265
5.271
5.278
5.308
5.455
5.693
5.945
6.181
6.362
6.458
6.512
6.582
6.567
6.417
6.281
6.263
6.285
6.247
6.169
6.242
6.546
6.904
7.161
7.376
7.576
7.653
7.592
7.415
7.131
6.823
6.558
6.383
6.349
6.408
6.517
6.732
6.989
7.211
7.394
7.499
7.453
7.279
6.982
6.553
6.122
5.915
5.854
5.861
6.004
6.276
6.533
6.691
6.764
6.744
6.546
6.183
5.881
5.773
5.825
5.943
6.106
6.331
6.582
6.812
6.977
7.086
7.202
7.336
7.501
7.644
7.701
7.71
7.71
7.717
7.737
7.755
7.76
7.83
7.964
8.12
8.358
8.751
9.098
9.218
9.159
9.014
8.839
8.771
8.837
8.948
9.082
9.261
9.449
9.583
9.559
9.286
8.914
8.631
8.547
8.644
8.821
9.003
9.268
9.563
9.688
9.561
9.323
9.064
8.799
8.608
8.599
8.751
8.907
9.01
9.021
8.937
8.846
8.828
8.887
8.937
8.944
9.069
9.359
9.57
9.543
9.391
9.213
9.037
8.88
8.705
8.483
8.429
8.644
8.991
9.334
9.554
9.534
9.275
8.964
8.733
8.554
8.449
8.554
8.774
8.898
8.889
8.821
8.699
8.495
8.211
7.959
7.925
8.118
8.417
8.68
8.844
8.912
8.939
8.826
8.501
8.22
8.177
8.245
8.259
8.166
8.041
7.907
7.792
7.694
7.508
7.261
7.12
7.211
7.51
7.85
7.991
7.941
7.893
7.828
7.592
7.193
6.75
6.424
6.353
6.492
6.755
6.975
7.002
6.964
6.95
6.787
6.387
6.009
5.836
5.791
5.841
5.997
6.086
5.956
5.625
5.124
4.525
4.049
3.858
3.851
3.969
4.253
4.666
5.078
5.251
5.11
4.811
4.473
4.08
3.688
3.348
3.114
3.139
3.427
3.74
3.951
4.126
4.307
4.432
4.489
4.521
4.444
4.162
3.738
3.255
2.778
2.427
2.268
2.295
2.477
2.778
3.173
3.615
3.974
4.108
3.981
3.67
3.336
3.042
2.726
2.466
2.456
2.72
3.121
3.516
3.806
3.835
3.575
3.201
2.842
2.477
2.143
1.93
1.819
1.876
2.102
2.336
2.497
2.556
2.459
2.236
1.994
1.785
1.613
1.49
1.443
1.452
1.458
1.438
1.467
1.578
1.663
1.672
1.665
1.594
1.311
0.837
0.442
0.218
-0.034
-0.372
-0.649
-0.775
-0.698
-0.458
-0.213
-0.102
-0.163
-0.301
-0.395
-0.558
-0.882
-1.195
-1.336
-1.381
-1.456
-1.597
-1.792
-2.03
-2.264
-2.416
-2.436
-2.357
-2.284
-2.282
-2.245
-2.107
-1.933
-1.917
-2.114
-2.459
-2.89
-3.237
-3.375
-3.375
-3.359
-3.298
-3.042
-2.638
-2.309
-2.2
-2.288
-2.484
-2.679
-2.883
-3.137
-3.375
-3.5
-3.541
-3.534
-3.502
-3.448
-3.384
-3.334
-3.32
-3.343
-3.341
-3.318
-3.359
-3.511
-3.786
-4.046
-4.158
-4.128
-4.053
-4.051
-4.128
-4.183
-4.23
-4.289
-4.339
-4.432
-4.564
-4.659
-4.818
-5.049
-5.21
-5.265
-5.29
-5.299
-5.285
-5.308
-5.473
-5.673
-5.748
-5.789
-5.922
-6.056
-6.129
-6.224
-6.328
-6.362
-6.283
-6.165
-6.131
-6.222
-6.349
-6.453
-6.576
-6.739
-6.893
-6.982
-6.961
-6.964
-7.091
-7.268
-7.41
-7.499
-7.565
-7.596
-7.594
-7.61
-7.701
-7.823
-7.964
-8.152
-8.247
-8.193
-8.077
-8.052
-8.118
-8.138
-8.066
-8.089
-8.272
-8.476
-8.66
-8.846
-9.007
-9.168
-9.391
-9.55
-9.513
-9.277
-8.996
-8.808
-8.674
-8.558
-8.558
-8.669
-8.767
-8.83
-8.891
-8.937
-8.907
-8.837
-8.824
-8.821
-8.737
-8.671
-8.719
-8.769
-8.826
-8.998
-9.218
-9.334
-9.329
-9.275
-9.252
-9.193
-9.073
-8.957
-8.862
-8.781
-8.839
-9.098
-9.343
-9.481
-9.554
-9.581
-9.615
-9.642
-9.604
-9.452
-9.195
-8.991
-8.898
-8.867
-8.919
-9.134
-9.479
-9.847
-10.18
-10.355
-10.337
-10.266
-10.189
-10.046
-9.838
-9.593
-9.431
-9.456
-9.574
-9.726
-9.944
-10.155
-10.241
-10.218
-10.171
-10.148
-10.073
-9.973
-9.876
-9.724
-9.563
-9.543
-9.679
-9.874
-10.039
-10.139
-10.212
-10.275
-10.268
-10.171
-10.044
-9.926
-9.887
-9.96
-10.071
-10.175
-10.3
-10.355
-10.282
-10.157
-10.062
-9.973
-9.844
-9.747
-9.765
-9.817
-9.779
-9.708
-9.681
-9.703
-9.819
-10.037
-10.207
-10.202
-10.014
-9.862
-9.896
-10.049
-10.148
-10.121
-10.023
-9.957
-9.946
-9.935
-9.853
-9.797
-9.878
-10.044
-10.112
-10.049
-9.93
-9.842
-9.808
-9.885
-10.069
-10.209
-10.207
-10.15
-10.146
-10.182
-10.209
-10.173
-10.155
-10.252
-10.404
-10.463
-10.429
-10.314
-10.157
-10.051
-10.028
-10.101
-10.153
-10.044
-9.894
-9.905
-10.058
-10.2
-10.234
-10.191
-10.198
-10.241
-10.237
-10.141
-9.985
-9.844
-9.785
-9.833
-9.969
-10.08
-10.135
-10.164
-10.141
-10.035
-9.887
-9.765
-9.595
-9.348
-9.082
-8.898
-8.919
-9.157
-9.458
-9.717
-9.919
-10.064
-10.157
-10.175
-10.062
-9.853
-9.624
-9.424
-9.234
-9.071
-9.037
-9.22
-9.545
-9.869
-10.08
-10.103
-9.962
-9.683
-9.375
-9.159
-9.044
-8.939
-8.824
-8.74
-8.824
-9.15
-9.54
-9.792
-9.887
-9.842
-9.681
-9.502
-9.372
-9.289
-9.184
-9.06
-9.03
-9.157
-9.357
-9.52
-9.642
-9.774
-9.881
-9.86
-9.69
-9.472
-9.289
-9.087
-8.882
-8.774
-8.781
-8.794
-8.812
-8.98
-9.298
-9.583
-9.719
-9.735
-9.654
-9.445
-9.173
-8.934
-8.769
-8.785
-8.919
-9.06
-9.234
-9.534
-9.858
-10.049
-10.055
-9.937
-9.719
-9.413
-9.062
-8.781
-8.628
-8.581
-8.66
-8.903
-9.179
-9.391
-9.604
-9.844
-9.971
-9.919
-9.717
-9.397
-9.041
-8.715
-8.524
-8.551
-8.633
-8.637
-8.705
-8.898
-9.048
-9.091
-9.069
-9.01
-8.805
-8.431
-8.098
-7.957
-7.878
-7.762
-7.703
-7.789
-7.939
-8.043
-8.136
-8.245
-8.32
-8.306
-8.236
-8.129
-7.943
-7.705
-7.499
-7.372
-7.363
-7.456
-7.581
-7.714
-7.875
-8.064
-8.236
-8.277
-8.116
-7.859
-7.664
-7.533
-7.46
-7.508
-7.707
-7.921
-7.977
-7.902
-7.805
-7.696
-7.578
-7.483
-7.392
-7.261
-7.124
-7.014
-6.927
-6.864
-6.85
-6.902
-6.993
-7.041
-6.995
-6.836
-6.682
-6.666
-6.843
-7.057
-7.097
-6.991
-6.886
-6.816
-6.741
-6.691
-6.682
-6.616
-6.417
-6.135
-5.87
-5.639
-5.389
-5.144
-4.997
-5.045
-5.294
-5.575
-5.686
-5.602
-5.376
-5.074
-4.874
-4.784
-4.691
-4.566
-4.482
-4.505
-4.643
-4.879
-5.081
-5.208
-5.235
-5.133
-4.915
-4.716
-4.579
-4.469
-4.371
-4.355
-4.493
-4.657
-4.72
-4.702
-4.684
-4.645
-4.573
-4.498
-4.343
-4.114
-3.899
-3.783
-3.835
-4.055
-4.316
-4.518
-4.625
-4.743
-4.949
-5.146
-5.213
-5.228
-5.303
-5.435
-5.566
-5.587
-5.473
-5.389
-5.444
-5.598
-5.75
-5.766
-5.645
-5.548
-5.528
-5.453
-5.21
-4.856
-4.607
-4.641
-4.906
-5.21
-5.407
-5.426
-5.342
-5.201
-4.911
-4.505
-4.162
-3.858
-3.461
-3.073
-2.915
-2.98
-3.046
-3.071
-3.125
-3.141
-3.01
-2.749
-2.436
-2.025
-1.562
-1.261
-1.216
-1.227
-1.109
-0.832
-0.549
-0.426
-0.429
-0.501
-0.515
-0.383
-0.147
0.118
0.374
0.585
0.787
1.007
1.152
1.13
0.977
0.789
0.68
0.712
0.855
1.007
1.116
1.211
1.354
1.526
1.608
1.501
1.241
0.986
0.921
1.066
1.209
1.2
1.148
1.177
1.299
1.388
1.402
1.349
1.241
1.15
1.148
1.179
1.143
0.984
0.769
0.64
0.655
0.726
0.71
0.615
0.54
0.492
0.485
0.483
0.413
0.304
0.193
0.116
0.036
-0.111
-0.288
-0.386
-0.297
-0.081
0.052
-0.016
-0.127
-0.084
0.052
0.161
0.213
0.249
0.242
0.136
-0.079
-0.292
-0.41
-0.481
-0.49
-0.435
-0.383
-0.367
-0.329
-0.265
-0.256
-0.329
-0.367
-0.349
-0.381
-0.458
-0.521
-0.546
-0.555
-0.494
-0.399
-0.361
-0.444
-0.571
-0.653
-0.732
-0.814
-0.864
-0.943
-1.018
-1.061
-1.107
-1.159
-1.227
-1.311
-1.372
-1.365
-1.338
-1.395
-1.574
-1.814
-1.989
-2.009
-1.946
-1.908
-1.855
-1.776
-1.81
-2.012
-2.268
-2.456
-2.586
-2.64
-2.661
-2.726
-2.819
-2.81
-2.611
-2.316
-2.105
-2.062
-2.171
-2.32
-2.475
-2.713
-2.926
-2.926
-2.749
-2.556
-2.359
-2.118
-1.864
-1.642
-1.452
-1.363
-1.431
-1.59
-1.751
-1.864
-1.914
-1.878
-1.762
-1.562
-1.318
-1.143
-0.993
-0.796
-0.549
-0.363
-0.288
-0.279
-0.258
-0.242
-0.218
-0.097
0.136
0.426
0.665
0.88
1.155
1.409
1.519
1.51
1.449
1.306
1.066
0.86
0.803
0.907
1.222
1.624
1.919
2.034
1.969
1.812
1.683
1.603
1.486
1.265
1.048
0.971
1.05
1.225
1.515
1.912
2.252
2.352
2.23
2
1.814
1.66
1.486
1.272
1.068
0.948
0.9
0.825
0.721
0.698
0.832
1.059
1.222
1.173
0.855
0.478
0.233
0.134
0.054
-0.036
-0.025
0.147
0.406
0.626
0.773
0.844
0.785
0.555
0.17
-0.256
-0.621
-0.803
-0.807
-0.669
-0.463
-0.249
-0.07
0.086
0.265
0.451
0.603
0.683
0.619
0.442
0.27
0.127
-0.063
-0.276
-0.438
-0.429
-0.19
0.143
0.388
0.521
0.587
0.633
0.628
0.474
0.188
-0.05
-0.159
-0.22
-0.227
-0.088
0.145
0.463
0.814
1.064
1.141
1.089
1.005
0.905
0.78
0.624
0.524
0.528
0.596
0.665
0.714
0.782
0.923
1.12
1.268
1.29
1.238
1.145
0.957
0.751
0.667
0.769
1.007
1.304
1.615
1.887
2.009
1.928
1.753
1.613
1.549
1.547
1.542
1.531
1.549
1.649
1.78
1.883
1.966
2.055
2.143
2.193
2.211
2.2
2.234
2.325
2.468
2.624
2.763
2.871
2.881
2.681
2.375
2.173
2.093
2.082
2.15
2.318
2.499
2.606
2.64
2.677
2.701
2.688
2.681
2.701
2.765
2.787
2.708
2.572
2.506
2.511
2.481
2.413
2.343
2.3
2.264
2.248
2.209
2.087
1.921
1.776
1.706
1.733
1.83
2.025
2.307
2.579
2.726
2.751
2.731
2.686
2.549
2.32
2.112
1.937
1.78
1.644
1.565
1.603
1.724
1.858
2.019
2.209
2.311
2.264
2.202
2.211
2.198
2.089
1.994
2.003
2.121
2.304
2.47
2.579
2.604
2.57
2.554
2.531
2.384
2.08
1.796
1.644
1.633
1.735
1.864
1.985
2.166
2.438
2.701
2.778
2.683
2.579
2.511
2.466
2.447
2.45
2.447
2.495
2.617
2.815
2.999
3.069
3.057
3.019
2.949
2.853
2.787
2.815
2.881
2.978
3.055
3.089
3.194
3.384
3.543
3.64
3.745
3.808
3.72
3.468
3.187
3.037
3.066
3.157
3.214
3.237
3.255
3.298
3.416
3.55
3.604
3.64
3.731
3.801
3.79
3.736
3.765
3.913
4.098
4.269
4.414
4.539
4.579
4.493
4.382
4.307
4.248
4.189
4.114
4.008
3.958
4.037
4.174
4.251
4.214
4.089
3.985
3.958
3.954
3.931
3.91
3.86
3.74
3.604
3.482
3.352
3.178
3.028
2.98
2.992
2.992
2.974
2.942
2.951
3.03
3.082
3.028
2.942
2.91
2.928
2.951
2.996
3.044
3.042
2.937
2.819
2.799
2.867
2.949
2.96
2.876
2.776
2.701
2.645
2.588
2.522
2.504
2.592
2.794
3.039
3.3
3.584
3.935
4.291
4.6
4.827
4.886
4.707
4.364
4.026
3.801
3.647
3.491
3.407
3.434
3.593
3.867
4.146
4.366
4.588
4.809
4.949
5.033
5.137
5.203
5.183
5.076
4.927
4.827
4.806
4.743
4.568
4.428
4.407
4.455
4.48
4.464
4.409
4.364
4.35
4.439
4.67
4.863
4.974
5.137
5.323
5.394
5.319
5.178
5.029
4.829
4.557
4.323
4.144
4.001
3.999
4.151
4.353
4.561
4.732
4.786
4.673
4.398
4.098
3.931
3.899
3.888
3.849
3.86
3.947
4.105
4.212
4.201
4.185
4.224
4.242
4.114
3.853
3.572
3.287
3.01
2.851
2.869
2.992
3.176
3.361
3.527
3.643
3.731
3.763
3.745
3.672
3.541
3.375
3.228
3.107
3.055
3.176
3.45
3.804
4.146
4.391
4.523
4.539
4.471
4.307
4.098
4.01
4.11
4.276
4.416
4.561
4.711
4.833
4.897
4.87
4.779
4.695
4.663
4.657
4.625
4.586
4.638
4.874
5.187
5.435
5.614
5.784
6.015
6.276
6.437
6.424
6.276
6.117
6.004
5.925
5.827
5.766
5.845
6.063
6.342
6.558
6.698
6.814
6.875
6.778
6.576
6.408
6.342
6.351
6.333
6.319
6.449
6.705
6.909
6.991
7.018
7.036
7.072
7.111
7.165
7.202
7.174
7.193
7.374
7.614
7.728
7.739
7.773
7.825
7.792
7.642
7.447
7.338
7.406
7.605
7.771
7.882
7.998
8.138
8.297
8.46
8.572
8.576
8.497
8.429
8.395
8.426
8.513
8.588
8.619
8.603
8.581
8.64
8.796
8.978
9.112
9.173
9.179
9.166
9.204
9.325
9.463
9.574
9.74
9.955
10.087
10.064
9.973
9.833
9.633
9.42
9.289
9.289
9.379
9.449
9.443
9.443
9.524
9.59
9.54
9.424
9.37
9.381
9.379
9.295
9.121
8.93
8.769
8.576
8.422
8.358
8.313
8.282
8.386
8.61
8.758
8.76
8.633
8.408
8.141
7.841
7.576
7.497
7.612
7.792
7.918
7.971
8.025
7.989
7.762
7.431
7.057
6.687
6.444
6.26
6.104
6.058
6.074
6.092
6.19
6.387
6.478
6.417
6.365
6.36
6.358
6.249
5.904
5.437
5.06
4.79
4.507
4.196
4.08
4.296
4.654
4.906
4.927
4.772
4.541
4.167
3.597
3.069
2.751
2.597
2.688
3.1
3.615
3.867
3.831
3.754
3.624
3.239
2.667
2.273
2.132
2.093
2.128
2.311
2.601
2.91
3.16
3.28
3.264
3.166
3.119
3.11
2.953
2.67
2.497
2.533
2.627
2.715
2.837
3.028
3.277
3.577
3.838
3.867
3.561
3.064
2.622
2.261
1.966
1.887
2.178
2.735
3.345
3.89
4.214
4.264
4.112
3.765
3.237
2.742
2.506
2.524
2.742
3.11
3.545
3.956
4.296
4.489
4.475
4.325
4.139
3.945
3.801
3.847
4.035
4.257
4.464
4.641
4.747
4.784
4.797
4.822
4.852
4.865
4.892
4.961
4.997
4.965
4.87
4.729
4.629
4.593
4.536
4.439
4.355
4.346
4.334
4.151
3.865
3.709
3.622
3.421
3.189
3.141
3.284
3.421
3.421
3.373
3.334
3.194
2.946
2.681
2.425
2.162
1.839
1.574
1.449
1.331
1.166
1.054
1.036
1.014
0.953
0.871
0.778
0.698
0.565
0.395
0.236
0.068
-0.141
-0.331
-0.467
-0.601
-0.708
-0.662
-0.524
-0.497
-0.685
-0.873
-0.953
-1.057
-1.188
-1.229
-1.136
-1.016
-0.939
-0.939
-1.014
-1.123
-1.179
-1.204
-1.288
-1.445
-1.553
-1.531
-1.438
-1.32
-1.168
-0.955
-0.726
-0.515
-0.397
-0.44
-0.524
-0.481
-0.347
-0.333
-0.438
-0.497
-0.399
-0.17
0.056
0.274
0.474
0.635
0.769
0.878
0.896
0.748
0.624
0.698
0.891
0.993
1.059
1.241
1.504
1.688
1.742
1.724
1.663
1.51
1.302
1.079
0.914
0.946
1.188
1.415
1.578
1.801
2.028
2.102
2.057
1.996
1.93
1.805
1.654
1.535
1.409
1.247
1.227
1.474
1.883
2.252
2.475
2.561
2.597
2.499
2.084
1.486
0.993
0.696
0.512
0.478
0.674
1.052
1.49
1.871
2.037
1.892
1.553
1.084
0.404
-0.379
-0.984
-1.284
-1.359
-1.261
-0.966
-0.576
-0.254
-0.097
-0.188
-0.549
-1.032
-1.467
-1.817
-2.084
-2.307
-2.57
-2.871
-3.185
-3.565
-4.022
-4.482
-4.784
-4.838
-4.759
-4.686
-4.679
-4.622
-4.459
-4.3
-4.341
-4.591
-4.863
-5.049
-5.29
-5.721
-6.181
-6.494
-6.769
-7.227
-7.691
-7.898
-7.794
-7.476
-7.041
-6.503
-5.9
-5.453
-5.296
-5.405
-5.809
-6.421
-6.948
-7.195
-7.265
-7.234
-7.07
-6.714
-6.179
-5.673
-5.412
-5.376
-5.391
-5.389
-5.319
-5.146
-4.963
-4.897
-4.854
-4.677
-4.457
-4.407
-4.464
-4.473
-4.446
-4.264
-3.715
-2.937
-2.316
-2.025
-1.953
-2.005
-2.175
-2.466
-2.824
-3.112
-3.141
-2.883
-2.393
-1.817
-1.277
-0.848
-0.478
-0.125
0.027
-0.147
-0.476
-0.621
-0.487
-0.247
-0.104
-0.068
-0.111
-0.206
-0.249
-0.161
0.056
0.285
0.519
0.766
0.923
0.898
0.775
0.66
0.481
0.209
-0.063
-0.222
-0.233
-0.113
0.052
0.127
0.088
-0.011
-0.143
-0.388
-0.71
-0.959
-1.011
-0.846
-0.515
-0.095
0.222
0.39
0.54
0.787
0.991
0.898
0.651
0.537
0.701
1.07
1.504
1.796
1.878
1.889
2.009
2.295
2.692
3.196
3.715
4.139
4.455
4.677
4.747
4.747
4.809
4.911
4.958
4.958
5.011
5.178
5.512
6.034
6.578
6.941
7.036
6.945
6.832
6.8
6.814
6.841
6.938
7.086
7.268
7.41
7.474
7.562
7.805
8.17
8.386
8.336
8.166
8.009
7.936
8.023
8.156
8.184
8.118
8.016
7.891
7.767
7.773
7.923
8.032
7.921
7.644
7.236
6.843
6.634
6.603
6.61
6.621
6.621
6.596
6.634
6.769
6.769
6.499
6.095
5.725
5.435
5.233
5.108
5.083
5.178
5.369
5.58
5.655
5.566
5.451
5.283
4.904
4.364
3.736
3.096
2.545
2.171
2.052
2.13
2.205
2.141
2.023
1.966
1.821
1.486
1.082
0.71
0.367
0.086
-0.116
-0.247
-0.242
-0.056
0.265
0.53
0.619
0.521
0.306
0.102
0.056
0.061
-0.061
-0.211
-0.222
-0.084
0.034
-0.007
-0.209
-0.358
-0.336
-0.358
-0.624
-1.098
-1.654
-2.109
-2.254
-2.107
-1.821
-1.501
-1.241
-1.036
-0.887
-0.841
-0.971
-1.315
-1.771
-2.205
-2.572
-2.833
-2.908
-2.808
-2.484
-1.88
-1.211
-0.844
-0.876
-1.057
-1.25
-1.492
-1.728
-1.905
-2.059
-2.155
-2.137
-2.028
-1.844
-1.578
-1.225
-0.9
-0.769
-0.839
-0.971
-1.114
-1.182
-1.045
-0.771
-0.447
-0.097
0.285
0.601
0.805
1.025
1.313
1.542
1.601
1.544
1.454
1.402
1.395
1.377
1.406
1.578
1.876
2.128
2.327
2.524
2.681
2.735
2.627
2.481
2.361
2.227
2.153
2.248
2.472
2.74
3.082
3.448
3.715
3.838
3.874
3.885
3.94
3.951
3.835
3.72
3.743
3.92
4.164
4.45
4.643
4.645
4.579
4.586
4.593
4.444
4.208
4.06
4.017
3.92
3.849
3.942
4.142
4.364
4.625
4.906
5.006
4.908
4.781
4.629
4.312
3.938
3.7
3.554
3.439
3.45
3.624
3.86
4.058
4.149
4.149
4.051
3.831
3.511
3.214
3.082
3.087
3.137
3.264
3.409
3.507
3.563
3.579
3.509
3.314
3.057
2.821
2.674
2.556
2.454
2.493
2.672
2.992
3.377
3.615
3.654
3.647
3.631
3.498
3.255
2.96
2.579
2.189
1.957
1.953
2.055
2.121
2.266
2.561
2.883
3.066
2.999
2.729
2.409
2.077
1.717
1.368
1.132
1.048
1.145
1.386
1.613
1.787
1.864
1.801
1.701
1.567
1.299
0.977
0.735
0.66
0.798
1.095
1.374
1.558
1.644
1.565
1.359
1.107
0.853
0.617
0.404
0.281
0.306
0.408
0.492
0.626
0.891
1.204
1.377
1.333
1.198
0.986
0.669
0.322
0.038
-0.154
-0.267
-0.34
-0.295
-0.066
0.247
0.528
0.721
0.778
0.635
0.356
-0.02
-0.413
-0.698
-0.885
-1.064
-1.136
-1.02
-0.814
-0.628
-0.517
-0.426
-0.367
-0.388
-0.485
-0.642
-0.76
-0.823
-0.85
-0.787
-0.612
-0.44
-0.285
-0.075
0.138
0.281
0.295
0.116
-0.177
-0.426
-0.624
-0.766
-0.728
-0.467
-0.111
0.211
0.583
0.964
1.207
1.277
1.177
0.921
0.644
0.424
0.211
0.102
0.163
0.288
0.435
0.635
0.791
0.841
0.864
0.907
0.93
0.839
0.64
0.447
0.295
0.104
-0.056
-0.047
0.07
0.238
0.497
0.696
0.694
0.608
0.526
0.388
0.159
-0.095
-0.281
-0.377
-0.451
-0.463
-0.338
-0.154
0.04
0.231
0.354
0.351
0.179
-0.125
-0.42
-0.667
-0.871
-0.946
-0.932
-0.971
-1.039
-1.029
-0.943
-0.835
-0.717
-0.615
-0.596
-0.667
-0.844
-1.12
-1.449
-1.665
-1.712
-1.631
-1.499
-1.39
-1.313
-1.265
-1.299
-1.436
-1.601
-1.798
-2.064
-2.325
-2.49
-2.518
-2.407
-2.216
-2.057
-1.96
-1.994
-2.175
-2.427
-2.701
-2.951
-3.066
-2.994
-2.769
-2.47
-2.162
-1.939
-1.83
-1.837
-1.96
-2.162
-2.347
-2.459
-2.456
-2.395
-2.318
-2.248
-2.207
-2.239
-2.354
-2.418
-2.42
-2.447
-2.561
-2.74
-2.969
-3.176
-3.289
-3.318
-3.314
-3.255
-3.176
-3.089
-2.976
-2.91
-2.926
-2.933
-2.956
-3.144
-3.448
-3.645
-3.695
-3.679
-3.622
-3.464
-3.232
-3.121
-3.178
-3.343
-3.568
-3.799
-4.006
-4.221
-4.425
-4.484
-4.357
-4.119
-3.897
-3.829
-3.935
-4.101
-4.176
-4.217
-4.38
-4.634
-4.845
-4.927
-4.843
-4.645
-4.453
-4.305
-4.21
-4.21
-4.26
-4.337
-4.448
-4.568
-4.668
-4.79
-4.924
-4.992
-5.008
-5.069
-5.092
-4.929
-4.654
-4.498
-4.564
-4.775
-5.038
-5.274
-5.442
-5.623
-5.875
-6.011
-5.877
-5.602
-5.378
-5.217
-5.14
-5.074
-4.952
-4.888
-5.015
-5.265
-5.537
-5.748
-5.829
-5.755
-5.521
-5.219
-4.977
-4.874
-4.874
-4.895
-4.831
-4.747
-4.754
-4.87
-5.031
-5.187
-5.285
-5.391
-5.541
-5.691
-5.748
-5.725
-5.73
-5.732
-5.668
-5.532
-5.301
-5.097
-5.119
-5.344
-5.562
-5.682
-5.73
-5.677
-5.591
-5.507
-5.385
-5.262
-5.249
-5.385
-5.621
-5.968
-6.358
-6.63
-6.737
-6.687
-6.49
-6.185
-5.895
-5.689
-5.555
-5.523
-5.593
-5.675
-5.791
-6.031
-6.285
-6.389
-6.349
-6.306
-6.247
-6.09
-5.818
-5.492
-5.219
-5.031
-4.861
-4.707
-4.636
-4.711
-4.902
-5.094
-5.21
-5.19
-5.017
-4.747
-4.464
-4.208
-4.04
-4.017
-4.139
-4.332
-4.441
-4.391
-4.303
-4.334
-4.45
-4.541
-4.613
-4.629
-4.534
-4.405
-4.355
-4.389
-4.43
-4.421
-4.366
-4.278
-4.126
-3.965
-3.91
-3.981
-4.094
-4.178
-4.189
-4.089
-3.917
-3.788
-3.81
-3.96
-4.076
-4.103
-4.171
-4.325
-4.48
-4.555
-4.555
-4.5
-4.457
-4.466
-4.441
-4.359
-4.364
-4.516
-4.741
-4.87
-4.876
-4.933
-5.083
-5.26
-5.391
-5.532
-5.636
-5.689
-5.773
-5.902
-5.925
-5.827
-5.75
-5.7
-5.602
-5.476
-5.405
-5.523
-5.829
-6.158
-6.387
-6.487
-6.524
-6.553
-6.483
-6.247
-5.918
-5.673
-5.643
-5.784
-5.995
-6.247
-6.444
-6.474
-6.389
-6.217
-5.868
-5.432
-5.058
-4.777
-4.536
-4.332
-4.276
-4.387
-4.53
-4.695
-4.913
-5.049
-4.99
-4.786
-4.471
-4.092
-3.779
-3.441
-3.008
-2.692
-2.649
-2.79
-2.924
-2.992
-3.026
-2.98
-2.851
-2.656
-2.361
-1.971
-1.59
-1.379
-1.333
-1.333
-1.343
-1.438
-1.633
-1.796
-1.819
-1.726
-1.592
-1.449
-1.268
-0.973
-0.635
-0.435
-0.338
-0.125
0.29
0.705
0.903
0.848
0.735
0.742
0.821
0.782
0.606
0.571
0.819
1.202
1.524
1.703
1.785
1.864
2.03
2.236
2.318
2.307
2.375
2.588
2.901
3.173
3.305
3.38
3.507
3.613
3.622
3.577
3.525
3.511
3.604
3.799
4.067
4.307
4.491
4.714
5.006
5.247
5.326
5.314
5.321
5.328
5.287
5.233
5.271
5.412
5.544
5.655
5.777
5.934
6.095
6.222
6.356
6.446
6.387
6.24
6.169
6.165
6.12
6.018
5.947
6.052
6.24
6.319
6.331
6.369
6.442
6.544
6.691
6.821
6.843
6.732
6.553
6.303
5.954
5.636
5.401
5.233
5.156
5.203
5.296
5.416
5.575
5.813
6.038
6.063
5.868
5.582
5.274
4.961
4.727
4.647
4.732
4.908
5.097
5.265
5.337
5.224
5.063
5.024
5.067
5.119
5.206
5.337
5.444
5.482
5.487
5.487
5.442
5.348
5.242
5.162
5.228
5.476
5.734
5.863
5.902
5.931
5.945
5.872
5.737
5.652
5.675
5.741
5.818
5.902
5.95
5.929
5.886
5.884
5.841
5.718
5.652
5.657
5.691
5.818
6.009
6.111
6.068
5.968
5.866
5.723
5.523
5.373
5.328
5.369
5.446
5.521
5.571
5.661
5.85
6.088
6.324
6.451
6.455
6.426
6.387
6.342
6.272
6.144
6.009
6.011
6.154
6.308
6.408
6.546
6.805
7.152
7.422
7.519
7.483
7.428
7.435
7.458
7.379
7.277
7.263
7.345
7.485
7.648
7.816
8.021
8.284
8.558
8.735
8.815
8.812
8.694
8.445
8.193
8.055
8.009
8.012
8.066
8.206
8.399
8.608
8.837
9.035
9.055
8.867
8.613
8.417
8.315
8.295
8.334
8.429
8.608
8.835
9.035
9.136
9.107
8.987
8.862
8.696
8.511
8.445
8.504
8.608
8.76
8.934
9.089
9.202
9.252
9.186
8.969
8.71
8.563
8.527
8.547
8.576
8.592
8.613
8.744
8.955
9.046
8.95
8.769
8.622
8.565
8.601
8.622
8.576
8.533
8.576
8.678
8.735
8.635
8.472
8.395
8.374
8.241
8.025
7.871
7.821
7.798
7.762
7.794
7.884
7.939
7.952
7.912
7.796
7.73
7.76
7.812
7.909
8.034
8.113
8.154
8.245
8.304
8.254
8.129
7.934
7.685
7.494
7.379
7.299
7.365
7.612
7.93
8.177
8.295
8.325
8.245
8.037
7.78
7.501
7.14
6.803
6.587
6.41
6.281
6.303
6.426
6.51
6.537
6.576
6.623
6.648
6.641
6.637
6.567
6.313
5.959
5.741
5.691
5.686
5.723
5.775
5.761
5.671
5.607
5.546
5.366
5.119
4.972
4.981
4.958
4.818
4.688
4.618
4.548
4.466
4.366
4.192
3.967
3.808
3.668
3.543
3.588
3.745
3.853
3.824
3.695
3.611
3.645
3.695
3.584
3.35
3.103
2.903
2.767
2.645
2.549
2.497
2.452
2.452
2.545
2.613
2.592
2.583
2.679
2.785
2.733
2.506
2.259
2.091
1.982
2.014
2.13
2.128
1.966
1.78
1.71
1.753
1.839
1.93
1.96
1.899
1.846
1.876
1.901
1.885
1.826
1.758
1.685
1.558
1.388
1.272
1.277
1.404
1.542
1.599
1.531
1.361
1.132
0.921
0.825
0.914
1.023
1
0.878
0.732
0.66
0.651
0.626
0.54
0.324
-0.009
-0.238
-0.292
-0.292
-0.317
-0.347
-0.354
-0.326
-0.329
-0.395
-0.483
-0.603
-0.755
-0.864
-0.896
-0.905
-0.955
-1.043
-1.141
-1.182
-1.13
-1.068
-1.166
-1.386
-1.538
-1.567
-1.553
-1.562
-1.622
-1.719
-1.807
-1.88
-1.985
-2.168
-2.452
-2.724
-2.899
-3.03
-3.216
-3.464
-3.64
-3.629
-3.446
-3.268
-3.171
-3.139
-3.139
-3.221
-3.45
-3.747
-4.035
-4.441
-4.965
-5.387
-5.53
-5.482
-5.398
-5.294
-5.192
-5.11
-5.042
-5.011
-5.078
-5.26
-5.476
-5.593
-5.568
-5.555
-5.689
-5.856
-5.936
-5.884
-5.777
-5.823
-6.083
-6.331
-6.351
-6.245
-6.22
-6.256
-6.238
-6.188
-6.197
-6.215
-6.124
-5.877
-5.657
-5.573
-5.548
-5.503
-5.512
-5.652
-5.888
-6.117
-6.326
-6.487
-6.551
-6.546
-6.603
-6.644
-6.564
-6.449
-6.465
-6.668
-6.936
-7.12
-7.188
-7.215
-7.272
-7.315
-7.297
-7.265
-7.293
-7.394
-7.558
-7.739
-7.873
-7.952
-8.002
-8.055
-8.086
-8.089
-8.043
-7.932
-7.841
-7.875
-8.043
-8.257
-8.46
-8.66
-8.864
-9.005
-9.069
-9.159
-9.289
-9.388
-9.391
-9.316
-9.264
-9.284
-9.314
-9.348
-9.427
-9.547
-9.724
-9.96
-10.175
-10.271
-10.252
-10.209
-10.248
-10.395
-10.509
-10.518
-10.543
-10.692
-10.874
-10.913
-10.731
-10.434
-10.205
-10.049
-9.896
-9.751
-9.694
-9.742
-9.817
-9.946
-10.178
-10.33
-10.314
-10.234
-10.139
-10.028
-9.912
-9.769
-9.606
-9.456
-9.424
-9.486
-9.529
-9.456
-9.284
-9.107
-9.046
-9.13
-9.309
-9.524
-9.636
-9.581
-9.488
-9.391
-9.223
-9.032
-8.867
-8.71
-8.576
-8.492
-8.456
-8.435
-8.499
-8.671
-8.864
-9.071
-9.298
-9.465
-9.511
-9.493
-9.545
-9.685
-9.772
-9.706
-9.606
-9.597
-9.681
-9.813
-9.924
-9.955
-9.921
-9.919
-9.962
-9.969
-9.967
-10.069
-10.218
-10.325
-10.337
-10.223
-10.058
-9.946
-9.869
-9.819
-9.847
-9.994
-10.182
-10.287
-10.289
-10.246
-10.289
-10.454
-10.606
-10.579
-10.418
-10.364
-10.541
-10.772
-10.799
-10.702
-10.672
-10.726
-10.754
-10.74
-10.77
-10.851
-10.928
-11.058
-11.185
-11.173
-11.058
-10.999
-11.042
-11.078
-11.096
-11.214
-11.403
-11.536
-11.589
-11.666
-11.793
-11.841
-11.657
-11.26
-10.899
-10.738
-10.745
-10.813
-10.874
-10.924
-11.008
-11.16
-11.316
-11.364
-11.28
-11.146
-10.985
-10.711
-10.377
-10.092
-9.878
-9.708
-9.699
-9.924
-10.2
-10.337
-10.38
-10.404
-10.352
-10.187
-9.989
-9.749
-9.386
-9
-8.762
-8.712
-8.787
-8.901
-8.987
-9.164
-9.422
-9.608
-9.588
-9.429
-9.186
-8.991
-8.944
-8.98
-9.012
-9.055
-9.143
-9.311
-9.52
-9.626
-9.554
-9.329
-9.071
-8.878
-8.785
-8.696
-8.49
-8.297
-8.229
-8.266
-8.322
-8.377
-8.476
-8.547
-8.545
-8.583
-8.683
-8.74
-8.715
-8.594
-8.374
-8.159
-8.118
-8.25
-8.435
-8.631
-8.81
-9.016
-9.218
-9.264
-9.132
-8.882
-8.583
-8.361
-8.345
-8.445
-8.517
-8.66
-8.991
-9.44
-9.835
-10.058
-10.069
-9.887
-9.563
-9.25
-9.021
-8.837
-8.767
-8.862
-9.037
-9.225
-9.454
-9.688
-9.874
-9.989
-10.037
-10.101
-10.202
-10.202
-10.042
-9.792
-9.604
-9.597
-9.694
-9.71
-9.615
-9.602
-9.751
-9.998
-10.234
-10.391
-10.364
-10.202
-10.096
-10.092
-10.012
-9.808
-9.629
-9.626
-9.738
-9.84
-9.924
-9.971
-9.912
-9.799
-9.669
-9.547
-9.42
-9.257
-9.057
-8.928
-8.957
-9.116
-9.3
-9.368
-9.314
-9.245
-9.202
-9.121
-8.953
-8.705
-8.42
-8.163
-8.014
-7.968
-7.987
-8.016
-8.023
-7.975
-7.9
-7.819
-7.705
-7.553
-7.372
-7.179
-6.993
-6.839
-6.741
-6.63
-6.537
-6.501
-6.521
-6.576
-6.619
-6.603
-6.469
-6.251
-6.077
-6.049
-6.079
-6.013
-5.881
-5.852
-5.931
-5.984
-5.991
-5.981
-5.918
-5.834
-5.741
-5.648
-5.562
-5.523
-5.566
-5.698
-5.861
-5.991
-5.997
-5.843
-5.698
-5.657
-5.709
-5.829
-5.95
-6.002
-5.997
-6.018
-6.104
-6.192
-6.185
-6.099
-5.931
-5.714
-5.553
-5.403
-5.274
-5.247
-5.342
-5.437
-5.407
-5.31
-5.217
-5.119
-5.006
-4.906
-4.856
-4.843
-4.754
-4.552
-4.319
-4.151
-4.094
-4.196
-4.414
-4.725
-4.97
-5.063
-5.11
-5.162
-5.117
-4.965
-4.813
-4.729
-4.743
-4.831
-4.99
-5.235
-5.439
-5.464
-5.407
-5.421
-5.446
-5.369
-5.21
-5.004
-4.793
-4.645
-4.598
-4.625
-4.777
-4.997
-5.124
-5.063
-4.908
-4.8
-4.679
-4.523
-4.446
-4.457
-4.493
-4.593
-4.747
-4.917
-5.088
-5.192
-5.151
-5.04
-4.883
-4.593
-4.226
-3.988
-3.954
-4.008
-4.035
-4.062
-4.121
-4.158
-4.133
-4.04
-3.885
-3.672
-3.427
-3.132
-2.781
-2.468
-2.257
-2.087
-1.985
-1.962
-1.98
-2.019
-2.028
-1.951
-1.796
-1.574
-1.302
-1
-0.685
-0.399
-0.188
-0.093
-0.125
-0.213
-0.297
-0.399
-0.558
-0.674
-0.558
-0.181
0.372
0.937
1.377
1.688
1.912
1.994
1.955
1.862
1.76
1.642
1.535
1.465
1.458
1.581
1.871
2.257
2.59
2.853
3.039
3.06
2.855
2.552
2.282
2.064
1.899
1.826
1.864
2.025
2.25
2.447
2.601
2.733
2.754
2.597
2.384
2.205
2.03
1.81
1.567
1.402
1.368
1.476
1.667
1.783
1.767
1.688
1.558
1.379
1.161
0.984
0.898
0.846
0.794
0.723
0.569
0.381
0.297
0.361
0.476
0.508
0.413
0.292
0.236
0.197
0.195
0.258
0.252
0.034
-0.292
-0.451
-0.342
-0.186
-0.156
-0.236
-0.367
-0.483
-0.585
-0.742
-0.882
-0.916
-0.869
-0.837
-0.91
-1.093
-1.308
-1.472
-1.486
-1.37
-1.263
-1.268
-1.299
-1.288
-1.231
-1.195
-1.191
-1.231
-1.395
-1.715
-2.025
-2.159
-2.121
-2.032
-1.926
-1.78
-1.597
-1.422
-1.274
-1.213
-1.238
-1.315
-1.47
-1.647
-1.801
-1.93
-2.043
-2.082
-2.023
-1.871
-1.706
-1.574
-1.472
-1.402
-1.377
-1.372
-1.333
-1.315
-1.411
-1.633
-1.796
-1.783
-1.676
-1.576
-1.476
-1.359
-1.209
-1.07
-0.996
-0.962
-1.007
-1.116
-1.139
-1.011
-0.853
-0.714
-0.562
-0.408
-0.308
-0.245
-0.206
-0.213
-0.224
-0.184
-0.086
-0.009
0.054
0.206
0.454
0.692
0.873
0.991
0.998
0.907
0.85
0.889
0.998
1.104
1.227
1.388
1.613
1.792
1.823
1.769
1.728
1.731
1.749
1.74
1.658
1.585
1.606
1.694
1.796
1.878
1.951
2.009
1.969
1.842
1.735
1.622
1.436
1.22
1.014
0.825
0.83
1.079
1.354
1.467
1.531
1.685
1.889
1.987
1.867
1.592
1.306
1.032
0.782
0.674
0.705
0.746
0.832
0.986
1.093
1.118
1.141
1.25
1.377
1.384
1.277
1.114
0.905
0.687
0.571
0.546
0.578
0.66
0.755
0.8
0.839
0.932
1.073
1.231
1.318
1.27
1.157
1.025
0.885
0.775
0.717
0.687
0.651
0.601
0.526
0.388
0.177
0.016
0.018
0.156
0.238
0.186
0.134
0.152
0.249
0.415
0.501
0.454
0.367
0.32
0.304
0.231
0.127
0.086
0.163
0.326
0.478
0.469
0.404
0.501
0.746
0.98
1.086
1.05
0.977
1.025
1.198
1.297
1.247
1.15
1.059
0.989
0.923
0.889
0.93
1.014
1.098
1.175
1.241
1.331
1.522
1.758
1.914
1.935
1.883
1.862
1.889
1.901
1.88
1.903
1.955
1.942
1.853
1.805
1.86
1.955
1.996
1.978
1.994
2.068
2.148
2.189
2.223
2.266
2.325
2.291
2.164
2.025
1.955
2.032
2.211
2.377
2.477
2.536
2.583
2.667
2.749
2.686
2.486
2.37
2.459
2.631
2.749
2.792
2.869
3.021
3.119
3.057
2.912
2.81
2.776
2.722
2.588
2.481
2.472
2.511
2.588
2.708
2.799
2.76
2.647
2.604
2.629
2.622
2.565
2.613
2.756
2.885
2.917
2.808
2.638
2.565
2.683
2.878
3.028
3.164
3.282
3.282
3.146
2.969
2.815
2.647
2.509
2.475
2.536
2.592
2.688
2.915
3.091
2.985
2.674
2.375
2.137
1.928
1.889
2.098
2.318
2.382
2.454
2.608
2.708
2.638
2.502
2.468
2.547
2.554
2.472
2.445
2.497
2.461
2.37
2.334
2.302
2.248
2.252
2.322
2.418
2.515
2.586
2.533
2.311
2.089
2.025
2.03
1.987
1.994
2.18
2.477
2.751
2.937
2.994
2.915
2.751
2.629
2.59
2.545
2.538
2.767
3.121
3.287
3.287
3.291
3.314
3.341
3.382
3.377
3.273
3.119
3.057
3.091
3.051
2.965
3.017
3.185
3.289
3.33
3.432
3.618
3.806
3.858
3.795
3.715
3.631
3.55
3.534
3.563
3.645
3.833
4.089
4.323
4.459
4.487
4.428
4.269
4.003
3.765
3.636
3.527
3.489
3.611
3.831
4.06
4.276
4.391
4.353
4.221
4.071
3.913
3.763
3.665
3.706
3.826
3.938
4.08
4.26
4.441
4.611
4.732
4.768
4.707
4.527
4.294
4.069
3.885
3.693
3.448
3.187
3.119
3.284
3.57
3.874
4.167
4.418
4.634
4.707
4.536
4.164
3.772
3.452
3.164
2.974
2.96
3.075
3.284
3.572
3.842
4.012
4.085
4.103
4.162
4.23
4.233
4.192
4.121
3.935
3.67
3.448
3.268
3.148
3.164
3.287
3.45
3.599
3.695
3.74
3.736
3.663
3.604
3.624
3.656
3.734
3.858
3.883
3.786
3.7
3.622
3.464
3.284
3.219
3.289
3.504
3.822
4.176
4.448
4.518
4.414
4.224
3.999
3.709
3.473
3.377
3.368
3.491
3.729
4.003
4.219
4.328
4.271
4.146
4.067
3.997
3.885
3.842
3.89
3.956
3.969
3.935
3.994
4.153
4.217
4.219
4.251
4.296
4.278
4.267
4.375
4.53
4.632
4.72
4.881
5.06
5.119
5.02
4.845
4.673
4.498
4.271
3.985
3.724
3.611
3.654
3.844
4.219
4.677
5.083
5.326
5.364
5.183
4.824
4.428
4.108
3.829
3.604
3.507
3.513
3.579
3.704
3.922
4.226
4.564
4.89
5.169
5.283
5.185
5.015
4.922
4.883
4.833
4.754
4.693
4.718
4.829
4.99
5.187
5.432
5.707
5.95
6.072
6.025
5.832
5.578
5.373
5.203
5.16
5.366
5.714
5.984
6.151
6.276
6.392
6.439
6.385
6.297
6.254
6.27
6.306
6.337
6.43
6.65
6.998
7.331
7.508
7.501
7.403
7.252
7.02
6.775
6.648
