Unnamed: 3
Value
-5.89
-5.818
-5.947
-6.231
-6.487
-6.696
-6.911
-7.138
-7.254
-7.163
-6.988
-6.9
-6.884
-6.836
-6.78
-6.855
-7.02
-7.177
-7.34
-7.499
-7.567
-7.553
-7.417
-7.186
-6.948
-6.734
-6.644
-6.721
-6.875
-7.038
-7.267
-7.581
-7.891
-8.104
-8.234
-8.295
-8.277
-8.175
-7.961
-7.739
-7.592
-7.558
-7.587
-7.667
-7.891
-8.29
-8.792
-9.27
-9.585
-9.669
-9.529
-9.273
-8.964
-8.66
-8.444
-8.424
-8.597
-8.887
-9.211
-9.545
-9.885
-10.182
-10.336
-10.305
-10.121
-9.899
-9.747
-9.638
-9.529
-9.524
-9.754
-10.107
-10.346
-10.427
-10.484
-10.532
-10.473
-10.253
-9.987
-9.749
-9.513
-9.291
-9.146
-9.014
-8.921
-9.005
-9.334
-9.772
-10.139
-10.436
-10.672
-10.774
-10.652
-10.273
-9.72
-9.229
-9.034
-9.123
-9.386
-9.737
-10.144
-10.586
-10.965
-11.139
-11.087
-10.869
-10.509
-10.103
-9.765
-9.615
-9.663
-9.801
-10.073
-10.525
-11.038
-11.396
-11.545
-11.586
-11.586
-11.452
-11.133
-10.804
-10.557
-10.291
-9.973
-9.735
-9.783
-10.071
-10.432
-10.745
-10.937
-10.933
-10.802
-10.561
-10.187
-9.678
-9.127
-8.717
-8.594
-8.674
-8.853
-9.134
-9.49
-9.794
-9.889
-9.74
-9.456
-9.143
-8.874
-8.705
-8.628
-8.624
-8.68
-8.819
-9.021
-9.223
-9.343
-9.425
-9.534
-9.529
-9.316
-9.043
-8.894
-8.857
-8.837
-8.746
-8.613
-8.583
-8.753
-8.992
-9.159
-9.341
-9.613
-9.883
-10.015
-9.958
-9.737
-9.461
-9.307
-9.311
-9.379
-9.509
-9.717
-9.928
-10.044
-10.057
-10.028
-9.967
-9.926
-10.007
-10.153
-10.234
-10.268
-10.359
-10.484
-10.486
-10.434
-10.52
-10.665
-10.613
-10.338
-10.071
-9.969
-10.044
-10.268
-10.57
-10.851
-11.042
-11.205
-11.291
-11.3
-11.33
-11.443
-11.595
-11.693
-11.715
-11.684
-11.568
-11.403
-11.255
-11.18
-11.244
-11.38
-11.443
-11.373
-11.257
-11.241
-11.334
-11.457
-11.543
-11.568
-11.484
-11.364
-11.276
-11.11
-10.751
-10.336
-10.035
-9.838
-9.69
-9.608
-9.631
-9.815
-10.207
-10.785
-11.316
-11.475
-11.223
-10.76
-10.318
-10.08
-10.01
-9.937
-9.792
-9.697
-9.76
-10.023
-10.35
-10.536
-10.554
-10.502
-10.429
-10.275
-10.003
-9.629
-9.243
-8.957
-8.923
-9.202
-9.597
-9.908
-10.132
-10.327
-10.482
-10.57
-10.572
-10.432
-10.11
-9.674
-9.329
-9.186
-9.2
-9.318
-9.585
-9.969
-10.318
-10.597
-10.702
-10.559
-10.25
-9.889
-9.574
-9.359
-9.239
-9.209
-9.252
-9.366
-9.579
-9.899
-10.203
-10.314
-10.218
-10.098
-10.03
-9.944
-9.76
-9.538
-9.361
-9.3
-9.433
-9.776
-10.194
-10.588
-10.994
-11.325
-11.466
-11.361
-10.999
-10.402
-9.669
-9.053
-8.79
-8.792
-8.821
-8.894
-9.139
-9.568
-10.046
-10.382
-10.443
-10.259
-9.928
-9.583
-9.264
-8.869
-8.381
-8.061
-8.059
-8.211
-8.304
-8.254
-8.095
-7.95
-7.837
-7.689
-7.478
-7.181
-6.857
-6.619
-6.426
-6.249
-6.242
-6.492
-6.843
-7.118
-7.227
-7.174
-6.975
-6.626
-6.201
-5.788
-5.41
-5.19
-5.233
-5.428
-5.614
-5.78
-5.981
-6.267
-6.564
-6.739
-6.737
-6.535
-6.106
-5.618
-5.346
-5.308
-5.364
-5.426
-5.466
-5.562
-5.782
-6.063
-6.26
-6.274
-6.222
-6.272
-6.339
-6.249
-6.047
-5.902
-5.898
-6.09
-6.428
-6.716
-6.823
-6.805
-6.859
-7.002
-7.009
-6.793
-6.503
-6.381
-6.46
-6.63
-6.87
-7.104
-7.272
-7.417
-7.605
-7.819
-7.993
-8.059
-7.952
-7.733
-7.547
-7.539
-7.671
-7.792
-7.814
-7.787
-7.723
-7.657
-7.601
-7.524
-7.435
-7.379
-7.347
-7.286
-7.208
-7.115
-6.993
-6.882
-6.809
-6.725
-6.56
-6.269
-5.918
-5.591
-5.407
-5.342
-5.235
-5.004
-4.72
-4.48
-4.192
-3.863
-3.577
-3.352
-3.128
-2.871
-2.635
-2.416
-2.152
-1.919
-1.828
-1.878
-1.919
-1.867
-1.771
-1.705
-1.665
-1.619
-1.565
-1.431
-1.177
-0.912
-0.712
-0.601
-0.612
-0.716
-0.812
-0.832
-0.791
-0.689
-0.492
-0.14
0.272
0.589
0.785
0.957
1.111
1.161
1.032
0.707
0.333
0.063
-0.056
-0.1
-0.079
-0.029
0.009
0.075
0.161
0.14
-0.009
-0.129
-0.159
-0.247
-0.478
-0.692
-0.73
-0.574
-0.347
-0.088
0.17
0.358
0.449
0.481
0.408
0.081
-0.476
-1.018
-1.395
-1.656
-1.808
-1.819
-1.671
-1.488
-1.386
-1.463
-1.66
-1.907
-2.198
-2.579
-3.03
-3.47
-3.793
-3.833
-3.631
-3.495
-3.543
-3.565
-3.422
-3.248
-3.155
-3.173
-3.282
-3.441
-3.575
-3.665
-3.801
-4.012
-4.223
-4.273
-4.151
-4.044
-4.003
-3.96
-3.917
-3.924
-4.019
-4.144
-4.201
-4.248
-4.341
-4.394
-4.389
-4.403
-4.403
-4.335
-4.298
-4.373
-4.548
-4.725
-4.727
-4.557
-4.418
-4.341
-4.251
-4.144
-4.049
-3.967
-3.913
-3.958
-4.065
-4.121
-4.117
-4.076
-3.965
-3.729
-3.447
-3.216
-3.023
-2.896
-2.942
-3.11
-3.271
-3.388
-3.45
-3.409
-3.223
-2.98
-2.77
-2.554
-2.307
-2.082
-1.948
-1.955
-2.019
-2.014
-1.98
-2.021
-2.039
-1.889
-1.642
-1.376
-1.059
-0.707
-0.374
-0.036
0.213
0.283
0.129
-0.138
-0.326
-0.515
-0.876
-1.236
-1.34
-1.143
-0.791
-0.408
-0.066
0.127
0.12
-0.07
-0.42
-0.946
-1.519
-1.846
-1.778
-1.465
-1.048
-0.555
0.025
0.542
0.81
0.746
0.42
-0.011
-0.404
-0.791
-1.211
-1.597
-1.821
-1.798
-1.57
-1.247
-0.9
-0.542
-0.283
-0.197
-0.256
-0.49
-0.909
-1.445
-2.003
-2.527
-2.899
-2.983
-2.808
-2.49
-2.13
-1.789
-1.542
-1.445
-1.599
-2.007
-2.504
-2.91
-3.171
-3.278
-3.207
-2.942
-2.545
-2.141
-1.846
-1.708
-1.76
-1.964
-2.252
-2.622
-3.044
-3.339
-3.386
-3.209
-2.944
-2.735
-2.522
-2.191
-1.887
-1.733
-1.694
-1.715
-1.764
-1.833
-1.944
-2.091
-2.234
-2.277
-2.116
-1.774
-1.445
-1.211
-1.025
-0.823
-0.617
-0.517
-0.517
-0.528
-0.551
-0.533
-0.438
-0.326
-0.179
0.034
0.258
0.442
0.496
0.395
0.179
-0.109
-0.392
-0.603
-0.673
-0.61
-0.465
-0.24
0.056
0.331
0.544
0.751
0.912
0.93
0.812
0.653
0.535
0.522
0.61
0.755
0.996
1.279
1.49
1.57
1.531
1.467
1.429
1.39
1.347
1.311
1.354
1.533
1.769
1.95
2.066
2.146
2.214
2.193
2.046
1.84
1.644
1.494
1.349
1.157
0.966
0.921
1.132
1.492
1.876
2.205
2.418
2.509
2.441
2.15
1.739
1.343
0.996
0.732
0.633
0.753
1.023
1.399
1.835
2.109
2.005
1.633
1.234
0.876
0.503
0.202
0.159
0.376
0.696
1.045
1.454
1.823
2.003
1.996
1.828
1.452
0.971
0.587
0.329
0.17
0.143
0.274
0.526
0.828
1.148
1.542
2.003
2.391
2.59
2.583
2.372
1.978
1.524
1.123
0.873
0.834
0.984
1.25
1.583
1.91
2.082
2.062
1.894
1.629
1.329
1.07
0.927
0.98
1.175
1.463
1.826
2.166
2.357
2.391
2.279
2.064
1.828
1.626
1.542
1.649
1.894
2.202
2.551
2.928
3.278
3.486
3.498
3.357
3.166
3.069
3.037
2.892
2.686
2.59
2.649
2.797
2.928
3.037
3.15
3.246
3.318
3.393
3.47
3.466
3.384
3.307
3.266
3.3
3.414
3.602
3.865
4.121
4.271
4.352
4.31
4.042
3.636
3.289
3.064
3.001
3.091
3.25
3.414
3.631
3.872
3.99
3.972
3.874
3.763
3.734
3.72
3.641
3.538
3.52
3.602
3.697
3.74
3.772
3.844
3.908
3.897
3.865
3.797
3.618
3.432
3.398
3.554
3.879
4.244
4.514
4.645
4.7
4.693
4.566
4.305
3.962
3.697
3.561
3.495
3.481
3.54
3.622
3.72
3.826
3.89
3.933
3.978
4.008
4.019
3.924
3.665
3.416
3.388
3.545
3.709
3.835
3.981
4.137
4.248
4.278
4.164
3.951
3.761
3.641
3.591
3.582
3.65
3.835
4.146
4.489
4.74
4.847
4.82
4.691
4.466
4.103
3.658
3.307
3.162
3.216
3.409
3.672
4.008
4.369
4.661
4.877
5.058
5.11
5.008
4.895
4.793
4.629
4.462
4.43
4.516
4.618
4.7
4.793
4.902
5.06
5.28
5.496
5.596
5.516
5.251
4.942
4.779
4.718
4.695
4.877
5.337
5.832
6.126
6.201
6.158
6.101
6.097
6.136
6.117
6.061
6.108
6.272
6.451
6.548
6.587
6.617
6.589
6.526
6.467
6.428
6.419
6.433
6.435
6.521
6.721
6.916
7.016
7.002
6.898
6.786
6.732
6.682
6.58
6.499
6.55
6.687
6.759
6.761
6.798
6.891
7.011
7.066
7.002
6.898
6.816
6.712
6.537
6.299
6.036
5.784
5.63
5.695
5.89
6.008
6.029
5.993
5.922
5.843
5.78
5.734
5.723
5.691
5.605
5.609
5.766
5.929
5.931
5.788
5.625
5.503
5.389
5.287
5.253
5.351
5.544
5.704
5.868
6.036
6.158
6.156
6.018
5.716
5.351
5.122
5.092
5.122
5.162
5.237
5.371
5.546
5.723
5.915
6.099
6.231
6.358
6.496
6.539
6.41
6.258
6.183
6.104
6.016
6.074
6.333
6.673
7.025
7.442
7.859
8.179
8.39
8.579
8.744
8.817
8.866
9.046
9.347
9.595
9.762
9.976
10.266
10.532
10.724
10.956
11.255
11.452
11.516
11.552
11.572
11.534
11.527
11.695
11.933
12.078
12.219
12.512
12.827
12.94
12.856
12.713
12.58
12.443
12.36
12.405
12.561
12.772
12.977
13.131
13.228
13.274
13.179
12.927
12.65
12.423
12.285
12.217
12.156
12.063
11.965
11.938
12.024
12.12
12.153
12.156
12.088
11.92
11.747
11.582
11.332
11.021
10.749
10.62
10.631
10.677
10.736
10.835
10.935
10.962
10.958
10.949
10.933
10.849
10.663
10.473
10.321
10.203
10.148
10.175
10.182
10.191
10.321
10.495
10.552
10.443
10.302
10.239
10.157
9.926
9.674
9.536
9.506
9.484
9.4
9.334
9.313
9.252
9.205
9.155
9.059
8.962
8.866
8.781
8.781
8.866
8.939
9.005
9.03
9.003
8.91
8.771
8.642
8.576
8.506
8.345
8.179
8.045
7.887
7.644
7.424
7.408
7.567
7.726
7.837
7.905
7.871
7.757
7.592
7.367
7.12
6.948
6.941
6.982
6.895
6.818
6.925
7.084
7.111
7.043
7.022
7.138
7.324
7.347
7.152
6.957
6.877
6.803
6.639
6.444
6.371
6.421
6.542
6.734
6.893
6.932
6.843
6.705
6.567
6.446
6.324
6.204
6.156
6.229
6.342
6.396
6.406
6.446
6.523
6.535
6.465
6.371
6.317
6.351
6.406
6.403
6.398
6.424
6.387
6.265
6.117
6.024
5.94
5.793
5.655
5.609
5.659
5.7
5.675
5.603
5.535
5.5
5.38
5.187
5.103
5.21
5.369
5.469
5.541
5.582
5.525
5.314
5.024
4.759
4.568
4.47
4.453
4.525
4.723
4.993
5.208
5.24
5.128
4.899
4.568
4.28
4.16
4.11
4.114
4.16
4.153
4.085
3.928
3.711
3.565
3.568
3.7
3.867
3.999
4.067
4.051
3.935
3.74
3.484
3.175
2.919
2.797
2.792
2.865
3.008
3.119
3.139
3.096
2.996
2.808
2.583
2.395
2.279
2.239
2.186
2.118
2.032
1.889
1.703
1.592
1.583
1.599
1.61
1.688
1.812
1.878
1.878
1.84
1.739
1.587
1.463
1.393
1.404
1.49
1.615
1.781
1.928
1.926
1.798
1.624
1.477
1.376
1.37
1.443
1.581
1.828
2.18
2.445
2.493
2.418
2.325
2.175
1.935
1.771
1.76
1.844
1.941
2.075
2.279
2.483
2.586
2.581
2.554
2.468
2.336
2.318
2.365
2.307
2.089
1.848
1.724
1.694
1.685
1.685
1.71
1.789
1.93
2.055
2.087
2.032
2.023
2.084
2.141
2.184
2.2
2.252
2.386
2.522
2.538
2.454
2.279
2.046
1.898
1.857
1.814
1.739
1.685
1.658
1.69
1.81
1.894
1.806
1.608
1.42
1.175
0.81
0.458
0.177
-0.122
-0.426
-0.619
-0.746
-0.841
-0.825
-0.669
-0.499
-0.42
-0.467
-0.665
-1.059
-1.644
-2.191
-2.515
-2.708
-2.903
-3.13
-3.35
-3.575
-3.734
-3.793
-3.84
-3.985
-4.237
-4.462
-4.643
-4.883
-5.172
-5.373
-5.457
-5.471
-5.537
-5.729
-5.913
-5.934
-5.827
-5.727
-5.632
-5.498
-5.36
-5.237
-5.101
-4.983
-4.951
-4.974
-4.965
-4.934
-4.997
-5.183
-5.285
-5.228
-5.144
-5.078
-4.995
-4.843
-4.688
-4.543
-4.339
-4.187
-4.207
-4.239
-4.198
-4.205
-4.282
-4.339
-4.271
-4.094
-3.881
-3.704
-3.525
-3.323
-3.141
-2.96
-2.774
-2.576
-2.395
-2.171
-1.914
-1.685
-1.517
-1.465
-1.477
-1.447
-1.397
-1.404
-1.46
-1.492
-1.506
-1.49
-1.431
-1.331
-1.202
-1.107
-1.027
-0.946
-0.862
-0.726
-0.508
-0.229
0.011
0.072
-0.036
-0.181
-0.22
-0.129
-0.016
-0.007
-0.086
-0.129
-0.14
-0.072
0.104
0.322
0.53
0.787
1.109
1.293
1.236
1.032
0.825
0.71
0.707
0.721
0.753
0.941
1.347
1.878
2.466
3.051
3.561
4.006
4.4
4.686
4.765
4.768
4.881
5.097
5.296
5.514
5.834
6.272
6.741
7.156
7.426
7.494
7.465
7.501
7.615
7.708
7.721
7.705
7.719
7.726
7.75
7.893
8.17
8.422
8.556
8.547
8.424
8.272
8.241
8.37
8.599
8.839
9.043
9.143
9.068
8.851
8.604
8.549
8.735
8.828
8.583
8.116
7.719
7.499
7.401
7.37
7.379
7.381
7.306
7.159
6.975
6.8
6.687
6.612
6.503
6.301
5.974
5.603
5.375
5.316
5.274
5.217
5.215
5.26
5.269
5.265
5.326
5.469
5.6
5.623
5.523
5.369
5.226
5.047
4.786
4.434
4.053
3.736
3.506
3.323
3.089
2.853
2.749
2.731
2.642
2.411
2.114
1.865
1.676
1.452
1.098
0.671
0.353
0.258
0.245
0.159
0.034
0.018
0.036
-0.095
-0.358
-0.567
-0.587
-0.46
-0.372
-0.422
-0.564
-0.721
-0.859
-0.998
-1.236
-1.633
-2.016
-2.227
-2.35
-2.531
-2.819
-3.01
-2.976
-2.921
-3.014
-3.132
-3.182
-3.25
-3.373
-3.527
-3.679
-3.86
-4.13
-4.421
-4.634
-4.759
-4.745
-4.566
-4.36
-4.221
-4.162
-4.185
-4.36
-4.693
-5.119
-5.544
-5.827
-5.934
-5.906
-5.805
-5.664
-5.462
-5.194
-4.897
-4.661
-4.464
-4.223
-4.074
-4.092
-4.198
-4.273
-4.246
-4.133
-3.978
-3.745
-3.427
-3.11
-2.772
-2.359
-1.98
-1.724
-1.494
-1.309
-1.327
-1.587
-1.869
-1.892
-1.696
-1.506
-1.311
-1.009
-0.68
-0.478
-0.299
-0.1
0.034
0.007
-0.14
-0.324
-0.476
-0.499
-0.353
-0.145
0.025
0.199
0.465
0.796
1.061
1.141
1.061
0.932
0.807
0.61
0.347
0.131
-0.02
-0.104
0.009
0.358
0.794
1.232
1.66
2.007
2.241
2.291
2.098
1.663
1.109
0.653
0.433
0.397
0.547
0.916
1.422
1.898
2.239
2.409
2.388
2.143
1.724
1.272
0.862
0.49
0.209
0.125
0.283
0.558
0.746
0.878
1.016
1.177
1.213
1.045
0.787
0.526
0.233
-0.1
-0.349
-0.488
-0.515
-0.358
0.002
0.404
0.689
0.821
0.839
0.724
0.469
0.118
-0.254
-0.485
-0.505
-0.379
-0.238
-0.041
0.292
0.66
0.871
0.832
0.562
0.152
-0.258
-0.606
-0.876
-1.021
-1.014
-0.884
-0.68
-0.397
-0.102
0.109
0.218
0.213
0.072
-0.19
-0.449
-0.648
-0.839
-1.136
-1.411
-1.397
-1.154
-0.964
-0.914
-0.825
-0.662
-0.61
-0.764
-1.066
-1.438
-1.871
-2.307
-2.597
-2.708
-2.681
-2.511
-2.205
-1.862
-1.626
-1.511
-1.456
-1.499
-1.726
-2.161
-2.597
-2.842
-2.919
-2.867
-2.719
-2.488
-2.171
-1.806
-1.513
-1.44
-1.646
-2.03
-2.461
-2.892
-3.266
-3.52
-3.704
-3.81
-3.749
-3.534
-3.289
-3.132
-3.042
-2.976
-2.987
-3.153
-3.452
-3.876
-4.339
-4.713
-4.917
-4.967
-4.858
-4.563
-4.085
-3.572
-3.212
-3.11
-3.271
-3.624
-4.087
-4.614
-5.11
-5.421
-5.478
-5.41
-5.255
-4.856
-4.242
-3.665
-3.312
-3.209
-3.314
-3.554
-3.933
-4.36
-4.647
-4.666
-4.445
-4.153
-3.953
-3.824
-3.636
-3.388
-3.239
-3.255
-3.348
-3.491
-3.711
-4.033
-4.403
-4.625
-4.543
-4.296
-4.024
-3.801
-3.652
-3.509
-3.368
-3.391
-3.62
-3.974
-4.344
-4.734
-5.076
-5.278
-5.301
-5.137
-4.754
-4.183
-3.593
-3.228
-3.16
-3.284
-3.579
-4.01
-4.445
-4.761
-4.904
-4.858
-4.575
-4.112
-3.679
-3.398
-3.219
-2.998
-2.774
-2.733
-2.894
-3.11
-3.334
-3.611
-3.813
-3.844
-3.81
-3.761
-3.668
-3.498
-3.298
-3.141
-3.026
-2.967
-3.062
-3.377
-3.813
-4.239
-4.568
-4.666
-4.418
-3.917
-3.371
-2.985
-2.903
-3.121
-3.54
-4.099
-4.709
-5.262
-5.625
-5.718
-5.596
-5.337
-4.979
-4.557
-4.189
-3.951
-3.89
-4.08
-4.509
-4.949
-5.187
-5.276
-5.335
-5.321
-5.131
-4.82
-4.561
-4.477
-4.45
-4.264
-3.985
-3.838
-3.96
-4.344
-4.802
-5.092
-5.244
-5.396
-5.469
-5.344
-4.967
-4.457
-4.055
-3.933
-4.04
-4.248
-4.512
-4.956
-5.555
-6.081
-6.385
-6.474
-6.276
-5.791
-5.265
-4.833
-4.557
-4.575
-4.863
-5.265
-5.641
-5.911
-6.104
-6.238
-6.249
-6.154
-6.006
-5.78
-5.546
-5.428
-5.419
-5.444
-5.457
-5.491
-5.614
-5.813
-5.999
-6.079
-5.997
-5.836
-5.7
-5.621
-5.505
-5.296
-5.056
-4.883
-4.745
-4.616
-4.527
-4.507
-4.62
-4.883
-5.19
-5.344
-5.269
-5.033
-4.725
-4.455
-4.303
-4.239
-4.237
-4.328
-4.536
-4.84
-5.117
-5.274
-5.403
-5.636
-5.895
-6.04
-6.027
-5.89
-5.677
-5.466
-5.385
-5.414
-5.412
-5.387
-5.396
-5.469
-5.639
-5.957
-6.308
-6.503
-6.449
-6.235
-6.079
-5.986
-5.809
-5.555
-5.439
-5.609
-5.934
-6.16
-6.197
-6.213
-6.247
-6.208
-6.013
-5.7
-5.407
-5.24
-5.224
-5.328
-5.482
-5.609
-5.714
-5.797
-5.875
-5.898
-5.836
-5.766
-5.68
-5.487
-5.172
-4.861
-4.747
-4.777
-4.736
-4.654
-4.72
-4.951
-5.226
-5.43
-5.582
-5.689
-5.687
-5.559
-5.344
-5.024
-4.652
-4.382
-4.237
-4.158
-4.076
-4.069
-4.207
-4.443
-4.681
-4.818
-4.804
-4.723
-4.568
-4.248
-3.781
-3.368
-3.13
-3.046
-3.042
-3.051
-3.082
-3.225
-3.502
-3.756
-3.81
-3.69
-3.532
-3.393
-3.205
-2.946
-2.742
-2.688
-2.731
-2.829
-2.955
-3.051
-3.164
-3.42
-3.738
-3.888
-3.815
-3.688
-3.654
-3.627
-3.498
-3.348
-3.339
-3.511
-3.79
-4.144
-4.498
-4.706
-4.706
-4.598
-4.475
-4.384
-4.293
-4.185
-4.076
-4.01
-3.919
-3.829
-3.838
-3.944
-4.085
-4.244
-4.439
-4.573
-4.586
-4.487
-4.301
-4.103
-4.008
-3.962
-3.897
-3.879
-3.972
-4.198
-4.475
-4.688
-4.822
-4.831
-4.645
-4.301
-3.976
-3.74
-3.591
-3.572
-3.681
-3.833
-4.015
-4.226
-4.352
-4.201
-3.89
-3.629
-3.38
-3.032
-2.686
-2.529
-2.515
-2.538
-2.604
-2.719
-2.731
-2.61
-2.52
-2.506
-2.529
-2.488
-2.377
-2.236
-2.044
-1.806
-1.551
-1.256
-0.964
-0.739
-0.551
-0.347
-0.122
0.091
0.204
0.215
0.261
0.347
0.442
0.542
0.585
0.596
0.66
0.724
0.73
0.755
0.962
1.347
1.789
2.166
2.45
2.642
2.77
2.824
2.772
2.586
2.382
2.295
2.314
2.314
2.332
2.461
2.728
3.078
3.368
3.57
3.751
3.917
4.04
4.096
4.119
4.176
4.36
4.652
4.94
5.115
5.212
5.328
5.446
5.521
5.591
5.707
5.82
5.85
5.813
5.797
5.861
6.038
6.353
6.673
6.866
6.941
6.945
6.902
6.845
6.825
6.828
6.796
6.752
6.775
6.891
7.038
7.172
7.258
7.381
7.592
7.748
7.755
7.712
7.655
7.535
7.36
7.27
7.286
7.306
7.311
7.365
7.474
7.596
7.705
7.796
7.889
7.916
7.837
7.753
7.764
7.823
7.916
8.082
8.318
8.565
8.737
8.756
8.705
8.642
8.538
8.438
8.383
8.313
8.145
7.952
7.912
8.016
8.157
8.34
8.617
8.83
8.869
8.83
8.79
8.68
8.429
8.1
7.841
7.676
7.596
7.676
7.939
8.3
8.653
8.871
8.785
8.469
8.17
7.932
7.719
7.603
7.605
7.644
7.701
7.848
8.03
8.102
8.057
7.991
7.975
8.027
8.113
8.209
8.349
8.556
8.717
8.749
8.66
8.442
8.243
8.261
8.463
8.697
8.894
9.064
9.218
9.295
9.209
8.998
8.812
8.697
8.617
8.638
8.878
9.298
9.678
9.885
9.926
9.792
9.488
9.077
8.628
8.259
8.082
8.154
8.463
8.971
9.484
9.88
10.198
10.402
10.375
10.078
9.633
9.248
9.016
8.935
8.933
8.973
9.141
9.366
9.54
9.663
9.824
10.023
10.2
10.336
10.409
10.37
10.277
10.178
10.015
9.754
9.529
9.561
9.835
10.107
10.323
10.522
10.654
10.652
10.491
10.323
10.287
10.416
10.636
10.901
11.18
11.38
11.434
11.439
11.452
11.398
11.339
11.298
11.196
11.053
10.967
11.003
11.123
11.176
11.162
11.207
11.348
11.446
11.364
11.223
11.205
11.328
11.516
11.614
11.491
11.228
11.008
10.924
10.872
10.851
10.915
11.06
11.303
11.597
11.763
11.743
11.629
11.536
11.448
11.33
11.23
11.162
11.094
11.083
11.137
11.203
11.219
11.094
10.937
10.926
10.999
11.015
10.976
10.917
10.847
10.743
10.62
10.456
10.262
10.144
10.155
10.187
10.191
10.207
10.343
10.566
10.654
10.443
10.028
9.633
9.325
9.059
8.851
8.764
8.839
9.121
9.467
9.706
9.817
9.867
9.865
9.715
9.382
8.898
8.427
8.079
7.918
7.941
8.077
8.275
8.486
8.685
8.846
8.948
8.975
8.96
8.944
8.894
8.742
8.528
8.311
8.1
7.959
7.918
8
8.209
8.42
8.613
8.839
9.023
8.944
8.549
8.009
7.501
7.056
6.773
6.746
6.882
7.088
7.315
7.522
7.635
7.608
7.476
7.261
6.98
6.575
6.088
5.675
5.498
5.537
5.687
5.931
6.217
6.376
6.303
6.088
5.872
5.704
5.478
5.151
4.763
4.403
4.11
3.917
3.872
3.962
4.158
4.437
4.734
4.922
4.915
4.75
4.561
4.373
4.133
3.852
3.582
3.42
3.454
3.627
3.808
3.885
3.913
3.922
3.865
3.677
3.391
3.091
2.842
2.69
2.654
2.677
2.645
2.576
2.545
2.57
2.66
2.765
2.767
2.658
2.563
2.452
2.225
1.84
1.431
1.202
1.107
1.125
1.277
1.47
1.646
1.833
2.039
2.173
2.141
1.928
1.565
1.068
0.488
-0.036
-0.363
-0.363
-0.109
0.184
0.397
0.551
0.66
0.66
0.513
0.292
0.104
-0.056
-0.213
-0.451
-0.778
-1.114
-1.411
-1.54
-1.465
-1.363
-1.352
-1.404
-1.404
-1.3
-1.218
-1.331
-1.626
-1.989
-2.368
-2.726
-2.924
-2.93
-2.799
-2.606
-2.327
-2.005
-1.835
-1.926
-2.268
-2.762
-3.321
-3.847
-4.167
-4.271
-4.28
-4.232
-4.076
-3.756
-3.422
-3.237
-3.219
-3.275
-3.287
-3.246
-3.314
-3.629
-4.058
-4.362
-4.521
-4.659
-4.852
-5.065
-5.178
-5.128
-4.979
-4.854
-4.806
-4.858
-5.065
-5.378
-5.754
-6.167
-6.474
-6.58
-6.546
-6.385
-6.099
-5.795
-5.643
-5.727
-6.047
-6.424
-6.739
-7.002
-7.288
-7.535
-7.655
-7.571
-7.329
-7.059
-6.862
-6.748
-6.676
-6.594
-6.564
-6.687
-6.961
-7.333
-7.76
-8.15
-8.436
-8.617
-8.726
-8.778
-8.699
-8.372
-7.839
-7.367
-7.163
-7.202
-7.417
-7.714
-8.034
-8.372
-8.712
-8.992
-9.009
-8.728
-8.422
-8.306
-8.302
-8.306
-8.37
-8.488
-8.619
-8.846
-9.146
-9.375
-9.429
-9.311
-9.189
-9.159
-9.087
-8.946
-8.857
-8.828
-8.778
-8.826
-9.055
-9.366
-9.674
-9.944
-10.139
-10.169
-10.096
-9.951
-9.697
-9.329
-8.955
-8.672
-8.624
-8.808
-9.05
-9.298
-9.674
-10.155
-10.507
-10.588
-10.427
-10.171
-9.892
-9.622
-9.452
-9.406
-9.397
-9.499
-9.765
-10.155
-10.561
-10.854
-10.903
-10.72
-10.482
-10.336
-10.205
-10.037
-9.926
-9.885
-9.939
-10.141
-10.418
-10.67
-10.831
-10.976
-11.185
-11.398
-11.391
-11.171
-10.903
-10.677
-10.441
-10.121
-9.862
-9.867
-10.089
-10.393
-10.777
-11.192
-11.477
-11.525
-11.348
-11.038
-10.667
-10.327
-10.071
-9.933
-9.942
-10.112
-10.402
-10.69
-10.838
-10.783
-10.618
-10.47
-10.414
-10.346
-10.191
-10.039
-9.976
-10.03
-10.159
-10.273
-10.298
-10.271
-10.268
-10.25
-10.214
-10.209
-10.187
-10.089
-9.985
-9.948
-9.939
-9.937
-10.019
-10.139
-10.171
-10.128
-10.132
-10.203
-10.212
-10.146
-10.132
-10.218
-10.35
-10.423
-10.407
-10.277
-10.094
-10.01
-10.057
-10.114
-10.028
-9.794
-9.579
-9.545
-9.715
-10.017
-10.257
-10.307
-10.232
-10.209
-10.291
-10.341
-10.253
-10.06
-9.91
-9.926
-10.007
-10.039
-10.032
-10.096
-10.327
-10.643
-10.842
-10.779
-10.529
-10.291
-10.114
-9.967
-9.858
-9.865
-10.026
-10.293
-10.659
-11.001
-11.121
-11.021
-10.861
-10.74
-10.577
-10.355
-10.173
-10.11
-10.144
-10.223
-10.368
-10.611
-10.894
-11.103
-11.108
-10.974
-10.795
-10.579
-10.316
-10.028
-9.776
-9.708
-9.821
-10.037
-10.346
-10.69
-11.038
-11.35
-11.589
-11.654
-11.53
-11.278
-10.928
-10.552
-10.241
-10.098
-10.153
-10.314
-10.52
-10.822
-11.171
-11.409
-11.5
-11.514
-11.475
-11.423
-11.457
-11.496
-11.375
-11.144
-10.974
-10.985
-11.139
-11.344
-11.545
-11.711
-11.747
-11.607
-11.359
-11.069
-10.849
-10.806
-10.89
-10.996
-11.117
-11.262
-11.457
-11.67
-11.781
-11.7
-11.491
-11.214
-10.829
-10.405
-10.076
-9.899
-9.849
-9.853
-9.871
-9.933
-10.03
-10.153
-10.298
-10.4
-10.346
-10.218
-10.162
-10.071
-9.808
-9.456
-9.2
-9.143
-9.189
-9.266
-9.465
-9.762
-10.007
-10.218
-10.434
-10.459
-10.132
-9.629
-9.164
-8.821
-8.651
-8.722
-8.98
-9.288
-9.531
-9.688
-9.781
-9.84
-9.824
-9.697
-9.502
-9.343
-9.25
-9.18
-9.1
-9.066
-9.123
-9.227
-9.334
-9.427
-9.529
-9.602
-9.595
-9.531
-9.486
-9.436
-9.336
-9.152
-8.925
-8.821
-8.948
-9.205
-9.382
-9.363
-9.257
-9.205
-9.202
-9.1
-8.835
-8.44
-8.095
-7.907
-7.812
-7.755
-7.728
-7.735
-7.848
-8.002
-7.948
-7.617
-7.19
-6.786
-6.483
-6.317
-6.238
-6.16
-6.115
-6.136
-6.265
-6.437
-6.503
-6.457
-6.403
-6.306
-6.136
-5.961
-5.927
-6.101
-6.294
-6.308
-6.158
-5.977
-5.809
-5.662
-5.523
-5.478
-5.698
-6.09
-6.383
-6.44
-6.331
-6.21
-6.167
-6.122
-5.965
-5.786
-5.668
-5.586
-5.596
-5.761
-5.999
-6.215
-6.356
-6.467
-6.558
-6.648
-6.811
-7.036
-7.179
-7.236
-7.363
-7.569
-7.728
-7.75
-7.653
-7.583
-7.685
-7.9
-8.079
-8.148
-8.109
-7.971
-7.771
-7.596
-7.488
-7.456
-7.51
-7.699
-7.912
-7.984
-7.873
-7.671
-7.512
-7.374
-7.181
-6.904
-6.673
-6.594
-6.626
-6.714
-6.803
-6.909
-7.022
-7.063
-6.918
-6.634
-6.335
-6.052
-5.782
-5.535
-5.292
-5.065
-4.931
-4.892
-4.795
-4.568
-4.298
-4.162
-4.119
-3.958
-3.552
-3.067
-2.681
-2.404
-2.161
-1.88
-1.549
-1.288
-1.232
-1.325
-1.433
-1.456
-1.411
-1.309
-1.179
-1.002
-0.805
-0.665
-0.567
-0.467
-0.333
-0.383
-0.655
-0.859
-0.771
-0.476
-0.24
-0.143
-0.111
-0.016
0.138
0.297
0.433
0.537
0.662
0.81
0.857
0.714
0.483
0.32
0.256
0.227
0.143
-0.047
-0.231
-0.27
-0.154
0.002
0.077
0.018
-0.193
-0.519
-0.857
-1.173
-1.46
-1.599
-1.538
-1.399
-1.232
-0.993
-0.739
-0.551
-0.469
-0.496
-0.596
-0.81
-1.127
-1.404
-1.545
-1.574
-1.481
-1.254
-1.016
-0.907
-0.935
-1.045
-1.184
-1.325
-1.501
-1.808
-2.184
-2.527
-2.751
-2.835
-2.713
-2.47
-2.325
-2.268
-2.116
-1.926
-1.871
-2
-2.302
-2.742
-3.212
-3.54
-3.643
-3.591
-3.486
-3.305
-2.996
-2.726
-2.672
-2.801
-2.935
-3.048
-3.225
-3.552
-3.994
-4.352
-4.491
-4.534
-4.609
-4.639
-4.548
-4.312
-3.976
-3.747
-3.731
-3.82
-3.872
-3.892
-4.049
-4.409
-4.799
-5.006
-5.017
-4.865
-4.616
-4.273
-3.858
-3.466
-3.212
-3.126
-3.214
-3.414
-3.57
-3.618
-3.602
-3.552
-3.4
-3.15
-2.835
-2.522
-2.277
-2.114
-1.96
-1.817
-1.739
-1.699
-1.671
-1.719
-1.851
-2.023
-2.141
-2.078
-1.821
-1.494
-1.15
-0.805
-0.51
-0.302
-0.159
-0.125
-0.193
-0.274
-0.313
-0.265
-0.134
0.072
0.313
0.544
0.692
0.769
0.775
0.701
0.596
0.476
0.302
0.165
0.163
0.227
0.302
0.404
0.442
0.435
0.44
0.412
0.302
0.206
0.165
0.195
0.174
-0.016
-0.302
-0.488
-0.537
-0.465
-0.363
-0.345
-0.353
-0.283
-0.211
-0.233
-0.376
-0.619
-0.907
-1.157
-1.336
-1.424
-1.449
-1.433
-1.374
-1.343
-1.404
-1.511
-1.637
-1.808
-1.955
-2.007
-2.037
-2.123
-2.252
-2.372
-2.438
-2.488
-2.542
-2.554
-2.477
-2.388
-2.243
-1.964
-1.676
-1.563
-1.61
-1.744
-1.916
-2.107
-2.307
-2.486
-2.54
-2.416
-2.152
-1.814
-1.499
-1.272
-1.177
-1.184
-1.191
-1.204
-1.304
-1.472
-1.64
-1.747
-1.726
-1.612
-1.465
-1.272
-1.048
-0.814
-0.626
-0.528
-0.551
-0.596
-0.555
-0.395
-0.233
-0.161
-0.147
-0.088
0.093
0.322
0.574
0.839
1.1
1.243
1.232
1.116
0.966
0.807
0.671
0.608
0.601
0.667
0.887
1.218
1.488
1.615
1.663
1.656
1.54
1.327
1.086
0.943
1.041
1.404
1.83
2.155
2.434
2.708
2.894
2.91
2.797
2.633
2.479
2.361
2.334
2.348
2.32
2.336
2.475
2.64
2.697
2.74
2.819
2.846
2.826
2.76
2.608
2.37
2.046
1.781
1.646
1.617
1.755
2.078
2.424
2.681
2.858
2.937
2.844
2.608
2.35
2.18
2.048
1.912
1.869
1.948
2.116
2.316
2.443
2.431
2.352
2.311
2.282
2.189
2.089
1.969
1.794
1.635
1.545
1.494
1.402
1.279
1.25
1.329
1.399
1.452
1.508
1.519
1.431
1.317
1.225
1.152
1.118
1.159
1.277
1.438
1.511
1.47
1.365
1.261
1.211
1.186
1.1
1.014
1.068
1.247
1.431
1.576
1.685
1.76
1.869
2.003
2.066
2.023
1.946
1.916
1.916
1.865
1.794
1.84
2.007
2.134
2.173
2.257
2.443
2.633
2.758
2.767
2.692
2.677
2.719
2.81
2.949
3.01
3.035
3.169
3.368
3.464
3.475
3.565
3.717
3.797
3.772
3.779
3.888
3.958
3.938
3.908
3.913
3.938
4.019
4.151
4.232
4.221
4.185
4.192
4.226
4.28
4.346
4.394
4.477
4.593
4.664
4.702
4.752
4.82
4.89
4.963
5.026
5.051
5.001
4.89
4.797
4.838
4.993
5.11
5.092
5.099
5.246
5.389
5.362
5.212
5.029
4.822
4.643
4.539
4.459
4.394
4.434
4.595
4.779
4.829
4.718
4.568
4.525
4.489
4.362
4.232
4.257
4.403
4.518
4.539
4.504
4.421
4.28
4.187
4.185
4.221
4.31
4.457
4.573
4.552
4.453
4.434
4.588
4.725
4.643
4.437
4.341
4.348
4.276
4.051
3.781
3.572
3.443
3.422
3.523
3.695
3.919
4.201
4.47
4.573
4.448
4.26
4.114
3.953
3.74
3.606
3.749
4.121
4.475
4.759
5.015
5.106
4.902
4.536
4.201
3.983
3.933
4.065
4.278
4.43
4.518
4.629
4.731
4.734
4.659
4.6
4.634
4.759
4.897
4.922
4.854
4.838
4.899
4.872
4.725
4.675
4.822
5.026
5.224
5.423
5.67
5.961
6.149
6.185
6.176
6.12
5.972
5.868
5.884
5.949
5.995
6.024
6.016
5.981
5.965
5.995
6.052
6.106
6.122
6.149
6.199
6.281
6.353
6.381
6.41
6.48
6.539
6.546
6.508
6.523
6.655
6.845
7.009
7.09
7.07
7.007
6.934
6.887
6.898
6.948
6.997
7.027
7.061
7.118
7.172
7.168
7.131
7.009
6.793
6.63
6.594
6.617
6.619
6.594
6.526
6.503
6.589
6.723
6.78
6.723
6.63
6.603
6.628
6.648
6.641
6.632
6.582
6.494
6.44
6.41
6.403
6.471
6.653
6.857
7.009
7.056
7.075
7.111
7.093
6.975
6.862
6.836
6.898
6.972
7.056
7.186
7.388
7.596
7.719
7.828
7.993
8.12
8.163
8.134
8.05
8
8.148
8.488
8.923
9.327
9.667
9.978
10.287
10.522
10.515
10.277
10.071
10.039
10.1
10.221
10.468
10.806
11.212
11.695
12.147
12.453
12.582
12.569
12.494
12.394
12.255
12.083
11.956
11.888
11.847
11.856
11.983
12.301
12.741
13.117
13.385
13.555
13.61
13.512
13.242
12.827
12.387
12.156
12.14
12.21
12.373
12.671
13.011
13.274
13.365
13.24
12.881
12.403
11.992
11.715
11.507
11.321
11.248
11.364
11.561
11.72
11.82
11.797
11.677
11.559
11.455
11.337
11.155
10.912
10.729
10.65
10.611
10.593
10.595
10.572
10.511
10.439
10.416
10.427
10.382
10.212
10.035
9.978
9.96
9.833
9.69
9.644
9.669
9.701
9.76
9.815
9.731
9.502
9.218
8.962
8.762
8.619
8.49
8.413
8.422
8.531
8.665
8.731
8.731
8.644
8.511
8.402
8.306
8.143
7.851
7.558
7.424
7.388
7.32
7.227
7.286
7.587
7.973
8.227
8.302
8.268
8.193
8.041
7.757
7.37
6.995
6.757
6.721
6.834
7.016
7.256
7.512
7.712
7.8
7.778
7.716
7.594
7.349
7.045
6.882
6.932
6.984
6.952
6.898
6.866
6.866
6.921
6.966
7.011
7.075
7.193
7.342
7.438
7.421
7.301
7.102
6.859
6.657
6.471
6.263
6.133
6.208
6.403
6.605
6.864
7.113
7.161
7
6.862
6.811
6.68
6.437
6.199
6.086
6.097
6.188
6.301
6.36
6.406
6.503
6.6
6.585
6.44
6.263
6.133
6.067
5.993
5.9
5.759
5.598
5.485
5.383
5.324
5.41
5.557
5.605
5.482
5.251
4.961
4.65
4.389
4.185
4.04
4.058
4.196
4.301
4.312
4.31
4.31
4.232
3.992
3.624
3.221
2.912
2.726
2.631
2.606
2.663
2.817
2.971
3.028
3.053
3.071
3.035
2.919
2.776
2.61
2.407
2.205
2.087
2.071
2.084
2.141
2.225
2.236
2.18
2.168
2.22
2.225
2.211
2.236
2.214
2.114
2.021
1.998
2.016
2.068
2.166
2.275
2.357
2.45
2.576
2.656
2.606
2.458
2.338
2.277
2.252
2.266
2.379
2.581
2.824
3.101
3.373
3.477
3.359
3.144
3.003
2.973
3.017
3.044
3.116
3.262
3.375
3.373
3.307
3.216
3.146
3.187
3.38
3.62
3.763
3.754
3.663
3.57
3.461
3.309
3.166
3.107
3.207
3.38
3.479
3.534
3.561
3.473
3.248
2.96
2.61
2.25
2.023
1.966
2.028
2.214
2.529
2.849
3.014
2.98
2.79
2.424
1.944
1.508
1.145
0.846
0.735
0.876
1.125
1.259
1.27
1.325
1.501
1.608
1.488
1.207
0.887
0.585
0.283
-0.011
-0.211
-0.349
-0.44
-0.433
-0.342
-0.213
-0.034
0.136
0.179
0.102
-0.079
-0.415
-0.787
-1.098
-1.365
-1.595
-1.696
-1.642
-1.556
-1.597
-1.692
-1.671
-1.595
-1.597
-1.81
-2.189
-2.483
-2.574
-2.597
-2.683
-2.831
-2.939
-2.955
-2.978
-3.184
-3.532
-3.801
-3.881
-3.797
-3.654
-3.513
-3.473
-3.55
-3.672
-3.849
-4.13
-4.441
-4.686
-4.924
-5.16
-5.271
-5.21
-5.006
-4.784
-4.684
-4.618
-4.459
-4.248
-4.234
-4.443
-4.625
-4.629
-4.593
-4.679
-4.856
-5.067
-5.274
-5.428
-5.466
-5.398
-5.242
-5.031
-4.738
-4.396
-4.149
-4.026
-3.867
-3.609
-3.352
-3.223
-3.207
-3.237
-3.364
-3.613
-3.888
-4.001
-3.874
-3.606
-3.289
-2.992
-2.79
-2.683
-2.531
-2.293
-2.068
-1.926
-1.81
-1.683
-1.558
-1.456
-1.44
-1.715
-2.298
-2.878
-3.148
-2.994
-2.604
-2.089
-1.452
-0.758
-0.177
0.138
0.131
-0.218
-0.68
-1.036
-1.268
-1.42
-1.427
-1.243
-0.971
-0.685
-0.471
-0.32
-0.19
-0.038
0.032
-0.022
-0.202
-0.488
-0.864
-1.317
-1.774
-2.116
-2.161
-1.876
-1.325
-0.631
0.129
0.912
1.551
1.821
1.558
0.839
-0.061
-0.714
-0.741
-0.174
0.78
1.855
2.853
3.645
4.124
4.264
4.23
4.239
4.298
4.337
4.335
4.348
4.405
4.688
5.28
6.004
6.587
6.848
6.791
6.609
6.548
6.671
6.934
7.211
7.37
7.44
7.535
7.712
8.054
8.524
8.971
9.35
9.642
9.813
9.855
9.751
9.558
9.375
9.352
9.509
9.672
9.74
9.813
9.969
10.087
10.071
9.855
9.47
9.034
8.68
8.431
8.263
8.193
8.17
8.084
7.998
7.944
7.864
7.653
7.229
6.698
6.199
5.82
5.653
5.773
6.172
6.632
6.887
6.811
6.501
6.063
5.675
5.437
5.292
5.178
5.078
5.008
4.908
4.752
4.504
4.153
3.786
3.416
3.019
2.61
2.318
2.168
2.103
2.064
1.966
1.733
1.395
1.034
0.753
0.555
0.404
0.227
-0.052
-0.471
-1.002
-1.531
-1.944
-2.196
-2.236
-2.066
-1.663
-1.141
-0.707
-0.513
-0.578
-0.923
-1.626
-2.599
-3.559
-4.301
-4.736
-4.772
-4.421
-3.879
-3.373
-3.073
-3.096
-3.366
-3.69
-3.919
-4.092
-4.4
-4.809
-4.988
-4.816
-4.509
-4.276
-4.232
-4.282
-4.366
-4.539
-4.822
-5.108
-5.314
-5.43
-5.383
-5.176
-5.054
-5.122
-5.165
-5.001
-4.774
-4.752
-4.904
-4.976
-4.942
-4.929
-4.913
-4.838
-4.89
-5.065
-5.158
-5.088
-4.934
-4.736
-4.489
-4.246
-4.008
-3.688
-3.282
-2.908
-2.604
-2.431
-2.407
-2.47
-2.674
-2.992
-3.2
-3.184
-3.035
-2.785
-2.452
-2.093
-1.778
-1.452
-1.136
-0.927
-0.9
-1.039
-1.252
-1.445
-1.64
-1.865
-1.975
-1.781
-1.39
-0.998
-0.631
-0.22
0.168
0.44
0.465
0.088
-0.551
-1.125
-1.445
-1.515
-1.379
-1.048
-0.515
0.199
0.887
1.365
1.567
1.497
1.195
0.762
0.29
-0.181
-0.599
-0.819
-0.796
-0.614
-0.306
0.115
0.488
0.771
0.998
1.17
1.309
1.388
1.279
1
0.64
0.311
0.081
0.007
0.17
0.483
0.819
1.107
1.37
1.511
1.424
1.161
0.878
0.676
0.508
0.374
0.365
0.494
0.673
0.832
0.966
1.066
1.118
1.111
1.039
0.859
0.644
0.431
0.254
0.181
0.222
0.311
0.469
0.76
1.086
1.288
1.388
1.504
1.615
1.565
1.286
0.821
0.279
-0.213
-0.492
-0.635
-0.769
-0.817
-0.66
-0.347
-0.068
0.106
0.206
0.193
-0.025
-0.429
-0.916
-1.402
-1.744
-1.803
-1.581
-1.193
-0.771
-0.438
-0.172
-0.009
-0.038
-0.277
-0.669
-1.161
-1.644
-1.996
-2.107
-1.966
-1.633
-1.166
-0.644
-0.286
-0.297
-0.646
-1.125
-1.617
-2.078
-2.445
-2.667
-2.724
-2.688
-2.568
-2.368
-2.139
-1.971
-1.844
-1.762
-1.762
-1.835
-2.012
-2.289
-2.554
-2.719
-2.824
-2.905
-2.951
-2.894
-2.665
-2.429
-2.354
-2.436
-2.633
-2.926
-3.216
-3.484
-3.747
-3.944
-4.074
-4.171
-4.144
-3.987
-3.831
-3.749
-3.77
-3.876
-4.083
-4.319
-4.48
-4.618
-4.804
-4.961
-4.965
-4.856
-4.788
-4.786
-4.788
-4.729
-4.588
-4.375
-4.192
-4.09
-4.035
-3.949
-3.86
-3.894
-4.035
-4.237
-4.498
-4.75
-4.87
-4.833
-4.684
-4.504
-4.348
-4.167
-3.849
-3.459
-3.178
-3.039
-3.003
-3.028
-3.105
-3.255
-3.479
-3.695
-3.804
-3.765
-3.613
-3.443
-3.287
-3.141
-3.032
-2.894
-2.69
-2.556
-2.633
-2.81
-2.921
-2.933
-2.967
-2.93
-2.733
-2.554
-2.517
-2.588
-2.713
-2.937
-3.316
-3.717
-4.006
-4.137
-4.085
-3.826
-3.464
-3.094
-2.697
-2.323
-2.075
-2.021
-2.232
-2.622
-3.012
-3.371
-3.731
-4.015
-4.149
-4.18
-4.16
-4.069
-3.944
-3.863
-3.849
-3.842
-3.829
-3.824
-3.808
-3.79
-3.84
-4.058
-4.384
-4.625
-4.7
-4.759
-4.895
-4.988
-4.979
-4.911
-4.827
-4.743
-4.675
-4.62
-4.582
-4.561
-4.559
-4.573
-4.507
-4.314
-4.117
-4.017
-3.978
-3.938
-3.903
-3.897
-3.983
-4.183
-4.382
-4.512
-4.625
-4.802
-4.926
-4.854
-4.575
-4.185
-3.847
-3.668
-3.563
-3.418
-3.25
-3.234
-3.45
-3.835
-4.21
-4.378
-4.337
-4.226
-4.033
-3.697
-3.284
-2.91
-2.711
-2.751
-2.933
-3.087
-3.225
-3.468
-3.781
-4.028
-4.137
-4.119
-4.062
-3.997
-3.817
-3.579
-3.493
-3.616
-3.842
-4.133
-4.475
-4.836
-5.176
-5.487
-5.702
-5.813
-5.813
-5.714
-5.507
-5.251
-4.947
-4.641
-4.448
-4.43
-4.591
-4.902
-5.258
-5.559
-5.777
-5.904
-5.927
-5.793
-5.544
-5.321
-5.235
-5.314
-5.564
-5.929
-6.233
-6.358
-6.387
-6.451
-6.499
-6.394
-6.213
-6.113
-6.158
-6.283
-6.398
-6.487
-6.569
-6.691
-6.773
-6.769
-6.673
-6.48
-6.29
-6.172
-6.045
-5.834
-5.628
-5.51
-5.392
-5.212
-5.067
-5.051
-5.181
-5.407
-5.662
-5.866
-5.974
-6.002
-6.02
-5.981
-5.77
-5.444
-5.19
-5.04
-4.913
-4.757
-4.645
-4.586
-4.575
-4.715
-4.961
-5.063
-4.956
-4.765
-4.591
-4.459
-4.339
-4.228
-4.074
-3.872
-3.74
-3.793
-3.938
-4.033
-4.083
-4.117
-4.169
-4.217
-4.178
-4.04
-3.919
-3.838
-3.772
-3.77
-3.911
-4.155
-4.371
-4.48
-4.557
-4.688
-4.77
-4.664
-4.391
-4.078
-3.919
-3.983
-4.069
-3.99
-3.806
-3.742
-3.883
-4.044
-4.071
-4.017
-3.962
-3.933
-3.903
-3.858
-3.742
-3.55
-3.38
-3.314
-3.309
-3.248
-3.157
-3.225
-3.498
-3.822
-4.055
-4.21
-4.337
-4.423
-4.384
-4.228
-4.083
-4.012
-4.04
-4.112
-4.16
-4.237
-4.391
-4.534
-4.584
-4.546
-4.434
-4.33
-4.242
-4.071
-3.824
-3.629
-3.54
-3.563
-3.745
-4.049
-4.364
-4.609
-4.856
-5.169
-5.417
-5.552
-5.636
-5.514
-5.081
-4.498
-3.967
-3.572
-3.337
-3.257
-3.432
-3.888
-4.455
-4.87
-5.004
-4.867
-4.573
-4.344
-4.293
-4.255
-4.003
-3.658
-3.523
-3.572
-3.586
-3.504
-3.468
-3.498
-3.479
-3.4
-3.28
-3.103
-2.849
-2.563
-2.316
-2.116
-2.003
-2.105
-2.399
-2.688
-2.888
-3.101
-3.327
-3.377
-3.023
-2.352
-1.683
-1.143
-0.694
-0.329
-0.197
-0.401
-0.789
-1.143
-1.376
-1.395
-1.163
-0.766
-0.39
0.002
0.456
0.837
1.016
1.064
1.082
1.061
0.975
0.921
0.977
1.104
1.229
1.32
1.306
1.232
1.268
1.402
1.545
1.674
1.785
1.95
2.216
2.502
2.595
2.431
2.293
2.359
2.524
2.656
2.783
3.003
3.271
3.395
3.337
3.273
3.225
3.148
3.069
3.071
3.162
3.35
3.618
3.847
4.008
4.201
4.475
4.718
4.811
4.729
4.582
4.539
4.67
4.843
4.942
5.049
5.271
5.505
5.695
5.898
6.122
6.394
6.714
6.966
7.038
6.961
6.914
7.045
7.188
7.19
7.172
7.233
7.297
7.329
7.392
7.517
7.664
7.821
7.946
7.989
7.961
7.9
7.819
7.741
7.66
7.556
7.524
7.662
7.887
8.027
8.098
8.25
8.411
8.431
8.322
8.179
8.027
7.796
7.581
7.603
7.753
7.83
7.923
8.166
8.402
8.44
8.359
8.254
8.134
7.989
7.846
7.737
7.719
7.794
7.905
8.082
8.277
8.422
8.506
8.56
8.558
8.442
8.202
7.973
7.787
7.551
7.233
6.968
6.859
6.932
7.168
7.522
7.859
8.093
8.22
8.286
8.254
8.073
7.741
7.379
7.034
6.771
6.666
6.698
6.839
7.12
7.503
7.841
8.07
8.229
8.311
8.261
8.136
8.018
7.907
7.8
7.712
7.676
7.771
8.041
8.454
8.898
9.239
9.409
9.433
9.447
9.465
9.343
9.084
8.864
8.787
8.874
9.084
9.379
9.701
9.967
10.089
10.08
10.01
9.844
9.545
9.293
9.207
9.209
9.186
9.098
8.971
8.891
8.987
9.264
9.602
9.878
10.035
10.098
10.076
9.885
9.554
9.286
9.152
9.123
9.207
9.397
9.695
10.066
10.475
10.765
10.804
10.647
10.441
10.173
9.81
9.454
9.232
9.282
9.593
10.057
10.518
10.858
11.135
11.414
11.53
11.323
10.908
10.525
10.257
10.11
10.032
10.037
10.171
10.439
10.747
11.035
11.248
11.366
11.389
11.321
11.244
11.142
10.949
10.736
10.672
10.726
10.813
10.962
11.169
11.42
11.609
11.707
11.727
11.62
11.371
11.083
10.876
10.733
10.622
10.563
10.595
10.656
10.745
10.829
10.849
10.908
11.062
11.237
11.255
11.137
10.981
10.831
10.756
10.772
10.777
10.679
10.459
10.171
9.937
9.819
9.728
9.654
9.726
9.994
10.282
10.389
10.232
9.935
9.697
9.551
9.429
9.368
9.372
9.413
9.551
9.724
9.794
9.756
9.667
9.52
9.275
8.95
8.71
8.66
8.785
8.925
8.946
8.955
9.073
9.245
9.345
9.375
9.375
9.332
9.268
9.245
9.214
9.1
8.919
8.79
8.771
8.805
8.79
8.796
8.869
8.93
8.978
8.955
8.712
8.218
7.649
7.301
7.258
7.331
7.383
7.474
7.678
7.9
7.966
7.826
7.617
7.374
6.993
6.505
6.07
5.709
5.437
5.401
5.623
5.965
6.242
6.43
6.592
6.685
6.609
6.412
6.197
5.904
5.498
5.085
4.759
4.512
4.33
4.33
4.548
4.795
4.997
5.21
5.398
5.491
5.48
5.358
5.119
4.906
4.777
4.729
4.731
4.668
4.588
4.645
4.802
4.827
4.645
4.459
4.348
4.23
4.055
3.849
3.67
3.582
3.559
3.597
3.706
3.806
3.786
3.681
3.568
3.414
3.225
3.123
3.042
2.862
2.665
2.654
2.742
2.699
2.538
2.477
2.633
2.915
3.119
3.082
2.799
2.45
2.196
2.009
1.778
1.463
1.152
1.002
1.005
1.021
0.968
0.898
0.914
1.009
1.034
0.93
0.789
0.596
0.308
0.081
-0.059
-0.238
-0.485
-0.696
-0.848
-1.034
-1.227
-1.259
-1.148
-1.17
-1.376
-1.526
-1.492
-1.431
-1.511
-1.73
-1.937
-2.034
-2.089
-2.173
-2.311
-2.434
-2.5
-2.534
-2.54
-2.536
-2.588
-2.715
-2.806
-2.812
-2.794
-2.821
-2.894
-2.985
-3.073
-3.094
-2.992
-2.819
-2.753
-2.799
-2.849
-2.885
-2.978
-3.153
-3.43
-3.754
-3.983
-3.953
-3.715
-3.559
-3.557
-3.534
-3.491
-3.557
-3.679
-3.761
-3.869
-4.037
-4.164
-4.251
-4.341
-4.375
-4.35
-4.364
-4.455
-4.516
-4.394
-4.266
-4.405
-4.777
-5.119
-5.31
-5.46
-5.759
-6.154
-6.374
-6.278
-5.984
-5.689
-5.496
-5.405
-5.423
-5.564
-5.879
-6.274
-6.666
-7.118
-7.603
-7.948
-8.064
-8.059
-7.98
-7.862
-7.775
-7.71
-7.646
-7.64
-7.71
-7.871
-8.07
-8.136
-8.054
-8.025
-8.17
-8.488
-8.798
-8.925
-8.916
-8.91
-9.021
-9.239
-9.391
-9.338
-9.189
-9.177
-9.334
-9.488
-9.52
-9.463
-9.422
-9.411
-9.363
-9.336
-9.411
-9.556
-9.656
-9.717
-9.851
-10.019
-10.026
-9.774
-9.429
-9.214
-9.225
-9.316
-9.334
-9.282
-9.3
-9.459
-9.74
-10.042
-10.243
-10.321
-10.375
-10.493
-10.549
-10.377
-10.078
-9.826
-9.568
-9.318
-9.155
-9.105
-9.168
-9.3
-9.465
-9.667
-9.86
-9.944
-9.905
-9.806
-9.64
-9.495
-9.456
-9.504
-9.593
-9.606
-9.606
-9.656
-9.72
-9.769
-9.772
-9.717
-9.665
-9.681
-9.72
-9.765
-9.808
-9.792
-9.697
-9.599
-9.518
-9.391
-9.209
-9.093
-9.139
-9.366
-9.678
-9.908
-9.973
-9.962
-9.905
-9.701
-9.397
-9.132
-8.996
-9.073
-9.343
-9.667
-9.928
-10.121
-10.318
-10.518
-10.629
-10.57
-10.391
-10.171
-9.908
-9.622
-9.418
-9.313
-9.316
-9.42
-9.572
-9.737
-9.98
-10.271
-10.491
-10.629
-10.711
-10.684
-10.491
-10.153
-9.762
-9.484
-9.445
-9.638
-9.994
-10.393
-10.745
-11.046
-11.23
-11.23
-11.065
-10.79
-10.466
-10.232
-10.191
-10.243
-10.314
-10.491
-10.856
-11.282
-11.555
-11.586
-11.545
-11.586
-11.595
-11.423
-11.078
-10.711
-10.407
-10.232
-10.164
-10.166
-10.298
-10.64
-11.103
-11.543
-11.806
-11.906
-11.96
-11.895
-11.561
-11.03
-10.57
-10.35
-10.325
-10.397
-10.618
-11.112
-11.734
-12.176
-12.296
-12.165
-11.87
-11.487
-11.146
-10.856
-10.518
-10.162
-9.912
-9.785
-9.706
-9.71
-9.935
-10.334
-10.656
-10.824
-10.91
-10.854
-10.608
-10.352
-10.243
-10.2
-10.121
-10.035
-9.956
-9.876
-9.871
-10.005
-10.255
-10.42
-10.309
-10.032
-9.767
-9.497
-9.157
-8.815
-8.638
-8.676
-8.862
-9.068
-9.239
-9.302
-9.218
-9.098
-9.041
-8.908
-8.658
-8.492
-8.442
-8.386
-8.363
-8.506
-8.828
-9.177
-9.343
-9.411
-9.57
-9.717
-9.695
-9.593
-9.49
-9.425
-9.44
-9.563
-9.726
-9.874
-9.964
-10.107
-10.42
-10.779
-10.971
-10.962
-10.883
-10.851
-10.876
-10.878
-10.79
-10.643
-10.484
-10.416
-10.522
-10.731
-10.926
-11.087
-11.189
-11.303
-11.548
-11.811
-11.958
-11.994
-11.988
-11.979
-11.943
-11.818
-11.602
-11.4
-11.312
-11.334
-11.384
-11.443
-11.532
-11.666
-11.842
-12.049
-12.233
-12.305
-12.203
-11.924
-11.543
-11.151
-10.89
-10.745
-10.581
-10.441
-10.452
-10.608
-10.743
-10.754
-10.672
-10.541
-10.397
-10.237
-10.032
-9.806
-9.585
-9.45
-9.497
-9.724
-10.019
-10.182
-10.121
-9.86
-9.499
-9.159
-8.941
-8.837
-8.653
-8.352
-8.12
-8.025
-8.034
-8.154
-8.302
-8.34
-8.309
-8.284
-8.265
-8.188
-7.989
-7.632
-7.279
-7.041
-6.882
-6.791
-6.752
-6.75
-6.793
-6.907
-7.077
-7.181
-7.104
-6.841
-6.46
-6.131
-5.922
-5.784
-5.591
-5.348
-5.253
-5.417
-5.725
-5.911
-5.886
-5.809
-5.759
-5.689
-5.512
-5.262
-5.081
-5.042
-5.11
-5.217
-5.371
-5.598
-5.834
-5.99
-5.997
-5.947
-5.954
-6.02
-6.04
-5.909
-5.657
-5.426
-5.348
-5.434
-5.614
-5.87
-6.206
-6.53
-6.825
-7.025
-7.041
-6.882
-6.655
-6.455
-6.235
-5.986
-5.766
-5.714
-5.995
-6.548
-7.138
-7.571
-7.832
-8.107
-8.415
-8.562
-8.467
-8.252
-8.05
-7.932
-7.837
-7.689
-7.539
-7.526
-7.664
-7.873
-8.068
-8.288
-8.517
-8.626
-8.533
-8.263
-7.932
-7.676
-7.508
-7.338
-7.149
-6.993
-6.954
-7.018
-7.09
-7.084
-6.952
-6.691
-6.378
-6.027
-5.618
-5.165
-4.675
-4.271
-4.117
-4.126
-4.162
-4.212
-4.149
-3.908
-3.633
-3.436
-3.239
-2.944
-2.486
-1.948
-1.551
-1.356
-1.184
-0.896
-0.633
-0.608
-0.758
-0.884
-0.794
-0.515
-0.267
-0.127
0.041
0.367
0.837
1.3
1.592
1.64
1.477
1.213
0.941
0.676
0.485
0.358
0.288
0.302
0.435
0.764
1.229
1.576
1.612
1.504
1.381
1.188
0.85
0.426
0.038
-0.308
-0.547
-0.574
-0.458
-0.311
-0.081
0.17
0.347
0.41
0.256
-0.177
-0.789
-1.411
-1.873
-2.105
-2.2
-2.282
-2.327
-2.214
-1.889
-1.479
-1.188
-1.211
-1.56
-1.985
-2.357
-2.722
-3.078
-3.366
-3.557
-3.593
-3.457
-3.243
-2.998
-2.672
-2.352
-2.202
-2.286
-2.57
-2.996
-3.486
-3.942
-4.162
-4.169
-4.069
-3.919
-3.844
-3.879
-3.903
-3.82
-3.731
-3.781
-3.981
-4.205
-4.4
-4.543
-4.634
-4.645
-4.616
-4.548
-4.425
-4.253
-4.11
-4.006
-3.899
-3.767
-3.704
-3.786
-4.049
-4.425
-4.729
-4.838
-4.736
-4.453
-4.101
-3.826
-3.69
-3.631
-3.611
-3.609
-3.663
-3.858
-4.153
-4.421
-4.502
-4.389
-4.262
-4.11
-3.867
-3.629
-3.436
-3.207
-2.924
-2.781
-2.806
-2.844
-2.888
-2.953
-3.067
-3.187
-3.259
-3.25
-3.116
-2.799
-2.407
-2.021
-1.674
-1.404
-1.241
-1.138
-1.134
-1.3
-1.522
-1.683
-1.764
-1.742
-1.597
-1.424
-1.286
-1.173
-1.025
-0.832
-0.699
-0.599
-0.46
-0.381
-0.401
-0.412
-0.417
-0.51
-0.626
-0.646
-0.555
-0.429
-0.363
-0.363
-0.353
-0.277
-0.186
-0.152
-0.236
-0.383
-0.488
-0.51
-0.449
-0.367
-0.283
-0.159
0.02
0.168
0.222
0.249
0.24
0.088
-0.238
-0.589
-0.887
-1.132
-1.352
-1.474
-1.506
-1.477
-1.376
-1.138
-0.778
-0.424
-0.181
-0.102
-0.218
-0.438
-0.726
-1.091
-1.524
-1.937
-2.216
-2.302
-2.18
-1.98
-1.796
-1.581
-1.286
-1.068
-1.095
-1.327
-1.642
-1.978
-2.298
-2.527
-2.701
-2.772
-2.652
-2.375
-2.075
-1.835
-1.715
-1.792
-2.089
-2.536
-3.014
-3.416
-3.658
-3.727
-3.631
-3.343
-2.888
-2.416
-2.062
-1.83
-1.726
-1.708
-1.771
-1.953
-2.218
-2.461
-2.579
-2.597
-2.536
-2.343
-1.989
-1.494
-0.939
-0.496
-0.263
-0.19
-0.229
-0.401
-0.678
-0.909
-1
-0.986
-0.882
-0.662
-0.349
0.036
0.442
0.696
0.773
0.769
0.71
0.653
0.621
0.619
0.705
0.912
1.252
1.651
1.978
2.161
2.286
2.431
2.599
2.722
2.74
2.663
2.565
2.456
2.338
2.277
2.332
2.443
2.504
2.554
2.656
2.831
2.951
2.937
2.919
2.928
2.851
2.697
2.581
2.536
2.524
2.54
2.579
2.604
2.538
2.45
2.488
2.64
2.785
2.831
2.774
2.701
2.618
2.452
2.239
2.064
1.975
1.966
1.95
1.898
1.796
1.674
1.599
1.572
1.522
1.431
1.272
1.05
0.817
0.637
0.576
0.623
0.769
1.025
1.304
1.547
1.789
2.003
2.066
1.948
1.742
1.549
1.361
1.086
0.794
0.637
0.667
0.834
1.129
1.522
1.851
1.969
1.882
1.742
1.633
1.624
1.66
1.565
1.261
0.903
0.712
0.758
0.932
1.086
1.173
1.272
1.465
1.654
1.696
1.601
1.463
1.456
1.604
1.747
1.803
1.796
1.84
2.025
2.298
2.559
2.745
2.794
2.711
2.54
2.32
2.157
2.091
2.082
2.161
2.413
2.804
3.148
3.357
3.489
3.613
3.681
3.647
3.548
3.375
3.116
2.892
2.901
3.162
3.454
3.652
3.829
4.035
4.214
4.391
4.586
4.725
4.768
4.7
4.496
4.178
3.858
3.677
3.72
3.903
4.234
4.745
5.206
5.403
5.383
5.31
5.178
4.924
4.571
4.212
3.999
3.972
4.103
4.38
4.706
5.001
5.301
5.6
5.673
5.405
5.065
4.833
4.704
4.641
4.605
4.573
4.561
4.563
4.625
4.79
4.938
5.015
5.076
5.058
4.934
4.782
4.634
4.405
4.053
3.727
3.658
3.867
4.117
4.203
4.126
3.999
3.872
3.822
3.82
3.692
3.468
3.361
3.434
3.5
3.441
3.312
3.266
3.318
3.323
3.259
3.187
3.162
3.216
3.343
3.504
3.709
3.869
3.844
3.597
3.3
3.219
3.329
3.329
3.141
3.017
3.139
3.4
3.606
3.731
3.783
3.69
3.493
3.35
3.284
3.175
3.085
3.184
3.427
3.658
3.874
4.144
4.416
4.546
4.523
4.527
4.673
4.863
4.954
4.899
4.849
4.951
5.169
5.358
5.437
5.491
5.634
5.884
6.106
6.115
5.938
5.754
5.736
5.825
5.854
5.777
5.761
5.974
6.299
6.535
6.587
6.537
6.48
6.46
6.499
6.512
6.412
6.353
6.467
6.632
6.712
6.796
7.068
7.444
7.619
7.449
7.056
6.671
6.367
6.065
5.768
5.607
5.763
6.197
6.612
6.859
6.984
7.109
7.258
7.315
7.147
6.839
6.589
6.46
6.419
6.478
6.58
6.678
6.832
7.043
7.122
6.988
6.895
6.95
6.923
6.718
6.48
6.299
6.188
6.206
6.292
6.369
6.553
6.895
7.236
7.36
7.183
6.891
6.73
6.671
6.476
6.07
5.698
5.634
5.875
6.183
6.371
6.465
6.58
6.748
6.898
6.859
6.598
6.294
6.154
6.113
6.002
5.868
5.843
5.872
5.938
6.09
6.312
6.55
6.757
6.879
6.95
6.975
6.895
6.718
6.596
6.496
6.415
6.496
6.902
7.553
8.2
8.667
8.987
9.214
9.336
9.282
9.105
8.919
8.835
8.891
9.014
9.218
9.511
9.765
9.987
10.296
10.636
10.876
11.01
11.085
11.123
11.089
11.015
10.976
10.965
10.96
11.024
11.198
11.498
11.888
12.289
12.62
12.886
13.113
13.249
13.213
13.002
12.741
12.589
12.587
12.654
12.709
12.775
12.895
13.074
13.253
13.292
13.104
12.9
12.902
13.011
12.997
12.852
12.713
12.582
12.462
12.367
12.233
12.024
11.85
11.829
11.929
12.019
12.024
11.988
11.976
11.892
11.659
11.382
11.203
11.155
11.103
11.012
10.976
10.999
11.01
11.021
11.021
10.958
10.827
10.706
10.64
10.525
10.346
10.094
9.817
9.681
9.751
9.908
10.032
10.146
10.327
10.563
10.663
10.522
10.241
9.883
9.511
9.291
9.209
9.143
9.148
9.363
9.72
9.983
10.012
9.833
9.561
9.248
8.864
8.433
8.125
8.034
8.118
8.231
8.279
8.295
8.309
8.27
8.145
7.916
7.64
7.447
7.317
7.113
6.825
6.641
6.673
6.83
6.932
6.889
6.816
6.841
6.852
6.748
6.634
6.571
6.476
6.324
6.226
6.206
6.163
6.092
6.122
6.24
6.328
6.315
6.265
6.233
6.185
6.117
6.142
6.308
6.48
6.582
6.634
6.632
6.603
6.587
6.594
6.596
6.585
6.63
6.739
6.823
6.793
6.714
6.639
6.58
6.544
6.53
6.519
6.537
6.596
6.68
6.8
6.887
6.909
6.891
6.786
6.619
6.521
6.569
6.634
6.598
6.535
6.58
6.71
6.71
6.592
6.53
6.494
6.398
6.292
6.172
5.986
5.734
5.532
5.466
5.428
5.316
5.21
5.194
5.265
5.364
5.434
5.373
5.092
4.675
4.366
4.207
4.062
3.89
3.826
4.008
4.305
4.475
4.482
4.423
4.348
4.251
3.976
3.5
3.091
2.944
2.939
2.942
2.937
2.942
3.01
3.153
3.268
3.232
3.11
2.998
2.865
2.719
2.61
2.549
2.576
2.688
2.819
2.869
2.767
2.593
2.458
2.348
2.23
2.202
2.266
2.327
2.379
2.45
2.549
2.66
2.728
2.656
2.454
2.268
2.159
2.028
1.806
1.558
1.39
1.402
1.506
1.595
1.692
1.862
2.034
2.1
1.98
1.828
1.796
1.853
1.919
2
2.055
2.098
2.2
2.293
2.279
2.214
2.091
1.878
1.699
1.626
1.578
1.59
1.747
1.93
2.014
2.096
2.223
2.32
2.37
2.404
2.454
2.479
2.402
2.273
2.155
2.107
2.22
2.427
2.534
2.527
2.52
2.513
2.522
2.502
2.379
2.202
2.171
2.309
2.429
2.429
2.388
2.325
2.275
2.286
2.22
2.034
1.826
1.654
1.511
1.381
1.272
1.182
1.145
1.141
1.129
1.157
1.186
1.175
1.159
1.075
0.873
0.585
0.213
-0.19
-0.49
-0.657
-0.724
-0.732
-0.705
-0.608
-0.485
-0.503
-0.746
-1.136
-1.599
-2.032
-2.35
-2.629
-2.962
-3.298
-3.481
-3.534
-3.602
-3.774
-4.01
-4.192
-4.296
-4.405
-4.529
-4.62
-4.645
-4.598
-4.521
-4.575
-4.793
-5.038
-5.231
-5.339
-5.369
-5.394
-5.455
-5.457
-5.321
-5.115
-4.945
-4.865
-4.84
-4.82
-4.811
-4.831
-4.87
-4.942
-5.085
-5.237
-5.312
-5.316
-5.367
-5.355
-5.162
-4.863
-4.561
-4.251
-3.981
-3.888
-3.999
-4.16
-4.187
-4.103
-4.042
-4.037
-4.04
-4.008
-3.983
-3.935
-3.745
-3.434
-3.123
-2.826
-2.538
-2.318
-2.182
-2.173
-2.282
-2.431
-2.538
-2.576
-2.576
-2.554
-2.413
-2.152
-1.882
-1.699
-1.47
-1.168
-0.959
-0.914
-0.955
-0.964
-0.935
-0.905
-0.864
-0.78
-0.678
-0.574
-0.469
-0.395
-0.37
-0.32
-0.111
0.163
0.294
0.272
0.279
0.381
0.474
0.547
0.637
0.748
0.868
1.048
1.293
1.465
1.467
1.384
1.338
1.302
1.295
1.44
1.798
2.2
2.536
2.801
2.992
3.15
3.371
3.604
3.763
3.938
4.203
4.548
4.911
5.244
5.586
5.957
6.312
6.451
6.367
6.272
6.26
6.344
6.558
6.839
7.018
7.154
7.358
7.623
7.882
8.188
8.467
8.542
8.345
8.03
7.914
8.054
8.295
8.497
8.626
8.726
8.839
9
9.157
9.211
9.227
9.257
9.139
8.717
8.172
7.794
7.701
7.821
7.995
8.061
8.036
7.989
7.971
7.882
7.66
7.338
6.968
6.499
6.006
5.68
5.532
5.469
5.423
5.339
5.244
5.16
5.081
4.961
4.797
4.661
4.668
4.731
4.688
4.509
4.328
4.234
4.203
4.105
3.817
3.414
3.141
3.073
3.11
3.112
3.008
2.824
2.663
2.463
2.1
1.676
1.34
1.084
0.814
0.426
0
-0.231
-0.306
-0.447
-0.601
-0.707
-0.846
-1.009
-1.073
-1.025
-0.968
-0.95
-0.907
-0.914
-1.184
-1.592
-1.796
-1.753
-1.66
-1.622
-1.629
-1.676
-1.837
-2.134
-2.393
-2.463
-2.379
-2.261
-2.214
-2.3
-2.431
-2.477
-2.515
-2.726
-3.123
-3.593
-3.951
-4.151
-4.255
-4.323
-4.248
-3.944
-3.586
-3.409
-3.409
-3.377
-3.28
-3.264
-3.452
-3.854
-4.352
-4.743
-4.954
-5.033
-4.995
-4.875
-4.684
-4.466
-4.242
-4.055
-3.953
-3.885
-3.844
-3.958
-4.257
-4.546
-4.573
-4.409
-4.201
-3.935
-3.606
-3.375
-3.268
-3.205
-3.184
-3.187
-3.153
-3.051
-2.905
-2.767
-2.622
-2.393
-2.112
-1.869
-1.674
-1.519
-1.454
-1.472
-1.528
-1.556
-1.517
-1.449
-1.429
-1.447
-1.408
-1.234
-0.925
-0.601
-0.412
-0.347
-0.302
-0.247
-0.22
-0.304
-0.471
-0.519
-0.39
-0.304
-0.34
-0.367
-0.32
-0.174
0.034
0.172
0.188
0.238
0.351
0.456
0.572
0.716
0.817
0.78
0.71
0.655
0.567
0.46
0.481
0.631
0.791
0.905
0.993
1.07
1.095
1.03
0.859
0.696
0.583
0.53
0.463
0.397
0.435
0.581
0.764
0.916
1.093
1.229
1.161
0.884
0.569
0.315
0.072
-0.152
-0.281
-0.272
-0.193
0.004
0.229
0.306
0.243
0.22
0.281
0.294
0.245
0.1
-0.086
-0.222
-0.317
-0.406
-0.42
-0.351
-0.252
-0.077
0.109
0.159
0.1
0.025
-0.086
-0.272
-0.435
-0.503
-0.481
-0.41
-0.222
0.016
0.233
0.42
0.555
0.549
0.383
0.177
-0.063
-0.379
-0.707
-0.998
-1.182
-1.175
-1.041
-0.896
-0.837
-0.927
-1.093
-1.136
-1.045
-0.966
-0.991
-1.17
-1.443
-1.688
-1.889
-2.084
-2.268
-2.379
-2.314
-2.143
-1.994
-1.944
-2.014
-2.177
-2.388
-2.595
-2.785
-2.924
-3.005
-3.01
-2.915
-2.715
-2.5
-2.397
-2.458
-2.635
-2.885
-3.139
-3.332
-3.5
-3.709
-4.015
-4.341
-4.509
-4.48
-4.371
-4.278
-4.198
-4.146
-4.105
-4.074
-3.978
-3.885
-3.922
-4.074
-4.171
-4.253
-4.445
-4.652
-4.765
-4.745
-4.661
-4.573
-4.498
-4.498
-4.527
-4.539
-4.559
-4.647
-4.727
-4.74
-4.693
-4.629
-4.575
-4.548
-4.546
-4.509
-4.418
-4.346
-4.328
-4.303
-4.23
-4.149
-4.155
-4.228
-4.239
-4.221
-4.23
-4.303
-4.384
-4.323
-4.16
-4.008
-3.822
-3.554
-3.259
-3.021
-2.915
-2.96
-3.164
-3.461
-3.742
-3.976
-4.196
-4.375
-4.421
-4.33
-4.178
-3.99
-3.759
-3.511
-3.371
-3.402
-3.613
-3.89
-4.133
-4.341
-4.512
-4.573
-4.5
-4.319
-4.033
-3.645
-3.221
-2.964
-2.953
-3.048
-3.184
-3.414
-3.793
-4.253
-4.618
-4.813
-4.833
-4.7
-4.466
-4.201
-3.849
-3.502
-3.321
-3.364
-3.52
-3.759
-4.076
-4.411
-4.702
-4.906
-5.015
-5.015
-4.911
-4.718
-4.468
-4.291
-4.212
-4.214
-4.366
-4.702
-5.099
-5.403
-5.523
-5.478
-5.326
-5.02
-4.577
-4.142
-3.786
-3.572
-3.543
-3.679
-3.899
-4.221
-4.629
-5.058
-5.342
-5.423
-5.344
-5.187
-4.976
-4.656
-4.226
-3.804
-3.548
-3.525
-3.692
-3.933
-4.167
-4.407
-4.595
-4.666
-4.629
-4.498
-4.362
-4.226
-4.012
-3.745
-3.588
-3.572
-3.609
-3.688
-3.838
-4.033
-4.264
-4.498
-4.62
-4.555
-4.301
-4.04
-4.01
-4.142
-4.158
-4.117
-4.303
-4.709
-5.14
-5.437
-5.598
-5.716
-5.77
-5.714
-5.6
-5.473
-5.253
-4.999
-4.863
-4.822
-4.784
-4.79
-4.843
-4.963
-5.203
-5.493
-5.645
-5.618
-5.428
-5.181
-4.934
-4.72
-4.541
-4.498
-4.641
-4.892
-5.199
-5.507
-5.743
-5.827
-5.761
-5.636
-5.478
-5.244
-4.949
-4.734
-4.729
-4.913
-5.26
-5.727
-6.195
-6.501
-6.558
-6.471
-6.344
-6.183
-6.011
-5.888
-5.816
-5.748
-5.716
-5.825
-6.047
-6.301
-6.546
-6.746
-6.921
-7.068
-7.095
-6.916
-6.607
-6.374
-6.238
-6.136
-6.104
-6.147
-6.276
-6.469
-6.712
-6.927
-6.988
-6.884
-6.727
-6.508
-6.215
-5.999
-5.938
-5.974
-5.963
-5.856
-5.721
-5.67
-5.702
-5.659
-5.505
-5.324
-5.165
-5.022
-4.892
-4.765
-4.559
-4.314
-4.194
-4.194
-4.194
-4.173
-4.219
-4.411
-4.684
-4.904
-4.908
-4.75
-4.634
-4.571
-4.457
-4.248
-4.008
-3.81
-3.697
-3.695
-3.804
-3.985
-4.124
-4.099
-3.892
-3.665
-3.432
-3.139
-2.89
-2.751
-2.667
-2.622
-2.683
-2.865
-3.051
-3.175
-3.262
-3.339
-3.309
-3.132
-2.856
-2.604
-2.481
-2.486
-2.515
-2.493
-2.413
-2.352
-2.354
-2.438
-2.613
-2.77
-2.794
-2.726
-2.667
-2.629
-2.576
-2.47
-2.372
-2.391
-2.561
-2.792
-3.012
-3.216
-3.443
-3.677
-3.833
-3.903
-3.894
-3.79
-3.631
-3.563
-3.686
-3.919
-4.18
-4.448
-4.713
-4.897
-4.954
-4.87
-4.575
-4.187
-3.949
-3.911
-3.924
-3.987
-4.18
-4.437
-4.645
-4.799
-4.883
-4.849
-4.745
-4.718
-4.763
-4.779
-4.734
-4.6
-4.411
-4.223
-4.053
-3.888
-3.767
-3.731
-3.806
-3.953
-4.076
-4.101
-4.055
-3.947
-3.74
-3.432
-3.062
-2.719
-2.568
-2.606
-2.652
-2.631
-2.576
-2.463
-2.257
-2.007
-1.84
-1.728
-1.536
-1.322
-1.207
-1.182
-1.154
-1.061
-0.916
-0.771
-0.635
-0.499
-0.338
-0.122
0.163
0.404
0.562
0.714
0.844
0.955
1.079
1.173
1.227
1.311
1.42
1.481
1.492
1.515
1.572
1.644
1.744
1.957
2.232
2.443
2.538
2.547
2.527
2.529
2.502
2.377
2.243
2.216
2.282
2.372
2.495
2.683
2.942
3.209
3.407
3.491
3.416
3.268
3.234
3.339
3.422
3.432
3.418
3.498
3.681
3.915
4.126
4.312
4.498
4.659
4.782
4.843
4.899
4.961
4.99
5.04
5.165
5.346
5.569
5.8
6.029
6.278
6.501
6.634
6.637
6.501
6.317
6.24
6.362
6.548
6.689
6.83
6.988
7.097
7.14
7.17
7.204
7.24
7.267
7.272
7.324
7.469
7.637
7.75
7.8
7.792
7.746
7.726
7.739
7.744
7.798
7.952
8.168
8.265
8.213
8.138
8.15
8.238
8.327
8.381
8.463
8.551
8.583
8.579
8.562
8.524
8.404
8.206
8.039
7.973
8.009
8.159
8.42
8.71
8.889
8.955
8.962
8.839
8.621
8.497
8.528
8.572
8.562
8.581
8.68
8.798
8.869
8.912
8.923
8.832
8.617
8.386
8.265
8.168
8.104
8.148
8.236
8.272
8.277
8.293
8.32
8.279
8.209
8.172
8.154
8.17
8.191
8.193
8.229
8.354
8.499
8.576
8.64
8.733
8.796
8.835
8.855
8.828
8.726
8.628
8.608
8.606
8.531
8.461
8.562
8.79
9.009
9.189
9.418
9.686
9.819
9.742
9.502
9.134
8.76
8.474
8.293
8.277
8.404
8.613
8.898
9.264
9.585
9.756
9.762
9.651
9.47
9.234
8.964
8.722
8.554
8.474
8.567
8.86
9.261
9.69
10.066
10.38
10.629
10.747
10.645
10.38
10.094
9.874
9.787
9.838
10.051
10.416
10.854
11.278
11.616
11.738
11.7
11.595
11.373
11.053
10.783
10.663
10.713
10.906
11.114
11.339
11.65
11.956
12.122
12.126
12.067
11.938
11.72
11.475
11.344
11.271
11.217
11.241
11.409
11.698
12.002
12.24
12.421
12.58
12.521
12.208
11.818
11.439
11.076
10.829
10.74
10.806
10.947
11.071
11.169
11.26
11.319
11.35
11.3
11.114
10.944
10.878
10.779
10.631
10.549
10.502
10.411
10.357
10.364
10.402
10.459
10.5
10.513
10.513
10.507
10.452
10.291
10.078
9.928
9.885
9.905
9.98
10.085
10.228
10.4
10.466
10.355
10.153
9.962
9.765
9.579
9.459
9.433
9.499
9.638
9.871
10.132
10.332
10.411
10.395
10.3
10.178
10.048
9.908
9.81
9.724
9.556
9.359
9.298
9.44
9.706
9.948
10.103
10.214
10.246
10.078
9.642
9.089
8.606
8.234
7.991
7.934
8.082
8.347
8.701
9.127
9.488
9.561
9.336
8.957
8.467
7.941
7.533
7.313
7.261
7.365
7.558
7.775
7.934
8.05
8.166
8.157
7.905
7.46
7.013
6.703
6.512
6.378
6.347
6.426
6.546
6.676
6.769
6.741
6.626
6.544
6.587
6.592
6.371
5.997
5.641
5.401
5.33
5.428
5.645
5.868
5.965
5.936
5.87
5.793
5.662
5.442
5.181
4.97
4.833
4.75
4.695
4.643
4.636
4.693
4.684
4.514
4.203
3.835
3.568
3.493
3.588
3.786
3.894
3.876
3.781
3.627
3.441
3.334
3.273
3.173
3.026
2.829
2.593
2.397
2.284
2.282
2.234
2.032
1.785
1.681
1.669
1.722
1.806
1.806
1.819
1.973
2.148
2.123
1.857
1.488
1.309
1.27
1.093
0.766
0.458
0.254
0.188
0.329
0.581
0.807
0.857
0.791
0.789
0.775
0.612
0.376
0.163
-0.072
-0.256
-0.306
-0.256
-0.131
0.02
0.102
0.163
0.211
0.104
-0.154
-0.41
-0.601
-0.819
-1
-1.068
-1.084
-1.107
-1.145
-1.118
-0.971
-0.823
-0.844
-0.982
-1.227
-1.619
-2.073
-2.502
-2.869
-3.132
-3.23
-3.123
-2.862
-2.618
-2.524
-2.601
-2.717
-2.812
-3.11
-3.65
-4.189
-4.512
-4.591
-4.504
-4.407
-4.403
-4.439
-4.362
-4.198
-4.139
-4.303
-4.534
-4.725
-4.924
-5.151
-5.346
-5.521
-5.618
-5.63
-5.589
-5.505
-5.378
-5.206
-5.044
-5.029
-5.206
-5.464
-5.736
-6.095
-6.567
-6.993
-7.188
-7.156
-6.911
-6.478
-5.977
-5.589
-5.412
-5.432
-5.677
-6.19
-6.803
-7.224
-7.438
-7.562
-7.685
-7.667
-7.424
-7.106
-6.868
-6.766
-6.678
-6.598
-6.68
-7.007
-7.449
-7.851
-8.134
-8.293
-8.42
-8.61
-8.708
-8.506
-8.086
-7.739
-7.644
-7.716
-7.826
-7.934
-8.148
-8.558
-8.96
-9.175
-9.229
-9.134
-8.857
-8.503
-8.254
-8.113
-8.027
-8.089
-8.458
-9.1
-9.749
-10.194
-10.477
-10.643
-10.566
-10.298
-10.053
-9.969
-10.017
-10.066
-10.089
-10.228
-10.484
-10.729
-10.854
-10.829
-10.797
-10.899
-10.915
-10.563
-10.019
-9.699
-9.686
-9.926
-10.414
-10.915
-11.148
-11.207
-11.278
-11.303
-11.105
-10.699
-10.289
-9.98
-9.708
-9.393
-9.182
-9.245
-9.467
-9.728
-10.082
-10.522
-10.838
-10.865
-10.706
-10.611
-10.529
-10.305
-10.069
-9.953
-9.903
-9.867
-9.903
-10.001
-10.082
-10.187
-10.409
-10.709
-10.858
-10.69
-10.377
-10.089
-9.819
-9.636
-9.613
-9.667
-9.681
-9.665
-9.656
-9.631
-9.604
-9.61
-9.615
-9.644
-9.762
-9.835
-9.745
-9.636
-9.647
-9.695
-9.699
-9.701
-9.765
-9.81
-9.785
-9.79
-9.883
-10.012
-10.184
-10.389
-10.532
-10.543
-10.386
-10.155
-10.021
-9.944
-9.774
-9.574
-9.568
-9.81
-10.153
-10.407
-10.509
-10.57
-10.686
-10.792
-10.77
-10.69
-10.647
-10.625
-10.559
-10.484
-10.484
-10.643
-10.965
-11.312
-11.53
-11.534
-11.437
-11.391
-11.334
-11.094
-10.738
-10.491
-10.441
-10.529
-10.561
-10.511
-10.541
-10.785
-11.133
-11.334
-11.269
-11.076
-10.971
-10.94
-10.827
-10.566
-10.352
-10.327
-10.407
-10.545
-10.709
-10.858
-10.987
-11.046
-10.969
-10.824
-10.704
-10.62
-10.527
-10.384
-10.239
-10.232
-10.402
-10.6
-10.747
-10.901
-11.085
-11.235
-11.262
-11.11
-10.842
-10.62
-10.534
-10.534
-10.488
-10.334
-10.255
-10.375
-10.602
-10.795
-10.924
-10.969
-10.951
-10.886
-10.72
-10.448
-10.25
-10.234
-10.316
-10.414
-10.52
-10.749
-11.112
-11.409
-11.441
-11.246
-10.962
-10.747
-10.579
-10.386
-10.141
-9.98
-10.042
-10.162
-10.139
-10.019
-10.026
-10.264
-10.522
-10.566
-10.466
-10.418
-10.42
-10.395
-10.327
-10.225
-10.194
-10.289
-10.473
-10.665
-10.79
-10.899
-11.028
-11.085
-11.006
-10.829
-10.684
-10.588
-10.509
-10.441
-10.432
-10.488
-10.527
-10.47
-10.366
-10.3
-10.291
-10.284
-10.275
-10.264
-10.266
-10.33
-10.357
-10.293
-10.237
-10.262
-10.389
-10.477
-10.482
-10.479
-10.559
-10.738
-10.917
-10.971
-10.854
-10.718
-10.74
-10.851
-10.915
-10.937
-11.044
-11.198
-11.228
-11.074
-10.81
-10.574
-10.475
-10.482
-10.509
-10.584
-10.718
-10.831
-10.894
-10.926
-10.949
-10.92
-10.869
-10.892
-10.931
-10.874
-10.765
-10.695
-10.65
-10.545
-10.382
-10.239
-10.141
-10.053
-9.948
-9.801
-9.647
-9.556
-9.492
-9.425
-9.384
-9.361
-9.336
-9.327
-9.25
-9.121
-9.003
-8.887
-8.708
-8.447
-8.15
-7.859
-7.716
-7.769
-7.873
-7.923
-7.944
-7.925
-7.821
-7.608
-7.304
-7.011
-6.828
-6.775
-6.78
-6.73
-6.634
-6.548
-6.471
-6.396
-6.362
-6.365
-6.367
-6.337
-6.238
-5.972
-5.67
-5.552
-5.541
-5.537
-5.516
-5.512
-5.557
-5.675
-5.777
-5.843
-5.911
-6.013
-6.129
-6.136
-5.999
-5.829
-5.736
-5.825
-6.106
-6.408
-6.558
-6.544
-6.483
-6.474
-6.535
-6.567
-6.487
-6.362
-6.342
-6.433
-6.603
-6.823
-6.959
-6.959
-6.907
-6.929
-7.027
-7.134
-7.165
-7.127
-7.075
-7.079
-7.17
-7.281
-7.417
-7.642
-7.95
-8.193
-8.331
-8.422
-8.535
-8.676
-8.724
-8.574
-8.452
-8.567
-8.744
-8.771
-8.663
-8.515
-8.395
-8.295
-8.118
-7.821
-7.512
-7.383
-7.474
-7.531
-7.367
-7.056
-6.752
-6.58
-6.56
-6.569
-6.453
-6.249
-6.054
-5.898
-5.782
-5.698
-5.589
-5.464
-5.383
-5.276
-5.065
-4.779
-4.443
-4.046
-3.633
-3.273
-3.014
-2.778
-2.468
-2.18
-2.109
-2.257
-2.363
-2.259
-1.971
-1.656
-1.435
-1.295
-1.132
-0.923
-0.735
-0.651
-0.628
-0.578
-0.429
-0.231
-0.093
-0.02
0.05
0.084
0.036
0.02
0.127
0.326
0.513
0.547
0.397
0.202
0.15
0.224
0.283
0.304
0.379
0.542
0.73
0.857
0.778
0.578
0.481
0.485
0.454
0.292
-0.02
-0.456
-0.773
-0.817
-0.712
-0.572
-0.442
-0.417
-0.519
-0.635
-0.719
-0.778
-0.846
-0.932
-1.107
-1.354
-1.581
-1.785
-1.905
-1.86
-1.685
-1.522
-1.418
-1.413
-1.599
-1.848
-1.95
-1.921
-1.905
-1.985
-2.093
-2.121
-1.975
-1.64
-1.306
-1.177
-1.313
-1.608
-1.941
-2.252
-2.547
-2.808
-2.901
-2.829
-2.697
-2.579
-2.441
-2.338
-2.338
-2.413
-2.581
-2.871
-3.205
-3.473
-3.665
-3.765
-3.713
-3.579
-3.459
-3.343
-3.164
-2.917
-2.669
-2.497
-2.475
-2.624
-2.89
-3.184
-3.486
-3.751
-3.899
-3.897
-3.74
-3.511
-3.318
-3.042
-2.64
-2.386
-2.466
-2.815
-3.228
-3.624
-3.928
-4.035
-3.881
-3.543
-3.146
-2.783
-2.517
-2.386
-2.302
-2.214
-2.193
-2.348
-2.665
-2.946
-3.017
-2.885
-2.613
-2.236
-1.894
-1.722
-1.671
-1.608
-1.519
-1.494
-1.526
-1.572
-1.629
-1.724
-1.855
-1.95
-1.928
-1.73
-1.454
-1.225
-1.118
-1.157
-1.32
-1.567
-1.823
-2.034
-2.207
-2.343
-2.431
-2.393
-2.137
-1.649
-1.068
-0.601
-0.381
-0.422
-0.635
-0.862
-1.066
-1.232
-1.356
-1.492
-1.608
-1.606
-1.427
-1.163
-0.984
-0.946
-0.986
-1.082
-1.236
-1.408
-1.545
-1.585
-1.524
-1.499
-1.574
-1.678
-1.739
-1.722
-1.585
-1.393
-1.327
-1.39
-1.458
-1.504
-1.519
-1.526
-1.558
-1.547
-1.438
-1.349
-1.381
-1.458
-1.479
-1.452
-1.472
-1.626
-1.889
-2.13
-2.23
-2.139
-1.941
-1.737
-1.54
-1.372
-1.302
-1.311
-1.334
-1.402
-1.49
-1.515
-1.449
-1.352
-1.184
-0.937
-0.621
-0.356
-0.238
-0.256
-0.367
-0.471
-0.547
-0.537
-0.46
-0.406
-0.351
-0.22
-0.097
-0.038
0.047
0.202
0.306
0.311
0.279
0.306
0.397
0.535
0.651
0.716
0.83
1.039
1.218
1.293
1.309
1.352
1.427
1.479
1.424
1.268
1.166
1.154
1.191
1.325
1.524
1.649
1.669
1.683
1.758
1.798
1.722
1.578
1.452
1.368
1.34
1.347
1.39
1.445
1.472
1.524
1.649
1.755
1.76
1.726
1.692
1.617
1.463
1.238
1.068
1.018
1.016
1.073
1.3
1.646
1.937
2.066
2.009
1.794
1.465
1.152
0.882
0.587
0.331
0.288
0.553
0.946
1.15
1.132
1.15
1.279
1.306
1.093
0.737
0.376
0.106
-0.036
0.002
0.161
0.329
0.533
0.803
1.073
1.252
1.302
1.243
1.138
1.027
0.921
0.825
0.728
0.651
0.671
0.823
1.093
1.365
1.533
1.59
1.545
1.402
1.195
1.021
0.946
1
1.15
1.363
1.646
1.971
2.264
2.42
2.393
2.23
2.089
2.012
1.889
1.735
1.646
1.705
1.919
2.252
2.583
2.778
2.871
2.978
3.132
3.182
3.044
2.862
2.794
2.844
2.856
2.819
2.869
3.06
3.361
3.577
3.622
3.631
3.715
3.813
3.854
3.854
3.858
3.865
3.883
3.847
3.738
3.695
3.835
4.126
4.366
4.441
4.409
4.364
4.273
4.155
4.105
4.101
4.121
4.164
4.21
4.273
4.464
4.768
4.976
5.044
5.065
5.033
4.908
4.738
4.552
4.445
4.5
4.634
4.715
4.693
4.693
4.809
4.936
4.915
4.765
4.595
4.507
4.453
4.375
4.271
4.176
4.183
4.26
4.316
4.31
4.26
4.234
4.282
4.387
4.434
4.378
4.203
3.942
3.697
3.548
3.52
3.548
3.509
3.414
3.416
3.568
3.717
3.754
3.72
3.627
3.466
3.325
3.266
3.191
3.062
2.928
2.844
2.81
2.797
2.733
2.622
2.597
2.688
2.842
2.994
3.051
2.989
2.949
3.039
3.169
3.128
2.862
2.604
2.534
2.615
2.835
3.203
3.652
4.062
4.291
4.314
4.223
4.099
3.978
3.97
4.015
3.994
3.944
4.008
4.146
4.262
4.285
4.346
4.534
4.688
4.757
4.813
4.879
4.924
4.929
4.902
4.84
4.77
4.754
4.829
5.092
5.457
5.727
5.866
5.895
5.832
5.668
5.476
5.371
5.38
5.491
5.7
5.993
6.381
6.78
7.011
7.022
6.925
6.75
6.451
6.099
5.839
5.763
5.839
5.99
6.206
6.401
6.51
6.623
6.714
6.723
6.721
6.752
6.855
6.972
6.993
6.879
6.757
6.712
6.718
6.693
6.637
6.592
6.666
6.925
7.231
7.379
7.283
7.016
6.662
6.306
6.029
5.888
5.92
6.176
6.553
6.882
7.066
7.068
6.9
6.548
6.12
5.761
5.516
5.457
5.596
5.85
6.124
6.31
6.324
6.219
6.081
5.934
5.818
5.738
5.707
5.693
5.702
5.702
5.653
5.607
5.58
5.566
5.555
5.523
5.46
5.437
5.5
5.562
5.557
5.505
5.348
5.026
4.65
4.403
4.346
4.498
4.806
5.203
5.566
5.825
5.94
5.981
5.986
5.934
5.909
6.033
6.256
6.39
6.344
6.226
6.145
6.115
6.095
6.122
6.247
6.446
6.685
6.98
7.342
7.653
7.837
7.998
8.177
8.377
8.594
8.876
9.264
9.658
9.867
9.858
9.769
9.633
9.404
9.184
9.155
9.37
9.781
10.309
10.917
11.557
12.12
12.437
12.516
12.482
12.36
12.237
12.219
12.28
12.344
12.378
12.387
12.448
12.578
12.666
12.668
12.646
12.637
12.603
12.55
12.528
12.514
12.464
12.394
12.33
12.26
12.14
12.004
11.981
12.228
12.587
12.818
12.881
12.841
12.679
12.376
12.035
11.795
11.623
11.42
11.221
11.167
11.21
11.269
11.328
11.378
11.359
11.219
11.046
10.951
10.863
10.713
10.62
10.62
10.629
10.518
10.311
10.182
10.225
10.359
10.502
10.611
10.608
10.439
10.159
9.876
9.647
9.545
9.558
9.615
9.69
9.858
10.225
10.777
11.23
11.357
11.201
10.974
10.722
10.334
9.846
9.425
9.209
9.193
9.27
9.298
9.229
9.166
9.216
9.361
9.497
9.547
9.543
9.556
9.547
9.425
9.22
8.994
8.781
8.631
8.617
8.783
9.025
9.234
9.318
9.171
8.817
8.438
8.206
8.034
7.805
7.655
7.728
7.912
8.113
8.354
8.576
8.672
8.581
8.34
7.946
7.485
7.145
6.975
6.909
6.85
6.748
6.703
6.786
6.875
6.864
6.877
6.968
7.034
6.938
6.659
6.344
6.156
6.092
6.049
5.995
6.013
6.213
6.548
6.839
6.959
6.97
6.889
6.673
6.367
6.038
5.748
5.596
5.575
5.611
5.653
5.732
5.881
6.117
6.347
6.419
6.356
6.269
6.167
6.018
5.85
5.729
5.707
5.773
5.852
5.92
6.074
6.358
6.542
6.39
6.022
5.721
5.505
5.226
4.865
4.609
4.555
4.704
4.976
5.224
5.383
5.478
5.457
5.237
4.806
4.23
3.727
3.52
3.563
3.686
3.863
4.051
4.09
4.024
3.935
3.767
3.575
3.466
3.35
3.091
2.781
2.706
2.876
3.067
3.216
3.343
3.402
3.447
3.563
3.736
3.833
3.822
3.749
3.681
3.586
3.364
3.101
2.967
2.996
3.078
3.128
3.219
3.357
3.52
3.717
3.915
4.074
4.114
4.026
3.854
3.638
3.461
3.405
3.386
3.296
3.146
3.037
3.046
3.205
3.409
3.543
3.65
3.749
3.717
3.511
3.246
3.046
2.933
2.919
2.942
2.983
3.089
3.232
3.287
3.184
3.008
2.81
2.62
2.436
2.273
2.089
1.95
2.028
2.266
2.427
2.393
2.295
2.255
2.245
2.214
2.141
2.014
1.855
1.722
1.631
1.604
1.587
1.494
1.374
1.288
1.202
1.148
1.166
1.195
1.157
1.027
0.848
0.673
0.517
0.288
-0.034
-0.274
-0.32
-0.227
-0.1
-0.038
-0.016
0
0.022
0.034
0.034
-0.068
-0.236
-0.322
-0.331
-0.302
-0.231
-0.172
-0.147
-0.115
-0.041
0.045
0.056
0.05
0.081
0.093
0.127
0.286
0.496
0.592
0.503
0.361
0.338
0.42
0.463
0.449
0.336
0.136
-0.061
-0.274
-0.549
-0.884
-1.207
-1.404
-1.463
-1.411
-1.222
-0.982
-0.841
-0.762
-0.678
-0.687
-0.952
-1.46
-1.989
-2.468
-2.885
-3.15
-3.28
-3.386
-3.477
-3.479
-3.366
-3.219
-3.259
-3.486
-3.713
-3.903
-4.119
-4.43
-4.795
-5.049
-5.088
-4.945
-4.768
-4.654
-4.647
-4.681
-4.632
-4.532
-4.548
-4.779
-5.122
-5.417
-5.6
-5.736
-5.895
-5.949
-5.818
-5.552
-5.194
-4.856
-4.679
-4.668
-4.782
-4.965
-5.065
-5.074
-5.103
-5.16
-5.16
-5.056
-4.854
-4.652
-4.475
-4.319
-4.21
-4.128
-4.024
-3.938
-3.874
-3.756
-3.554
-3.302
-3.078
-2.912
-2.781
-2.615
-2.422
-2.259
-2.132
-1.978
-1.764
-1.567
-1.565
-1.708
-1.785
-1.73
-1.663
-1.601
-1.424
-1.118
-0.76
-0.499
-0.447
-0.488
-0.44
-0.345
-0.292
-0.365
-0.569
-0.758
-0.855
-0.825
-0.724
-0.633
-0.592
-0.478
-0.118
0.261
0.404
0.317
0.313
0.476
0.547
0.363
0.111
-0.004
-0.025
0.072
0.433
1.036
1.581
1.876
1.998
2.114
2.273
2.502
2.871
3.237
3.502
3.727
4.019
4.371
4.691
4.979
5.296
5.673
6.018
6.197
6.136
6.079
6.267
6.548
6.721
6.784
6.811
6.921
7.122
7.297
7.415
7.569
7.819
8.027
7.998
7.853
7.83
8.041
8.347
8.574
8.683
8.781
8.93
9.055
9.005
8.839
8.712
8.651
8.642
8.619
8.538
8.404
8.327
8.306
8.15
7.896
7.748
7.746
7.787
7.76
7.619
7.442
7.281
7.077
6.857
6.659
6.494
6.39
6.306
6.074
5.746
5.53
5.527
5.575
5.476
5.283
5.19
5.219
5.28
5.353
5.316
5.119
4.806
4.434
4.062
3.788
3.631
3.516
3.384
3.212
2.942
2.645
2.397
2.18
1.912
1.654
1.34
0.975
0.646
0.199
-0.231
-0.481
-0.508
-0.553
-0.728
-0.921
-1.127
-1.261
-1.386
-1.413
-1.34
-1.327
-1.474
-1.726
-1.896
-1.955
-1.975
-2.05
-2.141
-2.291
-2.384
-2.363
-2.348
-2.458
-2.597
-2.561
-2.452
-2.488
-2.672
-2.706
-2.633
-2.62
-2.686
-2.86
-3.184
-3.554
-3.688
-3.665
-3.736
-3.978
-4.167
-4.242
-4.251
-4.162
-4.012
-3.894
-3.947
-4.139
-4.364
-4.5
-4.684
-4.843
-4.768
-4.622
-4.543
-4.521
-4.573
-4.656
-4.602
-4.384
-4.21
-4.271
-4.448
-4.525
-4.459
-4.282
-4.103
-3.944
-3.788
-3.618
-3.548
-3.65
-3.801
-3.84
-3.686
-3.518
-3.459
-3.366
-3.141
-2.837
-2.497
-2.157
-1.957
-1.867
-1.789
-1.755
-1.801
-1.871
-1.865
-1.789
-1.699
-1.631
-1.511
-1.216
-0.805
-0.492
-0.349
-0.308
-0.258
-0.213
-0.263
-0.424
-0.553
-0.451
-0.165
0.097
0.218
0.317
0.583
0.918
1.191
1.315
1.266
1.216
1.343
1.513
1.556
1.601
1.73
1.887
1.896
1.71
1.474
1.39
1.549
1.792
1.885
1.801
1.808
1.966
2.062
1.935
1.685
1.578
1.715
1.806
1.64
1.356
1.12
1.034
1.059
0.977
0.726
0.503
0.46
0.54
0.569
0.505
0.46
0.474
0.519
0.564
0.587
0.623
0.773
0.878
0.721
0.451
0.281
0.188
0.011
-0.311
-0.617
-0.755
-0.685
-0.483
-0.333
-0.243
-0.047
0.281
0.474
0.294
-0.111
-0.404
-0.41
-0.326
-0.365
-0.544
-0.746
-0.732
-0.474
-0.245
-0.233
-0.336
-0.39
-0.454
-0.671
-0.984
-1.184
-1.204
-1.1
-0.941
-0.83
-0.828
-0.882
-0.909
-0.907
-1.002
-1.25
-1.486
-1.629
-1.739
-1.848
-1.814
-1.553
-1.225
-1.116
-1.275
-1.515
-1.642
-1.665
-1.64
-1.69
-1.808
-1.887
-1.896
-1.887
-1.957
-2.123
-2.232
-2.189
-2.116
-2.15
-2.314
-2.5
-2.667
-2.844
-3.021
-3.126
-3.114
-3.026
-2.89
-2.77
-2.679
-2.59
-2.522
-2.583
-2.844
-3.198
-3.513
-3.774
-4.065
-4.344
-4.437
-4.31
-4.119
-4.012
-4.026
-4.076
-4.171
-4.298
-4.389
-4.407
-4.396
-4.425
-4.496
-4.573
-4.713
-4.875
-4.979
-5.006
-4.967
-4.872
-4.74
-4.588
-4.47
-4.33
-4.121
-3.911
-3.815
-3.854
-3.976
-4.103
-4.146
-4.108
-4.049
-3.944
-3.756
-3.554
-3.425
-3.427
-3.481
-3.5
-3.5
-3.498
-3.468
-3.468
-3.516
-3.554
-3.55
-3.493
-3.416
-3.327
-3.187
-3.062
-3.01
-2.996
-3.037
-3.178
-3.425
-3.67
-3.754
-3.697
-3.568
-3.371
-3.067
-2.74
-2.529
-2.463
-2.493
-2.704
-3.162
-3.704
-4.062
-4.173
-4.155
-4.099
-3.976
-3.688
-3.329
-3.15
-3.248
-3.491
-3.797
-4.108
-4.31
-4.396
-4.502
-4.609
-4.559
-4.319
-4.053
-3.906
-3.838
-3.747
-3.631
-3.636
-3.788
-3.938
-4.08
-4.339
-4.695
-4.967
-5.029
-4.915
-4.7
-4.453
-4.187
-3.94
-3.713
-3.559
-3.627
-3.972
-4.441
-4.727
-4.745
-4.673
-4.645
-4.561
-4.312
-3.999
-3.833
-3.824
-3.82
-3.797
-3.829
-3.899
-3.981
-4.049
-4.074
-3.992
-3.865
-3.826
-3.881
-3.917
-3.829
-3.633
-3.554
-3.584
-3.525
-3.418
-3.466
-3.697
-3.888
-3.978
-3.997
-3.983
-3.922
-3.804
-3.675
-3.536
-3.45
-3.5
-3.647
-3.876
-4.185
-4.512
-4.793
-5.051
-5.194
-5.063
-4.759
-4.55
-4.491
-4.45
-4.378
-4.387
-4.575
-4.802
-4.931
-5.06
-5.292
-5.566
-5.793
-5.934
-5.968
-5.895
-5.77
-5.668
-5.514
-5.301
-5.221
-5.41
-5.716
-5.972
-6.126
-6.224
-6.285
-6.242
-6.092
-5.895
-5.7
-5.555
-5.512
-5.614
-5.816
-6.031
-6.267
-6.558
-6.814
-6.8
-6.467
-5.997
-5.636
-5.476
-5.412
-5.389
-5.439
-5.552
-5.687
-5.818
-5.993
-6.133
-6.179
-6.133
-6.129
-6.217
-6.254
-6.099
-5.856
-5.725
-5.784
-5.925
-5.904
-5.709
-5.491
-5.403
-5.507
-5.759
-5.909
-5.752
-5.442
-5.237
-5.21
-5.242
-5.212
-5.122
-5.126
-5.217
-5.246
-5.167
-5.051
-4.965
-4.875
-4.779
-4.765
-4.845
-4.931
-4.945
-4.854
-4.768
-4.784
-4.797
-4.695
-4.55
-4.514
-4.647
-4.872
-4.94
-4.747
-4.45
-4.278
-4.23
-4.162
-3.981
-3.722
-3.565
-3.643
-3.924
-4.205
-4.346
-4.398
-4.411
-4.416
-4.448
-4.441
-4.371
-4.28
-4.185
-4.071
-3.938
-3.833
-3.772
-3.82
-4.031
-4.375
-4.754
-4.951
-4.763
-4.257
-3.738
-3.411
-3.234
-3.087
-2.953
-2.883
-2.905
-3.103
-3.436
-3.74
-3.951
-4.099
-4.149
-4.044
-3.729
-3.28
-2.903
-2.733
-2.715
-2.804
-3.098
-3.5
-3.795
-3.97
-4.094
-4.242
-4.439
-4.561
-4.496
-4.262
-4.058
-4.01
-4.083
-4.158
-4.201
-4.328
-4.677
-5.131
-5.396
-5.333
-5.14
-5.047
-5.088
-5.14
-5.008
-4.659
-4.387
-4.405
-4.641
-4.965
-5.31
-5.584
-5.77
-5.841
-5.687
-5.355
-5.033
-4.838
-4.702
-4.541
-4.439
-4.475
-4.622
-4.82
-4.988
-5.158
-5.373
-5.514
-5.419
-5.106
-4.661
-4.201
-3.883
-3.7
-3.498
-3.296
-3.178
-3.162
-3.237
-3.318
-3.273
-3.157
-3.094
-3.073
-2.973
-2.694
-2.284
-1.905
-1.688
-1.642
-1.681
-1.683
-1.64
-1.635
-1.685
-1.749
-1.705
-1.413
-0.946
-0.56
-0.331
-0.168
-0.075
-0.054
-0.034
0.013
0.059
0.088
0.172
0.41
0.755
1.023
1.127
1.141
1.173
1.245
1.243
1.195
1.173
1.236
1.384
1.572
1.724
1.808
1.828
1.842
1.892
1.953
1.946
1.867
1.787
1.733
1.681
1.64
1.73
1.975
2.277
2.586
2.899
3.212
3.523
3.736
3.763
3.631
3.427
3.189
3.014
2.98
3.11
3.361
3.704
4.076
4.352
4.466
4.548
4.639
4.645
4.629
4.706
4.777
4.777
4.861
5.113
5.455
5.807
6.131
6.444
6.714
6.932
7.047
6.95
6.705
6.526
6.465
6.499
6.666
7.029
7.556
8.184
8.783
9.2
9.343
9.191
8.849
8.492
8.191
7.952
7.826
7.837
8.025
8.374
8.812
9.216
9.534
9.692
9.686
9.563
9.334
9.043
8.751
8.427
8.132
8.016
8.129
8.365
8.687
9.093
9.529
9.865
9.964
9.865
9.572
9.016
8.329
7.789
7.438
7.238
7.292
7.646
8.186
8.742
9.13
9.202
8.984
8.628
8.202
7.635
6.98
6.501
6.371
6.535
6.85
7.202
7.587
8.027
8.39
8.465
8.204
7.76
7.326
6.993
6.732
6.505
6.367
6.398
6.637
7.05
7.469
7.721
7.859
7.95
7.939
7.723
7.292
6.836
6.587
6.592
6.741
6.997
7.39
7.891
8.399
8.803
9.055
9.148
9.046
8.832
8.592
8.397
8.32
8.354
8.463
8.685
9.053
9.431
9.724
9.948
10.141
10.275
10.284
10.189
10.08
10.001
9.867
9.708
9.602
9.551
9.526
9.581
9.792
10.123
10.461
10.726
10.931
11.078
11.055
10.79
10.382
10.012
9.758
9.644
9.661
9.84
10.123
10.409
10.613
10.672
10.568
10.402
10.259
10.159
10.114
10.1
10.169
10.382
10.638
10.751
10.704
10.67
10.726
10.81
10.861
10.94
11.137
11.443
11.736
11.77
11.464
11.074
10.806
10.584
10.325
10.166
10.259
10.654
11.278
11.884
12.237
12.303
12.147
11.845
11.389
10.854
10.405
10.116
10.064
10.28
10.692
11.158
11.566
11.938
12.135
12.051
11.722
11.28
10.804
10.287
9.79
9.447
9.325
9.416
9.728
10.305
11.028
11.656
12.006
11.994
11.679
11.155
10.452
9.69
9.093
8.851
9.032
9.54
10.182
10.804
11.389
11.865
12.015
11.711
11.067
10.273
9.554
9.041
8.862
9.014
9.433
10.026
10.663
11.194
11.437
11.303
10.903
10.47
10.039
9.57
9.127
8.88
8.844
8.93
9.155
9.54
9.973
10.343
10.629
10.802
10.847
10.722
10.391
9.93
9.481
9.087
8.79
8.694
8.815
9.098
9.538
10.128
10.745
11.119
11.128
10.844
10.348
9.636
8.812
8.102
7.682
7.605
7.866
8.345
8.864
9.25
9.497
9.574
9.418
8.984
8.438
7.941
7.515
7.197
7.002
6.902
6.914
7.056
7.22
7.231
7.129
7.027
6.923
6.744
6.544
6.331
6.002
5.575
5.206
4.954
4.856
4.87
4.951
5.115
5.283
5.355
5.308
5.088
4.647
4.092
3.631
3.422
3.359
3.418
3.654
4.069
4.507
4.847
4.988
4.897
4.702
4.489
4.114
3.565
3.157
3.101
3.259
3.422
3.559
3.647
3.631
3.5
3.332
3.126
2.869
2.665
2.667
2.853
3.078
3.271
3.359
3.3
3.284
3.384
3.405
3.264
3.094
3.008
2.983
2.878
2.683
2.47
2.275
2.182
2.255
2.393
2.429
2.418
2.386
2.314
2.239
2.211
2.139
1.996
1.946
2.055
2.118
2.037
1.923
1.826
1.631
1.284
0.857
0.399
-0.025
-0.211
0.007
0.499
0.935
1.177
1.284
1.272
1.104
0.773
0.265
-0.326
-0.819
-1.191
-1.486
-1.631
-1.583
-1.386
-1.104
-0.844
-0.751
-0.837
-1.03
-1.322
-1.722
-2.161
-2.536
-2.794
-2.919
-2.908
-2.792
-2.608
-2.445
-2.343
-2.334
-2.468
-2.804
-3.284
-3.799
-4.239
-4.518
-4.609
-4.582
-4.491
-4.321
-4.051
-3.734
-3.513
-3.486
-3.692
-4.021
-4.325
-4.647
-5.069
-5.491
-5.777
-5.82
-5.596
-5.253
-4.911
-4.632
-4.507
-4.543
-4.681
-4.906
-5.235
-5.625
-5.938
-6.092
-6.083
-6.036
-6.033
-6.029
-5.949
-5.895
-5.972
-6.206
-6.514
-6.8
-6.984
-7.002
-6.925
-6.87
-6.825
-6.659
-6.398
-6.136
-5.94
-5.9
-6.033
-6.312
-6.664
-6.952
-7.14
-7.338
-7.573
-7.716
-7.689
-7.535
-7.365
-7.147
-6.907
-6.696
-6.503
-6.471
-6.741
-7.224
-7.674
-7.946
-8.009
-7.941
-7.857
-7.875
-7.98
-8.157
-8.415
-8.676
-8.849
-8.919
-8.923
-8.925
-9.016
-9.189
-9.302
-9.336
-9.293
-9.146
-8.944
-8.826
-8.889
-9.075
-9.309
-9.581
-9.883
-10.144
-10.3
-10.364
-10.391
-10.4
-10.336
-10.205
-10.064
-9.894
-9.735
-9.701
-9.883
-10.262
-10.631
-10.722
-10.595
-10.407
-10.119
-9.724
-9.406
-9.286
-9.379
-9.602
-9.88
-10.166
-10.377
-10.498
-10.611
-10.74
-10.819
-10.713
-10.352
-9.865
-9.42
-9.087
-8.978
-9.161
-9.617
-10.248
-10.831
-11.164
-11.266
-11.23
-11.083
-10.84
-10.486
-10.028
-9.545
-9.191
-9.055
-9.098
-9.284
-9.644
-10.076
-10.416
-10.622
-10.681
-10.498
-10.098
-9.663
-9.413
-9.343
-9.343
-9.402
-9.486
-9.595
-9.794
-10.091
-10.377
-10.532
-10.486
-10.293
-10.019
-9.715
-9.461
-9.275
-9.143
-9.125
-9.284
-9.597
-10.003
-10.361
-10.513
-10.427
-10.218
-10.003
-9.692
-9.257
-8.908
-8.771
-8.846
-9.082
-9.384
-9.708
-10.051
-10.395
-10.688
-10.815
-10.663
-10.282
-9.865
-9.579
-9.52
-9.636
-9.801
-9.987
-10.207
-10.434
-10.659
-10.806
-10.81
-10.702
-10.591
-10.498
-10.348
-10.191
-10.166
-10.33
-10.584
-10.822
-11.021
-11.226
-11.441
-11.623
-11.688
-11.661
-11.57
-11.414
-11.185
-10.985
-10.901
-10.974
-11.207
-11.484
-11.702
-11.872
-11.929
-11.845
-11.808
-11.886
-11.913
-11.852
-11.777
-11.711
-11.648
-11.577
-11.493
-11.5
-11.58
-11.589
-11.514
-11.464
-11.475
-11.498
-11.559
-11.673
-11.711
-11.631
-11.505
-11.328
-11.08
-10.883
-10.872
-10.967
-11.006
-10.908
-10.79
-10.777
-10.726
-10.574
-10.405
-10.255
-10.121
-10.032
-10.019
-9.973
-9.846
-9.731
-9.678
-9.669
-9.644
-9.57
-9.479
-9.386
-9.277
-9.155
-8.989
-8.746
-8.463
-8.25
-8.22
-8.365
-8.572
-8.762
-8.989
-9.347
-9.779
-10.082
-10.123
-9.958
-9.644
-9.266
-8.898
-8.608
-8.483
-8.606
-8.953
-9.386
-9.838
-10.268
-10.638
-10.897
-11.008
-10.994
-10.908
-10.779
-10.62
-10.468
-10.311
-10.153
-10.066
-10.187
-10.541
-11.01
-11.412
-11.7
-11.867
-11.897
-11.804
-11.577
-11.232
-10.942
-10.84
-10.899
-11.089
-11.369
-11.69
-12.051
-12.441
-12.713
-12.748
-12.532
-12.187
-11.783
-11.4
-11.051
-10.781
-10.738
-10.92
-11.148
-11.3
-11.443
-11.668
-11.901
-12.042
-12.072
-11.911
-11.545
-11.153
-10.817
-10.493
-10.173
-9.939
-9.883
-10.042
-10.316
-10.532
-10.629
-10.625
-10.459
-10.094
-9.602
-9.064
-8.583
-8.297
-8.286
-8.495
-8.828
-9.205
-9.515
-9.633
-9.522
-9.227
-8.81
-8.313
-7.721
-7.12
-6.668
-6.408
-6.326
-6.41
-6.657
-6.959
-7.202
-7.404
-7.567
-7.619
-7.542
-7.29
-6.884
-6.39
-5.854
-5.348
-5.022
-4.995
-5.185
-5.407
-5.605
-5.795
-5.934
-5.979
-5.9
-5.659
-5.373
-5.16
-5.042
-4.995
-5.126
-5.432
-5.707
-5.884
-6.061
-6.208
-6.215
-6.056
-5.82
-5.65
-5.541
-5.439
-5.378
-5.412
-5.544
-5.77
-6.099
-6.449
-6.685
-6.834
-7.072
-7.324
-7.376
-7.213
-6.986
-6.744
-6.585
-6.612
-6.796
-7.047
-7.349
-7.662
-7.959
-8.17
-8.17
-8.054
-8.027
-8.093
-8.166
-8.195
-8.229
-8.334
-8.488
-8.699
-8.916
-9.093
-9.236
-9.338
-9.273
-9.046
-8.842
-8.749
-8.665
-8.508
-8.322
-8.206
-8.195
-8.293
-8.467
-8.678
-8.787
-8.76
-8.674
-8.533
-8.268
-7.866
-7.429
-7.043
-6.721
-6.444
-6.183
-5.984
-5.895
-5.902
-5.898
-5.743
-5.426
-5.094
-4.806
-4.552
-4.312
-4.126
-3.976
-3.817
-3.641
-3.486
-3.393
-3.309
-3.13
-2.819
-2.386
-1.921
-1.526
-1.236
-0.986
-0.741
-0.522
-0.485
-0.619
-0.687
-0.542
-0.32
-0.152
0.004
0.193
0.383
0.585
0.814
1.027
1.127
1.127
1.089
1.025
0.905
0.789
0.817
1.036
1.352
1.665
1.921
2.066
2.025
1.794
1.415
0.912
0.381
-0.068
-0.333
-0.365
-0.222
0.004
0.186
0.288
0.297
0.202
0.007
-0.294
-0.692
-1.179
-1.669
-2.023
-2.18
-2.125
-1.928
-1.735
-1.701
-1.878
-2.164
-2.404
-2.542
-2.658
-2.829
-3.053
-3.293
-3.479
-3.62
-3.745
-3.77
-3.584
-3.191
-2.794
-2.642
-2.837
-3.291
-3.772
-4.067
-4.18
-4.226
-4.21
-4.169
-4.065
-3.826
-3.516
-3.271
-3.166
-3.141
-3.241
-3.557
-3.983
-4.282
-4.389
-4.301
-3.992
-3.557
-3.23
-3.119
-3.098
-3.001
-2.833
-2.728
-2.81
-3.082
-3.411
-3.675
-3.788
-3.72
-3.479
-3.144
-2.835
-2.656
-2.629
-2.688
-2.749
-2.787
-2.817
-2.835
-2.824
-2.79
-2.742
-2.64
-2.431
-2.196
-2.007
-1.916
-1.989
-2.234
-2.452
-2.441
-2.298
-2.239
-2.291
-2.372
-2.431
-2.397
-2.175
-1.819
-1.563
-1.472
-1.472
-1.538
-1.669
-1.855
-1.996
-2.087
-2.132
-2.109
-1.98
-1.76
-1.551
-1.379
-1.261
-1.288
-1.492
-1.753
-1.962
-2.066
-2.003
-1.728
-1.352
-1.12
-1.095
-1.123
-1.109
-1.1
-1.107
-1.138
-1.241
-1.445
-1.592
-1.472
-1.209
-1.05
-0.975
-0.907
-0.876
-0.868
-0.846
-0.841
-0.855
-0.864
-0.857
-0.882
-1.032
-1.193
-1.191
-1.03
-0.812
-0.651
-0.685
-0.891
-1.152
-1.372
-1.481
-1.511
-1.533
-1.549
-1.515
-1.418
-1.245
-1.048
-0.817
-0.628
-0.696
-1.036
-1.483
-1.869
-2.103
-2.171
-2.205
-2.232
-2.202
-2.039
-1.742
-1.384
-1.064
-0.873
-0.857
-0.989
-1.2
-1.483
-1.812
-2.037
-2.08
-1.973
-1.778
-1.542
-1.266
-1.027
-0.862
-0.762
-0.798
-1.061
-1.413
-1.726
-1.948
-2.019
-1.901
-1.676
-1.431
-1.127
-0.735
-0.361
-0.14
-0.1
-0.233
-0.535
-0.918
-1.238
-1.368
-1.238
-0.909
-0.492
-0.066
0.249
0.454
0.662
0.853
0.905
0.798
0.562
0.22
-0.145
-0.415
-0.496
-0.317
0.115
0.651
1.095
1.293
1.317
1.266
1.152
0.984
0.817
0.678
0.535
0.429
0.492
0.682
0.887
1.109
1.452
1.905
2.316
2.481
2.336
2.005
1.622
1.27
1.025
0.937
0.927
0.982
1.168
1.515
1.889
2.123
2.152
2.003
1.73
1.368
1.011
0.778
0.621
0.524
0.555
0.794
1.179
1.531
1.663
1.576
1.443
1.395
1.395
1.359
1.236
1.145
1.225
1.44
1.617
1.722
1.778
1.792
1.665
1.404
1.177
0.98
0.771
0.594
0.528
0.567
0.689
0.882
1.068
1.154
1.2
1.232
1.173
1.066
0.993
0.927
0.896
1.009
1.263
1.56
1.803
2.068
2.424
2.747
2.874
2.704
2.298
1.93
1.806
1.889
2.116
2.466
2.846
3.146
3.291
3.268
3.096
2.829
2.534
2.273
2.173
2.209
2.177
2.073
2.173
2.57
3.112
3.52
3.683
3.624
3.386
3.078
2.826
2.679
2.631
2.667
2.738
2.842
3.017
3.239
3.527
3.913
4.228
4.21
3.894
3.473
3.035
2.658
2.413
2.284
2.284
2.429
2.669
2.962
3.309
3.704
4.028
4.065
3.738
3.184
2.563
2.075
1.844
1.869
2.118
2.549
3.069
3.559
3.976
4.26
4.391
4.319
4.049
3.697
3.384
3.141
2.962
2.88
3.019
3.398
3.844
4.171
4.337
4.468
4.602
4.622
4.373
3.903
3.402
2.987
2.679
2.549
2.706
3.126
3.688
4.341
4.999
5.476
5.662
5.6
5.38
5.038
4.634
4.273
4.09
4.094
4.205
4.425
4.793
5.265
5.714
6.004
6.049
5.909
5.707
5.476
5.208
4.888
4.58
4.384
4.323
4.344
4.434
4.595
4.811
5.006
5.106
5.124
5.065
4.924
4.679
4.389
4.135
3.951
3.865
3.89
4.015
4.221
4.421
4.525
4.561
4.571
4.487
4.332
4.223
4.205
4.248
4.319
4.378
4.362
4.273
4.164
3.999
3.759
3.529
3.481
3.591
3.706
3.767
3.813
3.894
3.983
3.976
3.933
3.958
3.944
3.779
3.554
3.409
3.388
3.55
3.894
4.28
4.577
4.786
4.985
5.124
5.02
4.747
4.568
4.507
4.477
4.448
4.473
4.523
4.58
4.686
4.852
4.976
4.997
4.985
5.006
4.951
4.782
4.709
4.861
5.069
5.269
5.532
5.864
6.183
6.457
6.617
6.573
6.36
6.208
6.265
6.39
6.43
6.451
6.617
6.916
7.213
7.417
7.515
7.531
7.472
7.354
7.147
6.741
6.206
5.825
5.786
5.949
6.254
6.671
7.097
7.476
7.712
7.728
7.444
6.882
6.238
5.773
5.505
5.344
5.364
5.614
5.936
6.258
6.6
6.868
6.929
6.737
6.374
5.954
5.505
5.133
4.974
4.961
4.988
5.126
5.426
5.777
6.029
6.129
6.192
6.274
6.269
6.061
5.682
5.28
5.015
5.013
5.344
5.877
6.39
6.811
7.197
7.413
7.324
6.982
6.548
6.179
5.94
5.832
5.834
5.963
6.247
6.693
7.152
7.467
7.699
7.941
8.102
8.045
7.787
7.474
7.299
7.32
7.447
7.682
8.068
8.554
9.066
9.513
9.846
10.051
10.146
10.189
10.212
10.153
10.017
9.865
9.742
9.737
9.903
10.198
10.545
10.926
11.369
11.804
12.065
12.074
11.943
11.777
11.616
11.496
11.425
11.298
11.198
11.26
11.462
11.74
12.013
12.244
12.46
12.686
12.818
12.802
12.709
12.55
12.348
12.169
12.017
11.96
12.042
12.228
12.398
12.471
12.512
12.593
12.63
12.443
12.099
11.827
11.698
11.666
11.745
11.913
12.061
12.131
12.181
12.185
12.117
11.967
11.802
11.648
11.548
11.509
11.446
11.321
11.276
11.337
11.405
11.487
11.639
11.863
12.058
12.144
12.076
11.904
11.652
11.316
10.894
10.459
10.171
10.148
10.311
10.554
10.835
11.151
11.452
11.595
11.521
11.266
10.894
10.493
10.132
9.844
9.59
9.409
9.427
9.588
9.737
9.86
9.96
10.03
10.096
10.18
10.178
9.967
9.551
9.089
8.697
8.345
8.023
7.891
8.007
8.204
8.383
8.599
8.817
8.853
8.658
8.352
8
7.583
7.195
7.011
7.1
7.363
7.649
7.889
8.116
8.286
8.297
8.141
7.859
7.447
6.948
6.494
6.156
5.852
5.609
5.578
5.757
6.013
6.256
6.433
6.533
6.569
6.514
6.367
6.056
5.575
5.128
4.899
4.875
4.99
5.196
5.541
6.016
6.48
6.727
6.644
6.351
6.086
5.877
5.648
5.38
5.106
5.054
5.337
5.714
5.979
6.201
6.485
6.771
6.9
6.78
6.478
6.199
6.099
6.115
6.018
5.822
5.773
5.929
6.151
6.249
6.238
6.292
6.376
6.369
6.306
6.215
6.072
5.959
6.004
6.111
6.052
5.911
5.898
6.016
6.111
6.108
6.081
6.04
5.936
5.752
5.564
5.417
5.342
5.244
5.09
4.983
4.965
5.001
5.047
5.088
5.113
5.128
5.11
5.069
5.008
4.838
4.546
4.271
4.046
3.81
3.597
3.481
3.52
3.677
3.774
3.713
3.559
3.395
3.191
2.962
2.731
2.549
2.475
2.549
2.747
2.901
2.896
2.767
2.674
2.568
2.304
1.98
1.796
1.785
1.771
1.667
1.597
1.701
1.894
1.973
1.996
2.009
1.998
1.935
1.828
1.649
1.413
1.17
1.041
1.048
1.152
1.293
1.411
1.59
1.844
2.016
2.053
2.048
2.025
1.851
1.526
1.256
1.213
1.293
1.376
1.54
1.776
1.987
2.107
2.175
2.171
2.098
1.975
1.794
1.583
1.381
1.2
1.17
1.331
1.492
1.587
1.749
2.012
2.189
2.123
1.871
1.583
1.374
1.225
1.079
1.059
1.247
1.56
1.855
2.053
2.177
2.348
2.545
2.656
2.559
2.298
2.055
2.032
2.155
2.164
2.093
2.127
2.259
2.243
1.932
1.538
1.415
1.524
1.595
1.524
1.483
1.599
1.785
1.907
1.88
1.739
1.578
1.477
1.404
1.125
0.646
0.313
0.302
0.345
0.154
-0.227
-0.517
-0.56
-0.522
-0.594
-0.732
-0.85
-0.93
-1.116
-1.47
-1.926
-2.384
-2.812
-3.216
-3.575
-3.885
-4.167
-4.348
-4.378
-4.373
-4.473
-4.664
-4.777
-4.759
-4.774
-4.915
-5.022
-5.038
-5.076
-5.228
-5.498
-5.82
-6.122
-6.419
-6.682
-6.782
-6.746
-6.676
-6.537
-6.226
-5.886
-5.743
-5.748
-5.761
-5.822
-6.088
-6.469
-6.666
-6.6
-6.426
-6.235
-5.993
-5.727
-5.539
-5.442
-5.335
-5.196
-4.967
-4.652
-4.477
-4.588
-4.809
-4.908
-4.858
-4.736
-4.593
-4.335
-3.772
-2.946
-2.143
-1.646
-1.558
-1.749
-1.996
-2.282
-2.738
-3.327
-3.672
-3.498
-3.014
-2.363
-1.508
-0.467
0.39
0.712
0.476
-0.041
-0.483
-0.859
-1.256
-1.597
-1.576
-1.007
-0.154
0.587
1.095
1.433
1.665
1.764
1.631
1.32
1.03
0.884
0.796
0.524
0.14
0.043
0.438
0.971
1.315
1.542
1.851
2.27
2.509
2.243
1.513
0.748
0.261
0.14
0.254
0.56
1.279
2.42
3.518
4.078
4.142
3.928
3.536
3.005
2.452
2.089
2.196
2.849
3.788
4.804
5.636
6.047
6.099
5.92
5.51
4.997
4.709
4.725
4.956
5.278
5.68
6.14
6.553
6.777
6.771
6.626
6.451
6.331
6.204
6.145
6.267
6.585
6.961
7.168
7.181
7.172
7.336
7.699
8.157
8.554
8.787
8.864
8.714
8.279
7.68
7.168
6.98
7.122
7.408
7.605
7.726
7.998
8.345
8.32
7.798
7.095
6.485
5.997
5.653
5.423
5.285
5.292
5.439
5.603
5.609
5.326
4.849
4.362
4.017
3.888
3.965
4.192
4.521
4.845
5.038
5.088
4.999
4.731
4.232
3.665
3.268
3.126
3.091
2.98
2.801
2.647
2.54
2.354
2.03
1.667
1.354
1.109
0.857
0.599
0.381
0.15
-0.163
-0.51
-0.846
-1.243
-1.624
-1.71
-1.458
-1.086
-0.81
-0.655
-0.606
-0.8
-1.322
-1.887
-2.225
-2.368
-2.488
-2.629
-2.692
-2.59
-2.345
-2.209
-2.295
-2.556
-2.939
-3.329
-3.559
-3.582
-3.518
-3.427
-3.325
-3.259
-3.422
-3.883
-4.421
-4.74
-4.813
-4.736
-4.518
-4.328
-4.276
-4.293
-4.312
-4.344
-4.416
-4.534
-4.718
-4.883
-4.945
-4.945
-4.934
-4.947
-5.017
-5.167
-5.369
-5.571
-5.675
-5.689
-5.677
-5.586
-5.31
-4.972
-4.822
-4.911
-5.049
-5.065
-5.035
-5.044
-5.067
-4.931
-4.611
-4.219
-3.86
-3.627
-3.495
-3.4
-3.373
-3.411
-3.405
-3.284
-3.028
-2.679
-2.416
-2.307
-2.205
-1.989
-1.812
-1.783
-1.869
-1.989
-2.055
-2.028
-1.912
-1.694
-1.433
-1.218
-1.039
-0.887
-0.773
-0.637
-0.442
-0.229
-0.041
0.179
0.392
0.433
0.181
-0.204
-0.444
-0.431
-0.283
-0.106
0.165
0.592
1.136
1.637
1.898
1.83
1.499
1.084
0.751
0.567
0.46
0.404
0.49
0.791
1.213
1.517
1.599
1.61
1.574
1.343
0.948
0.606
0.34
0.104
-0.002
0.12
0.367
0.633
0.857
1.059
1.186
1.143
0.927
0.596
0.209
-0.165
-0.49
-0.655
-0.606
-0.463
-0.333
-0.202
-0.084
-0.106
-0.263
-0.435
-0.558
-0.692
-0.871
-0.991
-1.014
-0.932
-0.78
-0.603
-0.449
-0.292
-0.172
-0.12
-0.17
-0.304
-0.456
-0.585
-0.667
-0.653
-0.653
-0.78
-0.905
-0.855
-0.592
-0.292
-0.195
-0.317
-0.451
-0.465
-0.463
-0.544
-0.771
-1.055
-1.193
-1.127
-0.991
-0.909
-0.912
-0.927
-0.871
-0.764
-0.848
-1.109
-1.252
-1.129
-0.939
-0.907
-0.996
-1.111
-1.243
-1.386
-1.567
-1.792
-1.953
-1.921
-1.735
-1.572
-1.563
-1.622
-1.676
-1.764
-1.898
-2.084
-2.316
-2.483
-2.511
-2.483
-2.416
-2.275
-2.034
-1.794
-1.771
-1.98
-2.207
-2.354
-2.511
-2.765
-3.064
-3.298
-3.391
-3.339
-3.255
-3.219
-3.196
-3.164
-3.164
-3.239
-3.391
-3.568
-3.788
-4.096
-4.398
-4.65
-4.854
-4.929
-4.802
-4.552
-4.301
-4.137
-4.074
-4.137
-4.398
-4.822
-5.208
-5.426
-5.537
-5.657
-5.759
-5.693
-5.453
-5.14
-4.843
-4.643
-4.512
-4.319
-4.173
-4.28
-4.584
-4.867
-5.015
-5.04
-4.954
-4.799
-4.611
-4.378
-4.108
-3.897
-3.774
-3.715
-3.709
-3.717
-3.709
-3.74
-3.908
-4.092
-4.121
-4.024
-3.867
-3.683
-3.439
-3.153
-2.973
-2.996
-3.105
-3.175
-3.282
-3.484
-3.636
-3.645
-3.584
-3.466
-3.23
-2.917
-2.66
-2.488
-2.386
-2.416
-2.574
-2.819
-3.085
-3.237
-3.264
-3.212
-3.101
-2.896
-2.615
-2.402
-2.352
-2.413
-2.481
-2.522
-2.597
-2.731
-2.908
-3.123
-3.357
-3.543
-3.579
-3.489
-3.405
-3.35
-3.264
-3.121
-3.003
-2.971
-3.098
-3.35
-3.572
-3.729
-3.949
-4.18
-4.307
-4.303
-4.221
-4.099
-3.96
-3.826
-3.749
-3.72
-3.763
-3.97
-4.301
-4.616
-4.856
-5.04
-5.181
-5.172
-4.924
-4.563
-4.307
-4.214
-4.244
-4.373
-4.573
-4.777
-4.956
-5.065
-4.999
-4.759
-4.502
-4.38
-4.36
-4.35
-4.337
-4.477
-4.729
-4.883
-4.879
-4.809
-4.688
-4.543
-4.421
-4.38
-4.432
-4.523
-4.668
-4.799
-4.795
-4.713
-4.709
-4.754
-4.763
-4.695
-4.627
-4.656
-4.759
-4.799
-4.681
-4.416
-4.189
-4.18
-4.319
-4.387
-4.35
-4.355
-4.548
-4.818
-4.895
-4.711
-4.418
-4.212
-4.198
-4.339
-4.559
-4.797
-4.979
-5.033
-4.911
-4.636
-4.31
-4.074
-4.003
-4.008
-4.003
-4.083
-4.312
-4.661
-4.961
-5.031
-4.867
-4.58
-4.291
-4.071
-3.944
-3.899
-3.951
-4.155
-4.586
-5.083
-5.371
-5.396
-5.31
-5.249
-5.265
-5.326
-5.344
-5.285
-5.147
-4.972
-4.847
-4.838
-4.956
-5.14
-5.346
-5.582
-5.768
-5.761
-5.559
-5.292
-5.04
-4.838
-4.759
-4.809
-4.902
-5.015
-5.206
-5.455
-5.632
-5.736
-5.827
-5.879
-5.784
-5.53
-5.219
-4.979
-4.818
-4.706
-4.647
-4.711
-4.917
-5.217
-5.46
-5.498
-5.38
-5.265
-5.192
-5.117
-4.922
-4.58
-4.26
-4.187
-4.387
-4.652
-4.802
-4.816
-4.845
-4.965
-5.008
-4.852
-4.58
-4.407
-4.47
-4.715
-4.902
-4.931
-4.845
-4.713
-4.622
-4.62
-4.706
-4.768
-4.666
-4.407
-4.167
-4.149
-4.305
-4.411
-4.366
-4.321
-4.391
-4.416
-4.307
-4.158
-4.049
-3.999
-4.067
-4.21
-4.178
-3.747
-3.139
-2.781
-2.728
-2.758
-2.797
-2.949
-3.191
-3.475
-3.742
-3.867
-3.795
-3.548
-3.278
-3.078
-2.96
-2.915
-2.955
-3.048
-3.171
-3.323
-3.457
-3.498
-3.495
-3.559
-3.686
-3.799
-3.838
-3.761
-3.641
-3.529
-3.432
-3.382
-3.391
-3.475
-3.638
-3.84
-4.051
-4.205
-4.212
-4.078
-3.863
-3.677
-3.588
-3.641
-3.786
-3.981
-4.214
-4.403
-4.5
-4.534
-4.502
-4.409
-4.219
-3.913
-3.513
-3.18
-3.064
-3.191
-3.441
-3.683
-3.89
-4.083
-4.187
-4.112
-3.863
-3.548
-3.368
-3.388
-3.489
-3.489
-3.314
-3.032
-2.787
-2.627
-2.542
-2.57
-2.647
-2.663
-2.633
-2.642
-2.66
-2.635
-2.524
-2.311
-2.044
-1.826
-1.637
-1.418
-1.22
-1.064
-0.932
-0.805
-0.651
-0.388
-0.036
0.254
0.367
0.294
0.097
-0.066
-0.07
0.063
0.279
0.572
0.941
1.384
1.855
2.259
2.597
2.833
2.878
2.801
2.778
2.865
2.926
2.924
3.019
3.291
3.597
3.797
3.856
3.831
3.84
3.924
4.101
4.262
4.276
4.194
4.185
4.273
4.394
4.466
4.487
4.493
4.539
4.673
4.813
4.877
4.97
5.124
5.221
5.237
5.276
5.369
5.469
5.603
5.775
5.952
6.072
6.088
5.972
5.807
5.707
5.761
5.957
6.095
6.095
6.115
6.276
6.469
6.56
6.585
6.644
6.775
6.952
7.125
7.279
7.48
7.75
7.946
7.941
7.798
7.623
7.447
7.299
7.199
7.066
7.004
7.125
7.415
7.735
7.961
8.138
8.327
8.42
8.293
8.057
7.905
7.843
7.775
7.73
7.794
7.837
7.809
7.862
8.045
8.243
8.356
8.349
8.281
8.259
8.197
8.018
7.792
7.649
7.649
7.78
8.032
8.349
8.585
8.722
8.792
8.837
8.846
8.717
8.436
8.188
8.082
7.968
7.769
7.689
7.921
8.306
8.581
8.733
8.864
8.98
9
8.891
8.68
8.422
8.152
7.916
7.764
7.682
7.671
7.823
8.195
8.613
8.842
8.846
8.781
8.692
8.511
8.222
7.957
7.871
7.921
7.952
8
8.15
8.361
8.503
8.567
8.608
8.663
8.769
8.928
9.005
8.914
8.746
8.669
8.68
8.669
8.64
8.692
8.921
9.361
9.794
10.012
10.01
9.937
9.885
9.783
9.509
9.105
8.857
8.887
9.043
9.218
9.45
9.779
10.078
10.23
10.203
10.055
9.939
9.905
9.883
9.84
9.754
9.708
9.787
9.944
10.089
10.194
10.253
10.368
10.579
10.743
10.743
10.654
10.608
10.652
10.638
10.479
10.314
10.253
10.373
10.681
11.001
11.182
11.192
11.142
11.123
11.133
11.139
11.099
11.017
11.03
11.21
11.35
11.305
11.205
11.219
11.3
11.364
11.428
11.459
11.443
11.437
11.423
11.378
11.334
11.273
11.146
10.94
10.702
10.518
10.441
10.488
10.654
10.829
10.971
11.148
11.282
11.207
10.947
10.65
10.545
10.645
10.777
10.802
10.765
10.72
10.715
10.713
10.647
10.513
10.355
10.214
10.141
10.18
10.348
10.574
10.709
10.724
10.731
10.768
10.724
10.552
10.338
10.175
10.1
10.03
9.914
9.806
9.708
9.599
9.622
9.855
10.112
10.209
10.171
10.103
10.078
10.042
9.928
9.64
9.18
8.787
8.737
8.989
9.341
9.531
9.518
9.461
9.495
9.534
9.395
9.073
8.771
8.676
8.81
8.935
8.91
8.842
8.812
8.91
9.102
9.053
8.737
8.533
8.522
8.535
8.444
8.331
8.306
8.377
8.377
8.229
8.002
7.862
7.918
7.993
7.746
7.274
7.097
7.301
7.44
7.329
7.122
6.963
6.839
6.83
6.841
6.685
6.415
6.258
6.324
6.367
6.061
5.657
5.623
5.773
5.809
5.673
5.455
5.262
5.128
5.106
5.255
5.401
5.265
5.158
5.219
5.172
5.051
4.936
4.734
4.5
4.276
4.153
4.194
4.133
3.951
3.949
4.18
4.357
4.348
4.276
4.219
4.253
4.242
4.06
3.801
3.491
3.325
3.481
3.763
3.852
3.808
3.722
3.534
3.219
2.921
2.711
2.565
2.391
2.184
2.066
2.048
2.087
2.098
1.996
1.901
1.946
2
1.973
1.869
1.583
1.408
1.508
1.567
1.494
1.411
1.211
0.98
0.93
0.998
1.073
1.07
0.95
0.773
0.581
0.37
0.24
0.163
-0.025
-0.209
-0.231
-0.081
0.222
0.438
0.381
0.199
0.007
-0.159
-0.249
-0.422
-0.687
-0.796
-0.689
-0.54
-0.517
-0.635
-0.862
-1.014
-1.07
-1.079
-1.086
-1.177
-1.306
-1.349
-1.37
-1.536
-1.776
-1.948
-2.073
-2.243
-2.495
-2.719
-2.785
-2.81
-2.896
-2.937
-2.971
-3.153
-3.409
-3.636
-3.82
-3.903
-3.808
-3.672
-3.688
-3.833
-3.992
-4.055
-4.069
-4.219
-4.493
-4.711
-4.763
-4.718
-4.765
-4.917
-5.049
-5.103
-5.128
-5.249
-5.512
-5.825
-6.052
-6.113
-5.993
-5.793
-5.684
-5.589
-5.478
-5.546
-5.906
-6.374
-6.705
-6.766
-6.696
-6.698
-6.75
-6.764
-6.662
-6.503
-6.553
-6.811
-6.986
-6.968
-6.859
-6.755
-6.83
-7.052
-7.172
-7.206
-7.242
-7.283
-7.41
-7.587
-7.605
-7.388
-7.104
-6.959
-6.975
-7.095
-7.311
-7.605
-7.857
-8.005
-8.068
-8.1
-8.043
-7.846
-7.567
-7.326
-7.311
-7.592
-7.891
-8.084
-8.381
-8.815
-9.121
-9.134
-8.903
-8.576
-8.356
-8.3
-8.381
-8.542
-8.717
-8.901
-9.161
-9.484
-9.772
-9.973
-10.055
-9.956
-9.756
-9.629
-9.593
-9.563
-9.579
-9.724
-9.987
-10.291
-10.591
-10.942
-11.287
-11.414
-11.31
-11.189
-11.065
-10.777
-10.268
-9.64
-9.261
-9.388
-9.808
-10.275
-10.754
-11.214
-11.516
-11.609
-11.507
-11.217
-10.704
-10.1
-9.627
-9.357
-9.161
-9.08
-9.236
-9.608
-10.078
-10.42
-10.541
-10.588
-10.652
-10.529
-10.18
-9.819
-9.654
-9.649
-9.595
-9.384
-9.193
-9.248
-9.504
-9.765
-9.985
-10.18
-10.33
-10.395
-10.454
-10.382
-10.076
-9.686
-9.402
-9.254
-9.177
-9.161
-9.261
-9.484
-9.735
-9.964
-10.082
-9.98
-9.713
-9.411
-9.13
-8.937
-8.889
-9.023
-9.279
-9.52
-9.722
-10.007
-10.327
-10.518
-10.527
-10.409
-10.205
-10.039
-10.007
-10.08
-10.141
-10.112
-10.066
-10.1
-10.121
-10.028
-9.897
-9.91
-10.125
-10.42
-10.661
-10.751
-10.747
-10.772
-10.838
-10.815
-10.695
-10.532
-10.454
-10.667
-11.094
-11.509
-11.829
-11.997
-12.035
-12.053
-12.042
-11.96
-11.797
-11.625
-11.498
-11.437
-11.439
-11.502
-11.548
-11.491
-11.405
-11.387
-11.378
-11.341
-11.316
-11.328
-11.389
-11.475
-11.468
-11.287
-11.074
-11.017
-11.153
-11.31
-11.414
-11.502
-11.6
-11.695
-11.811
-11.897
-11.822
-11.597
-11.325
-11.074
-10.906
-10.788
-10.679
-10.597
-10.6
-10.647
-10.688
-10.681
-10.697
-10.758
-10.779
-10.738
-10.711
-10.684
-10.622
-10.522
-10.391
-10.259
-10.205
-10.223
-10.264
-10.253
-10.089
-9.86
-9.765
-9.735
-9.629
-9.502
-9.384
-9.327
-9.413
-9.59
-9.774
-9.894
-9.946
-9.971
-9.926
-9.76
-9.509
-9.189
-8.914
-8.83
-8.851
-8.864
-8.953
-9.143
-9.366
-9.636
-9.933
-10.046
-9.905
-9.667
-9.445
-9.266
-9.118
-9.039
-9.089
-9.293
-9.574
-9.865
-10.137
-10.397
-10.661
-10.827
-10.854
-10.76
-10.64
-10.629
-10.711
-10.731
-10.706
-10.779
-10.949
-11.137
-11.271
-11.371
-11.416
-11.42
-11.364
-11.203
-11.003
-10.849
-10.726
-10.638
-10.602
-10.638
-10.77
-11.06
-11.514
-11.933
-12.124
-12.133
-12.044
-11.82
-11.536
-11.294
-11.101
-11.026
-11.062
-11.13
-11.262
-11.545
-11.863
-12.01
-12.002
-11.897
-11.7
-11.405
-11.042
-10.675
-10.402
-10.307
-10.355
-10.411
-10.448
-10.549
-10.729
-10.881
-10.883
-10.684
-10.346
-10.064
-9.865
-9.667
-9.49
-9.338
-9.193
-9.089
-9.059
-9.007
-8.903
-8.923
-9.071
-9.161
-9.136
-9.057
-8.93
-8.735
-8.449
-8.15
-7.944
-7.837
-7.792
-7.769
-7.769
-7.767
-7.784
-7.837
-7.76
-7.444
-6.997
-6.603
-6.317
-6.117
-5.988
-5.927
-5.898
-5.89
-5.943
-6.047
-6.092
-6.022
-5.936
-5.906
-5.893
-5.786
-5.584
-5.403
-5.292
-5.224
-5.176
-5.153
-5.219
-5.428
-5.714
-5.977
-6.185
-6.294
-6.249
-6.038
-5.732
-5.437
-5.215
-5.11
-5.178
-5.383
-5.609
-5.881
-6.224
-6.535
-6.668
-6.609
-6.385
-6.099
-5.949
-5.947
-6.002
-6.086
-6.254
-6.505
-6.732
-6.887
-7.02
-7.265
-7.581
-7.941
-8.263
-8.427
-8.415
-8.306
-8.136
-7.959
-7.875
-7.882
-7.934
-8.054
-8.263
-8.522
-8.764
-8.925
-8.978
-8.937
-8.798
-8.633
-8.526
-8.408
-8.222
-8.052
-8.002
-8.054
-8.123
-8.104
-7.941
-7.696
-7.528
-7.374
-7.172
-6.97
-6.759
-6.589
-6.514
-6.471
-6.335
-6.079
-5.775
-5.532
-5.324
-4.983
-4.55
-4.198
-3.922
-3.57
-3.243
-3.069
-2.967
-2.797
-2.59
-2.393
-2.166
-1.928
-1.728
-1.542
-1.272
-1.034
-0.998
-1.077
-1.107
-1.059
-0.948
-0.753
-0.56
-0.463
-0.347
-0.097
0.252
0.594
0.821
0.893
0.857
0.764
0.633
0.476
0.306
0.181
0.243
0.537
0.887
1.152
1.349
1.483
1.511
1.472
1.381
1.157
0.771
0.302
-0.14
-0.447
-0.576
-0.558
-0.478
-0.372
-0.233
-0.143
-0.193
-0.347
-0.54
-0.762
-1.036
-1.334
-1.54
-1.633
-1.665
-1.633
-1.522
-1.34
-1.109
-0.909
-0.896
-1.039
-1.245
-1.449
-1.642
-1.851
-2.05
-2.2
-2.245
-2.139
-1.944
-1.81
-1.787
-1.876
-2.021
-2.248
-2.565
-2.896
-3.139
-3.314
-3.473
-3.616
-3.641
-3.509
-3.25
-2.967
-2.76
-2.627
-2.579
-2.713
-3.053
-3.441
-3.661
-3.663
-3.572
-3.491
-3.447
-3.42
-3.323
-3.175
-3.073
-3.048
-3.132
-3.305
-3.52
-3.697
-3.801
-3.854
-3.901
-3.906
-3.829
-3.704
-3.54
-3.441
-3.527
-3.754
-3.965
-4.076
-4.13
-4.203
-4.255
-4.214
-4.087
-3.881
-3.599
-3.307
-3.112
-2.953
-2.697
-2.393
-2.291
-2.445
-2.681
-2.831
-2.799
-2.583
-2.318
-2.2
-2.198
-2.159
-2.057
-1.946
-1.898
-1.973
-2.155
-2.352
-2.441
-2.363
-2.152
-1.898
-1.617
-1.352
-1.157
-1.064
-1.116
-1.302
-1.481
-1.506
-1.413
-1.309
-1.27
-1.3
-1.284
-1.089
-0.703
-0.345
-0.24
-0.32
-0.435
-0.51
-0.522
-0.517
-0.535
-0.583
-0.701
-0.937
-1.25
-1.524
-1.701
-1.776
-1.835
-1.855
-1.801
-1.722
-1.699
-1.685
-1.572
-1.381
-1.175
-1.034
-1.045
-1.136
-1.272
-1.397
-1.481
-1.567
-1.692
-1.796
-1.83
-1.787
-1.701
-1.637
-1.595
-1.56
-1.556
-1.644
-1.798
-1.971
-2.116
-2.248
-2.386
-2.468
-2.345
-2.016
-1.726
-1.651
-1.726
-1.889
-2.05
-2.171
-2.318
-2.452
-2.472
-2.384
-2.234
-2.105
-2.025
-1.857
-1.458
-0.923
-0.49
-0.345
-0.471
-0.758
-1.075
-1.27
-1.304
-1.241
-1.168
-1.041
-0.789
-0.412
0.016
0.392
