Unnamed: 3
Value
-1.873
-1.944
-2.003
-2.032
-2.066
-2.119
-2.137
-2.057
-1.976
-1.985
-2.044
-2.082
-2.089
-2.082
-2.087
-2.107
-2.084
-1.996
-1.885
-1.787
-1.694
-1.581
-1.488
-1.445
-1.436
-1.488
-1.588
-1.681
-1.724
-1.749
-1.787
-1.86
-1.914
-1.928
-1.93
-1.989
-2.089
-2.159
-2.18
-2.23
-2.33
-2.432
-2.515
-2.613
-2.801
-3.053
-3.25
-3.355
-3.432
-3.52
-3.55
-3.502
-3.475
-3.523
-3.552
-3.523
-3.486
-3.498
-3.509
-3.475
-3.384
-3.316
-3.293
-3.266
-3.234
-3.207
-3.223
-3.273
-3.327
-3.364
-3.377
-3.35
-3.239
-3.089
-2.994
-2.992
-2.996
-2.98
-3.023
-3.139
-3.264
-3.377
-3.473
-3.552
-3.586
-3.62
-3.677
-3.729
-3.752
-3.756
-3.781
-3.813
-3.817
-3.811
-3.869
-3.965
-4.031
-4.09
-4.199
-4.346
-4.457
-4.509
-4.591
-4.691
-4.738
-4.743
-4.804
-4.958
-5.115
-5.201
-5.231
-5.224
-5.219
-5.226
-5.237
-5.256
-5.294
-5.326
-5.358
-5.403
-5.451
-5.451
-5.387
-5.287
-5.215
-5.185
-5.135
-5.074
-5.013
-4.958
-4.892
-4.838
-4.8
-4.782
-4.788
-4.834
-4.888
-4.933
-4.958
-4.942
-4.895
-4.883
-4.915
-4.947
-4.947
-4.936
-4.909
-4.838
-4.761
-4.72
-4.729
-4.752
-4.732
-4.616
-4.503
-4.462
-4.428
-4.346
-4.228
-4.128
-4.033
-3.926
-3.813
-3.729
-3.69
-3.666
-3.618
-3.588
-3.666
-3.786
-3.901
-3.994
-4.09
-4.171
-4.226
-4.255
-4.255
-4.232
-4.196
-4.144
-4.099
-4.096
-4.081
-4.042
-4.019
-4.026
-4.046
-4.083
-4.18
-4.319
-4.387
-4.341
-4.219
-4.035
-3.799
-3.523
-3.307
-3.182
-3.137
-3.087
-2.999
-2.949
-2.93
-2.86
-2.76
-2.681
-2.604
-2.425
-2.175
-2.014
-1.951
-1.873
-1.751
-1.701
-1.76
-1.905
-2
-2.005
-2.007
-2.035
-2.032
-1.987
-1.944
-1.907
-1.862
-1.806
-1.812
-1.912
-2.064
-2.211
-2.352
-2.486
-2.611
-2.679
-2.715
-2.785
-2.856
-2.847
-2.769
-2.719
-2.749
-2.815
-2.84
-2.867
-2.971
-3.132
-3.269
-3.325
-3.359
-3.38
-3.368
-3.316
-3.248
-3.178
-3.146
-3.101
-3.087
-3.126
-3.162
-3.178
-3.228
-3.284
-3.3
-3.219
-3.055
-2.91
-2.817
-2.686
-2.504
-2.384
-2.366
-2.391
-2.42
-2.454
-2.52
-2.574
-2.559
-2.502
-2.484
-2.484
-2.427
-2.325
-2.259
-2.236
-2.23
-2.279
-2.409
-2.552
-2.64
-2.695
-2.779
-2.883
-2.958
-2.978
-3.001
-3.06
-3.146
-3.144
-3.11
-3.205
-3.423
-3.597
-3.688
-3.747
-3.845
-4.01
-4.192
-4.273
-4.219
-4.096
-3.969
-3.813
-3.618
-3.461
-3.339
-3.23
-3.151
-3.128
-3.107
-3.033
-2.921
-2.808
-2.676
-2.459
-2.223
-2.082
-2.06
-1.955
-1.71
-1.504
-1.436
-1.397
-1.29
-1.143
-1.027
-0.953
-0.778
-0.494
-0.245
-0.095
0.038
0.306
0.662
0.839
0.801
0.678
0.601
0.565
0.485
0.286
0.088
0.032
0.082
0.097
0.025
0.009
0.093
0.122
0.111
0.166
0.15
-0.07
-0.243
-0.175
-0.093
-0.186
-0.32
-0.433
-0.465
-0.363
-0.184
-0.093
-0.075
-0.059
-0.127
-0.29
-0.39
-0.424
-0.61
-0.955
-1.125
-0.98
-0.737
-0.633
-0.655
-0.628
-0.406
-0.113
-0.068
-0.286
-0.485
-0.449
-0.315
-0.36
-0.658
-0.971
-1.014
-0.751
-0.429
-0.383
-0.533
-0.506
-0.202
0.104
0.211
0.14
0.027
-0.018
0.084
0.193
0.168
0.129
0.317
0.649
0.819
0.85
0.975
1.247
1.445
1.422
1.318
1.368
1.551
1.594
1.354
1.027
0.846
0.807
0.733
0.58
0.458
0.397
0.381
0.453
0.515
0.401
0.247
0.276
0.397
0.331
0.097
-0.027
0.082
0.252
0.265
0.102
-0.004
0.102
0.229
0.224
0.17
0.143
0.116
0.118
0.097
-0.038
-0.14
-0.073
0.047
0.091
0.077
0.118
0.175
0.222
0.213
0.122
0.056
0.172
0.349
0.342
0.195
0.154
0.299
0.517
0.71
0.753
0.637
0.51
0.483
0.517
0.47
0.32
0.265
0.304
0.238
0.079
0.018
0.143
0.322
0.358
0.22
0.05
-0.013
0.007
0.041
-0.011
-0.154
-0.281
-0.288
-0.215
-0.22
-0.349
-0.438
-0.372
-0.224
-0.136
-0.163
-0.2
-0.177
-0.116
-0.143
-0.276
-0.367
-0.356
-0.324
-0.379
-0.503
-0.558
-0.499
-0.431
-0.374
-0.377
-0.408
-0.377
-0.274
-0.195
-0.157
-0.086
0.02
0.084
-0.025
-0.161
-0.118
0.056
0.229
0.311
0.304
0.29
0.365
0.476
0.51
0.404
0.22
0.095
0.061
0.011
-0.084
-0.129
-0.075
0.002
0.009
-0.023
-0.027
0.007
0.095
0.204
0.215
0.197
0.331
0.592
0.798
0.853
0.798
0.748
0.789
0.873
0.905
0.869
0.771
0.653
0.615
0.671
0.757
0.846
0.93
0.971
0.998
1.061
1.125
1.12
1.009
0.864
0.728
0.59
0.463
0.46
0.565
0.696
0.814
0.971
1.173
1.365
1.513
1.64
1.758
1.808
1.796
1.835
1.937
2.021
1.989
1.878
1.79
1.828
1.896
1.887
1.808
1.74
1.731
1.774
1.758
1.717
1.733
1.771
1.751
1.744
1.819
1.928
2.005
2.041
2.1
2.211
2.282
2.25
2.191
2.1
1.996
1.98
2.057
2.134
2.134
2.055
1.96
1.892
1.837
1.733
1.536
1.275
1.08
0.962
0.769
0.513
0.34
0.274
0.202
0.088
0.025
0.109
0.27
0.331
0.306
0.322
0.336
0.24
0.084
-0.025
-0.056
-0.118
-0.263
-0.41
-0.483
-0.463
-0.415
-0.367
-0.32
-0.279
-0.267
-0.233
-0.088
0.063
0.038
-0.1
-0.086
0.102
0.272
0.258
0.161
0.211
0.458
0.673
0.757
0.814
0.955
1.17
1.354
1.424
1.436
1.49
1.599
1.701
1.719
1.644
1.57
1.517
1.483
1.476
1.443
1.302
1.152
1.136
1.188
1.173
1.13
1.157
1.25
1.279
1.238
1.252
1.422
1.638
1.678
1.57
1.52
1.617
1.706
1.649
1.524
1.492
1.579
1.672
1.694
1.722
1.806
1.901
1.976
2.019
2.005
1.894
1.703
1.545
1.443
1.302
1.161
1.089
1.089
1.114
1.161
1.27
1.454
1.663
1.774
1.771
1.765
1.785
1.783
1.665
1.456
1.329
1.388
1.483
1.458
1.381
1.411
1.542
1.653
1.624
1.438
1.227
1.107
1.039
0.943
0.83
0.787
0.846
0.964
1.052
1.064
1.027
1.018
1.048
1.048
0.984
0.9
0.887
0.953
1.043
1.15
1.27
1.397
1.531
1.635
1.626
1.511
1.4
1.352
1.241
1.016
0.771
0.635
0.63
0.662
0.687
0.766
0.971
1.238
1.4
1.381
1.284
1.225
1.213
1.163
1.075
1
0.948
0.928
0.971
1.134
1.316
1.443
1.533
1.658
1.731
1.722
1.724
1.794
1.876
1.844
1.719
1.615
1.592
1.572
1.476
1.343
1.25
1.213
1.163
1.082
1.025
1.048
1.114
1.161
1.154
1.182
1.27
1.327
1.29
1.209
1.134
1.084
1.041
0.998
0.957
0.875
0.796
0.762
0.83
0.891
0.837
0.705
0.617
0.549
0.444
0.313
0.222
0.163
0.104
0.052
-0.009
-0.047
-0.043
-0.009
0.009
0.018
0.052
0.14
0.222
0.293
0.388
0.501
0.626
0.733
0.85
0.975
1.068
1.134
1.182
1.175
1.109
1.041
1.018
1.091
1.229
1.372
1.49
1.597
1.708
1.774
1.815
1.844
1.88
1.919
1.946
1.969
1.987
2.032
2.128
2.248
2.382
2.524
2.658
2.765
2.84
2.856
2.853
2.865
2.892
2.876
2.785
2.681
2.611
2.538
2.418
2.316
2.334
2.441
2.515
2.504
2.452
2.4
2.352
2.313
2.289
2.279
2.264
2.239
2.239
2.304
2.388
2.499
2.647
2.776
2.872
2.933
3.001
3.094
3.18
3.266
3.305
3.275
3.207
3.173
3.153
3.092
2.958
2.808
2.672
2.57
2.486
2.391
2.302
2.177
2.007
1.923
2.003
2.143
2.205
2.177
2.119
2.039
1.916
1.783
1.685
1.599
1.49
1.331
1.136
0.993
0.971
1.032
1.163
1.329
1.49
1.608
1.658
1.665
1.633
1.599
1.585
1.57
1.563
1.57
1.57
1.529
1.502
1.515
1.567
1.629
1.717
1.801
1.88
1.964
2.032
2.098
2.193
2.302
2.352
2.32
2.323
2.391
2.423
2.411
2.447
2.534
2.593
2.552
2.459
2.4
2.377
2.425
2.574
2.785
3.017
3.187
3.273
3.3
3.355
3.455
3.532
3.541
3.473
3.366
3.293
3.259
3.278
3.371
3.479
3.509
3.439
3.341
3.266
3.232
3.214
3.162
3.083
3.023
2.924
2.731
2.593
2.606
2.676
2.717
2.763
2.869
3.001
3.103
3.128
3.116
3.085
3.035
3.003
3.046
3.128
3.148
3.119
3.121
3.198
3.269
3.278
3.266
3.232
3.162
3.053
2.944
2.867
2.803
2.719
2.579
2.434
2.348
2.32
2.341
2.368
2.368
2.357
2.325
2.279
2.252
2.334
2.529
2.724
2.815
2.813
2.788
2.756
2.679
2.572
2.484
2.413
2.35
2.261
2.177
2.164
2.191
2.211
2.279
2.375
2.445
2.475
2.497
2.497
2.456
2.425
2.445
2.54
2.643
2.699
2.688
2.629
2.568
2.547
2.565
2.581
2.611
2.676
2.772
2.801
2.783
2.794
2.91
3.119
3.303
3.427
3.513
3.579
3.627
3.649
3.666
3.704
3.77
3.815
3.858
3.949
4.094
4.276
4.462
4.598
4.693
4.768
4.802
4.804
4.793
4.763
4.768
4.806
4.845
4.838
4.754
4.605
4.48
4.412
4.341
4.26
4.176
4.083
3.922
3.672
3.398
3.203
3.16
3.185
3.178
3.069
2.869
2.64
2.468
2.325
2.164
2.023
1.926
1.808
1.656
1.499
1.463
1.538
1.576
1.565
1.585
1.66
1.683
1.615
1.517
1.427
1.345
1.313
1.322
1.34
1.368
1.415
1.474
1.486
1.472
1.513
1.563
1.529
1.447
1.361
1.288
1.266
1.368
1.583
1.762
1.817
1.844
1.962
2.1
2.175
2.23
2.273
2.27
2.18
2.007
1.846
1.765
1.733
1.713
1.631
1.504
1.424
1.429
1.456
1.52
1.597
1.665
1.694
1.706
1.715
1.696
1.649
1.617
1.622
1.647
1.694
1.744
1.715
1.608
1.513
1.449
1.422
1.445
1.536
1.658
1.767
1.894
2.023
2.073
2.007
1.894
1.778
1.653
1.502
1.354
1.261
1.236
1.279
1.256
1.2
1.204
1.32
1.504
1.672
1.799
1.88
1.903
1.91
1.916
1.912
1.887
1.878
1.889
1.853
1.769
1.696
1.66
1.594
1.499
1.443
1.467
1.49
1.452
1.39
1.34
1.293
1.22
1.175
1.191
1.152
1.021
0.873
0.766
0.667
0.576
0.537
0.546
0.569
0.59
0.576
0.533
0.535
0.603
0.662
0.642
0.556
0.467
0.392
0.306
0.222
0.145
0.077
0.02
0.025
0.073
0.095
0.052
0.004
0.011
0.036
0.041
0.056
0.113
0.188
0.24
0.279
0.358
0.506
0.68
0.83
0.932
0.984
1.043
1.082
1.086
1.084
1.096
1.102
1.075
1.032
0.986
0.984
1.077
1.188
1.218
1.163
1.125
1.152
1.17
1.132
1.061
0.986
0.905
0.837
0.787
0.739
0.69
0.653
0.635
0.619
0.553
0.472
0.41
0.392
0.374
0.302
0.231
0.22
0.247
0.249
0.186
0.084
-0.036
-0.143
-0.238
-0.32
-0.417
-0.533
-0.621
-0.692
-0.726
-0.703
-0.673
-0.676
-0.714
-0.812
-0.934
-0.975
-0.943
-0.943
-0.986
-1.025
-1.055
-1.109
-1.17
-1.166
-1.089
-1.007
-0.955
-0.932
-0.896
-0.826
-0.746
-0.712
-0.73
-0.751
-0.751
-0.735
-0.676
-0.63
-0.644
-0.685
-0.685
-0.621
-0.54
-0.533
-0.63
-0.757
-0.86
-1
-1.195
-1.34
-1.39
-1.397
-1.452
-1.511
-1.495
-1.427
-1.343
-1.256
-1.213
-1.268
-1.34
-1.386
-1.436
-1.517
-1.622
-1.758
-1.903
-2.021
-2.06
-2.089
-2.119
-2.105
-2.053
-1.957
-1.858
-1.801
-1.774
-1.749
-1.767
-1.83
-1.869
-1.864
-1.903
-2.048
-2.184
-2.2
-2.134
-2.103
-2.103
-2.064
-1.987
-1.903
-1.871
-1.898
-1.91
-1.853
-1.803
-1.81
-1.84
-1.883
-1.953
-2.026
-2.1
-2.166
-2.143
-2.098
-2.069
-2.026
-1.951
-1.892
-1.844
-1.796
-1.753
-1.753
-1.812
-1.862
-1.896
-1.926
-1.985
-2.044
-2.073
-2.089
-2.112
-2.15
-2.205
-2.182
-2.084
-2.005
-1.973
-1.955
-1.939
-1.93
-2.016
-2.198
-2.345
-2.425
-2.522
-2.64
-2.704
-2.731
-2.785
-2.874
-2.978
-3.026
-3.094
-3.25
-3.429
-3.566
-3.666
-3.749
-3.869
-3.999
-4.106
-4.183
-4.289
-4.462
-4.614
-4.625
-4.57
-4.616
-4.756
-4.879
-4.94
-4.967
-4.972
-4.967
-4.981
-5.017
-5.06
-5.051
-4.979
-4.922
-4.863
-4.754
-4.659
-4.593
-4.516
-4.414
-4.266
-4.069
-3.869
-3.765
-3.736
-3.638
-3.464
-3.366
-3.393
-3.384
-3.269
-3.121
-3.051
-3.026
-2.967
-2.921
-2.967
-2.983
-2.876
-2.763
-2.736
-2.742
-2.785
-2.851
-2.865
-2.833
-2.853
-2.98
-3.13
-3.2
-3.243
-3.314
-3.362
-3.4
-3.455
-3.511
-3.547
-3.582
-3.652
-3.743
-3.752
-3.702
-3.736
-3.831
-3.876
-3.881
-3.956
-4.09
-4.255
-4.409
-4.536
-4.598
-4.616
-4.634
-4.62
-4.536
-4.405
-4.283
-4.189
-4.155
-4.173
-4.23
-4.289
-4.307
-4.28
-4.278
-4.332
-4.38
-4.376
-4.355
-4.337
-4.305
-4.264
-4.228
-4.223
-4.232
-4.262
-4.353
-4.475
-4.512
-4.498
-4.509
-4.573
-4.686
-4.779
-4.818
-4.843
-4.877
-4.954
-5.115
-5.244
-5.289
-5.326
-5.389
-5.421
-5.362
-5.242
-5.074
-4.909
-4.782
-4.716
-4.732
-4.786
-4.818
-4.834
-4.868
-4.906
-4.913
-4.897
-4.883
-4.852
-4.777
-4.695
-4.659
-4.659
-4.668
-4.663
-4.629
-4.573
-4.512
-4.514
-4.589
-4.679
-4.741
-4.8
-4.854
-4.852
-4.859
-4.913
-4.952
-4.909
-4.84
-4.784
-4.754
-4.725
-4.67
-4.561
-4.405
-4.228
-4.135
-4.112
-4.074
-3.994
-3.924
-3.931
-4.001
-4.108
-4.217
-4.312
-4.341
-4.289
-4.232
-4.187
-4.178
-4.203
-4.223
-4.153
-4.067
-4.085
-4.192
-4.223
-4.112
-3.997
-3.997
-4.035
-4.067
-4.072
-4.063
-4.09
-4.153
-4.228
-4.266
-4.273
-4.314
-4.437
-4.596
-4.732
-4.872
-5.036
-5.149
-5.215
-5.269
-5.362
-5.466
-5.489
-5.43
-5.437
-5.587
-5.743
-5.793
-5.8
-5.802
-5.743
-5.718
-5.836
-5.929
-5.782
-5.485
-5.253
-5.079
-4.892
-4.725
-4.541
-4.278
-4.017
-3.892
-3.883
-3.908
-3.99
-4.164
-4.223
-4.124
-4.063
-4.081
-4.13
-4.126
-4.028
-3.865
-3.727
-3.713
-3.806
-3.858
-3.77
-3.706
-3.779
-3.811
-3.752
-3.733
-3.851
-3.929
-3.765
-3.516
-3.486
-3.618
-3.69
-3.656
-3.588
-3.507
-3.434
-3.498
-3.69
-3.774
-3.616
-3.446
-3.486
-3.6
-3.609
-3.625
-3.774
-3.979
-4.028
-3.931
-3.872
-3.999
-4.214
-4.278
-4.037
-3.727
-3.702
-3.89
-4.015
-3.999
-3.901
-3.833
-3.883
-4.013
-4.119
-4.121
-4.035
-3.956
-3.929
-3.886
-3.858
-3.901
-3.919
-3.86
-3.754
-3.67
-3.722
-3.935
-4.128
-4.124
-4.069
-4.115
-4.246
-4.303
-4.253
-4.255
-4.276
-4.085
-3.69
-3.346
-3.205
-3.205
-3.139
-2.978
-2.869
-2.89
-3.008
-3.182
-3.366
-3.429
-3.384
-3.327
-3.323
-3.38
-3.353
-3.221
-3.155
-3.203
-3.248
-3.239
-3.271
-3.42
-3.513
-3.355
-3.157
-3.223
-3.441
-3.552
-3.502
-3.47
-3.543
-3.588
-3.552
-3.582
-3.702
-3.733
-3.661
-3.593
-3.606
-3.675
-3.781
-3.933
-4.092
-4.167
-4.158
-4.203
-4.335
-4.432
-4.441
-4.385
-4.337
-4.323
-4.276
-4.185
-4.087
-3.997
-3.924
-3.865
-3.815
-3.765
-3.693
-3.595
-3.518
-3.436
-3.298
-3.142
-2.994
-2.872
-2.794
-2.76
-2.697
-2.615
-2.59
-2.617
-2.631
-2.608
-2.536
-2.468
-2.461
-2.506
-2.593
-2.615
-2.581
-2.64
-2.781
-2.894
-2.919
-2.876
-2.844
-2.838
-2.815
-2.76
-2.726
-2.701
-2.658
-2.672
-2.758
-2.874
-2.93
-2.903
-2.906
-2.974
-3.039
-3.044
-2.983
-2.912
-2.901
-2.949
-3.01
-3.078
-3.119
-3.146
-3.176
-3.173
-3.132
-3.085
-3.021
-2.992
-3.03
-3.064
-3.021
-2.976
-2.989
-3.064
-3.087
-3.026
-2.969
-3.014
-3.094
-3.085
-2.969
-2.856
-2.815
-2.803
-2.724
-2.633
-2.588
-2.606
-2.658
-2.726
-2.776
-2.828
-2.906
-2.942
-2.885
-2.774
-2.692
-2.661
-2.629
-2.55
-2.472
-2.402
-2.332
-2.273
-2.223
-2.153
-2.046
-1.896
-1.753
-1.676
-1.624
-1.536
-1.422
-1.3
-1.17
-1.068
-0.971
-0.86
-0.739
-0.599
-0.453
-0.354
-0.272
-0.202
-0.14
-0.07
-0.007
0.023
0.056
0.086
0.054
-0.084
-0.274
-0.367
-0.322
-0.286
-0.329
-0.36
-0.302
-0.14
0.002
0.027
-0.002
-0.027
-0.056
-0.095
-0.168
-0.243
-0.274
-0.256
-0.222
-0.213
-0.272
-0.39
-0.47
-0.46
-0.467
-0.599
-0.769
-0.805
-0.723
-0.655
-0.644
-0.628
-0.565
-0.474
-0.399
-0.383
-0.44
-0.51
-0.553
-0.578
-0.619
-0.701
-0.739
-0.721
-0.71
-0.699
-0.612
-0.453
-0.317
-0.263
-0.231
-0.161
-0.14
-0.256
-0.37
-0.386
-0.322
-0.252
-0.2
-0.136
-0.034
0.095
0.213
0.311
0.324
0.297
0.34
0.435
0.531
0.621
0.773
0.975
1.17
1.316
1.413
1.433
1.359
1.25
1.216
1.191
1.139
1.127
1.168
1.243
1.345
1.472
1.597
1.708
1.815
1.96
2.046
2.046
2.021
2.064
2.125
2.168
2.209
2.282
2.397
2.513
2.629
2.763
2.876
2.944
3.058
3.182
3.214
3.176
3.155
3.182
3.219
3.223
3.225
3.248
3.237
3.196
3.126
3.005
2.908
2.883
2.899
2.901
2.901
2.921
2.974
2.996
2.98
2.987
3.044
3.035
2.896
2.731
2.654
2.561
2.411
2.37
2.504
2.626
2.64
2.676
2.79
2.89
2.93
2.953
2.944
2.853
2.692
2.597
2.552
2.406
2.182
2.032
2.009
1.989
1.937
1.905
1.907
1.926
1.987
2.134
2.279
2.35
2.4
2.461
2.481
2.481
2.493
2.574
2.683
2.765
2.853
2.971
3.067
3.164
3.327
3.509
3.645
3.783
3.994
4.251
4.471
4.663
4.911
5.165
5.328
5.421
5.507
5.53
5.471
5.435
5.523
5.673
5.757
5.827
5.945
6.056
6.149
6.279
6.403
6.44
6.403
6.36
6.331
6.276
6.165
6.054
5.988
5.891
5.73
5.562
5.451
5.362
5.271
5.201
5.158
5.09
4.995
4.954
4.938
4.84
4.648
4.496
4.5
4.548
4.516
4.416
4.316
4.235
4.169
4.149
4.117
4.015
3.935
3.992
4.124
4.242
4.391
4.675
4.986
5.14
5.165
5.183
5.201
5.228
5.285
5.317
5.296
5.285
5.367
5.553
5.686
5.7
5.718
5.784
5.798
5.786
5.823
5.877
5.854
5.82
5.872
5.981
6.056
6.088
6.092
6.047
5.997
6.02
6.065
6.079
6.07
6.108
6.142
6.106
6.031
6.047
6.215
6.419
6.542
6.598
6.642
6.694
6.762
6.798
6.7
6.417
6.111
5.952
5.886
5.789
5.675
5.648
5.752
5.902
6.034
6.086
6.068
6.065
6.065
6.009
5.936
5.954
6.09
6.267
6.39
6.469
6.589
6.712
6.784
6.832
6.893
6.968
7.039
7.118
7.215
7.272
7.281
7.288
7.315
7.349
7.333
7.279
7.263
7.268
7.186
7.07
6.979
6.898
6.784
6.673
6.639
6.728
6.891
7.052
7.177
7.29
7.41
7.503
7.51
7.379
7.186
7.041
6.984
6.959
6.957
7.027
7.17
7.347
7.476
7.503
7.44
7.311
7.143
6.929
6.703
6.519
6.392
6.372
6.387
6.358
6.29
6.195
6.081
5.986
5.959
5.972
5.954
5.929
5.927
5.938
5.918
5.891
5.918
5.999
6.079
6.106
6.197
6.394
6.589
6.719
6.766
6.739
6.655
6.58
6.569
6.61
6.707
6.852
7.016
7.181
7.329
7.358
7.295
7.215
7.154
7.115
7.095
7.143
7.252
7.39
7.515
7.612
7.694
7.753
7.764
7.699
7.594
7.476
7.333
7.197
7.125
7.093
7.054
7.002
6.92
6.809
6.657
6.483
6.342
6.242
6.099
5.915
5.777
5.689
5.566
5.448
5.385
5.351
5.362
5.408
5.471
5.526
5.553
5.548
5.505
5.408
5.308
5.256
5.265
5.321
5.43
5.557
5.68
5.789
5.875
5.911
5.925
5.947
6.022
6.074
6.059
6.02
6.022
6.029
6.006
5.988
5.995
6.022
6.043
6.016
5.966
5.956
5.941
5.886
5.863
5.877
5.875
5.863
5.879
5.87
5.795
5.684
5.609
5.575
5.498
5.344
5.192
5.083
4.983
4.899
4.89
4.976
5.117
5.258
5.346
5.364
5.362
5.328
5.244
5.126
4.963
4.813
4.75
4.747
4.759
4.793
4.892
5.026
5.11
5.126
5.162
5.219
5.21
5.113
4.965
4.838
4.777
4.77
4.766
4.693
4.582
4.53
4.548
4.541
4.484
4.419
4.373
4.344
4.319
4.321
4.328
4.323
4.337
4.337
4.292
4.255
4.255
4.287
4.305
4.292
4.264
4.251
4.232
4.203
4.201
4.248
4.312
4.344
4.362
4.366
4.344
4.262
4.144
4.024
3.935
3.883
3.849
3.84
3.845
3.838
3.788
3.72
3.679
3.679
3.675
3.611
3.527
3.457
3.391
3.312
3.216
3.112
3.026
2.946
2.878
2.824
2.779
2.719
2.672
2.652
2.597
2.484
2.318
2.157
2.053
1.996
1.921
1.812
1.728
1.726
1.749
1.753
1.742
1.771
1.806
1.812
1.801
1.828
1.892
1.976
2.066
2.146
2.2
2.22
2.196
2.121
2.053
2.003
1.98
1.998
2.003
1.987
1.973
1.978
1.939
1.86
1.776
1.731
1.724
1.715
1.696
1.656
1.583
1.476
1.347
1.22
1.111
1.041
1.005
0.959
0.905
0.862
0.855
0.875
0.912
0.91
0.846
0.739
0.644
0.535
0.404
0.293
0.243
0.238
0.218
0.168
0.107
0.084
0.073
0.029
-0.009
0.018
0.095
0.14
0.166
0.213
0.281
0.297
0.247
0.188
0.147
0.179
0.254
0.304
0.324
0.345
0.354
0.356
0.404
0.442
0.41
0.372
0.356
0.336
0.288
0.209
0.116
0.011
-0.107
-0.247
-0.429
-0.612
-0.733
-0.814
-0.914
-1
-1.018
-1
-1.009
-1.055
-1.114
-1.179
-1.277
-1.436
-1.608
-1.692
-1.678
-1.626
-1.597
-1.588
-1.56
-1.497
-1.415
-1.35
-1.329
-1.32
-1.297
-1.293
-1.338
-1.411
-1.504
-1.599
-1.685
-1.776
-1.876
-1.939
-1.962
-1.987
-2.021
-2.023
-1.994
-1.953
-1.919
-1.914
-1.935
-1.937
-1.905
-1.878
-1.878
-1.883
-1.878
-1.883
-1.905
-1.93
-1.957
-1.942
-1.842
-1.692
-1.594
-1.574
-1.542
-1.463
-1.397
-1.372
-1.368
-1.354
-1.374
-1.445
-1.558
-1.681
-1.776
-1.883
-2.009
-2.103
-2.119
-2.098
-2.098
-2.143
-2.202
-2.257
-2.266
-2.268
-2.311
-2.375
-2.497
-2.652
-2.803
-2.96
-3.096
-3.189
-3.269
-3.303
-3.314
-3.384
-3.502
-3.597
-3.654
-3.706
-3.763
-3.802
-3.808
-3.793
-3.826
-3.901
-3.951
-3.979
-4.031
-4.11
-4.183
-4.217
-4.239
-4.273
-4.326
-4.359
-4.344
-4.271
-4.183
-4.112
-4.078
-4.072
-4.065
-4.069
-4.037
-3.994
-3.953
-3.915
-3.874
-3.845
-3.808
-3.754
-3.704
-3.668
-3.656
-3.629
-3.529
-3.375
-3.266
-3.225
-3.194
-3.132
-3.083
-3.033
-2.969
-2.919
-2.896
-2.899
-2.91
-2.892
-2.853
-2.828
-2.865
-2.935
-2.994
-3.021
-3.053
-3.087
-3.089
-3.085
-3.078
-3.067
-3.042
-3.046
-3.076
-3.116
-3.18
-3.289
-3.423
-3.556
-3.656
-3.736
-3.831
-3.929
-3.994
-4.046
-4.16
-4.33
-4.462
-4.512
-4.577
-4.702
-4.818
-4.904
-5.017
-5.162
-5.317
-5.473
-5.602
-5.691
-5.766
-5.861
-5.999
-6.129
-6.201
-6.247
-6.324
-6.419
-6.478
-6.478
-6.499
-6.569
-6.666
-6.73
-6.771
-6.834
-6.939
-7.045
-7.091
-7.095
-7.102
-7.106
-7.057
-6.975
-6.898
-6.857
-6.832
-6.769
-6.696
-6.621
-6.542
-6.476
-6.396
-6.292
-6.195
-6.122
-6.092
-6.054
-6.004
-5.981
-5.984
-5.993
-6.016
-6.034
-6.022
-6.016
-6.006
-5.954
-5.875
-5.813
-5.798
-5.859
-5.906
-5.927
-5.938
-5.934
-5.913
-5.897
-5.877
-5.841
-5.827
-5.839
-5.843
-5.811
-5.793
-5.829
-5.852
-5.779
-5.634
-5.485
-5.444
-5.503
-5.521
-5.466
-5.362
-5.262
-5.169
-5.042
-4.879
-4.768
-4.784
-4.797
-4.75
-4.693
-4.684
-4.725
-4.759
-4.747
-4.695
-4.652
-4.618
-4.618
-4.648
-4.652
-4.666
-4.752
-4.892
-5.002
-5.074
-5.196
-5.362
-5.453
-5.446
-5.405
-5.392
-5.432
-5.48
-5.457
-5.419
-5.408
-5.392
-5.351
-5.299
-5.235
-5.165
-5.117
-5.069
-5.072
-5.147
-5.274
-5.421
-5.548
-5.612
-5.602
-5.566
-5.523
-5.453
-5.367
-5.285
-5.192
-5.049
-4.854
-4.659
-4.507
-4.414
-4.344
-4.26
-4.199
-4.194
-4.205
-4.189
-4.133
-3.988
-3.747
-3.477
-3.237
-3.035
-2.883
-2.794
-2.801
-2.84
-2.824
-2.869
-3.049
-3.219
-3.264
-3.255
-3.303
-3.391
-3.475
-3.527
-3.552
-3.543
-3.513
-3.511
-3.6
-3.772
-3.949
-4.083
-4.187
-4.23
-4.235
-4.296
-4.45
-4.611
-4.675
-4.616
-4.586
-4.672
-4.818
-4.92
-5.045
-5.233
-5.333
-5.276
-5.231
-5.346
-5.575
-5.77
-5.888
-5.984
-6.086
-6.195
-6.31
-6.421
-6.431
-6.333
-6.231
-6.197
-6.176
-6.12
-6.052
-6.029
-6.022
-5.932
-5.811
-5.739
-5.693
-5.537
-5.274
-5.106
-5.033
-4.922
-4.693
-4.468
-4.273
-4.051
-3.804
-3.593
-3.402
-3.2
-3.042
-2.989
-3.021
-3.019
-2.937
-2.872
-2.876
-2.867
-2.758
-2.608
-2.49
-2.413
-2.309
-2.196
-2.143
-2.171
-2.164
-2.121
-2.125
-2.243
-2.423
-2.613
-2.84
-3.103
-3.284
-3.355
-3.382
-3.375
-3.332
-3.3
-3.327
-3.386
-3.436
-3.47
-3.602
-3.822
-3.972
-4.028
-4.096
-4.255
-4.448
-4.625
-4.777
-4.929
-5.02
-5.036
-5.058
-5.135
-5.181
-5.108
-4.997
-4.924
-4.868
-4.82
-4.797
-4.818
-4.818
-4.727
-4.609
-4.541
-4.487
-4.387
-4.228
-4.044
-3.869
-3.661
-3.398
-3.153
-3.021
-2.93
-2.801
-2.658
-2.563
-2.506
-2.502
-2.55
-2.611
-2.629
-2.597
-2.543
-2.49
-2.423
-2.357
-2.279
-2.168
-2.039
-1.966
-2.005
-2.098
-2.153
-2.205
-2.291
-2.382
-2.468
-2.554
-2.645
-2.697
-2.658
-2.559
-2.454
-2.357
-2.266
-2.182
-2.112
-2.071
-2.028
-1.994
-2.026
-2.134
-2.216
-2.257
-2.279
-2.27
-2.189
-2.069
-1.991
-1.998
-2.009
-1.971
-1.919
-1.926
-1.987
-2.05
-2.084
-2.148
-2.225
-2.264
-2.284
-2.323
-2.363
-2.377
-2.339
-2.291
-2.246
-2.205
-2.186
-2.155
-2.06
-1.894
-1.724
-1.613
-1.529
-1.406
-1.277
-1.216
-1.186
-1.127
-1.098
-1.168
-1.3
-1.39
-1.409
-1.363
-1.281
-1.227
-1.227
-1.268
-1.311
-1.325
-1.334
-1.402
-1.549
-1.683
-1.778
-1.935
-2.141
-2.257
-2.25
-2.236
-2.3
-2.35
-2.33
-2.275
-2.275
-2.332
-2.409
-2.499
-2.631
-2.754
-2.822
-2.899
-3.039
-3.228
-3.377
-3.448
-3.543
-3.686
-3.797
-3.829
-3.822
-3.799
-3.713
-3.57
-3.493
-3.504
-3.486
-3.398
-3.3
-3.23
-3.126
-2.974
-2.872
-2.815
-2.722
-2.602
-2.47
-2.33
-2.11
-1.842
-1.649
-1.556
-1.472
-1.359
-1.268
-1.27
-1.302
-1.268
-1.2
-1.125
-1.05
-0.95
-0.866
-0.837
-0.814
-0.723
-0.624
-0.615
-0.619
-0.519
-0.397
-0.336
-0.32
-0.326
-0.354
-0.429
-0.485
-0.488
-0.447
-0.424
-0.415
-0.408
-0.388
-0.34
-0.311
-0.313
-0.37
-0.413
-0.381
-0.274
-0.152
-0.032
0.059
0.145
0.245
0.363
0.424
0.451
0.503
0.556
0.569
0.59
0.662
0.728
0.848
1.041
1.236
1.377
1.447
1.502
1.567
1.588
1.506
1.379
1.252
1.123
0.986
0.9
0.871
0.864
0.864
0.866
0.921
1.034
1.136
1.159
1.123
1.082
1.07
1.025
0.923
0.83
0.803
0.801
0.819
0.869
0.921
0.928
0.884
0.841
0.837
0.823
0.764
0.764
0.884
0.989
1.021
1.052
1.134
1.243
1.318
1.352
1.356
1.318
1.281
1.302
1.356
1.402
1.447
1.526
1.62
1.722
1.844
1.998
2.123
2.159
2.139
2.125
2.087
1.982
1.853
1.731
1.624
1.563
1.554
1.615
1.733
1.88
2.019
2.066
2.069
2.093
2.123
2.093
2.053
2.066
2.13
2.2
2.277
2.373
2.466
2.518
2.543
2.602
2.71
2.776
2.806
2.912
3.044
3.103
3.101
3.107
3.148
3.185
3.209
3.257
3.327
3.405
3.509
3.62
3.675
3.679
3.675
3.681
3.711
3.756
3.799
3.86
3.951
4.092
4.237
4.35
4.441
4.498
4.516
4.509
4.514
4.532
4.516
4.45
4.394
4.376
4.382
4.337
4.276
4.285
4.305
4.273
4.285
4.348
4.376
4.35
4.278
4.217
4.167
4.151
4.221
4.4
4.6
4.782
4.963
5.165
5.319
5.364
5.333
5.256
5.176
5.149
5.199
5.283
5.36
5.464
5.564
5.546
5.446
5.337
5.26
5.185
5.088
4.97
4.847
4.741
4.639
4.575
4.555
4.5
4.412
4.364
4.357
4.405
4.523
4.598
4.548
4.466
4.425
4.407
4.33
4.217
4.187
4.242
4.253
4.205
4.176
4.167
4.117
4.042
3.997
3.972
3.965
4.003
4.133
4.321
4.437
4.425
4.364
4.332
4.312
4.292
4.266
4.251
4.262
4.305
4.389
4.484
4.609
4.782
4.924
4.986
5.063
5.235
5.473
5.705
5.859
5.918
5.888
5.816
5.736
5.677
5.616
5.53
5.46
5.437
5.485
5.584
5.714
5.82
5.893
5.984
6.124
6.267
6.356
6.428
6.501
6.51
6.419
6.281
6.152
6.077
6.011
5.915
5.813
5.732
5.68
5.686
5.77
5.884
5.925
5.886
5.882
5.963
6.04
6.025
5.884
5.718
5.596
5.512
5.414
5.285
5.21
5.21
5.192
5.131
5.067
5.074
5.115
5.156
5.176
5.196
5.262
5.358
5.455
5.557
5.605
5.557
5.482
5.421
5.364
5.289
5.194
5.099
5.056
5.081
5.174
5.296
5.414
5.582
5.786
5.929
5.997
6.056
6.142
6.213
6.17
6.065
6.018
6.006
6.02
6.059
6.102
6.113
6.072
6.036
6.106
6.215
6.249
6.185
6.092
6.013
5.986
5.943
5.827
5.634
5.462
5.344
5.222
5.029
4.827
4.641
4.43
4.171
3.929
3.74
3.622
3.552
3.543
3.559
3.561
3.566
3.638
3.761
3.806
3.706
3.498
3.273
3.069
2.924
2.826
2.713
2.572
2.534
2.647
2.797
2.863
2.912
3.003
3.067
3.046
3.058
3.157
3.269
3.346
3.45
3.593
3.729
3.838
3.981
4.183
4.355
4.416
4.409
4.425
4.523
4.639
4.682
4.663
4.711
4.886
5.115
5.267
5.326
5.373
5.403
5.324
5.142
5.015
4.954
4.856
4.745
4.709
4.725
4.725
4.707
4.725
4.77
4.747
4.636
4.514
4.448
4.423
4.403
4.364
4.323
4.353
4.459
4.555
4.568
4.507
4.459
4.416
4.321
4.232
4.194
4.137
4.01
3.933
3.979
4.04
3.979
3.845
3.808
3.892
3.944
3.904
3.847
3.858
3.886
3.826
3.672
3.507
3.414
3.364
3.291
3.234
3.28
3.366
3.405
3.389
3.384
3.405
3.407
3.432
3.52
3.64
3.666
3.582
3.541
3.622
3.711
3.649
3.493
3.375
3.341
3.341
3.312
3.278
3.28
3.321
3.38
3.423
3.446
3.473
3.489
3.441
3.312
3.164
3.046
2.894
2.674
2.499
2.429
2.366
2.25
2.177
2.22
2.273
2.168
1.971
1.876
1.914
1.969
1.948
1.878
1.824
1.762
1.683
1.624
1.594
1.522
1.424
1.365
1.356
1.359
1.365
1.329
1.3
1.372
1.481
1.474
1.39
1.368
1.476
1.606
1.64
1.592
1.57
1.603
1.617
1.574
1.551
1.601
1.676
1.733
1.815
1.942
2.107
2.27
2.402
2.475
2.477
2.445
2.418
2.411
2.384
2.325
2.25
2.182
2.196
2.286
2.304
2.18
2.06
2.069
2.103
2.028
1.894
1.79
1.672
1.486
1.275
1.15
1.12
1.12
1.134
1.17
1.245
1.313
1.34
1.327
1.279
1.198
1.093
0.998
0.955
1.014
1.134
1.211
1.204
1.188
1.193
1.145
1.007
0.891
0.866
0.882
0.869
0.882
0.977
1.036
0.984
0.878
0.857
0.946
0.977
0.869
0.769
0.835
0.989
1.048
0.982
0.912
0.891
0.898
0.928
0.973
1.025
1.061
1.077
1.073
1.059
1.012
0.925
0.785
0.615
0.472
0.351
0.258
0.247
0.317
0.331
0.184
-0.007
-0.077
-0.05
-0.086
-0.215
-0.313
-0.34
-0.347
-0.379
-0.456
-0.578
-0.68
-0.776
-0.884
-1.016
-1.159
-1.254
-1.329
-1.458
-1.599
-1.672
-1.715
-1.792
-1.901
-1.953
-1.914
-1.907
-1.971
-2.035
-2.066
-2.171
-2.357
-2.509
-2.543
-2.534
-2.559
-2.57
-2.504
-2.406
-2.354
-2.343
-2.357
-2.357
-2.33
-2.325
-2.33
-2.257
-2.13
-2.066
-2.075
-2.009
-1.862
-1.751
-1.751
-1.765
-1.696
-1.594
-1.533
-1.486
-1.404
-1.347
-1.365
-1.365
-1.288
-1.17
-1.059
-0.982
-0.957
-0.95
-0.996
-1.077
-1.173
-1.25
-1.325
-1.406
-1.517
-1.574
-1.502
-1.4
-1.377
-1.436
-1.472
-1.456
-1.488
-1.642
-1.812
-1.889
-1.892
-1.867
-1.833
-1.84
-1.914
-1.987
-2.019
-2.028
-2.028
-2.035
-2.069
-2.146
-2.246
-2.327
-2.4
-2.511
-2.638
-2.704
-2.692
-2.672
-2.692
-2.713
-2.713
-2.701
-2.719
-2.779
-2.835
-2.967
-3.203
-3.423
-3.504
-3.5
-3.516
-3.563
-3.613
-3.663
-3.765
-3.913
-4.049
-4.11
-4.153
-4.251
-4.35
-4.394
-4.348
-4.253
-4.199
-4.223
-4.294
-4.362
-4.434
-4.536
-4.661
-4.761
-4.854
-4.976
-5.086
-5.054
-4.933
-4.872
-4.913
-4.922
-4.863
-4.786
-4.693
-4.616
-4.643
-4.779
-4.974
-5.079
-5.004
-4.918
-4.936
-4.954
-4.909
-4.831
-4.727
-4.627
-4.579
-4.605
-4.643
-4.668
-4.65
-4.591
-4.512
-4.498
-4.559
-4.568
-4.518
-4.484
-4.516
-4.53
-4.482
-4.432
-4.412
-4.362
-4.255
-4.139
-4.069
-4.046
-4.044
-4.033
-3.979
-3.895
-3.892
-4.015
-4.158
-4.212
-4.187
-4.187
-4.226
-4.264
-4.28
-4.271
-4.239
-4.194
-4.201
-4.28
-4.369
-4.394
-4.378
-4.416
-4.505
-4.541
-4.536
-4.541
-4.523
-4.387
-4.18
-4.026
-3.965
-3.956
-3.926
-3.89
-3.924
-4.015
-4.124
-4.178
-4.151
-4.09
-4.067
-4.081
-4.058
-3.976
-3.863
-3.756
-3.704
-3.759
-3.886
-4.01
-4.074
-4.106
-4.124
-4.153
-4.196
-4.219
-4.23
-4.251
-4.228
-4.164
-4.106
-4.069
-4.022
-3.924
-3.822
-3.77
-3.729
-3.695
-3.715
-3.743
-3.72
-3.67
-3.663
-3.747
-3.892
-4.035
-4.117
-4.142
-4.155
-4.208
-4.283
-4.348
-4.394
-4.394
-4.376
-4.369
-4.407
-4.457
-4.477
-4.45
-4.394
-4.344
-4.273
-4.189
-4.085
-3.974
-3.886
-3.811
-3.711
-3.634
-3.611
-3.611
-3.595
-3.636
-3.727
-3.783
-3.813
-3.906
-4.053
-4.171
-4.167
-4.094
-4.063
-4.11
-4.187
-4.242
-4.335
-4.487
-4.636
-4.711
-4.732
-4.732
-4.736
-4.732
-4.7
-4.657
-4.6
-4.575
-4.582
-4.591
-4.589
-4.62
-4.686
-4.734
-4.718
-4.679
-4.634
-4.557
-4.448
-4.353
-4.305
-4.337
-4.391
-4.434
-4.437
-4.387
-4.298
-4.242
-4.278
-4.314
-4.228
-4.065
-3.908
-3.745
-3.547
-3.362
-3.253
-3.219
-3.198
-3.203
-3.219
-3.221
-3.221
-3.241
-3.289
-3.33
-3.357
-3.368
-3.334
-3.264
-3.203
-3.185
-3.219
-3.255
-3.264
-3.25
-3.207
-3.132
-3.03
-2.949
-2.965
-3.042
-3.089
-3.107
-3.101
-3.062
-3.035
-3.064
-3.13
-3.169
-3.18
-3.155
-3.098
-3.051
-3.053
-3.078
-3.098
-3.128
-3.237
-3.362
-3.429
-3.486
-3.606
-3.77
-3.906
-4.015
-4.065
-4.053
-3.988
-3.858
-3.745
-3.747
-3.802
-3.804
-3.777
-3.781
-3.759
-3.666
-3.563
-3.518
-3.541
-3.541
-3.552
-3.62
-3.695
-3.722
-3.697
-3.679
-3.686
-3.709
-3.729
-3.699
-3.559
-3.377
-3.259
-3.264
-3.325
-3.402
-3.486
-3.57
-3.593
-3.527
-3.484
-3.534
-3.611
-3.611
-3.538
-3.443
-3.303
-3.116
-2.965
-2.906
-2.896
-2.881
-2.872
-2.944
-3.051
-3.071
-2.98
-2.863
-2.808
-2.86
-2.894
-2.863
-2.785
-2.722
-2.656
-2.633
-2.686
-2.815
-2.951
-2.999
-2.967
-2.903
-2.849
-2.776
-2.717
-2.697
-2.699
-2.633
-2.495
-2.359
-2.27
-2.23
-2.168
-2.071
-2.007
-1.957
-1.86
-1.701
-1.54
-1.443
-1.404
-1.381
-1.37
-1.325
-1.218
-1.077
-0.928
-0.835
-0.803
-0.778
-0.701
-0.569
-0.429
-0.336
-0.311
-0.331
-0.349
-0.374
-0.388
-0.374
-0.333
-0.351
-0.39
-0.392
-0.392
-0.415
-0.488
-0.562
-0.592
-0.633
-0.719
-0.796
-0.871
-0.984
-1.116
-1.177
-1.123
-1.025
-1
-1.07
-1.145
-1.204
-1.216
-1.195
-1.17
-1.186
-1.232
-1.254
-1.227
-1.168
-1.061
-0.912
-0.764
-0.685
-0.71
-0.764
-0.794
-0.773
-0.739
-0.683
-0.608
-0.517
-0.381
-0.224
-0.127
-0.109
-0.068
0.041
0.209
0.342
0.381
0.345
0.272
0.227
0.254
0.324
0.399
0.46
0.497
0.531
0.585
0.66
0.726
0.78
0.832
0.837
0.789
0.735
0.687
0.644
0.58
0.556
0.63
0.753
0.832
0.839
0.796
0.748
0.742
0.78
0.853
0.957
1.046
1.089
1.134
1.227
1.356
1.456
1.56
1.703
1.842
1.919
1.948
2.06
2.268
2.452
2.554
2.624
2.717
2.806
2.847
2.874
2.944
3.053
3.11
3.098
3.064
3.039
3.003
2.978
2.987
3.055
3.166
3.271
3.293
3.248
3.176
3.08
2.983
2.908
2.838
2.736
2.626
2.545
2.513
2.531
2.547
2.54
2.538
2.536
2.477
2.379
2.291
2.25
2.218
2.132
1.978
1.842
1.796
1.796
1.812
1.849
1.885
1.937
2.023
2.114
2.15
2.11
2.064
2.082
2.146
2.157
2.155
2.191
2.277
2.334
2.37
2.42
2.524
2.615
2.633
2.636
2.701
2.808
2.885
2.933
2.958
2.951
2.892
2.828
2.853
2.906
2.946
2.953
2.965
3.033
3.132
3.176
3.157
3.137
3.123
3.076
2.994
2.974
3.037
3.053
2.958
2.892
2.926
2.965
2.917
2.847
2.84
2.847
2.788
2.71
2.688
2.686
2.597
2.436
2.354
2.379
2.406
2.357
2.311
2.345
2.429
2.495
2.552
2.55
2.461
2.323
2.159
2.005
1.894
1.862
1.88
1.896
1.91
1.912
1.91
1.923
1.964
1.989
1.98
1.978
2.005
2.026
1.98
1.878
1.853
1.921
1.96
1.951
1.966
2.053
2.159
2.22
2.277
2.386
2.47
2.466
2.432
2.406
2.395
2.382
2.395
2.484
2.57
2.552
2.502
2.57
2.729
2.794
2.733
2.679
2.686
2.688
2.67
2.667
2.719
2.774
2.774
2.736
2.713
2.758
2.835
2.84
2.769
2.706
2.661
2.611
2.561
2.509
2.423
2.32
2.284
2.304
2.336
2.316
2.293
2.33
2.418
2.443
2.391
2.336
2.295
2.207
2.119
2.137
2.277
2.384
2.366
2.343
2.402
2.49
2.547
2.611
2.695
2.74
2.726
2.724
2.749
2.726
2.624
2.55
2.586
2.645
2.676
2.71
2.783
2.86
2.944
3.044
3.101
3.085
3.058
3.039
3.028
3.044
3.148
3.346
3.489
3.502
3.511
3.579
3.67
3.72
3.715
3.645
3.504
3.339
3.214
3.191
3.221
3.221
3.223
3.28
3.334
3.375
3.45
3.561
3.638
3.62
3.554
3.482
3.396
3.316
3.323
3.42
3.518
3.602
3.677
3.749
3.804
3.815
3.761
3.693
3.643
3.586
3.543
3.529
3.518
3.516
3.543
3.575
3.554
3.504
3.443
3.348
3.266
3.219
3.132
2.996
2.867
2.831
2.842
2.792
2.713
2.704
2.763
2.833
2.903
3.003
3.092
3.067
2.953
2.876
2.894
2.917
2.901
2.915
2.974
3.008
3.008
3.037
3.098
3.142
3.132
3.051
2.939
2.819
2.729
2.695
2.695
2.676
2.661
2.663
2.726
2.806
2.817
2.81
2.86
2.921
2.935
2.98
3.067
3.116
3.13
3.153
3.212
3.287
3.323
3.348
3.409
3.479
3.513
3.523
3.513
3.525
3.573
3.584
3.534
3.491
3.504
3.534
3.604
3.747
3.881
3.956
3.994
4.022
4.092
4.248
4.414
4.541
4.659
4.761
4.818
4.793
4.734
4.698
4.648
4.548
4.482
4.489
4.534
4.582
4.666
4.809
4.988
5.119
5.149
5.117
5.067
4.976
4.859
4.741
4.623
4.498
4.353
4.257
4.217
4.18
4.126
4.069
3.988
3.899
3.786
3.584
3.291
2.956
2.643
2.361
2.093
1.883
1.776
1.753
1.726
1.651
1.56
1.47
1.354
1.232
1.107
0.937
0.771
0.669
0.655
0.687
0.712
0.719
0.714
0.69
0.658
0.655
0.667
0.637
0.517
0.377
0.29
0.249
0.252
0.347
0.56
0.81
1.012
1.184
1.325
1.402
1.402
1.363
1.313
1.263
1.261
1.365
1.583
1.873
2.198
2.534
2.842
3.11
3.341
3.518
3.609
3.611
3.57
3.532
3.513
3.529
3.616
3.752
3.892
4.033
4.194
4.319
4.391
4.423
4.439
4.425
4.31
4.137
4.056
4.083
4.115
4.16
4.276
4.407
4.464
4.462
4.459
4.425
4.316
4.13
3.931
3.695
3.439
3.28
3.237
3.25
3.246
3.198
3.137
3.067
2.965
2.797
2.606
2.418
2.214
2.039
1.96
1.939
1.944
2.016
2.137
2.205
2.239
2.304
2.334
2.279
2.171
2.005
1.812
1.658
1.606
1.651
1.746
1.833
1.903
1.985
2.093
2.198
2.279
2.32
2.268
2.128
1.989
1.923
1.885
1.849
1.871
1.978
2.103
2.184
2.275
2.366
2.402
2.352
2.225
2.016
1.735
1.463
1.259
1.125
0.989
0.81
0.628
0.47
0.331
0.168
-0.013
-0.22
-0.422
-0.601
-0.776
-0.971
-1.163
-1.297
-1.377
-1.454
-1.581
-1.731
-1.855
-1.96
-2.055
-2.134
-2.193
-2.243
-2.279
-2.255
-2.141
-1.98
-1.858
-1.806
-1.81
-1.858
-1.926
-1.996
-2.119
-2.339
-2.593
-2.763
-2.81
-2.79
-2.776
-2.774
-2.749
-2.738
-2.719
-2.686
-2.593
-2.463
-2.425
-2.477
-2.518
-2.432
-2.243
-2.019
-1.799
-1.601
-1.452
-1.336
-1.238
-1.182
-1.154
-1.123
-1.102
-1.064
-0.973
-0.819
-0.63
-0.415
-0.177
0.05
0.231
0.363
0.467
0.503
0.438
0.329
0.206
0.054
-0.068
-0.086
0
0.172
0.386
0.626
0.862
1.052
1.161
1.173
1.12
1.032
0.884
0.664
0.449
0.336
0.329
0.367
0.379
0.299
0.109
-0.131
-0.36
-0.549
-0.742
-0.996
-1.318
-1.622
-1.801
-1.869
-1.914
-2.007
-2.164
-2.382
-2.631
-2.797
-2.89
-2.962
-3.064
-3.212
-3.312
-3.282
-3.107
-2.84
-2.59
-2.425
-2.311
-2.214
-2.114
-2.003
-1.969
-2.078
-2.341
-2.663
-2.937
-3.085
-3.128
-3.114
-3.116
-3.126
-3.101
-3.001
-2.831
-2.658
-2.599
-2.654
-2.736
-2.842
-2.933
-2.999
-3.037
-3.087
-3.157
-3.228
-3.232
-3.135
-2.971
-2.84
-2.722
-2.568
-2.409
-2.252
-2.141
-2.103
-2.098
-2.087
-2.069
-2.066
-2.121
-2.223
-2.32
-2.423
-2.565
-2.713
-2.84
-2.967
-3.073
-3.103
-3.017
-2.853
-2.654
-2.443
-2.25
-2.087
-1.957
-1.871
-1.889
-2.021
-2.261
-2.552
-2.747
-2.785
-2.701
-2.545
-2.339
-2.143
-1.96
-1.742
-1.474
-1.195
-1.023
-0.993
-1.025
-0.998
-0.95
-0.957
-1.05
-1.259
-1.522
-1.737
-1.869
-1.944
-2.009
-2.089
-2.087
-1.937
-1.778
-1.749
-1.785
-1.717
-1.556
-1.522
-1.713
-1.985
-2.146
-2.227
-2.395
-2.738
-3.123
-3.364
-3.436
-3.416
-3.391
-3.398
-3.375
-3.321
-3.287
-3.314
-3.402
-3.466
-3.452
-3.429
-3.495
-3.652
-3.763
-3.824
-3.979
-4.212
-4.414
-4.552
-4.668
-4.822
-4.936
-4.967
-4.947
-5.006
-5.183
-5.385
-5.523
-5.584
-5.514
-5.335
-5.174
-5.079
-4.986
-4.843
-4.768
-4.809
-4.897
-4.94
-4.92
-4.856
-4.747
-4.532
-4.219
-3.881
-3.627
-3.495
-3.396
-3.262
-3.092
-2.985
-3.017
-3.171
-3.305
-3.316
-3.318
-3.452
-3.736
-3.979
-4.115
-4.246
-4.468
-4.698
-4.861
-4.999
-5.196
-5.478
-5.782
-5.984
-6.063
-6.136
-6.281
-6.408
-6.394
-6.254
-6.124
-6.165
-6.356
-6.544
-6.642
-6.682
-6.73
-6.782
-6.757
-6.582
-6.329
-6.068
-5.85
-5.73
-5.736
-5.782
-5.739
-5.6
-5.426
-5.242
-5.049
-4.872
-4.775
-4.791
-4.825
-4.743
-4.611
-4.523
-4.425
-4.257
-3.992
-3.684
-3.491
-3.457
-3.561
-3.679
-3.743
-3.724
-3.69
-3.666
-3.597
-3.47
-3.407
-3.446
-3.536
-3.679
-3.906
-4.176
-4.341
-4.339
-4.212
-4.092
-4.037
-3.99
-3.897
-3.79
-3.752
-3.765
-3.749
-3.672
-3.573
-3.518
-3.536
-3.545
-3.495
-3.432
-3.414
-3.407
-3.357
-3.253
-3.146
-3.044
-2.915
-2.776
-2.704
-2.731
-2.751
-2.769
-2.833
-2.896
-2.869
-2.729
-2.565
-2.486
-2.47
-2.42
-2.32
-2.248
-2.286
-2.402
-2.529
-2.577
-2.554
-2.506
-2.475
-2.472
-2.502
-2.545
-2.608
-2.647
-2.626
-2.586
-2.602
-2.649
-2.697
-2.754
-2.824
-2.956
-3.151
-3.362
-3.545
-3.668
-3.706
-3.62
-3.455
-3.371
-3.432
-3.491
-3.502
-3.52
-3.566
-3.582
-3.484
-3.289
-3.098
-2.994
-2.908
-2.799
-2.674
-2.615
-2.67
-2.799
-2.91
-2.93
-2.926
-2.946
-2.96
-2.967
-2.994
-3.033
-3.067
-3.042
-2.958
-2.849
-2.765
-2.704
-2.645
-2.593
-2.568
-2.608
-2.701
-2.803
-2.885
-2.994
-3.076
-3.049
-2.999
-3.03
-3.119
-3.155
-3.123
-3.067
-3.017
-2.965
-2.858
-2.697
-2.552
-2.447
-2.366
-2.286
-2.255
-2.313
-2.391
-2.416
-2.377
-2.332
-2.307
-2.293
-2.25
-2.182
-2.121
-2.06
-1.976
-1.833
-1.694
-1.644
-1.672
-1.683
-1.669
-1.71
-1.849
-2.096
-2.391
-2.626
-2.767
-2.835
-2.912
-3.01
-3.085
-3.114
-3.089
-3.028
-2.978
-2.935
-2.86
-2.824
-2.844
-2.876
-2.894
-2.944
-3.001
-3.046
-3.08
-3.107
-3.087
-2.967
-2.779
-2.583
-2.382
-2.155
-1.842
-1.479
-1.145
-0.875
-0.601
-0.308
-0.068
0.075
0.188
0.338
0.506
0.567
0.522
0.488
0.51
0.59
0.712
0.873
1.023
1.15
1.25
1.309
1.322
1.284
1.25
1.288
1.329
1.268
1.157
1.116
1.123
1.043
0.869
0.719
0.615
0.537
0.503
0.494
0.501
0.501
0.492
0.479
0.458
0.381
0.238
0.122
0.034
-0.043
-0.109
-0.14
-0.107
-0.027
0.002
-0.041
-0.063
-0.045
-0.027
0.011
0.088
0.145
0.143
0.122
0.136
0.17
0.233
0.317
0.383
0.406
0.415
0.481
0.594
0.692
0.712
0.662
0.637
0.66
0.646
0.594
0.571
0.583
0.612
0.58
0.528
0.517
0.51
0.417
0.297
0.258
0.24
0.15
0.063
0.054
0.075
0.066
0.066
0.116
0.134
0.118
0.116
0.125
0.15
0.168
0.181
0.24
0.331
0.365
0.354
0.404
0.506
0.54
0.494
0.465
0.492
0.528
0.494
0.395
0.338
0.324
0.256
0.181
0.19
0.218
0.186
0.177
0.231
0.231
0.093
-0.054
-0.157
-0.261
-0.388
-0.458
-0.417
-0.283
-0.168
-0.107
0
0.168
0.311
0.381
0.453
0.519
0.565
0.642
0.748
0.848
0.862
0.798
0.739
0.783
0.848
0.878
0.957
1.148
1.334
1.393
1.361
1.374
1.409
1.354
1.252
1.198
1.175
1.105
1.016
0.939
0.871
0.744
0.565
0.433
0.383
0.29
0.129
-0.011
-0.131
-0.288
-0.47
-0.633
-0.708
-0.71
-0.726
-0.771
-0.792
-0.762
-0.755
-0.837
-0.953
-1.057
-1.213
-1.415
-1.515
-1.497
-1.447
-1.429
-1.34
-1.141
-0.916
-0.794
-0.751
-0.617
-0.413
-0.32
-0.29
-0.166
0.004
0.1
0.181
0.338
0.533
0.687
0.81
0.962
1.143
1.32
1.488
1.638
1.801
1.926
1.971
2.007
2.1
2.193
2.209
2.205
2.25
2.304
2.313
2.248
2.182
2.159
2.103
1.964
1.86
1.828
1.771
1.692
1.676
1.663
1.579
1.467
1.418
1.42
1.345
1.193
1.043
0.95
0.919
0.878
0.835
0.88
0.984
1.048
1.086
1.209
1.386
1.517
1.592
1.644
1.66
1.629
1.542
1.429
1.343
1.27
1.204
1.232
1.352
1.449
1.479
1.517
1.633
1.735
1.785
1.828
1.837
1.749
1.579
1.422
1.284
1.159
1.043
0.946
0.921
0.982
1.046
1.109
1.236
1.35
1.338
1.216
1.091
0.982
0.88
0.723
0.601
0.574
0.594
0.594
0.599
0.626
0.658
0.646
0.651
0.714
0.744
0.712
0.721
0.757
0.739
0.671
0.597
0.58
0.617
0.626
0.599
0.626
0.669
0.64
0.571
0.524
0.485
0.44
0.426
0.483
0.615
0.748
0.83
0.91
0.975
0.977
0.887
0.769
0.705
0.667
0.567
0.456
0.492
0.612
0.646
0.597
0.592
0.696
0.807
0.871
0.912
0.982
1.082
1.132
1.157
1.216
1.279
1.309
1.374
1.49
1.574
1.61
1.674
1.83
1.998
2.087
2.121
2.15
2.189
2.139
1.987
1.86
1.785
1.706
1.615
1.583
1.622
1.715
1.84
1.966
2.062
2.078
2.037
1.989
1.889
1.756
1.653
1.576
1.504
1.422
1.297
1.159
1.082
1.052
1.016
0.984
1.034
1.107
1.102
1.059
1.014
0.941
0.891
0.871
0.869
0.889
0.88
0.866
0.907
0.971
0.964
0.889
0.803
0.744
0.705
0.644
0.644
0.751
0.889
1
1.059
1.118
1.193
1.275
1.316
1.318
1.325
1.338
1.32
1.297
1.284
1.191
1.052
0.982
1.005
1.005
0.946
0.91
0.975
1.055
1.075
1.134
1.243
1.322
1.297
1.204
1.134
1.154
1.182
1.175
1.209
1.304
1.372
1.374
1.397
1.424
1.379
1.306
1.275
1.256
1.213
1.152
1.134
1.184
1.229
1.225
1.229
1.281
1.354
1.418
1.415
1.415
1.454
1.458
1.383
1.316
1.311
1.334
1.325
1.29
1.252
1.238
1.286
1.347
1.354
1.293
1.238
1.229
1.234
1.163
1.041
0.971
0.964
0.989
0.948
0.826
0.744
0.751
0.73
0.621
0.513
0.47
0.476
0.508
0.565
0.621
0.683
0.744
0.835
0.953
1.041
1.073
1.148
1.243
1.297
1.316
1.35
1.368
1.338
1.229
1.114
1.052
1.057
1.109
1.175
1.243
1.284
1.327
1.361
1.361
1.331
1.3
1.304
1.322
1.29
1.195
1.123
1.168
1.25
1.266
1.243
1.275
1.383
1.506
1.588
1.626
1.644
1.62
1.547
1.445
1.336
1.266
1.243
1.263
1.288
1.281
1.288
1.356
1.492
1.62
1.701
1.749
1.815
1.885
1.93
1.982
2.037
2.128
2.236
2.302
2.336
2.366
2.397
2.429
2.461
2.466
2.418
2.357
2.352
2.391
2.375
2.304
2.259
2.23
2.186
2.089
1.989
1.905
1.821
1.69
1.56
1.472
1.402
1.334
1.256
1.188
1.184
1.277
1.463
1.685
1.835
1.883
1.883
1.885
1.871
1.801
1.728
1.708
1.706
1.665
1.615
1.64
1.765
1.944
2.134
2.334
2.515
2.643
2.724
2.797
2.853
2.869
2.876
2.856
2.783
2.695
2.638
2.645
2.726
2.838
2.933
2.999
3.046
3.049
2.996
2.892
2.801
2.776
2.79
2.785
2.724
2.629
2.559
2.52
2.518
2.534
2.531
2.495
2.434
2.379
2.295
2.18
2.134
2.207
2.32
2.368
2.379
2.402
2.379
2.298
2.218
2.189
2.18
2.1
1.955
1.792
1.653
1.56
1.511
1.533
1.603
1.658
1.685
1.703
1.719
1.699
1.62
1.511
1.397
1.272
1.168
1.168
1.279
1.472
1.715
1.942
2.116
2.286
2.504
2.719
2.813
2.806
2.781
2.763
2.769
2.776
2.792
2.767
2.688
2.622
2.59
2.643
2.783
2.946
3.049
3.037
2.949
2.89
2.903
2.93
2.928
2.915
2.912
2.917
2.935
2.974
3.037
3.119
3.171
3.148
3.049
2.915
2.81
2.794
2.869
2.974
3.087
3.23
3.4
3.547
3.625
3.634
3.588
3.525
3.459
3.389
3.289
3.164
3.005
2.819
2.672
2.586
2.624
2.797
2.971
3.051
3.092
3.135
3.162
3.13
3.035
2.933
2.808
2.654
2.552
2.611
2.842
3.116
3.334
3.464
3.509
3.475
3.391
3.314
3.321
3.362
3.391
3.4
3.42
3.439
3.446
3.502
3.6
3.645
3.586
3.436
3.237
3.069
2.989
2.971
2.892
2.731
2.574
2.499
2.484
2.472
2.486
2.577
2.67
2.683
2.643
2.613
2.617
2.613
2.579
2.509
2.447
2.463
2.597
2.769
2.887
2.921
2.89
2.869
2.883
2.872
2.833
2.806
2.806
2.824
2.872
2.976
3.089
3.142
3.137
3.107
3.103
3.166
3.296
3.414
3.455
3.405
3.296
3.171
3.126
3.203
3.312
3.373
3.355
3.339
3.33
3.273
3.142
3.033
2.976
2.858
2.658
2.411
2.202
2.057
1.969
1.928
1.942
1.973
1.962
1.892
1.801
1.685
1.529
1.386
1.259
1.163
1.091
1.055
0.975
0.807
0.63
0.535
0.474
0.379
0.276
0.281
0.397
0.488
0.458
0.386
0.388
0.46
0.562
0.685
0.771
0.792
0.803
0.905
1.114
1.361
1.565
1.683
1.717
1.744
1.851
2.03
2.216
2.352
2.434
2.488
2.52
2.504
2.515
2.649
2.847
2.939
2.894
2.842
2.86
2.881
2.822
2.708
2.611
2.588
2.593
2.586
2.563
2.511
2.416
2.295
2.205
2.184
2.232
2.27
2.157
1.91
1.701
1.608
1.526
1.424
1.356
1.302
1.173
0.989
0.894
0.916
1.023
1.064
0.986
0.821
0.653
0.531
0.42
0.322
0.215
0.129
0.095
0.113
0.113
0.102
0.122
0.195
0.29
0.404
0.517
0.592
0.676
0.766
0.844
0.928
1.05
1.143
1.193
1.211
1.193
1.152
1.166
1.272
1.402
1.474
1.465
1.436
1.427
1.467
1.529
1.606
1.656
1.644
1.583
1.488
1.365
1.22
1.109
1.03
0.989
1.018
1.111
1.15
1.08
0.989
0.939
0.903
0.903
0.941
0.93
0.814
0.646
0.513
0.399
0.313
0.304
0.326
0.331
0.276
0.209
0.2
0.211
0.172
0.136
0.12
0.084
0.075
0.161
0.249
0.281
0.27
0.286
0.326
0.374
0.349
0.286
0.231
0.163
0.063
-0.034
-0.041
0.029
0.1
0.097
0.075
0.082
0.109
0.163
0.247
0.274
0.19
0.082
0.043
0.068
0.034
-0.097
-0.229
-0.317
-0.438
-0.585
-0.68
-0.739
-0.832
-0.925
-0.925
-0.884
-0.903
-0.982
-1.07
-1.13
-1.161
-1.163
-1.143
-1.105
-1.084
-1.091
-1.179
-1.32
-1.438
-1.467
-1.436
-1.347
-1.229
-1.093
-0.948
-0.771
-0.535
-0.304
-0.193
-0.197
-0.206
-0.245
-0.336
-0.41
-0.422
-0.438
-0.456
-0.404
-0.283
-0.166
-0.095
-0.032
0.013
0.041
0.034
-0.004
-0.107
-0.218
-0.313
-0.406
-0.506
-0.535
-0.479
-0.381
-0.308
-0.299
-0.336
-0.404
-0.463
-0.535
-0.653
-0.841
-1.023
-1.102
-1.093
-1.096
-1.132
-1.134
-1.105
-1.086
-1.1
-1.145
-1.241
-1.361
-1.497
-1.649
-1.812
-1.946
-2.019
-2.057
-2.146
-2.243
-2.302
-2.336
-2.37
-2.409
-2.438
-2.481
-2.57
-2.681
-2.767
-2.828
-2.906
-2.974
-3.01
-3.003
-2.971
-2.958
-2.985
-3.028
-3.08
-3.151
-3.209
-3.237
-3.23
-3.216
-3.207
-3.194
-3.107
-2.946
-2.736
-2.561
-2.493
-2.497
-2.506
-2.47
-2.481
-2.554
-2.59
-2.561
-2.518
-2.443
-2.286
-2.084
-1.923
-1.801
-1.687
-1.608
-1.61
-1.692
-1.801
-1.914
-2.053
-2.177
-2.234
-2.236
-2.225
-2.177
-2.11
-2.112
-2.18
-2.264
-2.35
-2.461
-2.588
-2.695
-2.776
-2.86
-2.939
-2.987
-3.049
-3.155
-3.264
-3.346
-3.416
-3.523
-3.649
-3.797
-3.942
-4.065
-4.178
-4.276
-4.371
-4.459
-4.482
-4.419
-4.319
-4.278
-4.278
-4.285
-4.321
-4.366
-4.4
-4.432
-4.457
-4.462
-4.45
-4.414
-4.346
-4.219
-4.087
-4.003
-3.976
-3.938
-3.89
-3.869
-3.863
-3.845
-3.831
-3.847
-3.854
-3.838
-3.795
-3.768
-3.802
-3.863
-3.895
-3.901
-3.91
-3.904
-3.892
-3.919
-3.976
-3.992
-3.958
-3.888
-3.815
-3.765
-3.754
-3.804
-3.901
-3.958
-3.951
-3.947
-3.965
-4.024
-4.081
-4.069
-3.99
-3.901
-3.842
-3.783
-3.763
-3.749
-3.715
-3.697
-3.77
-3.924
-4.069
-4.139
-4.205
-4.31
-4.412
-4.473
-4.509
-4.582
-4.686
-4.747
-4.709
-4.616
-4.555
-4.57
-4.65
-4.702
-4.716
-4.741
-4.806
-4.904
-4.986
-5.063
-5.165
-5.235
-5.226
-5.172
-5.095
-5.008
-4.938
-4.883
-4.802
-4.684
-4.598
-4.584
-4.62
-4.648
-4.634
-4.634
-4.684
-4.734
-4.727
-4.675
-4.579
-4.432
-4.278
-4.16
-4.049
-3.91
-3.777
-3.654
-3.554
-3.475
-3.441
-3.45
-3.461
-3.457
-3.448
-3.434
-3.411
-3.405
-3.423
-3.486
-3.582
-3.69
-3.768
-3.851
-3.988
-4.176
-4.344
-4.493
-4.625
-4.736
-4.836
-4.924
-4.976
-5.015
-5.056
-5.095
-5.176
-5.31
-5.392
-5.369
-5.326
-5.346
-5.382
-5.376
-5.33
-5.299
-5.269
-5.224
-5.199
-5.174
-5.129
-5.067
-5.063
-5.119
-5.16
-5.181
-5.19
-5.181
-5.156
-5.081
-4.988
-4.915
-4.861
-4.788
-4.682
-4.57
-4.489
-4.457
-4.425
-4.341
-4.223
-4.103
-3.99
-3.892
-3.836
-3.822
-3.829
-3.829
-3.813
-3.813
-3.806
-3.786
-3.77
-3.727
-3.654
-3.563
-3.498
-3.443
-3.366
-3.284
-3.25
-3.264
-3.262
-3.232
-3.257
-3.357
-3.434
-3.446
-3.423
-3.42
-3.459
-3.493
-3.5
-3.491
-3.518
-3.568
-3.631
-3.695
-3.765
-3.86
-3.992
-4.13
-4.228
-4.296
-4.366
-4.428
-4.518
-4.643
-4.761
-4.854
-4.947
-5.074
-5.237
-5.41
-5.541
-5.612
-5.607
-5.541
-5.519
-5.582
-5.662
-5.65
-5.548
-5.464
-5.491
-5.578
-5.602
-5.548
-5.457
-5.33
-5.19
-5.065
-4.963
-4.861
-4.747
-4.573
-4.389
-4.262
-4.183
-4.037
-3.831
-3.706
-3.663
-3.575
-3.429
-3.332
-3.336
-3.339
-3.259
-3.153
-3.062
-2.924
-2.803
-2.765
-2.754
-2.672
-2.511
-2.391
-2.423
-2.506
-2.493
-2.411
-2.393
-2.486
-2.602
-2.679
-2.767
-2.885
-2.985
-3.058
-3.13
-3.194
-3.209
-3.164
-3.11
-3.148
-3.28
-3.393
-3.464
-3.561
-3.675
-3.772
-3.886
-3.979
-4.013
-3.997
-4.003
-4.04
-4.069
-4.013
-3.867
-3.806
-3.867
-3.906
-3.858
-3.795
-3.831
-3.935
-4.001
-3.99
-3.935
-3.913
-3.935
-3.947
-3.94
-3.908
-3.888
-3.883
-3.886
-3.929
-3.974
-3.944
-3.867
-3.82
-3.781
-3.738
-3.693
-3.649
-3.618
-3.606
-3.606
-3.629
-3.688
-3.709
-3.704
-3.713
-3.704
-3.672
-3.595
-3.493
-3.468
-3.498
-3.459
-3.355
-3.275
-3.291
-3.371
-3.402
-3.382
-3.353
-3.343
-3.323
-3.298
-3.33
-3.389
-3.432
-3.443
-3.432
-3.441
-3.482
-3.491
-3.443
-3.402
-3.384
-3.364
-3.353
-3.373
-3.391
-3.389
-3.353
-3.284
-3.216
-3.135
-3.019
-2.899
-2.794
-2.674
-2.572
-2.527
-2.561
-2.656
-2.722
-2.756
-2.774
-2.797
-2.842
-2.935
-3.021
-3.076
-3.121
-3.13
-3.044
-2.933
-2.863
-2.819
-2.736
-2.599
-2.475
-2.454
-2.509
-2.484
-2.388
-2.307
-2.282
-2.277
-2.257
-2.193
-2.132
-2.112
-2.123
-2.119
-2.084
-2.03
-1.96
-1.876
-1.806
-1.776
-1.733
-1.706
-1.744
-1.86
-1.96
-2.012
-2.06
-2.082
-2.057
-1.985
-1.935
-1.98
-2.066
-2.089
-2.069
-2.11
-2.191
-2.264
-2.295
-2.313
-2.363
-2.459
-2.527
-2.545
-2.577
-2.658
-2.724
-2.731
-2.665
-2.577
-2.495
-2.463
-2.475
-2.493
-2.502
-2.459
-2.384
-2.332
-2.334
-2.33
-2.289
-2.279
-2.309
-2.27
-2.18
-2.107
-2.044
-1.942
-1.769
-1.599
-1.502
-1.483
-1.461
-1.404
-1.343
-1.322
-1.306
-1.243
-1.163
-1.105
-1.057
-1.005
-0.959
-0.93
-0.91
-0.862
-0.796
-0.762
-0.739
-0.696
-0.621
-0.592
-0.612
-0.696
-0.773
-0.766
-0.708
-0.669
-0.673
-0.676
-0.667
-0.667
-0.685
-0.723
-0.751
-0.739
-0.69
-0.615
-0.553
-0.54
-0.556
-0.528
-0.426
-0.326
-0.32
-0.338
-0.297
-0.204
-0.116
-0.05
0.036
0.152
0.236
0.229
0.209
0.231
0.252
0.24
0.233
0.276
0.356
0.444
0.519
0.583
0.635
0.678
0.683
0.646
0.597
0.542
0.513
0.483
0.424
0.349
0.279
0.258
0.336
0.438
0.474
0.453
0.506
0.651
0.807
0.943
1.03
1.082
1.148
1.223
1.234
1.202
1.213
1.272
1.304
1.32
1.395
1.52
1.635
1.724
1.819
1.905
1.971
2.014
2.046
2.1
2.191
2.259
2.289
2.279
2.239
2.198
2.159
2.132
2.114
2.119
2.164
2.232
2.282
2.307
2.307
2.295
2.295
2.336
2.432
2.538
2.626
2.683
2.71
2.679
2.593
2.495
2.425
2.391
2.386
2.42
2.477
2.524
2.538
2.57
2.647
2.726
2.74
2.701
2.699
2.765
2.856
2.944
3.01
3.049
3.046
3.021
3.003
2.958
2.86
2.763
2.76
2.801
2.851
2.896
2.96
3.051
3.137
3.2
3.228
3.248
3.291
3.341
3.391
3.42
3.398
3.316
3.205
3.142
3.116
3.096
3.123
3.232
3.4
3.64
3.904
4.035
3.985
3.86
3.802
3.84
3.901
3.956
3.972
3.942
3.926
3.938
3.913
3.833
3.715
3.647
3.668
3.747
3.874
4.024
4.187
4.307
4.344
4.323
4.316
4.355
4.425
4.487
4.5
4.498
4.48
4.45
4.398
4.359
4.339
4.305
4.273
4.31
4.462
4.661
4.779
4.788
4.743
4.659
4.579
4.552
4.582
4.654
4.718
4.718
4.702
4.689
4.623
4.505
4.425
4.409
4.462
4.539
4.682
4.897
5.113
5.251
5.301
5.256
5.162
5.101
5.135
5.226
5.28
5.31
5.358
5.426
5.482
5.55
5.643
5.696
5.712
5.75
5.895
6.122
6.324
6.431
6.485
6.499
6.469
6.458
6.51
6.585
6.582
6.521
6.489
6.453
6.324
6.176
6.142
6.199
6.188
6.077
5.999
6.027
6.129
6.183
6.142
6.068
6.029
6.002
6.02
6.063
6.077
6.063
6.081
6.111
6.113
6.117
6.142
6.147
6.172
6.258
6.374
6.476
6.553
6.623
6.689
6.769
6.905
7.077
7.245
7.367
7.429
7.415
7.379
7.274
7.12
7.027
7.061
7.086
6.993
6.884
6.839
6.836
6.809
6.748
6.66
6.576
6.476
6.399
6.387
6.376
6.356
6.347
6.306
6.226
6.133
6.02
5.884
5.77
5.766
5.891
6.083
6.229
6.249
6.17
6.081
6.047
6.095
6.197
6.279
6.319
6.34
6.383
6.408
6.369
6.308
6.333
6.435
6.544
6.63
6.759
6.943
7.093
7.17
7.218
7.279
7.345
7.426
7.519
7.624
7.737
7.839
7.898
7.891
7.81
7.685
7.555
7.458
7.465
7.537
7.655
7.789
7.903
7.903
7.816
7.732
7.667
7.603
7.56
7.535
7.522
7.483
7.408
7.306
7.199
7.118
7.079
7.079
7.082
7.061
7.07
7.113
7.129
7.113
7.084
7.034
6.973
6.873
6.744
6.664
6.642
6.632
6.607
6.576
6.512
6.417
6.34
6.312
6.344
6.412
6.469
6.456
6.376
6.29
6.201
6.07
5.932
5.816
5.73
5.652
5.544
5.401
5.324
5.303
5.299
5.308
5.387
5.553
5.757
5.945
6.068
6.142
6.247
6.385
6.471
6.476
6.419
6.326
6.226
6.188
6.231
6.299
6.356
6.44
6.546
6.635
6.746
6.918
7.095
7.233
7.358
7.465
7.512
7.497
7.376
7.149
6.857
6.587
6.428
6.351
6.222
6.027
5.861
5.779
5.727
5.693
5.7
5.75
5.839
5.891
5.9
5.884
5.852
5.757
5.593
5.353
5.076
4.793
4.546
4.38
4.262
4.135
4.026
3.988
3.999
4.058
4.173
4.328
4.462
4.546
4.582
4.616
4.589
4.489
4.35
4.185
4.06
3.983
3.956
3.999
4.042
4.069
4.13
4.262
4.446
4.641
4.849
5.065
5.269
5.46
5.648
5.818
5.934
5.932
5.816
5.639
5.423
5.172
4.947
4.804
4.729
4.684
4.675
4.693
4.747
4.818
4.92
5.017
5.074
5.117
5.147
5.149
5.086
4.929
4.725
4.532
4.33
4.092
3.856
3.686
3.584
3.511
3.482
3.498
3.554
3.636
3.74
3.831
3.886
3.913
3.919
3.886
3.768
3.561
3.312
3.021
2.713
2.425
2.223
2.119
2.082
2.082
2.089
2.098
2.114
2.15
2.227
2.32
2.377
2.402
2.413
2.397
2.311
2.157
1.989
1.871
1.799
1.706
1.585
1.502
1.495
1.567
1.678
1.785
1.898
2.032
2.207
2.404
2.545
2.652
2.731
2.742
2.688
2.595
2.509
2.406
2.298
2.227
2.209
2.186
2.186
2.218
2.27
2.313
2.382
2.479
2.595
2.665
2.652
2.581
2.511
2.461
2.379
2.241
2.078
1.951
1.86
1.742
1.556
1.338
1.125
0.943
0.828
0.735
0.676
0.646
0.606
0.569
0.594
0.658
0.68
0.608
0.472
0.354
0.261
0.127
0
-0.097
-0.102
-0.056
-0.045
-0.082
-0.116
-0.122
-0.116
-0.091
-0.059
-0.004
0.052
0.088
0.12
0.136
0.134
0.095
0.025
-0.054
-0.129
-0.184
-0.243
-0.34
-0.435
-0.483
-0.503
-0.531
-0.587
-0.617
-0.551
-0.422
-0.261
-0.122
-0.05
-0.061
-0.166
-0.243
-0.252
-0.254
-0.322
-0.424
-0.513
-0.585
-0.694
-0.826
-0.912
-0.937
-0.9
-0.841
-0.805
-0.769
-0.678
-0.537
-0.435
-0.413
-0.447
-0.517
-0.637
-0.801
-1.007
-1.22
-1.411
-1.583
-1.731
-1.844
-1.912
-1.964
-2.014
-2.028
-1.978
-1.912
-1.819
-1.647
-1.481
-1.388
-1.359
-1.356
-1.343
-1.374
-1.502
-1.615
-1.642
-1.608
-1.59
-1.629
-1.651
-1.594
-1.497
-1.411
-1.356
-1.34
-1.331
-1.35
-1.418
-1.511
-1.61
-1.733
-1.912
-2.132
-2.332
-2.495
-2.643
-2.76
-2.813
-2.828
-2.906
-3.012
-3.028
-2.96
-2.885
-2.851
-2.858
-2.876
-2.953
-3.11
-3.273
-3.414
-3.52
-3.606
-3.693
-3.795
-3.867
-3.917
-3.953
-3.965
-3.969
-3.988
-3.979
-3.972
-3.979
-3.988
-3.99
-3.994
-4.028
-4.04
-3.997
-3.947
-3.919
-3.897
-3.845
-3.765
-3.661
-3.532
-3.398
-3.293
-3.209
-3.144
-3.062
-2.942
-2.849
-2.835
-2.876
-2.908
-2.946
-2.976
-2.983
-2.994
-3.019
-2.989
-2.894
-2.831
-2.842
-2.89
-2.933
-3.003
-3.083
-3.153
-3.248
-3.389
-3.525
-3.618
-3.69
-3.765
-3.813
-3.804
-3.759
-3.79
-3.888
-3.879
-3.763
-3.654
-3.609
-3.55
-3.477
-3.47
-3.55
-3.652
-3.729
-3.781
-3.845
-3.904
-3.947
-3.962
-3.94
-3.86
-3.781
-3.777
-3.817
-3.84
-3.849
-3.895
-3.96
-4.017
-4.033
-4.056
-4.074
-4.049
-4.019
-4.056
-4.09
-4.033
-3.956
-3.935
-3.935
-3.869
-3.793
-3.747
-3.743
-3.77
-3.831
-3.958
-4.137
-4.319
-4.473
-4.65
-4.838
-5.008
-5.176
-5.328
-5.442
-5.514
-5.605
-5.714
-5.818
-5.861
-5.87
-5.895
-5.934
-5.99
-6.049
-6.113
-6.124
-6.079
-6.038
-6.038
-6.043
-6.02
-5.995
-5.999
-5.993
-5.943
-5.906
-5.909
-5.975
-6.065
-6.145
-6.195
-6.256
-6.39
-6.592
-6.762
-6.855
-6.923
-7.025
-7.115
-7.125
-7.063
-7.013
-7
-6.993
-6.982
-6.957
-6.993
-7.113
-7.231
-7.299
-7.308
-7.286
-7.32
-7.399
-7.415
-7.322
-7.197
-7.143
-7.127
-7.022
-6.857
-6.705
-6.601
-6.514
-6.433
-6.376
-6.381
-6.431
-6.456
-6.426
-6.41
-6.41
-6.453
-6.523
-6.512
-6.417
-6.329
-6.247
-6.127
-5.995
-5.852
-5.671
-5.487
-5.369
-5.387
-5.485
-5.526
-5.489
-5.473
-5.491
-5.453
-5.392
-5.353
-5.326
-5.217
-5.051
-4.924
-4.886
-4.831
-4.702
-4.525
-4.376
-4.344
-4.416
-4.512
-4.568
-4.591
-4.643
-4.725
-4.754
-4.677
-4.584
-4.555
-4.53
-4.4
-4.237
-4.153
-4.137
-4.119
-4.069
-4.015
-3.974
-3.969
-4.053
-4.194
-4.296
-4.319
-4.391
-4.568
-4.727
-4.804
-4.847
-4.834
-4.716
-4.552
-4.477
-4.491
-4.505
-4.455
-4.459
-4.555
-4.623
-4.627
-4.67
-4.761
-4.818
-4.782
-4.72
-4.691
-4.67
-4.634
-4.582
-4.557
-4.546
-4.548
-4.566
-4.577
-4.55
-4.487
-4.45
-4.466
-4.521
-4.555
-4.575
-4.546
-4.421
-4.285
-4.244
-4.264
-4.203
-4.067
-3.992
-3.99
-3.944
-3.849
-3.815
-3.863
-3.922
-3.967
-4.013
-4.042
-4.078
-4.128
-4.169
-4.196
-4.192
-4.205
-4.219
-4.253
-4.312
-4.353
-4.396
-4.487
-4.625
-4.777
-4.895
-4.911
-4.868
-4.838
-4.868
-4.931
-4.972
-5.011
-5.056
-5.081
-5.083
-5.058
-4.967
-4.87
-4.845
-4.816
-4.736
-4.616
-4.5
-4.437
-4.407
-4.357
-4.341
-4.355
-4.31
-4.194
-4.103
-4.051
-4.008
-3.988
-3.992
-3.974
-3.915
-3.833
-3.756
-3.713
-3.745
-3.829
-3.904
-3.901
-3.842
-3.793
-3.779
-3.763
-3.67
-3.525
-3.418
-3.366
-3.312
-3.237
-3.18
-3.209
-3.293
-3.339
-3.391
-3.575
-3.806
-3.951
-4.013
-4.033
-4.001
-3.974
-3.999
-4.042
-4.019
-3.904
-3.763
-3.656
-3.663
-3.745
-3.802
-3.79
-3.765
-3.759
-3.793
-3.86
-3.915
-3.949
-4.01
-4.04
-3.983
-3.869
-3.777
-3.695
-3.602
-3.518
-3.507
-3.622
-3.817
-3.976
-4.09
-4.223
-4.366
-4.464
-4.489
-4.45
-4.319
-4.16
-4.008
-3.808
-3.584
-3.405
-3.293
-3.176
-3.012
-2.858
-2.776
-2.799
-2.824
-2.813
-2.824
-2.881
-2.89
-2.833
-2.695
-2.484
-2.257
-2.037
-1.851
-1.728
-1.644
-1.581
-1.547
-1.572
-1.613
-1.638
-1.715
-1.862
-1.969
-1.944
-1.846
-1.758
-1.726
-1.726
-1.699
-1.592
-1.438
-1.309
-1.272
-1.322
-1.352
-1.32
-1.34
-1.456
-1.583
-1.685
-1.765
-1.828
-1.871
-1.91
-1.93
-1.951
-2
-2.032
-1.951
-1.799
-1.683
-1.603
-1.576
-1.606
-1.651
-1.724
-1.812
-1.928
-2.057
-2.209
-2.318
-2.339
-2.3
-2.191
-2.012
-1.835
-1.724
-1.626
-1.517
-1.415
-1.343
-1.322
-1.365
-1.413
-1.436
-1.467
-1.56
-1.696
-1.826
-1.942
-2.007
-2.023
-2.005
-1.973
-1.892
-1.794
-1.692
-1.601
-1.517
-1.479
-1.556
-1.746
-1.987
-2.186
-2.311
-2.397
-2.463
-2.495
-2.529
-2.511
-2.406
-2.273
-2.182
-2.114
-2.023
-1.921
-1.835
-1.787
-1.792
-1.806
-1.806
-1.844
-1.926
-2.03
-2.125
-2.191
-2.232
-2.248
-2.246
-2.189
-2.06
-1.878
-1.728
-1.667
-1.692
-1.744
-1.815
-1.939
-2.128
-2.316
-2.456
-2.559
-2.631
-2.665
-2.643
-2.556
-2.402
-2.252
-2.137
-2.012
-1.88
-1.785
-1.717
-1.66
-1.603
-1.588
-1.567
-1.495
-1.397
-1.297
-1.186
-1.046
-0.882
-0.71
-0.58
-0.497
-0.429
-0.381
-0.347
-0.302
-0.249
-0.222
-0.247
-0.283
-0.313
-0.36
-0.408
-0.453
-0.528
-0.569
-0.508
-0.388
-0.308
-0.249
-0.14
0.002
0.104
0.125
0.104
0.104
0.109
0.077
0.036
0.025
0.05
0.095
0.181
0.249
0.281
0.306
0.377
0.474
0.562
0.637
0.742
0.853
0.937
0.984
0.989
0.971
0.957
0.955
0.957
0.977
1.039
1.177
1.388
1.574
1.719
1.853
1.998
2.184
2.345
2.418
2.425
2.429
2.443
2.429
2.375
2.286
2.184
2.103
2.035
1.989
2.014
2.125
2.248
2.32
2.37
2.425
2.432
2.357
2.211
2.026
1.826
1.599
1.374
1.193
1.13
1.136
1.15
1.182
1.268
1.388
1.57
1.771
1.935
2.062
2.182
2.286
2.309
2.227
2.103
2.012
1.966
1.978
2.021
2.087
2.168
2.268
2.37
2.477
2.593
2.724
2.906
3.073
3.176
3.257
3.35
3.434
3.482
3.473
3.436
3.42
3.429
3.452
3.484
3.534
3.631
3.813
3.988
4.076
4.128
4.219
4.305
4.303
4.228
4.128
4.033
3.947
3.874
3.768
3.652
3.575
3.52
3.489
3.475
3.543
3.699
3.897
4.056
4.149
4.203
4.242
4.217
4.087
3.874
3.663
3.511
3.427
3.384
3.362
3.38
3.441
3.536
3.618
3.686
3.729
3.759
3.786
3.813
3.779
3.69
3.62
3.545
3.439
3.314
3.239
3.246
3.303
3.35
3.402
3.489
3.591
3.684
3.772
3.876
4.015
4.115
4.124
4.101
4.099
4.099
4.069
4.046
4.044
4.019
3.972
3.956
4.013
4.146
4.348
4.573
4.813
5.038
5.192
5.276
5.315
5.324
5.299
5.235
5.151
5.081
5.017
4.956
4.922
4.911
4.936
4.974
5.006
5.083
5.19
5.319
5.466
5.591
5.677
5.696
5.605
5.439
5.249
5.09
4.99
4.92
4.843
4.8
4.843
4.938
5.086
5.26
5.401
5.512
5.6
5.698
5.773
5.786
5.746
5.662
5.537
5.412
5.353
5.367
5.421
5.5
5.655
5.843
6.043
6.251
6.446
6.585
6.694
6.775
6.775
6.705
6.637
6.569
6.469
6.344
6.229
6.17
6.122
6.07
6.04
6.031
6.025
6.083
6.179
6.254
6.322
6.387
6.426
6.421
6.338
6.165
5.95
5.748
5.535
5.292
5.086
4.986
4.958
4.922
4.861
4.849
4.888
4.933
4.97
5.017
5.033
4.983
4.883
4.736
4.53
4.301
4.137
4.078
4.085
4.11
4.171
4.312
4.493
4.682
4.895
5.14
5.369
5.55
5.65
5.65
5.589
5.5
5.382
5.262
5.126
4.99
4.87
4.788
4.775
4.838
4.97
5.156
5.392
5.634
5.82
5.961
6.092
6.147
6.086
5.938
5.759
5.587
5.437
5.33
5.253
5.224
5.242
5.233
5.224
5.276
5.403
5.555
5.677
5.795
5.882
5.929
5.884
5.775
5.619
5.399
5.192
5.051
4.931
4.791
4.711
4.747
4.836
4.854
4.849
4.933
5.081
5.187
5.231
5.271
5.269
5.172
4.965
4.72
4.512
4.323
4.103
3.947
3.906
3.883
3.865
3.906
3.99
4.042
4.035
4.003
4.04
4.076
4.044
3.992
3.972
3.883
3.704
3.541
3.425
3.275
3.116
3.051
3.085
3.164
3.3
3.55
3.829
3.994
4.065
4.171
4.292
4.328
4.312
4.292
4.292
4.303
4.298
4.266
4.266
4.305
4.332
4.348
4.43
4.559
4.695
4.818
4.94
5.04
5.026
4.931
4.838
4.77
4.67
4.557
4.471
4.378
4.255
4.117
3.997
3.908
3.849
3.772
3.672
3.602
3.561
3.532
3.513
3.52
3.513
3.455
3.291
3.078
2.91
2.783
2.674
2.59
2.565
2.547
2.499
2.504
2.579
2.645
2.683
2.754
2.849
2.892
2.858
2.835
2.872
2.876
2.826
2.731
2.649
2.638
2.701
2.803
2.951
3.164
3.371
3.513
3.625
3.67
3.613
3.498
3.398
3.334
3.275
3.216
3.232
3.298
3.332
3.318
3.316
3.341
3.368
3.38
3.366
3.368
3.353
3.296
3.239
3.162
3.026
2.863
2.749
2.713
2.622
2.511
2.466
2.445
2.361
2.266
2.218
2.216
2.205
2.186
2.189
2.216
2.214
2.207
2.209
2.166
2.096
2.046
1.985
1.883
1.787
1.76
1.824
1.937
2.003
2.023
2.073
2.15
2.184
2.175
2.121
2.041
1.948
1.867
1.799
1.699
1.597
1.545
1.522
1.465
1.386
1.377
1.458
1.567
1.651
1.74
1.806
1.771
1.701
1.703
1.724
1.696
1.667
1.694
1.746
1.733
1.694
1.701
1.715
1.663
1.622
1.647
1.692
1.74
1.799
1.833
1.81
1.733
1.62
1.49
1.381
1.309
1.256
1.191
1.107
0.993
0.912
0.866
0.812
0.755
0.73
0.699
0.612
0.483
0.377
0.302
0.197
0.041
-0.082
-0.184
-0.306
-0.395
-0.386
-0.36
-0.417
-0.546
-0.64
-0.66
-0.658
-0.624
-0.542
-0.499
-0.503
-0.467
-0.342
-0.215
-0.159
-0.184
-0.209
-0.213
-0.213
-0.209
-0.136
-0.002
0.138
0.27
0.458
0.692
0.912
1.118
1.277
1.304
1.223
1.154
1.139
1.093
1.005
0.921
0.812
0.651
0.501
0.456
0.499
0.551
0.59
0.61
0.585
0.546
0.567
0.606
0.624
0.571
0.483
0.383
0.281
0.184
0.113
0.036
-0.1
-0.265
-0.417
-0.526
-0.61
-0.676
-0.69
-0.617
-0.565
-0.587
-0.644
-0.664
-0.678
-0.728
-0.819
-0.95
-1.168
-1.44
-1.667
-1.819
-1.955
-2.1
-2.186
-2.186
-2.139
-2.057
-1.966
-1.914
-1.923
-2.009
-2.157
-2.307
-2.456
-2.611
-2.819
-3.069
-3.312
-3.511
-3.643
-3.67
-3.618
-3.516
-3.425
-3.393
-3.402
-3.386
-3.312
-3.189
-3.055
-2.951
-2.903
-2.869
-2.806
-2.688
-2.579
-2.554
-2.572
-2.608
-2.667
-2.738
-2.779
-2.749
-2.683
-2.654
-2.643
-2.583
-2.45
-2.32
-2.248
-2.261
-2.348
-2.479
-2.581
-2.654
-2.726
-2.794
-2.874
-2.956
-2.994
-2.98
-2.917
-2.817
-2.706
-2.652
-2.679
-2.736
-2.74
-2.71
-2.69
-2.713
-2.783
-2.89
-2.987
-3.051
-3.08
-3.083
-3.062
-3.058
-3.137
-3.278
-3.368
-3.4
-3.402
-3.409
-3.414
-3.377
-3.291
-3.166
-3.014
-2.833
-2.676
-2.574
-2.506
-2.468
-2.454
-2.493
-2.581
-2.624
-2.606
-2.602
-2.64
-2.649
-2.581
-2.556
-2.62
-2.699
-2.751
-2.831
-2.944
-3.035
-3.098
-3.18
-3.296
-3.441
-3.575
-3.688
-3.79
-3.89
-4.033
-4.221
-4.428
-4.623
-4.809
-5.031
-5.228
-5.346
-5.435
-5.512
-5.541
-5.516
-5.423
-5.301
-5.192
-5.224
-5.376
-5.537
-5.668
-5.752
-5.802
-5.848
-5.904
-5.952
-5.972
-5.959
-5.893
-5.804
-5.718
-5.639
-5.557
-5.5
-5.444
-5.337
-5.196
-5.113
-5.106
-5.083
-5.004
-4.92
-4.888
-4.863
-4.809
-4.738
-4.727
-4.725
-4.654
-4.498
-4.389
-4.371
-4.366
-4.278
-4.119
-3.942
-3.797
-3.711
-3.679
-3.681
-3.718
-3.786
-3.847
-3.908
-3.933
-3.919
-3.919
-3.901
-3.79
-3.597
-3.407
-3.269
-3.207
-3.225
-3.312
-3.409
-3.507
-3.616
-3.715
-3.733
-3.709
-3.747
-3.831
-3.886
-3.91
-3.967
-4.051
-4.108
-4.135
-4.183
-4.271
-4.382
-4.484
-4.593
-4.657
-4.668
-4.711
-4.818
-4.936
-4.997
-5.047
-5.115
-5.144
-5.113
-5.095
-5.09
-5.088
-5.097
-5.058
-4.936
-4.831
-4.795
-4.782
-4.756
-4.704
-4.657
-4.666
-4.725
-4.768
-4.734
-4.641
-4.555
-4.498
-4.423
-4.314
-4.176
-4.031
-3.933
-3.904
-3.922
-3.988
-4.056
-4.081
-4.069
-4.049
-4.001
-3.924
-3.863
-3.82
-3.77
-3.704
-3.659
-3.634
-3.625
-3.64
-3.684
-3.747
-3.836
-3.89
-3.874
-3.826
-3.804
-3.806
-3.817
-3.833
-3.824
-3.772
-3.727
-3.715
-3.715
-3.697
-3.638
-3.563
-3.507
-3.47
-3.457
-3.448
-3.466
-3.534
-3.616
-3.638
-3.643
-3.699
-3.765
-3.722
-3.559
-3.366
-3.216
-3.107
-3.042
-3.005
-3.003
-3.003
-3.046
-3.178
-3.348
-3.443
-3.502
-3.556
-3.575
-3.556
-3.525
-3.477
-3.457
-3.464
-3.425
-3.323
-3.25
-3.237
-3.246
-3.209
-3.191
-3.262
-3.366
-3.411
-3.357
-3.314
-3.386
-3.509
-3.582
-3.584
-3.588
-3.563
-3.489
-3.407
-3.343
-3.264
-3.166
-3.049
-2.958
-2.917
-2.935
-3.008
-3.121
-3.239
-3.298
-3.3
-3.284
-3.253
-3.187
-3.058
-2.885
-2.738
-2.595
-2.4
-2.218
-2.139
-2.177
-2.291
-2.443
-2.62
-2.865
-3.144
-3.353
-3.466
-3.534
-3.584
-3.634
-3.666
-3.693
-3.727
-3.722
-3.652
-3.561
-3.509
-3.502
-3.509
-3.507
-3.5
-3.482
-3.432
-3.414
-3.495
-3.568
-3.577
-3.566
-3.541
-3.452
-3.312
-3.132
-2.926
-2.742
-2.57
-2.357
-2.132
-1.962
-1.883
-1.86
-1.869
-1.887
-1.962
-2.087
-2.193
-2.209
-2.132
-1.98
-1.826
-1.674
-1.558
-1.476
-1.354
-1.225
-1.182
-1.27
-1.393
-1.488
-1.594
-1.771
-1.946
-2.062
-2.137
-2.168
-2.205
-2.252
-2.259
-2.243
-2.284
-2.366
-2.386
-2.348
-2.316
-2.334
-2.402
-2.468
-2.515
-2.572
-2.604
-2.606
-2.615
-2.647
-2.663
-2.602
-2.518
-2.479
-2.413
-2.264
-2.053
-1.864
-1.719
-1.588
-1.463
-1.372
-1.3
-1.223
-1.15
-1.105
-1.089
-1.091
-1.057
-0.937
-0.789
-0.644
-0.494
-0.347
-0.24
-0.161
-0.097
-0.079
-0.109
-0.181
-0.27
-0.322
-0.39
-0.499
-0.592
-0.606
-0.537
-0.524
-0.587
-0.66
-0.726
-0.807
-0.88
-0.939
-0.977
-1.012
-1.059
-1.118
-1.132
-1.1
-1.046
-0.991
-0.925
-0.898
-0.896
-0.887
-0.878
-0.884
-0.905
-0.916
-0.898
-0.835
-0.748
-0.644
-0.565
-0.483
-0.408
-0.333
-0.263
-0.218
-0.188
-0.14
-0.077
0.023
0.218
0.444
0.621
0.692
0.66
0.628
0.642
0.637
0.578
0.51
0.49
0.528
0.567
0.574
0.612
0.746
0.923
1.057
1.152
1.254
1.34
1.42
1.445
1.379
1.284
1.207
1.139
1.066
1.005
0.948
0.959
1.046
1.152
1.213
1.268
1.372
1.472
1.517
1.529
1.579
1.649
1.663
1.59
1.467
1.377
1.29
1.163
1.048
1.005
1.048
1.098
1.143
1.22
1.316
1.402
1.492
1.606
1.676
1.685
1.672
1.647
1.579
1.427
1.211
1.066
1.003
0.916
0.801
0.76
0.828
0.984
1.193
1.409
1.606
1.771
1.916
2.046
2.13
2.186
2.234
2.273
2.32
2.363
2.363
2.345
2.445
2.658
2.835
2.917
3.014
3.187
3.423
3.586
3.64
3.711
3.84
3.938
3.96
3.906
3.802
3.652
3.509
3.448
3.402
3.321
3.259
3.246
3.248
3.248
3.275
3.355
3.439
3.538
3.659
3.729
3.69
3.586
3.429
3.187
2.917
2.692
2.531
2.432
2.382
2.397
2.454
2.531
2.629
2.715
2.772
2.769
2.656
2.466
2.325
2.332
2.402
2.425
2.354
2.223
2.137
2.082
2.014
1.93
1.876
1.892
1.964
2.093
2.266
2.361
2.406
2.479
2.615
2.76
2.819
2.84
2.892
2.885
2.794
2.629
2.438
2.268
2.159
2.091
2.035
2.005
2.048
2.196
2.395
2.506
2.484
2.409
2.395
2.436
2.481
2.495
2.504
2.574
2.706
2.815
2.833
2.813
2.835
2.901
2.949
2.974
3.023
3.073
3.062
3.044
3.094
3.164
3.207
3.246
3.323
3.343
3.296
3.257
3.312
3.409
3.396
3.205
2.978
2.815
2.683
2.604
2.579
2.545
2.447
2.345
2.309
2.386
2.459
2.461
2.404
2.302
2.207
2.13
1.998
1.801
1.61
1.488
1.42
1.368
1.29
1.166
1.08
1.061
1.073
1.05
1.05
1.141
1.309
1.429
1.438
1.433
1.49
1.603
1.685
1.629
1.49
1.44
1.492
1.538
1.529
1.486
1.481
1.581
1.769
1.98
2.173
2.339
2.527
2.751
2.933
3.01
3.017
2.971
2.878
2.788
2.779
2.813
2.799
2.765
2.792
2.921
3.062
3.176
3.332
3.577
3.786
3.865
3.915
4.042
4.189
4.237
4.173
4.053
3.917
3.756
3.616
3.586
3.575
3.468
3.298
3.209
3.246
3.305
3.318
3.291
3.289
3.314
3.255
3.094
2.896
2.731
2.643
2.554
2.382
2.2
2.1
2.084
2.157
2.257
2.279
2.286
2.37
2.543
2.713
2.822
2.872
2.937
3.046
3.069
2.944
2.79
2.692
2.604
2.499
2.393
2.323
2.236
2.168
2.236
2.475
2.729
2.91
3.08
3.362
3.643
3.79
3.765
3.67
3.618
3.57
3.448
3.35
3.364
3.441
3.547
3.706
3.881
4.044
4.196
4.326
4.414
4.439
4.38
4.294
4.212
4.139
4.049
3.956
3.795
3.62
3.532
3.529
3.563
3.586
3.573
3.55
3.532
3.495
3.466
3.461
3.5
3.573
3.656
3.656
3.529
3.371
3.248
3.119
2.933
2.674
2.397
2.186
2.1
2.177
2.302
2.37
2.402
2.481
2.608
2.695
2.665
2.563
2.513
2.488
2.434
2.368
2.332
2.357
2.456
2.604
2.706
2.724
2.785
3.019
3.291
3.4
3.355
3.359
3.461
3.511
3.457
3.377
3.364
3.42
3.482
3.516
3.563
3.64
3.731
3.774
3.761
3.729
3.729
3.745
3.781
3.84
3.935
4.042
4.078
4.042
3.988
3.94
3.817
3.638
3.459
3.314
3.157
3.053
3.003
2.939
2.84
2.731
2.633
2.495
2.323
2.177
2.121
2.089
2.003
1.846
1.737
1.696
1.687
1.708
1.762
1.84
1.91
1.98
2.091
2.164
2.089
1.86
1.62
1.443
1.313
1.225
1.232
1.347
1.522
1.653
1.701
1.706
1.724
1.765
1.735
1.581
1.386
1.275
1.261
1.288
1.322
1.336
1.329
1.322
1.356
1.492
1.672
1.853
2.012
2.143
2.218
2.257
2.334
2.441
2.545
2.649
2.747
2.851
2.946
2.98
3.003
3.044
3.039
2.967
2.883
2.878
2.974
3.155
3.359
3.579
3.779
3.933
4.01
4.022
4.001
3.983
3.976
3.915
3.824
3.79
3.84
3.935
4.067
4.237
4.423
4.552
4.614
4.636
4.67
4.682
4.582
4.376
4.149
3.944
3.756
3.622
3.516
3.45
3.409
3.414
3.461
3.498
3.525
3.504
3.425
3.348
3.312
3.296
3.282
3.298
3.312
3.259
3.146
3.003
2.867
2.715
2.509
2.255
2.016
1.84
1.749
1.715
1.717
1.76
1.819
1.916
2.014
2.044
1.957
1.81
1.62
1.381
1.114
0.86
0.662
0.526
0.399
0.313
0.293
0.315
0.322
0.315
0.326
0.351
0.329
0.252
0.127
0.013
-0.084
-0.197
-0.395
-0.608
-0.778
-0.939
-1.13
-1.338
-1.517
-1.64
-1.74
-1.889
-2.046
-2.141
-2.148
-2.096
-2.05
-2.053
-2.071
-2.114
-2.191
-2.293
-2.432
-2.636
-2.872
-3.092
-3.264
-3.373
-3.429
-3.423
-3.336
-3.182
-3.021
-2.899
-2.822
-2.767
-2.726
-2.763
-2.906
-3.073
-3.166
-3.164
-3.076
-2.953
-2.856
-2.781
-2.667
-2.515
-2.327
-2.139
-2.016
-1.948
-1.898
-1.799
-1.647
-1.454
-1.211
-0.966
-0.726
-0.474
-0.231
0.023
0.267
0.472
0.626
0.701
0.676
0.649
0.714
0.862
1.025
1.134
1.168
1.211
1.3
1.372
1.35
1.252
1.15
1.077
1.012
0.93
0.882
0.891
0.941
0.998
1.025
1.021
0.996
0.968
0.91
0.771
0.528
0.245
-0.032
-0.288
-0.522
-0.699
-0.796
-0.832
-0.839
-0.839
-0.88
-0.966
-1.123
-1.343
-1.597
-1.873
-2.175
-2.475
-2.738
-2.93
-3.11
-3.336
-3.577
-3.74
-3.838
-3.929
-4.06
-4.217
-4.285
-4.269
-4.228
-4.194
-4.164
-4.117
-4.063
-4.008
-3.956
-3.899
-3.895
-3.933
-3.972
-4.031
-4.151
-4.303
-4.378
-4.344
-4.264
-4.208
-4.117
-3.922
-3.681
-3.439
-3.203
-2.994
-2.844
-2.745
-2.701
-2.676
-2.602
-2.499
-2.373
-2.225
-2.096
-2.037
-2.014
-2.012
-1.991
-1.919
-1.83
-1.762
-1.71
-1.692
-1.669
-1.615
-1.524
-1.431
-1.381
-1.372
-1.345
-1.268
-1.188
-1.186
-1.241
-1.252
-1.238
-1.297
-1.44
-1.576
-1.64
-1.647
-1.658
-1.69
-1.692
-1.69
-1.74
-1.853
-2.026
-2.227
-2.413
-2.522
-2.536
-2.55
-2.656
-2.822
-2.949
-3.033
-3.153
-3.273
-3.33
-3.368
-3.468
-3.582
-3.602
-3.509
-3.384
-3.259
-3.123
-2.985
-2.872
-2.758
-2.62
-2.456
-2.307
-2.248
-2.289
-2.302
-2.241
-2.175
-2.166
-2.218
-2.236
-2.164
-2.055
-1.953
-1.867
-1.828
-1.867
-1.928
-1.914
-1.855
-1.858
-1.939
-2.014
-2.06
-2.132
-2.268
-2.409
-2.49
-2.604
-2.815
-3.014
-3.139
-3.203
-3.291
-3.407
-3.486
-3.534
-3.629
-3.747
-3.86
-3.983
-4.115
-4.242
-4.348
-4.432
-4.532
-4.672
-4.802
-4.881
-4.936
-5.013
-5.072
-5.04
-4.94
-4.892
-4.94
-4.965
-4.936
-4.961
-5.083
-5.217
-5.285
-5.312
-5.344
-5.364
-5.312
-5.183
-5.058
-4.979
-4.911
-4.883
-4.92
-5.049
-5.181
-5.222
-5.21
-5.196
-5.144
-5.079
-5.072
-5.079
-4.999
-4.804
-4.575
-4.382
-4.251
-4.164
-4.076
-4.044
-4.144
-4.287
-4.341
-4.332
-4.407
-4.557
-4.629
-4.609
-4.607
-4.691
-4.791
-4.859
-4.936
-5.049
-5.115
-5.106
-5.101
-5.11
-5.079
-5.038
-5.047
-5.106
-5.178
-5.185
-5.151
-5.126
-5.117
-5.101
-5.072
-5.122
-5.253
-5.328
-5.237
-5.056
-4.863
-4.659
-4.437
-4.21
-4.026
-3.904
-3.856
-3.865
-3.969
-4.183
-4.416
-4.534
-4.5
-4.394
-4.316
-4.276
-4.237
-4.183
-4.083
-3.931
-3.783
-3.616
-3.391
-3.151
-2.983
-2.935
-2.999
-3.08
-3.053
-2.935
-2.865
-2.853
-2.822
-2.745
-2.652
-2.561
-2.463
-2.37
-2.357
-2.416
-2.438
-2.411
-2.382
-2.339
-2.27
-2.214
-2.243
-2.379
-2.54
-2.597
-2.602
-2.681
-2.831
-2.912
-2.903
-2.939
-3.073
-3.214
-3.323
-3.427
-3.563
-3.67
-3.724
-3.763
-3.783
-3.797
-3.824
-3.849
-3.865
-3.842
-3.783
-3.688
-3.566
-3.396
-3.132
-2.835
-2.654
-2.561
-2.384
-2.155
-1.998
-1.921
-1.876
-1.821
-1.749
-1.746
-1.817
-1.828
-1.746
-1.665
-1.631
-1.579
-1.443
-1.263
-1.145
-1.102
-1.089
-1.139
-1.281
-1.47
-1.665
-1.955
-2.357
-2.688
-2.835
-2.942
-3.142
-3.38
-3.498
-3.468
-3.443
-3.509
-3.6
-3.654
-3.688
-3.754
-3.872
-3.988
-4.072
-4.135
-4.153
-4.149
-4.137
-4.081
-3.994
-3.949
-3.969
-4.006
-4.053
-4.121
-4.16
-4.162
-4.087
-3.929
-3.697
-3.477
-3.264
-3.039
-2.835
-2.645
-2.438
-2.277
-2.218
-2.196
-2.173
-2.216
-2.341
-2.402
-2.304
-2.155
-2.039
-1.896
-1.669
-1.424
-1.188
-1.039
-0.991
-1.018
-1.102
-1.261
-1.427
-1.506
-1.506
-1.481
-1.363
-1.173
-1.016
-0.962
-0.98
-1.018
-1.082
-1.216
-1.413
-1.583
-1.678
-1.71
-1.696
-1.62
-1.445
-1.204
-1.016
-0.919
-0.812
-0.694
-0.633
-0.655
-0.737
-0.878
-0.998
-1.046
-1.064
-1.061
-1.016
-0.875
-0.617
-0.261
0.05
0.215
0.326
0.42
0.435
0.358
0.181
-0.045
-0.236
-0.377
-0.479
-0.515
-0.463
-0.363
-0.265
-0.175
-0.109
-0.122
-0.206
-0.272
-0.267
-0.272
-0.329
-0.365
-0.365
-0.363
-0.329
-0.218
-0.082
0.018
0.073
0.077
0.068
0.038
-0.038
-0.143
-0.206
-0.24
-0.263
-0.229
-0.177
-0.15
-0.075
0.054
0.19
0.283
0.274
0.227
0.236
0.272
0.267
0.272
0.367
0.503
0.603
0.653
0.726
0.803
0.857
0.88
0.853
0.766
0.612
0.429
0.317
0.281
0.243
0.172
0.118
0.097
0.136
0.213
0.299
0.417
0.533
0.585
0.606
0.653
0.685
0.619
0.522
0.524
0.615
0.68
0.694
0.714
0.794
0.9
0.98
0.998
1.007
1.016
1.03
1.059
1.093
1.07
1.052
1.098
1.148
1.163
1.13
1.039
0.948
0.903
0.86
0.801
0.746
0.726
0.642
0.515
0.456
0.476
0.551
0.635
0.703
0.766
0.85
0.925
0.973
0.939
0.816
0.635
0.438
0.24
0.018
-0.168
-0.302
-0.37
-0.401
-0.449
-0.492
-0.431
-0.247
-0.041
0.093
0.166
0.227
0.209
0.129
0.056
-0.002
-0.079
-0.138
-0.113
0.009
0.166
0.304
0.435
0.578
0.68
0.673
0.63
0.626
0.63
0.601
0.61
0.673
0.739
0.742
0.694
0.655
0.649
0.617
0.535
0.44
0.322
0.166
0.016
-0.059
-0.104
-0.19
-0.224
-0.131
0.025
0.159
0.263
0.365
0.433
0.395
0.295
0.188
0.084
-0.034
-0.138
-0.175
-0.163
-0.157
-0.136
-0.107
-0.093
-0.129
-0.222
-0.345
-0.456
-0.558
-0.676
-0.755
-0.73
-0.633
-0.492
-0.313
-0.093
0.14
0.345
0.463
0.503
0.526
0.535
0.524
0.51
0.476
0.42
0.372
0.383
0.451
0.54
0.583
0.608
0.664
0.737
0.778
0.746
0.721
0.739
0.737
0.696
0.719
0.835
0.984
1.177
1.383
1.581
1.699
1.733
1.731
1.728
1.687
1.624
1.603
1.59
1.558
1.572
1.696
1.853
1.946
1.919
1.849
1.833
1.812
1.753
1.69
1.615
1.513
1.39
1.29
1.277
1.275
1.195
1.102
1.073
1.039
0.977
0.871
0.751
0.633
0.553
0.479
0.399
0.345
0.324
0.354
0.501
0.685
0.766
0.755
0.73
0.737
0.71
0.633
0.576
0.583
0.667
0.771
0.86
0.984
1.17
1.318
1.383
1.429
1.454
1.467
1.463
1.486
1.554
1.613
1.644
1.706
1.785
1.86
1.928
2.003
2.039
2.009
1.905
1.785
1.717
1.733
1.76
1.735
1.719
1.769
1.837
1.878
1.896
1.892
1.826
1.669
1.456
1.227
1.005
0.764
0.542
0.377
0.247
0.118
0.018
-0.023
-0.032
-0.07
-0.175
-0.254
-0.302
-0.41
-0.565
-0.696
-0.764
-0.814
-0.841
-0.828
-0.739
-0.615
-0.49
-0.381
-0.313
-0.254
-0.186
-0.17
-0.184
-0.168
-0.138
-0.107
-0.002
0.181
0.397
0.619
0.855
1.066
1.256
1.381
1.449
1.52
1.606
1.694
1.803
1.905
1.969
2.069
2.243
2.434
2.572
2.665
2.736
2.776
2.733
2.629
2.574
2.547
2.479
2.391
2.323
2.289
2.323
2.388
2.447
2.513
2.57
2.543
2.452
2.336
2.164
1.894
1.644
1.506
1.447
1.388
1.325
1.311
1.318
1.281
1.204
1.132
1.068
0.962
0.78
0.569
0.379
0.218
0.038
-0.129
-0.22
-0.265
-0.326
-0.36
-0.336
-0.331
-0.354
-0.351
-0.313
-0.304
-0.315
-0.322
-0.279
-0.166
-0.05
0.082
0.281
0.499
0.61
0.621
0.63
0.676
0.708
0.721
0.755
0.821
0.934
1.057
1.198
1.354
1.545
1.783
2.003
2.141
2.223
2.268
2.302
2.348
2.393
2.368
2.275
2.211
2.225
2.255
2.234
2.216
2.232
2.248
2.225
2.15
2.064
1.996
1.935
1.81
1.647
1.465
1.322
1.223
1.1
0.903
0.69
0.567
0.533
0.476
0.329
0.172
0.084
0.034
-0.052
-0.152
-0.177
-0.109
-0.036
0.029
0.131
0.256
0.367
0.485
0.653
0.819
0.898
0.903
0.91
0.928
0.9
0.855
0.873
0.959
1.032
1.046
1.039
1.105
1.241
1.336
1.345
1.37
1.436
1.476
1.474
1.483
1.585
1.744
1.876
1.957
2.032
2.1
2.116
2.112
2.125
2.098
2.012
1.901
1.812
1.765
1.733
1.692
1.649
1.665
1.713
1.737
1.722
1.685
1.669
1.687
1.674
1.599
1.524
1.497
1.488
1.456
1.415
1.411
1.474
1.556
1.617
1.676
1.74
1.81
1.88
1.933
1.953
1.939
1.894
1.853
1.83
1.803
1.771
1.79
1.849
1.914
1.907
1.846
1.808
1.84
1.914
1.926
1.86
1.835
1.896
1.976
2
2.046
2.155
2.27
2.341
2.382
2.423
2.436
2.411
2.37
2.363
2.395
2.404
2.391
2.402
2.47
2.559
2.597
2.62
2.629
2.568
2.427
2.266
2.159
2.143
2.164
2.155
2.162
2.236
2.341
2.416
2.495
2.597
2.626
2.531
2.375
2.232
2.107
1.994
1.887
1.824
1.826
1.824
1.787
1.812
1.903
2.005
2.071
2.082
2.087
2.096
2.048
1.976
1.892
1.869
1.919
1.973
1.982
1.973
2.003
2.041
2.057
2.05
2.055
2.037
1.96
1.914
1.978
2.08
2.157
2.227
2.343
2.463
2.484
2.47
2.504
2.543
2.565
2.577
2.577
2.577
2.622
2.638
2.622
2.658
2.792
2.978
3.083
3.103
3.144
3.205
3.207
3.103
2.989
2.939
2.878
2.783
2.719
2.731
2.776
2.779
2.76
2.781
2.765
2.672
2.552
2.513
2.545
2.556
2.536
2.54
2.561
2.495
2.345
2.232
2.23
2.284
2.313
2.332
2.373
2.416
2.395
2.336
2.313
2.309
2.307
2.309
2.313
2.354
2.416
2.463
2.495
2.502
2.502
2.461
2.379
2.3
2.241
2.209
2.22
2.316
2.456
2.593
2.672
2.672
2.629
2.588
2.574
2.608
2.683
2.717
2.71
2.733
2.838
2.937
2.951
2.939
2.985
3.069
3.137
3.194
3.259
3.325
3.368
3.402
3.411
3.432
3.507
3.602
3.684
3.749
3.811
3.865
3.904
3.906
3.838
3.738
3.672
3.645
3.636
3.679
3.765
3.847
3.897
3.904
3.865
3.759
3.622
3.523
3.475
3.452
3.416
3.386
3.373
3.314
3.216
3.16
3.16
3.171
3.142
3.067
3.012
3.01
3.021
2.983
2.917
2.928
3.023
3.11
3.114
3.126
3.241
3.375
3.436
3.459
3.45
3.396
3.293
3.182
3.105
3.069
3.069
3.114
3.194
3.264
3.278
3.25
3.282
3.389
3.475
3.477
3.461
3.484
3.529
3.536
3.493
3.468
3.502
3.554
3.525
3.446
3.434
3.511
3.541
3.489
3.47
3.45
3.355
3.144
2.906
2.719
2.602
2.52
2.423
2.279
2.078
1.83
1.556
1.352
1.256
1.207
1.114
1.003
0.957
0.964
0.968
0.968
1.005
1.082
1.107
1.041
1.023
1.141
1.245
1.198
1.107
1.13
1.216
1.216
1.116
1.075
1.166
1.29
1.336
1.352
1.413
1.47
1.449
1.397
1.372
1.388
1.402
1.37
1.316
1.293
1.352
1.49
1.656
1.787
1.844
1.844
1.835
1.894
2.026
2.168
2.259
2.289
2.348
2.395
2.361
2.33
2.368
2.402
2.382
2.393
2.497
2.602
2.574
2.445
2.345
2.295
2.266
2.273
2.259
2.223
2.175
2.114
2.032
1.98
1.966
1.973
1.964
1.889
1.78
1.696
1.622
1.508
1.347
1.195
1.111
1.086
1.05
0.964
0.844
0.721
0.664
0.658
0.628
0.542
0.422
0.27
0.111
0.025
0.016
0.034
0.054
0.086
0.113
0.157
0.211
0.272
0.36
0.453
0.479
0.476
0.503
0.526
0.488
0.415
0.404
0.481
0.535
0.578
0.664
0.721
0.714
0.671
0.633
0.664
0.744
0.757
0.69
0.612
0.531
0.513
0.553
0.615
0.662
0.69
0.651
0.569
0.524
0.562
0.635
0.708
0.828
0.982
1.107
1.15
1.188
1.272
1.327
1.304
1.286
1.281
1.232
1.109
0.984
0.946
0.982
0.955
0.873
0.884
0.93
0.923
0.898
0.88
0.887
0.869
0.787
0.676
0.637
0.667
0.73
0.78
0.821
0.919
1
0.971
0.878
0.807
0.778
0.742
0.678
0.599
0.535
0.465
0.331
0.177
0.038
-0.097
-0.218
-0.308
-0.408
-0.608
-0.88
-1.13
-1.297
-1.413
-1.461
-1.456
-1.502
-1.676
-1.873
-1.991
-2.035
-2.026
-1.93
-1.812
-1.769
-1.774
-1.724
-1.626
-1.558
-1.536
-1.497
-1.409
-1.322
-1.302
-1.29
-1.232
-1.188
-1.216
-1.252
-1.223
-1.152
-1.064
-0.971
-0.894
-0.789
-0.621
-0.415
-0.281
-0.231
-0.2
-0.122
-0.041
-0.009
-0.009
-0.018
-0.011
-0.007
-0.002
0.05
0.145
0.233
0.329
0.433
0.49
0.463
0.363
0.252
0.14
0.002
-0.188
-0.429
-0.692
-0.946
-1.136
-1.293
-1.42
-1.497
-1.574
-1.656
-1.692
-1.696
-1.719
-1.765
-1.799
-1.799
-1.799
-1.824
-1.903
-1.978
-2.009
-2.039
-2.069
-2.103
-2.173
-2.234
-2.243
-2.218
-2.225
-2.241
-2.243
-2.214
-2.153
-2.071
-2.06
-2.114
-2.205
-2.284
-2.32
-2.341
-2.357
-2.352
-2.318
-2.273
-2.227
-2.18
-2.082
-1.957
-1.84
-1.742
-1.653
-1.601
-1.61
-1.658
-1.674
-1.658
-1.651
-1.663
-1.69
-1.751
-1.86
-1.955
-2.003
-2.05
-2.125
-2.198
-2.261
-2.382
-2.536
-2.654
-2.706
-2.763
-2.842
-2.867
-2.853
-2.853
-2.906
-2.951
-2.992
-3.055
-3.166
-3.298
-3.42
-3.534
-3.618
-3.693
-3.745
-3.718
-3.656
-3.645
-3.675
-3.718
-3.774
-3.851
-3.94
-4.033
-4.103
-4.187
-4.298
-4.38
-4.419
-4.457
-4.484
-4.527
-4.577
-4.598
-4.532
-4.405
-4.31
-4.273
-4.246
-4.178
-4.074
-3.983
-3.935
-3.904
-3.842
-3.743
-3.654
-3.593
-3.552
-3.532
-3.52
-3.498
-3.457
-3.405
-3.382
-3.336
-3.259
-3.23
-3.255
-3.243
-3.13
-3.008
-2.989
-3.044
-3.092
-3.137
-3.18
-3.191
-3.169
-3.185
-3.216
-3.239
-3.234
-3.243
-3.291
-3.35
-3.443
-3.538
-3.613
-3.67
-3.736
-3.808
-3.89
-3.981
-4.099
-4.217
-4.307
-4.387
-4.498
-4.623
-4.727
-4.849
-5.002
-5.167
-5.287
-5.344
-5.382
-5.457
-5.539
-5.584
-5.575
-5.564
-5.596
-5.621
-5.602
-5.582
-5.63
-5.689
-5.65
-5.544
-5.444
-5.412
-5.41
-5.396
-5.353
-5.328
-5.339
-5.373
-5.401
-5.419
-5.403
-5.328
-5.233
-5.156
-5.106
-5.049
-4.933
-4.768
-4.652
-4.616
-4.629
-4.6
-4.534
-4.512
-4.573
-4.598
-4.489
-4.337
-4.278
-4.341
-4.419
-4.419
-4.346
-4.339
-4.412
-4.5
-4.527
-4.432
-4.255
-4.121
-4.067
-4.019
-3.956
-3.897
-3.935
-4.087
-4.192
-4.187
-4.246
-4.38
-4.428
-4.301
-4.194
-4.237
-4.326
-4.369
-4.337
-4.366
-4.507
-4.618
-4.573
-4.477
-4.457
-4.516
-4.53
-4.414
-4.271
-4.242
-4.341
-4.498
-4.543
-4.407
-4.301
-4.398
-4.641
-4.779
-4.689
-4.543
-4.593
-4.727
-4.627
-4.348
-4.253
-4.421
-4.57
-4.53
-4.457
-4.509
-4.643
-4.763
-4.804
-4.72
-4.527
-4.378
-4.423
-4.575
-4.623
-4.573
-4.555
-4.62
-4.636
-4.539
-4.507
-4.625
-4.759
-4.782
-4.77
-4.813
-4.87
-4.879
-4.838
-4.793
-4.691
-4.564
-4.514
-4.548
-4.584
-4.614
-4.711
-4.856
-4.909
-4.843
-4.822
-4.899
-4.954
-4.877
-4.72
-4.607
-4.573
-4.543
-4.539
-4.596
-4.684
-4.732
-4.722
-4.711
-4.711
-4.684
-4.627
-4.602
-4.579
-4.552
-4.586
-4.736
-4.872
-4.913
-4.897
-4.877
-4.836
-4.779
-4.745
-4.645
-4.443
-4.226
-4.099
-4.078
-4.092
-4.106
-4.069
-4.017
-4.003
-3.992
-3.897
-3.772
-3.686
-3.593
-3.475
-3.364
-3.309
-3.343
-3.493
-3.616
-3.606
-3.577
-3.654
-3.743
-3.779
-3.772
-3.713
-3.659
-3.699
-3.74
-3.636
-3.452
-3.375
-3.448
-3.473
-3.427
-3.425
-3.566
-3.761
-3.849
-3.815
-3.817
-3.897
-3.913
-3.84
-3.804
-3.869
-3.99
-4.149
-4.255
-4.253
-4.153
-4.087
-4.085
-4.094
-4.015
-3.929
-3.935
-4.037
-4.126
-4.137
-4.178
-4.303
-4.437
-4.462
-4.443
-4.425
-4.4
-4.339
-4.262
-4.167
-4.046
-3.908
-3.788
-3.718
-3.656
-3.588
-3.568
-3.622
-3.677
-3.656
-3.582
-3.559
-3.579
-3.563
-3.484
-3.446
-3.52
-3.627
-3.652
-3.629
-3.656
-3.72
-3.738
-3.718
-3.693
-3.677
-3.645
-3.638
-3.679
-3.69
-3.638
-3.627
-3.699
-3.756
-3.74
-3.702
-3.72
-3.802
-3.854
-3.831
-3.765
-3.681
-3.566
-3.436
-3.389
-3.4
-3.348
-3.25
-3.239
-3.373
-3.536
-3.616
-3.6
-3.556
-3.518
-3.466
-3.429
-3.434
-3.455
-3.477
-3.579
-3.754
-3.879
-3.913
-3.919
-3.904
-3.845
-3.756
-3.695
-3.661
-3.634
-3.606
-3.568
-3.509
-3.443
-3.416
-3.407
-3.375
-3.255
-3.076
-2.956
-2.919
-2.89
-2.785
-2.64
-2.559
-2.559
-2.599
-2.663
-2.779
-2.944
-3.069
-3.08
-3.044
-3.067
-3.092
-3.044
-2.958
-2.921
-2.935
-3.008
-3.13
-3.228
-3.269
-3.287
-3.35
-3.434
-3.457
-3.398
-3.323
-3.293
-3.284
-3.232
-3.157
-3.128
-3.114
-3.028
-2.878
-2.779
-2.774
-2.81
-2.81
-2.765
-2.71
-2.724
-2.792
-2.869
-2.881
-2.803
-2.695
-2.658
-2.665
-2.62
-2.475
-2.313
-2.171
-2.037
-1.869
-1.676
-1.495
-1.372
-1.309
-1.29
-1.256
-1.22
-1.216
-1.209
-1.145
-1.055
-0.998
-0.943
-0.891
-0.889
-0.882
-0.837
-0.776
-0.753
-0.78
-0.807
-0.766
-0.662
-0.612
-0.692
-0.855
-0.973
-1.005
-1.03
-1.114
-1.209
-1.318
-1.486
-1.665
-1.81
-1.923
-2.044
-2.162
-2.239
-2.196
-2.091
-2.028
-1.985
-1.946
-1.928
-1.939
-1.919
-1.896
-1.937
-1.994
-1.985
-1.914
-1.844
-1.801
-1.778
-1.758
-1.767
-1.792
-1.79
-1.771
-1.71
-1.599
-1.472
-1.356
-1.216
-1.009
-0.789
-0.617
-0.485
-0.39
-0.297
-0.202
-0.159
-0.206
-0.258
-0.227
-0.136
-0.068
-0.045
-0.036
-0.011
0.079
0.202
0.274
0.265
0.236
0.286
0.444
0.558
0.56
0.578
0.669
0.76
0.771
0.757
0.787
0.846
0.835
0.667
0.41
0.22
0.091
-0.002
-0.056
-0.061
-0.025
0.077
0.22
0.372
0.481
0.51
0.501
0.499
0.485
0.406
0.32
0.267
0.249
0.233
0.222
0.243
0.283
0.281
0.22
0.213
0.311
0.449
0.508
0.553
0.703
0.953
1.223
1.449
1.59
1.717
1.871
1.987
1.966
1.835
1.713
1.663
1.644
1.556
1.438
1.44
1.57
1.703
1.771
1.819
1.978
2.241
2.486
2.663
2.758
2.792
2.745
2.654
2.599
2.529
2.404
2.325
2.316
2.293
2.257
2.279
2.348
2.368
2.311
2.252
2.277
2.361
2.452
2.579
2.747
2.915
3.023
3.017
2.951
2.928
2.944
2.944
2.894
2.872
2.899
2.89
2.838
2.747
2.608
2.502
2.502
2.565
2.64
2.751
2.93
3.148
3.336
3.473
3.561
3.591
3.525
3.386
3.216
3.01
2.865
2.842
2.894
2.978
3.051
3.114
3.153
3.196
3.3
3.411
3.527
3.709
3.933
4.126
4.253
4.316
4.353
4.332
4.276
4.196
4.126
4.063
4.026
4.074
4.18
4.262
4.301
4.319
4.332
4.38
4.432
4.477
4.55
4.722
4.954
5.104
5.124
5.04
4.883
4.722
4.618
4.55
4.512
4.523
4.589
4.684
4.802
4.929
5.067
5.228
5.378
5.476
5.516
5.571
5.677
5.854
6.029
6.092
6.038
5.906
5.75
5.609
5.494
5.423
5.423
5.485
5.575
5.609
5.553
5.448
5.324
5.156
5.02
4.958
4.92
4.859
4.8
4.827
4.918
4.972
4.961
4.952
4.999
5.074
5.106
5.133
5.183
5.246
5.308
5.346
5.349
5.324
5.312
5.346
5.417
5.512
5.655
5.807
5.875
5.875
5.798
5.643
5.503
5.444
5.444
5.444
5.471
5.539
5.628
5.741
5.848
5.902
5.956
6.013
6.022
6.036
6.097
6.176
6.265
6.376
6.483
6.539
6.567
6.607
6.616
6.526
6.478
6.549
6.594
6.53
6.44
6.417
6.431
6.449
6.503
6.605
6.723
6.821
6.914
6.97
7.041
7.118
7.165
7.136
6.995
6.802
6.712
6.757
6.782
6.709
6.616
6.571
6.594
6.669
6.75
6.836
6.895
6.939
6.952
6.95
6.934
6.911
6.864
6.816
6.796
6.78
6.809
6.914
7.063
7.152
7.199
7.202
7.14
7.018
6.893
6.78
6.732
6.778
6.814
6.778
6.744
6.796
6.905
7.063
7.252
7.401
7.44
7.406
7.342
7.238
7.134
7.079
7.048
6.982
6.898
6.825
6.793
6.857
6.945
6.939
6.807
6.628
6.469
6.329
6.208
6.117
6.07
6.102
6.206
6.36
6.549
6.714
6.832
6.927
6.995
7.011
7.007
6.995
6.982
6.927
6.866
6.814
6.823
6.843
6.898
7.004
7.106
7.224
7.424
7.649
7.773
7.787
7.776
7.748
7.712
7.662
7.619
7.621
7.667
7.655
7.583
7.528
7.508
7.494
7.49
7.499
7.479
7.379
7.277
7.209
7.104
6.966
6.866
6.814
6.814
6.834
6.83
6.762
6.642
6.514
6.415
6.306
6.129
5.877
5.637
5.503
5.439
5.414
5.471
5.609
5.775
5.941
6.043
6.047
5.938
5.764
5.587
5.417
5.271
5.181
5.176
5.222
5.285
5.408
5.559
5.684
5.768
5.8
5.8
5.811
5.859
5.872
5.802
5.746
5.77
5.85
5.902
5.941
6.088
6.378
6.646
6.789
6.866
6.877
6.782
6.616
6.417
6.215
6.056
6.004
6.045
6.138
6.21
6.288
6.381
6.433
6.469
6.469
6.433
6.369
6.29
6.199
6.131
6.061
5.977
5.861
5.716
5.58
5.491
5.432
5.362
5.289
5.237
5.194
5.115
4.999
4.89
4.8
4.77
4.809
4.881
4.956
4.956
4.94
4.963
4.992
4.938
4.804
4.691
4.55
4.344
4.142
4.001
3.886
3.797
3.754
3.763
3.797
3.856
3.992
4.192
4.387
4.5
4.559
4.598
4.561
4.45
4.33
4.262
4.237
4.237
4.26
4.301
4.396
4.536
4.666
4.754
4.827
4.854
4.816
4.734
4.641
4.6
4.6
4.584
4.514
4.4
4.296
4.223
4.201
4.199
4.126
3.99
3.863
3.754
3.649
3.516
3.373
3.303
3.325
3.389
3.441
3.429
3.371
3.336
3.307
3.303
3.296
3.246
3.11
2.892
2.654
2.441
2.268
2.123
1.973
1.837
1.726
1.624
1.538
1.474
1.472
1.508
1.526
1.476
1.393
1.261
1.091
0.921
0.826
0.801
0.826
0.875
0.971
1.125
1.318
1.504
1.651
1.785
1.944
2.055
2.084
2.078
2.132
2.266
2.4
2.524
2.683
2.86
2.965
3.028
3.107
3.16
3.103
2.93
2.747
2.604
2.434
2.205
2.026
1.998
2.064
2.121
2.132
2.064
1.914
1.696
1.467
1.247
1.009
0.712
0.413
0.163
-0.045
-0.229
-0.354
-0.406
-0.438
-0.474
-0.501
-0.542
-0.617
-0.726
-0.891
-1.073
-1.179
-1.188
-1.179
-1.227
-1.259
-1.207
-1.1
-0.986
-0.853
-0.739
-0.71
-0.726
-0.735
-0.719
-0.703
-0.671
-0.592
-0.517
-0.488
-0.483
-0.476
-0.44
-0.406
-0.395
-0.381
-0.322
-0.209
-0.077
0.013
0.063
0.122
0.204
0.288
0.324
0.311
0.29
0.299
0.306
0.304
0.302
0.249
0.109
-0.07
-0.222
-0.315
-0.345
-0.379
-0.426
-0.467
-0.488
-0.501
-0.522
-0.612
-0.755
-0.894
-1.075
-1.318
-1.576
-1.794
-1.98
-2.137
-2.223
-2.252
-2.257
-2.252
-2.241
-2.243
-2.277
-2.325
-2.332
-2.307
-2.298
-2.336
-2.393
-2.436
-2.488
-2.561
-2.626
-2.638
-2.583
-2.568
-2.608
-2.633
-2.599
-2.538
-2.55
-2.654
-2.774
-2.822
-2.792
-2.747
-2.69
-2.565
-2.388
-2.25
-2.162
-2.093
-2.041
-2.041
-2.073
-2.139
-2.218
-2.282
-2.318
-2.35
-2.409
-2.468
-2.538
-2.624
-2.67
-2.661
-2.643
-2.64
-2.674
-2.699
-2.686
-2.67
-2.713
-2.783
-2.831
-2.872
-2.901
-2.93
-2.924
-2.858
-2.842
-2.915
-2.989
-2.967
-2.912
-2.983
-3.182
-3.382
-3.523
-3.659
-3.808
-3.919
-3.956
-3.944
-3.976
-4.033
-4.033
-3.965
-3.91
-3.922
-3.944
-3.988
-4.09
-4.226
-4.321
-4.371
-4.43
-4.475
-4.407
-4.228
-3.994
-3.799
-3.613
-3.418
-3.237
-3.148
-3.18
-3.239
-3.278
-3.309
-3.348
-3.377
-3.359
-3.359
-3.416
-3.464
-3.446
-3.402
-3.384
-3.398
-3.434
-3.464
-3.466
-3.5
-3.595
-3.686
-3.718
-3.718
-3.724
-3.733
-3.74
-3.747
-3.838
-3.976
-4.076
-4.135
-4.214
-4.292
-4.371
-4.45
-4.521
-4.623
-4.709
-4.761
-4.766
-4.834
-5.004
-5.167
-5.26
-5.364
-5.519
-5.655
-5.718
-5.779
-5.882
-5.954
-5.904
-5.77
-5.68
-5.623
-5.53
-5.392
-5.267
-5.172
-5.106
-5.069
-5.042
-5.015
-4.967
-4.872
-4.759
-4.657
-4.53
-4.362
-4.255
-4.226
-4.205
-4.219
-4.321
-4.5
-4.711
-4.892
-4.992
-5.049
-5.149
-5.24
-5.253
-5.228
-5.226
-5.28
-5.369
-5.435
-5.516
-5.662
-5.798
-5.854
-5.87
-5.952
-6.117
-6.276
-6.403
-6.503
-6.576
-6.637
-6.675
-6.744
-6.898
-7.106
-7.283
-7.417
-7.526
-7.653
-7.776
-7.85
-7.878
-7.914
-7.921
-7.875
-7.885
-7.952
-7.975
-7.912
-7.803
-7.685
-7.549
-7.401
-7.292
-7.233
-7.163
-7.039
-6.855
-6.691
-6.632
-6.605
-6.519
-6.412
-6.324
-6.208
-6.047
-5.866
-5.732
-5.634
-5.535
-5.412
-5.296
-5.212
-5.169
-5.16
-5.115
-4.999
-4.906
-4.922
-4.963
-4.942
-4.883
-4.809
-4.716
-4.6
-4.45
-4.26
-4.149
-4.137
-4.119
-4.013
-3.922
-3.935
-4.053
-4.221
-4.355
-4.409
-4.437
-4.475
-4.525
-4.552
-4.577
-4.668
-4.802
-4.849
-4.809
-4.811
-4.942
-5.09
-5.144
-5.153
-5.196
-5.299
-5.43
-5.5
-5.512
-5.526
-5.573
-5.623
-5.637
-5.628
-5.652
-5.725
-5.746
-5.655
-5.512
-5.451
-5.5
-5.562
-5.521
-5.394
-5.299
-5.283
-5.256
-5.19
-5.16
-5.181
-5.169
-5.108
-5.031
-4.972
-4.913
-4.795
-4.591
-4.321
-4.067
-3.856
-3.72
-3.67
-3.606
-3.504
-3.432
-3.427
-3.434
-3.407
-3.377
-3.391
-3.346
-3.209
-3.112
-3.092
-3.078
-3.073
-3.094
-3.126
-3.171
-3.23
-3.353
-3.536
-3.704
-3.797
-3.854
-3.938
-3.969
-3.942
-3.947
-4.022
-4.099
-4.112
-4.137
-4.257
-4.398
-4.509
-4.616
-4.709
-4.802
-4.881
-4.972
-5.108
-5.303
-5.469
-5.532
-5.578
-5.707
-5.9
-6.049
-6.149
-6.265
-6.356
-6.347
-6.26
-6.181
-6.099
-5.986
-5.875
-5.784
-5.666
-5.532
-5.453
-5.462
-5.462
-5.382
-5.289
-5.192
-5.051
-4.865
-4.645
-4.448
-4.307
-4.169
-4.033
-3.974
-3.947
-3.951
-3.985
-3.994
-3.944
-3.856
-3.754
-3.668
-3.575
-3.418
-3.212
-3.023
-2.876
-2.763
-2.661
-2.54
-2.452
-2.388
-2.293
-2.202
-2.153
-2.141
-2.132
-2.107
-2.062
-2.078
-2.132
-2.168
-2.255
-2.391
-2.518
-2.597
-2.652
-2.722
-2.831
-2.965
-3.076
-3.132
-3.169
-3.25
-3.371
-3.489
-3.638
-3.826
-3.979
-4.056
-4.09
-4.121
-4.144
-4.185
-4.228
-4.294
-4.357
-4.357
-4.326
-4.292
-4.21
-4.128
-4.121
-4.155
-4.187
-4.187
-4.187
-4.194
-4.192
-4.144
-4.046
-3.915
-3.851
-3.838
-3.783
-3.706
-3.684
-3.675
-3.652
-3.625
-3.579
-3.516
-3.414
-3.243
-3.071
-2.987
-2.953
-2.899
-2.847
-2.74
-2.536
-2.268
-2.037
-1.901
-1.78
-1.626
-1.447
-1.259
-1.096
-0.991
-0.946
-0.896
-0.798
-0.699
-0.615
-0.578
-0.578
-0.64
-0.751
-0.807
-0.794
-0.807
-0.866
-0.941
-1.003
-1.034
-1.048
-1.064
-1.116
-1.238
-1.393
-1.508
-1.533
-1.424
-1.284
-1.216
-1.2
-1.211
-1.286
-1.406
-1.452
-1.44
-1.452
-1.526
-1.613
-1.613
-1.506
-1.436
-1.458
-1.52
-1.615
-1.74
-1.849
-1.896
-1.892
-1.901
-1.953
-2.012
-2.073
-2.173
-2.307
-2.42
-2.497
-2.547
-2.604
-2.638
-2.611
-2.563
-2.561
-2.638
-2.767
-2.869
-2.921
-2.937
-2.93
-2.863
-2.781
-2.767
-2.817
-2.858
-2.867
-2.908
-3.008
-3.085
-3.092
-3.028
-2.878
-2.697
-2.545
-2.454
-2.402
-2.382
-2.363
-2.334
-2.304
-2.282
-2.255
-2.241
-2.193
-2.114
-2.032
-1.935
-1.794
-1.663
-1.574
-1.476
-1.336
-1.186
-1.107
-1.132
-1.188
-1.202
-1.211
-1.22
-1.161
-1.043
-0.91
-0.807
-0.703
-0.583
-0.494
-0.515
-0.637
-0.778
-0.839
-0.855
-0.855
-0.841
-0.805
-0.78
-0.792
-0.801
-0.766
-0.717
-0.728
-0.81
-0.884
-0.912
-0.939
-1.003
-1.057
-1.077
-1.096
-1.12
-1.1
-1.034
-0.957
-0.889
-0.837
-0.835
-0.866
-0.898
-0.912
-0.905
-0.9
-0.912
-0.946
-0.914
-0.735
-0.463
-0.249
-0.125
-0.011
0.097
0.154
0.166
0.211
0.247
0.227
0.163
0.143
0.202
0.333
0.463
0.517
0.517
0.508
0.546
0.626
0.742
0.839
0.887
0.869
0.846
0.841
0.903
1.003
1.107
1.243
1.377
1.454
1.508
1.597
1.685
1.733
1.737
1.762
1.853
1.969
2.05
2.082
2.11
2.173
2.261
2.309
2.332
2.379
2.427
2.409
2.341
2.325
2.373
2.382
2.293
2.202
2.189
2.232
2.275
2.295
2.307
2.316
2.311
2.295
2.268
2.202
2.107
2.035
1.998
1.946
1.876
1.84
1.84
1.851
1.846
1.812
1.796
1.876
1.982
2.032
2.032
2.055
2.146
2.268
2.366
2.452
2.543
2.67
2.828
2.96
3.026
3.101
3.212
3.316
3.396
3.436
3.47
3.55
3.659
3.759
3.842
3.96
4.115
4.217
4.235
4.226
4.264
4.292
4.257
4.178
4.074
3.988
3.96
3.985
3.997
3.965
3.915
3.938
4.044
4.135
4.142
4.069
3.962
3.793
3.57
3.341
3.135
2.965
2.781
2.593
2.456
2.386
2.418
2.509
2.586
2.579
2.524
2.488
2.52
2.602
2.667
2.681
2.652
2.64
2.697
2.79
2.853
2.901
2.949
2.93
2.903
2.937
3.014
3.135
3.269
3.393
3.527
3.724
3.962
4.16
4.278
4.348
4.403
4.464
4.509
4.546
4.55
4.466
4.319
4.228
4.255
4.346
4.416
4.466
4.559
4.684
4.849
5.054
5.271
5.439
5.523
5.541
5.593
5.705
5.798
5.834
5.854
5.891
5.932
5.968
6.045
6.233
6.424
6.505
6.535
6.632
6.791
6.88
6.823
6.719
6.632
6.544
6.456
6.394
6.385
6.347
6.204
5.999
5.861
5.811
5.761
5.639
5.53
5.496
5.48
5.466
5.491
5.569
5.628
5.53
5.351
5.201
5.104
5.002
4.852
4.72
4.611
4.443
4.28
4.192
4.178
4.217
4.273
4.341
4.482
4.693
4.861
4.952
4.99
5.022
5.056
5.067
5.036
4.997
4.967
4.933
4.92
4.956
5.045
5.153
5.237
5.321
5.442
5.544
5.634
5.743
5.854
5.891
5.85
5.768
5.68
5.571
5.439
5.306
5.196
5.115
5.09
5.133
5.208
5.26
5.274
5.285
5.335
5.392
5.399
5.36
5.287
5.153
5.02
4.929
4.863
4.754
4.564
4.328
4.133
4.074
4.13
4.232
4.364
4.541
4.716
4.859
4.995
5.151
5.301
5.399
5.437
5.439
5.455
5.537
5.602
5.625
5.584
5.509
5.442
5.428
5.528
5.739
5.961
6.133
6.301
6.499
6.657
6.719
6.705
6.648
6.571
6.483
6.392
6.301
6.215
6.124
5.984
5.841
5.77
5.786
5.836
5.879
5.927
5.972
5.984
5.975
5.997
6.011
5.915
5.705
5.521
5.423
5.342
5.246
5.144
5.063
5.015
4.967
4.931
4.927
4.904
4.874
4.831
4.822
4.849
4.854
4.772
4.663
4.557
4.428
4.276
4.078
3.849
3.652
3.457
3.266
3.169
3.157
3.144
3.105
3.076
3.069
3.107
3.166
3.23
3.287
3.266
3.162
3.042
2.926
2.822
2.74
2.654
2.543
2.468
2.511
2.665
2.81
2.917
3.037
3.178
3.262
3.318
3.4
3.466
3.493
3.55
3.681
3.851
4.003
4.09
4.137
4.151
4.153
4.187
4.251
4.341
4.432
4.455
4.439
4.432
4.466
4.5
4.489
4.423
4.346
4.31
4.287
4.242
4.169
4.083
3.951
3.79
3.695
3.727
3.836
3.926
3.965
4.015
4.119
4.169
4.074
3.913
3.772
3.627
3.482
3.42
3.439
3.429
3.318
3.212
3.155
3.114
3.005
2.887
2.885
2.969
2.994
2.951
2.939
2.967
2.958
2.844
2.665
2.479
2.352
2.313
2.343
2.357
2.33
2.284
2.291
2.377
2.475
2.545
2.588
2.658
2.767
2.853
2.828
2.763
2.736
2.751
2.726
2.638
2.579
2.62
2.661
2.602
2.499
2.468
2.488
2.486
2.47
2.481
2.552
2.672
2.792
2.853
2.84
2.745
2.624
2.518
2.382
2.234
2.15
2.139
2.143
2.091
1.982
1.91
1.948
2.103
2.248
2.332
2.427
2.565
2.69
2.731
2.699
2.626
2.524
2.325
2.035
1.787
1.687
1.667
1.549
1.309
1.091
1
0.991
0.998
1.009
1.041
1.086
1.148
1.247
1.345
1.374
1.35
1.277
1.123
0.932
0.757
0.621
0.506
0.372
0.213
0.097
0.047
0.052
0.082
0.097
0.091
0.12
0.263
0.456
0.646
0.81
0.912
0.948
0.973
0.993
0.971
0.875
0.778
0.78
0.86
0.962
1.089
1.263
1.44
1.585
1.71
1.803
1.889
1.996
2.11
2.177
2.189
2.168
2.128
2.019
1.799
1.536
1.334
1.209
1.107
0.986
0.882
0.798
0.683
0.556
0.426
0.293
0.15
-0.007
-0.14
-0.193
-0.224
-0.311
-0.424
-0.549
-0.703
-0.916
-1.141
-1.318
-1.418
-1.458
-1.454
-1.411
-1.343
-1.245
-1.161
-1.102
-1.055
-1.014
-0.986
-0.934
-0.864
-0.783
-0.692
-0.583
-0.481
-0.408
-0.311
-0.166
-0.009
0.104
0.147
0.161
0.22
0.276
0.279
0.218
0.15
0.107
0.097
0.104
0.097
0.077
0.122
0.258
0.372
0.379
0.315
0.222
0.14
0.077
0.047
0.018
-0.077
-0.227
-0.386
-0.54
-0.739
-0.948
-1.145
-1.331
-1.499
-1.663
-1.806
-1.916
-1.998
-2.014
-1.994
-1.994
-2.053
-2.13
-2.189
-2.248
-2.348
-2.486
-2.62
-2.754
-2.903
-3.069
-3.232
-3.398
-3.536
-3.593
-3.561
-3.459
-3.35
-3.262
-3.146
-2.98
-2.874
-2.881
-2.917
-2.942
-2.935
-2.899
-2.89
-2.976
-3.103
-3.189
-3.241
-3.287
-3.334
-3.357
-3.353
-3.309
-3.225
-3.08
-2.901
-2.76
-2.71
-2.713
-2.706
-2.681
-2.645
-2.624
-2.663
-2.729
-2.776
-2.833
-2.867
-2.86
-2.869
-2.899
-2.908
-2.863
-2.767
-2.643
-2.509
-2.425
-2.447
-2.493
-2.477
-2.47
-2.59
-2.785
-2.926
-2.971
-2.974
-3.035
-3.198
-3.423
-3.618
-3.783
-3.967
-4.124
-4.219
-4.269
-4.301
-4.357
-4.416
-4.423
-4.43
-4.48
-4.541
-4.593
-4.67
-4.745
-4.741
-4.682
-4.691
-4.786
-4.847
-4.849
-4.838
-4.827
-4.791
-4.725
-4.625
-4.536
-4.414
-4.226
-4.037
-3.933
-3.872
-3.768
-3.645
-3.527
-3.434
-3.341
-3.23
-3.11
-3.01
-2.965
-2.989
-3.03
-3.098
-3.221
-3.307
-3.298
-3.278
-3.253
-3.162
-3.033
-2.939
-2.894
-2.867
-2.835
-2.84
-2.89
-2.944
-2.96
-2.983
-3.037
-3.144
-3.312
-3.516
-3.709
-3.904
-4.092
-4.242
-4.378
-4.496
-4.589
-4.62
-4.645
-4.709
-4.818
-4.881
-4.931
-4.983
-4.981
-4.929
-4.843
-4.734
-4.648
-4.654
-4.698
-4.713
-4.738
-4.786
-4.847
-4.89
-4.865
-4.779
-4.663
-4.557
-4.482
-4.448
-4.443
-4.443
-4.428
-4.416
-4.416
-4.353
-4.248
-4.194
-4.248
-4.366
-4.493
-4.607
-4.7
-4.797
-4.888
-4.956
-4.97
-4.913
-4.813
-4.736
-4.67
-4.598
-4.527
-4.452
-4.321
-4.135
-3.958
-3.876
-3.842
-3.833
-3.831
-3.802
-3.754
-3.706
-3.715
-3.745
-3.727
-3.636
-3.482
-3.323
-3.164
-3.046
-2.978
