Unnamed: 3
Value
1.114
1.114
1.157
1.189
1.155
1.059
0.957
0.916
0.935
0.966
0.991
1.034
1.096
1.164
1.236
1.304
1.325
1.304
1.3
1.341
1.395
1.427
1.438
1.449
1.463
1.427
1.341
1.281
1.25
1.164
1.046
1.064
1.173
1.254
1.27
1.272
1.302
1.316
1.248
1.139
1.075
1.096
1.132
1.123
1.086
1.043
0.984
0.957
0.975
0.998
0.991
0.93
0.88
0.903
0.937
0.885
0.737
0.59
0.463
0.352
0.247
0.188
0.186
0.209
0.261
0.363
0.483
0.533
0.447
0.302
0.19
0.118
0.029
-0.057
-0.129
-0.159
-0.125
-0.059
-0.032
-0.061
-0.052
0.029
0.122
0.186
0.211
0.206
0.156
0.088
0.052
0.043
0.016
-0.014
-0.007
0.043
0.098
0.136
0.134
0.1
0.111
0.195
0.293
0.39
0.501
0.635
0.764
0.887
0.957
0.998
1.025
1.03
1.034
1.046
1.009
0.953
0.98
1.123
1.272
1.37
1.422
1.438
1.458
1.422
1.327
1.236
1.161
1.111
1.057
1.05
1.093
1.093
1.037
0.982
0.975
0.993
1.055
1.127
1.195
1.243
1.268
1.252
1.209
1.127
1.003
0.894
0.844
0.864
0.889
0.885
0.903
1.007
1.121
1.157
1.093
0.978
0.853
0.746
0.678
0.649
0.637
0.66
0.696
0.73
0.789
0.828
0.828
0.817
0.853
0.928
1.007
1.068
1.132
1.214
1.259
1.245
1.209
1.17
1.123
1.134
1.216
1.238
1.139
1.039
1.007
0.991
0.964
0.973
0.984
1.009
1.066
1.161
1.272
1.345
1.386
1.404
1.388
1.302
1.204
1.143
1.13
1.159
1.248
1.354
1.465
1.554
1.563
1.499
1.427
1.372
1.277
1.139
1.032
1.007
1.007
1.005
1.014
1.014
1.041
1.102
1.164
1.202
1.17
1.121
1.132
1.211
1.236
1.155
1.048
0.993
0.989
0.959
0.898
0.916
1.007
1.057
1.071
1.107
1.134
1.109
1.043
0.973
0.896
0.798
0.721
0.649
0.597
0.599
0.633
0.642
0.621
0.569
0.463
0.379
0.361
0.354
0.356
0.399
0.476
0.558
0.551
0.472
0.46
0.531
0.569
0.583
0.658
0.733
0.733
0.701
0.687
0.696
0.703
0.728
0.758
0.782
0.798
0.782
0.758
0.771
0.787
0.796
0.812
0.853
0.873
0.866
0.896
1.014
1.139
1.179
1.209
1.257
1.286
1.304
1.327
1.343
1.327
1.3
1.288
1.35
1.452
1.486
1.477
1.513
1.549
1.499
1.415
1.384
1.4
1.402
1.39
1.372
1.329
1.232
1.102
1.012
0.978
0.955
0.887
0.837
0.832
0.826
0.81
0.832
0.882
0.912
0.921
0.882
0.848
0.86
0.839
0.787
0.76
0.769
0.778
0.726
0.674
0.655
0.637
0.633
0.667
0.68
0.608
0.526
0.465
0.406
0.277
0.132
0.066
0.098
0.118
0.104
0.145
0.243
0.308
0.329
0.327
0.324
0.274
0.204
0.161
0.147
0.134
0.122
0.138
0.179
0.229
0.24
0.234
0.272
0.329
0.349
0.331
0.311
0.297
0.243
0.156
0.091
0.077
0.079
0.068
0.109
0.22
0.34
0.431
0.479
0.472
0.392
0.297
0.225
0.195
0.19
0.252
0.37
0.513
0.694
0.855
0.935
0.953
0.932
0.887
0.855
0.81
0.728
0.651
0.612
0.615
0.633
0.655
0.649
0.633
0.642
0.646
0.635
0.594
0.585
0.615
0.644
0.655
0.624
0.533
0.481
0.51
0.547
0.556
0.594
0.703
0.81
0.817
0.728
0.646
0.619
0.553
0.467
0.445
0.465
0.485
0.485
0.465
0.472
0.492
0.467
0.363
0.24
0.143
0.079
0.027
-0.025
-0.073
-0.12
-0.136
-0.109
-0.086
-0.095
-0.125
-0.134
-0.122
-0.086
-0.059
-0.052
-0.011
0.032
0.041
0.018
-0.009
0.007
0.082
0.188
0.29
0.363
0.395
0.401
0.345
0.22
0.132
0.095
0.057
-0.002
-0.002
0.086
0.22
0.302
0.32
0.347
0.383
0.365
0.352
0.395
0.44
0.458
0.465
0.488
0.526
0.576
0.651
0.71
0.708
0.705
0.696
0.699
0.751
0.837
0.871
0.862
0.844
0.803
0.721
0.635
0.569
0.549
0.549
0.524
0.506
0.494
0.483
0.476
0.433
0.349
0.29
0.238
0.179
0.156
0.15
0.152
0.138
0.091
0.057
0.048
0.043
0.048
0.054
0.054
0.029
-0.025
-0.143
-0.268
-0.352
-0.417
-0.492
-0.522
-0.51
-0.476
-0.463
-0.479
-0.51
-0.556
-0.601
-0.665
-0.721
-0.744
-0.758
-0.782
-0.773
-0.71
-0.649
-0.597
-0.533
-0.447
-0.37
-0.376
-0.456
-0.517
-0.513
-0.476
-0.426
-0.338
-0.229
-0.134
-0.109
-0.145
-0.147
-0.068
0.018
0.029
-0.014
-0.063
-0.113
-0.134
-0.122
-0.098
-0.091
-0.079
-0.059
-0.007
0.048
0.111
0.129
0.093
0.032
-0.014
0.007
0.093
0.163
0.17
0.17
0.181
0.184
0.19
0.197
0.152
0.039
-0.082
-0.168
-0.206
-0.197
-0.156
-0.104
-0.068
-0.084
-0.141
-0.204
-0.293
-0.399
-0.513
-0.635
-0.724
-0.755
-0.778
-0.798
-0.792
-0.78
-0.826
-0.93
-1.003
-1.082
-1.164
-1.245
-1.334
-1.427
-1.454
-1.415
-1.363
-1.309
-1.234
-1.141
-1.034
-0.937
-0.846
-0.805
-0.819
-0.851
-0.887
-0.916
-0.905
-0.803
-0.662
-0.535
-0.399
-0.22
-0.093
-0.068
-0.068
-0.057
-0.039
-0.039
-0.054
-0.036
0.034
0.143
0.286
0.454
0.578
0.642
0.653
0.624
0.549
0.411
0.245
0.156
0.116
0.075
0.077
0.134
0.17
0.17
0.156
0.184
0.259
0.345
0.392
0.383
0.372
0.363
0.331
0.304
0.333
0.411
0.454
0.458
0.456
0.49
0.528
0.504
0.463
0.429
0.356
0.229
0.12
0.079
0.061
0.045
0.02
0.007
-0.032
-0.138
-0.288
-0.417
-0.524
-0.626
-0.71
-0.728
-0.703
-0.71
-0.751
-0.805
-0.882
-0.953
-0.984
-0.973
-0.966
-1.014
-1.141
-1.334
-1.504
-1.622
-1.678
-1.694
-1.722
-1.767
-1.853
-1.951
-2.019
-2.075
-2.119
-2.168
-2.232
-2.339
-2.445
-2.536
-2.62
-2.686
-2.711
-2.731
-2.77
-2.795
-2.792
-2.749
-2.717
-2.713
-2.692
-2.606
-2.463
-2.334
-2.243
-2.187
-2.139
-2.091
-2.044
-1.985
-1.91
-1.833
-1.774
-1.676
-1.522
-1.35
-1.2
-1.057
-0.875
-0.714
-0.646
-0.646
-0.64
-0.594
-0.531
-0.46
-0.37
-0.274
-0.184
-0.091
0.048
0.206
0.338
0.426
0.49
0.504
0.447
0.383
0.376
0.406
0.431
0.424
0.431
0.474
0.513
0.504
0.465
0.447
0.422
0.338
0.211
0.125
0.145
0.209
0.259
0.259
0.295
0.374
0.442
0.499
0.551
0.549
0.483
0.379
0.29
0.249
0.218
0.188
0.209
0.279
0.329
0.308
0.249
0.236
0.252
0.188
0.075
-0.025
-0.095
-0.147
-0.197
-0.236
-0.281
-0.365
-0.463
-0.531
-0.533
-0.504
-0.497
-0.506
-0.463
-0.411
-0.411
-0.465
-0.506
-0.501
-0.476
-0.508
-0.567
-0.583
-0.587
-0.621
-0.671
-0.701
-0.705
-0.705
-0.683
-0.66
-0.646
-0.671
-0.705
-0.699
-0.633
-0.569
-0.54
-0.526
-0.49
-0.456
-0.469
-0.472
-0.456
-0.463
-0.492
-0.528
-0.567
-0.572
-0.562
-0.562
-0.547
-0.492
-0.44
-0.406
-0.361
-0.286
-0.234
-0.222
-0.234
-0.234
-0.213
-0.213
-0.272
-0.347
-0.338
-0.295
-0.263
-0.213
-0.138
-0.079
-0.07
-0.082
-0.054
-0.014
-0.018
-0.043
-0.079
-0.152
-0.245
-0.32
-0.345
-0.363
-0.39
-0.456
-0.533
-0.601
-0.701
-0.839
-0.962
-1.071
-1.175
-1.3
-1.42
-1.495
-1.515
-1.527
-1.563
-1.604
-1.638
-1.715
-1.853
-2.019
-2.168
-2.273
-2.339
-2.375
-2.366
-2.282
-2.148
-2.028
-1.903
-1.769
-1.663
-1.62
-1.608
-1.604
-1.617
-1.665
-1.703
-1.724
-1.728
-1.735
-1.697
-1.601
-1.524
-1.508
-1.52
-1.52
-1.504
-1.52
-1.585
-1.631
-1.615
-1.579
-1.549
-1.522
-1.504
-1.481
-1.461
-1.488
-1.585
-1.688
-1.71
-1.638
-1.547
-1.477
-1.406
-1.338
-1.277
-1.211
-1.114
-1.032
-0.984
-0.98
-1.012
-1.048
-1.082
-1.086
-1.075
-1.096
-1.175
-1.236
-1.223
-1.159
-1.055
-0.925
-0.789
-0.674
-0.599
-0.533
-0.469
-0.408
-0.386
-0.39
-0.395
-0.365
-0.336
-0.342
-0.356
-0.361
-0.361
-0.349
-0.329
-0.315
-0.333
-0.356
-0.349
-0.299
-0.24
-0.15
-0.018
0.061
0.02
-0.095
-0.227
-0.342
-0.469
-0.653
-0.885
-1.052
-1.141
-1.198
-1.248
-1.279
-1.304
-1.304
-1.236
-1.155
-1.155
-1.232
-1.318
-1.352
-1.313
-1.272
-1.275
-1.3
-1.322
-1.363
-1.386
-1.388
-1.402
-1.461
-1.558
-1.697
-1.853
-1.985
-2.062
-2.055
-1.989
-1.903
-1.817
-1.756
-1.731
-1.742
-1.781
-1.899
-2.057
-2.159
-2.182
-2.177
-2.205
-2.246
-2.257
-2.205
-2.1
-1.985
-1.912
-1.917
-1.928
-1.876
-1.769
-1.658
-1.551
-1.409
-1.214
-1.05
-0.944
-0.864
-0.787
-0.785
-0.862
-0.941
-0.978
-1.007
-1.028
-0.996
-0.95
-0.944
-0.955
-0.944
-0.889
-0.83
-0.776
-0.692
-0.603
-0.528
-0.433
-0.338
-0.288
-0.295
-0.283
-0.256
-0.238
-0.236
-0.252
-0.261
-0.277
-0.281
-0.281
-0.281
-0.318
-0.422
-0.517
-0.551
-0.581
-0.626
-0.646
-0.621
-0.578
-0.56
-0.576
-0.631
-0.696
-0.737
-0.751
-0.744
-0.737
-0.762
-0.805
-0.88
-0.991
-1.096
-1.17
-1.204
-1.218
-1.207
-1.145
-1.025
-0.848
-0.674
-0.494
-0.299
-0.134
-0.057
-0.029
0.02
0.054
0.052
0.036
0.039
0.048
0.066
0.084
0.045
-0.025
-0.098
-0.079
0.016
0.104
0.152
0.238
0.411
0.599
0.724
0.753
0.744
0.755
0.773
0.762
0.735
0.692
0.646
0.59
0.551
0.519
0.51
0.504
0.51
0.526
0.597
0.746
0.896
1.007
1.127
1.245
1.286
1.241
1.164
1.048
0.905
0.748
0.61
0.508
0.469
0.483
0.517
0.54
0.515
0.451
0.456
0.547
0.624
0.644
0.683
0.737
0.751
0.742
0.755
0.751
0.726
0.674
0.599
0.533
0.474
0.433
0.406
0.367
0.327
0.297
0.283
0.261
0.286
0.349
0.404
0.479
0.61
0.728
0.778
0.798
0.771
0.662
0.51
0.367
0.245
0.104
-0.023
-0.091
-0.068
0.009
0.088
0.129
0.163
0.225
0.306
0.361
0.392
0.422
0.451
0.506
0.569
0.631
0.671
0.662
0.59
0.494
0.415
0.349
0.281
0.211
0.136
0.068
0.032
0.052
0.111
0.159
0.129
0.077
0.088
0.141
0.175
0.2
0.19
0.143
0.057
-0.061
-0.184
-0.272
-0.342
-0.397
-0.424
-0.411
-0.358
-0.281
-0.2
-0.177
-0.229
-0.252
-0.236
-0.272
-0.374
-0.445
-0.451
-0.404
-0.349
-0.304
-0.29
-0.354
-0.46
-0.547
-0.619
-0.714
-0.805
-0.828
-0.821
-0.771
-0.66
-0.538
-0.499
-0.504
-0.488
-0.438
-0.324
-0.154
0.02
0.147
0.254
0.356
0.413
0.399
0.336
0.265
0.204
0.132
0.034
-0.007
0.057
0.134
0.179
0.206
0.24
0.272
0.283
0.299
0.318
0.32
0.306
0.286
0.265
0.272
0.263
0.204
0.118
0.02
-0.088
-0.175
-0.245
-0.304
-0.347
-0.365
-0.361
-0.342
-0.324
-0.311
-0.279
-0.2
-0.104
-0.009
0.032
0.011
-0.061
-0.166
-0.283
-0.381
-0.49
-0.615
-0.699
-0.753
-0.782
-0.769
-0.687
-0.583
-0.499
-0.44
-0.356
-0.204
-0.052
0.036
0.088
0.15
0.204
0.254
0.295
0.295
0.259
0.211
0.152
0.048
-0.079
-0.154
-0.222
-0.308
-0.336
-0.295
-0.225
-0.129
-0.052
-0.014
0.032
0.091
0.134
0.163
0.181
0.116
0.032
-0.032
-0.118
-0.19
-0.24
-0.279
-0.338
-0.39
-0.431
-0.451
-0.431
-0.349
-0.222
-0.079
0.061
0.204
0.295
0.336
0.342
0.347
0.361
0.374
0.354
0.315
0.302
0.238
0.116
-0.02
-0.136
-0.163
-0.091
0.018
0.161
0.388
0.612
0.764
0.855
0.946
1.028
1.048
1.068
1.148
1.22
1.254
1.27
1.272
1.241
1.175
1.071
0.98
1
1.091
1.143
1.195
1.327
1.513
1.703
1.896
2.057
2.189
2.261
2.277
2.255
2.234
2.198
2.105
1.992
1.926
1.899
1.819
1.697
1.635
1.622
1.651
1.726
1.808
1.878
1.91
1.88
1.824
1.762
1.699
1.624
1.542
1.461
1.39
1.318
1.227
1.143
1.041
0.896
0.728
0.558
0.454
0.44
0.474
0.533
0.592
0.676
0.798
0.948
1.064
1.105
1.055
0.903
0.719
0.601
0.528
0.46
0.395
0.34
0.279
0.245
0.256
0.283
0.295
0.272
0.254
0.234
0.24
0.32
0.451
0.562
0.617
0.635
0.655
0.687
0.728
0.78
0.853
0.903
0.889
0.848
0.823
0.798
0.771
0.73
0.694
0.69
0.726
0.792
0.878
0.973
1.071
1.132
1.134
1.109
1.091
1.077
1.068
1.071
1.064
1.037
0.998
0.973
0.975
0.996
1.005
1.003
1.003
0.993
0.993
1.066
1.2
1.363
1.517
1.644
1.726
1.783
1.828
1.858
1.849
1.792
1.713
1.629
1.549
1.49
1.445
1.409
1.381
1.354
1.327
1.322
1.363
1.39
1.356
1.331
1.318
1.263
1.204
1.211
1.248
1.272
1.234
1.143
1.041
0.973
0.903
0.792
0.644
0.515
0.388
0.27
0.215
0.22
0.265
0.34
0.399
0.406
0.399
0.388
0.349
0.265
0.154
0.036
-0.102
-0.243
-0.295
-0.247
-0.206
-0.209
-0.218
-0.231
-0.268
-0.329
-0.39
-0.429
-0.447
-0.454
-0.465
-0.426
-0.295
-0.122
0.039
0.161
0.265
0.315
0.324
0.311
0.283
0.215
0.15
0.113
0.102
0.118
0.186
0.27
0.322
0.379
0.454
0.51
0.528
0.547
0.553
0.565
0.574
0.565
0.558
0.583
0.633
0.694
0.748
0.792
0.794
0.769
0.742
0.699
0.603
0.51
0.458
0.429
0.426
0.449
0.501
0.617
0.764
0.882
0.937
0.925
0.875
0.826
0.733
0.603
0.481
0.392
0.299
0.2
0.125
0.102
0.122
0.145
0.152
0.15
0.141
0.154
0.204
0.279
0.361
0.404
0.442
0.494
0.569
0.628
0.642
0.61
0.524
0.413
0.308
0.234
0.152
0.041
-0.063
-0.091
-0.1
-0.12
-0.054
0.066
0.15
0.179
0.195
0.213
0.24
0.274
0.29
0.259
0.24
0.211
0.147
0.111
0.107
0.095
0.061
0.034
0.025
0.025
0.027
0.036
0.075
0.188
0.318
0.417
0.485
0.531
0.578
0.583
0.549
0.513
0.494
0.46
0.34
0.168
0.061
0.041
0.048
0.048
0.045
0.093
0.143
0.175
0.245
0.352
0.431
0.485
0.556
0.635
0.726
0.798
0.823
0.808
0.78
0.751
0.73
0.68
0.599
0.533
0.485
0.44
0.447
0.515
0.574
0.567
0.51
0.438
0.37
0.345
0.358
0.367
0.349
0.288
0.156
0.045
0.005
-0.034
-0.12
-0.179
-0.197
-0.215
-0.254
-0.261
-0.209
-0.111
0.025
0.163
0.252
0.308
0.358
0.376
0.327
0.263
0.234
0.22
0.193
0.113
0.002
-0.102
-0.147
-0.132
-0.086
-0.079
-0.111
-0.147
-0.181
-0.175
-0.145
-0.077
0.061
0.225
0.358
0.44
0.494
0.528
0.565
0.635
0.708
0.719
0.644
0.524
0.397
0.302
0.279
0.329
0.408
0.454
0.433
0.37
0.279
0.168
0.086
0.079
0.102
0.102
0.068
0.02
-0.014
-0.052
-0.098
-0.159
-0.225
-0.297
-0.401
-0.506
-0.569
-0.585
-0.526
-0.401
-0.247
-0.122
-0.048
-0.009
0.016
0.014
0.032
0.079
0.113
0.1
0.066
0.059
0.127
0.265
0.415
0.551
0.619
0.585
0.538
0.519
0.479
0.392
0.331
0.302
0.286
0.288
0.272
0.259
0.283
0.352
0.454
0.528
0.499
0.379
0.184
-0.07
-0.315
-0.497
-0.565
-0.517
-0.481
-0.49
-0.499
-0.46
-0.365
-0.254
-0.197
-0.209
-0.265
-0.342
-0.422
-0.46
-0.449
-0.411
-0.395
-0.363
-0.277
-0.163
-0.068
-0.016
0.018
0.059
0.098
0.079
0.02
-0.023
0.002
0.059
0.082
0.113
0.236
0.379
0.433
0.354
0.243
0.188
0.17
0.1
0.007
-0.057
-0.116
-0.181
-0.193
-0.163
-0.116
-0.1
-0.134
-0.213
-0.327
-0.469
-0.635
-0.753
-0.785
-0.742
-0.66
-0.569
-0.447
-0.311
-0.218
-0.175
-0.147
-0.156
-0.202
-0.315
-0.469
-0.592
-0.665
-0.69
-0.626
-0.483
-0.333
-0.227
-0.136
-0.018
0.082
0.086
-0.018
-0.127
-0.132
-0.077
-0.02
0.039
0.107
0.193
0.245
0.236
0.195
0.197
0.222
0.22
0.206
0.188
0.22
0.306
0.406
0.488
0.574
0.653
0.721
0.801
0.885
0.948
0.959
0.935
0.932
0.962
0.987
1
1.018
1.046
1.082
1.1
1.082
1.066
1.077
1.111
1.116
1.093
1.105
1.145
1.193
1.209
1.214
1.252
1.288
1.297
1.293
1.272
1.252
1.254
1.22
1.184
1.168
1.152
1.136
1.107
1.089
1.089
1.084
1.016
0.894
0.796
0.748
0.744
0.712
0.642
0.567
0.454
0.288
0.152
0.111
0.118
0.075
-0.023
-0.054
0.018
0.073
0.077
0.07
0.093
0.107
0.079
0.086
0.15
0.225
0.27
0.297
0.315
0.342
0.404
0.467
0.538
0.56
0.553
0.56
0.583
0.612
0.646
0.703
0.73
0.746
0.814
0.916
0.966
0.962
0.955
0.953
0.919
0.851
0.796
0.789
0.778
0.724
0.642
0.544
0.454
0.44
0.508
0.587
0.583
0.524
0.483
0.51
0.583
0.649
0.669
0.669
0.692
0.73
0.724
0.687
0.692
0.767
0.855
0.869
0.801
0.744
0.787
0.866
0.878
0.828
0.751
0.708
0.739
0.801
0.837
0.801
0.73
0.721
0.796
0.851
0.835
0.796
0.787
0.789
0.764
0.712
0.669
0.628
0.56
0.433
0.254
0.104
0.016
-0.032
-0.048
-0.057
-0.091
-0.127
-0.138
-0.1
-0.039
-0.025
-0.07
-0.136
-0.175
-0.19
-0.195
-0.222
-0.222
-0.141
-0.025
0.005
-0.043
-0.052
-0.007
0.061
0.095
0.061
-0.036
-0.107
-0.075
0.023
0.111
0.225
0.395
0.558
0.685
0.762
0.773
0.739
0.683
0.592
0.474
0.342
0.252
0.261
0.399
0.597
0.76
0.875
0.966
1.068
1.136
1.1
0.932
0.712
0.513
0.401
0.386
0.404
0.39
0.397
0.424
0.413
0.372
0.331
0.274
0.195
0.1
-0.045
-0.193
-0.229
-0.116
0.063
0.225
0.329
0.358
0.37
0.406
0.442
0.429
0.365
0.245
0.152
0.177
0.311
0.476
0.651
0.828
0.975
1.082
1.159
1.175
1.123
1.039
0.939
0.839
0.742
0.628
0.556
0.556
0.608
0.667
0.699
0.692
0.678
0.676
0.649
0.526
0.299
0.066
-0.091
-0.152
-0.136
-0.079
0
0.088
0.225
0.338
0.374
0.324
0.247
0.202
0.159
0.054
-0.059
-0.075
0.025
0.179
0.277
0.295
0.272
0.293
0.354
0.413
0.39
0.211
-0.025
-0.154
-0.168
-0.132
-0.034
0.116
0.259
0.399
0.504
0.542
0.542
0.544
0.572
0.517
0.336
0.136
0.043
0.066
0.179
0.322
0.379
0.372
0.367
0.383
0.363
0.247
0.077
-0.029
-0.048
-0.075
-0.12
-0.116
-0.034
0.057
0.086
0.048
0.009
-0.029
-0.107
-0.213
-0.315
-0.39
-0.411
-0.338
-0.222
-0.088
0.02
0.063
0.07
0.098
0.17
0.215
0.145
-0.025
-0.202
-0.306
-0.345
-0.333
-0.308
-0.243
-0.147
-0.1
-0.084
-0.05
-0.027
-0.02
-0.014
-0.034
-0.095
-0.24
-0.431
-0.531
-0.56
-0.612
-0.701
-0.748
-0.776
-0.844
-0.962
-1.061
-1.123
-1.161
-1.179
-1.211
-1.259
-1.284
-1.25
-1.132
-1
-0.914
-0.882
-0.871
-0.871
-0.894
-0.914
-0.975
-1.08
-1.123
-1.064
-1.005
-0.987
-0.937
-0.848
-0.798
-0.78
-0.721
-0.631
-0.612
-0.719
-0.862
-0.932
-0.955
-0.978
-0.953
-0.907
-0.912
-0.966
-0.998
-0.973
-0.907
-0.83
-0.771
-0.81
-0.907
-0.964
-0.939
-0.921
-0.882
-0.776
-0.694
-0.694
-0.701
-0.69
-0.674
-0.685
-0.735
-0.776
-0.801
-0.821
-0.851
-0.866
-0.812
-0.714
-0.585
-0.433
-0.354
-0.379
-0.424
-0.467
-0.567
-0.678
-0.753
-0.801
-0.86
-0.923
-0.962
-0.962
-0.941
-0.88
-0.762
-0.665
-0.599
-0.526
-0.483
-0.49
-0.508
-0.542
-0.606
-0.665
-0.708
-0.76
-0.835
-0.898
-0.921
-0.896
-0.866
-0.889
-0.932
-0.93
-0.93
-0.946
-0.923
-0.896
-0.88
-0.844
-0.805
-0.787
-0.724
-0.655
-0.626
-0.608
-0.603
-0.628
-0.671
-0.719
-0.742
-0.735
-0.744
-0.755
-0.73
-0.683
-0.644
-0.594
-0.572
-0.594
-0.658
-0.748
-0.848
-0.973
-1.141
-1.275
-1.341
-1.356
-1.329
-1.261
-1.193
-1.155
-1.152
-1.139
-1.143
-1.173
-1.245
-1.329
-1.452
-1.595
-1.688
-1.719
-1.722
-1.742
-1.758
-1.781
-1.824
-1.874
-1.96
-2.089
-2.205
-2.255
-2.27
-2.266
-2.232
-2.168
-2.057
-1.955
-1.88
-1.781
-1.667
-1.615
-1.599
-1.554
-1.517
-1.502
-1.477
-1.384
-1.254
-1.155
-1.068
-0.955
-0.826
-0.755
-0.767
-0.794
-0.821
-0.828
-0.814
-0.823
-0.837
-0.812
-0.78
-0.776
-0.753
-0.714
-0.719
-0.755
-0.803
-0.837
-0.853
-0.866
-0.869
-0.803
-0.705
-0.64
-0.606
-0.553
-0.513
-0.533
-0.583
-0.61
-0.633
-0.694
-0.835
-0.975
-1.066
-1.1
-1.061
-0.968
-0.846
-0.719
-0.633
-0.631
-0.68
-0.764
-0.905
-1.098
-1.277
-1.395
-1.488
-1.556
-1.601
-1.615
-1.601
-1.583
-1.542
-1.474
-1.449
-1.52
-1.572
-1.608
-1.681
-1.749
-1.792
-1.806
-1.792
-1.774
-1.776
-1.81
-1.853
-1.885
-1.894
-1.933
-2.01
-2.08
-2.137
-2.182
-2.166
-2.114
-2.1
-2.103
-2.087
-2.064
-2.08
-2.146
-2.221
-2.3
-2.368
-2.461
-2.513
-2.454
-2.343
-2.196
-1.982
-1.765
-1.633
-1.551
-1.502
-1.481
-1.472
-1.49
-1.556
-1.644
-1.706
-1.713
-1.642
-1.563
-1.477
-1.334
-1.198
-1.141
-1.155
-1.186
-1.225
-1.309
-1.409
-1.488
-1.538
-1.554
-1.527
-1.499
-1.474
-1.445
-1.449
-1.515
-1.576
-1.579
-1.57
-1.631
-1.726
-1.799
-1.819
-1.812
-1.817
-1.81
-1.796
-1.787
-1.76
-1.706
-1.665
-1.66
-1.667
-1.685
-1.751
-1.821
-1.835
-1.79
-1.774
-1.783
-1.781
-1.781
-1.767
-1.785
-1.821
-1.844
-1.837
-1.853
-1.887
-1.914
-1.928
-1.903
-1.86
-1.806
-1.733
-1.685
-1.703
-1.699
-1.678
-1.724
-1.808
-1.864
-1.851
-1.794
-1.715
-1.624
-1.515
-1.409
-1.288
-1.164
-1.082
-1.075
-1.148
-1.223
-1.275
-1.381
-1.504
-1.572
-1.576
-1.545
-1.495
-1.422
-1.354
-1.311
-1.252
-1.141
-1
-0.921
-0.914
-0.95
-0.948
-0.914
-0.901
-0.939
-0.982
-1.018
-1.052
-1.089
-1.125
-1.161
-1.184
-1.186
-1.17
-1.13
-1.114
-1.105
-1.075
-1.018
-0.978
-0.991
-1
-0.993
-1.023
-1.127
-1.241
-1.3
-1.338
-1.409
-1.456
-1.409
-1.277
-1.166
-1.1
-1.048
-0.998
-0.948
-0.944
-1.005
-1.073
-1.077
-1.043
-1.009
-0.984
-0.989
-0.991
-0.978
-0.966
-0.953
-0.907
-0.837
-0.78
-0.742
-0.692
-0.612
-0.526
-0.458
-0.413
-0.367
-0.372
-0.46
-0.567
-0.628
-0.651
-0.669
-0.685
-0.671
-0.676
-0.708
-0.717
-0.703
-0.669
-0.653
-0.635
-0.603
-0.549
-0.476
-0.456
-0.519
-0.597
-0.642
-0.685
-0.742
-0.801
-0.864
-0.935
-0.975
-0.962
-0.935
-0.905
-0.837
-0.728
-0.597
-0.551
-0.594
-0.603
-0.558
-0.54
-0.574
-0.601
-0.61
-0.608
-0.603
-0.574
-0.535
-0.51
-0.488
-0.447
-0.37
-0.283
-0.211
-0.17
-0.138
-0.098
-0.086
-0.127
-0.147
-0.15
-0.154
-0.181
-0.209
-0.238
-0.265
-0.274
-0.243
-0.175
-0.156
-0.143
-0.082
0.007
0.07
0.113
0.161
0.209
0.225
0.186
0.136
0.079
-0.029
-0.163
-0.263
-0.311
-0.356
-0.374
-0.327
-0.231
-0.15
-0.12
-0.102
-0.061
0
0.029
0.034
0.052
0.05
-0.034
-0.127
-0.143
-0.12
-0.122
-0.134
-0.104
-0.05
-0.039
-0.041
-0.002
0.066
0.091
0.088
0.073
0.032
-0.011
-0.068
-0.098
-0.098
-0.12
-0.184
-0.206
-0.147
-0.12
-0.206
-0.268
-0.17
-0.023
0.07
0.159
0.272
0.347
0.367
0.354
0.336
0.327
0.265
0.159
0.104
0.104
0.088
0.068
0.141
0.261
0.345
0.424
0.592
0.792
0.901
0.894
0.871
0.86
0.826
0.755
0.712
0.705
0.699
0.69
0.721
0.828
0.941
0.966
0.962
1.064
1.204
1.268
1.266
1.281
1.316
1.329
1.293
1.288
1.318
1.275
1.161
1.084
1.057
1.046
1.012
1.007
1.043
1.071
1.111
1.22
1.35
1.436
1.458
1.447
1.44
1.443
1.411
1.32
1.243
1.186
1.116
1.084
1.141
1.218
1.268
1.302
1.37
1.468
1.524
1.533
1.533
1.506
1.436
1.388
1.409
1.44
1.404
1.338
1.297
1.284
1.214
1.086
1.003
0.953
0.912
0.928
1.021
1.159
1.297
1.422
1.522
1.579
1.597
1.606
1.629
1.631
1.565
1.452
1.37
1.343
1.322
1.259
1.214
1.259
1.363
1.445
1.483
1.533
1.599
1.588
1.508
1.438
1.377
1.295
1.211
1.173
1.189
1.161
1.098
1.08
1.066
1.009
0.966
1.005
1.075
1.105
1.098
1.102
1.121
1.143
1.159
1.157
1.175
1.184
1.148
1.068
1.014
0.984
0.896
0.814
0.823
0.907
0.984
1.05
1.143
1.259
1.331
1.329
1.331
1.375
1.388
1.325
1.234
1.175
1.143
1.134
1.152
1.191
1.225
1.259
1.309
1.354
1.409
1.468
1.497
1.47
1.424
1.4
1.397
1.39
1.37
1.356
1.377
1.406
1.397
1.365
1.347
1.3
1.241
1.225
1.245
1.252
1.216
1.143
1.139
1.223
1.318
1.37
1.381
1.404
1.409
1.345
1.302
1.318
1.318
1.322
1.37
1.461
1.547
1.588
1.62
1.676
1.719
1.728
1.722
1.737
1.767
1.726
1.64
1.59
1.606
1.613
1.608
1.585
1.556
1.547
1.542
1.545
1.558
1.52
1.429
1.361
1.375
1.431
1.438
1.418
1.413
1.429
1.463
1.495
1.502
1.479
1.424
1.354
1.293
1.27
1.284
1.284
1.232
1.152
1.118
1.136
1.161
1.195
1.241
1.254
1.22
1.195
1.25
1.325
1.329
1.272
1.241
1.263
1.281
1.243
1.184
1.195
1.268
1.329
1.386
1.461
1.524
1.529
1.481
1.458
1.502
1.554
1.574
1.54
1.511
1.472
1.404
1.372
1.397
1.445
1.409
1.302
1.252
1.293
1.3
1.234
1.177
1.166
1.182
1.186
1.164
1.152
1.179
1.238
1.307
1.381
1.434
1.409
1.318
1.284
1.334
1.397
1.436
1.452
1.483
1.504
1.479
1.461
1.504
1.547
1.511
1.434
1.393
1.345
1.229
1.096
1.025
0.975
0.907
0.841
0.808
0.792
0.794
0.803
0.803
0.801
0.782
0.744
0.735
0.773
0.826
0.846
0.882
0.923
0.968
1.05
1.123
1.157
1.175
1.204
1.204
1.177
1.145
1.17
1.252
1.279
1.25
1.238
1.245
1.214
1.184
1.2
1.227
1.179
1.059
0.937
0.871
0.873
0.912
0.939
0.935
0.937
0.925
0.93
0.953
0.964
0.957
0.991
1.08
1.15
1.177
1.157
1.109
1.061
1.043
1.023
1.023
1.039
1.05
1.05
1.037
1.052
1.118
1.227
1.291
1.279
1.254
1.204
1.114
1.014
0.941
0.871
0.751
0.637
0.572
0.547
0.528
0.572
0.717
0.88
0.971
0.982
0.982
0.998
0.991
0.957
0.923
0.905
0.891
0.857
0.823
0.808
0.819
0.846
0.901
0.957
0.925
0.776
0.644
0.608
0.592
0.553
0.501
0.449
0.381
0.288
0.147
0.007
-0.113
-0.222
-0.306
-0.379
-0.442
-0.481
-0.472
-0.413
-0.356
-0.365
-0.406
-0.401
-0.338
-0.245
-0.168
-0.125
-0.104
-0.1
-0.122
-0.179
-0.243
-0.263
-0.215
-0.143
-0.07
0.059
0.243
0.39
0.488
0.61
0.733
0.787
0.787
0.742
0.667
0.635
0.635
0.667
0.746
0.848
0.944
1.03
1.145
1.248
1.257
1.191
1.118
1.041
0.993
0.998
1.005
0.982
0.937
0.889
0.814
0.68
0.533
0.433
0.383
0.327
0.247
0.236
0.288
0.324
0.32
0.315
0.324
0.324
0.318
0.318
0.32
0.313
0.297
0.261
0.161
0.009
-0.136
-0.181
-0.188
-0.22
-0.265
-0.265
-0.211
-0.145
-0.15
-0.197
-0.238
-0.283
-0.345
-0.411
-0.481
-0.528
-0.54
-0.497
-0.481
-0.504
-0.522
-0.526
-0.508
-0.526
-0.562
-0.542
-0.463
-0.354
-0.27
-0.222
-0.175
-0.091
-0.043
-0.091
-0.181
-0.254
-0.252
-0.177
-0.12
-0.084
-0.029
0.048
0.084
0.073
0.063
0.073
0.098
0.136
0.136
0.104
0.122
0.168
0.19
0.172
0.136
0.118
0.181
0.304
0.401
0.408
0.347
0.304
0.286
0.304
0.342
0.347
0.367
0.422
0.465
0.431
0.361
0.324
0.313
0.293
0.247
0.188
0.15
0.102
0.036
0.016
0.079
0.156
0.211
0.274
0.349
0.358
0.274
0.22
0.259
0.302
0.29
0.252
0.19
0.152
0.132
0.077
0.036
0.059
0.088
0.068
0.014
-0.066
-0.134
-0.204
-0.324
-0.467
-0.562
-0.597
-0.631
-0.665
-0.635
-0.603
-0.621
-0.651
-0.692
-0.735
-0.73
-0.669
-0.581
-0.497
-0.445
-0.433
-0.472
-0.497
-0.513
-0.578
-0.64
-0.619
-0.547
-0.497
-0.481
-0.476
-0.474
-0.508
-0.504
-0.465
-0.392
-0.338
-0.333
-0.338
-0.288
-0.227
-0.213
-0.213
-0.181
-0.166
-0.202
-0.254
-0.277
-0.236
-0.161
-0.073
0.007
0.109
0.225
0.297
0.308
0.27
0.197
0.109
-0.007
-0.132
-0.238
-0.318
-0.361
-0.413
-0.472
-0.549
-0.655
-0.714
-0.694
-0.66
-0.644
-0.621
-0.599
-0.603
-0.66
-0.767
-0.871
-0.932
-0.935
-0.907
-0.887
-0.841
-0.758
-0.674
-0.601
-0.526
-0.474
-0.442
-0.429
-0.417
-0.415
-0.422
-0.408
-0.374
-0.37
-0.374
-0.388
-0.349
-0.252
-0.206
-0.249
-0.27
-0.204
-0.107
0
0.088
0.159
0.236
0.311
0.329
0.27
0.2
0.132
0.057
-0.002
-0.025
-0.016
-0.005
0.02
0.041
0.054
0.082
0.132
0.179
0.218
0.229
0.181
0.15
0.152
0.111
0.027
-0.059
-0.122
-0.168
-0.206
-0.254
-0.311
-0.34
-0.27
-0.145
-0.098
-0.107
-0.088
-0.07
-0.063
-0.066
-0.1
-0.159
-0.193
-0.211
-0.172
-0.102
-0.009
0.125
0.272
0.408
0.481
0.506
0.581
0.719
0.808
0.823
0.832
0.832
0.787
0.728
0.674
0.633
0.621
0.646
0.658
0.583
0.494
0.465
0.433
0.39
0.374
0.365
0.331
0.27
0.193
0.079
-0.07
-0.218
-0.347
-0.422
-0.438
-0.488
-0.535
-0.531
-0.526
-0.544
-0.553
-0.572
-0.601
-0.626
-0.669
-0.705
-0.703
-0.69
-0.701
-0.771
-0.875
-0.964
-1.016
-1.064
-1.086
-1.055
-1.037
-1.08
-1.173
-1.27
-1.341
-1.386
-1.4
-1.363
-1.291
-1.232
-1.241
-1.227
-1.118
-1.037
-1.028
-1.003
-0.905
-0.776
-0.676
-0.567
-0.406
-0.213
-0.059
0.061
0.156
0.2
0.231
0.247
0.249
0.261
0.293
0.333
0.404
0.506
0.585
0.606
0.603
0.624
0.674
0.701
0.694
0.69
0.753
0.851
0.901
0.93
0.984
1.037
1.086
1.157
1.248
1.35
1.443
1.508
1.565
1.585
1.527
1.465
1.402
1.352
1.329
1.329
1.311
1.277
1.209
1.127
1.046
0.991
0.935
0.866
0.819
0.744
0.66
0.642
0.68
0.683
0.644
0.615
0.599
0.608
0.619
0.606
0.601
0.642
0.699
0.687
0.612
0.562
0.558
0.544
0.494
0.451
0.406
0.363
0.342
0.345
0.367
0.399
0.417
0.411
0.401
0.386
0.342
0.324
0.376
0.474
0.538
0.585
0.646
0.701
0.703
0.658
0.601
0.542
0.49
0.44
0.383
0.302
0.238
0.272
0.34
0.411
0.458
0.497
0.531
0.526
0.501
0.479
0.465
0.474
0.506
0.522
0.538
0.544
0.562
0.612
0.662
0.667
0.655
0.705
0.832
0.968
1.068
1.116
1.145
1.159
1.152
1.143
1.143
1.161
1.198
1.216
1.241
1.252
1.25
1.257
1.297
1.39
1.515
1.624
1.703
1.715
1.672
1.599
1.551
1.538
1.538
1.513
1.443
1.375
1.354
1.359
1.356
1.37
1.384
1.37
1.35
1.32
1.254
1.145
1.059
0.975
0.882
0.81
0.764
0.717
0.635
0.522
0.399
0.318
0.27
0.211
0.109
0.023
-0.009
-0.014
0.025
0.091
0.141
0.166
0.15
0.098
0.039
-0.005
-0.02
0.002
0.043
0.095
0.132
0.127
0.136
0.2
0.268
0.338
0.406
0.442
0.392
0.29
0.19
0.129
0.102
0.1
0.093
0.066
0.054
0.057
0.082
0.136
0.193
0.227
0.279
0.37
0.454
0.501
0.528
0.526
0.499
0.46
0.44
0.426
0.422
0.426
0.426
0.42
0.433
0.467
0.465
0.431
0.395
0.349
0.32
0.363
0.426
0.42
0.388
0.37
0.367
0.383
0.392
0.352
0.331
0.349
0.367
0.352
0.345
0.356
0.386
0.44
0.506
0.544
0.549
0.531
0.494
0.42
0.333
0.315
0.338
0.329
0.297
0.281
0.288
0.308
0.338
0.349
0.34
0.338
0.324
0.327
0.322
0.249
0.093
-0.091
-0.254
-0.372
-0.426
-0.49
-0.56
-0.615
-0.649
-0.68
-0.719
-0.742
-0.771
-0.812
-0.846
-0.869
-0.878
-0.919
-0.982
-1.059
-1.121
-1.166
-1.216
-1.229
-1.223
-1.238
-1.295
-1.331
-1.297
-1.229
-1.191
-1.227
-1.281
-1.313
-1.318
-1.35
-1.395
-1.447
-1.508
-1.558
-1.567
-1.561
-1.572
-1.563
-1.506
-1.438
-1.384
-1.313
-1.186
-1.032
-0.914
-0.855
-0.814
-0.789
-0.755
-0.73
-0.755
-0.785
-0.778
-0.735
-0.674
-0.615
-0.587
-0.567
-0.524
-0.449
-0.379
-0.331
-0.295
-0.27
-0.215
-0.143
-0.125
-0.147
-0.181
-0.254
-0.349
-0.46
-0.533
-0.538
-0.533
-0.562
-0.587
-0.556
-0.485
-0.456
-0.488
-0.549
-0.628
-0.71
-0.812
-0.966
-1.134
-1.223
-1.25
-1.272
-1.313
-1.325
-1.316
-1.343
-1.427
-1.497
-1.54
-1.563
-1.563
-1.529
-1.545
-1.665
-1.812
-1.889
-1.921
-1.973
-2.044
-2.073
-2.06
-2.037
-2.064
-2.171
-2.273
-2.255
-2.146
-2.075
-2.037
-2.005
-1.964
-1.896
-1.826
-1.781
-1.787
-1.817
-1.828
-1.821
-1.808
-1.792
-1.785
-1.769
-1.735
-1.701
-1.703
-1.694
-1.629
-1.524
-1.47
-1.483
-1.54
-1.604
-1.626
-1.631
-1.651
-1.66
-1.631
-1.597
-1.595
-1.615
-1.638
-1.649
-1.642
-1.626
-1.59
-1.579
-1.615
-1.724
-1.84
-1.878
-1.853
-1.835
-1.794
-1.717
-1.649
-1.615
-1.631
-1.669
-1.678
-1.64
-1.585
-1.527
-1.486
-1.454
-1.409
-1.372
-1.372
-1.377
-1.384
-1.406
-1.418
-1.395
-1.359
-1.334
-1.341
-1.322
-1.27
-1.241
-1.304
-1.363
-1.334
-1.25
-1.17
-1.159
-1.22
-1.279
-1.288
-1.252
-1.223
-1.214
-1.207
-1.179
-1.161
-1.179
-1.211
-1.218
-1.227
-1.272
-1.347
-1.424
-1.533
-1.674
-1.79
-1.851
-1.91
-1.98
-2.026
-2.03
-2.039
-2.096
-2.221
-2.354
-2.434
-2.436
-2.441
-2.491
-2.534
-2.529
-2.475
-2.382
-2.293
-2.273
-2.314
-2.379
-2.445
-2.495
-2.561
-2.633
-2.663
-2.631
-2.565
-2.497
-2.457
-2.427
-2.363
-2.28
-2.246
-2.316
-2.466
-2.579
-2.609
-2.595
-2.593
-2.588
-2.552
-2.452
-2.345
-2.3
-2.316
-2.327
-2.302
-2.248
-2.239
-2.284
-2.341
-2.37
-2.332
-2.23
-2.148
-2.125
-2.069
-1.971
-1.878
-1.844
-1.901
-2.01
-2.087
-2.103
-2.107
-2.137
-2.175
-2.182
-2.119
-2.037
-1.987
-1.973
-1.96
-1.955
-1.989
-2.032
-2.078
-2.134
-2.168
-2.159
-2.13
-2.1
-2.066
-1.998
-1.849
-1.694
-1.638
-1.66
-1.674
-1.647
-1.626
-1.644
-1.692
-1.74
-1.728
-1.688
-1.654
-1.665
-1.697
-1.706
-1.706
-1.713
-1.771
-1.853
-1.935
-1.982
-1.985
-1.951
-1.923
-1.908
-1.874
-1.799
-1.719
-1.692
-1.733
-1.765
-1.751
-1.719
-1.733
-1.767
-1.762
-1.708
-1.644
-1.617
-1.617
-1.599
-1.585
-1.606
-1.622
-1.622
-1.651
-1.731
-1.794
-1.815
-1.849
-1.93
-2.023
-2.037
-1.953
-1.83
-1.737
-1.71
-1.717
-1.692
-1.656
-1.656
-1.654
-1.617
-1.556
-1.493
-1.463
-1.434
-1.352
-1.27
-1.223
-1.186
-1.175
-1.193
-1.234
-1.266
-1.266
-1.25
-1.227
-1.182
-1.098
-1.032
-1.003
-1.034
-1.077
-1.075
-1.007
-0.953
-0.941
-0.914
-0.896
-0.944
-1.003
-1.041
-1.052
-1.034
-0.978
-0.907
-0.839
-0.796
-0.796
-0.805
-0.808
-0.794
-0.796
-0.857
-0.968
-1.016
-0.978
-0.948
-1.016
-1.15
-1.263
-1.354
-1.445
-1.538
-1.626
-1.663
-1.606
-1.504
-1.409
-1.356
-1.359
-1.409
-1.461
-1.447
-1.388
-1.397
-1.461
-1.465
-1.461
-1.524
-1.624
-1.672
-1.638
-1.554
-1.495
-1.438
-1.368
-1.272
-1.184
-1.114
-1.082
-1.066
-1.057
-1.061
-1.077
-1.089
-1.046
-0.964
-0.91
-0.844
-0.726
-0.635
-0.628
-0.685
-0.724
-0.712
-0.687
-0.678
-0.649
-0.587
-0.531
-0.519
-0.54
-0.551
-0.542
-0.494
-0.469
-0.506
-0.576
-0.631
-0.69
-0.73
-0.737
-0.701
-0.667
-0.649
-0.612
-0.547
-0.49
-0.485
-0.479
-0.438
-0.404
-0.481
-0.583
-0.599
-0.565
-0.513
-0.46
-0.422
-0.408
-0.397
-0.376
-0.388
-0.379
-0.331
-0.259
-0.206
-0.175
-0.161
-0.193
-0.252
-0.227
-0.127
-0.005
0.1
0.181
0.254
0.293
0.243
0.125
-0.014
-0.138
-0.234
-0.283
-0.299
-0.318
-0.318
-0.272
-0.245
-0.24
-0.202
-0.145
-0.166
-0.249
-0.331
-0.367
-0.358
-0.333
-0.29
-0.256
-0.272
-0.293
-0.29
-0.29
-0.259
-0.184
-0.134
-0.127
-0.111
-0.045
0.032
0.132
0.259
0.411
0.562
0.692
0.778
0.857
0.853
0.719
0.553
0.431
0.338
0.254
0.181
0.132
0.136
0.215
0.322
0.408
0.481
0.538
0.551
0.483
0.399
0.365
0.313
0.238
0.188
0.17
0.161
0.163
0.204
0.279
0.367
0.408
0.424
0.429
0.404
0.356
0.358
0.417
0.501
0.626
0.767
0.844
0.864
0.857
0.785
0.678
0.606
0.599
0.617
0.651
0.683
0.73
0.801
0.878
0.982
1.052
1.08
1.116
1.166
1.182
1.168
1.157
1.125
1.071
1.009
0.975
0.968
0.953
0.91
0.898
0.939
0.932
0.891
0.882
0.848
0.776
0.653
0.519
0.46
0.492
0.544
0.572
0.567
0.565
0.558
0.538
0.483
0.463
0.458
0.415
0.356
0.363
0.438
0.515
0.574
0.637
0.728
0.81
0.862
0.885
0.857
0.758
0.658
0.658
0.719
0.764
0.803
0.828
0.821
0.798
0.782
0.803
0.862
0.907
0.907
0.873
0.812
0.792
0.808
0.844
0.928
1.066
1.204
1.302
1.411
1.477
1.49
1.463
1.422
1.39
1.406
1.397
1.345
1.309
1.275
1.275
1.365
1.513
1.595
1.626
1.651
1.654
1.622
1.574
1.517
1.493
1.524
1.574
1.624
1.676
1.728
1.771
1.808
1.812
1.796
1.717
1.62
1.585
1.604
1.633
1.676
1.742
1.796
1.842
1.88
1.874
1.812
1.726
1.688
1.676
1.64
1.574
1.468
1.347
1.245
1.191
1.168
1.17
1.2
1.279
1.379
1.454
1.477
1.434
1.393
1.42
1.452
1.486
1.54
1.615
1.713
1.801
1.851
1.871
1.88
1.887
1.91
1.944
1.978
2.012
2.069
2.18
2.332
2.454
2.504
2.518
2.529
2.516
2.488
2.42
2.3
2.18
2.121
2.11
2.098
2.087
2.05
1.971
1.942
2.007
2.105
2.173
2.184
2.153
2.119
2.055
1.969
1.889
1.776
1.674
1.644
1.629
1.561
1.486
1.436
1.431
1.477
1.538
1.572
1.633
1.735
1.835
1.835
1.771
1.681
1.629
1.66
1.722
1.726
1.701
1.699
1.731
1.778
1.815
1.84
1.874
1.935
2.003
2.044
2.064
2.082
2.096
2.098
2.121
2.203
2.261
2.243
2.227
2.243
2.298
2.343
2.332
2.268
2.205
2.148
2.062
1.957
1.867
1.79
1.744
1.765
1.83
1.869
1.871
1.876
1.921
1.985
2.005
1.985
1.946
1.914
1.923
1.946
1.93
1.889
1.871
1.855
1.858
1.921
2.012
2.066
2.112
2.225
2.382
2.506
2.57
2.586
2.611
2.672
2.681
2.643
2.599
2.572
2.536
2.468
2.436
2.427
2.434
2.472
2.534
2.595
2.618
2.613
2.588
2.543
2.475
2.4
2.32
2.239
2.148
2.087
2.055
1.998
1.892
1.792
1.771
1.858
1.967
2.007
2.044
2.055
2.032
2.037
2.087
2.105
2.066
2.044
2.05
2.062
2.039
1.992
1.962
1.992
2.075
2.141
2.13
2.084
2.039
1.994
1.964
1.978
1.987
1.933
1.817
1.708
1.644
1.61
1.604
1.624
1.694
1.733
1.658
1.488
1.356
1.295
1.243
1.182
1.127
1.089
1.046
1.023
1.068
1.184
1.313
1.424
1.533
1.61
1.672
1.71
1.717
1.708
1.719
1.74
1.756
1.749
1.688
1.608
1.601
1.665
1.767
1.887
1.976
1.994
1.96
1.967
2.007
2.037
2.071
2.105
2.148
2.175
2.164
2.119
2.08
2.096
2.187
2.266
2.261
2.2
2.157
2.143
2.107
2.046
1.985
1.921
1.853
1.792
1.74
1.708
1.651
1.581
1.524
1.413
1.216
0.991
0.835
0.801
0.855
0.928
0.996
1.043
1.046
1.05
1.073
1.114
1.189
1.259
1.281
1.279
1.275
1.266
1.254
1.272
1.334
1.449
1.549
1.583
1.554
1.479
1.456
1.529
1.633
1.703
1.683
1.622
1.576
1.563
1.533
1.474
1.472
1.529
1.583
1.563
1.477
1.381
1.354
1.427
1.545
1.638
1.638
1.613
1.644
1.697
1.71
1.683
1.669
1.701
1.697
1.626
1.588
1.608
1.674
1.742
1.76
1.74
1.706
1.681
1.678
1.69
1.676
1.629
1.558
1.479
1.406
1.345
1.288
1.277
1.318
1.354
1.352
1.32
1.259
1.193
1.157
1.155
1.186
1.227
1.232
1.184
1.102
1.014
0.991
1.021
1.041
0.998
0.901
0.771
0.708
0.721
0.782
0.835
0.844
0.819
0.758
0.674
0.574
0.492
0.44
0.417
0.429
0.435
0.413
0.401
0.469
0.61
0.746
0.819
0.869
0.959
1.028
1.03
1.007
1.007
1.066
1.145
1.182
1.123
1.021
0.959
0.998
1.1
1.168
1.173
1.134
1.066
0.987
0.905
0.819
0.751
0.724
0.71
0.658
0.551
0.411
0.338
0.349
0.383
0.411
0.451
0.483
0.454
0.361
0.304
0.322
0.376
0.426
0.435
0.415
0.42
0.435
0.447
0.465
0.506
0.562
0.587
0.583
0.587
0.603
0.628
0.669
0.73
0.76
0.748
0.73
0.699
0.66
0.624
0.578
0.51
0.454
0.445
0.465
0.472
0.46
0.488
0.538
0.553
0.522
0.528
0.562
0.553
0.515
0.533
0.603
0.64
0.574
0.438
0.324
0.279
0.247
0.202
0.141
0.057
-0.05
-0.172
-0.281
-0.342
-0.37
-0.386
-0.367
-0.333
-0.345
-0.401
-0.451
-0.413
-0.299
-0.211
-0.204
-0.166
-0.043
0.107
0.206
0.261
0.336
0.481
0.617
0.676
0.644
0.569
0.483
0.424
0.356
0.261
0.156
0.054
-0.009
-0.048
-0.082
-0.095
-0.088
-0.082
-0.088
-0.111
-0.202
-0.311
-0.32
-0.259
-0.206
-0.186
-0.159
-0.086
0
0.043
0.052
0.05
0.016
-0.032
-0.079
-0.127
-0.17
-0.211
-0.252
-0.274
-0.293
-0.347
-0.458
-0.574
-0.626
-0.615
-0.574
-0.576
-0.612
-0.59
-0.528
-0.513
-0.528
-0.508
-0.451
-0.415
-0.381
-0.329
-0.297
-0.318
-0.34
-0.342
-0.336
-0.32
-0.288
-0.211
-0.104
-0.011
0.063
0.086
0.054
-0.039
-0.177
-0.342
-0.483
-0.544
-0.522
-0.501
-0.49
-0.445
-0.381
-0.404
-0.501
-0.592
-0.621
-0.624
-0.674
-0.751
-0.789
-0.773
-0.73
-0.714
-0.726
-0.696
-0.662
-0.699
-0.821
-0.944
-1.014
-1.05
-1.093
-1.134
-1.15
-1.17
-1.227
-1.277
-1.291
-1.266
-1.227
-1.218
-1.281
-1.359
-1.39
-1.409
-1.447
-1.497
-1.529
-1.547
-1.549
-1.493
-1.37
-1.243
-1.175
-1.134
-1.055
-1
-1.012
-1.032
-1.003
-0.939
-0.891
-0.864
-0.814
-0.753
-0.696
-0.653
-0.649
-0.712
-0.748
-0.705
-0.665
-0.692
-0.733
-0.753
-0.748
-0.71
-0.601
-0.499
-0.494
-0.513
-0.519
-0.547
-0.631
-0.733
-0.758
-0.705
-0.701
-0.776
-0.835
-0.837
-0.844
-0.885
-0.964
-1.041
-1.134
-1.214
-1.25
-1.268
-1.32
-1.393
-1.508
-1.656
-1.781
-1.858
-1.923
-1.964
-1.944
-1.905
-1.933
-2.01
-2.064
-2.05
-2.032
-2.066
-2.094
-2.078
-2.055
-2.073
-2.084
-2.066
-2.037
-2.014
-1.985
-1.935
-1.869
-1.792
-1.719
-1.699
-1.699
-1.647
-1.576
-1.567
-1.556
-1.47
-1.395
-1.415
-1.44
-1.356
-1.214
-1.089
-1.028
-1.014
-0.975
-0.937
-0.898
-0.812
-0.705
-0.619
-0.556
-0.535
-0.522
-0.458
-0.388
-0.392
-0.472
-0.542
-0.583
-0.619
-0.655
-0.635
-0.542
-0.494
-0.569
-0.696
-0.798
-0.88
-0.944
-1.016
-1.107
-1.204
-1.275
-1.316
-1.325
-1.325
-1.343
-1.363
-1.368
-1.336
-1.329
-1.368
-1.458
-1.54
-1.579
-1.595
-1.624
-1.663
-1.69
-1.654
-1.601
-1.629
-1.699
-1.756
-1.819
-1.874
-1.935
-2.046
-2.187
-2.311
-2.4
-2.427
-2.404
-2.411
-2.459
-2.513
-2.55
-2.561
-2.606
-2.658
-2.667
-2.649
-2.665
-2.672
-2.597
-2.452
-2.305
-2.173
-2.08
-2.066
-2.096
-2.107
-2.134
-2.227
-2.298
-2.298
-2.298
-2.302
-2.255
-2.162
-2.069
-1.971
-1.849
-1.756
-1.758
-1.808
-1.794
-1.744
-1.733
-1.728
-1.665
-1.576
-1.477
-1.334
-1.189
-1.077
-0.989
-0.905
-0.835
-0.787
-0.764
-0.787
-0.83
-0.885
-0.914
-0.891
-0.853
-0.855
-0.826
-0.755
-0.744
-0.848
-1.014
-1.102
-1.118
-1.164
-1.263
-1.341
-1.365
-1.334
-1.25
-1.179
-1.121
-1.08
-1.091
-1.136
-1.161
-1.173
-1.216
-1.268
-1.291
-1.3
-1.341
-1.384
-1.363
-1.216
-1.073
-1.057
-1.121
-1.141
-1.121
-1.13
-1.193
-1.272
-1.361
-1.438
-1.486
-1.508
-1.515
-1.513
-1.529
-1.576
-1.656
-1.708
-1.742
-1.806
-1.851
-1.833
-1.835
-1.858
-1.796
-1.622
-1.434
-1.354
-1.372
-1.415
-1.461
-1.493
-1.474
-1.397
-1.327
-1.336
-1.37
-1.356
-1.277
-1.166
-1.055
-1.023
-1.05
-1.064
-1.059
-1.03
-0.987
-0.971
-0.984
-1.018
-1.025
-0.993
-0.959
-0.916
-0.803
-0.676
-0.642
-0.712
-0.794
-0.81
-0.776
-0.771
-0.814
-0.851
-0.848
-0.823
-0.776
-0.753
-0.837
-1.009
-1.111
-1.207
-1.359
-1.52
-1.631
-1.69
-1.74
-1.806
-1.849
-1.826
-1.771
-1.747
-1.731
-1.762
-1.849
-1.905
-1.903
-1.86
-1.799
-1.792
-1.862
-1.923
-1.923
-1.883
-1.808
-1.735
-1.701
-1.672
-1.674
-1.703
-1.674
-1.554
-1.447
-1.377
-1.275
-1.164
-1.057
-0.959
-0.864
-0.755
-0.699
-0.744
-0.817
-0.828
-0.812
-0.828
-0.864
-0.875
-0.821
-0.739
-0.685
-0.603
-0.474
-0.39
-0.383
-0.406
-0.44
-0.49
-0.524
-0.513
-0.504
-0.549
-0.567
-0.501
-0.383
-0.247
-0.129
-0.048
-0.025
-0.061
-0.061
-0.034
-0.029
-0.039
-0.025
0.007
0
-0.039
-0.05
-0.023
0.007
0.029
0.048
0.014
-0.045
-0.014
0.118
0.209
0.227
0.268
0.338
0.429
0.544
0.667
0.755
0.764
0.746
0.744
0.778
0.808
0.803
0.819
0.855
0.891
0.93
0.959
0.971
0.966
0.95
0.93
0.887
0.821
0.789
0.805
0.851
0.882
0.869
0.817
0.767
0.787
0.835
0.864
0.846
0.814
0.798
0.819
0.864
0.935
0.991
1.016
1.012
1.03
1.075
1.082
1.012
0.98
0.993
0.973
0.898
0.782
0.683
0.633
0.624
0.61
0.569
0.479
0.39
0.354
0.338
0.286
0.229
0.209
0.193
0.195
0.263
0.308
0.225
0.118
0.059
-0.002
-0.079
-0.113
-0.118
-0.109
-0.12
-0.116
-0.073
0.034
0.147
0.206
0.238
0.274
0.27
0.236
0.243
0.286
0.338
0.352
0.329
0.29
0.295
0.363
0.46
0.533
0.585
0.637
0.703
0.744
0.751
0.769
0.817
0.821
0.787
0.771
0.789
0.837
0.889
0.914
0.957
1.043
1.141
1.211
1.248
1.313
1.395
1.447
1.493
1.499
1.488
1.497
1.529
1.529
1.479
1.443
1.443
1.461
1.458
1.424
1.375
1.297
1.209
1.182
1.198
1.168
1.091
1.048
1.009
0.932
0.901
0.901
0.851
0.748
0.658
0.583
0.526
0.449
0.388
0.401
0.469
0.517
0.508
0.467
0.442
0.406
0.338
0.279
0.209
0.125
0.05
0.032
0.041
0.016
-0.043
-0.116
-0.166
-0.197
-0.236
-0.29
-0.386
-0.506
-0.553
-0.519
-0.488
-0.463
-0.449
-0.445
-0.435
-0.445
-0.472
-0.499
-0.492
-0.422
-0.288
-0.154
-0.098
-0.138
-0.222
-0.243
-0.213
-0.211
-0.22
-0.206
-0.166
-0.136
-0.156
-0.22
-0.295
-0.361
-0.415
-0.465
-0.515
-0.585
-0.642
-0.694
-0.737
-0.742
-0.71
-0.696
-0.69
-0.619
-0.567
-0.569
-0.608
-0.617
-0.562
-0.465
-0.356
-0.279
-0.211
-0.12
-0.036
0.032
0.086
0.152
0.19
0.213
0.249
0.308
0.37
0.42
0.456
0.492
0.567
0.655
0.71
0.712
0.753
0.789
0.785
0.76
0.739
0.746
0.787
0.844
0.901
0.921
0.901
0.853
0.803
0.773
0.794
0.83
0.823
0.794
0.821
0.907
0.971
0.948
0.891
0.828
0.737
0.649
0.597
0.553
0.515
0.463
0.388
0.34
0.34
0.34
0.34
0.363
0.397
0.415
0.431
0.415
0.39
0.397
0.417
0.39
0.331
0.272
0.229
0.245
0.306
0.372
0.406
0.424
0.44
0.492
0.585
0.678
0.735
0.755
0.742
0.701
0.658
0.621
0.544
0.442
0.376
0.336
0.297
0.256
0.236
0.211
0.195
0.218
0.259
0.252
0.215
0.227
0.272
0.281
0.234
0.147
0.066
0.036
0.054
0.082
0.059
-0.025
-0.1
-0.091
0.014
0.12
0.156
0.19
0.247
0.29
0.318
0.286
0.245
0.225
0.206
0.168
0.1
0.005
-0.05
-0.05
-0.07
-0.113
-0.116
-0.111
-0.159
-0.184
-0.168
-0.179
-0.256
-0.345
-0.392
-0.383
-0.361
-0.392
-0.46
-0.535
-0.624
-0.703
-0.76
-0.789
-0.803
-0.785
-0.735
-0.676
-0.642
-0.637
-0.649
-0.633
-0.597
-0.56
-0.542
-0.542
-0.524
-0.474
-0.413
-0.361
-0.338
-0.336
-0.318
-0.231
-0.145
-0.12
-0.122
-0.102
-0.061
0.007
0.098
0.188
0.245
0.263
0.236
0.2
0.204
0.206
0.17
0.152
0.152
0.134
0.088
0.048
0.039
0.039
-0.002
-0.061
-0.098
-0.127
-0.188
-0.299
-0.42
-0.504
-0.578
-0.678
-0.769
-0.782
-0.744
-0.755
-0.828
-0.912
-0.95
-0.968
-1.014
-1.057
-1.068
-1.055
-1.028
-0.941
-0.794
-0.644
-0.526
-0.429
-0.37
-0.367
-0.397
-0.406
-0.388
-0.383
-0.39
-0.401
-0.411
-0.431
-0.445
-0.454
-0.467
-0.492
-0.504
-0.501
-0.533
-0.569
-0.583
-0.619
-0.703
-0.76
-0.773
-0.773
-0.787
-0.841
-0.935
-1.023
-1.066
-1.059
-1.039
-1.05
-1.084
-1.086
-1.041
-0.998
-0.944
-0.869
-0.773
-0.678
-0.61
-0.59
-0.603
-0.637
-0.653
-0.628
-0.576
-0.542
-0.524
-0.492
-0.449
-0.37
-0.283
-0.22
-0.177
-0.143
-0.136
-0.154
-0.17
-0.184
-0.209
-0.24
-0.259
-0.218
-0.15
-0.12
-0.154
-0.179
-0.152
-0.102
-0.104
-0.145
-0.17
-0.15
-0.134
-0.168
-0.231
-0.272
-0.27
-0.252
-0.243
-0.279
-0.352
-0.445
-0.54
-0.558
-0.517
-0.553
-0.66
-0.708
-0.651
-0.578
-0.574
-0.606
-0.583
-0.556
-0.581
-0.606
-0.583
-0.524
-0.467
-0.424
-0.345
-0.236
-0.159
-0.118
-0.084
-0.025
0.02
-0.005
-0.109
-0.188
-0.177
-0.118
-0.082
-0.07
-0.043
0.014
0.086
0.156
0.231
0.249
0.159
0.039
-0.045
-0.111
-0.204
-0.306
-0.354
-0.352
-0.347
-0.34
-0.324
-0.286
-0.231
-0.2
-0.156
-0.095
-0.088
-0.147
-0.188
-0.17
-0.129
-0.12
-0.134
-0.113
-0.039
0.063
0.156
0.209
0.2
0.193
0.229
0.295
0.338
0.329
0.293
0.286
0.308
0.327
0.311
0.245
0.143
0.052
-0.034
-0.118
-0.204
-0.252
-0.245
-0.195
-0.111
-0.009
0.059
0.082
0.075
0.052
0.016
-0.054
-0.179
-0.293
-0.342
-0.34
-0.342
-0.361
-0.367
-0.34
-0.249
-0.102
0.02
0.041
-0.025
-0.116
-0.215
-0.361
-0.522
-0.649
-0.701
-0.714
-0.744
-0.742
-0.696
-0.678
-0.717
-0.71
-0.637
-0.56
-0.572
-0.621
-0.615
-0.54
-0.483
-0.492
-0.506
-0.481
-0.406
-0.39
-0.458
-0.59
-0.699
-0.719
-0.676
-0.626
-0.572
-0.544
-0.547
-0.542
-0.504
-0.488
-0.517
-0.585
-0.651
-0.733
-0.812
-0.871
-0.903
-0.91
-0.907
-0.871
-0.762
-0.619
-0.515
-0.46
-0.422
-0.388
-0.379
-0.383
-0.411
-0.422
-0.376
-0.288
-0.22
-0.193
-0.163
-0.07
0.1
0.281
0.381
0.397
0.399
0.376
0.327
0.261
0.202
0.179
0.175
0.141
0.084
0.066
0.066
0.054
0.027
0.052
0.122
0.186
0.256
0.329
0.361
0.331
0.274
0.254
0.249
0.19
0.15
0.168
0.195
0.136
0.018
-0.034
-0.002
0.034
0.057
0.075
0.088
0.122
0.154
0.156
0.134
0.093
0.011
-0.091
-0.179
-0.265
-0.342
-0.386
-0.367
-0.295
-0.197
-0.127
-0.052
0.059
0.159
0.175
0.168
0.147
0.086
0
-0.063
-0.086
-0.107
-0.136
-0.168
-0.172
-0.136
-0.066
0.011
0.05
0.043
0.025
0.048
0.061
-0.002
-0.116
-0.204
-0.215
-0.222
-0.283
-0.345
-0.318
-0.279
-0.29
-0.265
-0.172
-0.077
-0.029
0.018
0.12
0.197
0.211
0.236
0.34
0.479
0.567
0.597
0.619
0.665
0.692
0.73
0.821
0.946
1.037
1.093
1.145
1.211
1.241
1.207
1.173
1.22
1.261
1.22
1.175
1.177
1.143
1.043
0.989
1.018
1.032
1.032
1.075
1.157
1.229
1.22
1.17
1.175
1.22
1.238
1.225
1.204
1.173
1.08
0.982
0.953
0.971
0.932
0.844
0.821
0.853
0.83
0.733
0.678
0.694
0.721
0.694
0.678
0.705
0.701
0.617
0.528
0.517
0.542
0.508
0.445
0.44
0.488
0.562
0.628
0.685
0.717
0.701
0.699
0.748
0.785
0.678
0.513
0.429
0.413
0.372
0.304
0.286
0.331
0.367
0.367
0.356
0.322
0.304
0.308
0.327
0.329
0.349
0.338
0.336
0.379
0.404
0.39
0.388
0.424
0.458
0.408
0.361
0.406
0.46
0.447
0.456
0.603
0.792
0.846
0.81
0.857
0.937
0.907
0.841
0.83
0.851
0.814
0.751
0.762
0.821
0.821
0.78
0.81
0.912
1
1.014
0.996
1.018
1
0.885
0.764
0.683
0.599
0.492
0.404
0.386
0.406
0.376
0.347
0.395
0.499
0.572
0.603
0.621
0.592
0.483
0.354
0.259
0.143
0.029
-0.054
-0.048
0.016
0.077
0.143
0.27
0.417
0.506
0.551
0.603
0.637
0.599
0.533
0.494
0.483
0.44
0.413
0.467
0.551
0.581
0.606
0.667
0.751
0.821
0.875
0.937
0.98
0.971
0.925
0.919
0.964
1.009
1.032
1.048
1.089
1.157
1.179
1.152
1.145
1.182
1.189
1.152
1.179
1.279
1.393
1.465
1.533
1.613
1.644
1.624
1.579
1.533
1.452
1.354
1.261
1.198
1.182
1.17
1.168
1.223
1.309
1.386
1.474
1.592
1.651
1.626
1.576
1.533
1.472
1.352
1.216
1.114
1.064
1.012
1.009
1.075
1.143
1.184
1.241
1.3
1.293
1.209
1.105
1.043
1.009
0.975
0.932
0.925
0.941
0.923
0.889
0.916
0.98
0.991
0.939
0.914
0.935
0.916
0.837
0.805
0.848
0.896
0.975
1.111
1.259
1.354
1.393
1.427
1.454
1.427
1.352
1.293
1.252
1.182
1.116
1.084
1.08
1.116
1.191
1.277
1.345
1.375
1.372
1.359
1.354
1.338
1.268
1.159
1.089
1.082
1.061
1.034
1.028
1.028
0.975
0.944
0.935
0.878
0.796
0.721
0.662
0.617
0.61
0.624
0.66
0.726
0.76
0.762
0.751
0.721
0.69
0.628
0.538
0.467
0.454
0.426
0.406
0.431
0.513
0.587
0.606
0.601
0.64
0.737
0.853
0.957
1.012
1.007
0.978
0.996
1.018
1.009
1.007
0.996
0.984
0.971
0.946
0.964
1.034
1.105
1.127
1.118
1.082
1.077
1.118
1.182
1.232
1.27
1.281
1.286
1.288
1.288
1.284
1.288
1.275
1.241
1.229
1.248
1.318
1.352
1.295
1.234
1.248
1.318
1.372
1.4
1.404
1.44
1.47
1.445
1.42
1.431
1.413
1.345
1.295
1.243
1.184
1.132
1.073
1.016
0.962
0.939
0.962
0.98
0.998
0.993
0.937
0.866
0.817
0.739
0.646
0.562
0.494
0.39
0.274
0.188
0.12
0.075
0.07
0.079
0.091
0.134
0.222
0.306
0.331
0.306
0.279
0.249
0.215
0.222
0.245
0.295
0.34
0.308
0.249
0.265
0.315
0.32
0.295
0.29
0.324
0.397
0.46
0.488
0.538
0.599
0.644
0.705
0.796
0.866
0.889
0.919
0.971
1.003
0.962
0.891
0.875
0.878
0.841
0.78
0.735
0.746
0.808
0.857
0.898
0.928
0.916
0.862
0.792
0.726
0.665
0.653
0.662
0.674
0.696
0.71
0.678
0.655
0.644
0.608
0.542
0.501
0.492
0.467
0.413
0.381
0.358
0.299
0.268
0.288
0.324
0.342
0.363
0.388
0.374
0.308
0.213
0.15
0.129
0.107
0.086
0.12
0.179
0.225
0.259
0.304
0.372
0.426
0.442
0.469
0.488
0.488
0.479
0.454
0.417
0.39
0.356
0.297
0.263
0.234
0.184
0.152
0.141
0.138
0.186
0.283
0.381
0.474
0.533
0.542
0.562
0.642
0.726
0.778
0.812
0.823
0.794
0.744
0.755
0.828
0.848
0.817
0.812
0.851
0.88
0.896
0.921
0.93
0.912
0.871
0.832
0.81
0.814
0.776
0.705
0.626
0.547
0.442
0.345
0.306
0.265
0.184
0.104
0.077
0.098
0.156
0.227
0.293
0.333
0.322
0.274
0.225
0.2
0.184
0.136
0.068
0.014
-0.025
-0.041
-0.036
0.002
0.036
0.034
0.05
0.102
0.156
0.168
0.159
0.152
0.129
0.05
-0.014
0.025
0.118
0.138
0.057
-0.045
-0.118
-0.145
-0.193
-0.245
-0.286
-0.315
-0.347
-0.331
-0.286
-0.24
-0.166
-0.052
0.054
0.118
0.154
0.147
0.129
0.102
0.048
-0.029
-0.061
-0.007
0.084
0.186
0.293
0.388
0.479
0.597
0.662
0.646
0.649
0.692
0.703
0.665
0.619
0.612
0.642
0.642
0.606
0.572
0.535
0.463
0.367
0.261
0.197
0.184
0.122
-0.016
-0.143
-0.17
-0.15
-0.186
-0.29
-0.404
-0.472
-0.506
-0.551
-0.608
-0.646
-0.678
-0.701
-0.719
-0.728
-0.701
-0.685
-0.665
-0.696
-0.798
-0.928
-0.984
-0.975
-1.005
-1.1
-1.234
-1.329
-1.32
-1.236
-1.193
-1.198
-1.173
-1.13
-1.098
-1.1
-1.107
-1.082
-1.018
-0.914
-0.773
-0.626
-0.456
-0.311
-0.277
-0.311
-0.352
-0.399
-0.426
-0.408
-0.333
-0.215
-0.084
0.043
0.145
0.204
0.277
0.342
0.336
0.308
0.336
0.356
0.361
0.365
0.358
0.315
0.268
0.254
0.274
0.32
0.338
0.318
0.327
0.379
0.395
0.356
0.361
0.413
0.411
0.333
0.236
0.186
0.168
0.127
0.052
-0.029
-0.109
-0.218
-0.342
-0.476
-0.592
-0.674
-0.73
-0.751
-0.69
-0.585
-0.504
-0.501
-0.549
-0.59
-0.633
-0.714
-0.782
-0.819
-0.81
-0.817
-0.866
-0.903
-0.864
-0.742
-0.615
-0.517
-0.454
-0.401
-0.333
-0.293
-0.281
-0.295
-0.295
-0.261
-0.243
-0.247
-0.231
-0.263
-0.356
-0.411
-0.388
-0.367
-0.39
-0.456
-0.517
-0.565
-0.612
-0.678
-0.694
-0.628
-0.553
-0.513
-0.526
-0.592
-0.68
-0.785
-0.903
-1.016
-1.109
-1.223
-1.343
-1.434
-1.502
-1.565
-1.622
-1.633
-1.604
-1.583
-1.649
-1.821
-2.007
-2.125
-2.196
-2.259
-2.336
-2.438
-2.54
-2.613
-2.638
-2.613
-2.547
-2.481
-2.434
-2.425
-2.411
-2.359
-2.255
-2.132
-2.019
-1.912
-1.824
-1.756
-1.717
-1.658
-1.595
-1.549
-1.513
-1.427
-1.263
-1.093
-0.982
-0.901
-0.787
-0.649
-0.504
-0.347
-0.181
-0.07
-0.027
-0.009
0.007
0.048
0.104
0.166
0.234
0.329
0.467
0.576
0.642
0.665
0.68
0.699
0.685
0.649
0.637
0.655
0.676
0.696
0.735
0.762
0.739
0.674
0.624
0.601
0.594
0.603
0.592
0.583
0.56
0.485
0.42
0.413
0.458
0.463
0.374
0.243
0.138
0.086
0.018
-0.122
-0.29
-0.408
-0.46
-0.479
-0.483
-0.492
-0.508
-0.526
-0.556
-0.61
-0.66
-0.699
-0.76
-0.857
-0.944
-0.959
-0.932
-0.896
-0.873
-0.875
-0.894
-0.928
-0.941
-0.916
-0.894
-0.898
-0.91
-0.914
-0.862
-0.789
-0.708
-0.644
-0.599
-0.576
-0.542
-0.449
-0.32
-0.177
-0.061
-0.002
0.045
0.125
0.193
0.19
0.136
0.12
0.15
0.134
0.063
-0.034
-0.107
-0.15
-0.19
-0.249
-0.293
-0.313
-0.293
-0.215
-0.134
-0.095
-0.073
-0.098
-0.206
-0.386
-0.538
-0.662
-0.735
-0.755
-0.712
-0.669
-0.651
-0.624
-0.574
-0.565
-0.667
-0.823
-0.914
-0.935
-0.946
-1.009
-1.114
-1.25
-1.409
-1.515
-1.561
-1.561
-1.613
-1.713
-1.812
-1.867
-1.855
-1.808
-1.753
-1.715
-1.672
-1.626
-1.581
-1.54
-1.477
-1.4
-1.411
-1.531
-1.663
-1.699
-1.685
-1.737
-1.833
-1.912
-1.939
-1.914
-1.885
-1.869
-1.869
-1.896
-1.98
-2.091
-2.203
-2.32
-2.427
-2.495
-2.522
-2.525
-2.502
-2.491
-2.491
-2.447
-2.368
-2.334
-2.343
-2.327
-2.273
-2.25
-2.237
-2.203
-2.125
-2.041
-2.003
-2.005
-1.989
-1.908
-1.79
-1.694
-1.617
-1.583
-1.545
-1.511
-1.436
-1.354
-1.311
-1.268
-1.182
-1.055
-0.955
-0.873
-0.832
-0.805
-0.78
-0.737
-0.678
-0.567
-0.406
-0.277
-0.234
-0.24
-0.243
-0.197
-0.109
-0.023
0.002
-0.073
-0.168
-0.22
-0.231
-0.229
-0.247
-0.277
-0.304
-0.342
-0.388
-0.442
-0.497
-0.513
-0.519
-0.572
-0.665
-0.748
-0.789
-0.796
-0.785
-0.776
-0.778
-0.748
-0.68
-0.658
-0.701
-0.746
-0.753
-0.726
-0.753
-0.841
-0.944
-1.032
-1.107
-1.17
-1.198
-1.216
-1.225
-1.245
-1.293
-1.37
-1.486
-1.595
-1.667
-1.706
-1.726
-1.724
-1.747
-1.817
-1.858
-1.835
-1.792
-1.783
-1.821
-1.917
-2.053
-2.157
-2.193
-2.162
-2.105
-2.105
-2.141
-2.162
-2.177
-2.252
-2.384
-2.516
-2.613
-2.681
-2.749
-2.799
-2.783
-2.729
-2.663
-2.638
-2.636
-2.586
-2.47
-2.375
-2.289
-2.252
-2.284
-2.327
-2.311
-2.227
-2.098
-1.998
-1.964
-1.912
-1.771
-1.581
-1.395
-1.281
-1.297
-1.404
-1.481
-1.504
-1.479
-1.409
-1.331
-1.257
-1.168
-1.052
-0.953
-0.885
-0.828
-0.758
-0.71
-0.719
-0.753
-0.76
-0.678
-0.531
-0.399
-0.327
-0.297
-0.299
-0.29
-0.236
-0.145
-0.05
0.009
0.073
0.159
0.22
0.195
0.152
0.154
0.177
0.181
0.154
0.113
0.082
0.032
-0.043
-0.136
-0.206
-0.265
-0.306
-0.324
-0.331
-0.372
-0.463
-0.506
-0.481
-0.44
-0.433
-0.481
-0.612
-0.755
-0.857
-0.878
-0.808
-0.701
-0.606
-0.519
-0.515
-0.578
-0.574
-0.485
-0.426
-0.435
-0.465
-0.467
-0.445
-0.445
-0.488
-0.51
-0.474
-0.422
-0.381
-0.361
-0.318
-0.259
-0.193
-0.113
-0.043
0.02
0.098
0.179
0.204
0.195
0.202
0.218
0.238
0.302
0.417
0.54
0.574
0.583
0.646
0.71
0.721
0.701
0.683
0.669
0.644
0.585
0.515
0.463
0.451
0.411
0.342
0.329
0.347
0.297
0.261
0.34
0.451
0.456
0.417
0.404
0.424
0.44
0.435
0.431
0.426
0.401
0.392
0.388
0.358
0.356
0.376
0.358
0.333
0.333
0.347
0.327
0.247
0.17
0.17
0.179
0.125
0.007
-0.102
-0.145
-0.152
-0.143
-0.111
-0.079
-0.068
-0.045
-0.027
-0.077
-0.211
-0.324
-0.342
-0.281
-0.274
-0.324
-0.358
-0.406
-0.44
-0.411
-0.376
-0.358
-0.254
-0.111
-0.041
-0.05
-0.052
-0.018
0.029
0.066
0.095
0.104
0.084
0.032
-0.016
-0.02
0.061
0.145
0.17
0.186
0.256
0.37
0.454
0.481
0.492
0.531
0.574
0.581
0.569
0.479
0.329
0.234
0.206
0.238
0.32
0.379
0.372
0.372
0.374
0.365
0.354
0.365
0.347
0.288
0.209
0.122
0
-0.093
-0.113
-0.086
-0.063
-0.048
-0.041
-0.057
-0.054
0.009
0.079
0.095
0.066
0.07
0.093
0.029
-0.104
-0.238
-0.34
-0.392
-0.417
-0.465
-0.524
-0.562
-0.558
-0.531
-0.501
-0.481
-0.51
-0.574
-0.633
-0.653
-0.701
-0.76
-0.819
-0.871
-0.88
-0.828
-0.771
-0.771
-0.796
-0.78
-0.717
-0.651
-0.615
-0.631
-0.703
-0.751
-0.728
-0.69
-0.678
-0.699
-0.728
-0.767
-0.801
-0.853
-0.905
-0.885
-0.808
-0.785
-0.83
-0.851
-0.832
-0.751
-0.624
-0.54
-0.472
-0.379
-0.283
-0.245
-0.222
-0.168
-0.066
0.054
0.197
0.32
0.404
0.508
0.599
0.635
0.637
0.667
0.73
0.798
0.819
0.778
0.717
0.712
0.751
0.794
0.798
0.746
0.674
0.642
0.628
0.59
0.524
0.456
0.388
0.345
0.318
0.286
0.238
0.225
0.274
0.349
0.401
0.429
0.411
0.358
0.322
0.286
0.245
0.204
0.204
0.24
0.281
0.286
0.229
0.172
0.181
0.19
0.152
0.1
0.034
-0.054
-0.125
-0.15
-0.159
-0.143
-0.129
-0.138
-0.143
-0.098
-0.045
-0.02
0.025
0.15
0.279
0.327
0.329
0.331
0.322
0.322
0.365
0.447
0.528
0.594
0.626
0.653
0.703
0.744
0.798
0.887
0.959
0.998
1.012
1.009
1.009
1.052
1.136
1.209
1.254
1.309
1.363
1.379
1.402
1.488
1.61
1.747
1.892
1.989
2.026
2.082
2.166
2.209
2.234
2.266
2.318
2.352
2.318
2.227
2.196
2.264
2.35
2.384
2.366
2.318
2.268
2.193
2.107
2.01
1.901
1.792
1.681
1.527
1.397
1.313
1.236
1.191
1.218
1.272
1.313
1.316
1.284
1.204
1.084
0.953
0.832
0.728
0.606
0.494
0.465
0.481
0.467
0.44
0.479
0.556
0.587
0.569
0.526
0.467
0.417
0.406
0.395
0.358
0.34
0.342
0.333
0.34
0.361
0.401
0.454
0.499
0.522
0.551
0.587
0.626
0.653
0.696
0.735
0.803
0.91
0.966
0.955
0.962
1.028
1.096
1.13
1.148
1.193
1.241
1.266
1.259
1.232
1.191
1.17
1.175
1.173
1.164
1.148
1.132
1.139
1.168
1.184
1.2
1.223
1.225
1.218
1.209
1.195
1.22
1.284
1.309
1.275
1.238
1.227
1.225
1.236
1.281
1.347
1.384
1.386
1.386
1.35
1.297
1.284
1.295
1.3
1.302
1.3
1.297
1.318
1.338
1.307
1.263
1.27
1.297
1.272
1.184
1.093
1.1
1.164
1.2
1.182
1.159
1.166
1.17
1.175
1.139
1.091
1.066
1.066
1.037
0.957
0.869
0.796
0.758
0.78
0.826
0.846
0.873
0.928
0.962
0.941
0.846
0.758
0.71
0.651
0.551
0.449
0.386
0.361
0.345
0.318
0.297
0.315
0.349
0.372
0.372
0.295
0.143
0.011
-0.054
-0.118
-0.184
-0.209
-0.197
-0.156
-0.138
-0.132
-0.107
-0.061
-0.007
0.002
-0.066
-0.138
-0.186
-0.236
-0.277
-0.263
-0.197
-0.132
-0.102
-0.079
-0.005
0.111
0.245
0.333
0.352
0.32
0.227
0.125
0.077
0.091
0.163
0.283
0.397
0.497
0.558
0.581
0.617
0.71
0.801
0.837
0.808
0.748
0.705
0.66
0.642
0.719
0.871
0.996
1.055
1.102
1.141
1.157
1.198
1.263
1.263
1.191
1.118
1.03
0.939
0.873
0.864
0.932
1.034
1.102
1.066
0.989
1.018
1.109
1.118
1.025
0.944
0.903
0.832
0.694
0.567
0.54
0.619
0.719
0.778
0.814
0.844
0.866
0.907
0.932
0.891
0.817
0.744
0.676
0.585
0.469
0.39
0.401
0.469
0.569
0.658
0.66
0.599
0.581
0.565
0.501
0.413
0.358
0.34
0.324
0.315
0.352
0.44
0.558
0.671
0.796
0.885
0.932
0.948
0.946
0.885
0.778
0.68
0.608
0.572
0.608
0.726
0.889
1.061
1.182
1.238
1.245
1.207
1.145
1.034
0.88
0.712
0.603
0.501
0.424
0.447
0.558
0.671
0.714
0.712
0.71
0.728
0.728
0.701
0.599
0.417
0.249
0.116
0.011
-0.029
0.014
0.104
0.193
0.274
0.32
0.345
0.352
0.34
0.302
0.193
0.018
-0.15
-0.252
-0.333
-0.399
-0.379
-0.281
-0.188
-0.1
-0.002
0.059
0.057
0.034
0.043
0.066
0.045
0.029
0.116
0.245
0.329
0.39
0.513
0.696
0.901
1.039
1.066
1.057
1.05
1.025
0.98
0.93
0.914
0.91
0.901
0.898
0.925
0.964
0.996
1.046
1.03
0.916
0.773
0.662
0.592
0.601
0.626
0.624
0.619
0.615
0.64
0.733
0.853
0.935
1.018
1.089
1.075
0.973
0.866
0.821
0.792
0.678
0.531
0.46
0.483
0.533
0.572
0.553
0.497
0.46
0.431
0.395
0.336
0.322
0.349
0.338
0.274
0.254
0.293
0.306
0.304
0.313
0.32
0.311
0.352
0.431
0.501
0.528
0.513
0.44
0.299
0.111
-0.063
-0.17
-0.236
-0.308
-0.395
-0.447
-0.458
-0.417
-0.39
-0.406
-0.476
-0.581
-0.68
-0.773
-0.851
-0.928
-1.016
-1.066
-1.039
-0.968
-0.916
-0.841
-0.714
-0.608
-0.608
-0.687
-0.737
-0.733
-0.737
-0.837
-0.993
-1.102
-1.118
-1.068
-0.939
-0.76
-0.565
-0.383
-0.281
-0.293
-0.331
-0.361
-0.411
-0.508
-0.587
-0.597
-0.556
-0.463
-0.238
0.057
0.302
0.472
0.619
0.687
0.637
0.556
0.479
0.383
0.27
0.188
0.195
0.281
0.392
0.538
0.721
0.882
0.923
0.923
0.948
0.957
0.869
0.73
0.633
0.587
0.572
0.606
0.721
0.905
1.068
1.15
1.175
1.198
1.209
1.166
1.023
0.81
0.585
0.399
0.279
0.279
0.361
0.454
0.483
0.458
0.392
0.286
0.177
0.043
-0.15
-0.406
-0.662
-0.857
-0.973
-1.018
-1.003
-0.955
-0.919
-0.885
-0.882
-0.939
-0.991
-1.005
-1.057
-1.198
-1.352
-1.4
-1.345
-1.257
-1.125
-0.959
-0.792
-0.642
-0.494
-0.336
-0.259
-0.315
-0.406
-0.465
-0.506
-0.576
-0.592
-0.474
-0.277
-0.12
-0.025
0.075
0.204
0.336
0.417
0.408
0.311
0.179
0.102
0.113
0.159
0.204
0.256
0.347
0.449
0.481
0.476
0.522
0.626
0.696
0.685
0.619
0.594
0.628
0.735
0.885
1.018
1.091
1.15
1.238
1.356
1.477
1.576
1.622
1.676
1.756
1.862
1.955
2.037
2.134
2.23
2.266
2.232
2.2
2.171
2.107
2.021
1.942
1.862
1.801
1.769
1.785
1.812
1.726
1.511
1.252
1.055
0.914
0.792
0.662
0.445
0.193
0.036
-0.02
-0.05
-0.12
-0.215
-0.225
-0.215
-0.313
-0.463
-0.522
-0.526
-0.547
-0.581
-0.642
-0.726
-0.744
-0.685
-0.587
-0.506
-0.445
-0.404
-0.361
-0.34
-0.352
-0.399
-0.447
-0.426
-0.354
-0.331
-0.333
-0.261
-0.12
0.054
0.209
0.315
0.39
0.442
0.467
0.449
0.388
0.311
0.259
0.277
0.408
0.631
0.828
0.971
1.089
1.195
1.277
1.275
1.193
1.066
0.885
0.669
0.485
0.37
0.327
0.338
0.415
0.51
0.538
0.506
0.49
0.485
0.392
0.172
-0.086
-0.308
-0.467
-0.508
-0.399
-0.222
-0.073
0.05
0.181
0.329
0.426
0.415
0.306
0.179
0.091
0.009
-0.07
-0.104
-0.059
0.054
0.181
0.259
0.286
0.288
0.265
0.204
0.068
-0.145
-0.363
-0.515
-0.599
-0.665
-0.733
-0.724
-0.594
-0.415
-0.304
-0.249
-0.215
-0.204
-0.238
-0.329
-0.431
-0.547
-0.635
-0.64
-0.553
-0.399
-0.229
-0.073
0.068
0.209
0.338
0.367
0.281
0.152
0.032
-0.088
-0.17
-0.181
-0.143
-0.104
-0.05
0.029
0.141
0.261
0.39
0.481
0.479
0.324
0.134
0.043
0.073
0.095
0.073
0.052
0.068
0.122
0.236
0.383
0.485
0.458
0.324
0.206
0.129
0.009
-0.143
-0.184
-0.098
-0.027
-0.018
-0.036
0
0.127
0.236
0.279
0.302
0.34
0.311
0.225
0.204
0.254
0.299
0.329
0.433
0.61
0.712
0.69
0.665
0.742
0.878
0.93
0.903
0.894
0.903
0.91
0.966
1.084
1.189
1.236
1.266
1.322
1.354
1.307
1.211
1.152
1.148
1.123
1.03
0.921
0.841
0.753
0.617
0.483
0.435
0.445
0.404
0.281
0.156
0.027
-0.113
-0.193
-0.138
-0.061
-0.091
-0.188
-0.247
-0.218
-0.177
-0.181
-0.202
-0.2
-0.227
-0.315
-0.358
-0.318
-0.281
-0.288
-0.252
-0.152
-0.1
-0.127
-0.138
-0.095
-0.054
-0.059
-0.098
-0.134
-0.184
-0.254
-0.313
-0.313
-0.288
-0.293
-0.352
-0.411
-0.442
-0.494
-0.587
-0.649
-0.671
-0.751
-0.875
-0.941
-0.932
-0.923
-0.939
-0.982
-1.041
-1.111
-1.198
-1.245
-1.238
-1.225
-1.279
-1.336
-1.268
-1.091
-0.959
-0.903
-0.841
-0.728
-0.621
-0.581
-0.594
-0.574
-0.535
-0.538
-0.569
-0.574
-0.51
-0.386
-0.186
0.014
0.154
0.236
0.315
0.431
0.54
0.569
0.476
0.333
0.238
0.204
0.211
0.256
0.324
0.381
0.435
0.485
0.474
0.361
0.213
0.107
0.016
-0.132
-0.324
-0.438
-0.411
-0.361
-0.383
-0.422
-0.465
-0.549
-0.685
-0.826
-0.88
-0.887
-0.953
-1.084
-1.182
-1.223
-1.245
-1.227
-1.125
-1.005
-0.914
-0.848
-0.835
-0.855
-0.878
-0.921
-1.003
-1.13
-1.268
-1.347
-1.327
-1.25
-1.159
-1.084
-0.955
-0.782
-0.671
-0.615
-0.572
-0.572
-0.628
-0.739
-0.896
-1.016
-1.048
-1.032
-1.023
-0.993
-0.955
-0.93
-0.916
-0.914
-0.91
-0.966
-1.105
-1.252
-1.327
-1.368
-1.404
-1.4
-1.341
-1.284
-1.259
-1.241
-1.214
-1.204
-1.214
-1.248
-1.329
-1.443
-1.549
-1.592
-1.536
-1.415
-1.311
-1.263
-1.223
-1.173
-1.13
-1.082
-1.055
-1.052
-1.098
-1.179
-1.218
-1.173
-1.107
-1.068
-1.032
-0.98
-0.919
-0.891
-0.841
-0.728
-0.662
-0.674
-0.705
-0.714
-0.721
-0.721
-0.671
-0.59
-0.488
-0.397
-0.342
-0.311
-0.268
-0.247
-0.286
-0.456
-0.669
-0.785
-0.808
-0.785
-0.742
-0.71
-0.696
-0.658
-0.619
-0.617
-0.642
-0.619
-0.542
-0.492
-0.515
-0.547
-0.565
-0.581
-0.624
-0.694
-0.764
-0.828
-0.889
-0.925
-0.875
-0.803
-0.794
-0.837
-0.898
-0.991
-1.091
-1.17
-1.229
-1.263
-1.307
-1.39
-1.449
-1.47
-1.479
-1.561
-1.681
-1.774
-1.88
-1.996
-2.094
-2.146
-2.146
-2.121
-2.13
-2.175
-2.216
-2.221
-2.173
-2.062
-1.955
-1.874
-1.771
-1.663
-1.558
-1.463
-1.379
-1.307
-1.236
-1.225
-1.223
-1.189
-1.111
-1.057
-1.059
-1.08
-1.046
-0.982
-0.91
-0.832
-0.778
-0.751
-0.733
-0.721
-0.717
-0.696
-0.674
-0.676
-0.705
-0.748
-0.776
-0.785
-0.78
-0.769
-0.76
-0.762
-0.792
-0.808
-0.778
-0.778
-0.812
-0.844
-0.823
-0.805
-0.785
-0.751
-0.71
-0.705
-0.735
-0.808
-0.887
-0.959
-1.032
-1.084
-1.109
-1.152
-1.232
-1.272
-1.252
-1.223
-1.186
-1.157
-1.145
-1.123
-1.089
-1.061
-0.991
-0.91
-0.887
-0.925
-0.98
-1.041
-1.132
-1.207
-1.211
-1.204
-1.225
-1.272
-1.316
-1.318
-1.288
-1.272
-1.277
-1.288
-1.295
-1.311
-1.311
-1.297
-1.309
-1.3
-1.297
-1.345
-1.406
-1.44
-1.465
-1.502
-1.565
-1.699
-1.844
-1.93
-1.96
-1.989
-2.026
-1.98
-1.855
-1.728
-1.626
-1.529
-1.463
-1.436
-1.447
-1.488
-1.547
-1.601
-1.64
-1.656
-1.599
-1.499
-1.449
-1.436
-1.411
-1.393
-1.44
-1.536
-1.583
-1.579
-1.588
-1.642
-1.672
-1.631
-1.595
-1.638
-1.735
-1.771
-1.756
-1.771
-1.799
-1.801
-1.81
-1.853
-1.935
-1.978
-1.955
-1.908
-1.885
-1.851
-1.776
-1.713
-1.674
-1.599
-1.549
-1.576
-1.631
-1.703
-1.792
-1.885
-1.967
-1.994
-1.971
-1.946
-1.935
-1.926
-1.883
-1.769
-1.678
-1.649
-1.606
-1.572
-1.57
-1.59
-1.588
-1.561
-1.538
-1.533
-1.524
-1.481
-1.418
-1.372
-1.334
-1.286
-1.272
-1.338
-1.397
-1.386
-1.377
-1.429
-1.488
-1.493
-1.452
-1.418
-1.415
-1.415
-1.429
-1.454
-1.515
-1.606
-1.685
-1.774
-1.871
-1.951
-1.985
-1.994
-1.971
-1.903
-1.794
-1.708
-1.638
-1.561
-1.486
-1.424
-1.386
-1.352
-1.27
-1.195
-1.186
-1.164
-1.068
-0.939
-0.837
-0.773
-0.701
-0.592
-0.469
-0.361
-0.261
-0.177
-0.104
-0.077
-0.122
-0.193
-0.222
-0.243
-0.279
-0.322
-0.304
-0.261
-0.197
-0.134
-0.079
-0.052
-0.043
-0.057
-0.098
-0.143
-0.163
-0.147
-0.12
-0.127
-0.179
-0.225
-0.243
-0.274
-0.308
-0.347
-0.433
-0.551
-0.601
-0.61
-0.642
-0.703
-0.721
-0.69
-0.66
-0.66
-0.66
-0.617
-0.506
-0.435
-0.447
-0.497
-0.538
-0.565
-0.617
-0.703
-0.764
-0.771
-0.748
-0.71
-0.658
-0.619
-0.601
-0.583
-0.565
-0.567
-0.655
-0.769
-0.826
-0.866
-0.932
-0.996
-1.023
-1.014
-1.005
-1.009
-0.987
-0.912
-0.887
-0.939
-1.023
-1.05
-1.059
-1.1
-1.143
-1.116
-1.018
-0.935
-0.901
-0.817
-0.696
-0.619
-0.606
-0.635
-0.669
-0.71
-0.755
-0.773
-0.733
-0.71
-0.714
-0.696
-0.578
-0.413
-0.268
-0.195
-0.129
-0.016
0.043
0.002
-0.059
-0.079
-0.113
-0.197
-0.268
-0.295
-0.274
-0.27
-0.293
-0.315
-0.338
-0.386
-0.454
-0.481
-0.494
-0.549
-0.64
-0.665
-0.597
-0.547
-0.524
-0.508
-0.465
-0.431
-0.433
-0.451
-0.42
-0.356
-0.361
-0.44
-0.494
-0.506
-0.506
-0.497
-0.411
-0.261
-0.138
-0.077
0.005
0.12
0.193
0.202
0.227
0.311
0.361
0.327
0.277
0.279
0.322
0.361
0.367
0.37
0.413
0.492
0.54
0.562
0.626
0.712
0.728
0.69
0.658
0.671
0.69
0.701
0.719
0.726
0.714
0.71
0.73
0.769
0.764
0.753
0.769
0.805
0.794
0.733
0.705
0.717
0.742
0.753
0.739
0.753
0.819
0.896
0.901
0.862
0.844
0.878
0.921
0.903
0.882
0.914
0.971
1.007
1.043
1.068
1.086
1.148
1.223
1.304
1.388
1.479
1.551
1.572
1.522
1.424
1.352
1.331
1.325
1.277
1.216
1.177
1.155
1.102
1.007
0.916
0.88
0.889
0.851
0.76
0.714
0.733
0.748
0.762
0.758
0.753
0.778
0.828
0.905
0.968
0.996
1.034
1.059
1.055
1.028
0.98
0.941
0.962
1.018
1.03
0.998
1
1.048
1.105
1.118
1.091
1.096
1.127
1.132
1.107
1.093
1.082
1.068
1.05
1.059
1.107
1.152
1.17
1.177
1.184
1.164
1.132
1.102
1.068
1.061
1.071
1.03
0.968
0.955
0.964
0.912
0.853
0.851
0.878
0.875
0.882
0.93
0.968
0.941
0.844
0.773
0.737
0.712
0.746
0.808
0.857
0.889
0.912
0.935
0.948
0.978
1.023
1.066
1.105
1.091
1.03
1.007
1.066
1.15
1.186
1.164
1.157
1.198
1.254
1.291
1.309
1.338
1.347
1.304
1.223
1.193
1.234
1.259
1.248
1.229
1.214
1.204
1.243
1.316
1.347
1.327
1.279
1.195
1.111
1.086
1.096
1.116
1.155
1.214
1.279
1.361
1.456
1.529
1.533
1.493
1.449
1.409
1.418
1.488
1.574
1.583
1.524
1.472
1.481
1.52
1.536
1.565
1.61
1.631
1.606
1.556
1.549
1.545
1.504
1.418
1.329
1.263
1.241
1.284
1.368
1.429
1.4
1.313
1.225
1.116
1.03
1.021
1.034
1.016
0.953
0.889
0.901
0.984
1.061
1.064
1.061
1.086
1.134
1.193
1.275
1.356
1.386
1.354
1.309
1.279
1.257
1.261
1.309
1.359
1.381
1.375
1.384
1.431
1.486
1.527
1.506
1.443
1.388
1.39
1.429
1.495
1.59
1.69
1.717
1.681
1.663
1.699
1.758
1.781
1.751
1.672
1.588
1.549
1.563
1.588
1.576
1.545
1.502
1.465
1.452
1.458
1.524
1.599
1.563
1.406
1.252
1.209
1.238
1.263
1.291
1.304
1.284
1.281
1.345
1.458
1.592
1.667
1.635
1.545
1.483
1.481
1.561
1.66
1.701
1.669
1.613
1.583
1.615
1.69
1.749
1.744
1.658
1.531
1.424
1.368
1.363
1.381
1.363
1.297
1.214
1.123
1.136
1.279
1.4
1.411
1.343
1.277
1.227
1.173
1.159
1.161
1.118
1.043
1.021
1.075
1.139
1.236
1.384
1.452
1.37
1.243
1.164
1.175
1.214
1.182
1.118
1.073
1.046
1.059
1.111
1.177
1.214
1.155
1.037
0.953
0.91
0.882
0.882
0.878
0.846
0.798
0.769
0.808
0.894
1.005
1.057
1.034
0.962
0.905
0.885
0.898
0.923
0.946
0.932
0.885
0.878
0.975
1.132
1.257
1.268
1.182
1.075
0.98
0.935
0.907
0.878
0.871
0.889
0.901
0.928
1.005
1.141
1.263
1.281
1.218
1.164
1.177
1.275
1.415
1.542
1.574
1.54
1.524
1.558
1.658
1.749
1.792
1.801
1.756
1.644
1.576
1.599
1.663
1.669
1.567
1.431
1.338
1.313
1.365
1.454
1.517
1.497
1.397
1.254
1.13
1.066
1.032
1.021
0.98
0.93
0.91
0.919
0.93
0.921
0.873
0.778
0.699
0.658
0.642
0.635
0.644
0.655
0.655
0.635
0.665
0.769
0.851
0.844
0.789
0.705
0.64
0.644
0.719
0.782
0.789
0.76
0.714
0.674
0.674
0.71
0.789
0.871
0.887
0.794
0.631
0.479
0.433
0.467
0.463
0.42
0.397
0.406
0.433
0.449
0.485
0.513
0.481
0.376
0.259
0.17
0.111
0.109
0.168
0.256
0.293
0.299
0.361
0.429
0.433
0.374
0.313
0.306
0.376
0.476
0.551
0.583
0.603
0.608
0.606
0.624
0.642
0.665
0.687
0.662
0.603
0.538
0.499
0.504
0.519
0.535
0.535
0.517
0.474
0.456
0.438
0.454
0.508
0.547
0.492
0.397
0.34
0.306
0.295
0.318
0.397
0.499
0.603
0.644
0.601
0.506
0.37
0.22
0.129
0.073
-0.011
-0.093
-0.147
-0.195
-0.259
-0.342
-0.435
-0.501
-0.542
-0.612
-0.746
-0.866
-0.894
-0.887
-0.898
-0.898
-0.882
-0.891
-0.919
-0.939
-0.971
-0.975
-0.878
-0.71
-0.597
-0.583
-0.601
-0.585
-0.494
-0.397
-0.297
-0.168
-0.066
-0.005
0.075
0.181
0.2
0.152
0.136
0.19
0.281
0.338
0.361
0.37
0.408
0.479
0.567
0.617
0.615
0.61
0.601
0.515
0.379
0.304
0.34
0.449
0.562
0.61
0.576
0.499
0.442
0.417
0.42
0.417
0.401
0.356
0.254
0.141
0.127
0.175
0.213
0.2
0.202
0.247
0.29
0.29
0.236
0.163
0.111
0.091
0.036
-0.054
-0.093
-0.113
-0.141
-0.188
-0.213
-0.202
-0.179
-0.152
-0.161
-0.243
-0.34
-0.381
-0.324
-0.222
-0.147
-0.118
-0.111
-0.145
-0.218
-0.27
-0.281
-0.256
-0.22
-0.195
-0.238
-0.367
-0.492
-0.54
-0.517
-0.483
-0.451
-0.433
-0.449
-0.442
-0.431
-0.479
-0.526
-0.526
-0.517
-0.549
-0.601
-0.644
-0.651
-0.64
-0.585
-0.479
-0.361
-0.342
-0.431
-0.517
-0.601
-0.712
-0.805
-0.855
-0.873
-0.851
-0.805
-0.78
-0.787
-0.803
-0.814
-0.821
-0.83
-0.81
-0.78
-0.769
-0.773
-0.785
-0.817
-0.81
-0.733
-0.626
-0.542
-0.51
-0.504
-0.494
-0.438
-0.345
-0.283
-0.306
-0.397
-0.513
-0.592
-0.631
-0.651
-0.633
-0.556
-0.456
-0.367
-0.297
-0.238
-0.202
-0.213
-0.261
-0.354
-0.472
-0.572
-0.587
-0.549
-0.538
-0.524
-0.479
-0.451
-0.442
-0.458
-0.515
-0.603
-0.696
-0.773
-0.782
-0.735
-0.696
-0.674
-0.631
-0.578
-0.553
-0.585
-0.644
-0.653
-0.601
-0.562
-0.551
-0.547
-0.549
-0.567
-0.547
-0.456
-0.367
-0.347
-0.336
-0.263
-0.166
-0.17
-0.24
-0.279
-0.29
-0.324
-0.374
-0.39
-0.347
-0.263
-0.156
-0.054
0.014
0.061
0.109
0.193
0.256
0.236
0.188
0.107
0.029
0.036
0.129
0.254
0.379
0.492
0.578
0.621
0.617
0.567
0.494
0.404
0.32
0.261
0.197
0.132
0.136
0.179
0.209
0.229
0.259
0.315
0.376
0.39
0.349
0.308
0.247
0.141
0.034
0.025
0.057
0.048
0.048
0.079
0.125
0.195
0.27
0.308
0.315
0.29
0.229
0.156
0.122
0.118
0.125
0.125
0.141
0.195
0.234
0.229
0.218
0.218
0.154
0.052
-0.016
-0.052
-0.084
-0.118
-0.107
-0.05
0.002
0.027
0.039
0.02
-0.052
-0.197
-0.347
-0.454
-0.553
-0.635
-0.649
-0.59
-0.515
-0.476
-0.476
-0.49
-0.501
-0.549
-0.64
-0.762
-0.887
-0.998
-1.13
-1.259
-1.311
-1.284
-1.248
-1.234
-1.227
-1.25
-1.293
-1.325
-1.347
-1.372
-1.397
-1.406
-1.386
-1.327
-1.257
-1.202
-1.105
-0.953
-0.846
-0.769
-0.617
-0.429
-0.281
-0.188
-0.109
-0.061
-0.034
0.02
0.127
0.268
0.367
0.449
0.526
0.587
0.658
0.744
0.805
0.808
0.778
0.739
0.733
0.767
0.83
0.866
0.896
0.95
0.998
1.046
1.068
1.03
0.959
0.93
0.923
0.941
0.996
1.052
1.114
1.202
1.281
1.318
1.334
1.379
1.454
1.486
1.443
1.397
1.37
1.313
1.259
1.291
1.347
1.356
1.311
1.248
1.207
1.168
1.08
0.982
0.925
0.86
0.724
0.567
0.454
0.381
0.342
0.345
0.333
0.279
0.218
0.19
0.2
0.229
0.215
0.156
0.132
0.204
0.29
0.327
0.352
0.408
0.485
0.506
0.513
0.565
0.576
0.485
0.379
0.338
0.329
0.288
0.27
0.336
0.411
0.429
0.388
0.406
0.519
0.61
0.59
0.535
0.506
0.483
0.433
0.408
0.474
0.585
0.651
0.703
0.764
0.835
0.891
0.932
0.989
1.08
1.175
1.22
1.259
1.334
1.37
1.356
1.368
1.418
1.429
1.4
1.39
1.44
1.447
1.361
1.259
1.225
1.254
1.257
1.22
1.209
1.229
1.216
1.173
1.161
1.186
1.204
1.164
1.08
1.009
0.971
0.953
0.939
0.93
0.93
0.946
0.941
0.941
0.962
0.971
0.939
0.928
0.953
0.959
0.944
0.919
0.916
0.912
0.853
0.751
0.662
0.601
0.533
0.454
0.361
0.256
0.175
0.132
0.102
0.086
0.095
0.086
0.052
0.016
0.032
0.088
0.161
0.204
0.193
0.147
0.118
0.093
0.057
0.061
0.122
0.211
0.272
0.315
0.349
0.388
0.438
0.469
0.472
0.472
0.497
0.533
0.553
0.535
0.49
0.449
0.44
0.438
0.422
0.42
0.424
0.422
0.408
0.39
0.431
0.506
0.551
0.533
0.481
0.449
0.424
0.37
0.308
0.288
0.324
0.37
0.383
0.361
0.374
0.401
0.442
0.465
0.447
0.381
0.329
0.315
0.333
0.342
0.331
0.315
0.308
0.277
0.234
0.22
0.247
0.272
0.249
0.211
0.229
0.306
0.381
0.451
0.524
0.581
0.608
0.628
0.655
0.66
0.665
0.687
0.73
0.748
0.717
0.655
0.608
0.54
0.383
0.22
0.1
0.032
-0.018
-0.102
-0.188
-0.277
-0.397
-0.542
-0.669
-0.762
-0.819
-0.875
-0.989
-1.125
-1.209
-1.248
-1.263
-1.281
-1.302
-1.322
-1.327
-1.32
-1.307
-1.286
-1.257
-1.182
-1.073
-1.041
-1.086
-1.111
-1.084
-1.041
-1.043
-1.082
-1.1
-1.052
-1
-0.964
-0.946
-0.896
-0.83
-0.787
-0.755
-0.699
-0.597
-0.526
-0.522
-0.569
-0.626
-0.649
-0.631
-0.603
-0.606
-0.628
-0.644
-0.671
-0.71
-0.751
-0.767
-0.742
-0.674
-0.606
-0.581
-0.606
-0.619
-0.599
-0.597
-0.651
-0.758
-0.855
-0.916
-0.982
-1.057
-1.123
-1.161
-1.184
-1.195
-1.189
-1.168
-1.136
-1.143
-1.164
-1.118
-1
-0.91
-0.894
-0.914
-0.953
-1.037
-1.109
-1.107
-1.039
-0.955
-0.851
-0.705
-0.61
-0.585
-0.633
-0.714
-0.755
-0.739
-0.753
-0.837
-0.925
-0.982
-1.046
-1.136
-1.223
-1.295
-1.372
-1.452
-1.506
-1.536
-1.567
-1.601
-1.62
-1.595
-1.561
-1.52
-1.508
-1.517
-1.533
-1.572
-1.642
-1.744
-1.849
-1.914
-1.933
-1.942
-2.005
-2.089
-2.119
-2.069
-1.976
-1.896
-1.837
-1.778
-1.753
-1.762
-1.765
-1.774
-1.83
-1.923
-2.023
-2.107
-2.166
-2.182
-2.164
-2.114
-2.041
-1.994
-1.971
-1.962
-1.953
-1.93
-1.883
-1.855
-1.837
-1.792
-1.719
-1.649
-1.529
-1.4
-1.375
-1.434
-1.474
-1.506
-1.567
-1.638
-1.667
-1.658
-1.615
-1.556
-1.499
-1.454
-1.422
-1.404
-1.4
-1.372
-1.341
-1.365
-1.424
-1.456
-1.499
-1.579
-1.638
-1.626
-1.558
-1.477
-1.406
-1.352
-1.318
-1.302
-1.277
-1.227
-1.136
-1.039
-1.003
-1.021
-1.048
-1.039
-1.032
-1.052
-1.118
-1.211
-1.313
-1.434
-1.554
-1.697
-1.826
-1.899
-1.885
-1.864
-1.905
-1.978
-2.021
-2.055
-2.105
-2.139
-2.148
-2.187
-2.275
-2.345
-2.402
-2.479
-2.563
-2.581
-2.529
-2.447
-2.409
-2.391
-2.375
-2.373
-2.357
-2.311
-2.264
-2.237
-2.255
-2.264
-2.241
-2.212
-2.2
-2.196
-2.207
-2.23
-2.277
-2.357
-2.447
-2.513
-2.518
-2.432
-2.282
-2.171
-2.134
-2.119
-2.046
-1.978
-1.971
-1.998
-2.021
-2.046
-2.094
-2.189
-2.307
-2.409
-2.479
-2.525
-2.561
-2.593
-2.629
-2.629
-2.597
-2.574
-2.559
-2.54
-2.518
-2.54
-2.604
-2.622
-2.574
-2.525
-2.475
-2.393
-2.314
-2.25
-2.205
-2.189
-2.221
-2.255
-2.221
-2.105
-1.948
-1.851
-1.826
-1.855
-1.84
-1.767
-1.717
-1.733
-1.737
-1.717
-1.719
-1.722
-1.688
-1.622
-1.581
-1.54
-1.47
-1.404
-1.343
-1.304
-1.288
-1.281
-1.238
-1.166
-1.118
-1.118
-1.121
-1.084
-1.016
-1.005
-1.046
-1.109
-1.159
-1.193
-1.236
-1.316
-1.406
-1.458
-1.474
-1.413
-1.352
-1.375
-1.481
-1.595
-1.644
-1.647
-1.635
-1.629
-1.665
-1.676
-1.66
-1.663
-1.706
-1.765
-1.81
-1.821
-1.792
-1.781
-1.828
-1.903
-1.955
-1.973
-1.969
-1.989
-2.048
-2.121
-2.173
-2.166
-2.139
-2.182
-2.293
-2.404
-2.461
-2.495
-2.534
-2.556
-2.538
-2.443
-2.282
-2.123
-2.023
-1.987
-1.996
-2.028
-2.03
-2.001
-1.948
-1.912
-1.871
-1.771
-1.663
-1.622
-1.633
-1.638
-1.62
-1.551
-1.434
-1.359
-1.39
-1.443
-1.418
-1.356
-1.322
-1.347
-1.39
-1.4
-1.365
-1.304
-1.225
-1.193
-1.232
-1.243
-1.214
-1.189
-1.189
-1.184
-1.125
-1.021
-0.91
-0.817
-0.78
-0.819
-0.88
-0.953
-1.03
-1.089
-1.136
-1.168
-1.179
-1.223
-1.3
-1.39
-1.497
-1.622
-1.708
-1.713
-1.706
-1.747
-1.79
-1.785
-1.776
-1.799
-1.849
-1.935
-1.964
-1.908
-1.84
-1.785
-1.694
-1.585
-1.556
-1.567
-1.565
-1.556
-1.583
-1.638
-1.62
-1.486
-1.311
-1.191
-1.127
-1.116
-1.155
-1.195
-1.191
-1.177
-1.191
-1.173
-1.073
-0.953
-0.857
-0.832
-0.844
-0.826
-0.762
-0.696
-0.692
-0.726
-0.733
-0.683
-0.624
-0.581
-0.583
-0.601
-0.585
-0.581
-0.572
-0.51
-0.424
-0.347
-0.315
-0.29
-0.274
-0.299
-0.395
-0.515
-0.574
-0.544
-0.476
-0.42
-0.365
-0.365
-0.386
-0.413
-0.445
-0.465
-0.431
-0.313
-0.184
-0.1
-0.082
-0.122
-0.163
-0.145
-0.086
-0.048
-0.036
-0.048
-0.063
-0.059
-0.045
-0.063
-0.079
-0.029
0.066
0.136
0.186
0.268
0.361
0.417
0.395
0.352
0.333
0.272
0.127
0.014
0.023
0.043
0.016
-0.02
-0.02
0
0.029
0.014
-0.034
-0.041
-0.009
0.041
0.084
0.086
0.011
-0.125
-0.22
-0.238
-0.234
-0.231
-0.236
-0.27
-0.281
-0.286
-0.336
-0.386
-0.383
-0.302
-0.195
-0.095
-0.005
0.063
0.113
0.134
0.141
0.138
0.093
-0.023
-0.118
-0.166
-0.179
-0.152
-0.098
-0.034
0.036
0.12
0.172
0.166
0.134
0.145
0.204
0.281
0.386
0.456
0.483
0.517
0.594
0.705
0.817
0.901
0.941
0.946
0.964
0.982
0.964
0.928
0.923
0.973
1.082
1.17
1.2
1.234
1.266
1.25
1.25
1.291
1.322
1.311
1.291
1.316
1.356
1.345
1.309
1.284
1.238
1.157
1.028
0.921
0.887
0.901
0.907
0.912
0.916
0.894
0.864
0.826
0.773
0.733
0.724
0.717
0.692
0.621
0.519
0.438
0.388
0.313
0.249
0.261
0.293
0.29
0.313
0.379
0.422
0.454
0.51
0.594
0.674
0.721
0.773
0.873
1.007
1.111
1.189
1.275
1.35
1.338
1.261
1.214
1.257
1.343
1.413
1.472
1.542
1.62
1.66
1.656
1.615
1.563
1.52
1.536
1.572
1.574
1.549
1.511
1.424
1.302
1.191
1.093
1.018
0.962
0.948
0.955
0.953
0.964
0.982
1.003
1.016
1.021
1
0.982
0.98
0.98
0.962
0.941
0.905
0.819
0.719
0.683
0.724
0.828
0.975
1.125
1.241
1.331
1.4
1.431
1.445
1.488
1.583
1.678
1.678
1.642
1.626
1.601
1.54
1.49
1.504
1.57
1.656
1.776
1.917
2.028
2.11
2.168
2.252
2.363
2.427
2.416
2.398
2.384
2.361
2.309
2.241
2.177
2.091
1.976
1.876
1.84
1.858
1.903
1.946
2.016
2.096
2.162
2.173
2.105
1.992
1.917
1.899
1.862
1.812
1.776
1.792
1.837
1.851
1.849
1.819
1.76
1.697
1.69
1.765
1.864
1.905
1.894
1.885
1.867
1.81
1.726
1.62
1.545
1.517
1.524
1.538
1.542
1.542
1.527
1.504
1.479
1.458
1.481
1.515
1.529
1.561
1.604
1.606
1.563
1.495
1.463
1.463
1.452
1.427
1.415
1.458
1.508
1.542
1.588
1.656
1.706
1.742
1.801
1.876
1.901
1.869
1.806
1.74
1.708
1.688
1.692
1.719
1.781
1.837
1.885
1.91
1.919
1.942
1.937
1.896
1.864
1.871
1.855
1.79
1.713
1.654
1.635
1.656
1.708
1.733
1.731
1.692
1.61
1.538
1.54
1.581
1.563
1.529
1.536
1.54
1.52
1.463
1.4
1.352
1.334
1.334
1.381
1.458
1.54
1.615
1.678
1.744
1.858
1.985
2.069
2.098
2.121
2.139
2.137
2.105
2.084
2.103
2.15
2.248
2.354
2.454
2.552
2.652
2.729
2.806
2.881
2.897
2.874
2.876
2.901
2.908
2.851
2.76
2.661
2.57
2.495
2.436
2.411
2.395
2.384
2.386
2.404
2.438
2.47
2.447
2.363
2.289
2.257
2.234
2.166
2.053
1.923
1.846
1.815
1.817
1.833
1.851
1.835
1.806
1.81
1.885
1.955
1.973
1.998
2.023
2.035
2.035
1.989
1.896
1.803
1.722
1.669
1.642
1.635
1.608
1.579
1.565
1.613
1.713
1.774
1.758
1.722
1.71
1.713
1.703
1.688
1.658
1.629
1.59
1.554
1.524
1.495
1.477
1.47
1.461
1.497
1.563
1.635
1.717
1.79
1.862
1.901
1.889
1.817
1.724
1.617
1.551
1.54
1.551
1.567
1.608
1.663
1.694
1.733
1.733
1.717
1.731
1.815
1.914
2.003
2.075
2.105
2.094
2.096
2.141
2.198
2.209
2.153
2.075
2.046
2.053
2.064
2.057
2.019
1.935
1.84
1.751
1.654
1.529
1.395
1.281
1.2
1.166
1.141
1.091
1.025
0.993
1.003
1.039
1.075
1.089
1.098
1.114
1.105
1.075
1.059
1.048
1.039
1.039
1.096
1.238
1.42
1.52
1.572
1.622
1.678
1.735
1.778
1.783
1.776
1.824
1.887
1.921
1.944
1.964
1.946
1.892
1.858
1.867
1.862
1.84
1.855
1.917
1.987
2.005
1.976
1.919
1.887
1.883
1.853
1.796
1.756
1.715
1.667
1.629
1.663
1.744
1.794
1.794
1.799
1.844
1.887
1.903
1.889
1.878
1.86
1.842
1.824
1.801
1.747
1.676
1.604
1.554
1.551
1.576
1.59
1.613
1.626
1.654
1.701
1.737
1.753
1.751
1.749
1.737
1.717
1.69
1.692
1.722
1.728
1.728
1.735
1.742
1.706
1.633
1.57
1.536
1.513
1.49
1.468
1.438
1.406
1.363
1.286
1.214
1.123
1.025
0.944
0.885
0.828
0.758
0.717
0.733
0.803
0.862
0.885
0.875
0.891
0.921
0.957
0.989
0.991
0.955
0.878
0.796
0.755
0.764
0.778
0.769
0.753
0.767
0.805
0.828
0.805
0.762
0.751
0.787
0.839
0.878
0.871
0.808
0.712
0.608
0.535
0.483
0.417
0.345
0.318
0.352
0.388
0.358
0.299
0.293
0.327
0.32
0.272
0.254
0.306
0.376
0.411
0.424
0.433
0.454
0.479
0.488
0.479
0.479
0.533
0.601
0.676
0.773
0.894
0.996
1.046
1.046
1.012
0.959
0.887
0.826
0.837
0.903
0.982
1.055
1.143
1.207
1.207
1.182
1.184
1.198
1.195
1.193
1.191
1.211
1.211
1.164
1.123
1.102
1.091
1.043
0.978
0.905
0.839
0.83
0.857
0.862
0.812
0.764
0.719
0.669
0.578
0.456
0.327
0.204
0.111
0.057
0.034
0.054
0.077
0.095
0.132
0.209
0.288
0.311
0.268
0.179
0.073
-0.002
-0.011
-0.011
-0.036
-0.043
-0.027
-0.068
-0.095
-0.061
0.007
0.073
0.091
0.075
0.052
0.059
0.054
-0.02
-0.088
-0.125
-0.136
-0.168
-0.227
-0.281
-0.311
-0.306
-0.277
-0.231
-0.166
-0.091
-0.05
-0.041
-0.02
0.005
-0.009
-0.057
-0.111
-0.17
-0.193
-0.19
-0.186
-0.156
-0.088
0.02
0.147
0.261
0.32
0.347
0.331
0.279
0.234
0.234
0.211
0.129
0.068
0.034
0.002
-0.077
-0.166
-0.202
-0.152
-0.073
-0.077
-0.143
-0.179
-0.19
-0.215
-0.272
-0.311
-0.336
-0.397
-0.499
-0.576
-0.565
-0.494
-0.449
-0.445
-0.429
-0.379
-0.329
-0.329
-0.397
-0.488
-0.551
-0.597
-0.635
-0.671
-0.694
-0.751
-0.819
-0.866
-0.875
-0.844
-0.769
-0.701
-0.696
-0.696
-0.669
-0.637
-0.631
-0.655
-0.674
-0.671
-0.694
-0.773
-0.887
-0.975
-0.984
-0.891
-0.78
-0.728
-0.712
-0.674
-0.649
-0.658
-0.678
-0.699
-0.767
-0.875
-0.948
-0.991
-1.086
-1.191
-1.254
-1.234
-1.139
-1.084
-1.121
-1.184
-1.227
-1.275
-1.311
-1.356
-1.415
-1.483
-1.57
-1.69
-1.753
-1.767
-1.835
-1.93
-1.933
-1.837
-1.747
-1.678
-1.608
-1.522
-1.431
-1.338
-1.261
-1.2
-1.136
-1.096
-1.093
-1.082
-1.064
-1.032
-0.98
-0.955
-1
-1.061
-1.064
-1.025
-0.978
-0.973
-1.005
-0.971
-0.844
-0.762
-0.773
-0.808
-0.86
-0.935
-0.996
-0.996
-0.968
-0.973
-0.98
-0.989
-1.014
-1.057
-1.121
-1.186
-1.179
-1.125
-1.086
-1.057
-1.025
-0.984
-0.966
-0.984
-1.071
-1.22
-1.375
-1.517
-1.62
-1.694
-1.758
-1.787
-1.774
-1.758
-1.737
-1.701
-1.658
-1.638
-1.635
-1.597
-1.49
-1.418
-1.422
-1.481
-1.622
-1.776
-1.883
-1.96
-1.998
-2.01
-1.992
-1.946
-1.874
-1.785
-1.683
-1.545
-1.429
-1.404
-1.429
-1.443
-1.488
-1.567
-1.674
-1.767
-1.819
-1.821
-1.806
-1.821
-1.828
-1.801
-1.778
-1.744
-1.66
-1.567
-1.504
-1.468
-1.449
-1.404
-1.352
-1.345
-1.334
-1.257
-1.166
-1.152
-1.22
-1.279
-1.279
-1.207
-1.15
-1.132
-1.121
-1.096
-1.077
-1.052
-1.018
-1.005
-1.025
-1.061
-1.075
-1.093
-1.173
-1.302
-1.384
-1.386
-1.379
-1.384
-1.359
-1.311
-1.331
-1.409
-1.465
-1.483
-1.513
-1.556
-1.574
-1.567
-1.572
-1.595
-1.599
-1.597
-1.638
-1.724
-1.794
-1.86
-1.951
-2.035
-2.082
-2.13
-2.193
-2.241
-2.259
-2.266
-2.277
-2.302
-2.307
-2.246
-2.153
-2.114
-2.094
-2.014
-1.942
-1.953
-2.007
-2.028
-2.019
-2.023
-2.05
-2.08
-2.08
-2.103
-2.164
-2.189
-2.121
-2.023
-1.964
-1.953
-1.946
-1.921
-1.892
-1.899
-1.962
-2.03
-2.071
-2.112
-2.143
-2.128
-2.11
-2.075
-2.035
-1.973
-1.889
-1.799
-1.719
-1.676
-1.699
-1.719
-1.681
-1.638
-1.613
-1.595
-1.565
-1.513
-1.465
-1.468
-1.47
-1.431
-1.413
-1.445
-1.495
-1.495
-1.468
-1.456
-1.44
-1.42
-1.352
-1.202
-1.077
-0.953
-0.808
-0.705
-0.708
-0.724
-0.719
-0.714
-0.767
-0.857
-0.91
-0.88
-0.808
-0.778
-0.796
-0.769
-0.69
-0.637
-0.649
-0.649
-0.644
-0.674
-0.746
-0.853
-0.98
-1.077
-1.114
-1.152
-1.223
-1.311
-1.354
-1.35
-1.329
-1.368
-1.424
-1.393
-1.35
-1.418
-1.558
-1.642
-1.638
-1.656
-1.692
-1.699
-1.649
-1.624
-1.656
-1.69
-1.685
-1.683
-1.762
-1.892
-1.939
-1.921
-1.955
-2.021
-2.066
-2.084
-2.094
-2.125
-2.155
-2.193
-2.252
-2.3
-2.33
-2.345
-2.35
-2.345
-2.318
-2.289
-2.28
-2.234
-2.13
-2.035
-1.982
-1.944
-1.88
-1.76
-1.676
-1.694
-1.722
-1.697
-1.66
-1.676
-1.69
-1.635
-1.567
-1.572
-1.59
-1.561
-1.533
-1.542
-1.595
-1.59
-1.502
-1.418
-1.37
-1.32
-1.211
-1.111
-1.023
-0.959
-0.891
-0.794
-0.687
-0.601
-0.562
-0.524
-0.458
-0.424
-0.424
-0.422
-0.415
-0.438
-0.463
-0.497
-0.504
-0.447
-0.372
-0.331
-0.361
-0.379
-0.338
-0.315
-0.358
-0.417
-0.442
-0.445
-0.445
-0.494
-0.528
-0.454
-0.365
-0.345
-0.338
-0.234
-0.098
-0.02
-0.011
-0.014
0.032
0.088
0.079
0.018
0.027
0.095
0.125
0.1
0.093
0.122
0.143
0.168
0.231
0.304
0.349
0.383
0.44
0.49
0.499
0.51
0.538
0.535
0.54
0.562
0.562
0.51
0.431
0.383
0.372
0.349
0.306
0.318
0.374
0.458
0.531
0.547
0.558
0.628
0.66
0.599
0.501
0.474
0.456
0.365
0.238
0.138
0.091
0.079
0.048
0.02
0.061
0.125
0.166
0.202
0.249
0.27
0.27
0.249
0.227
0.172
0.059
-0.054
-0.127
-0.172
-0.215
-0.249
-0.277
-0.279
-0.252
-0.193
-0.116
-0.048
-0.011
0.025
0.113
0.161
0.066
-0.07
-0.154
-0.211
-0.272
-0.299
-0.259
-0.147
-0.043
0.045
0.134
0.234
0.345
0.442
0.499
0.535
0.587
0.667
0.73
0.769
0.773
0.773
0.801
0.846
0.857
0.81
0.81
0.844
0.88
0.914
0.95
0.978
0.998
1.012
1.03
1.073
1.134
1.164
1.143
1.102
1.071
1.016
0.921
0.848
0.821
0.803
0.771
0.755
0.789
0.832
0.875
0.921
0.946
0.941
0.921
0.873
0.826
0.778
0.701
0.624
0.542
0.467
0.442
0.44
0.431
0.415
0.386
0.34
0.354
0.399
0.415
0.411
0.397
0.379
0.331
0.281
0.279
0.295
0.263
0.197
0.19
0.263
0.331
0.322
0.256
0.186
0.107
0.029
-0.039
-0.043
-0.005
0.032
0.036
0.029
0.011
0.034
0.088
0.066
-0.045
-0.17
-0.247
-0.315
-0.39
-0.465
-0.501
-0.481
-0.424
-0.392
-0.395
-0.367
-0.347
-0.374
-0.417
-0.435
-0.445
-0.451
-0.442
-0.397
-0.363
-0.342
-0.356
-0.376
-0.379
-0.313
-0.236
-0.17
-0.143
-0.141
-0.154
-0.138
-0.122
-0.098
-0.057
-0.007
0.018
0.002
-0.011
0.023
0.061
0.039
-0.034
-0.091
-0.12
-0.118
-0.104
-0.073
-0.034
-0.007
-0.016
-0.043
-0.057
-0.05
-0.036
-0.018
0.016
0.082
0.154
0.2
0.22
0.211
0.163
0.098
0.036
-0.034
-0.043
0.025
0.104
0.152
0.154
0.161
0.229
0.336
0.424
0.504
0.544
0.528
0.483
0.44
0.454
0.524
0.601
0.642
0.66
0.655
0.66
0.714
0.828
0.932
0.973
0.95
0.901
0.855
0.851
0.841
0.778
0.708
0.667
0.676
0.692
0.712
0.728
0.724
0.653
0.533
0.397
0.295
0.308
0.363
0.372
0.32
0.277
0.293
0.356
0.411
0.449
0.465
0.451
0.406
0.367
0.358
0.372
0.372
0.367
0.356
0.347
0.406
0.535
0.705
0.866
0.957
0.939
0.871
0.817
0.796
0.764
0.712
0.619
0.54
0.526
0.572
0.606
0.64
0.671
0.699
0.653
0.533
0.426
0.408
0.433
0.401
0.295
0.19
0.152
0.15
0.15
0.177
0.197
0.152
0.011
-0.163
-0.306
-0.367
-0.39
-0.44
-0.519
-0.615
-0.696
-0.73
-0.685
-0.619
-0.619
-0.685
-0.773
-0.857
-0.919
-0.939
-0.957
-1.041
-1.15
-1.223
-1.191
-1.077
-0.928
-0.776
-0.655
-0.612
-0.649
-0.685
-0.64
-0.524
-0.458
-0.465
-0.451
-0.367
-0.225
-0.023
0.227
0.447
0.538
0.51
0.467
0.469
0.513
0.585
0.624
0.603
0.556
0.562
0.653
0.782
0.875
0.907
0.88
0.805
0.699
0.631
0.624
0.631
0.572
0.451
0.347
0.32
0.37
0.435
0.488
0.538
0.533
0.435
0.306
0.243
0.249
0.236
0.2
0.145
0.125
0.168
0.231
0.288
0.308
0.279
0.132
-0.1
-0.311
-0.431
-0.492
-0.581
-0.68
-0.735
-0.733
-0.703
-0.685
-0.667
-0.653
-0.669
-0.778
-0.948
-1.1
-1.186
-1.236
-1.304
-1.4
-1.468
-1.458
-1.386
-1.272
-1.136
-1.025
-0.966
-0.973
-1.007
-1.018
-1.014
-1.021
-1.032
-1.023
-1
-0.935
-0.798
-0.628
-0.497
-0.451
-0.469
-0.513
-0.535
-0.492
-0.381
-0.22
-0.057
0.029
0.054
0.118
0.249
0.42
0.535
0.594
0.576
0.483
0.356
0.247
0.204
0.163
0.098
0.052
0.102
0.213
0.352
0.494
0.585
0.597
0.501
0.349
0.22
0.12
0
-0.147
-0.283
-0.345
-0.324
-0.259
-0.186
-0.075
0.054
0.136
0.129
0.079
0.073
0.154
0.222
0.172
0.054
-0.005
0.014
0.041
0.059
0.063
0.016
-0.102
-0.259
-0.388
-0.467
-0.526
-0.585
-0.599
-0.54
-0.445
-0.338
-0.227
-0.116
-0.025
-0.029
-0.147
-0.308
-0.454
-0.624
-0.773
-0.878
-0.959
-1.028
-1.066
-1.052
-0.93
-0.726
-0.551
-0.456
-0.381
-0.313
-0.29
-0.324
-0.374
-0.411
-0.481
-0.547
-0.549
-0.485
-0.392
-0.313
-0.222
-0.116
-0.066
-0.113
-0.17
-0.15
-0.082
-0.011
0.045
0.134
0.238
0.345
0.426
0.501
0.54
0.488
0.399
0.318
0.261
0.245
0.229
0.179
0.156
0.204
0.302
0.426
0.585
0.728
0.778
0.73
0.674
0.631
0.572
0.501
0.406
0.302
0.2
0.132
0.111
0.163
0.274
0.358
0.349
0.318
0.349
0.42
0.451
0.442
0.404
0.365
0.331
0.293
0.283
0.315
0.361
0.37
0.352
0.34
0.315
0.261
0.215
0.172
0.152
0.163
0.152
0.15
0.213
0.304
0.315
0.247
0.193
0.163
0.109
-0.029
-0.213
-0.381
-0.528
-0.669
-0.812
-0.882
-0.875
-0.832
-0.817
-0.81
-0.803
-0.812
-0.819
-0.801
-0.812
-0.889
-0.964
-1.005
-1.021
-1
-0.966
-0.944
-0.903
-0.837
-0.81
-0.814
-0.769
-0.665
-0.612
-0.594
-0.585
-0.542
-0.465
-0.392
-0.365
-0.299
-0.206
-0.179
-0.229
-0.268
-0.279
-0.279
-0.277
-0.261
-0.238
-0.225
-0.179
-0.05
0.111
0.256
0.363
0.404
0.438
0.485
0.488
0.408
0.306
0.236
0.175
0.104
0.082
0.125
0.215
0.283
0.27
0.218
0.19
0.193
0.22
0.243
0.225
0.179
0.172
0.225
0.304
0.365
0.383
0.381
0.352
0.327
0.34
0.365
0.347
0.324
0.318
0.352
0.413
0.479
0.535
0.615
0.674
0.687
0.683
0.683
0.649
0.544
0.42
0.308
0.24
0.218
0.186
0.175
0.222
0.32
0.411
0.438
0.392
0.361
0.333
0.252
0.132
0.023
-0.079
-0.163
-0.236
-0.274
-0.268
-0.234
-0.197
-0.188
-0.188
-0.197
-0.225
-0.236
-0.231
-0.225
-0.204
-0.197
-0.209
-0.186
-0.12
-0.061
-0.043
-0.052
-0.041
-0.059
-0.095
-0.073
0.011
0.068
0.095
0.154
0.259
0.39
0.485
0.531
0.538
0.501
0.406
0.306
0.272
0.265
0.236
0.236
0.295
0.342
0.392
0.513
0.701
0.928
1.105
1.157
1.161
1.193
1.209
1.118
0.932
0.792
0.719
0.608
0.524
0.56
0.665
0.737
0.748
0.771
0.814
0.871
0.912
0.923
0.95
1.021
1.098
1.136
1.17
1.25
1.277
1.161
0.971
0.828
0.762
0.699
0.628
0.606
0.66
0.733
0.848
1
1.155
1.241
1.248
1.173
1.061
0.982
0.907
0.769
0.612
0.508
0.447
0.413
0.422
0.479
0.547
0.619
0.739
0.882
0.941
0.93
0.896
0.869
0.862
0.805
0.73
0.726
0.755
0.721
0.692
0.737
0.796
0.801
0.751
0.699
0.674
0.678
0.669
0.676
0.71
0.753
0.798
0.803
0.794
0.846
0.866
0.778
0.646
0.56
0.458
0.342
0.252
0.231
0.252
0.272
0.286
0.342
0.454
0.542
0.522
0.456
0.438
0.422
0.331
0.193
0.045
-0.107
-0.229
-0.308
-0.327
-0.277
-0.19
-0.134
-0.1
-0.077
-0.088
-0.154
-0.234
-0.29
-0.322
-0.356
-0.338
-0.24
-0.125
-0.036
0.079
0.213
0.288
0.288
0.231
0.179
0.19
0.222
0.249
0.288
0.361
0.476
0.59
0.658
0.699
0.753
0.83
0.912
0.925
0.821
0.671
0.569
0.524
0.526
0.558
0.587
0.644
0.733
0.875
1.007
1.066
1.082
1.077
1.059
1.046
1.03
1.003
0.991
1
0.991
0.959
0.973
1.014
1.03
1.03
1.086
1.136
1.173
1.193
1.216
1.252
1.316
1.384
1.449
1.554
1.656
1.701
1.683
1.667
1.678
1.674
1.683
1.71
1.717
1.683
1.651
1.669
1.744
1.84
1.91
1.957
1.985
2.005
1.989
1.887
1.751
1.663
1.608
1.545
1.454
1.327
1.22
1.161
1.118
1.084
1.052
0.998
0.912
0.823
0.753
0.705
0.64
0.599
0.587
0.544
0.44
0.34
0.254
0.177
0.098
0.029
-0.007
-0.029
-0.061
-0.075
-0.073
-0.061
-0.02
0.02
0.057
0.125
0.195
0.218
0.211
0.186
0.159
0.107
0.032
-0.052
-0.102
-0.116
-0.084
0.009
0.154
0.29
0.39
0.456
0.524
0.587
0.615
0.621
0.628
0.608
0.587
0.562
0.531
0.526
0.538
0.524
0.49
0.513
0.553
0.574
0.592
0.631
0.694
0.744
0.798
0.889
0.957
0.957
0.973
1.046
1.141
1.182
1.157
1.123
1.123
1.098
1.059
1.068
1.164
1.281
1.393
1.499
1.597
1.676
1.676
1.615
1.554
1.481
1.379
1.279
1.198
1.127
1.089
1.071
1.05
1.093
1.2
1.307
1.379
1.411
1.422
1.415
1.415
1.427
1.44
1.4
1.322
1.281
1.279
1.275
1.259
1.263
1.254
1.263
1.284
1.304
1.3
1.277
1.227
1.168
1.132
1.116
1.109
1.127
1.13
1.127
1.132
1.123
1.075
1.03
0.982
0.914
0.885
0.907
0.957
1.012
1.018
1.018
1.046
1.05
1
0.91
0.798
0.703
0.608
0.49
0.354
0.229
0.147
0.079
0.002
-0.061
-0.129
-0.147
-0.15
-0.175
-0.243
-0.302
-0.297
-0.277
-0.288
-0.345
-0.415
-0.424
-0.397
-0.374
-0.383
-0.433
-0.467
-0.431
-0.354
-0.293
-0.256
-0.234
-0.206
-0.184
-0.181
-0.211
-0.204
-0.159
-0.134
-0.127
-0.093
-0.066
-0.073
-0.107
-0.127
-0.12
-0.07
0.025
0.116
0.175
0.227
0.313
0.39
0.463
0.524
0.574
0.599
0.624
0.631
0.633
0.653
0.678
0.678
0.655
0.646
0.708
0.814
0.916
0.941
0.919
0.921
0.957
0.962
0.891
0.835
0.837
0.862
0.882
0.91
0.912
0.869
0.835
0.851
0.855
0.821
0.808
0.817
0.832
0.86
0.885
0.889
0.916
0.984
1.03
1.034
1.007
0.946
0.862
0.792
0.76
0.76
0.753
0.728
0.728
0.744
0.726
0.708
0.701
0.655
0.61
0.562
0.474
0.37
0.297
0.247
0.218
0.209
0.2
0.181
0.188
0.204
0.177
0.111
0.036
-0.039
-0.109
-0.161
-0.186
-0.195
-0.188
-0.161
-0.113
-0.088
-0.102
-0.102
-0.084
-0.084
-0.122
-0.202
-0.272
-0.299
-0.286
-0.234
-0.147
-0.068
-0.048
-0.082
-0.125
-0.147
-0.166
-0.177
-0.211
-0.263
-0.324
-0.376
-0.415
-0.44
-0.433
-0.388
-0.322
-0.234
-0.093
0.036
0.086
0.086
0.054
-0.029
-0.12
-0.175
-0.193
-0.181
-0.152
-0.116
-0.077
0.002
0.125
0.236
0.329
0.417
0.454
0.442
0.431
0.438
0.458
0.501
0.558
0.581
0.562
0.551
0.601
0.687
0.739
0.751
0.737
0.724
0.737
0.767
0.789
0.81
0.817
0.785
0.73
0.671
0.624
0.599
0.597
0.556
0.463
0.361
0.279
0.234
0.209
0.186
0.181
0.181
0.17
0.181
0.236
0.281
0.247
0.156
0.039
-0.061
-0.143
-0.19
-0.245
-0.29
-0.338
-0.42
-0.497
-0.531
-0.531
-0.483
-0.408
-0.322
-0.247
-0.19
-0.168
-0.177
-0.181
-0.184
-0.195
-0.254
-0.333
-0.381
-0.372
-0.349
-0.34
-0.288
-0.222
-0.143
-0.05
0.039
0.086
0.084
0.045
0.009
-0.014
0.014
0.102
0.202
0.254
0.227
0.156
0.084
0.039
0.005
-0.016
-0.034
-0.057
-0.102
-0.147
-0.134
-0.059
-0.032
-0.111
-0.218
-0.283
-0.331
-0.422
-0.519
-0.608
-0.696
-0.798
-0.875
-0.91
-0.896
-0.848
-0.776
-0.721
-0.694
-0.69
-0.701
-0.73
-0.767
-0.794
-0.81
-0.844
-0.875
-0.905
-0.912
-0.903
-0.903
-0.948
-0.959
-0.921
-0.869
-0.826
-0.787
-0.782
-0.823
-0.875
-0.894
-0.862
-0.798
-0.721
-0.66
-0.635
-0.619
-0.578
-0.494
-0.365
-0.2
-0.05
0.048
0.084
0.091
0.077
0.079
0.079
0.084
0.118
0.179
0.243
0.29
0.34
0.361
0.347
0.299
0.281
0.274
0.274
0.286
0.306
0.281
0.202
0.129
0.129
0.163
0.209
0.24
0.288
0.352
0.422
0.465
0.497
0.522
0.533
0.544
0.567
0.592
0.606
0.59
0.578
0.59
0.538
0.411
0.299
0.256
0.256
0.265
0.249
0.218
0.179
0.125
0.043
-0.034
-0.098
-0.15
-0.184
-0.225
-0.249
-0.265
-0.254
-0.263
-0.331
-0.379
-0.376
-0.367
-0.397
-0.458
-0.531
-0.617
-0.714
-0.828
-0.921
-0.975
-1.039
-1.136
-1.286
-1.456
-1.576
-1.644
-1.703
-1.781
-1.88
-1.935
-1.933
-1.948
-2.039
-2.162
-2.261
-2.343
-2.413
-2.472
-2.513
-2.572
-2.667
-2.763
-2.835
-2.876
-2.876
-2.819
-2.686
-2.52
-2.37
-2.261
-2.177
-2.103
-2.003
-1.899
-1.842
-1.808
-1.751
-1.667
-1.581
-1.538
-1.502
-1.461
-1.381
-1.284
-1.173
-1.034
-0.887
-0.751
-0.61
-0.51
-0.467
-0.392
-0.222
-0.029
0.098
0.141
0.156
0.17
0.154
0.129
0.136
0.181
0.215
0.22
0.22
0.254
0.342
0.426
0.485
0.565
0.637
0.674
0.687
0.701
0.719
0.733
0.73
0.696
0.655
0.651
0.699
0.726
0.678
0.606
0.606
0.66
0.685
0.655
0.574
0.46
0.354
0.236
0.107
-0.009
-0.073
-0.059
-0.005
0.018
-0.025
-0.107
-0.211
-0.318
-0.404
-0.483
-0.587
-0.683
-0.678
-0.581
-0.479
-0.433
-0.42
-0.392
-0.361
-0.347
-0.313
-0.27
-0.195
-0.077
0.039
0.104
0.113
0.098
0.079
0.075
0.023
-0.079
-0.152
-0.161
-0.113
-0.068
-0.075
-0.118
-0.166
-0.177
-0.15
-0.091
-0.023
0.025
0.063
0.109
0.152
0.197
0.211
0.204
0.206
0.222
0.227
0.222
0.2
0.193
0.238
0.274
0.265
0.236
0.227
0.245
0.27
0.265
0.231
0.206
0.209
0.188
0.111
-0.034
-0.227
-0.395
-0.535
-0.699
-0.866
-0.973
-1.043
-1.08
-1.098
-1.121
-1.186
-1.238
-1.214
-1.143
-1.084
-1.003
-0.844
-0.699
-0.669
-0.751
-0.885
-1.007
-1.145
-1.293
-1.404
-1.488
-1.601
-1.719
-1.785
-1.812
-1.86
-1.926
-1.967
-2.012
-2.071
-2.116
-2.146
-2.171
-2.15
-2.11
-2.082
-2.023
-1.964
-1.996
-2.128
-2.241
-2.282
-2.307
-2.323
-2.318
-2.32
-2.318
-2.291
-2.207
-2.089
-1.978
-1.896
-1.806
-1.651
-1.529
-1.499
-1.479
-1.424
-1.413
-1.472
-1.52
-1.495
-1.443
-1.427
-1.458
-1.47
-1.404
-1.313
-1.27
-1.275
-1.229
-1.139
-1.052
-0.959
-0.812
-0.644
-0.499
-0.37
-0.27
-0.195
-0.154
-0.172
-0.227
-0.29
-0.349
-0.379
-0.299
-0.186
-0.116
-0.079
-0.052
0.007
0.086
0.147
0.213
0.34
0.463
0.513
0.497
0.433
0.356
0.238
0.082
-0.032
-0.054
-0.036
-0.032
-0.005
0.043
0.05
0.011
-0.018
-0.014
-0.027
-0.107
-0.213
-0.245
-0.225
-0.195
-0.193
-0.245
-0.318
-0.408
-0.551
-0.758
-0.989
-1.179
-1.32
-1.488
-1.674
-1.771
-1.785
-1.81
-1.862
-1.88
-1.83
-1.767
-1.753
-1.778
-1.799
-1.858
-2.016
-2.241
-2.438
-2.593
-2.717
-2.745
-2.697
-2.645
-2.611
-2.568
-2.509
-2.475
-2.504
-2.556
-2.568
-2.561
-2.588
-2.647
-2.652
-2.554
-2.425
-2.311
-2.203
-2.071
-1.939
-1.853
-1.806
-1.76
-1.719
-1.701
-1.701
-1.692
-1.626
-1.486
-1.35
-1.257
-1.159
-1.057
-0.957
-0.846
-0.701
-0.558
-0.504
-0.535
-0.565
-0.565
-0.565
-0.583
-0.56
-0.488
-0.417
-0.397
-0.386
-0.331
-0.259
-0.227
-0.272
-0.352
-0.408
-0.479
-0.531
-0.51
-0.454
-0.435
-0.399
-0.356
-0.386
-0.504
-0.635
-0.733
-0.771
-0.808
-0.916
-1.089
-1.214
-1.281
-1.336
-1.363
-1.352
-1.3
-1.225
-1.182
-1.152
-1.13
-1.134
-1.168
-1.191
-1.2
-1.182
-1.148
-1.132
-1.13
-1.132
-1.159
-1.155
-1.136
-1.125
-1.136
-1.134
-1.091
-1.014
-0.903
-0.826
-0.778
-0.751
-0.712
-0.649
-0.549
-0.413
-0.295
-0.236
-0.245
-0.259
-0.2
-0.107
-0.036
0.061
0.179
0.261
0.281
0.27
0.256
0.279
0.37
0.508
0.649
0.789
0.882
0.885
0.894
0.944
0.962
0.921
0.855
0.785
0.71
0.64
0.612
0.626
0.617
0.565
0.492
0.449
0.449
0.494
0.547
0.569
0.556
0.519
0.465
0.39
0.306
0.261
0.263
0.286
0.333
0.376
0.395
0.381
0.329
0.286
0.265
0.193
0.061
-0.07
-0.143
-0.175
-0.188
-0.147
-0.048
0.066
0.175
0.302
0.424
0.508
0.592
0.646
0.653
0.603
0.508
0.356
0.234
0.252
0.372
0.483
0.608
0.748
0.864
0.928
0.962
0.975
0.923
0.81
0.662
0.51
0.383
0.315
0.342
0.429
0.538
0.644
0.642
0.519
0.367
0.231
0.116
0.011
-0.082
-0.195
-0.297
-0.331
-0.274
-0.161
-0.034
0.032
0.079
0.156
0.213
0.236
0.22
0.145
0.025
-0.107
-0.218
-0.295
-0.331
-0.342
-0.279
-0.134
-0.007
0.079
0.19
0.259
0.249
0.193
0.134
0.084
0.075
0.125
0.179
0.204
0.229
0.261
0.274
0.252
0.197
0.118
-0.014
-0.2
-0.379
-0.517
-0.615
-0.633
-0.621
-0.626
-0.572
-0.46
-0.392
-0.347
-0.27
-0.166
-0.141
-0.229
-0.379
-0.535
-0.658
-0.748
-0.835
-0.921
-0.989
-1.066
-1.114
-1.066
-0.964
-0.894
-0.853
-0.823
-0.817
-0.817
-0.776
-0.69
-0.578
-0.497
-0.465
-0.442
-0.386
-0.333
-0.313
-0.311
-0.288
-0.29
-0.356
-0.431
-0.463
-0.408
-0.299
-0.236
-0.22
-0.186
-0.12
-0.029
0.061
0.104
0.104
0.057
0
-0.054
-0.125
-0.22
-0.331
-0.426
-0.524
-0.628
-0.674
-0.68
-0.694
-0.746
-0.81
-0.826
-0.817
-0.826
-0.844
-0.841
-0.803
-0.751
-0.792
-0.894
-0.923
-0.91
-0.935
-1.016
-1.127
-1.223
-1.27
-1.279
-1.248
-1.189
-1.148
-1.134
-1.145
-1.161
-1.157
-1.105
-1.039
-1.012
-0.975
-0.914
-0.837
-0.748
-0.644
-0.547
-0.465
-0.408
-0.388
-0.399
-0.411
-0.376
-0.352
-0.358
-0.352
-0.313
-0.227
-0.091
0.075
0.259
0.454
0.621
0.728
0.803
0.851
0.864
0.844
0.794
0.742
0.748
0.787
0.823
0.878
0.95
1.055
1.168
1.238
1.227
1.143
1.041
0.966
0.869
0.758
0.717
0.764
0.901
1.034
1.091
1.111
1.145
1.179
1.152
1.066
0.901
0.701
0.572
0.515
0.472
0.463
0.547
0.694
0.885
1.021
1.123
1.25
1.418
1.488
1.381
1.17
0.991
0.86
0.735
0.685
0.764
0.919
1.061
1.121
1.141
1.184
1.245
1.211
1.077
0.923
0.812
0.801
0.864
0.925
0.948
0.982
1.075
1.193
1.293
1.331
1.316
1.279
1.216
1.093
0.914
0.808
0.78
0.792
0.817
0.853
0.864
0.862
0.914
0.993
0.998
0.901
0.71
0.499
0.347
0.229
0.136
0.077
0.057
0.054
0.039
0.05
0.141
0.265
0.311
0.265
0.188
0.132
0.109
0.107
0.145
0.236
0.349
0.513
0.724
0.935
1.127
1.266
1.368
1.4
1.307
1.179
1.168
1.259
1.327
1.354
1.397
1.454
1.52
1.633
1.771
1.901
1.973
1.982
1.98
2.003
2.066
2.13
2.159
2.171
2.164
2.123
2.082
2.066
2.039
1.98
1.874
1.742
1.656
1.585
1.468
1.395
1.409
1.434
1.415
1.384
1.325
1.27
1.25
1.211
1.071
0.803
0.538
0.367
0.302
0.283
0.231
0.154
0.118
0.1
0.02
-0.066
-0.086
-0.07
-0.116
-0.193
-0.227
-0.188
-0.098
-0.002
0.082
0.17
0.249
0.281
0.29
0.29
0.274
0.206
0.098
-0.014
-0.095
-0.125
-0.084
0.05
0.202
0.318
0.415
0.458
0.415
0.322
0.238
0.177
0.134
0.109
0.127
0.231
0.386
0.547
0.685
0.792
0.851
0.823
0.769
0.717
0.685
0.603
0.449
0.293
0.234
0.272
0.322
0.381
0.49
0.637
0.737
0.764
0.737
0.683
