Unnamed: 3
Value
-14.251
-14.798
-15.07
-15.039
-15.045
-15.134
-14.977
-14.528
-14.154
-14.115
-14.215
-14.09
-13.576
-12.977
-12.732
-12.738
-12.534
-12.003
-11.581
-11.681
-12.119
-12.375
-12.171
-11.766
-11.713
-12.11
-12.355
-12.065
-11.623
-11.573
-11.831
-11.89
-11.523
-11.119
-11.164
-11.557
-11.731
-11.555
-11.441
-11.602
-11.772
-11.711
-11.571
-11.611
-11.826
-11.911
-11.684
-11.461
-11.634
-12.119
-12.577
-12.777
-12.802
-12.949
-13.333
-13.677
-13.632
-13.149
-12.654
-12.638
-13.044
-13.381
-13.231
-12.668
-12.242
-12.464
-13.172
-13.61
-13.271
-12.614
-12.505
-13.054
-13.673
-13.834
-13.555
-13.294
-13.514
-14.217
-14.936
-15.145
-14.764
-14.251
-14.159
-14.551
-14.85
-14.448
-13.6
-13.183
-13.602
-14.149
-13.99
-13.203
-12.5
-12.332
-12.672
-12.997
-12.704
-12.047
-11.872
-12.423
-12.981
-13.036
-12.92
-13.038
-13.215
-13.206
-13.042
-12.809
-12.489
-12.051
-11.557
-11.112
-10.846
-10.715
-10.448
-9.858
-9.18
-8.764
-8.716
-8.853
-8.844
-8.474
-7.927
-7.61
-7.696
-7.766
-7.489
-7.208
-7.575
-8.508
-9.059
-8.222
-6.185
-4.584
-4.421
-4.434
-3.448
-2.576
-2.903
-3.135
-1.917
-0.551
-0.853
-1.944
-1.669
-0.054
1.075
0.828
-0.101
-0.581
-0.161
0.528
0.576
-0.047
-0.501
-0.278
0.274
0.537
0.206
-0.213
0.328
1.903
3.191
3.257
3.05
3.833
4.75
4.06
2.494
2.413
3.736
4.171
3.157
2.365
2.96
4.153
4.407
3.459
2.261
1.769
2.265
2.99
2.894
2.315
2.243
2.697
3.193
3.601
3.786
3.443
2.69
2.125
2.227
2.817
3.649
4.5
4.824
4.432
4.012
4.192
4.568
4.373
3.683
3.273
3.293
3.105
2.481
2.064
2.418
2.969
2.66
1.664
1.317
2.098
3.021
3.175
2.956
3.177
3.488
3.037
2.102
1.601
1.751
2.06
2.078
1.846
1.757
2.102
2.776
3.211
2.896
2.073
1.499
1.51
1.783
1.78
1.447
1.401
1.862
2.118
1.742
1.388
1.873
2.96
3.563
3.307
2.869
2.81
3.098
3.338
3.139
2.5
1.755
1.218
1.052
1.202
1.538
1.853
1.839
1.467
1.118
1.088
1.381
1.776
1.843
1.517
1.317
1.624
2.123
2.211
1.658
1.013
0.805
0.927
1.027
0.895
0.539
0.233
0.129
0.131
0.229
0.528
0.907
0.828
0.213
-0.242
-0.067
0.197
-0.202
-1.186
-1.989
-2.177
-1.941
-1.592
-1.403
-1.576
-1.862
-1.837
-1.606
-1.624
-2.139
-2.864
-3.293
-3.296
-3.091
-2.737
-2.275
-1.803
-1.406
-1.274
-1.526
-1.953
-2.415
-3.003
-3.833
-4.729
-5.373
-5.636
-5.604
-5.351
-4.945
-4.638
-4.55
-4.425
-4.155
-4.012
-4.155
-4.332
-4.302
-4.203
-4.31
-4.529
-4.5
-4.041
-3.52
-3.445
-3.836
-4.171
-4.123
-3.937
-4.053
-4.509
-4.956
-5.038
-4.748
-4.466
-4.513
-4.643
-4.402
-3.881
-3.717
-4.284
-5.106
-5.346
-4.943
-4.586
-4.559
-4.447
-3.86
-3.082
-2.771
-3.103
-3.57
-3.717
-3.585
-3.477
-3.502
-3.533
-3.454
-3.375
-3.436
-3.706
-4.115
-4.441
-4.489
-4.447
-4.625
-4.987
-5.192
-5.067
-4.836
-4.713
-4.586
-4.3
-3.874
-3.459
-3.101
-2.812
-2.62
-2.472
-2.39
-2.494
-2.742
-3.014
-3.3
-3.661
-4.012
-4.166
-4.123
-4.003
-3.915
-3.894
-3.872
-3.792
-3.686
-3.577
-3.5
-3.531
-3.565
-3.302
-2.79
-2.393
-2.277
-2.402
-2.631
-2.758
-2.638
-2.323
-1.987
-1.825
-1.898
-2.046
-2.084
-1.944
-1.676
-1.467
-1.419
-1.399
-1.145
-0.696
-0.362
-0.376
-0.676
-0.905
-0.864
-0.716
-0.684
-0.805
-0.834
-0.555
-0.138
0.145
0.365
0.732
1.182
1.469
1.562
1.549
1.556
1.737
2.064
2.273
2.239
2.193
2.295
2.463
2.497
2.436
2.486
2.66
2.676
2.377
2.007
1.855
1.828
1.692
1.474
1.413
1.592
1.785
1.712
1.345
0.818
0.252
-0.208
-0.476
-0.708
-1.043
-1.406
-1.565
-1.427
-1.195
-1.247
-1.667
-2.277
-2.998
-3.76
-4.459
-5.148
-5.927
-6.612
-6.986
-7.147
-7.242
-7.415
-7.63
-7.66
-7.444
-7.22
-7.222
-7.367
-7.349
-7.185
-7.322
-7.878
-8.32
-8.218
-7.828
-7.685
-7.773
-7.633
-7.233
-7.043
-7.206
-7.404
-7.312
-6.834
-6.326
-6.163
-6.199
-5.974
-5.421
-4.987
-5.01
-5.273
-5.373
-5.13
-4.625
-4.112
-3.704
-3.161
-2.265
-1.095
0.036
0.957
1.819
2.665
3.338
3.826
4.33
4.945
5.6
6.026
6.131
6.154
6.283
6.342
6.115
5.682
5.509
5.861
6.344
6.582
6.725
7.111
7.86
8.722
9.415
10.064
10.938
11.987
12.922
13.492
13.657
13.542
13.313
13.102
12.883
12.682
12.722
13.047
13.344
13.566
13.916
14.464
14.993
15.213
15.131
15.02
14.934
14.68
14.222
13.675
13.285
13.258
13.401
13.392
13.353
13.637
14.151
14.506
14.665
14.93
15.388
15.912
16.361
16.644
16.865
17.177
17.461
17.395
16.953
16.488
16.204
15.871
15.338
14.941
14.954
15.175
15.29
15.252
15.143
14.959
14.665
14.195
13.58
13.072
12.941
13.06
13.142
13.237
13.552
14.086
14.623
15.057
15.422
15.821
16.25
16.522
16.488
16.188
15.821
15.453
14.896
13.984
12.879
11.929
11.368
11.175
11.096
11.105
11.543
12.493
13.46
13.95
14.135
14.444
14.832
14.823
14.224
13.319
12.459
11.702
10.872
9.942
9.023
8.345
8.089
8.236
8.558
9.102
10.153
11.627
12.986
13.775
14.108
14.478
14.918
14.894
14.113
13.052
12.31
11.752
10.89
9.751
8.767
8.163
7.959
8.276
8.993
9.42
9.266
9.227
9.865
10.565
10.359
9.345
8.658
8.935
9.481
9.417
8.971
9.03
9.739
10.377
10.509
10.47
10.713
11.039
11.044
10.81
10.94
11.65
12.31
12.237
11.364
10.263
9.556
9.252
8.755
7.85
7.04
6.818
7.109
7.374
7.276
7.079
7.072
7.072
6.911
6.768
6.802
6.948
7.022
6.975
7.113
7.617
8.218
8.585
8.748
9.012
9.515
10
10.084
9.676
9.107
8.524
7.615
6.292
4.893
3.625
2.574
1.819
1.222
0.594
0.045
-0.095
0.312
0.805
0.927
0.961
1.306
1.601
1.284
0.513
-0.197
-0.702
-1.44
-2.785
-4.484
-5.934
-6.914
-7.707
-8.585
-9.383
-9.618
-9.238
-8.796
-8.728
-8.864
-8.807
-8.411
-7.873
-7.496
-7.489
-7.744
-7.884
-7.961
-8.258
-8.758
-9.196
-9.373
-9.257
-8.891
-8.284
-7.372
-6.265
-5.364
-4.919
-4.784
-4.742
-4.911
-5.453
-6.245
-6.8
-6.719
-6.205
-5.813
-5.641
-5.435
-5.196
-5.031
-4.724
-4.019
-3.089
-2.299
-1.626
-0.805
0.183
1
1.562
1.978
2.279
2.536
2.932
3.561
4.103
4.346
4.563
5.219
6.219
6.902
6.845
6.444
6.287
6.337
6.224
5.877
5.5
5.069
4.495
3.885
3.495
3.255
2.831
2.231
1.909
2.209
2.826
3.3
3.575
3.633
3.472
3.531
3.758
3.631
3.393
3.4
3.386
3.309
3.599
3.649
2.649
1.427
1.045
0.814
-0.127
-1.129
-1.719
-2.458
-3.472
-4.375
-5.348
-6.428
-7.272
-7.86
-8.2
-8.12
-7.746
-7.422
-7.163
-6.709
-5.847
-4.937
-4.645
-4.708
-4.398
-3.978
-4.023
-4.023
-3.522
-3.241
-3.579
-4.021
-4.341
-4.865
-5.643
-6.144
-6.326
-6.471
-6.31
-5.711
-5.255
-5.294
-5.446
-5.359
-5.094
-4.695
-4.23
-4.035
-4.033
-3.484
-2.202
-1.238
-0.961
-0.374
0.705
1.501
2.143
3.037
3.928
4.645
5.325
5.968
6.587
7.211
7.766
8.109
8.127
8.05
8.156
8.322
8.333
8.134
7.734
7.247
7.077
7.508
8.122
8.395
8.524
8.971
9.597
10.132
10.609
11.125
11.575
12.063
12.925
14.04
14.952
15.508
15.945
16.318
16.506
16.563
16.581
16.481
16.343
16.288
16.214
16.111
16.134
16.277
16.204
15.828
15.571
15.705
16.089
16.461
16.744
17.162
17.837
18.652
19.464
20.011
20.067
19.927
19.82
19.652
19.296
18.794
18.196
17.677
17.388
17.166
16.674
15.966
15.558
15.635
15.587
15.093
14.653
14.519
14.412
14.308
14.362
14.46
14.474
14.605
14.854
14.954
14.852
14.646
14.211
13.446
12.577
11.897
11.455
10.969
10.239
9.52
9.202
9.202
8.989
8.324
7.503
6.798
6.46
6.576
6.773
6.682
6.519
6.648
6.904
6.94
6.745
6.484
6.249
5.961
5.554
5.13
4.75
4.461
4.234
3.953
3.788
3.894
4.017
3.804
3.402
3.195
3.318
3.506
3.506
3.384
3.277
3.261
3.47
3.824
4.081
4.226
4.396
4.62
4.808
4.838
4.748
4.652
4.529
4.487
4.756
5.267
5.63
5.693
5.628
5.546
5.48
5.509
5.57
5.482
5.314
5.383
5.786
6.317
6.682
6.729
6.49
6.117
5.804
5.643
5.564
5.439
5.401
5.659
6.01
6.144
5.909
5.5
5.28
5.253
5.14
4.967
5.088
5.662
6.419
6.97
7.183
7.235
7.37
7.435
7.211
6.823
6.505
6.229
5.807
5.291
4.927
4.768
4.568
4.155
3.76
3.679
4.035
4.6
4.951
4.999
4.956
4.951
4.901
4.622
4.212
3.908
3.726
3.672
3.815
3.926
3.679
3.318
3.296
3.427
3.261
2.846
2.588
2.572
2.547
2.44
2.576
3.316
4.447
5.19
5.044
4.411
3.883
3.456
2.71
1.583
0.471
-0.183
-0.351
-0.333
-0.394
-0.632
-0.846
-0.726
-0.503
-0.619
-1.109
-1.479
-1.258
-0.481
0.401
1.106
1.891
2.964
3.842
3.885
3.221
2.411
1.654
0.884
0.127
-0.578
-1.177
-1.433
-1.383
-1.472
-1.807
-2.177
-2.468
-2.663
-2.729
-2.948
-3.185
-2.681
-1.349
-0.043
0.637
1.07
1.776
2.55
2.729
2.277
1.744
1.481
1.324
0.989
0.576
0.342
0.521
1.177
1.994
2.368
2.305
2.202
1.98
1.395
0.7
0.267
0.181
0.455
1.032
1.692
2.159
2.463
2.874
3.448
3.792
3.627
3.064
2.558
2.608
3.227
3.826
4.017
4.162
4.634
5.23
5.478
5.206
4.586
3.87
3.477
3.425
3.221
2.663
2.186
1.994
1.885
2.159
2.992
3.597
3.565
3.543
3.953
4.507
4.666
4.012
3.03
3.01
3.924
4.429
4.069
3.729
4.055
4.663
4.927
4.595
3.894
3.189
2.745
2.601
2.771
3.177
3.833
4.761
5.341
4.931
4.155
4.051
4.307
3.949
2.903
2.007
2.078
3.211
4.398
4.377
3.314
2.601
2.898
3.359
3.069
2.236
1.69
1.914
2.928
4.162
4.616
4.094
3.477
3.393
3.593
3.683
3.361
2.635
2
1.894
1.975
1.753
1.554
1.76
1.898
1.676
1.742
2.343
2.774
2.649
2.243
2.018
2.216
2.529
2.447
2.064
1.703
1.49
1.385
1.202
0.734
0.059
-0.555
-0.916
-1.032
-1.208
-1.515
-1.524
-0.739
0.517
1.347
1.284
0.689
0.249
0.229
0.378
0.283
-0.131
-0.437
-0.113
0.539
0.549
-0.333
-1.44
-2.198
-2.749
-3.409
-4.06
-4.081
-3.019
-1.256
0.304
1.19
1.719
2.161
2.118
1.258
0.009
-0.977
-1.347
-1.177
-0.953
-0.95
-0.945
-0.73
-0.592
-0.903
-1.495
-1.885
-1.948
-1.93
-2.023
-2.275
-2.565
-2.812
-3.044
-3.245
-3.227
-2.974
-2.753
-2.835
-3.253
-3.765
-4.083
-4.271
-4.672
-5.31
-5.775
-5.815
-5.641
-5.636
-6.018
-6.562
-6.838
-6.88
-7.324
-8.474
-9.815
-10.545
-10.516
-10.187
-9.847
-9.411
-8.812
-8.286
-8.27
-8.848
-9.536
-9.95
-10.232
-10.649
-11.042
-10.917
-10.146
-9.241
-8.946
-9.402
-10.003
-10.139
-9.912
-9.847
-10.229
-10.751
-10.883
-10.609
-10.287
-10.11
-10.008
-9.701
-9.064
-8.481
-8.24
-7.993
-7.342
-6.437
-5.793
-5.727
-5.929
-5.747
-5.083
-4.513
-4.484
-4.781
-4.838
-4.468
-4.135
-4.384
-5.146
-5.886
-6.12
-5.881
-5.623
-5.518
-5.298
-4.607
-3.663
-3.096
-3.016
-3.03
-2.914
-2.667
-2.488
-2.542
-2.62
-2.488
-2.257
-2.207
-2.57
-3.282
-4.007
-4.527
-4.877
-5.11
-5.144
-4.881
-4.445
-4.039
-3.715
-3.477
-3.375
-3.325
-3.198
-2.785
-1.982
-1.095
-0.517
-0.312
-0.453
-0.682
-0.716
-0.684
-0.859
-1.136
-1.308
-1.338
-1.345
-1.395
-1.359
-1.272
-1.27
-1.15
-0.7
-0.061
0.576
1.048
1.422
1.896
2.404
2.681
2.599
2.247
2.032
2.161
2.323
2.236
2.025
1.851
1.835
1.984
2.068
2.002
2.007
2.311
2.821
3.291
3.686
4.081
4.294
3.994
3.259
2.518
1.928
1.211
0.272
-0.599
-1.102
-1.186
-0.997
-0.923
-1.258
-1.744
-2.023
-2.054
-1.996
-1.835
-1.39
-0.83
-0.601
-0.728
-0.862
-0.866
-0.898
-1.236
-2.12
-3.35
-4.407
-4.947
-5.106
-5.346
-5.791
-6.024
-5.836
-5.428
-5.033
-4.772
-4.593
-4.405
-4.316
-4.416
-4.593
-4.797
-5.058
-5.498
-5.999
-6.036
-5.401
-4.708
-4.5
-4.632
-4.674
-4.487
-4.257
-4.255
-4.552
-4.961
-5.015
-4.527
-3.937
-3.604
-3.289
-2.771
-2.268
-2.17
-2.51
-2.898
-3.064
-3.139
-3.266
-3.4
-3.334
-3.091
-2.98
-3.069
-3.003
-2.56
-2.114
-2.139
-2.508
-2.737
-2.742
-2.79
-2.985
-3.182
-3.185
-3
-2.808
-2.665
-2.522
-2.329
-2.073
-1.867
-1.805
-1.76
-1.598
-1.369
-1.095
-0.778
-0.628
-0.764
-1.023
-1.374
-1.88
-2.526
-3.203
-3.781
-4.194
-4.461
-4.584
-4.547
-4.375
-4.078
-3.643
-3.085
-2.472
-1.921
-1.549
-1.349
-1.003
-0.249
0.66
1.315
1.719
1.944
1.875
1.485
0.947
0.417
-0.138
-0.687
-1.041
-1.179
-1.302
-1.49
-1.619
-1.562
-1.354
-1.145
-0.982
-0.768
-0.497
-0.197
0.099
0.415
0.714
0.796
0.589
0.376
0.394
0.603
0.818
1
1.277
1.64
1.919
2.03
2.048
2
2
2.161
2.377
2.386
2.2
2.089
2.062
1.966
1.755
1.588
1.519
1.461
1.265
0.85
0.424
0.204
0.115
-0.015
-0.256
-0.476
-0.481
-0.304
-0.081
0.258
0.68
1.054
1.431
1.799
2.005
2.023
1.984
2.016
2.116
2.17
2.146
2.17
2.289
2.307
2.038
1.546
1.048
0.658
0.154
-0.517
-0.995
-1.036
-0.945
-1.048
-1.206
-1.091
-0.639
-0.156
0.067
0.117
0.286
0.734
1.254
1.567
1.651
1.742
1.946
2.128
2.057
1.805
1.678
1.787
1.794
1.413
0.773
0.254
0.011
-0.19
-0.519
-0.76
-0.592
-0.122
0.081
-0.172
-0.539
-0.7
-0.83
-1.25
-1.957
-2.631
-2.892
-2.755
-2.651
-2.808
-2.831
-2.368
-1.678
-1.299
-1.445
-1.744
-1.746
-1.562
-1.528
-1.476
-1.154
-0.83
-0.859
-1.2
-1.544
-1.753
-1.898
-2.084
-2.488
-3.082
-3.52
-3.651
-3.729
-3.967
-4.35
-4.674
-4.67
-4.418
-4.307
-4.521
-5.04
-5.55
-5.578
-5.178
-4.827
-4.636
-4.407
-4.101
-3.763
-3.43
-3.205
-3.166
-3.227
-3.273
-3.343
-3.479
-3.595
-3.747
-4.144
-4.804
-5.359
-5.648
-5.924
-6.528
-7.193
-7.517
-7.649
-7.878
-8.184
-8.517
-8.712
-8.495
-8.034
-7.782
-7.628
-7.213
-6.616
-6.197
-6.072
-6.126
-6.097
-5.795
-5.507
-5.641
-6.102
-6.308
-5.891
-5.357
-5.536
-6.362
-6.938
-6.909
-6.795
-7.299
-8.408
-9.37
-9.606
-9.381
-9.415
-9.992
-10.568
-10.577
-10.314
-10.402
-10.783
-10.899
-10.583
-10.325
-10.474
-10.586
-10.105
-9.268
-8.867
-9.196
-9.556
-9.143
-8.388
-8.447
-9.395
-10.25
-10.434
-10.45
-10.992
-12.015
-12.865
-13.19
-13.307
-13.727
-14.41
-14.902
-14.907
-14.698
-14.696
-14.87
-14.787
-14.306
-13.823
-13.75
-14.016
-14.231
-14.195
-14.159
-14.448
-14.904
-15.013
-14.612
-14.167
-14.102
-14.213
-14.038
-13.516
-13.002
-12.909
-13.226
-13.399
-12.979
-12.357
-12.285
-12.838
-13.444
-13.75
-14.027
-14.641
-15.563
-16.506
-17.123
-17.287
-17.164
-17.08
-17.05
-16.762
-15.919
-14.725
-13.703
-12.949
-12.235
-11.507
-10.953
-10.701
-10.656
-10.62
-10.579
-10.765
-11.189
-11.681
-12.076
-12.396
-12.797
-13.273
-13.598
-13.564
-13.262
-13.176
-13.573
-13.998
-14.006
-13.784
-13.757
-14.149
-14.683
-14.836
-14.503
-14.151
-14.179
-14.392
-14.369
-14.038
-13.53
-12.972
-12.491
-12.035
-11.623
-11.466
-11.531
-11.527
-11.348
-11.203
-11.294
-11.686
-11.971
-11.659
-11.039
-10.922
-11.563
-12.382
-12.777
-12.865
-13.165
-13.825
-14.573
-14.979
-14.744
-14.227
-13.998
-14.002
-13.734
-13.138
-12.632
-12.432
-12.232
-11.879
-11.634
-11.495
-11.291
-11.085
-10.91
-10.609
-10.266
-10.123
-10.146
-10.216
-10.311
-10.554
-10.962
-11.36
-11.618
-11.847
-12.106
-12.405
-12.634
-12.439
-11.826
-11.286
-10.999
-10.568
-9.867
-9.268
-9.114
-9.107
-8.778
-8.24
-7.832
-7.596
-7.392
-7.183
-7.036
-6.959
-6.932
-6.898
-6.745
-6.435
-6.015
-5.554
-5.151
-4.738
-4.089
-3.203
-2.409
-2.012
-1.944
-1.764
-1.263
-0.873
-0.893
-1.029
-1.009
-0.941
-1.027
-1.295
-1.535
-1.542
-1.351
-1.202
-1.184
-1.077
-0.646
0.061
0.764
1.24
1.667
2.334
3.239
4.012
4.348
4.257
4.085
4.071
4.067
3.86
3.461
3.125
3.048
3.123
3.078
2.878
2.815
3.016
3.195
2.942
2.431
2.179
2.257
2.345
2.331
2.249
2.182
2.329
2.708
3.114
3.418
3.74
4.278
5.001
5.598
5.92
6.11
6.199
6.217
6.19
6.026
5.648
5.228
4.953
4.706
4.257
3.681
3.214
2.867
2.558
2.325
2.179
2.091
2.234
2.808
3.575
4.105
4.371
4.688
5.151
5.471
5.462
5.267
5.101
5.026
4.854
4.375
3.778
3.372
3.161
2.969
2.731
2.615
2.781
3.109
3.359
3.459
3.45
3.416
3.432
3.386
3.062
2.54
2.107
1.83
1.596
1.361
1.079
0.762
0.469
0.152
-0.215
-0.426
-0.292
0.077
0.394
0.567
0.864
1.401
1.817
1.773
1.51
1.401
1.419
1.236
0.71
0.045
-0.451
-0.655
-0.687
-0.784
-1.032
-1.2
-1.113
-0.939
-0.925
-1.054
-1.088
-0.903
-0.696
-0.737
-1.059
-1.372
-1.406
-1.415
-1.73
-2.136
-2.245
-2.136
-2.139
-2.377
-2.624
-2.592
-2.357
-2.161
-1.978
-1.664
-1.279
-0.984
-0.997
-1.306
-1.628
-1.749
-1.819
-2.094
-2.576
-2.91
-2.851
-2.708
-2.819
-3.148
-3.375
-3.25
-2.924
-2.88
-3.141
-3.248
-3.023
-2.776
-2.755
-2.846
-2.737
-2.431
-2.239
-2.305
-2.447
-2.431
-2.275
-2.247
-2.415
-2.47
-2.223
-1.95
-1.914
-1.955
-1.791
-1.495
-1.397
-1.662
-2.118
-2.468
-2.721
-3.091
-3.774
-4.579
-5.049
-4.977
-4.7
-4.616
-4.539
-4.055
-3.234
-2.588
-2.46
-2.66
-2.667
-2.334
-2.15
-2.554
-3.253
-3.643
-3.774
-4.123
-4.77
-5.403
-5.802
-5.947
-6.002
-6.163
-6.389
-6.516
-6.482
-6.437
-6.505
-6.587
-6.46
-6.084
-5.743
-5.646
-5.625
-5.412
-5.108
-5.119
-5.512
-5.881
-5.911
-5.829
-5.972
-6.219
-6.217
-5.931
-5.641
-5.572
-5.682
-5.797
-5.829
-5.873
-5.938
-5.99
-5.931
-5.632
-5.065
-4.332
-3.695
-3.613
-4.264
-4.756
-4.203
-3.268
-3.121
-3.527
-3.3
-2.202
-1.188
-0.953
-1.27
-1.619
-1.714
-1.572
-1.64
-2.268
-2.797
-2.39
-1.453
-0.853
-0.648
-0.338
0.21
0.676
0.834
0.871
1.059
1.451
1.785
1.63
1.14
1.156
1.703
1.696
0.963
0.718
1.569
2.556
2.669
2.252
2.173
2.701
3.511
3.994
3.838
3.679
4.135
4.772
4.888
4.513
4.302
4.479
4.532
4.091
3.454
3.05
3.06
3.161
2.853
2.084
1.598
1.917
2.39
2.025
0.984
0.252
0.163
0.19
-0.304
-1.193
-1.751
-1.855
-2.177
-3.06
-4.019
-4.357
-4.065
-3.976
-4.493
-4.893
-4.704
-4.334
-4.286
-4.872
-5.99
-6.864
-6.99
-6.968
-7.531
-8.422
-8.841
-8.664
-8.66
-9.266
-10.003
-10.3
-10.257
-10.341
-10.633
-10.754
-10.4
-9.751
-9.241
-8.973
-8.558
-7.893
-7.419
-7.44
-7.569
-7.346
-6.854
-6.516
-6.494
-6.609
-6.677
-6.508
-5.94
-5.085
-4.352
-3.799
-2.982
-1.791
-0.83
-0.449
-0.338
-0.215
-0.101
-0.029
-0.063
-0.097
0.27
1.07
1.878
2.49
3.06
3.724
4.296
4.582
4.885
5.682
6.721
7.46
7.844
8.195
8.716
9.227
9.492
9.554
9.458
9.266
9.209
9.393
9.69
9.903
9.847
9.726
9.917
10.382
10.742
10.904
11.141
11.752
12.654
13.43
13.956
14.235
14.185
13.972
14
14.177
14.147
14.045
14.258
14.721
14.848
14.501
14.261
14.535
14.936
14.993
14.755
14.607
14.916
15.519
15.882
15.828
15.796
16.177
16.735
16.789
16.134
15.453
15.265
15.41
15.619
15.794
15.846
15.794
15.832
15.955
15.966
15.909
15.975
16.102
16.134
16.132
16.406
16.978
17.458
17.64
17.724
17.883
17.93
17.706
17.345
16.978
16.522
15.853
15.125
14.537
14.102
13.771
13.56
13.587
13.938
14.319
14.414
14.503
14.92
15.236
14.748
13.693
12.907
12.607
12.248
11.581
10.992
10.844
11.162
11.631
11.935
12.094
12.409
13.112
13.974
14.422
14.263
13.972
13.829
13.673
13.152
12.065
10.709
9.676
9.016
8.258
7.358
6.866
7.149
7.78
8.159
8.465
9.238
10.409
11.373
11.684
11.561
11.547
11.774
11.758
11.171
10.298
9.628
9.311
9.188
9.036
8.776
8.535
8.592
9.052
9.61
9.919
10.068
10.384
10.831
10.994
10.62
10
9.497
9.062
8.474
7.836
7.489
7.444
7.29
6.922
6.805
7.111
7.496
7.696
7.737
7.866
8.263
8.81
9.234
9.52
9.923
10.579
11.223
11.445
11.234
10.849
10.504
10.175
9.697
8.951
8.168
7.726
7.644
7.505
6.927
6.192
5.829
5.743
5.399
4.698
4.121
4.173
4.656
4.906
4.822
5.019
5.791
6.512
6.512
6.008
5.857
6.172
6.084
5.14
3.999
3.291
2.864
2.236
1.306
0.356
-0.208
-0.324
-0.469
-1.222
-2.476
-3.5
-3.999
-4.525
-5.68
-7.17
-8.297
-8.925
-9.524
-10.406
-11.228
-11.4
-11.005
-10.89
-11.409
-11.758
-11.099
-9.887
-9.32
-9.44
-9.018
-7.517
-5.797
-4.847
-4.77
-4.917
-4.779
-4.634
-5.051
-6.036
-6.902
-7.201
-7.354
-7.816
-8.34
-8.574
-8.63
-8.755
-9.125
-9.69
-10.11
-10.132
-9.982
-9.937
-9.862
-9.238
-7.966
-6.695
-5.779
-4.625
-2.755
-0.526
1.297
2.494
3.677
5.412
7.229
8.295
8.578
8.74
9.005
8.946
8.29
7.374
6.584
6.058
5.783
5.623
5.319
4.711
3.836
2.853
1.964
1.313
0.818
0.333
-0.043
0.086
0.987
2.413
3.91
5.219
6.444
7.943
9.672
10.926
11.394
11.38
11.262
11.302
11.325
10.711
9.214
7.651
6.635
5.432
3.502
1.656
0.453
-0.837
-2.699
-4.475
-5.548
-6.403
-7.521
-8.469
-8.801
-8.946
-9.268
-9.202
-8.547
-7.95
-7.531
-6.954
-6.476
-6.201
-5.625
-4.829
-4.16
-3.354
-2.249
-1.413
-1.093
-0.887
-0.739
-1.229
-2.357
-3.309
-3.881
-4.815
-6.052
-6.832
-7.412
-8.308
-9.057
-9.27
-9.52
-10.068
-10.357
-10.207
-9.858
-9.075
-7.553
-5.779
-4.286
-2.779
-1.122
0.186
1.32
2.697
3.906
4.529
4.879
5.559
6.573
7.422
7.846
8.154
8.349
8.111
7.583
7.045
6.573
6.279
6.108
5.829
5.536
5.451
5.528
5.582
5.607
5.839
6.376
7.095
8.011
9.078
9.88
10.368
11.107
12.224
13.247
13.952
14.508
14.918
15.149
15.642
16.656
17.618
17.867
17.763
18.235
19.33
19.941
19.176
17.62
16.554
16.427
16.551
15.903
14.48
13.46
13.753
14.932
15.678
15.34
14.709
14.753
15.46
16.293
16.926
17.658
18.924
20.528
21.809
22.583
23.204
23.753
23.678
22.585
21.05
20.015
19.566
19.076
18.035
16.526
15.42
15.27
15.399
14.93
13.974
13.383
13.552
13.995
14.088
13.797
13.421
13.149
12.972
12.811
12.566
12.303
12.047
11.711
11.31
10.99
10.874
10.788
10.316
9.198
7.977
7.36
7.301
7.263
6.866
6.36
6.181
6.358
6.435
6.09
5.414
4.815
4.402
3.94
3.359
2.864
2.497
2.277
2.347
2.431
2.323
2.249
2.424
2.645
2.656
2.515
2.534
2.769
3.039
3.182
3.227
3.293
3.583
4.107
4.555
4.79
4.974
5.119
5.085
4.802
4.387
4.065
3.854
3.656
3.556
3.677
3.854
4.003
4.25
4.461
4.384
4.205
4.218
4.284
4.232
4.305
4.704
5.208
5.602
6.076
6.596
6.814
6.689
6.553
6.494
6.326
5.972
5.6
5.307
5.114
5.031
5.029
4.951
4.818
4.784
4.795
4.658
4.434
4.337
4.411
4.489
4.656
4.992
5.343
5.539
5.582
5.534
5.466
5.541
5.723
5.759
5.552
5.303
5.076
4.861
4.708
4.618
4.588
4.734
5.188
5.67
5.789
5.657
5.783
6.058
5.77
4.924
4.384
4.505
4.692
4.434
3.949
3.824
4.296
4.901
5.067
4.695
4.278
4.189
4.182
3.842
3.264
3.008
3.304
3.742
3.681
3.185
2.978
3.43
3.949
3.729
2.962
2.606
2.94
3.069
2.249
0.991
0.276
0.354
0.487
0.063
-0.612
-0.698
-0.025
0.601
0.571
0.254
0.383
1.007
1.598
1.814
1.833
1.859
1.987
2.198
2.209
1.814
1.227
0.83
0.557
0.143
-0.437
-0.744
-0.531
-0.378
-0.73
-1.154
-0.991
-0.312
0.195
0
-0.37
0.043
1.158
1.978
2.036
1.987
2.431
3.087
3.45
3.438
3.103
2.595
2.268
2.195
2.179
2.007
1.678
1.367
1.232
1.32
1.628
1.925
1.894
1.714
1.651
1.703
1.744
1.719
1.635
1.492
1.415
1.572
1.937
2.204
2.302
2.44
2.729
3.182
3.559
3.593
3.409
3.346
3.427
3.585
3.77
3.865
3.846
3.747
3.681
3.635
3.436
3.039
2.719
2.608
2.456
2.134
1.885
2.018
2.384
2.724
2.96
3.214
3.627
4.096
4.307
4.153
4.033
4.242
4.568
4.593
4.468
4.561
4.897
5.226
5.319
5.103
4.856
4.922
5.101
5.008
4.582
4.107
3.876
3.824
3.69
3.463
3.255
3.105
3.064
2.987
2.821
2.724
2.765
2.817
2.819
2.824
2.928
3.159
3.348
3.404
3.472
3.706
4.051
4.305
4.276
4.081
3.931
3.804
3.563
3.105
2.393
1.628
1.19
1.195
1.331
1.174
0.664
0.217
0.145
0.278
0.331
0.188
-0.079
-0.186
0.147
0.812
1.388
1.654
1.794
2.028
2.339
2.472
2.234
1.685
1.063
0.632
0.388
0.079
-0.449
-0.987
-1.293
-1.422
-1.594
-1.821
-1.921
-1.851
-1.721
-1.598
-1.438
-1.156
-0.812
-0.56
-0.583
-0.739
-0.732
-0.519
-0.308
-0.267
-0.437
-0.621
-0.587
-0.465
-0.553
-0.857
-1.079
-1.068
-1.007
-1.132
-1.331
-1.413
-1.409
-1.438
-1.481
-1.449
-1.322
-1.052
-0.632
-0.274
-0.208
-0.449
-0.814
-1.198
-1.583
-2.023
-2.572
-3.143
-3.518
-3.617
-3.667
-3.817
-4.007
-4.069
-3.955
-3.754
-3.563
-3.493
-3.609
-3.783
-3.812
-3.738
-3.94
-4.647
-5.594
-6.383
-6.909
-7.306
-7.818
-8.435
-8.877
-8.998
-8.98
-9.098
-9.411
-9.887
-10.377
-10.719
-10.824
-10.751
-10.588
-10.458
-10.37
-10.227
-9.937
-9.572
-9.284
-9.216
-9.327
-9.341
-9.12
-8.982
-9.188
-9.592
-9.901
-10.042
-10.039
-10.068
-10.364
-10.758
-10.872
-10.613
-10.275
-10.171
-10.223
-10.08
-9.499
-8.612
-7.773
-7.197
-6.643
-5.861
-4.953
-4.255
-3.949
-3.946
-3.926
-3.713
-3.482
-3.477
-3.738
-4.035
-4.226
-4.429
-4.738
-5.047
-5.214
-5.321
-5.417
-5.414
-5.246
-4.945
-4.516
-4.065
-3.67
-3.23
-2.651
-2.048
-1.628
-1.538
-1.601
-1.601
-1.576
-1.635
-1.814
-2.13
-2.472
-2.681
-2.805
-3.028
-3.33
-3.527
-3.531
-3.416
-3.332
-3.32
-3.291
-3.157
-2.855
-2.381
-1.833
-1.268
-0.705
-0.249
0.083
0.517
1.317
2.182
2.193
0.968
-0.549
-1.177
-0.963
-0.887
-1.077
-0.515
1.202
2.797
2.876
1.921
1.361
1.427
1.245
0.431
-0.383
-0.388
0.612
2.023
2.998
3.356
3.504
3.536
3.209
2.379
1.25
0.589
0.937
1.644
1.726
1.556
2.161
3.25
3.377
2.08
0.81
0.927
1.78
1.835
0.975
0.507
1.158
1.991
1.803
0.794
0.051
0.036
0.093
-0.478
-1.51
-2.239
-2.442
-2.586
-3.091
-3.852
-4.318
-4.221
-3.817
-3.336
-2.647
-1.685
-0.782
-0.507
-1.277
-2.681
-3.79
-4.255
-4.706
-5.5
-5.981
-5.417
-4.216
-3.704
-4.45
-5.505
-5.773
-5.534
-5.797
-6.484
-6.521
-5.654
-4.684
-4.239
-4.164
-4.001
-3.601
-3.282
-3.318
-3.591
-3.665
-3.334
-2.885
-2.851
-3.237
-3.5
-3.495
-3.806
-4.777
-5.875
-6.281
-5.682
-4.758
-4.471
-4.806
-4.818
-4.081
-3.422
-3.679
-4.266
-3.931
-2.631
-1.488
-1.129
-1.039
-0.702
-0.473
-0.975
-2.259
-3.749
-4.795
-5.276
-5.552
-5.686
-5.24
-4.171
-3.203
-3.137
-3.84
-4.377
-4.103
-3.234
-2.413
-2.023
-1.843
-1.546
-1.299
-1.522
-2.234
-2.905
-3.107
-3.014
-3.046
-3.253
-3.241
-2.831
-2.347
-2.227
-2.404
-2.481
-2.32
-2.025
-1.687
-1.195
-0.401
0.635
1.458
1.692
1.469
1.088
0.673
0.111
-0.594
-1.15
-1.195
-0.771
-0.258
0.009
0.181
0.592
1.041
1.161
0.995
0.875
0.977
1.154
1.206
1.293
1.63
2.159
2.613
2.769
2.69
2.606
2.635
2.62
2.368
1.941
1.526
1.158
0.721
0.242
-0.038
0.125
0.626
1.073
1.208
1.252
1.528
1.894
1.964
1.698
1.365
1.186
1.184
1.385
1.871
2.456
2.79
2.656
2.116
1.465
0.812
0.097
-0.798
-1.596
-1.767
-1.261
-0.626
-0.358
-0.437
-0.494
-0.32
-0.161
-0.274
-0.578
-0.823
-0.868
-0.666
-0.267
0.265
0.81
1.195
1.345
1.365
1.435
1.606
1.614
1.222
0.682
0.394
0.374
0.328
0.165
0.018
0.161
0.635
1.091
1.172
1.005
0.932
0.989
0.841
0.294
-0.37
-0.83
-0.991
-0.927
-0.83
-0.859
-1.061
-1.388
-1.667
-1.771
-1.812
-1.923
-1.994
-1.753
-1.043
-0.072
0.758
1.198
1.254
1.122
1.095
1.143
0.971
0.399
-0.451
-1.27
-1.796
-2.17
-2.831
-3.86
-4.831
-5.362
-5.462
-5.321
-5.148
-5.019
-4.786
-4.296
-3.69
-3.3
-3.171
-3.06
-2.708
-2.179
-1.594
-0.971
-0.453
-0.331
-0.637
-1.095
-1.417
-1.672
-2.109
-2.747
-3.28
-3.414
-3.211
-3.137
-3.448
-3.894
-4.141
-4.239
-4.484
-4.99
-5.512
-5.789
-5.741
-5.514
-5.409
-5.493
-5.409
-5.006
-4.595
-4.389
-4.182
-3.724
-3.13
-2.817
-3.019
-3.477
-3.828
-4.067
-4.443
-5.001
-5.514
-5.811
-6.008
-6.21
-6.276
-6.044
-5.839
-6.088
-6.584
-6.807
-6.682
-6.687
-7.065
-7.523
-7.723
-7.689
-7.635
-7.667
-7.832
-8.15
-8.453
-8.583
-8.506
-8.515
-8.76
-8.957
-8.774
-8.408
-8.25
-8.236
-8.075
-7.744
-7.601
-7.893
-8.32
-8.537
-8.674
-8.989
-9.445
-9.767
-9.844
-9.899
-10.171
-10.545
-10.894
-11.382
-12.033
-12.702
-13.249
-13.723
-14.283
-14.82
-14.998
-14.771
-14.458
-14.274
-14.165
-13.982
-13.653
-13.317
-13.138
-13.024
-12.836
-12.523
-12.151
-11.892
-11.836
-11.904
-12.019
-12.156
-12.473
-13.152
-13.97
-14.458
-14.678
-15.109
-15.848
-16.393
-16.356
-16.134
-16.254
-16.495
-16.259
-15.597
-15.043
-14.886
-14.87
-14.596
-14.199
-14.113
-14.367
-14.571
-14.354
-13.771
-13.315
-13.224
-13.21
-12.927
-12.396
-12.015
-12.133
-12.53
-12.668
-12.371
-12.076
-12.264
-12.77
-13.044
-12.917
-12.838
-13.305
-14.072
-14.446
-14.426
-14.639
-15.24
-15.685
-15.515
-14.975
-14.669
-14.83
-14.95
-14.451
-13.594
-13.199
-13.373
-13.126
-11.901
-10.797
-11.001
-11.919
-12.06
-11.089
-10.193
-10.458
-11.634
-12.666
-12.913
-12.688
-12.888
-13.893
-14.934
-15.193
-14.836
-14.585
-14.691
-14.898
-14.864
-14.428
-13.711
-13.106
-12.938
-12.995
-12.872
-12.519
-12.222
-12.115
-12.119
-12.099
-11.915
-11.67
-11.615
-11.845
-12.158
-12.328
-12.382
-12.498
-12.593
-12.525
-12.382
-12.341
-12.337
-12.266
-12.171
-12.137
-12.28
-12.598
-12.807
-12.716
-12.498
-12.382
-12.491
-12.622
-12.509
-12.321
-12.401
-12.745
-12.941
-12.757
-12.373
-11.953
-11.45
-10.896
-10.536
-10.461
-10.336
-9.76
-8.867
-8.177
-7.805
-7.338
-6.49
-5.662
-5.498
-6.028
-6.669
-6.914
-7.025
-7.412
-7.902
-8.102
-7.893
-7.376
-6.888
-6.709
-6.664
-6.301
-5.475
-4.713
-4.455
-4.284
-3.5
-2.132
-0.789
0.07
0.505
0.909
1.472
1.835
1.533
0.929
0.918
1.554
2.014
1.869
1.596
1.676
1.894
1.83
1.393
0.81
0.576
0.923
1.367
1.383
1.122
1.193
1.712
2.249
2.447
2.468
2.761
3.504
4.341
4.704
4.563
4.468
4.788
5.285
5.443
5.124
4.702
4.491
4.402
4.286
4.146
3.974
3.844
3.862
3.915
3.826
3.697
3.758
3.987
4.173
4.28
4.495
4.842
4.972
4.65
4.166
3.849
3.604
3.225
2.833
2.731
2.824
2.808
2.69
2.626
2.635
2.721
2.982
3.436
3.94
4.405
4.795
5.08
5.353
5.584
5.375
4.616
3.749
3.078
2.436
1.703
1.202
1.184
1.417
1.551
1.476
1.363
1.29
1.1
0.848
0.784
0.968
1.236
1.596
2.096
2.586
2.86
2.976
3.023
2.994
2.753
2.204
1.703
1.544
1.519
1.374
1.227
1.236
1.281
1.15
0.907
0.85
1.045
1.234
1.284
1.252
1.188
1.116
1.077
1.013
0.862
0.71
0.664
0.728
0.748
0.513
0.002
-0.401
-0.467
-0.426
-0.612
-0.898
-0.891
-0.607
-0.328
-0.143
-0.002
0.031
-0.125
-0.453
-0.921
-1.377
-1.508
-1.234
-0.905
-0.798
-0.739
-0.596
-0.605
-0.907
-1.281
-1.596
-1.978
-2.359
-2.508
-2.522
-2.62
-2.701
-2.61
-2.54
-2.645
-2.81
-2.934
-3.032
-3.103
-3.161
-3.175
-3.06
-2.819
-2.588
-2.49
-2.375
-2.052
-1.739
-1.849
-2.281
-2.629
-2.801
-2.932
-3.161
-3.577
-4.085
-4.443
-4.489
-4.425
-4.4
-4.366
-4.226
-3.999
-3.844
-3.794
-3.751
-3.713
-3.722
-3.724
-3.62
-3.406
-3.234
-3.205
-3.354
-3.654
-3.946
-4.117
-4.312
-4.593
-4.716
-4.547
-4.278
-4.033
-3.906
-4.017
-4.26
-4.382
-4.407
-4.493
-4.613
-4.65
-4.591
-4.461
-4.33
-4.3
-4.429
-4.593
-4.555
-4.375
-4.362
-4.625
-4.913
-4.915
-4.656
-4.507
-4.679
-4.987
-5.182
-5.226
-5.219
-5.258
-5.351
-5.439
-5.448
-5.328
-4.985
-4.475
-4.053
-3.924
-3.967
-3.933
-3.763
-3.572
-3.52
-3.683
-4.01
-4.257
-4.271
-4.218
-4.296
-4.407
-4.326
-4.039
-3.804
-3.799
-3.878
-3.744
-3.343
-2.882
-2.574
-2.357
-1.957
-1.422
-1.143
-1.145
-1.111
-1.018
-1.129
-1.472
-1.764
-1.865
-1.887
-1.953
-2.036
-1.95
-1.583
-1.12
-0.825
-0.594
-0.281
0.041
0.233
0.41
0.702
1.027
1.32
1.59
1.757
1.696
1.585
1.726
2.012
2.028
1.701
1.479
1.592
1.835
1.907
1.896
2.057
2.452
2.794
2.948
3.064
3.177
3.135
2.898
2.604
2.372
2.245
2.116
1.944
1.88
1.996
2.12
2.148
2.114
2.098
2.154
2.207
2.184
2.152
2.054
1.773
1.356
0.961
0.565
0.093
-0.435
-0.997
-1.642
-2.436
-3.298
-4.012
-4.497
-4.895
-5.253
-5.451
-5.521
-5.543
-5.539
-5.6
-5.789
-6.056
-6.342
-6.582
-6.764
-7.02
-7.394
-7.635
-7.476
-7.052
-6.771
-6.779
-6.818
-6.598
-6.289
-6.226
-6.331
-6.305
-6.06
-5.793
-5.723
-5.734
-5.636
-5.686
-6.147
-6.698
-6.832
-6.635
-6.584
-6.761
-6.838
-6.539
-5.827
-4.881
-4.017
-3.332
-2.674
-1.878
-0.947
-0.161
0.286
0.619
1.091
1.674
2.249
2.595
2.638
2.651
2.91
3.384
3.87
4.226
4.479
4.645
4.829
5.162
5.528
5.707
5.868
6.301
6.909
7.456
7.862
8.127
8.295
8.415
8.521
8.703
8.987
9.44
10.087
10.785
11.439
12.119
12.702
13.011
13.04
13.067
13.349
13.773
14.201
14.643
14.952
14.918
14.694
14.526
14.438
14.154
13.546
13.074
13.147
13.528
13.809
13.929
14.143
14.703
15.313
15.481
15.31
15.279
15.545
15.88
16.141
16.475
16.849
17.03
16.994
16.839
16.558
16.261
16.116
16.146
16.211
16.27
16.472
16.944
17.45
17.651
17.647
17.743
17.914
17.787
17.211
16.542
16.143
15.776
14.957
13.816
12.891
12.43
12.2
12.033
12.09
12.548
13.335
14.235
15.089
15.73
16.111
16.266
16.268
16.256
16.268
16.256
16.037
15.481
14.694
13.863
13.036
12.301
11.86
11.686
11.681
11.876
12.296
12.693
12.804
12.654
12.473
12.303
11.937
11.144
10.128
9.556
9.443
9.209
8.875
9.148
10.11
11.001
11.341
11.475
11.956
12.851
13.832
14.127
13.351
12.546
12.927
13.666
12.795
10.343
8.34
7.991
8.385
8.447
8.292
8.2
8.174
8.471
9.086
9.474
9.427
9.373
9.602
9.801
9.681
9.44
9.112
8.49
7.621
6.737
6.187
6.544
7.66
8.467
8.694
9.367
10.946
12.355
12.532
11.997
11.917
12.287
12.326
11.824
11.026
10.076
9.102
8.218
7.328
6.476
6.002
5.849
5.584
5.182
5.042
5.208
5.432
5.693
5.974
6.144
6.273
6.616
7.161
7.553
7.734
8.104
8.728
9.25
9.61
9.871
9.905
9.576
8.966
8.463
8.487
8.903
8.925
7.893
6.305
5.253
4.761
3.976
2.721
1.483
0.628
0.262
0.267
0.276
-0.025
-0.678
-1.377
-1.955
-2.681
-3.591
-4.355
-4.754
-4.858
-5.124
-5.943
-6.88
-7.204
-7.109
-7.575
-8.771
-9.42
-8.526
-6.988
-6.346
-6.755
-7.322
-7.662
-8.256
-9.327
-10.524
-11.475
-12.063
-12.305
-12.226
-11.716
-10.826
-10.071
-9.685
-9.386
-8.955
-8.537
-8.22
-7.93
-7.639
-7.406
-7.104
-6.508
-5.984
-6.138
-6.7
-6.918
-6.759
-6.802
-7.018
-6.739
-5.632
-4.223
-3.096
-2.354
-1.778
-1
0.047
0.977
1.449
1.712
2.241
3.175
4.007
4.216
4.044
4.157
4.742
5.351
5.57
5.616
6.052
6.993
7.839
7.814
6.909
6.063
5.845
5.625
4.804
4.053
4.2
5.019
5.698
5.945
6.106
6.292
6.181
5.704
5.167
4.684
4.443
4.686
4.788
4.094
3.123
2.508
1.835
0.816
0.036
-0.458
-1.093
-1.499
-1.302
-1.322
-1.93
-2.173
-1.939
-2.52
-4.078
-5.017
-4.983
-5.13
-5.829
-6.255
-6.129
-6.031
-6.047
-6.108
-6.609
-7.33
-7.133
-6.199
-5.761
-5.716
-5.162
-4.321
-4.081
-4.475
-5.049
-5.693
-6.346
-6.632
-6.544
-6.716
-7.07
-6.727
-5.958
-5.743
-5.818
-5.532
-5.172
-4.949
-4.495
-3.724
-3.078
-2.687
-2.032
-1.07
-0.356
0.29
1.186
1.567
1.311
1.456
2.094
2.62
3.125
3.862
4.532
4.897
5.462
6.737
8.095
8.622
8.63
8.814
9.15
9.508
9.763
9.528
8.877
8.471
8.549
8.703
8.633
8.664
9.055
9.574
10.173
10.996
11.734
12.137
12.369
12.584
12.736
12.952
13.401
13.854
14.147
14.625
15.513
16.325
16.596
16.472
16.18
15.74
15.42
15.37
15.181
14.753
14.605
15.034
15.539
15.787
15.909
15.998
16.134
16.447
16.887
17.234
17.468
17.708
18.062
18.35
18.536
18.743
18.818
18.718
18.79
19.053
19.11
18.815
18.275
17.792
17.422
16.976
16.504
16.134
15.724
15.329
15.284
15.49
15.563
15.374
15.068
14.812
14.555
14.12
13.458
12.643
11.983
11.82
11.956
11.99
11.79
11.366
10.833
10.368
9.944
9.359
8.698
8.2
7.826
7.451
7.179
6.902
6.432
5.891
5.539
5.399
5.369
5.38
5.31
5.047
4.754
4.736
4.867
4.666
4.157
3.808
3.84
4.031
4.101
3.962
3.74
3.641
3.751
3.978
3.985
3.77
3.72
3.992
4.375
4.65
4.84
5.128
5.646
6.179
6.38
6.179
5.891
5.775
5.664
5.351
5.049
5.003
5.001
5.019
5.321
5.625
5.237
4.359
4.078
4.534
4.7
4.173
3.706
3.774
4.226
4.813
5.235
5.357
5.55
6.076
6.664
6.952
6.979
6.856
6.621
6.444
6.326
6.02
5.401
4.734
4.368
4.071
3.461
2.953
3.25
3.888
3.772
3.082
2.932
3.561
4.182
4.443
4.65
4.967
5.536
6.394
6.841
6.464
6.049
6.115
6.435
6.446
5.899
5.317
5.283
5.502
5.301
4.766
4.312
4.305
4.602
4.545
3.922
3.382
3.45
3.738
3.604
3.098
2.855
3.05
3.314
3.338
3.116
2.763
2.583
2.882
3.187
2.95
2.599
2.671
2.96
3.201
3.42
3.659
3.974
4.282
4.382
4.248
3.971
3.545
3.064
2.544
1.901
1.367
1.106
0.957
0.734
0.444
0.159
-0.081
-0.262
-0.37
-0.242
0.145
0.639
1.068
1.39
1.825
2.393
2.921
3.257
3.341
3.127
2.705
2.243
1.817
1.39
0.848
0.378
0.083
-0.24
-0.63
-0.739
-0.637
-0.637
-0.708
-0.714
-0.412
0.081
0.383
0.302
0.117
0.202
0.642
1.122
1.214
0.945
0.642
0.617
0.871
0.955
0.539
0.02
0.004
0.383
0.646
0.455
0.136
0.059
0.206
0.34
0.296
0.109
-0.038
0.131
0.739
1.569
2.08
2.128
2.252
2.651
2.765
2.452
2.436
3.145
3.899
3.999
3.763
3.686
3.715
3.456
2.665
1.497
0.517
0.252
0.617
1.039
1.277
1.787
2.953
4.323
5.142
5.31
5.323
5.727
6.408
6.653
6.108
5.432
5.31
5.212
4.302
2.998
2.442
2.64
2.592
2.018
1.66
1.984
2.604
2.94
2.826
2.692
3.132
4.2
5.138
5.387
5.473
6.04
6.646
6.539
5.809
5.022
4.529
4.119
3.559
2.992
2.758
3.107
3.738
3.77
2.994
2.325
2.454
2.858
2.667
2.125
2.211
3.119
3.989
4.115
3.659
3.402
3.69
3.817
2.998
1.698
1.095
1.476
2.075
2.116
1.685
1.472
1.814
2.261
2.12
1.329
0.696
0.898
1.481
1.576
1.198
1.136
1.572
1.724
1.158
0.365
0.041
0.296
0.557
0.34
-0.025
0.018
0.374
0.587
0.485
0.154
-0.286
-0.748
-1.05
-1.164
-1.385
-1.807
-1.859
-1.34
-1.111
-1.669
-2.227
-2.032
-1.594
-1.771
-2.313
-2.311
-1.63
-1.057
-1.136
-1.474
-1.381
-0.884
-0.449
-0.365
-0.601
-0.973
-1.308
-1.533
-1.773
-2.157
-2.492
-2.44
-1.95
-1.429
-1.17
-0.987
-0.562
-0.065
0.059
-0.226
-0.66
-1.174
-1.812
-2.445
-2.887
-3.161
-3.466
-3.91
-4.3
-4.366
-4.112
-3.87
-3.91
-4.105
-4.062
-3.697
-3.359
-3.427
-3.844
-4.178
-4.284
-4.425
-4.732
-5.24
-5.854
-6.419
-6.952
-7.617
-8.377
-9.034
-9.37
-9.436
-9.64
-10.068
-10.295
-10.087
-9.789
-9.862
-10.279
-10.488
-10.239
-9.908
-9.86
-9.974
-9.805
-9.175
-8.499
-8.184
-8.129
-8.023
-7.786
-7.66
-8.005
-8.796
-9.544
-9.844
-9.81
-9.799
-9.935
-10.03
-9.847
-9.407
-8.98
-8.698
-8.372
-7.855
-7.254
-6.764
-6.419
-6.144
-5.906
-5.646
-5.248
-4.768
-4.402
-4.057
-3.627
-3.38
-3.536
-3.867
-4.105
-4.271
-4.466
-4.656
-4.824
-4.999
-5.114
-5.031
-4.797
-4.611
-4.541
-4.393
-4.01
-3.504
-3.187
-3.177
-3.273
-3.161
-2.742
-2.302
-2.143
-2.249
-2.347
-2.289
-2.227
-2.415
-2.878
-3.364
-3.627
-3.599
-3.434
-3.309
-3.026
-2.302
-1.363
-0.628
-0.136
0.186
0.356
0.344
0.231
0.061
-0.125
-0.242
-0.315
-0.399
-0.419
-0.247
-0.025
0.047
0.047
0.195
0.497
0.83
1.174
1.467
1.656
1.837
2.016
1.962
1.814
1.843
1.939
1.889
1.604
1.279
1.17
1.184
1.077
0.88
0.784
0.966
1.388
1.717
1.789
1.878
2.257
2.826
3.159
3.107
2.95
2.831
2.581
1.941
0.796
-0.449
-1.14
-1.297
-1.533
-2.107
-2.513
-2.315
-1.946
-2.041
-2.436
-2.544
-2.4
-2.434
-2.885
-3.454
-3.599
-3.193
-2.781
-2.724
-2.758
-2.411
-1.83
-1.574
-1.794
-2.089
-2.13
-1.959
-1.739
-1.628
-1.742
-2.066
-2.576
-3.253
-4.076
-4.89
-5.43
-5.632
-5.783
-6.068
-6.21
-5.888
-5.228
-4.756
-4.652
-4.407
-3.611
-2.606
-1.994
-2.005
-2.273
-2.323
-2.164
-2.109
-2.257
-2.413
-2.404
-2.37
-2.588
-3.087
-3.559
-3.756
-3.729
-3.699
-3.822
-3.989
-4.019
-3.908
-3.826
-3.778
-3.418
-2.579
-1.791
-1.703
-2.218
-2.679
-2.669
-2.658
-3.298
-4.337
-4.893
-4.682
-4.25
-4.18
-4.384
-4.266
-3.72
-3.291
-3.302
-3.491
-3.468
-3.135
-2.742
-2.542
-2.422
-2.07
-1.542
-1.182
-1.091
-1.1
-0.989
-0.85
-1.043
-1.735
-2.558
-3.073
-3.3
-3.577
-3.976
-4.153
-3.881
-3.466
-3.314
-3.354
-3.201
-2.538
-1.524
-0.7
-0.242
0.265
1.025
1.809
2.404
2.849
3.227
3.402
3.173
2.608
2.041
1.669
1.476
1.234
0.798
0.283
-0.204
-0.51
-0.526
-0.476
-0.471
-0.358
-0.063
0.252
0.378
0.362
0.447
0.821
1.299
1.585
1.742
1.978
2.257
2.395
2.47
2.663
2.894
2.946
2.821
2.656
2.638
2.681
2.51
2.168
1.987
2.007
1.914
1.565
1.12
0.71
0.365
0.075
-0.075
-0.081
-0.107
-0.252
-0.437
-0.569
-0.562
-0.433
-0.344
-0.244
0.051
0.533
0.982
1.343
1.68
1.935
2.038
2.086
2.13
2.132
2.03
1.921
1.928
1.885
1.56
1.082
0.773
0.655
0.539
0.403
0.32
0.26
0.075
-0.222
-0.351
-0.226
-0.113
-0.222
-0.333
-0.267
-0.136
-0.149
-0.362
-0.623
-0.832
-1.156
-1.783
-2.263
-1.612
0.152
1.359
1.113
0.973
2.447
3.836
2.377
-1.088
-2.956
-2.034
-0.862
-1.651
-3.214
-3.048
-0.857
0.913
0.152
-2.193
-3.452
-2.969
-2.769
-4.06
-5.267
-4.452
-2.114
-0.51
-0.755
-1.71
-1.706
-0.684
-0.333
-1.839
-3.878
-4.067
-2.329
-1.118
-1.857
-2.994
-2.586
-1.122
-0.666
-1.817
-3.105
-3.089
-2.132
-1.839
-2.819
-3.704
-3.187
-2.091
-2.007
-3.008
-3.622
-3.101
-2.518
-3.026
-4.196
-4.917
-4.931
-4.845
-5.196
-5.686
-5.502
-4.402
-3.198
-2.713
-2.715
-2.46
-1.889
-1.794
-2.592
-3.583
-3.824
-3.4
-3.219
-3.688
-4.099
-3.708
-2.998
-3.171
-4.457
-5.807
-6.26
-6.183
-6.578
-7.555
-8.211
-7.891
-7.079
-6.782
-7.34
-7.968
-7.764
-6.918
-6.512
-6.95
-7.33
-6.922
-6.271
-6.263
-6.884
-7.433
-7.544
-7.401
-7.435
-7.828
-8.166
-7.995
-7.628
-7.791
-8.551
-9.152
-9.18
-9.086
-9.481
-10.114
-10.248
-9.792
-9.454
-9.767
-10.511
-11.053
-11.094
-10.996
-11.28
-12.024
-12.688
-12.727
-12.269
-11.976
-12.264
-12.831
-13.042
-12.696
-12.258
-12.158
-12.219
-12.069
-11.854
-11.915
-12.203
-12.353
-12.382
-12.677
-13.242
-13.508
-13.149
-12.627
-12.534
-13.07
-13.904
-14.63
-15.24
-15.98
-16.907
-17.876
-18.525
-18.507
-17.932
-17.239
-16.726
-16.3
-15.631
-14.782
-14.181
-13.945
-13.745
-13.401
-13.024
-12.786
-12.643
-12.448
-12.276
-12.337
-12.638
-12.917
-13.076
-13.335
-13.904
-14.662
-15.175
-15.245
-15.218
-15.44
-15.696
-15.447
-14.694
-13.913
-13.389
-12.974
-12.523
-12.11
-11.897
-11.951
-12.164
-12.271
-12.18
-12.092
-12.083
-11.965
-11.575
-11.125
-10.972
-11.262
-11.693
-11.892
-11.94
-12.153
-12.634
-13.156
-13.367
-13.026
-12.425
-12.206
-12.523
-13.026
-13.502
-13.956
-14.224
-14.19
-13.995
-13.779
-13.435
-12.938
-12.543
-12.346
-12.176
-12.053
-12.174
-12.451
-12.675
-12.891
-13.152
-13.46
-13.705
-13.632
-13.142
-12.589
-12.471
-12.752
-12.761
-12.182
-11.695
-11.937
-12.696
-13.36
-13.664
-13.793
-14.133
-14.757
-15.184
-14.97
-14.331
-13.945
-14.084
-14.295
-14.143
-13.825
-13.673
-13.653
-13.568
-13.226
-12.607
-11.94
-11.482
-11.248
-11.023
-10.806
-10.949
-11.536
-12.128
-12.411
-12.471
-12.471
-12.43
-12.246
-11.872
-11.441
-11.117
-10.98
-10.985
-10.922
-10.69
-10.395
-10.112
-9.783
-9.393
-8.917
-8.222
-7.326
-6.492
-5.841
-5.289
-4.831
-4.5
-4.244
-4.005
-3.701
-3.461
-3.45
-3.567
-3.475
-3.042
-2.518
-2.141
-1.896
-1.569
-1.093
-0.601
-0.188
0.22
0.702
1.236
1.794
2.249
2.465
2.558
2.749
3.057
3.255
3.096
2.731
2.531
2.524
2.372
1.898
1.393
1.263
1.68
2.468
3.237
3.833
4.432
5.196
6.008
6.612
6.872
6.911
6.807
6.5
6.042
5.53
5.015
4.475
3.951
3.504
3.132
2.779
2.536
2.375
2.189
2.195
2.642
3.388
4.039
4.414
4.679
5.078
5.475
5.578
5.473
5.5
5.632
5.509
4.958
4.239
3.711
3.411
3.153
2.862
2.687
2.735
2.942
3.169
3.377
3.633
3.854
3.894
3.806
3.585
3.189
2.747
2.357
2.086
1.959
1.932
1.914
1.923
1.907
1.764
1.58
1.483
1.546
1.851
2.365
2.962
3.515
3.858
3.985
4.033
3.967
3.529
2.663
1.696
0.987
0.555
0.152
-0.254
-0.388
-0.17
0.127
0.213
0.206
0.408
0.821
1.127
1.184
1.216
1.383
1.419
1.127
0.746
0.553
0.491
0.342
0.133
0.054
0.091
0.115
0.088
0.025
-0.07
-0.145
-0.129
0.013
0.238
0.487
0.76
1.084
1.286
1.154
0.776
0.378
-0.07
-0.778
-1.617
-2.193
-2.325
-2.175
-2.052
-1.975
-1.644
-1.021
-0.476
-0.238
-0.143
0.083
0.415
0.565
0.447
0.29
0.192
-0.009
-0.376
-0.8
-1.14
-1.472
-1.959
-2.574
-3.153
-3.445
-3.327
-3.003
-2.708
-2.388
-1.978
-1.592
-1.286
-1.073
-0.995
-1.102
-1.227
-1.367
-1.778
-2.472
-3.123
-3.549
-3.904
-4.348
-4.772
-4.877
-4.69
-4.493
-4.409
-4.362
-4.292
-4.282
-4.346
-4.307
-4.081
-3.804
-3.649
-3.583
-3.434
-3.268
-3.39
-3.912
-4.613
-5.255
-5.899
-6.6
-7.27
-7.752
-7.934
-7.737
-7.272
-6.843
-6.63
-6.571
-6.437
-6.115
-5.791
-5.799
-6.094
-6.233
-6.044
-5.87
-5.949
-6.081
-5.976
-5.693
-5.536
-5.725
-6.183
-6.641
-6.936
-7.172
-7.499
-7.873
-8.127
-8.154
-8.077
-8.011
-7.971
-7.95
-7.651
-6.639
-5.253
-4.529
-4.692
-4.768
-4.169
-3.607
-3.788
-4.25
-4.003
-3.062
-2.352
-2.275
-2.329
-2.154
-2.091
-2.418
-2.934
-3.338
-3.599
-3.838
-4.005
-3.94
-3.554
-2.81
-1.733
-0.73
-0.376
-0.601
-0.505
0.29
0.873
0.497
-0.131
0.043
0.866
1.381
1.218
0.843
0.739
0.832
0.784
0.537
0.344
0.278
0.242
0.349
0.812
1.345
1.51
1.499
1.801
2.411
2.91
3.103
3.23
3.409
3.416
3.112
2.529
1.978
1.855
2.107
2.323
2.434
2.626
2.794
2.779
2.629
2.327
1.928
1.64
1.651
1.853
1.914
1.828
1.857
2.109
2.289
2.075
1.592
1.238
1.034
0.617
-0.057
-0.666
-1.013
-1.265
-1.63
-2.094
-2.595
-3.248
-4.057
-4.754
-5.169
-5.5
-6.015
-6.637
-6.997
-6.959
-6.755
-6.496
-6.038
-5.403
-4.924
-4.761
-4.831
-4.933
-5.003
-5.385
-6.303
-7.349
-7.932
-8.116
-8.435
-9.057
-9.515
-9.268
-8.477
-7.862
-7.764
-7.828
-7.591
-7.004
-6.408
-6.255
-6.512
-6.639
-6.339
-5.897
-5.725
-5.795
-5.684
-5.217
-4.716
-4.457
-4.326
-4.087
-3.736
-3.525
-3.454
-3.046
-1.964
-0.646
0.304
0.966
1.865
2.987
3.665
3.525
2.93
2.472
2.395
2.411
2.104
1.544
1.261
1.837
3.078
3.919
3.942
4.041
5.029
6.408
7.101
6.984
7.097
8.252
9.765
10.424
10.223
10.269
11.096
11.76
11.336
10.418
10.205
10.822
11.409
11.31
10.864
10.933
11.813
12.833
13.219
13.112
13.371
14.346
15.415
15.78
15.336
14.902
15.154
15.637
15.453
14.691
14.346
14.83
15.392
15.31
15
15.159
15.592
15.537
14.948
14.503
14.705
15.284
15.671
16.001
16.64
17.445
18.001
18.035
17.629
16.992
16.243
15.599
15.347
15.442
15.545
15.605
15.848
16.279
16.624
16.726
16.708
16.517
15.961
15.284
14.889
14.778
14.542
13.818
12.943
12.622
12.718
12.491
11.924
11.729
12.298
13.167
13.605
13.582
13.747
14.401
15.081
15.3
15.125
15.031
15.179
15.152
14.567
13.487
12.391
11.67
11.191
10.547
9.678
9.091
9.391
10.448
11.475
12.117
12.725
13.523
14.081
13.848
13.026
12.344
11.997
11.509
10.543
9.522
9
8.896
8.83
8.803
9.141
10
11.171
12.264
13.067
13.61
13.875
13.841
13.508
12.831
11.974
11.246
10.62
9.842
9.03
8.594
8.672
8.907
8.825
8.551
8.692
9.438
10.269
10.54
10.398
10.611
11.316
11.663
11.162
10.243
9.552
9.227
8.98
8.587
8.356
8.724
9.515
10.139
10.427
10.69
11.121
11.489
11.473
11.119
10.651
10.191
9.633
8.864
7.984
7.254
6.777
6.374
5.997
5.839
6.063
6.548
7
7.299
7.462
7.585
7.721
7.73
7.396
6.979
6.964
7.292
7.56
7.653
7.519
7.115
6.639
6.201
5.686
5.124
4.698
4.479
4.296
3.926
3.372
2.91
2.536
1.921
1.013
0.075
-0.705
-1.256
-1.596
-1.841
-2.009
-1.984
-1.839
-1.828
-2.038
-2.327
-2.687
-3.207
-3.826
-4.547
-5.443
-6.494
-7.685
-8.946
-9.989
-10.64
-10.985
-11.178
-11.151
-10.74
-10.042
-9.395
-9.023
-8.764
-8.471
-8.3
-8.282
-8.2
-7.995
-7.839
-7.789
-7.762
-7.535
-7.115
-6.798
-6.814
-6.956
-6.952
-6.768
-6.508
-6.279
-6.21
-6.349
-6.65
-6.956
-7.133
-7.197
-7.215
-7.175
-7.065
-6.825
-6.289
-5.417
-4.262
-2.849
-1.245
0.41
1.978
3.352
4.525
5.459
5.99
6.006
5.702
5.512
5.677
5.988
6.052
5.913
5.968
6.331
6.7
6.673
6.113
5.339
4.724
4.416
4.286
4.135
3.937
4.071
4.711
5.451
5.904
6.042
6.151
6.508
6.938
7.297
7.716
7.973
8.025
8.055
7.667
6.888
6.279
5.512
3.951
2.506
2.082
1.678
0.478
-0.485
-0.557
-0.895
-1.891
-2.522
-2.674
-3.173
-3.806
-4.11
-4.371
-4.593
-4.64
-4.829
-5.507
-6.369
-6.773
-6.836
-7.312
-7.959
-7.923
-7.508
-7.256
-6.786
-5.936
-5.403
-5.385
-5.242
-4.82
-4.684
-4.924
-5.026
-4.951
-5.094
-5.333
-5.509
-6.01
-6.721
-7
-6.816
-6.58
-6.319
-5.899
-5.502
-5.19
-4.525
-3.645
-3.35
-3.432
-2.835
-1.608
-0.789
-0.467
0.018
0.626
1.211
2.036
2.958
3.547
4.044
4.869
6.129
7.508
8.687
9.667
10.436
11.051
11.79
12.178
11.286
9.76
9.275
9.873
10
9.299
9.162
10.116
10.956
10.933
10.593
10.409
10.293
10.078
9.633
9.18
9.15
9.699
10.677
11.917
13.208
14.267
14.878
15.079
15.159
15.131
14.728
14.446
15.107
16.49
17.633
18.284
18.969
19.688
19.722
18.772
17.532
16.753
16.393
15.993
15.342
14.578
14.165
14.303
14.539
14.555
14.773
15.698
17.218
18.828
20.083
20.684
20.632
20.449
20.51
20.319
19.45
18.686
18.713
18.899
18.613
18.11
17.717
17.307
16.447
15.099
13.929
13.399
13.326
13.344
13.337
13.7
14.657
15.547
15.653
15.049
14.159
13.067
11.704
10.189
8.839
7.968
7.637
7.61
7.519
6.914
5.915
5.242
5.069
4.913
4.708
4.956
5.799
6.732
7.242
7.336
7.181
6.757
6.018
4.967
3.815
3.135
3.207
3.43
3.219
2.846
2.669
2.597
2.397
2.247
2.472
2.91
3.185
3.354
3.504
3.554
3.806
4.463
5.06
5.128
4.933
4.931
5.185
5.432
5.407
4.958
4.407
4.503
5.355
6.199
6.571
6.805
7.172
7.489
7.653
7.501
6.719
5.643
5.088
5.076
4.974
4.736
4.65
4.539
4.221
3.942
3.84
3.722
3.411
3.125
3.123
3.479
4.155
4.777
4.972
4.924
5.144
5.6
5.6
4.813
3.802
3.346
3.459
3.479
3.028
2.592
3.082
4.423
5.448
5.351
4.711
4.829
5.875
6.542
5.841
4.268
3.101
3.101
3.84
4.003
3.284
3.014
4.037
5.346
5.546
4.754
4.126
4.221
4.647
5.008
5.06
4.969
5.509
6.848
7.927
8.093
7.925
7.955
7.977
7.44
5.984
4.212
3.191
2.987
2.844
2.411
2.191
2.739
3.708
4.157
3.82
3.463
3.665
4.055
3.91
3.271
2.671
2.284
2.179
2.352
2.452
2.125
1.533
1.032
0.712
0.437
0.107
-0.224
-0.505
-0.587
-0.24
0.465
1.113
1.503
1.898
2.327
2.349
1.805
0.997
0.125
-0.689
-1.229
-1.598
-1.849
-1.769
-1.236
-0.476
-0.022
-0.101
-0.328
-0.338
-0.26
-0.286
-0.463
-0.687
-0.603
0.067
1.032
1.619
1.717
1.776
1.966
1.912
1.531
1.168
1.054
1.229
1.572
1.901
2.243
2.844
3.631
3.992
3.599
2.833
2.198
1.746
1.195
0.351
-0.399
-0.431
0.278
1.077
1.406
1.335
1.535
2.422
3.386
3.617
3.189
2.914
3.377
4.296
4.874
4.838
4.64
4.766
5.122
5.167
4.568
3.565
2.588
2.048
2.112
2.427
2.576
2.534
2.481
2.731
3.277
3.697
3.711
3.511
3.561
4.23
5.135
5.604
5.498
5.214
5.242
5.68
5.956
5.475
4.497
3.856
3.983
4.414
4.452
4.182
4.218
4.6
4.99
5.126
4.865
4.348
4.021
4.017
4.06
3.994
3.928
3.928
3.912
3.817
3.817
3.971
4.069
3.917
3.625
3.338
3.057
2.776
2.436
2.091
2.032
2.415
2.974
3.314
3.282
3.123
3.046
2.817
2.218
1.429
0.877
0.726
0.758
0.764
0.798
1.086
1.608
1.994
1.891
1.424
0.937
0.46
-0.051
-0.358
-0.376
-0.351
-0.34
-0.081
0.553
1.143
1.15
0.623
0.115
-0.077
-0.107
-0.31
-0.802
-1.304
-1.433
-1.214
-0.968
-0.939
-1.075
-1.12
-0.995
-0.911
-1.034
-1.27
-1.39
-1.24
-0.868
-0.455
-0.163
0.022
0.07
-0.107
-0.458
-0.807
-1.195
-1.769
-2.313
-2.422
-2.05
-1.506
-1.104
-0.821
-0.351
0.365
0.9
0.778
0.117
-0.485
-0.758
-0.982
-1.435
-2.028
-2.349
-2.139
-1.687
-1.551
-1.78
-1.973
-2.009
-2.03
-2.148
-2.297
-2.329
-2.189
-2.002
-1.865
-1.712
-1.465
-1.164
-1.048
-1.338
-1.946
-2.622
-3.33
-4.176
-5.169
-6.165
-6.918
-7.306
-7.492
-7.633
-7.612
-7.281
-6.916
-6.89
-7.119
-7.242
-7.143
-7.054
-7.199
-7.51
-7.768
-7.918
-8.097
-8.495
-9.188
-9.984
-10.617
-11.062
-11.515
-11.956
-12.142
-11.979
-11.643
-11.278
-10.82
-10.193
-9.497
-8.896
-8.463
-8.131
-7.857
-7.73
-7.95
-8.526
-9.116
-9.415
-9.584
-9.876
-10.237
-10.411
-10.243
-9.842
-9.468
-9.216
-8.951
-8.544
-7.966
-7.336
-6.709
-5.981
-5.153
-4.434
-3.962
-3.659
-3.416
-3.291
-3.522
-4.065
-4.5
-4.584
-4.491
-4.437
-4.566
-4.822
-5.01
-5.088
-5.174
-5.341
-5.396
-5.008
-4.214
-3.402
-2.846
-2.474
-2.12
-1.769
-1.596
-1.674
-1.828
-1.873
-1.819
-1.875
-2.134
-2.422
-2.46
-2.123
-1.678
-1.519
-1.726
-2.114
-2.307
-1.962
-1.395
-1.279
-1.592
-1.638
-1.188
-0.678
-0.296
-0.065
-0.183
-0.428
-0.288
0.14
0.283
0.281
0.481
0.528
0.338
0.517
1.061
1.2
0.682
0.199
0.217
0.587
0.905
0.927
0.932
1.245
1.644
1.76
1.676
1.687
1.941
2.37
2.649
2.638
2.635
2.726
2.665
2.384
2.112
1.948
1.821
1.843
1.846
1.349
0.537
0.149
0.07
-0.351
-0.895
-0.807
-0.167
0.244
0.111
-0.063
-0.022
-0.043
-0.265
-0.716
-1.222
-1.361
-1.327
-1.692
-2.393
-2.908
-2.966
-2.787
-2.769
-2.928
-3.066
-3.221
-3.402
-3.617
-4.126
-4.7
-4.879
-4.788
-4.724
-4.82
-5.049
-5.13
-4.927
-4.607
-4.463
-4.654
-4.877
-4.774
-4.461
-4.382
-4.668
-5.01
-5.06
-4.851
-4.69
-4.513
-4.178
-3.881
-3.781
-3.742
-3.631
-3.629
-3.904
-4.257
-4.298
-3.844
-3.237
-3.082
-3.4
-3.585
-3.536
-3.588
-3.776
-4.085
-4.33
-4.316
-4.196
-3.994
-3.513
-2.982
-2.54
-2.139
-1.857
-1.651
-1.465
-1.483
-1.785
-2.268
-2.552
-2.182
-1.54
-1.612
-2.447
-3.261
-3.597
-3.69
-3.933
-4.344
-4.495
-4.182
-3.808
-3.842
-4.18
-4.185
-3.595
-2.882
-2.508
-2.409
-2.22
-1.719
-1.168
-0.947
-1.041
-1.093
-0.859
-0.644
-1.007
-1.859
-2.468
-2.386
-2.007
-2.032
-2.49
-2.755
-2.447
-1.912
-1.851
-2.239
-2.089
-0.982
0.167
0.501
0.344
0.533
1.331
2.02
1.946
1.488
1.361
1.601
1.739
1.333
0.601
0.242
0.463
0.684
0.426
-0.081
-0.099
0.51
0.945
0.789
0.585
0.828
1.34
1.594
1.365
1.195
1.69
2.592
3.161
3.103
2.842
2.819
2.853
2.61
2.261
2.044
1.889
1.667
1.313
0.963
0.837
0.947
1.12
1.218
1.093
0.739
0.491
0.601
0.764
0.648
0.385
0.286
0.473
0.694
0.632
0.444
0.614
1.172
1.61
1.66
1.447
1.186
0.932
0.692
0.489
0.333
0.229
0.188
0.186
0.19
0.107
-0.101
-0.281
-0.242
-0.049
0.163
0.412
0.68
0.837
0.889
0.871
0.773
0.684
0.694
0.83
1.084
1.324
1.345
1.198
1.106
1.198
1.268
1.023
0.653
0.539
0.587
0.503
0.29
0.131
-0.004
-0.19
-0.358
-0.376
-0.417
-0.698
-1.136
-1.476
-1.608
-1.574
-1.531
-1.583
-1.76
-1.966
-2.066
-2.057
-2.036
-1.944
-1.76
-1.572
-1.324
-0.968
-0.7
-0.671
-0.664
-0.523
-0.455
-0.673
-1.073
-1.424
-1.78
-2.339
-3.019
-3.518
-3.733
-3.754
-3.808
-4.081
-4.366
-4.298
-3.87
-3.565
-3.667
-3.858
-3.665
-2.962
-2.098
-1.538
-1.277
-0.866
-0.091
0.619
0.646
0.015
-0.612
-0.909
-1.288
-2.166
-3.32
-4.21
-4.547
-4.591
-4.802
-5.203
-5.377
-5.051
-4.616
-4.7
-5.185
-5.393
-5.031
-4.632
-4.811
-5.439
-5.741
-5.369
-4.956
-5.251
-5.986
-6.299
-6.004
-5.802
-6.255
-6.97
-7.143
-6.687
-6.31
-6.5
-6.909
-6.924
-6.616
-6.566
-7.117
-7.93
-8.37
-8.381
-8.535
-9.075
-9.631
-9.935
-10.173
-10.54
-11.017
-11.409
-11.502
-11.318
-11.253
-11.493
-11.729
-11.559
-11.019
-10.706
-10.938
-11.325
-11.334
-10.996
-10.719
-10.774
-10.976
-10.885
-10.486
-10.257
-10.493
-10.849
-10.944
-10.926
-11.207
-11.826
-12.362
-12.543
-12.55
-12.752
-13.317
-13.986
-14.328
-14.369
-14.569
-15.125
-15.631
-15.587
-15.065
-14.673
-14.725
-14.828
-14.422
-13.623
-13.044
-12.933
-12.877
-12.453
-11.863
-11.591
-11.67
-11.747
-11.659
-11.609
-11.881
-12.373
-12.732
-12.886
-13.12
-13.582
-14.124
-14.539
-14.782
-15.013
-15.344
-15.685
-15.794
-15.563
-15.165
-14.943
-14.939
-14.709
-13.979
-13.11
-12.743
-12.847
-12.741
-12.187
-11.711
-11.654
-11.75
-11.645
-11.291
-11.037
-11.214
-11.672
-11.911
-11.829
-11.816
-12.024
-12.262
-12.289
-12.23
-12.346
-12.702
-13.06
-13.235
-13.307
-13.523
-14.058
-14.675
-14.896
-14.678
-14.603
-15.029
-15.451
-15.229
-14.476
-13.795
-13.505
-13.426
-13.106
-12.493
-12.117
-12.319
-12.714
-12.781
-12.632
-12.73
-13.167
-13.655
-13.995
-14.261
-14.564
-15.007
-15.508
-15.826
-15.866
-15.88
-16.039
-16.211
-16.188
-16.043
-15.923
-15.875
-15.842
-15.682
-15.41
-15.27
-15.42
-15.637
-15.563
-15.186
-14.864
-14.728
-14.549
-14.102
-13.498
-12.854
-12.144
-11.455
-11.062
-11.357
-12.16
-12.761
-12.831
-12.757
-12.759
-12.321
-11.162
-9.955
-9.57
-9.835
-10.116
-10.44
-11.149
-12.146
-13.058
-13.294
-12.435
-10.922
-9.574
-8.751
-8.125
-7.346
-6.616
-6.496
-7.052
-7.615
-7.36
-6.133
-4.927
-4.6
-4.611
-4.173
-3.615
-3.654
-4.112
-4.196
-3.635
-2.871
-2.313
-2.073
-2.044
-2.064
-2.184
-2.508
-2.735
-2.624
-2.365
-2.143
-1.885
-1.409
-0.664
0.027
0.458
0.78
1.179
1.773
2.572
3.416
3.978
4.18
4.23
4.359
4.312
3.736
2.842
2.161
1.869
1.835
2.086
2.826
3.992
4.897
4.969
4.529
4.371
4.674
4.738
4.166
3.651
3.915
4.668
5.235
5.192
4.534
3.742
3.266
3.141
3.151
3.062
2.998
3.289
3.817
4.135
4.005
3.661
3.495
3.436
3.201
2.962
3.082
3.504
3.81
3.908
4.16
4.597
4.716
4.244
3.593
3.273
3.332
3.416
3.364
3.25
2.942
2.349
1.812
1.562
1.435
1.24
1.063
1.195
1.672
2.175
2.486
2.645
2.758
3.008
3.468
4.083
4.768
5.287
5.451
5.294
4.824
3.933
2.737
1.642
1.011
0.895
0.979
1.075
1.356
1.883
2.42
2.513
2.018
1.453
1.322
1.445
1.515
1.664
2.299
3.361
4.162
4.23
3.858
3.518
3.211
2.656
1.755
0.839
0.304
0.292
0.646
1.013
1.161
1.263
1.633
2.12
2.275
2.038
1.859
1.989
1.95
1.331
0.463
-0.041
-0.117
-0.244
-0.605
-0.864
-0.744
-0.408
-0.224
-0.31
-0.455
-0.421
-0.34
-0.523
-0.877
-0.868
-0.336
0.242
0.41
0.165
-0.149
-0.281
-0.467
-1.102
-2.075
-2.905
-3.286
-3.275
-3.141
-3.03
-2.826
-2.504
-2.257
-2.259
-2.534
-2.779
-2.769
-2.687
-2.729
-2.733
-2.502
-2.179
-2.134
-2.534
-3.103
-3.572
-3.978
-4.439
-4.824
-4.945
-4.758
-4.484
-4.407
-4.452
-4.268
-3.802
-3.372
-3.341
-3.643
-3.87
-3.901
-4.012
-4.445
-5.172
-5.807
-5.972
-5.813
-5.659
-5.62
-5.475
-5.051
-4.591
-4.432
-4.5
-4.471
-4.364
-4.445
-4.766
-5.18
-5.443
-5.453
-5.423
-5.562
-5.741
-5.799
-5.87
-6.058
-6.224
-6.174
-5.927
-5.675
-5.588
-5.578
-5.403
-5.085
-4.879
-4.901
-5.022
-5.042
-4.877
-4.706
-4.772
-4.943
-4.933
-4.851
-5.038
-5.516
-5.863
-5.775
-5.469
-5.355
-5.423
-5.325
-5.008
-4.622
-4.316
-4.185
-4.166
-4.067
-3.942
-4.076
-4.516
-4.82
-4.686
-4.321
-4.101
-4.069
-3.965
-3.643
-3.271
-3.164
-3.448
-3.824
-3.854
-3.511
-3.309
-3.529
-3.729
-3.477
-3.008
-2.649
-2.377
-2.102
-1.819
-1.531
-1.29
-1.202
-1.177
-0.991
-0.592
-0.183
0.045
0.156
0.34
0.537
0.557
0.412
0.288
0.365
0.569
0.718
0.784
0.9
1.172
1.461
1.622
1.712
1.891
2.139
2.245
2.213
2.257
2.406
2.508
2.497
2.506
2.733
3.164
3.625
3.881
3.876
3.826
3.885
3.846
3.511
3.005
2.576
2.315
2.041
1.624
1.279
1.166
1.12
0.862
0.347
-0.197
-0.562
-0.927
-1.449
-1.941
-2.216
-2.336
-2.492
-2.805
-3.237
-3.599
-3.904
-4.38
-5.112
-5.823
-6.135
-6.11
-6.117
-6.305
-6.466
-6.403
-6.215
-6.219
-6.589
-7.054
-7.326
-7.451
-7.687
-8.111
-8.451
-8.524
-8.574
-8.807
-9.014
-9.027
-8.939
-8.877
-8.807
-8.574
-8.161
-7.678
-7.149
-6.614
-6.165
-5.777
-5.451
-5.18
-4.786
-4.187
-3.611
-3.219
-2.851
-2.377
-1.889
-1.463
-1.063
-0.764
-0.653
-0.555
-0.247
0.12
0.254
0.278
0.485
0.871
1.227
1.519
1.901
2.345
2.765
3.173
3.708
4.586
5.682
6.432
6.612
6.745
7.294
7.963
8.297
8.302
8.342
8.656
9.118
9.381
9.341
9.084
8.869
8.935
9.177
9.37
9.584
10.037
10.683
11.475
12.328
13.008
13.417
13.634
13.698
13.657
13.793
14.197
14.562
14.703
14.864
15.202
15.458
15.39
15.073
14.633
14.163
13.891
13.948
14.115
14.328
14.746
15.276
15.676
15.882
15.921
15.808
15.671
15.662
15.778
15.935
16.196
16.602
16.917
16.812
16.293
15.724
15.424
15.263
14.989
14.791
15.034
15.594
16.019
16.053
15.878
15.842
15.973
15.943
15.501
14.9
14.678
14.909
15.034
14.657
14.09
13.836
13.958
14.197
14.335
14.469
14.889
15.651
16.27
16.375
16.18
16.066
15.823
15.134
14.245
13.596
13.269
12.949
12.482
12.051
11.971
12.224
12.6
12.641
11.917
11.214
12.14
14.322
15.22
14.117
13.528
15.206
17.144
16.143
12.351
9.443
9.663
10.953
10.261
7.734
6.5
8.374
11.382
12.359
10.958
9.769
10.534
11.816
11.591
10.195
9.386
9.912
10.844
10.59
9.096
8.268
9.116
9.93
8.957
7.163
6.993
8.672
9.865
9.259
8.25
8.617
10.096
10.917
10.046
8.442
7.866
8.427
8.535
7.322
6.065
6.245
7.292
7.637
7.165
7.061
7.889
8.889
9.064
8.583
8.401
8.807
9.146
8.792
7.923
7.555
8.365
9.436
9.354
8.431
8.377
9.613
10.509
9.749
8.272
7.914
8.837
9.354
8.324
6.727
6.36
7.367
8.086
7.396
6.14
5.861
6.902
8.009
7.86
6.818
6.344
6.975
7.653
7.215
5.997
5.167
5.117
5.008
4.139
3.087
2.767
2.926
2.674
1.93
1.295
1.245
1.461
1.068
-0.304
-1.843
-2.554
-2.842
-3.989
-6.042
-7.581
-7.943
-8.147
-9.157
-10.638
-11.726
-12.133
-12.117
-11.985
-11.899
-11.623
-10.713
-9.499
-8.83
-8.823
-8.753
-8.163
-7.581
-7.691
-8.122
-7.936
-7.104
-6.496
-6.503
-6.698
-6.385
-5.482
-4.842
-5.144
-5.843
-6.047
-5.861
-6.008
-6.789
-7.841
-8.644
-8.971
-9.014
-9.184
-9.443
-9.159
-7.993
-6.498
-5.446
-4.79
-3.82
-2.289
-0.758
0.431
1.546
2.978
4.609
5.918
6.719
7.412
8.261
8.911
8.846
8.168
7.589
7.358
6.868
5.929
5.208
5.201
5.543
5.469
4.72
3.826
3.271
2.921
2.447
1.887
1.531
1.58
1.978
2.658
3.583
4.534
5.387
6.378
7.333
7.755
7.932
8.356
8.547
8.079
7.342
6.775
6.444
6.44
6.346
5.325
3.767
2.94
2.631
1.483
-0.433
-2.07
-3.316
-4.595
-5.702
-6.496
-7.285
-7.963
-8.172
-8.097
-8.336
-8.753
-8.549
-7.726
-7.161
-6.993
-6.492
-5.443
-4.216
-3.091
-2.289
-2.062
-2.136
-2.03
-1.989
-2.629
-3.697
-4.416
-4.684
-5.01
-5.328
-5.437
-5.711
-6.14
-6.285
-6.263
-6.464
-6.834
-7.154
-7.351
-7.39
-7.131
-6.614
-6.201
-5.757
-4.772
-3.488
-2.436
-1.308
-0.011
1.079
2.118
3.44
4.727
5.464
5.875
6.53
7.401
8.05
8.417
8.569
8.383
8.1
8.182
8.379
8.1
7.469
7.047
7.038
7.224
7.415
7.535
7.575
7.796
8.54
9.436
9.865
10
10.44
11.25
12.063
12.772
13.365
13.677
13.924
14.612
15.545
16.086
16.23
16.531
17.071
17.454
17.631
17.713
17.697
17.642
17.574
17.177
16.483
15.945
15.687
15.447
15.125
14.896
14.873
14.936
14.932
14.982
15.109
15.245
15.64
16.352
17.089
17.69
18.271
18.922
19.657
20.287
20.644
20.707
20.469
20.054
19.632
19.053
18.114
17.114
16.302
15.66
15.118
14.643
14.165
13.705
13.355
13.104
12.851
12.516
12.19
11.935
11.802
11.795
11.834
11.976
12.326
12.788
13.09
13.102
12.945
12.702
12.192
11.302
10.164
9.007
7.945
7.088
6.478
6.054
5.781
5.63
5.487
5.335
5.196
4.906
4.473
4.26
4.226
3.969
3.554
3.529
3.976
4.359
4.334
4.166
4.119
4.012
3.731
3.448
3.157
2.966
3.227
3.747
3.831
3.513
3.504
3.937
4.226
3.896
3.227
2.842
2.974
3.309
3.434
3.264
3.232
3.781
4.609
4.879
4.382
3.817
3.794
4.182
4.427
4.239
3.87
3.828
4.223
4.529
4.4
4.294
4.727
5.387
5.657
5.496
5.242
5.085
4.951
4.62
4.081
3.595
3.479
3.79
4.119
4.166
4.166
4.366
4.609
4.625
4.35
3.904
3.575
3.552
3.815
4.171
4.366
4.475
4.732
5.024
5.04
4.856
4.722
4.758
4.872
4.972
4.924
4.718
4.566
4.495
4.437
4.481
4.656
4.748
4.738
4.779
4.997
5.255
5.341
5.28
5.128
4.804
4.466
4.445
4.607
4.77
4.903
4.943
4.931
4.974
5.031
5.003
4.797
4.362
4.023
4.035
4.242
4.276
3.915
3.291
2.753
2.427
2.154
1.785
1.254
0.776
0.687
0.968
1.263
1.236
1.011
0.993
1.206
1.227
0.971
0.682
0.523
0.521
0.533
0.433
0.252
0.033
-0.14
-0.24
-0.376
-0.619
-0.764
-0.642
-0.449
-0.503
-0.676
-0.666
-0.463
-0.296
-0.41
-0.746
-0.916
-0.796
-0.796
-1.224
-1.801
-2.084
-2.046
-1.875
-1.635
-1.311
-0.85
-0.199
0.603
1.433
2.281
3.189
4.198
5.351
6.167
5.741
4.067
2.626
2.406
2.393
1.456
0.51
0.932
1.966
1.672
-0.081
-1.331
-1.009
-0.365
-0.859
-1.968
-2.114
-0.596
1.778
3.45
3.804
3.922
4.922
6.217
6.526
5.582
4.416
4.257
5.11
5.779
5.346
4.346
4.044
4.579
4.761
3.82
2.651
2.365
2.665
2.695
2.465
2.55
3.073
3.545
3.479
3.042
2.914
3.502
4.244
4.398
4.223
4.661
5.873
7.009
7.297
6.8
6.19
6.044
6.487
7.036
7.097
6.607
6.181
6.024
5.618
4.877
4.346
4.099
3.756
3.25
2.826
2.685
2.708
2.583
2.245
1.978
2.05
2.311
2.434
2.336
2.341
2.794
3.525
3.958
3.922
3.731
3.765
4.162
4.545
4.475
4.119
4.047
4.346
4.491
4.06
3.195
2.415
1.849
1.202
0.437
-0.031
0.136
0.816
1.363
1.297
0.977
1.088
1.453
1.354
0.843
0.8
1.422
1.95
2.073
2.223
2.544
2.572
2.009
1.14
0.453
0.149
0.274
0.805
1.427
1.764
1.871
1.794
1.429
0.859
0.294
-0.163
-0.397
-0.469
-0.63
-0.884
-1.134
-1.476
-1.955
-2.309
-2.17
-1.612
-1.14
-0.895
-0.399
0.537
1.143
0.746
-0.163
-0.632
-0.435
-0.138
-0.075
0.051
0.71
1.791
2.518
2.291
1.435
0.635
0.067
-0.549
-1.377
-2.05
-2.102
-1.515
-0.792
-0.481
-0.653
-0.891
-0.718
-0.215
0.018
-0.17
-0.262
-0.025
0.109
-0.338
-1.116
-1.526
-1.517
-1.821
-2.717
-3.511
-3.497
-2.833
-2.454
-2.89
-3.631
-4.151
-4.638
-5.509
-6.685
-7.651
-7.973
-7.755
-7.539
-7.7
-8.125
-8.471
-8.706
-9.218
-10.153
-11.053
-11.328
-10.86
-10.1
-9.502
-9.08
-8.776
-8.789
-9.307
-10.223
-11.123
-11.754
-12.23
-12.702
-13.04
-12.945
-12.503
-12.23
-12.357
-12.566
-12.457
-12.055
-11.772
-11.768
-11.602
-10.93
-10.195
-10.039
-10.255
-10.128
-9.536
-9.025
-8.935
-9.018
-8.746
-7.943
-7.117
-6.936
-7.272
-7.32
-6.7
-5.857
-5.383
-5.221
-4.72
-3.641
-2.54
-2.102
-2.486
-3.203
-3.776
-4.38
-5.217
-5.852
-5.716
-4.967
-4.284
-3.989
-3.722
-3.293
-3.189
-3.686
-4.302
-4.45
-4.06
-3.422
-2.799
-2.159
-1.347
-0.551
-0.208
-0.367
-0.669
-0.8
-0.855
-1.005
-1.317
-1.783
-2.265
-2.71
-3.261
-3.955
-4.545
-4.758
-4.597
-4.318
-4.047
-3.545
-2.642
-1.719
-1.385
-1.685
-1.925
-1.546
-0.832
-0.392
-0.233
0.215
1.084
1.801
1.839
1.331
0.784
0.421
0.059
-0.521
-1.179
-1.372
-0.839
-0.038
0.491
0.76
1.034
1.435
1.88
2.146
2.173
2.209
2.354
2.427
2.252
1.885
1.617
1.596
1.517
1.177
0.975
1.265
1.764
1.903
1.628
1.372
1.243
1.041
0.748
0.515
0.408
0.428
0.515
0.56
0.599
0.594
0.372
-0.095
-0.63
-1.088
-1.513
-1.966
-2.297
-2.447
-2.59
-2.701
-2.721
-2.708
-2.765
-2.934
-3.109
-3.082
-3.023
-3.232
-3.585
-3.786
-3.826
-3.899
-4.173
-4.45
-4.527
-4.545
-4.732
-5.067
-5.421
-5.578
-5.507
-5.317
-5.092
-4.818
-4.487
-4.078
-3.631
-3.289
-3.101
-3.021
-2.998
-3.078
-3.52
-4.284
-4.854
-4.919
-4.713
-4.475
-4.123
-3.491
-2.699
-2.107
-2.03
-2.299
-2.526
-2.515
-2.438
-2.47
-2.531
-2.474
-2.216
-1.839
-1.443
-1.021
-0.671
-0.565
-0.792
-1.277
-1.767
-2.102
-2.442
-2.792
-2.974
-2.869
-2.415
-1.914
-1.871
-2.148
-2.141
-1.773
-1.628
-2.207
-3.234
-3.892
-3.906
-3.631
-3.4
-3.143
-2.538
-1.515
-0.587
-0.183
-0.159
-0.267
-0.324
-0.333
-0.537
-0.979
-1.331
-1.304
-0.947
-0.562
-0.394
-0.306
-0.07
0.133
-0.095
-0.712
-1.102
-1.039
-0.891
-0.9
-0.837
-0.478
-0.007
0.392
0.792
1.306
1.971
2.685
3.145
3.101
2.771
2.538
2.409
2.352
2.327
2.182
1.935
1.73
1.54
1.211
0.812
0.639
0.732
0.658
0.254
-0.079
0.015
0.473
0.987
1.438
2.03
2.79
3.296
3.232
2.86
2.572
2.415
2.12
1.635
1.277
1.122
0.963
0.764
0.662
0.658
0.651
0.601
0.562
0.431
0.109
-0.204
-0.101
0.491
1.177
1.572
1.701
1.871
2.152
2.268
2.025
1.519
1.005
0.603
0.247
-0.179
-0.664
-1.098
-1.256
-0.927
-0.318
0.088
0.177
0.349
0.834
1.297
1.417
1.308
1.218
1.084
0.862
0.848
1.327
1.971
2.279
2.22
2.259
2.617
2.717
2.075
1.227
0.841
0.635
0.043
-0.723
-1.045
-0.866
-0.653
-0.628
-0.485
-0.051
0.265
0.136
-0.19
-0.331
-0.242
-0.018
0.202
0.302
0.513
0.991
1.308
1.102
0.658
0.288
0.018
-0.336
-0.939
-1.71
-2.268
-2.329
-2.134
-2.198
-2.402
-2.168
-1.524
-1.152
-1.429
-1.996
-2.32
-2.422
-2.753
-3.361
-3.849
-4.035
-4.13
-4.298
-4.26
-3.704
-3.078
-3.071
-3.448
-3.398
-2.842
-2.538
-2.862
-3.386
-3.591
-3.432
-3.127
-2.831
-2.604
-2.563
-2.761
-3.005
-3.227
-3.706
-4.511
-5.23
-5.557
-5.632
-5.662
-5.62
-5.337
-4.951
-4.799
-4.893
-4.901
-4.799
-4.893
-5.301
-5.675
-5.723
-5.7
-5.92
-6.258
-6.305
-5.99
-5.616
-5.373
-5.248
-5.278
-5.521
-5.879
-6.219
-6.682
-7.494
-8.392
-8.601
-7.977
-7.43
-7.625
-8.034
-7.925
-7.467
-7.505
-8.329
-9.202
-9.481
-9.425
-9.499
-9.59
-9.338
-8.785
-8.297
-8.034
-8.013
-8.145
-8.266
-8.358
-8.515
-8.74
-8.982
-9.214
-9.395
-9.604
-9.964
-10.345
-10.506
-10.543
-10.731
-11.101
-11.445
-11.611
-11.675
-11.816
-12.119
-12.467
-12.634
-12.534
-12.246
-11.888
-11.568
-11.461
-11.545
-11.6
-11.638
-11.981
-12.754
-13.592
-14.043
-14.086
-13.984
-13.938
-14.002
-14.034
-13.868
-13.639
-13.526
-13.55
-13.711
-14.04
-14.349
-14.424
-14.417
-14.635
-14.941
-14.961
-14.762
-14.766
-15.052
-15.338
-15.533
-15.698
-15.835
-15.862
-15.787
-15.712
-15.624
-15.383
-15.031
-14.709
-14.456
-14.256
-14.084
-13.911
-13.863
-14.074
-14.412
-14.707
-14.889
-14.898
-14.643
-14.149
-13.63
-13.226
-12.804
-12.282
-11.879
-11.822
-12.067
-12.405
-12.682
-12.825
-12.845
-12.813
-12.763
-12.716
-12.777
-12.949
-13.074
-13.249
-13.698
-14.356
-14.828
-14.889
-14.694
-14.442
-14.084
-13.502
-12.75
-11.915
-11.141
-10.609
-10.395
-10.4
-10.579
-10.91
-11.332
-11.897
-12.593
-13.21
-13.552
-13.695
-13.766
-13.775
-13.759
-13.768
-13.75
-13.734
-13.87
-14.106
-14.052
-13.607
-13.255
-13.167
-12.807
-11.908
-10.98
-10.524
-10.54
-10.806
-11.123
-11.423
-11.845
-12.469
-13.02
-13.174
-13.006
-12.768
-12.537
-12.359
-12.455
-12.788
-12.947
-12.743
-12.557
-12.727
-12.979
-12.956
-12.646
-12.216
-11.933
-11.976
-11.971
-11.434
-10.62
-10.207
-10.318
-10.398
-10.032
-9.44
-9.116
-9.257
-9.602
-9.728
-9.483
-9.275
-9.481
-9.808
-9.717
-9.325
-9.184
-9.377
-9.427
-9.07
-8.503
-7.975
-7.555
-7.088
-6.281
-5.188
-4.282
-3.874
-3.706
-3.416
-3.071
-2.894
-2.887
-2.934
-2.937
-2.805
-2.552
-2.275
-2.118
-1.996
-1.63
-1.066
-0.723
-0.623
-0.399
0.033
0.51
1.009
1.576
2.182
2.84
3.531
4.105
4.393
4.407
4.318
4.162
3.828
3.318
2.815
2.454
2.352
2.54
2.821
3.046
3.425
4.051
4.618
4.854
4.949
5.14
5.287
5.196
5.083
5.233
5.562
5.829
5.981
6.013
6.013
6.104
6.124
5.804
5.196
4.643
4.359
4.171
3.799
3.372
3.241
3.386
3.543
3.641
3.635
3.609
3.697
3.862
3.892
3.79
3.715
3.812
4.015
4.166
4.205
4.171
4.21
4.264
4.128
3.76
3.359
2.964
2.465
1.865
1.34
1.048
0.893
0.678
0.544
0.742
1.12
1.435
1.662
1.821
1.962
2.141
2.365
2.47
2.231
1.753
1.458
1.544
1.757
1.73
1.443
1.158
1.021
0.877
0.491
0
-0.296
-0.336
-0.167
0.156
0.549
0.843
0.991
1.109
1.279
1.333
1.023
0.465
0.047
-0.101
-0.167
-0.276
-0.431
-0.578
-0.642
-0.565
-0.347
-0.079
0.122
0.244
0.403
0.671
0.857
0.848
0.76
0.771
0.864
0.871
0.778
0.721
0.666
0.467
0.072
-0.338
-0.648
-0.955
-1.313
-1.565
-1.558
-1.274
-0.846
-0.421
-0.015
0.312
0.499
0.51
0.308
-0.097
-0.63
-1.145
-1.438
-1.479
-1.551
-1.78
-2.016
-2.073
-2.073
-2.218
-2.458
-2.597
-2.663
-2.817
-3.01
-3.103
-3.116
-3.116
-3.085
-3.037
-2.996
-2.924
-2.89
-3.127
-3.561
-3.826
-3.874
-3.951
-4.146
-4.362
-4.463
-4.418
-4.286
-4.155
-4.141
-4.248
-4.323
-4.348
-4.55
-4.963
-5.333
-5.478
-5.525
-5.623
-5.659
-5.507
-5.262
-5.172
-5.233
-5.192
-4.943
-4.713
-4.763
-5.01
-5.162
-5.142
-5.192
-5.514
-6.013
-6.505
-6.911
-7.211
-7.396
-7.575
-7.778
-7.628
-6.964
-6.442
-6.353
-6.104
-5.725
-5.968
-6.625
-6.498
-5.48
-4.702
-4.77
-5.106
-5.185
-5.04
-4.845
-5.094
-6.176
-7.326
-7.399
-6.703
-6.387
-6.482
-5.968
-4.849
-4.393
-4.811
-4.958
-4.352
-3.638
-3.334
-3.409
-3.323
-2.413
-1.177
-1.211
-2.94
-4.484
-4.339
-3.547
-3.77
-4.786
-5.219
-4.377
-2.93
-2.148
-2.531
-3.101
-2.479
-0.821
0.197
-0.038
-0.213
0.565
1.403
1.313
0.539
-0.065
-0.145
-0.029
-0.236
-0.712
-0.718
0.192
1.322
1.572
1.073
0.868
1.229
1.324
0.7
0.129
0.507
1.472
1.932
1.506
0.959
1.232
2.107
2.456
1.865
1.236
1.54
2.633
3.547
3.613
3.116
2.842
3.055
3.216
2.731
2.002
1.907
2.291
2.354
2.08
2.038
2.27
2.143
1.29
0.204
-0.302
-0.043
0.286
0.127
-0.125
0.109
0.571
0.599
-0.011
-0.88
-1.546
-1.923
-2.184
-2.538
-2.932
-3.121
-3.093
-3.211
-3.772
-4.607
-5.208
-5.473
-5.827
-6.5
-7.083
-7.133
-6.811
-6.589
-6.661
-6.832
-6.773
-6.571
-6.521
-6.666
-6.786
-6.904
-7.227
-7.685
-8.015
-8.109
-8.079
-7.936
-7.56
-7.02
-6.557
-6.36
-6.383
-6.43
-6.297
-5.954
-5.521
-5.269
-5.258
-5.085
-4.457
-3.722
-3.414
-3.502
-3.495
-3.161
-2.812
-2.721
-2.721
-2.45
-1.76
-0.941
-0.31
0.236
0.916
1.535
1.794
1.807
1.973
2.497
3.166
3.647
3.904
4.173
4.609
5.194
5.815
6.319
6.657
6.911
7.199
7.533
7.734
7.757
7.878
8.276
8.622
8.569
8.236
8.084
8.458
9.039
9.236
9.066
9.198
9.883
10.709
11.23
11.461
11.829
12.575
13.478
14.145
14.442
14.56
14.764
15.029
15.086
14.701
14.12
13.825
13.891
13.87
13.48
13.038
12.867
13.024
13.381
13.684
13.845
14.099
14.705
15.519
15.991
15.748
15.134
14.712
14.63
14.744
14.825
14.789
14.841
15.265
15.855
16.164
16.073
15.835
15.59
15.245
14.814
14.587
14.617
14.746
14.952
15.286
15.764
16.236
16.404
16.175
15.787
15.449
15.111
14.591
13.859
13.222
12.815
12.364
11.729
11.167
10.969
11.125
11.425
11.79
12.375
13.253
14.203
14.85
15.099
15.263
15.587
15.857
15.726
15.179
14.599
14.249
13.92
13.19
12.128
11.296
10.996
11.051
11.273
11.675
12.271
13.002
13.646
13.886
13.589
12.979
12.312
11.573
10.599
9.495
8.692
8.367
8.29
8.263
8.356
8.737
9.42
10.161
10.697
11.109
11.543
12.027
12.382
12.432
12.264
11.949
11.214
10.01
8.907
8.39
8.245
7.979
7.521
7.247
7.376
7.719
7.943
7.839
7.557
7.44
7.501
7.433
7.131
6.814
6.659
6.603
6.471
6.31
6.235
6.265
6.43
6.753
7.217
7.866
8.737
9.622
10.105
10.159
10.137
10.132
9.817
9.066
8.313
7.923
7.696
7.183
6.365
5.68
5.521
5.77
6.026
6.004
5.797
5.793
5.999
6.086
5.947
5.839
5.949
6.233
6.63
7.131
7.615
7.925
7.997
7.884
7.757
7.689
7.503
7.029
6.448
6.086
5.934
5.709
5.185
4.457
3.796
3.232
2.522
1.569
0.517
-0.299
-0.662
-0.934
-1.44
-1.946
-2.157
-2.349
-2.88
-3.579
-4.101
-4.573
-5.31
-6.374
-7.587
-8.612
-9.313
-9.935
-10.611
-11.065
-10.846
-9.989
-9.062
-8.399
-7.739
-7.018
-6.476
-6.142
-5.958
-6.013
-6.346
-6.737
-7.081
-7.523
-8.071
-8.401
-8.469
-8.635
-8.957
-9.034
-8.628
-8.029
-7.714
-7.766
-7.755
-7.27
-6.53
-6.253
-6.766
-7.267
-6.995
-6.315
-5.915
-5.757
-5.273
-4.057
-2.297
-0.623
0.505
1.308
2.409
3.91
5.06
5.337
5.294
5.612
6.245
6.723
6.721
6.365
6.056
6.004
5.997
5.768
5.428
5.312
5.359
5.287
5.182
5.219
5.244
5.042
4.779
4.792
5.065
5.228
5.176
5.267
5.747
6.43
7.002
7.551
8.143
8.392
8.331
8.195
7.728
6.94
6.19
5.362
4.157
3.119
2.458
1.331
-0.374
-1.488
-1.789
-2.47
-3.695
-4.445
-4.609
-5.04
-5.879
-6.614
-6.93
-6.843
-6.675
-6.627
-6.779
-6.961
-6.619
-5.707
-4.992
-4.688
-4.176
-3.361
-2.713
-2.424
-2.305
-2.302
-2.508
-2.853
-3.32
-3.881
-4.264
-4.427
-5.128
-6.795
-8.365
-8.619
-8.125
-8.143
-8.724
-8.853
-7.891
-6.174
-4.579
-3.686
-3.185
-2.211
-0.639
0.573
1.039
1.383
1.966
2.506
3.021
3.597
4.023
4.26
4.457
4.636
4.917
5.412
5.729
5.897
6.537
7.569
8.284
8.601
9.084
9.597
9.656
9.436
9.273
9.032
8.803
8.891
9.275
9.323
9.132
9.633
10.838
11.788
12.049
12.355
13.002
13.653
14.238
14.609
14.657
14.669
14.854
14.791
14.201
13.589
13.265
12.927
12.539
12.43
12.561
12.482
12.421
13.072
13.992
14.521
14.966
15.655
16.243
16.622
17.068
17.513
17.669
17.407
17.1
17.132
17.402
17.792
18.04
17.586
16.86
16.821
17.211
17.3
17.034
16.767
16.828
17.116
17.313
17.25
16.935
16.495
16.172
16.086
16.264
16.506
16.218
15.453
14.85
14.576
14.324
13.964
13.621
13.566
13.954
14.53
14.875
14.609
13.809
13.052
12.511
11.804
10.812
9.724
8.848
8.361
8.136
8.075
7.977
7.723
7.32
6.534
5.269
4.135
3.649
3.581
3.543
3.386
3.318
3.477
3.641
3.647
3.42
2.894
2.574
3.132
4.112
4.411
3.783
2.994
3.003
3.749
4.218
3.94
3.475
3.722
4.604
4.842
3.983
3.205
3.105
3.096
2.679
1.946
1.551
1.93
2.86
3.541
3.479
3.216
3.645
4.529
4.867
4.421
4.166
5.128
6.872
8.025
7.9
7.322
7.378
8.023
8.2
7.24
5.883
5.248
5.498
5.745
5.389
4.772
4.463
4.481
4.359
3.885
3.356
3.116
3.143
3.203
3.291
3.635
4.321
4.977
5.092
4.788
4.682
5.033
5.575
5.947
6.122
6.412
6.779
6.795
6.426
5.947
5.62
5.518
5.43
5.212
5.14
5.414
5.743
5.72
5.353
5.003
4.732
4.33
3.974
4.076
4.541
5.042
5.271
5.085
4.806
4.799
4.979
4.915
4.5
4.128
4.316
5.022
5.659
5.709
5.219
4.742
4.6
4.468
3.901
2.971
2.305
2.361
2.779
2.815
2.361
1.953
1.955
2.134
2.091
1.71
1.25
0.993
0.939
0.968
1.068
1.138
1.059
0.825
0.362
-0.249
-0.569
-0.424
-0.197
-0.328
-0.752
-0.841
-0.281
0.312
0.385
0.226
0.079
-0.179
-0.331
-0.138
0.129
0.047
-0.265
-0.186
0.374
0.51
0.167
0.401
1.127
1.136
0.458
0.013
-0.002
0.326
0.505
-0.117
-0.923
-0.955
-0.537
-0.163
0.252
0.619
1.003
1.794
2.747
3.438
3.786
3.611
3.52
4.007
4.18
3.77
3.67
3.931
3.783
3.203
2.821
2.971
3.234
2.808
2.073
1.88
2.259
2.767
3.268
3.686
4.047
4.543
5.289
6.09
6.484
6.247
5.63
5.108
4.995
5.128
4.756
3.912
3.482
3.475
3.273
2.846
2.552
2.418
2.411
2.447
2.715
3.409
4.171
4.481
4.636
5.172
5.854
6.052
5.405
4.523
4.223
4.173
3.749
3.114
2.785
2.855
3.273
3.754
4.028
4.146
4.189
4.264
4.495
4.604
4.13
3.577
3.651
3.949
3.643
2.95
2.753
3.253
3.729
3.479
2.864
2.631
2.928
3.261
3.302
3.175
3.273
3.79
4.529
5.128
5.317
5.096
4.704
4.375
4.139
3.778
3.148
2.522
2.13
1.749
1.234
0.88
0.855
0.973
1.075
1.148
1.417
1.944
2.295
2.32
2.456
2.912
3.404
3.643
3.502
3.153
2.932
2.779
2.494
2.068
1.531
1.184
1.261
1.519
1.569
1.351
1.036
1.016
1.456
1.923
1.966
1.556
1.061
0.766
0.646
0.344
-0.115
-0.542
-0.871
-0.957
-0.687
-0.254
-0.002
-0.107
-0.324
-0.233
0.038
0.059
-0.188
-0.354
-0.152
0.306
0.539
0.342
0.104
-0.013
-0.183
-0.437
-0.682
-0.837
-0.805
-0.744
-0.837
-0.968
-1.216
-1.551
-1.769
-1.955
-2.227
-2.497
-2.774
-3.012
-3.01
-2.892
-2.79
-2.731
-2.908
-3.193
-3.166
-2.903
-2.837
-3.069
-3.406
-3.572
-3.552
-3.643
-4.033
-4.491
-4.711
-4.652
-4.688
-5.117
-5.609
-5.886
-6.176
-6.725
-7.444
-8.063
-8.429
-8.622
-8.817
-8.971
-9.091
-9.196
-9.191
-9.186
-9.343
-9.481
-9.47
-9.458
-9.568
-9.669
-9.594
-9.323
-9.075
-9.125
-9.492
-9.878
-9.932
-9.76
-9.758
-9.901
-9.894
-9.747
-9.742
-9.978
-10.316
-10.638
-10.994
-11.38
-11.611
-11.693
-11.663
-11.294
-10.565
-9.799
-9.109
-8.429
-7.712
-6.856
-6.022
-5.534
-5.301
-5.026
-4.732
-4.674
-4.951
-5.287
-5.484
-5.7
-6.068
-6.385
-6.401
-6.167
-5.804
-5.242
-4.682
-4.541
-4.869
-5.23
-5.248
-4.792
-4.067
-3.443
-3.003
-2.438
-1.742
-1.467
-1.98
-3.01
-3.872
-4.239
-4.396
-4.509
-4.089
-2.755
-1.506
-1.717
-2.858
-3.091
-2.154
-1.733
-2.579
-3.406
-2.882
-1.469
-0.555
-0.771
-1.744
-2.89
-3.751
-4.148
-4.323
-4.529
-4.579
-4.169
-3.304
-2.202
-1.129
-0.262
0.356
0.542
0.315
0.451
1.594
2.867
2.876
1.984
1.789
2.586
2.849
1.708
0.247
-0.274
-0.079
0.02
-0.109
-0.029
0.367
0.565
0.165
-0.41
-0.483
0.095
0.932
1.61
2.054
2.556
3.268
3.852
3.849
3.205
2.402
1.962
2.014
2.277
2.536
2.853
3.257
3.425
2.969
2.018
1.177
0.718
0.21
-0.619
-1.168
-0.83
-0.159
-0.17
-0.977
-1.887
-2.372
-2.631
-3.112
-3.649
-3.541
-2.733
-1.909
-1.472
-1.335
-1.261
-1.102
-1.013
-1.304
-1.973
-2.447
-2.225
-1.662
-1.662
-2.463
-3.416
-3.931
-4.115
-4.459
-5.18
-5.861
-5.732
-4.937
-4.377
-4.314
-4.257
-4.115
-4.473
-5.412
-6.052
-5.691
-4.933
-4.647
-4.674
-4.4
-3.708
-3.01
-2.874
-3.434
-4.023
-3.908
-3.023
-2.06
-1.678
-1.835
-2.091
-2.241
-2.386
-2.878
-3.815
-4.647
-4.761
-4.268
-3.84
-3.699
-3.398
-3.021
-3.125
-3.463
-3.32
-2.781
-2.57
-2.996
-3.567
-3.641
-3.257
-2.992
-3.157
-3.595
-3.824
-3.651
-3.384
-3.205
-3.096
-3.13
-3.145
-2.833
-2.302
-2.057
-2.275
-2.626
-2.733
-2.681
-2.635
-2.352
-1.799
-1.44
-1.517
-1.841
-2.078
-2.112
-2.134
-2.239
-2.255
-1.873
-1.054
-0.29
-0.113
-0.34
-0.487
-0.385
-0.226
-0.156
-0.004
0.349
0.78
1.193
1.447
1.304
0.925
0.796
1.091
1.565
1.935
2.195
2.599
3.161
3.645
3.749
3.468
3.028
2.57
2.005
1.297
0.628
0.088
-0.34
-0.619
-0.583
-0.24
0.117
0.367
0.571
0.792
1.188
1.846
2.565
3.214
3.604
3.572
3.33
3.137
2.962
2.69
2.305
1.833
1.469
1.19
0.85
0.37
-0.159
-0.494
-0.562
-0.553
-0.569
-0.589
-0.592
-0.401
-0.009
0.351
0.515
0.537
0.519
0.535
0.547
0.526
0.442
0.29
0.206
0.336
0.517
0.481
0.195
-0.086
-0.104
0.107
0.336
0.562
0.814
1.084
1.379
1.59
1.574
1.453
1.372
1.17
0.784
0.503
0.542
0.776
0.945
0.889
0.607
0.36
0.306
0.258
0.079
-0.043
0.17
0.589
0.682
0.274
-0.181
-0.32
-0.177
0.095
0.265
0.292
0.465
0.859
1.124
1.098
0.997
1.036
1.041
0.66
0.033
-0.392
-0.473
-0.447
-0.617
-1.145
-1.828
-2.327
-2.769
-3.509
-4.491
-5.038
-4.781
-4.189
-3.856
-3.704
-3.32
-2.703
-2.247
-2.154
-2.186
-1.962
-1.415
-0.905
-0.832
-1.111
-1.349
-1.406
-1.619
-2.257
-3.082
-3.638
-3.854
-4.06
-4.521
-4.949
-5.04
-4.804
-4.416
-4.169
-4.171
-4.252
-4.236
-4.182
-4.205
-4.264
-4.228
-4.21
-4.479
-4.895
-5.065
-5.047
-5.151
-5.387
-5.432
-5.076
-4.447
-3.852
-3.541
-3.57
-3.744
-3.81
-3.796
-3.962
-4.479
-5.214
-5.833
-6.271
-6.784
-7.573
-8.433
-8.953
-8.989
-8.937
-9.122
-9.297
-9.08
-8.596
-8.206
-7.914
-7.589
-7.251
-6.948
-6.721
-6.673
-6.782
-6.866
-6.852
-6.864
-7.072
-7.476
-7.902
-8.229
-8.547
-8.919
-9.268
-9.504
-9.66
-9.908
-10.32
-10.581
-10.601
-10.781
-11.316
-11.856
-11.976
-11.845
-11.776
-11.688
-11.373
-10.996
-10.801
-10.765
-10.82
-10.838
-10.756
-10.704
-10.826
-11.023
-11.123
-11.13
-11.191
-11.396
-11.768
-12.214
-12.509
-12.568
-12.702
-13.178
-13.703
-13.832
-13.657
-13.625
-13.918
-14.209
-14.308
-14.349
-14.458
-14.628
-14.773
-14.862
-14.939
-15.091
-15.26
-15.329
-15.352
-15.583
-16.084
-16.431
-16.268
-15.832
-15.487
-15.304
-15.165
-14.946
-14.53
-14.047
-13.771
-13.753
-13.727
-13.605
-13.528
-13.628
-13.834
-14.056
-14.31
-14.687
-15.229
-15.903
-16.379
-16.533
-16.672
-17.048
-17.379
-17.255
-16.81
-16.501
-16.427
-16.193
-15.545
-14.739
-14.172
-13.87
-13.539
-13.011
-12.435
-12.067
-11.997
-11.979
-11.772
-11.511
-11.489
-11.754
-12.092
-12.373
-12.625
-12.979
-13.433
-13.818
-13.974
-14.002
-14.156
-14.474
-14.673
-14.53
-14.253
-14.301
-14.605
-14.483
-13.689
-12.965
-12.933
-13.081
-12.555
-11.427
-10.574
-10.486
-10.878
-11.055
-10.756
-10.529
-11.083
-11.951
-12.11
-11.638
-11.559
-12.156
-12.716
-12.738
-12.612
-12.849
-13.231
-13.11
-12.387
-11.638
-11.407
-11.561
-11.602
-11.366
-11.296
-11.772
-12.622
-13.269
-13.353
-13.115
-12.988
-13.062
-12.99
-12.391
-11.489
-10.987
-11.125
-11.149
-10.531
-9.781
-9.54
-9.604
-9.461
-9
-8.64
-8.896
-9.71
-10.39
-10.436
-10.203
-10.332
-10.851
-11.141
-10.822
-10.071
-9.347
-9.064
-9.078
-8.742
-7.778
-6.782
-6.245
-5.836
-5.194
-4.516
-4.099
-3.992
-4.062
-3.962
-3.554
-3.173
-3.093
-2.971
-2.4
-1.604
-1.07
-0.88
-0.666
-0.154
0.403
0.526
0.31
0.276
0.639
1.082
1.179
0.907
0.671
0.792
1.005
0.989
0.939
1.304
2.073
2.799
3.3
3.76
4.282
4.706
4.856
4.732
4.55
4.602
4.833
4.867
4.557
4.271
4.387
4.799
5.062
4.945
4.677
4.643
4.883
5.26
5.652
5.863
5.636
5.072
4.559
4.262
3.96
3.475
2.971
2.758
3.046
3.726
4.368
4.595
4.579
4.684
5.062
5.512
5.804
5.902
5.952
6.063
6.201
6.11
5.659
5.053
4.461
3.802
3.03
2.352
1.998
1.846
1.598
1.308
1.315
1.565
1.712
1.638
1.633
1.966
2.488
2.867
3.003
3.008
3.069
3.164
2.971
2.47
1.971
1.698
1.585
1.429
1.127
0.837
0.796
0.977
1.07
0.846
0.513
0.426
0.61
0.718
0.503
0.238
0.262
0.465
0.351
-0.236
-0.825
-0.913
-0.635
-0.473
-0.557
-0.571
-0.276
0.19
0.449
0.326
0.009
-0.197
-0.229
-0.312
-0.617
-0.929
-0.984
-0.895
-1.021
-1.449
-1.794
-1.801
-1.694
-1.724
-1.769
-1.562
-1
-0.322
0.041
0.104
0.286
0.687
0.837
0.428
-0.22
-0.626
-0.716
-0.83
-1.25
-1.914
-2.486
-2.755
-2.735
-2.64
-2.631
-2.54
-2.075
-1.297
-0.66
-0.31
-0.063
0.163
0.156
-0.167
-0.632
-0.963
-1.091
-1.29
-1.724
-2.175
-2.49
-2.819
-3.248
-3.681
-3.962
-4.035
-3.942
-3.708
-3.384
-3.048
-2.697
-2.37
-2.213
-2.252
-2.365
-2.484
-2.676
-2.974
-3.336
-3.717
-4.017
-4.25
-4.511
-4.761
-4.867
-4.815
-4.761
-4.695
-4.339
-3.786
-3.556
-3.783
-4.055
-4.135
-4.273
-4.774
-5.482
-5.92
-5.888
-5.582
-5.414
-5.632
-5.918
-5.827
-5.578
-5.586
-5.802
-5.852
-5.609
-5.269
-5.047
-5.106
-5.325
-5.441
-5.432
-5.57
-5.994
-6.349
-6.263
-5.94
-5.847
-5.956
-5.938
-5.747
-5.636
-5.799
-6.108
-6.158
-5.82
-5.459
-5.321
-5.203
-4.865
-4.432
-4.236
-4.362
-4.527
-4.566
-4.618
-4.686
-4.67
-4.654
-4.688
-4.627
-4.45
-4.326
-4.273
-4.047
-3.607
-3.223
-3
-2.713
-2.159
-1.624
-1.485
-1.728
-2.005
-2.086
-2.128
-2.339
-2.518
-2.32
-1.851
-1.551
-1.515
-1.506
-1.356
-1.145
-0.987
-0.823
-0.537
-0.088
0.481
0.955
1.161
1.252
1.501
1.903
2.112
1.909
1.588
1.601
1.917
2.091
1.883
1.497
1.44
1.817
2.036
1.69
1.254
1.299
1.633
1.855
1.937
2.02
2.094
2.098
2.064
2.016
1.978
2.041
2.257
2.515
2.683
2.805
2.985
3.103
2.996
2.765
2.649
2.692
2.656
2.368
1.994
1.791
1.674
1.322
0.7
0.188
0.018
-0.107
-0.526
-1.075
-1.415
-1.551
-1.794
-2.388
-3.169
-3.817
-4.244
-4.609
-5.031
-5.451
-5.789
-5.974
-6.047
-6.072
-6.099
-6.138
-6.052
-5.759
-5.391
-5.135
-4.913
-4.638
-4.584
-4.919
-5.403
-5.802
-6.247
-6.875
-7.664
-8.365
-8.712
-8.814
-8.943
-9.068
-8.828
-8.25
-7.716
-7.478
-7.442
-7.254
-6.705
-6.044
-5.559
-5.072
-4.441
-3.87
-3.549
-3.286
-2.842
-2.397
-2.216
-2.186
-2.018
-1.742
-1.56
-1.49
-1.32
-0.923
-0.351
0.296
0.932
1.435
1.764
2.112
2.552
2.901
3.023
3.116
3.504
4.223
4.877
5.112
5.26
5.831
6.648
7.127
7.197
7.328
7.778
8.295
8.614
8.975
9.776
10.892
11.706
12.017
12.21
12.543
12.886
12.974
12.811
12.636
12.696
13.024
13.494
13.87
14.016
14.14
14.485
14.896
14.982
14.649
14.279
14.308
14.637
14.857
14.889
15.036
15.404
15.603
15.463
15.447
15.855
16.206
16.059
15.798
16.03
16.672
17.168
17.341
17.492
17.81
18.183
18.314
17.901
16.899
15.734
14.914
14.404
13.807
13.156
12.909
13.303
14.05
14.589
14.773
15.041
15.583
15.887
15.483
14.773
14.433
14.451
14.256
13.639
13.06
13.07
13.576
13.707
12.997
12.266
12.308
12.768
13.303
14.008
14.601
14.868
15.258
15.782
15.628
14.694
13.803
13.24
12.437
11.175
9.996
9.449
9.404
9.363
9.429
10.062
11.234
12.425
13.323
13.711
13.484
13.052
12.854
12.714
12.364
11.926
11.581
11.378
11.35
11.382
11.103
10.545
10.263
10.531
11.125
11.854
12.602
12.986
12.886
12.811
13.031
12.786
11.468
9.978
9.311
9.014
8.232
7.09
6.192
6.034
6.886
8.222
9.136
9.708
10.693
11.981
12.652
12.451
11.911
11.382
10.883
10.5
10.255
9.98
9.647
9.524
9.52
9.284
8.996
9.059
9.373
9.436
8.959
8.304
8.188
8.576
8.635
8.005
7.344
7.399
7.836
7.573
6.524
5.765
5.868
6.292
6.494
6.745
7.573
8.798
9.758
10.216
10.298
9.994
9.297
8.211
7.034
6.297
6.106
6.058
5.958
5.936
6.133
6.424
6.435
6.086
5.625
5.094
4.439
3.824
3.325
2.876
2.424
1.909
1.327
0.816
0.526
0.417
0.21
-0.333
-1.013
-1.284
-0.862
-0.254
-0.095
-0.378
-0.639
-0.8
-1.277
-2.547
-4.491
-6.444
-8.12
-9.638
-10.96
-11.82
-12.045
-11.89
-11.876
-12.001
-11.81
-11.053
-10.1
-9.62
-9.586
-9.347
-8.578
-7.802
-7.625
-7.834
-7.617
-6.729
-5.827
-5.478
-5.521
-5.341
-4.734
-4.266
-4.466
-4.94
-5.114
-4.99
-4.869
-5.182
-5.979
-6.646
-6.791
-6.927
-7.478
-8.17
-8.497
-8.197
-7.419
-6.387
-5.094
-3.33
-1.052
1.388
3.388
4.75
5.852
6.911
7.621
7.68
7.342
7.283
7.68
8.097
8.168
8.091
8.152
8.232
7.846
6.779
5.371
4.135
3.364
2.849
2.384
2.323
2.974
3.997
4.792
4.754
4.13
3.971
4.529
5.069
5.069
4.772
4.947
6.221
7.857
8.122
7.086
6.709
7.531
7.898
6.986
5.747
5.038
4.874
4.722
4.026
2.898
2.096
1.503
0.503
-0.78
-2.082
-3.541
-5.124
-6.605
-7.896
-8.909
-9.833
-10.681
-10.974
-10.543
-9.789
-8.764
-7.215
-5.564
-4.409
-3.674
-2.937
-2.279
-1.975
-1.835
-1.535
-1.177
-0.732
-0.154
0.057
-0.503
-1.592
-2.924
-4.559
-6.258
-7.442
-8.047
-8.479
-8.696
-8.27
-7.374
-6.786
-6.49
-6.06
-5.779
-5.516
-4.497
-2.976
-1.776
-0.925
0.093
1.519
3.145
4.366
4.965
5.343
5.863
6.576
7.195
7.351
7.292
7.573
7.991
7.995
7.664
7.51
7.667
7.911
8.059
8.095
8.045
8.075
8.329
8.526
8.222
7.762
7.839
8.435
9.091
9.618
10.182
11.023
11.949
12.537
12.813
13.289
14.281
15.395
16.104
16.536
17.032
17.49
17.688
17.602
17.266
16.831
16.62
16.64
16.617
16.556
16.538
16.558
16.658
16.692
16.493
16.016
15.469
15.19
15.356
15.674
15.945
16.515
17.422
18.214
18.804
19.407
19.949
20.251
20.265
20.204
20.283
20.323
20.047
19.525
18.926
18.425
18.089
17.618
16.76
15.814
15.061
14.349
13.51
12.67
12.158
12.19
12.612
13.156
13.616
14.006
14.53
14.941
14.721
13.94
13.076
12.214
11.275
10.269
9.275
8.61
8.442
8.456
8.274
7.839
7.406
7.133
6.755
6.063
5.391
5.062
4.929
4.877
4.847
4.766
4.788
4.929
4.869
4.439
3.772
3.223
2.956
2.685
2.257
1.878
1.78
2.009
2.384
2.563
2.552
2.692
2.978
3.008
2.703
2.406
2.379
2.492
2.411
2.193
2.318
2.96
3.701
4.076
4.005
3.802
3.763
3.738
3.452
2.998
2.771
2.99
3.531
4.026
4.155
4.031
3.953
4.023
3.949
3.477
2.944
2.739
2.763
2.894
3.323
4.026
4.736
5.203
5.401
5.584
5.913
6.117
5.868
5.208
4.609
4.45
4.521
4.377
4.026
3.751
3.806
4.226
4.7
4.827
4.513
4.091
4.053
4.437
4.745
4.713
4.559
4.658
5.04
5.428
5.646
5.652
5.482
5.328
5.242
5.101
4.885
4.561
4.103
3.722
3.701
3.942
4.06
3.881
3.57
3.404
3.495
3.651
3.661
3.643
3.924
4.437
4.784
4.899
4.831
4.555
4.194
3.888
3.609
3.348
3.173
3.145
3.253
3.304
3.253
3.216
3.141
2.919
2.595
2.297
2.114
2.016
2.06
2.2
2.198
1.948
1.633
1.293
0.837
0.276
-0.302
-0.776
-0.947
-0.721
-0.281
0.049
0.252
0.696
1.379
1.894
2.023
1.939
1.905
1.948
1.807
1.222
0.505
0.233
0.388
0.342
-0.101
-0.478
-0.599
-0.825
-1.206
-1.508
-1.642
-1.667
-1.583
-1.247
-0.565
0.288
1.106
1.853
2.534
3.062
3.352
3.422
3.259
2.885
2.397
2.1
2.261
2.624
2.674
2.465
2.563
3.153
3.549
3.201
2.615
2.454
2.617
2.606
2.297
2.014
2.173
2.579
2.751
2.787
2.887
2.992
3.139
3.334
3.484
3.674
4.107
4.74
5.325
5.729
6.144
6.779
7.465
7.871
7.705
7.002
6.36
6.108
5.588
4.447
3.504
3.554
4.273
4.584
4.155
3.826
4.234
4.849
4.899
4.477
4.128
4.23
4.661
5.069
5.33
5.659
6.156
6.687
6.99
6.838
6.217
5.491
5.122
5.058
4.774
4.151
3.804
3.946
3.949
3.422
2.842
2.708
2.79
2.679
2.361
2.041
1.78
1.558
1.409
1.361
1.331
1.268
1.313
1.608
2.048
2.281
2.191
2.048
2.13
2.315
2.349
2.239
2.128
2.07
2.078
2.245
2.583
2.66
2.005
0.993
0.415
0.356
0.154
-0.555
-1.116
-0.748
0.272
0.916
0.796
0.571
0.78
1.295
1.658
1.687
1.735
2.116
2.674
3.057
3.03
2.574
1.998
1.656
1.488
1.143
0.421
-0.349
-0.75
-0.802
-0.818
-0.918
-0.916
-0.684
-0.385
-0.224
-0.145
-0.002
0.17
0.197
0.179
0.292
0.51
0.614
0.358
-0.172
-0.607
-0.895
-1.166
-1.258
-1.184
-1.202
-1.274
-1.166
-0.832
-0.483
-0.328
-0.31
-0.177
0.093
0.213
0.031
-0.392
-0.848
-1.152
-1.297
-1.393
-1.492
-1.654
-1.837
-1.891
-1.968
-2.418
-3.28
-4.16
-4.593
-4.67
-4.856
-5.029
-4.827
-4.289
-3.774
-3.506
-3.298
-2.937
-2.717
-3.039
-3.688
-4.207
-4.627
-5.244
-6.183
-7.133
-7.776
-8.318
-9.021
-9.719
-10.153
-10.393
-10.659
-10.953
-11.073
-10.926
-10.713
-10.52
-10.171
-9.66
-9.172
-8.798
-8.565
-8.635
-9.039
-9.61
-10.141
-10.534
-10.924
-11.289
-11.316
-10.94
-10.486
-10.257
-10.229
-10.164
-9.926
-9.805
-9.978
-10.305
-10.52
-10.54
-10.39
-10.159
-9.878
-9.524
-9.166
-8.722
-8.118
-7.601
-7.519
-7.776
-7.805
-7.308
-6.648
-6.308
-6.176
-5.827
-5.198
-4.69
-4.616
-4.813
-4.967
-5.015
-5.094
-5.346
-5.704
-5.958
-5.922
-5.638
-5.417
-5.451
-5.417
-4.922
-4.226
-3.915
-4.153
-4.391
-4.007
-3.234
-2.896
-3.159
-3.356
-3.101
-2.831
-3.103
-3.763
-4.171
-4.001
-3.615
-3.484
-3.541
-3.37
-2.89
-2.454
-2.227
-2.036
-1.733
-1.467
-1.338
-1.372
-1.492
-1.515
-1.465
-1.49
-1.635
-1.814
-1.912
-1.869
-1.809
-1.914
-1.971
-1.59
-0.911
-0.388
-0.072
0.306
0.937
1.667
2.141
2.239
2.173
2.207
2.284
2.148
1.789
1.588
1.672
1.685
1.393
0.975
0.78
0.891
1.05
1.059
1.023
1.113
1.483
2.057
2.556
2.855
3.145
3.593
3.987
3.928
3.402
2.876
2.522
2.052
1.286
0.465
-0.057
-0.213
-0.312
-0.605
-0.953
-1.082
-0.877
-0.614
-0.708
-1.098
-1.427
-1.526
-1.508
-1.544
-1.678
-1.785
-1.724
-1.585
-1.635
-1.928
-2.191
-2.161
-2.132
-2.481
-3.096
-3.62
-3.944
-4.252
-4.692
-5.074
-5.164
-4.972
-4.692
-4.489
-4.459
-4.563
-4.658
-4.688
-4.677
-4.607
-4.429
-4.189
-3.908
-3.515
-3.073
-2.844
-2.924
-3.048
-3.089
-3.201
-3.493
-3.82
-3.928
-3.751
-3.448
-3.205
-3.145
-3.268
-3.338
-3.327
-3.416
-3.577
-3.615
-3.409
-3.044
-2.749
-2.617
-2.529
-2.315
-2.064
-2.052
-2.39
-2.794
-2.828
-2.504
-2.289
-2.379
-2.524
-2.524
-2.413
-2.239
-2.175
-2.357
-2.445
-2.125
-1.721
-1.749
-2.148
-2.502
-2.715
-2.98
-3.377
-3.649
-3.466
-2.867
-2.293
-2.08
-2.002
-1.706
-1.265
-0.995
-1.005
-1.111
-1.118
-1.054
-1
-0.955
-0.828
-0.533
-0.17
0.004
-0.029
-0.038
0.091
0.254
0.358
0.535
0.925
1.372
1.526
1.315
0.991
0.812
0.893
1.025
0.95
0.857
1.013
1.25
1.134
0.712
0.447
0.557
0.848
1.138
1.395
1.635
1.875
2.184
2.608
3.005
3.207
3.227
3.046
2.606
2.005
1.458
1.086
0.807
0.587
0.415
0.292
0.338
0.503
0.513
0.424
0.583
1.059
1.415
1.299
0.966
0.911
1.102
1.068
0.673
0.278
0.288
0.601
0.721
0.408
0.109
0.34
0.864
1.127
1.118
1.472
2.434
3.173
2.787
1.865
1.706
2.168
1.883
0.705
0.222
0.923
1.281
0.32
-0.862
-1.084
-0.823
-0.909
-1.349
-1.721
-1.554
-0.859
-0.417
-0.547
-0.222
1.463
3.243
3.245
2.098
2.182
3.704
4.503
3.448
1.544
0.421
0.621
1.054
0.29
-1.367
-2.084
-1.204
-0.258
-0.442
-0.95
-1.054
-1.458
-2.375
-3.078
-3.338
-3.214
-2.581
-1.819
-1.648
-1.757
-1.111
0.038
0.213
-0.85
-1.948
-2.402
-2.447
-2.347
-2.281
-2.236
-1.937
-1.345
-0.746
-0.497
-0.776
-1.453
-2.359
-3.304
-3.856
-3.754
-3.466
-3.597
-4.153
-4.55
-4.316
-3.679
-3.354
-3.695
-4.216
-4.23
-3.715
-3.293
-3.207
-3.175
-3.012
-2.862
-2.874
-3.073
-3.302
-3.289
-2.99
-2.771
-2.928
-3.078
-2.86
-2.71
-3.053
-3.565
-3.846
-3.87
-3.686
-3.463
-3.565
-4.123
-4.745
-5.072
-5.185
-5.385
-5.895
-6.591
-6.954
-6.689
-6.331
-6.503
-6.948
-7.133
-7.129
-7.179
-7.117
-6.741
-6.242
-5.911
-5.779
-5.614
-5.18
-4.566
-4.171
-4.455
-5.348
-6.12
-6.255
-6.158
-6.474
-7.306
-8.172
-8.594
-8.576
-8.492
-8.722
-9.222
-9.615
-9.663
-9.574
-9.506
-9.234
-8.66
-8.34
-8.581
-8.959
-9.08
-8.905
-8.664
-8.648
-8.798
-8.708
-8.224
-7.776
-7.8
-8.333
-9.016
-9.552
-9.948
-10.39
-11.033
-11.76
-12.242
-12.353
-12.362
-12.335
-12.076
-11.652
-11.398
-11.45
-11.704
-12.055
-12.482
-12.961
-13.578
-14.346
-14.948
-15.055
-14.832
-14.701
-14.665
-14.369
-13.821
-13.464
-13.508
-13.713
-13.857
-13.924
-14.02
-14.344
-14.854
-15.086
-14.766
-14.313
-14.181
-14.365
-14.605
-14.721
-14.875
-15.354
-16.148
-16.881
-17.089
-16.701
-16.302
-16.311
-16.441
-16.25
-15.776
-15.404
-15.354
-15.374
-15.274
-15.222
-15.302
-15.35
-15.12
-14.587
-14.018
-13.666
-13.357
-12.807
-12.063
-11.613
-11.706
-11.947
-11.858
-11.491
-11.237
-11.368
-11.845
-12.301
-12.455
-12.448
-12.473
-12.636
-12.961
-13.355
-13.68
-13.854
-13.986
-14.008
-13.741
-13.278
-12.891
-12.53
-11.906
-11.13
-10.797
-11.109
-11.391
-11.096
-10.672
-10.722
-11.062
-10.999
-10.386
-9.813
-9.783
-10.084
-10.221
-10.021
-9.797
-9.994
-10.531
-11.003
-11.159
-11.225
-11.507
-11.971
-12.339
-12.561
-12.811
-13.188
-13.63
-13.952
-13.982
-13.789
-13.552
-13.357
-13.094
-12.659
-12.246
-12.037
-11.781
-11.298
-10.894
-10.885
-11.194
-11.489
-11.581
-11.742
-12.332
-13.112
-13.478
-13.267
-12.938
-12.915
-13.19
-13.46
-13.448
-13.192
-12.949
-12.845
-12.743
-12.471
-12.11
-11.956
-12.112
-12.278
-12.087
-11.579
-11.162
-11.071
-10.987
-10.468
-9.628
-9.039
-8.977
-9.027
-8.646
-7.911
-7.404
-7.338
-7.265
-6.745
-5.968
-5.414
-5.119
-4.766
-4.305
-3.892
-3.708
-3.874
-4.218
-4.248
-3.817
-3.368
-3.193
-3.019
-2.492
-1.69
-0.984
-0.764
-0.884
-0.702
0.047
0.812
1.068
1.032
1.247
1.873
2.554
2.942
3.143
3.44
3.901
4.228
4.182
3.944
3.792
3.729
3.583
3.277
2.99
2.937
3.109
3.32
3.448
3.511
3.656
3.912
3.999
3.788
3.531
3.472
3.527
3.601
3.76
3.994
4.078
3.974
3.908
4.051
4.334
4.525
4.457
4.284
4.302
4.62
4.953
4.867
4.398
4.041
3.953
3.828
3.531
3.201
2.944
2.753
2.656
2.642
2.604
2.531
2.529
2.595
2.647
2.774
2.99
3.114
2.969
2.608
2.209
1.919
1.807
1.871
2.009
2.166
2.37
2.492
2.354
2.109
1.978
1.941
1.925
1.883
1.805
1.791
1.973
2.318
2.695
2.958
3.05
2.96
2.742
2.55
2.402
2.118
1.654
1.174
0.887
0.81
0.628
0.19
-0.262
-0.412
-0.183
0.22
0.473
0.614
0.939
1.467
1.944
2.189
2.209
2.154
2.161
2.218
2.239
2.094
1.714
1.12
0.437
-0.117
-0.447
-0.653
-0.895
-1.198
-1.445
-1.503
-1.272
-0.868
-0.655
-0.823
-1.045
-0.884
-0.417
-0.057
0.015
-0.013
0.125
0.41
0.562
0.415
0.054
-0.304
-0.521
-0.623
-0.734
-0.846
-0.918
-0.991
-1.15
-1.383
-1.578
-1.71
-1.801
-1.853
-1.849
-1.753
-1.576
-1.445
-1.519
-1.787
-1.966
-2
-2.139
-2.531
-2.876
-2.903
-2.799
-2.842
-3.042
-3.216
-3.161
-3.026
-3.132
-3.422
-3.588
-3.563
-3.525
-3.593
-3.738
-3.836
-3.849
-3.949
-4.18
-4.405
-4.414
-4.164
-3.999
-4.139
-4.286
-4.151
-3.974
-4.017
-4.182
-4.232
-4.023
-3.593
-3.125
-2.849
-2.853
-3.205
-3.833
-4.298
-4.423
-4.584
-4.811
-4.489
-3.461
-2.69
-3.05
-4.033
-4.418
-4.141
-4.148
-4.77
-5.412
-5.541
-5.132
-4.416
-3.951
-4.257
-5.065
-5.473
-5.317
-5.317
-5.895
-6.616
-6.703
-5.958
-5.158
-4.903
-4.781
-4.282
-3.783
-3.842
-4.257
-4.348
-3.997
-3.774
-3.922
-4.069
-4.06
-4.115
-4.35
-4.654
-4.872
-4.919
-4.74
-4.377
-4.103
-4.089
-4.169
-4.166
-4.101
-4.051
-4.053
-3.933
-3.5
-2.819
-2.12
-1.624
-1.372
-1.243
-1.308
-1.76
-2.236
-2.17
-1.755
-1.601
-1.606
-1.279
-0.66
-0.278
-0.433
-0.83
-1.086
-1.154
-1.164
-1.12
-0.987
-0.768
-0.503
-0.186
0.159
0.362
0.288
0.17
0.388
0.929
1.369
1.458
1.472
1.724
2.03
2.054
1.901
1.941
2.227
2.544
2.776
2.885
2.864
2.771
2.651
2.5
2.275
2.025
1.941
2.044
2.13
2.08
2.032
2.265
2.679
2.779
2.318
1.717
1.544
1.791
1.921
1.771
1.762
2.084
2.397
2.323
1.817
1.063
0.376
0.061
0.022
-0.079
-0.356
-0.766
-1.322
-2.044
-2.853
-3.674
-4.432
-4.979
-5.242
-5.271
-5.172
-5.029
-4.945
-5.072
-5.375
-5.718
-5.992
-6.255
-6.591
-6.827
-6.729
-6.435
-6.389
-6.789
-7.256
-7.471
-7.698
-8.295
-8.971
-9.227
-9.168
-9.154
-9.17
-8.919
-8.32
-7.746
-7.557
-7.521
-7.235
-6.725
-6.321
-6.185
-6.174
-5.94
-5.389
-4.802
-4.495
-4.455
-4.31
-3.894
-3.509
-3.336
-3.216
-2.91
-2.415
-2.02
-1.978
-1.964
-1.472
-0.542
0.252
0.637
1.106
2.125
3.284
3.822
3.74
3.836
4.547
5.5
6.122
6.405
6.861
7.776
8.767
9.259
9.234
9.096
9.059
9.034
8.896
8.771
8.794
8.959
9.341
9.992
10.653
11.065
11.323
11.597
11.836
12.013
12.253
12.722
13.335
13.868
14.258
14.578
14.866
15.057
15.105
15.097
15.338
15.756
15.959
15.993
16.17
16.359
16.248
15.964
15.893
15.898
15.463
14.732
14.374
14.56
14.83
14.778
14.496
14.419
14.755
15.134
15.258
15.294
15.49
15.837
16.206
16.592
16.897
16.855
16.61
16.586
16.815
17.003
17.048
17.162
17.434
17.584
17.318
16.767
16.12
15.32
14.292
13.203
12.371
11.945
11.597
10.994
10.49
10.606
11.187
11.618
11.654
11.774
12.414
13.305
13.992
14.342
14.444
14.478
14.454
14.102
13.307
12.224
11.284
10.785
10.54
10.37
10.336
10.586
11.194
11.911
12.344
12.439
12.487
12.625
12.616
12.067
11.089
10.161
9.443
8.722
7.918
7.143
6.594
6.317
6.172
6.158
6.542
7.567
8.953
10.053
10.695
11.328
12.269
13.24
13.711
13.469
12.811
12.198
11.781
11.3
10.518
9.708
9.404
9.628
9.962
10.177
10.339
10.472
10.581
10.538
10.253
9.669
8.921
8.252
7.657
6.966
6.301
5.947
5.938
6.213
6.75
7.415
8.055
8.696
9.483
10.47
11.461
12.242
12.82
13.115
13.174
13.212
13.219
12.883
12.216
11.605
11.219
10.776
9.996
9.13
8.59
8.295
7.902
7.288
6.605
6.036
5.641
5.237
4.62
4.076
4.015
4.218
4.234
4.135
4.477
5.562
6.952
7.961
8.471
8.903
9.463
9.903
9.823
9.157
8.427
7.936
7.242
6.018
4.477
2.953
1.58
0.195
-1.49
-3.261
-4.584
-5.278
-5.725
-6.416
-7.227
-7.605
-7.619
-7.855
-8.469
-9.141
-9.597
-9.787
-9.873
-10.05
-10.271
-10.257
-9.878
-9.413
-9.17
-8.955
-8.419
-7.637
-7.025
-6.811
-6.845
-6.818
-6.632
-6.53
-6.732
-7.07
-7.045
-6.609
-6.326
-6.542
-6.964
-7.133
-7.119
-7.26
-7.587
-7.871
-7.975
-8.002
-8.059
-8.154
-8.159
-7.957
-7.599
-7.165
-6.655
-5.974
-4.972
-3.588
-1.959
-0.233
1.626
3.742
5.931
7.646
8.544
8.923
9.238
9.586
9.681
9.309
8.594
7.905
7.362
6.685
5.641
4.5
3.631
2.976
2.331
1.701
1.148
0.75
0.519
0.499
0.692
0.997
1.519
2.424
3.554
4.547
5.371
6.537
8.071
9.234
9.842
10.243
10.472
10.49
10.593
10.377
9.209
7.651
6.453
5.101
2.855
0.206
-2.041
-3.776
-5.221
-6.442
-7.301
-7.605
-7.61
-7.784
-7.76
-7.292
-7.095
-7.383
-7.386
-6.671
-5.387
-4.071
-3.529
-3.448
-2.717
-1.302
-0.32
-0.306
-0.882
-1.638
-2.504
-3.354
-3.815
-3.935
-4.284
-4.67
-4.323
-3.375
-2.792
-3.388
-4.888
-6.097
-6.521
-7.229
-8.905
-10.52
-10.697
-9.345
-7.519
-6.028
-4.797
-3.545
-2.291
-1.045
-0.312
-0.523
-0.887
-0.27
1.388
3.307
4.666
5.339
6.224
7.562
8.313
7.757
6.321
5.053
4.668
5.056
5.754
6.65
7.587
8.304
8.735
8.883
8.656
8.118
7.412
6.764
6.521
6.922
7.918
9.005
9.465
9.241
9.162
9.889
11.244
12.55
13.17
13.178
13.403
14.344
15.458
15.961
16.025
16.347
16.935
17.325
17.536
17.783
17.837
17.524
17.044
16.497
15.855
15.081
14.135
13.328
13.203
13.773
14.653
15.497
16.086
16.441
16.59
16.606
16.891
17.532
18.044
18.529
19.516
20.9
22.068
22.689
22.8
22.344
21.122
19.479
18.248
17.552
17
16.52
16.109
15.687
15.313
14.86
13.972
12.75
11.686
11.212
11.31
11.756
12.453
13.301
14.043
14.433
14.279
13.614
12.877
12.425
12.069
11.368
10.377
9.61
9.331
9.404
9.456
9.175
8.696
8.451
8.551
8.535
7.973
7.104
6.53
6.317
5.976
5.255
4.427
3.824
3.629
3.599
3.336
2.794
2.173
1.651
1.206
0.796
0.501
0.567
1.07
1.901
2.934
3.949
4.742
5.251
5.469
5.291
4.629
3.747
3.143
2.962
2.898
2.878
2.908
2.896
2.908
3.028
3.123
2.96
2.479
2.012
2.091
2.708
3.461
4.096
4.559
4.901
5.228
5.628
5.886
5.781
5.317
4.75
4.359
4.185
4.107
4.055
4.012
4.044
4.284
4.668
5.029
5.337
5.6
5.723
5.534
5.151
4.908
4.929
4.999
5.008
5.053
5.262
5.528
5.646
5.455
4.897
4.06
3.161
2.472
1.991
1.751
1.975
2.642
3.284
3.613
3.86
4.187
4.489
4.607
4.429
3.999
3.808
4.346
5.369
6.104
6.239
6.251
6.589
7.034
7.061
6.487
5.505
4.559
3.981
3.656
3.173
2.445
1.923
1.907
2.179
2.341
2.252
2.1
2.148
2.484
2.921
3.164
3.232
3.334
3.565
3.971
4.684
5.457
5.709
5.298
4.742
4.359
3.904
2.969
1.608
0.378
-0.229
-0.244
-0.057
-0.02
-0.197
-0.388
-0.428
-0.453
-0.565
-0.587
-0.356
0.033
0.431
0.782
0.979
0.923
0.742
0.573
0.31
-0.059
-0.435
-0.766
-0.959
-0.941
-0.726
-0.36
-0.063
-0.013
-0.051
0.143
0.689
1.268
1.463
1.354
1.422
1.789
2.1
2.132
1.896
1.51
1.214
1.208
1.393
1.44
1.232
0.982
0.864
0.88
0.921
0.903
1.063
1.58
2.295
2.928
3.396
3.72
3.915
3.933
3.808
3.686
3.792
4.169
4.459
4.445
4.278
4.148
4.103
3.994
3.604
2.905
2.339
2.273
2.592
2.892
3.019
3.191
3.511
3.74
3.697
3.468
3.216
3.175
3.436
3.912
4.505
5.185
5.779
6.002
5.859
5.67
5.643
5.564
5.13
4.418
3.846
3.659
3.665
3.536
3.3
3.316
3.758
4.402
4.869
5.083
5.237
5.471
5.747
5.915
5.804
5.423
5.114
5.058
5.042
4.842
4.568
4.4
4.307
4.236
4.076
3.758
3.43
3.277
3.282
3.332
3.484
3.849
4.255
4.339
4.16
4.091
4.171
4.019
3.414
2.66
2.311
2.518
2.885
2.896
2.481
2.104
2.159
2.413
2.305
1.755
1.261
1.154
1.247
1.186
0.839
0.453
0.286
0.356
0.478
0.513
0.567
0.71
0.744
0.519
0.283
0.344
0.628
0.83
0.898
0.975
1.05
0.995
0.773
0.41
-0.091
-0.63
-1.048
-1.44
-1.873
-2.154
-2.154
-2.046
-1.905
-1.447
-0.646
0.033
0.217
0.12
0.145
0.304
0.278
-0.029
-0.362
-0.557
-0.784
-1.179
-1.585
-1.805
-1.885
-1.962
-1.871
-1.385
-0.637
-0.011
0.336
0.555
0.778
0.925
0.968
0.898
0.594
0.129
-0.281
-0.621
-0.973
-1.379
-1.769
-2.028
-2.175
-2.37
-2.563
-2.49
-2.173
-1.966
-2.114
-2.484
-2.665
-2.481
-2.243
-2.327
-2.695
-3.019
-3.062
-2.987
-3.096
-3.475
-3.951
-4.38
-4.854
-5.559
-6.342
-6.89
-7.312
-7.841
-8.411
-8.857
-9.148
-9.207
-9.091
-9.023
-9.128
-9.13
-8.758
-8.3
-8.208
-8.461
-8.603
-8.54
-8.73
-9.465
-10.3
-10.724
-10.761
-10.749
-11.012
-11.407
-11.457
-11.094
-10.713
-10.563
-10.511
-10.434
-10.291
-10.107
-9.939
-9.903
-9.926
-9.739
-9.338
-9.007
-8.933
-8.887
-8.612
-8.204
-7.971
-7.839
-7.487
-7.02
-6.882
-7.027
-7.009
-6.723
-6.516
-6.573
-6.376
-5.516
-4.461
-4.003
-4.216
-4.513
-4.396
-3.867
-3.482
-3.844
-4.645
-4.799
-4.071
-3.731
-4.555
-5.528
-5.421
