Unnamed: 3
Value
-0.202
-0.215
-0.066
0.059
0.088
0.073
0.061
0.052
0.077
0.145
0.188
0.152
0.12
0.15
0.159
0.095
0.041
0.07
0.109
0.1
0.107
0.136
0.134
0.104
0.143
0.184
0.147
0.088
0.098
0.134
0.145
0.186
0.243
0.204
0.122
0.086
0.068
0.011
-0.011
0.073
0.166
0.211
0.265
0.356
0.343
0.245
0.236
0.245
0.156
0.066
0.05
0.029
-0.007
0.005
0.098
0.17
0.202
0.238
0.24
0.225
0.245
0.293
0.306
0.215
0.098
0.029
-0.009
-0.011
0.059
0.181
0.27
0.343
0.435
0.501
0.492
0.458
0.429
0.315
0.109
-0.011
-0.009
0
0.027
0.138
0.34
0.485
0.54
0.563
0.547
0.445
0.302
0.238
0.229
0.159
0.075
0.063
0.095
0.15
0.302
0.506
0.615
0.61
0.583
0.544
0.485
0.435
0.401
0.356
0.295
0.213
0.163
0.22
0.365
0.567
0.714
0.748
0.714
0.685
0.606
0.472
0.372
0.302
0.181
0.073
0.118
0.268
0.431
0.569
0.699
0.798
0.805
0.762
0.714
0.637
0.526
0.42
0.377
0.349
0.333
0.383
0.524
0.633
0.665
0.705
0.762
0.762
0.714
0.655
0.567
0.458
0.397
0.39
0.381
0.383
0.433
0.472
0.517
0.603
0.696
0.737
0.685
0.603
0.528
0.449
0.388
0.352
0.349
0.363
0.392
0.44
0.528
0.644
0.746
0.776
0.71
0.617
0.587
0.549
0.472
0.397
0.372
0.397
0.397
0.395
0.401
0.422
0.458
0.497
0.522
0.574
0.592
0.558
0.519
0.472
0.47
0.492
0.497
0.458
0.438
0.454
0.485
0.522
0.563
0.597
0.624
0.646
0.612
0.56
0.556
0.603
0.615
0.563
0.501
0.49
0.526
0.558
0.583
0.628
0.669
0.624
0.549
0.556
0.583
0.599
0.628
0.64
0.581
0.519
0.515
0.565
0.637
0.685
0.703
0.703
0.701
0.73
0.787
0.814
0.76
0.649
0.578
0.565
0.542
0.519
0.528
0.556
0.628
0.719
0.773
0.733
0.66
0.615
0.569
0.535
0.531
0.542
0.526
0.506
0.528
0.572
0.617
0.667
0.728
0.758
0.746
0.71
0.674
0.646
0.637
0.667
0.671
0.606
0.538
0.54
0.59
0.642
0.705
0.778
0.814
0.798
0.724
0.631
0.549
0.488
0.415
0.352
0.363
0.42
0.485
0.567
0.667
0.73
0.773
0.803
0.81
0.755
0.644
0.54
0.479
0.474
0.494
0.517
0.535
0.542
0.565
0.642
0.742
0.792
0.764
0.678
0.619
0.594
0.526
0.417
0.356
0.361
0.361
0.327
0.37
0.513
0.642
0.737
0.796
0.762
0.631
0.549
0.519
0.472
0.395
0.324
0.288
0.331
0.42
0.531
0.667
0.778
0.817
0.767
0.719
0.667
0.563
0.454
0.408
0.395
0.349
0.272
0.249
0.322
0.449
0.544
0.574
0.574
0.617
0.683
0.701
0.628
0.501
0.415
0.392
0.404
0.388
0.329
0.311
0.417
0.556
0.617
0.64
0.662
0.687
0.671
0.576
0.47
0.392
0.331
0.32
0.354
0.381
0.349
0.345
0.408
0.501
0.565
0.558
0.49
0.381
0.352
0.406
0.42
0.347
0.238
0.195
0.24
0.308
0.322
0.329
0.363
0.42
0.476
0.474
0.429
0.435
0.476
0.485
0.401
0.265
0.163
0.129
0.17
0.249
0.279
0.249
0.265
0.356
0.438
0.435
0.397
0.354
0.288
0.243
0.229
0.184
0.129
0.102
0.175
0.265
0.308
0.299
0.304
0.338
0.358
0.347
0.302
0.249
0.252
0.279
0.279
0.225
0.127
0.088
0.163
0.293
0.372
0.343
0.286
0.279
0.318
0.329
0.263
0.177
0.129
0.098
0.05
0.032
0.068
0.129
0.22
0.308
0.347
0.311
0.236
0.209
0.227
0.213
0.147
0.073
0.063
0.132
0.227
0.293
0.288
0.234
0.204
0.236
0.243
0.197
0.138
0.093
0.059
0.07
0.088
0.079
0.1
0.184
0.24
0.215
0.168
0.154
0.175
0.19
0.156
0.079
-0.009
-0.061
-0.043
0
0.043
0.086
0.147
0.215
0.259
0.295
0.295
0.211
0.07
-0.036
-0.075
-0.104
-0.129
-0.122
-0.063
0.018
0.095
0.159
0.2
0.215
0.197
0.122
-0.034
-0.202
-0.277
-0.234
-0.163
-0.125
-0.1
-0.041
0.054
0.141
0.17
0.152
0.104
0.045
-0.016
-0.084
-0.132
-0.175
-0.225
-0.254
-0.234
-0.156
-0.079
-0.009
0.091
0.172
0.17
0.102
0.034
-0.039
-0.125
-0.211
-0.283
-0.386
-0.483
-0.467
-0.306
-0.132
-0.052
-0.034
-0.014
0.032
0.029
-0.068
-0.166
-0.193
-0.209
-0.268
-0.299
-0.274
-0.234
-0.179
-0.095
-0.048
-0.063
-0.116
-0.163
-0.163
-0.143
-0.175
-0.227
-0.243
-0.238
-0.234
-0.234
-0.218
-0.218
-0.277
-0.329
-0.283
-0.168
-0.136
-0.211
-0.238
-0.2
-0.213
-0.288
-0.327
-0.283
-0.231
-0.22
-0.211
-0.175
-0.175
-0.2
-0.19
-0.147
-0.175
-0.279
-0.318
-0.281
-0.222
-0.204
-0.231
-0.249
-0.238
-0.243
-0.27
-0.306
-0.32
-0.356
-0.438
-0.488
-0.413
-0.308
-0.279
-0.27
-0.229
-0.218
-0.265
-0.293
-0.283
-0.299
-0.349
-0.383
-0.383
-0.397
-0.442
-0.408
-0.304
-0.227
-0.279
-0.345
-0.324
-0.272
-0.279
-0.345
-0.388
-0.388
-0.408
-0.429
-0.422
-0.435
-0.447
-0.451
-0.488
-0.519
-0.481
-0.438
-0.433
-0.422
-0.404
-0.429
-0.472
-0.465
-0.42
-0.395
-0.406
-0.383
-0.374
-0.422
-0.456
-0.42
-0.367
-0.37
-0.415
-0.46
-0.458
-0.442
-0.447
-0.458
-0.46
-0.44
-0.42
-0.42
-0.449
-0.474
-0.483
-0.497
-0.526
-0.556
-0.565
-0.563
-0.508
-0.429
-0.406
-0.449
-0.49
-0.456
-0.42
-0.442
-0.474
-0.472
-0.479
-0.533
-0.547
-0.483
-0.413
-0.377
-0.372
-0.377
-0.356
-0.365
-0.399
-0.424
-0.438
-0.454
-0.465
-0.479
-0.501
-0.524
-0.535
-0.524
-0.515
-0.538
-0.54
-0.47
-0.347
-0.279
-0.311
-0.372
-0.404
-0.438
-0.492
-0.526
-0.538
-0.542
-0.551
-0.538
-0.474
-0.397
-0.338
-0.281
-0.259
-0.313
-0.379
-0.408
-0.404
-0.426
-0.474
-0.488
-0.463
-0.454
-0.456
-0.46
-0.458
-0.44
-0.458
-0.513
-0.522
-0.435
-0.37
-0.374
-0.397
-0.401
-0.424
-0.46
-0.467
-0.422
-0.411
-0.422
-0.415
-0.399
-0.417
-0.424
-0.386
-0.352
-0.349
-0.395
-0.438
-0.431
-0.408
-0.392
-0.401
-0.433
-0.438
-0.415
-0.442
-0.49
-0.49
-0.458
-0.504
-0.581
-0.538
-0.429
-0.411
-0.435
-0.411
-0.377
-0.411
-0.44
-0.408
-0.404
-0.458
-0.513
-0.524
-0.504
-0.499
-0.49
-0.417
-0.322
-0.295
-0.297
-0.306
-0.318
-0.333
-0.37
-0.42
-0.465
-0.479
-0.481
-0.531
-0.558
-0.46
-0.363
-0.401
-0.492
-0.465
-0.352
-0.313
-0.349
-0.349
-0.349
-0.424
-0.488
-0.456
-0.422
-0.458
-0.479
-0.424
-0.354
-0.338
-0.329
-0.277
-0.204
-0.166
-0.179
-0.263
-0.379
-0.426
-0.424
-0.417
-0.365
-0.286
-0.265
-0.313
-0.315
-0.238
-0.22
-0.347
-0.438
-0.388
-0.331
-0.388
-0.467
-0.433
-0.37
-0.333
-0.293
-0.225
-0.22
-0.324
-0.399
-0.392
-0.358
-0.374
-0.424
-0.422
-0.343
-0.277
-0.256
-0.265
-0.263
-0.22
-0.2
-0.218
-0.247
-0.249
-0.304
-0.395
-0.422
-0.365
-0.318
-0.336
-0.354
-0.297
-0.247
-0.263
-0.295
-0.279
-0.265
-0.306
-0.354
-0.37
-0.401
-0.433
-0.42
-0.354
-0.311
-0.322
-0.318
-0.277
-0.222
-0.218
-0.261
-0.308
-0.313
-0.279
-0.288
-0.329
-0.324
-0.274
-0.265
-0.265
-0.227
-0.175
-0.195
-0.274
-0.293
-0.249
-0.211
-0.245
-0.288
-0.297
-0.29
-0.288
-0.288
-0.265
-0.24
-0.238
-0.243
-0.238
-0.252
-0.297
-0.293
-0.234
-0.175
-0.145
-0.172
-0.188
-0.175
-0.177
-0.227
-0.263
-0.231
-0.188
-0.181
-0.209
-0.2
-0.152
-0.104
-0.068
-0.039
-0.009
-0.009
-0.061
-0.17
-0.229
-0.204
-0.188
-0.181
-0.163
-0.141
-0.113
-0.118
-0.113
-0.107
-0.088
-0.061
-0.048
-0.068
-0.12
-0.19
-0.209
-0.195
-0.17
-0.136
-0.091
-0.07
-0.059
-0.05
-0.077
-0.095
-0.057
0.002
0.011
-0.05
-0.095
-0.07
-0.041
-0.059
-0.059
0.025
0.075
0.048
-0.005
-0.018
-0.016
-0.041
-0.068
-0.032
0.023
0.039
0.029
0.009
0.002
-0.002
-0.007
-0.025
-0.032
-0.036
-0.1
-0.145
-0.104
-0.018
0.039
0.061
0.088
0.138
0.122
0.052
0.018
0.02
-0.005
-0.029
-0.027
-0.011
0.005
0.036
0.1
0.179
0.256
0.297
0.252
0.163
0.109
0.084
0.057
-0.005
-0.039
-0.032
-0.007
0.048
0.127
0.195
0.222
0.234
0.263
0.268
0.225
0.113
-0.018
-0.066
-0.016
0.054
0.088
0.107
0.138
0.168
0.195
0.238
0.268
0.249
0.211
0.213
0.231
0.188
0.104
0.093
0.163
0.259
0.331
0.372
0.347
0.277
0.215
0.231
0.311
0.333
0.256
0.22
0.268
0.32
0.322
0.308
0.288
0.288
0.306
0.313
0.288
0.236
0.19
0.175
0.222
0.302
0.32
0.311
0.345
0.401
0.449
0.447
0.388
0.327
0.304
0.299
0.29
0.302
0.306
0.281
0.279
0.354
0.476
0.522
0.458
0.413
0.445
0.472
0.431
0.374
0.345
0.32
0.293
0.302
0.352
0.377
0.34
0.318
0.381
0.463
0.463
0.383
0.322
0.333
0.383
0.401
0.386
0.367
0.383
0.408
0.447
0.497
0.504
0.476
0.46
0.467
0.49
0.488
0.44
0.413
0.451
0.517
0.531
0.488
0.465
0.472
0.485
0.517
0.556
0.581
0.569
0.56
0.558
0.549
0.538
0.51
0.485
0.49
0.501
0.506
0.481
0.458
0.47
0.517
0.565
0.621
0.676
0.683
0.651
0.642
0.674
0.69
0.658
0.628
0.64
0.653
0.64
0.621
0.594
0.578
0.628
0.728
0.787
0.771
0.742
0.737
0.744
0.76
0.773
0.769
0.751
0.769
0.808
0.801
0.758
0.724
0.726
0.719
0.703
0.708
0.728
0.714
0.683
0.68
0.71
0.769
0.837
0.873
0.878
0.857
0.835
0.812
0.778
0.751
0.755
0.767
0.787
0.805
0.787
0.778
0.814
0.887
0.925
0.887
0.848
0.83
0.817
0.803
0.783
0.767
0.778
0.805
0.812
0.805
0.785
0.771
0.776
0.783
0.762
0.737
0.71
0.708
0.694
0.66
0.646
0.703
0.778
0.798
0.787
0.771
0.787
0.826
0.835
0.801
0.767
0.785
0.798
0.758
0.726
0.746
0.773
0.778
0.787
0.796
0.801
0.798
0.796
0.81
0.832
0.83
0.821
0.839
0.86
0.83
0.767
0.717
0.721
0.767
0.794
0.744
0.703
0.724
0.742
0.735
0.728
0.787
0.857
0.866
0.839
0.837
0.853
0.86
0.857
0.869
0.875
0.882
0.871
0.848
0.828
0.846
0.907
0.939
0.923
0.905
0.91
0.937
0.946
0.969
1.03
1.066
1.052
1.077
1.118
1.107
1.057
1.018
0.996
1
1.018
1.018
1.034
1.055
1.086
1.1
1.082
1.127
1.236
1.297
1.275
1.245
1.252
1.27
1.27
1.268
1.266
1.259
1.25
1.252
1.254
1.259
1.309
1.375
1.375
1.34
1.334
1.34
1.356
1.381
1.424
1.465
1.452
1.438
1.461
1.49
1.481
1.443
1.418
1.424
1.42
1.368
1.297
1.284
1.359
1.449
1.458
1.472
1.524
1.547
1.536
1.549
1.592
1.604
1.608
1.601
1.565
1.529
1.542
1.601
1.606
1.561
1.551
1.538
1.49
1.472
1.502
1.567
1.635
1.683
1.713
1.715
1.724
1.722
1.71
1.667
1.604
1.547
1.499
1.481
1.549
1.626
1.644
1.644
1.676
1.706
1.722
1.737
1.771
1.812
1.828
1.821
1.81
1.81
1.853
1.912
1.887
1.808
1.769
1.769
1.733
1.703
1.731
1.756
1.737
1.717
1.774
1.876
1.935
1.971
2.026
2.048
1.987
1.899
1.837
1.828
1.849
1.874
1.862
1.858
1.889
1.928
1.937
1.958
2.01
2.073
2.096
2.073
2.082
2.141
2.155
2.132
2.105
2.08
2.044
1.989
1.964
1.998
2.062
2.098
2.1
2.094
2.103
2.098
2.057
2.014
2.035
2.087
2.091
2.078
2.087
2.132
2.18
2.2
2.168
2.13
2.121
2.128
2.125
2.089
2.069
2.082
2.071
2.026
2.046
2.134
2.196
2.207
2.209
2.212
2.182
2.13
2.1
2.089
2.078
2.051
2.032
2.03
2.032
2.041
2.041
2.03
2.035
2.048
2.003
1.917
1.88
1.926
2.016
2.08
2.064
2.041
2.035
2.001
1.948
1.923
1.928
1.93
1.88
1.81
1.819
1.887
1.937
1.926
1.892
1.887
1.889
1.903
1.912
1.926
1.942
1.908
1.853
1.831
1.806
1.747
1.697
1.692
1.731
1.747
1.703
1.629
1.574
1.601
1.69
1.74
1.744
1.751
1.76
1.747
1.731
1.744
1.742
1.688
1.597
1.563
1.599
1.642
1.669
1.638
1.576
1.572
1.595
1.61
1.61
1.635
1.676
1.676
1.658
1.672
1.681
1.622
1.542
1.515
1.561
1.595
1.522
1.381
1.311
1.37
1.463
1.479
1.452
1.436
1.447
1.477
1.504
1.542
1.551
1.527
1.495
1.49
1.488
1.461
1.436
1.368
1.3
1.286
1.3
1.297
1.266
1.245
1.241
1.277
1.313
1.354
1.393
1.377
1.336
1.343
1.368
1.311
1.159
1.021
0.993
1.091
1.157
1.096
1.023
1.018
1.059
1.096
1.114
1.125
1.141
1.155
1.159
1.191
1.248
1.273
1.232
1.123
1.018
0.978
0.95
0.937
0.95
0.971
0.991
1.014
1.032
1.043
1.052
1.009
0.973
1
1.055
1.028
0.932
0.86
0.878
0.955
0.975
0.919
0.875
0.885
0.905
0.891
0.894
0.912
0.912
0.885
0.86
0.91
1.018
1.114
1.1
1.025
0.969
0.941
0.91
0.86
0.803
0.771
0.767
0.767
0.776
0.798
0.812
0.819
0.826
0.857
0.878
0.835
0.762
0.744
0.83
0.889
0.839
0.751
0.669
0.642
0.655
0.655
0.646
0.671
0.676
0.658
0.637
0.676
0.785
0.855
0.801
0.717
0.678
0.676
0.665
0.61
0.56
0.528
0.467
0.411
0.422
0.465
0.479
0.451
0.451
0.494
0.517
0.492
0.442
0.458
0.531
0.556
0.51
0.454
0.424
0.411
0.42
0.417
0.386
0.347
0.329
0.338
0.37
0.435
0.538
0.553
0.445
0.338
0.32
0.358
0.379
0.374
0.365
0.388
0.413
0.401
0.386
0.374
0.333
0.277
0.236
0.261
0.293
0.236
0.181
0.238
0.311
0.315
0.288
0.265
0.272
0.277
0.268
0.252
0.263
0.288
0.265
0.215
0.218
0.306
0.381
0.327
0.193
0.093
0.077
0.091
0.073
0.057
0.077
0.122
0.175
0.213
0.259
0.302
0.29
0.24
0.193
0.159
0.084
0
-0.025
-0.016
0.002
0.011
-0.002
0.002
0.036
0.093
0.138
0.161
0.172
0.152
0.098
0.063
0.12
0.188
0.143
0.02
-0.075
-0.088
-0.066
-0.086
-0.127
-0.154
-0.179
-0.193
-0.186
-0.168
-0.143
-0.118
-0.118
-0.113
-0.102
-0.098
-0.116
-0.154
-0.186
-0.2
-0.195
-0.243
-0.336
-0.408
-0.429
-0.424
-0.406
-0.358
-0.322
-0.327
-0.347
-0.259
-0.134
-0.152
-0.272
-0.392
-0.47
-0.492
-0.497
-0.524
-0.56
-0.578
-0.587
-0.587
-0.563
-0.556
-0.592
-0.642
-0.671
-0.671
-0.646
-0.646
-0.646
-0.621
-0.592
-0.567
-0.563
-0.64
-0.746
-0.823
-0.86
-0.842
-0.819
-0.835
-0.864
-0.873
-0.787
-0.667
-0.631
-0.699
-0.771
-0.805
-0.792
-0.758
-0.787
-0.86
-0.93
-0.982
-0.998
-0.948
-0.894
-0.925
-1.014
-1.059
-1.043
-0.95
-0.846
-0.848
-0.95
-1.028
-1.005
-0.935
-0.894
-0.919
-0.973
-1.007
-0.991
-0.955
-0.923
-0.944
-1.048
-1.13
-1.13
-1.096
-1.093
-1.114
-1.123
-1.111
-1.075
-1.028
-1.018
-1.039
-1.089
-1.116
-1.12
-1.134
-1.179
-1.227
-1.213
-1.186
-1.15
-1.13
-1.143
-1.202
-1.273
-1.284
-1.227
-1.193
-1.229
-1.288
-1.282
-1.186
-1.123
-1.116
-1.17
-1.241
-1.291
-1.302
-1.288
-1.306
-1.384
-1.47
-1.511
-1.497
-1.472
-1.474
-1.499
-1.524
-1.551
-1.506
-1.379
-1.302
-1.343
-1.422
-1.443
-1.415
-1.4
-1.438
-1.513
-1.57
-1.574
-1.545
-1.499
-1.456
-1.483
-1.574
-1.633
-1.631
-1.595
-1.561
-1.563
-1.576
-1.565
-1.511
-1.477
-1.497
-1.549
-1.604
-1.658
-1.683
-1.724
-1.774
-1.762
-1.719
-1.681
-1.633
-1.583
-1.588
-1.606
-1.588
-1.556
-1.536
-1.533
-1.558
-1.592
-1.576
-1.549
-1.579
-1.615
-1.638
-1.669
-1.692
-1.685
-1.649
-1.629
-1.654
-1.685
-1.708
-1.701
-1.663
-1.633
-1.649
-1.674
-1.681
-1.631
-1.54
-1.506
-1.527
-1.595
-1.676
-1.717
-1.694
-1.694
-1.735
-1.751
-1.724
-1.654
-1.524
-1.44
-1.499
-1.606
-1.644
-1.613
-1.586
-1.613
-1.669
-1.692
-1.683
-1.651
-1.644
-1.672
-1.708
-1.715
-1.719
-1.742
-1.771
-1.756
-1.699
-1.685
-1.694
-1.685
-1.667
-1.665
-1.654
-1.651
-1.656
-1.663
-1.669
-1.667
-1.62
-1.572
-1.61
-1.685
-1.74
-1.749
-1.74
-1.722
-1.694
-1.669
-1.64
-1.615
-1.624
-1.667
-1.701
-1.717
-1.735
-1.749
-1.776
-1.783
-1.742
-1.703
-1.706
-1.726
-1.767
-1.785
-1.737
-1.669
-1.665
-1.71
-1.733
-1.71
-1.647
-1.59
-1.576
-1.608
-1.651
-1.678
-1.678
-1.683
-1.731
-1.765
-1.751
-1.713
-1.703
-1.747
-1.787
-1.756
-1.699
-1.683
-1.719
-1.735
-1.683
-1.617
-1.588
-1.595
-1.647
-1.699
-1.722
-1.692
-1.658
-1.665
-1.676
-1.658
-1.579
-1.508
-1.536
-1.615
-1.667
-1.674
-1.64
-1.579
-1.549
-1.606
-1.649
-1.62
-1.588
-1.592
-1.644
-1.706
-1.735
-1.692
-1.595
-1.549
-1.588
-1.647
-1.654
-1.617
-1.59
-1.608
-1.626
-1.599
-1.561
-1.517
-1.493
-1.499
-1.515
-1.542
-1.57
-1.595
-1.629
-1.649
-1.658
-1.667
-1.681
-1.699
-1.713
-1.713
-1.735
-1.803
-1.846
-1.749
-1.635
-1.581
-1.57
-1.601
-1.66
-1.694
-1.681
-1.683
-1.737
-1.831
-1.84
-1.733
-1.651
-1.706
-1.817
-1.862
-1.819
-1.731
-1.669
-1.674
-1.726
-1.774
-1.76
-1.733
-1.735
-1.81
-1.919
-1.958
-1.853
-1.758
-1.815
-1.91
-1.91
-1.821
-1.744
-1.735
-1.774
-1.801
-1.79
-1.697
-1.597
-1.61
-1.724
-1.787
-1.765
-1.758
-1.785
-1.833
-1.846
-1.799
-1.737
-1.715
-1.737
-1.767
-1.774
-1.776
-1.783
-1.756
-1.728
-1.733
-1.733
-1.713
-1.733
-1.767
-1.74
-1.676
-1.622
-1.59
-1.586
-1.558
-1.529
-1.54
-1.586
-1.635
-1.66
-1.654
-1.615
-1.551
-1.549
-1.617
-1.663
-1.615
-1.54
-1.54
-1.606
-1.672
-1.649
-1.549
-1.49
-1.511
-1.558
-1.586
-1.563
-1.547
-1.561
-1.572
-1.545
-1.468
-1.345
-1.27
-1.322
-1.409
-1.449
-1.44
-1.418
-1.436
-1.47
-1.481
-1.465
-1.449
-1.449
-1.454
-1.477
-1.502
-1.479
-1.39
-1.306
-1.309
-1.343
-1.304
-1.266
-1.311
-1.368
-1.402
-1.429
-1.431
-1.388
-1.325
-1.295
-1.3
-1.288
-1.263
-1.261
-1.306
-1.327
-1.273
-1.218
-1.204
-1.257
-1.318
-1.343
-1.34
-1.37
-1.395
-1.372
-1.282
-1.211
-1.179
-1.166
-1.182
-1.227
-1.241
-1.209
-1.193
-1.2
-1.184
-1.111
-1.041
-1.021
-1.034
-1.071
-1.098
-1.086
-1.059
-1.05
-1.075
-1.098
-1.096
-1.082
-1.059
-1.041
-1.062
-1.073
-1.016
-0.885
-0.814
-0.857
-0.891
-0.869
-0.837
-0.842
-0.86
-0.887
-0.889
-0.846
-0.78
-0.724
-0.733
-0.771
-0.789
-0.789
-0.773
-0.771
-0.78
-0.771
-0.739
-0.712
-0.703
-0.71
-0.73
-0.755
-0.803
-0.785
-0.692
-0.674
-0.764
-0.798
-0.755
-0.724
-0.724
-0.683
-0.615
-0.587
-0.576
-0.549
-0.54
-0.526
-0.519
-0.556
-0.603
-0.685
-0.778
-0.796
-0.739
-0.683
-0.642
-0.597
-0.556
-0.519
-0.515
-0.542
-0.542
-0.517
-0.533
-0.624
-0.714
-0.751
-0.739
-0.692
-0.637
-0.601
-0.574
-0.547
-0.513
-0.504
-0.526
-0.535
-0.535
-0.528
-0.538
-0.576
-0.601
-0.574
-0.517
-0.492
-0.481
-0.454
-0.465
-0.51
-0.526
-0.508
-0.494
-0.517
-0.56
-0.574
-0.56
-0.553
-0.56
-0.528
-0.485
-0.497
-0.531
-0.526
-0.517
-0.519
-0.483
-0.431
-0.424
-0.47
-0.526
-0.547
-0.54
-0.531
-0.526
-0.504
-0.485
-0.467
-0.456
-0.411
-0.324
-0.277
-0.295
-0.343
-0.406
-0.435
-0.451
-0.492
-0.535
-0.549
-0.524
-0.492
-0.472
-0.47
-0.465
-0.438
-0.365
-0.327
-0.372
-0.438
-0.483
-0.474
-0.397
-0.363
-0.395
-0.431
-0.429
-0.383
-0.352
-0.372
-0.361
-0.308
-0.288
-0.281
-0.261
-0.259
-0.252
-0.22
-0.215
-0.24
-0.272
-0.322
-0.324
-0.302
-0.288
-0.268
-0.265
-0.265
-0.265
-0.247
-0.225
-0.177
-0.134
-0.145
-0.225
-0.263
-0.245
-0.2
-0.156
-0.122
-0.109
-0.113
-0.134
-0.134
-0.082
-0.045
-0.052
-0.048
-0.02
0.039
0.066
0.05
0.05
0.1
0.154
0.177
0.147
0.088
0.061
0.091
0.12
0.152
0.195
0.234
0.229
0.172
0.15
0.2
0.256
0.272
0.247
0.218
0.238
0.265
0.288
0.329
0.379
0.404
0.413
0.424
0.433
0.401
0.322
0.315
0.417
0.501
0.499
0.458
0.467
0.551
0.615
0.578
0.519
0.474
0.456
0.474
0.506
0.513
0.528
0.574
0.599
0.601
0.594
0.578
0.585
0.606
0.592
0.535
0.483
0.46
0.458
0.472
0.497
0.531
0.587
0.626
0.646
0.667
0.671
0.64
0.624
0.642
0.671
0.64
0.569
0.556
0.621
0.665
0.658
0.642
0.644
0.669
0.708
0.744
0.767
0.773
0.769
0.744
0.696
0.687
0.719
0.696
0.66
0.683
0.728
0.71
0.667
0.694
0.744
0.762
0.778
0.78
0.76
0.739
0.748
0.771
0.789
0.828
0.871
0.896
0.987
1.08
1.046
0.919
0.846
0.864
0.871
0.817
0.792
0.808
0.832
0.857
0.916
0.984
0.978
0.928
0.98
1.102
1.111
1.028
0.959
0.935
0.91
0.866
0.86
0.896
0.944
0.996
1.1
1.191
1.191
1.141
1.1
1.111
1.134
1.13
1.109
1.093
1.086
1.071
1.043
1.014
0.996
1.007
1.08
1.157
1.17
1.161
1.148
1.123
1.114
1.109
1.123
1.173
1.248
1.331
1.368
1.316
1.257
1.243
1.218
1.177
1.155
1.12
1.111
1.157
1.191
1.177
1.15
1.161
1.209
1.288
1.375
1.395
1.361
1.3
1.266
1.243
1.204
1.173
1.15
1.159
1.236
1.334
1.375
1.311
1.259
1.279
1.327
1.366
1.354
1.309
1.275
1.282
1.291
1.273
1.223
1.164
1.141
1.198
1.275
1.318
1.343
1.334
1.286
1.259
1.286
1.334
1.354
1.352
1.409
1.493
1.477
1.368
1.297
1.311
1.327
1.325
1.32
1.322
1.302
1.286
1.306
1.345
1.347
1.322
1.338
1.393
1.438
1.449
1.445
1.411
1.381
1.384
1.4
1.413
1.413
1.454
1.549
1.61
1.57
1.502
1.499
1.531
1.547
1.522
1.495
1.472
1.452
1.438
1.456
1.49
1.477
1.443
1.486
1.597
1.651
1.615
1.581
1.583
1.599
1.604
1.61
1.592
1.572
1.617
1.706
1.731
1.685
1.633
1.608
1.608
1.606
1.613
1.61
1.599
1.595
1.615
1.638
1.622
1.576
1.574
1.633
1.69
1.688
1.642
1.61
1.601
1.586
1.558
1.524
1.529
1.597
1.672
1.672
1.622
1.595
1.64
1.678
1.665
1.597
1.54
1.547
1.561
1.549
1.527
1.508
1.461
1.411
1.418
1.502
1.542
1.508
1.495
1.522
1.533
1.524
1.506
1.508
1.565
1.638
1.683
1.656
1.565
1.495
1.456
1.438
1.415
1.422
1.452
1.452
1.44
1.477
1.517
1.49
1.429
1.409
1.436
1.488
1.483
1.447
1.427
1.4
1.386
1.393
1.42
1.44
1.481
1.576
1.658
1.597
1.445
1.359
1.366
1.386
1.359
1.331
1.329
1.363
1.434
1.502
1.54
1.479
1.379
1.345
1.379
1.375
1.291
1.218
1.225
1.254
1.275
1.322
1.393
1.463
1.52
1.551
1.554
1.536
1.495
1.413
1.325
1.248
1.177
1.152
1.179
1.232
1.302
1.388
1.47
1.502
1.44
1.338
1.295
1.295
1.252
1.198
1.145
1.107
1.125
1.189
1.284
1.361
1.363
1.316
1.257
1.207
1.161
1.132
1.093
1.075
1.089
1.148
1.225
1.297
1.379
1.438
1.481
1.463
1.35
1.191
1.055
0.964
0.919
0.898
0.91
0.98
1.068
1.139
1.225
1.318
1.368
1.316
1.2
1.086
1.005
0.919
0.81
0.769
0.762
0.796
0.891
1.009
1.102
1.164
1.155
1.064
0.971
0.921
0.9
0.871
0.83
0.803
0.826
0.86
0.896
0.975
1.055
1.077
1.018
0.887
0.762
0.687
0.621
0.581
0.583
0.624
0.685
0.76
0.846
0.921
0.966
0.966
0.925
0.828
0.669
0.501
0.404
0.379
0.401
0.46
0.526
0.587
0.685
0.817
0.932
0.959
0.889
0.764
0.66
0.569
0.497
0.442
0.411
0.424
0.481
0.59
0.69
0.764
0.773
0.714
0.667
0.665
0.642
0.567
0.474
0.411
0.406
0.44
0.472
0.504
0.574
0.671
0.703
0.646
0.522
0.383
0.27
0.225
0.225
0.225
0.249
0.295
0.367
0.467
0.599
0.683
0.68
0.606
0.483
0.352
0.245
0.166
0.109
0.091
0.122
0.175
0.229
0.279
0.358
0.458
0.515
0.535
0.488
0.324
0.15
0.066
0.052
0.018
-0.027
-0.016
0.057
0.154
0.254
0.283
0.229
0.177
0.147
0.086
-0.014
-0.061
-0.068
-0.07
-0.045
0.014
0.088
0.175
0.236
0.247
0.238
0.213
0.12
-0.014
-0.091
-0.093
-0.098
-0.15
-0.175
-0.122
-0.027
0.084
0.197
0.236
0.17
0.061
-0.02
-0.084
-0.168
-0.238
-0.263
-0.245
-0.195
-0.166
-0.134
-0.079
-0.007
0.066
0.086
0.02
-0.102
-0.225
-0.302
-0.352
-0.397
-0.395
-0.333
-0.243
-0.159
-0.061
0.034
0.068
0.07
0.066
-0.005
-0.17
-0.327
-0.413
-0.46
-0.492
-0.479
-0.408
-0.295
-0.227
-0.186
-0.145
-0.116
-0.145
-0.222
-0.272
-0.29
-0.318
-0.39
-0.451
-0.431
-0.377
-0.333
-0.268
-0.202
-0.17
-0.177
-0.243
-0.365
-0.485
-0.542
-0.538
-0.517
-0.481
-0.404
-0.283
-0.161
-0.027
0.082
0.048
-0.113
-0.274
-0.383
-0.474
-0.569
-0.66
-0.687
-0.612
-0.528
-0.472
-0.388
-0.295
-0.24
-0.202
-0.143
-0.107
-0.163
-0.308
-0.445
-0.513
-0.549
-0.599
-0.615
-0.583
-0.508
-0.399
-0.302
-0.247
-0.225
-0.268
-0.343
-0.39
-0.429
-0.481
-0.51
-0.497
-0.463
-0.397
-0.352
-0.354
-0.367
-0.395
-0.442
-0.497
-0.549
-0.583
-0.612
-0.646
-0.671
-0.651
-0.563
-0.454
-0.374
-0.29
-0.204
-0.177
-0.215
-0.281
-0.349
-0.476
-0.651
-0.762
-0.764
-0.728
-0.703
-0.658
-0.574
-0.494
-0.42
-0.352
-0.315
-0.349
-0.438
-0.508
-0.551
-0.574
-0.606
-0.658
-0.696
-0.71
-0.683
-0.619
-0.569
-0.558
-0.542
-0.533
-0.569
-0.601
-0.585
-0.563
-0.603
-0.667
-0.64
-0.517
-0.438
-0.451
-0.476
-0.488
-0.547
-0.644
-0.696
-0.751
-0.83
-0.891
-0.887
-0.814
-0.733
-0.694
-0.637
-0.578
-0.544
-0.504
-0.472
-0.492
-0.544
-0.597
-0.651
-0.694
-0.71
-0.737
-0.773
-0.778
-0.728
-0.662
-0.612
-0.601
-0.649
-0.676
-0.683
-0.694
-0.721
-0.746
-0.755
-0.737
-0.703
-0.662
-0.631
-0.619
-0.637
-0.674
-0.712
-0.762
-0.808
-0.842
-0.855
-0.823
-0.767
-0.669
-0.558
-0.515
-0.558
-0.603
-0.594
-0.594
-0.642
-0.687
-0.721
-0.739
-0.776
-0.798
-0.783
-0.762
-0.801
-0.837
-0.801
-0.71
-0.642
-0.646
-0.699
-0.742
-0.762
-0.758
-0.724
-0.687
-0.653
-0.612
-0.601
-0.567
-0.538
-0.583
-0.71
-0.817
-0.848
-0.864
-0.887
-0.898
-0.842
-0.746
-0.69
-0.658
-0.601
-0.572
-0.637
-0.753
-0.814
-0.817
-0.803
-0.819
-0.857
-0.875
-0.869
-0.862
-0.839
-0.767
-0.671
-0.628
-0.651
-0.655
-0.633
-0.644
-0.714
-0.787
-0.817
-0.826
-0.839
-0.832
-0.789
-0.73
-0.708
-0.719
-0.733
-0.755
-0.826
-0.957
-1.021
-0.955
-0.823
-0.748
-0.737
-0.719
-0.68
-0.667
-0.662
-0.674
-0.68
-0.733
-0.812
-0.873
-0.887
-0.88
-0.86
-0.792
-0.703
-0.699
-0.728
-0.703
-0.646
-0.621
-0.628
-0.651
-0.694
-0.744
-0.808
-0.873
-0.907
-0.878
-0.823
-0.789
-0.789
-0.801
-0.764
-0.708
-0.676
-0.676
-0.694
-0.73
-0.76
-0.751
-0.717
-0.721
-0.755
-0.742
-0.676
-0.64
-0.665
-0.728
-0.769
-0.733
-0.694
-0.671
-0.667
-0.683
-0.703
-0.694
-0.66
-0.621
-0.606
-0.626
-0.669
-0.712
-0.753
-0.828
-0.889
-0.891
-0.839
-0.792
-0.837
-0.88
-0.812
-0.687
-0.603
-0.581
-0.583
-0.606
-0.655
-0.719
-0.751
-0.751
-0.755
-0.751
-0.73
-0.703
-0.678
-0.692
-0.699
-0.687
-0.66
-0.628
-0.667
-0.751
-0.773
-0.73
-0.692
-0.658
-0.606
-0.567
-0.574
-0.599
-0.635
-0.692
-0.776
-0.826
-0.83
-0.848
-0.896
-0.896
-0.817
-0.708
-0.603
-0.513
-0.472
-0.476
-0.506
-0.556
-0.649
-0.739
-0.78
-0.798
-0.817
-0.839
-0.837
-0.776
-0.674
-0.576
-0.515
-0.447
-0.445
-0.508
-0.531
-0.553
-0.635
-0.719
-0.751
-0.758
-0.755
-0.728
-0.703
-0.687
-0.646
-0.569
-0.533
-0.574
-0.642
-0.676
-0.671
-0.692
-0.705
-0.685
-0.669
-0.662
-0.649
-0.631
-0.608
-0.576
-0.549
-0.531
-0.551
-0.583
-0.603
-0.621
-0.624
-0.587
-0.556
-0.558
-0.599
-0.617
-0.551
-0.494
-0.483
-0.458
-0.431
-0.454
-0.51
-0.551
-0.583
-0.642
-0.699
-0.692
-0.631
-0.608
-0.658
-0.642
-0.551
-0.485
-0.449
-0.447
-0.49
-0.528
-0.538
-0.54
-0.56
-0.601
-0.631
-0.621
-0.587
-0.563
-0.553
-0.531
-0.472
-0.406
-0.352
-0.327
-0.408
-0.497
-0.538
-0.597
-0.655
-0.676
-0.655
-0.615
-0.597
-0.594
-0.569
-0.526
-0.479
-0.465
-0.501
-0.556
-0.608
-0.592
-0.56
-0.569
-0.59
-0.608
-0.633
-0.64
-0.633
-0.624
-0.608
-0.567
-0.508
-0.465
-0.44
-0.465
-0.513
-0.522
-0.476
-0.447
-0.438
-0.449
-0.494
-0.517
-0.49
-0.476
-0.485
-0.506
-0.531
-0.533
-0.508
-0.513
-0.553
-0.574
-0.563
-0.517
-0.474
-0.488
-0.535
-0.54
-0.481
-0.401
-0.358
-0.39
-0.449
-0.449
-0.415
-0.433
-0.492
-0.533
-0.519
-0.483
-0.47
-0.465
-0.449
-0.392
-0.331
-0.324
-0.336
-0.349
-0.367
-0.367
-0.347
-0.365
-0.44
-0.49
-0.465
-0.445
-0.494
-0.56
-0.547
-0.454
-0.367
-0.331
-0.311
-0.274
-0.259
-0.272
-0.286
-0.306
-0.34
-0.365
-0.352
-0.324
-0.347
-0.397
-0.388
-0.322
-0.274
-0.265
-0.283
-0.327
-0.363
-0.388
-0.408
-0.431
-0.463
-0.458
-0.374
-0.293
-0.254
-0.238
-0.247
-0.259
-0.252
-0.22
-0.234
-0.313
-0.377
-0.358
-0.29
-0.277
-0.324
-0.361
-0.34
-0.288
-0.22
-0.166
-0.172
-0.213
-0.202
-0.17
-0.195
-0.327
-0.451
-0.447
-0.37
-0.329
-0.329
-0.347
-0.349
-0.315
-0.238
-0.156
-0.136
-0.156
-0.147
-0.075
0
-0.061
-0.22
-0.297
-0.243
-0.188
-0.234
-0.302
-0.297
-0.261
-0.231
-0.2
-0.225
-0.297
-0.32
-0.234
-0.127
-0.095
-0.145
-0.184
-0.159
-0.127
-0.12
-0.134
-0.12
-0.088
-0.059
-0.039
-0.036
-0.136
-0.272
-0.279
-0.206
-0.154
-0.125
-0.107
-0.093
-0.061
-0.025
-0.039
-0.084
-0.088
-0.052
-0.034
-0.073
-0.129
-0.166
-0.186
-0.211
-0.197
-0.145
-0.125
-0.127
-0.057
0.084
0.193
0.17
0.088
0.079
0.116
0.084
0.005
-0.039
-0.05
-0.061
-0.111
-0.143
-0.175
-0.238
-0.24
-0.122
0.032
0.116
0.116
0.082
0.109
0.175
0.188
0.12
0.05
0.036
0.054
0.045
0.002
-0.052
-0.093
-0.088
-0.032
0.029
0.066
0.079
0.1
0.141
0.156
0.113
0.02
-0.048
-0.034
0.016
0.045
0.054
0.066
0.066
0.041
-0.005
-0.041
-0.052
-0.039
-0.002
0.059
0.132
0.15
0.104
0.1
0.147
0.184
0.188
0.188
0.179
0.166
0.113
0.032
-0.025
-0.086
-0.143
-0.134
-0.066
0.011
0.075
0.138
0.202
0.234
0.227
0.222
0.225
0.231
0.234
0.234
0.209
0.156
0.091
0.063
0.041
0.014
0.018
0.059
0.1
0.145
0.188
0.215
0.211
0.184
0.166
0.175
0.202
0.2
0.172
0.132
0.118
0.102
0.086
0.061
0.073
0.125
0.163
0.193
0.19
0.195
0.24
0.295
0.338
0.313
0.229
0.195
0.213
0.231
0.272
0.283
0.245
0.204
0.193
0.166
0.138
0.15
0.181
0.188
0.188
0.22
0.249
0.234
0.245
0.297
0.318
0.32
0.304
0.254
0.229
0.24
0.218
0.188
0.209
0.247
0.261
0.288
0.349
0.431
0.454
0.404
0.338
0.318
0.361
0.395
0.411
0.39
0.318
0.288
0.318
0.358
0.413
0.451
0.445
0.395
0.354
0.345
0.354
0.349
0.333
0.336
0.354
0.347
0.354
0.363
0.377
0.424
0.451
0.417
0.363
0.324
0.329
0.363
0.37
0.361
0.37
0.377
0.386
0.426
0.483
0.51
0.474
0.408
0.377
0.388
0.401
0.388
0.386
0.431
0.424
0.381
0.39
0.454
0.522
0.522
0.49
0.424
0.349
0.311
0.299
0.315
0.354
0.374
0.372
0.406
0.458
0.465
0.411
0.386
0.383
0.343
0.318
0.322
0.32
0.315
0.306
0.304
0.32
0.367
0.411
0.435
0.424
0.37
0.293
0.238
0.218
0.231
0.265
0.29
0.324
0.406
0.433
0.374
0.37
0.429
0.413
0.347
0.272
0.204
0.136
0.102
0.132
0.19
0.247
0.293
0.333
0.388
0.472
0.508
0.429
0.327
0.302
0.249
0.175
0.15
0.179
0.206
0.24
0.279
0.352
0.429
0.49
0.524
0.533
0.528
0.483
0.415
0.383
0.388
0.386
0.413
0.465
0.526
0.572
0.54
0.501
0.524
0.567
0.528
0.451
0.406
0.408
0.424
0.431
0.463
0.535
0.624
0.696
0.771
0.837
0.821
0.683
0.538
0.499
0.474
0.406
0.367
0.379
0.424
0.506
0.581
0.667
0.778
0.844
0.848
0.817
0.801
0.767
0.69
0.606
0.578
0.56
0.526
0.522
0.578
0.694
0.728
0.658
0.633
0.687
0.705
0.662
0.594
0.542
0.528
0.528
0.54
0.581
0.624
0.655
0.678
0.687
0.683
0.621
0.474
0.363
0.37
0.392
0.381
0.367
0.383
0.458
0.551
0.61
0.64
0.649
0.621
0.572
0.515
0.46
0.392
0.308
0.261
0.281
0.343
0.44
0.506
0.583
0.66
0.64
0.563
0.522
0.483
0.42
0.345
0.286
0.227
0.193
0.209
0.268
0.347
0.429
0.488
0.531
0.56
0.549
0.454
0.324
0.272
0.272
0.259
0.229
0.211
0.245
0.322
0.374
0.413
0.456
0.472
0.479
0.454
0.424
0.379
0.322
0.313
0.374
0.479
0.535
0.508
0.504
0.608
0.683
0.646
0.574
0.524
0.465
0.404
0.352
0.311
0.263
0.22
0.279
0.46
0.635
0.726
0.751
0.771
0.801
0.812
0.737
0.624
0.574
0.558
0.499
0.476
0.538
0.624
0.667
0.667
0.671
0.705
0.721
0.712
0.692
0.674
0.628
0.549
0.533
0.606
0.665
0.667
0.717
0.832
0.923
0.905
0.819
0.748
0.685
0.574
0.465
0.404
0.392
0.42
0.492
0.637
0.821
0.971
0.98
0.916
0.919
0.905
0.812
0.683
0.578
0.49
0.42
0.392
0.424
0.483
0.51
0.497
0.515
0.585
0.61
0.558
0.465
0.42
0.415
0.383
0.354
0.401
0.501
0.578
0.615
0.635
0.66
0.628
0.485
0.293
0.168
0.073
-0.029
-0.102
-0.102
-0.052
0.057
0.179
0.306
0.381
0.327
0.213
0.17
0.184
0.147
0.034
-0.095
-0.166
-0.181
-0.197
-0.19
-0.118
-0.027
0
-0.023
-0.032
-0.014
-0.034
-0.125
-0.186
-0.147
-0.122
-0.159
-0.166
-0.093
0
0.023
-0.009
-0.034
-0.077
-0.206
-0.34
-0.356
-0.313
-0.311
-0.308
-0.254
-0.163
-0.077
0.011
0.12
0.218
0.209
0.111
0.032
0.009
0.027
0.002
-0.113
-0.177
-0.113
-0.039
0.016
0.066
0.147
0.209
0.206
0.177
0.136
0.048
-0.073
-0.111
-0.018
0.082
0.088
0.07
0.138
0.247
0.286
0.252
0.206
0.166
0.127
0.1
0.079
0.1
0.136
0.138
0.091
0.077
0.141
0.188
0.175
0.163
0.175
0.141
0.041
-0.041
-0.025
-0.014
-0.098
-0.143
-0.018
0.134
0.184
0.184
0.19
0.179
0.086
-0.016
-0.073
-0.104
-0.147
-0.168
-0.107
-0.007
0.057
0.029
-0.039
-0.002
0.088
0.104
0.039
-0.023
-0.029
-0.009
-0.014
-0.023
-0.027
-0.075
-0.152
-0.163
-0.104
-0.082
-0.098
-0.066
-0.034
-0.082
-0.161
-0.152
-0.043
0.07
0.136
0.184
0.229
0.263
0.256
0.213
0.159
0.122
0.104
0.063
-0.005
-0.052
-0.034
0.007
0.043
0.093
0.118
0.134
0.175
0.245
0.327
0.361
0.367
0.365
0.361
0.331
0.313
0.336
0.406
0.456
0.472
0.474
0.42
0.345
0.318
0.374
0.454
0.526
0.556
0.542
0.538
0.578
0.631
0.612
0.528
0.513
0.601
0.66
0.635
0.592
0.592
0.59
0.585
0.617
0.651
0.64
0.621
0.696
0.814
0.857
0.773
0.678
0.669
0.71
0.714
0.699
0.694
0.724
0.769
0.764
0.724
0.644
0.535
0.479
0.499
0.544
0.565
0.553
0.519
0.526
0.569
0.587
0.587
0.599
0.59
0.54
0.504
0.506
0.472
0.388
0.333
0.338
0.352
0.349
0.329
0.306
0.311
0.345
0.343
0.277
0.172
0.125
0.154
0.168
0.152
0.152
0.159
0.152
0.12
0.12
0.145
0.154
0.163
0.195
0.213
0.163
0.05
0.005
0.054
0.116
0.163
0.213
0.252
0.265
0.247
0.225
0.2
0.166
0.093
0.045
0.05
0.088
0.127
0.143
0.156
0.218
0.277
0.272
0.272
0.327
0.417
0.485
0.528
0.513
0.408
0.277
0.197
0.206
0.243
0.238
0.215
0.231
0.283
0.333
0.345
0.313
0.331
0.422
0.497
0.492
0.456
0.454
0.481
0.488
0.465
0.445
0.397
0.34
0.329
0.372
0.417
0.395
0.331
0.322
0.333
0.329
0.329
0.39
0.447
0.447
0.422
0.42
0.392
0.302
0.245
0.283
0.331
0.324
0.272
0.222
0.195
0.172
0.163
0.17
0.188
0.225
0.265
0.306
0.356
0.383
0.347
0.308
0.308
0.315
0.283
0.225
0.163
0.136
0.129
0.075
0.007
-0.029
0.002
0.066
0.129
0.195
0.227
0.225
0.202
0.179
0.172
0.172
0.161
0.141
0.159
0.195
0.211
0.172
0.095
0.079
0.116
0.107
0.084
0.063
0.045
0.036
0.045
0.054
0.007
-0.079
-0.07
0.063
0.161
0.159
0.134
0.161
0.156
0.088
0.018
-0.011
-0.029
-0.059
-0.034
0.02
0.05
0.023
-0.005
0.007
0.036
0.068
0.084
0.073
0.054
0.029
-0.007
-0.063
-0.107
-0.152
-0.193
-0.181
-0.075
0.014
0.032
0.018
0.027
0.048
0.036
-0.002
-0.05
-0.107
-0.134
-0.091
-0.009
0.061
0.045
-0.005
0.02
0.088
0.132
0.168
0.195
0.172
0.143
0.12
0.095
0.068
0.045
0.05
0.086
0.145
0.195
0.231
0.261
0.272
0.302
0.331
0.324
0.293
0.279
0.318
0.406
0.531
0.597
0.551
0.481
0.494
0.54
0.578
0.615
0.619
0.576
0.515
0.483
0.474
0.49
0.544
0.626
0.701
0.753
0.78
0.819
0.873
0.919
0.914
0.907
0.889
0.846
0.828
0.842
0.898
0.996
1.057
1.014
0.898
0.835
0.848
0.862
0.873
0.866
0.855
0.832
0.842
0.875
0.9
0.898
0.882
0.9
0.937
0.923
0.88
0.846
0.805
0.746
0.69
0.651
0.606
0.581
0.608
0.669
0.746
0.805
0.78
0.692
0.619
0.61
0.619
0.59
0.506
0.442
0.415
0.392
0.367
0.365
0.311
0.229
0.218
0.265
0.279
0.238
0.181
0.134
0.1
0.086
0.07
0.07
0.075
0.084
0.122
0.177
0.197
0.138
0.007
-0.079
-0.116
-0.168
-0.252
-0.333
-0.365
-0.349
-0.318
-0.283
-0.249
-0.265
-0.322
-0.306
-0.227
-0.206
-0.279
-0.388
-0.472
-0.51
-0.533
-0.54
-0.515
-0.488
-0.481
-0.433
-0.356
-0.295
-0.297
-0.372
-0.44
-0.476
-0.522
-0.592
-0.644
-0.653
-0.624
-0.558
-0.528
-0.528
-0.551
-0.576
-0.538
-0.458
-0.424
-0.474
-0.569
-0.619
-0.612
-0.581
-0.551
-0.526
-0.49
-0.426
-0.34
-0.259
-0.206
-0.22
-0.295
-0.372
-0.426
-0.47
-0.481
-0.483
-0.501
-0.476
-0.386
-0.288
-0.229
-0.229
-0.243
-0.206
-0.147
-0.132
-0.202
-0.318
-0.413
-0.454
-0.438
-0.399
-0.361
-0.313
-0.24
-0.136
-0.023
0.043
0.02
-0.07
-0.172
-0.247
-0.299
-0.338
-0.383
-0.392
-0.358
-0.297
-0.247
-0.247
-0.286
-0.34
-0.377
-0.386
-0.406
-0.472
-0.558
-0.637
-0.68
-0.649
-0.576
-0.492
-0.433
-0.388
-0.363
-0.347
-0.363
-0.438
-0.597
-0.785
-0.916
-0.984
-1.03
-1.052
-1.028
-0.955
-0.857
-0.792
-0.751
-0.71
-0.748
-0.866
-0.969
-1.003
-1.05
-1.136
-1.218
-1.257
-1.259
-1.22
-1.164
-1.134
-1.12
-1.093
-1.071
-1.089
-1.114
-1.132
-1.209
-1.366
-1.454
-1.429
-1.388
-1.359
-1.3
-1.204
-1.139
-1.096
-1.084
-1.132
-1.209
-1.313
-1.427
-1.504
-1.517
-1.495
-1.461
-1.395
-1.302
-1.223
-1.155
-1.073
-1.028
-1.037
-1.066
-1.105
-1.123
-1.136
-1.159
-1.184
-1.186
-1.15
-1.098
-1.039
-0.953
-0.855
-0.789
-0.78
-0.821
-0.885
-0.953
-1.003
-1.041
-1.059
-1.041
-0.919
-0.778
-0.692
-0.621
-0.56
-0.513
-0.513
-0.553
-0.621
-0.69
-0.746
-0.792
-0.767
-0.676
-0.603
-0.578
-0.572
-0.531
-0.445
-0.37
-0.336
-0.367
-0.447
-0.542
-0.631
-0.674
-0.676
-0.685
-0.73
-0.742
-0.637
-0.485
-0.401
-0.399
-0.426
-0.438
-0.479
-0.56
-0.651
-0.708
-0.758
-0.78
-0.737
-0.631
-0.538
-0.533
-0.587
-0.628
-0.626
-0.626
-0.68
-0.792
-0.9
-0.966
-0.966
-0.939
-0.932
-0.939
-0.957
-0.975
-0.932
-0.846
-0.823
-0.9
-0.973
-1.012
-1.066
-1.118
-1.114
-1.08
-1.066
-1.037
-0.966
-0.896
-0.875
-0.887
-0.91
-0.978
-1.052
-1.1
-1.148
-1.211
-1.259
-1.25
-1.195
-1.145
-1.114
-1.082
-1.093
-1.134
-1.159
-1.12
-1.055
-1.046
-1.107
-1.145
-1.132
-1.111
-1.118
-1.12
-1.086
-1.046
-1.025
-1.032
-1.021
-0.969
-0.932
-0.987
-1.073
-1.114
-1.1
-1.075
-1.032
-0.964
-0.912
-0.891
-0.903
-0.898
-0.875
-0.878
-0.93
-0.989
-0.989
-0.982
-0.982
-0.962
-0.91
-0.869
-0.88
-0.882
-0.823
-0.771
-0.769
-0.783
-0.751
-0.658
-0.608
-0.642
-0.708
-0.769
-0.778
-0.737
-0.685
-0.685
-0.728
-0.755
-0.758
-0.746
-0.73
-0.719
-0.719
-0.746
-0.764
-0.726
-0.667
-0.642
-0.621
-0.585
-0.583
-0.594
-0.601
-0.603
-0.624
-0.653
-0.658
-0.631
-0.603
-0.606
-0.646
-0.726
-0.76
-0.708
-0.646
-0.649
-0.687
-0.712
-0.699
-0.678
-0.669
-0.649
-0.644
-0.705
-0.794
-0.819
-0.783
-0.742
-0.724
-0.724
-0.751
-0.794
-0.823
-0.826
-0.787
-0.73
-0.705
-0.692
-0.685
-0.674
-0.662
-0.674
-0.712
-0.762
-0.789
-0.801
-0.819
-0.855
-0.871
-0.839
-0.794
-0.769
-0.767
-0.76
-0.746
-0.751
-0.792
-0.821
-0.823
-0.787
-0.744
-0.753
-0.783
-0.81
-0.798
-0.73
-0.683
-0.692
-0.678
-0.606
-0.572
-0.585
-0.578
-0.519
-0.476
-0.508
-0.59
-0.667
-0.696
-0.655
-0.574
-0.497
-0.433
-0.37
-0.338
-0.322
-0.295
-0.256
-0.268
-0.322
-0.386
-0.431
-0.431
-0.379
-0.281
-0.184
-0.111
-0.07
-0.018
0.061
0.109
0.093
0.054
0.039
0.043
0.02
-0.005
0.032
0.084
0.1
0.104
0.145
0.215
0.304
0.352
0.381
0.401
0.397
0.34
0.27
0.229
0.225
0.234
0.222
0.168
0.15
0.229
0.358
0.465
0.499
0.501
0.508
0.481
0.42
0.374
0.356
0.347
0.329
0.306
0.302
0.32
0.401
0.479
0.517
0.522
0.485
0.451
0.404
0.358
0.315
0.286
0.286
0.308
0.299
0.263
0.259
0.306
0.349
0.329
0.286
0.268
0.283
0.293
0.27
0.236
0.2
0.184
0.186
0.181
0.179
0.145
0.134
0.184
0.238
0.277
0.329
0.363
0.34
0.261
0.156
0.116
0.147
0.147
0.084
0.041
0.041
0.061
0.082
0.102
0.136
0.188
0.215
0.186
0.138
0.111
0.141
0.184
0.184
0.145
0.107
0.059
0.025
0.043
0.107
0.15
0.177
0.24
0.311
0.333
0.356
0.397
0.388
0.306
0.213
0.166
0.141
0.127
0.122
0.156
0.234
0.338
0.399
0.422
0.431
0.422
0.361
0.272
0.213
0.2
0.229
0.249
0.254
0.261
0.293
0.347
0.42
0.488
0.51
0.488
0.467
0.445
0.424
0.388
0.381
0.397
0.39
0.336
0.268
0.263
0.352
0.451
0.517
0.538
0.517
0.488
0.429
0.379
0.347
0.304
0.215
0.109
0.045
0.066
0.166
0.272
0.347
0.404
0.431
0.404
0.352
0.315
0.293
0.245
0.184
0.143
0.132
0.116
0.12
0.168
0.204
0.197
0.188
0.2
0.184
0.168
0.125
0.063
0.029
0.043
0.045
0.007
0
0.045
0.084
0.023
-0.043
0
0.088
0.104
0.054
0.007
-0.02
-0.048
-0.045
-0.007
0.036
0.043
0.023
0.061
0.175
0.279
0.293
0.229
0.161
0.125
0.102
0.07
0.05
0.034
0.054
0.093
0.143
0.197
0.177
0.116
0.147
0.29
0.413
0.383
0.293
0.286
0.324
0.315
0.293
0.308
0.329
0.374
0.481
0.572
0.547
0.463
0.429
0.47
0.51
0.528
0.513
0.497
0.49
0.497
0.506
0.501
0.483
0.504
0.585
0.653
0.676
0.669
0.655
0.644
0.658
0.667
0.651
0.615
0.628
0.737
0.801
0.753
0.703
0.739
0.778
0.751
0.708
0.714
0.746
0.748
0.696
0.651
0.601
0.542
0.544
0.64
0.73
0.758
0.744
0.739
0.771
0.776
0.705
0.649
0.667
0.724
0.751
0.733
0.685
0.665
0.692
0.717
0.726
0.744
0.746
0.742
0.73
0.728
0.726
0.676
0.592
0.56
0.608
0.665
0.655
0.642
0.717
0.771
0.744
0.719
0.753
0.789
0.783
0.808
0.855
0.848
0.753
0.671
0.671
0.714
0.737
0.758
0.803
0.855
0.875
0.866
0.832
0.796
0.755
0.762
0.796
0.808
0.78
0.746
0.708
0.714
0.776
0.848
0.898
0.925
0.978
1.009
0.964
0.905
0.882
0.896
0.898
0.853
0.821
0.821
0.837
0.855
0.889
0.91
0.862
0.83
0.891
0.966
0.966
0.937
0.944
0.969
0.95
0.9
0.885
0.907
0.944
1.007
1.037
0.998
0.928
0.875
0.878
0.921
0.964
0.957
0.932
0.907
0.919
0.935
0.866
0.755
0.714
0.787
0.832
0.812
0.805
0.851
0.887
0.891
0.896
0.912
0.88
0.832
0.846
0.862
0.792
0.676
0.633
0.674
0.739
0.785
0.792
0.785
0.789
0.771
0.712
0.626
0.551
0.519
0.533
0.553
0.553
0.567
0.619
0.671
0.696
0.717
0.721
0.687
0.646
0.662
0.655
0.547
0.422
0.363
0.37
0.442
0.528
0.61
0.68
0.726
0.717
0.696
0.646
0.513
0.381
0.354
0.374
0.363
0.379
0.433
0.483
0.519
0.597
0.705
0.764
0.73
0.644
0.592
0.64
0.66
0.556
0.44
0.404
0.454
0.542
0.61
0.651
0.671
0.696
0.746
0.771
0.737
0.628
0.504
0.465
0.513
0.551
0.547
0.531
0.558
0.685
0.817
0.808
0.705
0.635
0.637
0.642
0.612
0.572
0.572
0.597
0.635
0.701
0.767
0.771
0.742
0.714
0.694
0.667
0.606
0.538
0.519
0.563
0.644
0.699
0.705
0.696
0.703
0.685
0.642
0.594
0.54
0.467
0.388
0.365
0.377
0.426
0.519
0.592
0.626
0.635
0.651
0.631
0.572
0.492
0.386
0.297
0.249
0.245
0.277
0.361
0.479
0.61
0.701
0.699
0.619
0.497
0.381
0.306
0.254
0.19
0.107
0.079
0.156
0.295
0.408
0.474
0.476
0.467
0.44
0.374
0.254
0.122
0.063
0.073
0.084
0.113
0.184
0.265
0.331
0.406
0.497
0.517
0.433
0.329
0.268
0.225
0.17
0.136
0.141
0.168
0.234
0.329
0.438
0.513
0.49
0.431
0.39
0.354
0.281
0.179
0.082
0.073
0.156
0.247
0.283
0.318
0.383
0.438
0.438
0.435
0.422
0.343
0.24
0.179
0.168
0.168
0.172
0.225
0.327
0.442
0.504
0.481
0.435
0.42
0.435
0.406
0.308
0.227
0.163
0.15
0.17
0.204
0.27
0.345
0.39
0.392
0.372
0.345
0.299
0.234
0.156
0.098
0.059
0.063
0.077
0.102
0.184
0.272
0.279
0.247
0.225
0.213
0.186
0.116
0.063
0.077
0.102
0.059
0.002
0.016
0.118
0.238
0.24
0.145
0.068
0.023
-0.016
-0.039
-0.066
-0.075
-0.093
-0.104
-0.082
-0.034
0.005
-0.016
-0.068
-0.082
-0.086
-0.132
-0.195
-0.252
-0.249
-0.204
-0.195
-0.215
-0.22
-0.202
-0.193
-0.177
-0.175
-0.188
-0.202
-0.215
-0.27
-0.322
-0.283
-0.2
-0.156
-0.179
-0.227
-0.254
-0.252
-0.24
-0.234
-0.249
-0.277
-0.311
-0.34
-0.338
-0.331
-0.333
-0.352
-0.352
-0.315
-0.29
-0.322
-0.356
-0.358
-0.297
-0.227
-0.204
-0.256
-0.333
-0.379
-0.37
-0.347
-0.329
-0.304
-0.277
-0.299
-0.32
-0.297
-0.234
-0.159
-0.134
-0.172
-0.202
-0.227
-0.265
-0.283
-0.265
-0.252
-0.265
-0.27
-0.254
-0.227
-0.229
-0.247
-0.238
-0.22
-0.245
-0.322
-0.354
-0.349
-0.331
-0.283
-0.225
-0.186
-0.172
-0.213
-0.243
-0.225
-0.206
-0.24
-0.302
-0.336
-0.349
-0.336
-0.311
-0.274
-0.229
-0.152
-0.095
-0.107
-0.134
-0.179
-0.265
-0.358
-0.404
-0.438
-0.47
-0.474
-0.433
-0.365
-0.313
-0.293
-0.286
-0.29
-0.32
-0.329
-0.34
-0.408
-0.499
-0.553
-0.578
-0.615
-0.631
-0.528
-0.406
-0.374
-0.406
-0.413
-0.413
-0.46
-0.533
-0.603
-0.644
-0.669
-0.649
-0.626
-0.61
-0.558
-0.49
-0.456
-0.435
-0.397
-0.417
-0.504
-0.578
-0.642
-0.701
-0.726
-0.719
-0.692
-0.651
-0.606
-0.558
-0.547
-0.583
-0.587
-0.551
-0.567
-0.655
-0.708
-0.678
-0.644
-0.658
-0.66
-0.637
-0.653
-0.642
-0.583
-0.569
-0.603
-0.642
-0.68
-0.705
-0.703
-0.685
-0.649
-0.587
-0.522
-0.46
-0.435
-0.483
-0.549
-0.585
-0.624
-0.66
-0.676
-0.717
-0.735
-0.687
-0.599
-0.524
-0.479
-0.445
-0.397
-0.411
-0.517
-0.606
-0.637
-0.696
-0.776
-0.785
-0.73
-0.671
-0.646
-0.606
-0.547
-0.51
-0.504
-0.567
-0.635
-0.669
-0.69
-0.746
-0.794
-0.798
-0.776
-0.746
-0.699
-0.624
-0.54
-0.515
-0.572
-0.637
-0.674
-0.714
-0.778
-0.805
-0.783
-0.753
-0.751
-0.724
-0.68
-0.692
-0.708
-0.685
-0.676
-0.733
-0.801
-0.848
-0.932
-1.032
-1.046
-0.962
-0.885
-0.83
-0.753
-0.667
-0.637
-0.66
-0.728
-0.826
-0.987
-1.123
-1.143
-1.098
-1.082
-1.034
-0.959
-0.91
-0.873
-0.83
-0.81
-0.823
-0.844
-0.86
-0.898
-0.946
-0.955
-0.941
-0.964
-0.971
-0.9
-0.862
-0.9
-0.921
-0.912
-0.935
-0.964
-0.969
-0.969
-0.991
-1.012
-0.989
-0.93
-0.866
-0.83
-0.814
-0.792
-0.792
-0.819
-0.862
-0.912
-0.975
-1.028
-1.075
-1.093
-1.021
-0.919
-0.889
-0.88
-0.839
-0.796
-0.783
-0.778
-0.776
-0.801
-0.846
-0.857
-0.832
-0.837
-0.857
-0.853
-0.817
-0.787
-0.76
-0.771
-0.851
-0.882
-0.835
-0.798
-0.808
-0.817
-0.798
-0.733
-0.653
-0.606
-0.637
-0.726
-0.817
-0.857
-0.857
-0.878
-0.912
-0.923
-0.905
-0.891
-0.869
-0.828
-0.817
-0.778
-0.692
-0.651
-0.66
-0.701
-0.735
-0.769
-0.794
-0.823
-0.86
-0.923
-0.966
-0.95
-0.9
-0.871
-0.83
-0.76
-0.735
-0.794
-0.869
-0.891
-0.853
-0.798
-0.776
-0.805
-0.853
-0.891
-0.894
-0.889
-0.95
-1.071
-1.175
-1.179
-1.102
-1.037
-1.009
-0.991
-0.932
-0.86
-0.808
-0.83
-0.896
-0.969
-0.957
-0.869
-0.835
-0.898
-0.998
-1.046
-1.028
-1
-1.014
-1.05
-1.084
-1.093
-1.075
-1.05
-1.034
-1.043
-1.03
-0.975
-0.896
-0.875
-0.941
-0.975
-0.93
-0.889
-0.932
-1.009
-1.071
-1.075
-1.03
-0.937
-0.871
-0.898
-0.946
-0.95
-0.925
-0.905
-0.891
-0.873
-0.855
-0.839
-0.855
-0.907
-0.966
-1.005
-1
-0.962
-0.919
-0.862
-0.821
-0.812
-0.794
-0.764
-0.76
-0.805
-0.889
-0.9
-0.844
-0.785
-0.719
-0.631
-0.587
-0.624
-0.696
-0.787
-0.857
-0.862
-0.796
-0.748
-0.76
-0.753
-0.674
-0.621
-0.671
-0.753
-0.783
-0.762
-0.742
-0.751
-0.783
-0.817
-0.832
-0.785
-0.696
-0.649
-0.655
-0.662
-0.59
-0.449
-0.367
-0.422
-0.558
-0.626
-0.631
-0.66
-0.721
-0.773
-0.789
-0.796
-0.785
-0.742
-0.699
-0.708
-0.714
-0.64
-0.522
-0.508
-0.59
-0.642
-0.653
-0.621
-0.585
-0.585
-0.624
-0.658
-0.637
-0.569
-0.558
-0.649
-0.769
-0.817
-0.805
-0.767
-0.735
-0.712
-0.669
-0.594
-0.544
-0.556
-0.592
-0.635
-0.671
-0.678
-0.649
-0.626
-0.653
-0.705
-0.717
-0.694
-0.676
-0.676
-0.696
-0.726
-0.73
-0.653
-0.526
-0.476
-0.517
-0.535
-0.528
-0.551
-0.592
-0.587
-0.56
-0.556
-0.581
-0.583
-0.563
-0.558
-0.563
-0.581
-0.597
-0.576
-0.519
-0.483
-0.476
-0.517
-0.556
-0.533
-0.49
-0.467
-0.488
-0.504
-0.47
-0.367
-0.27
-0.256
-0.295
-0.308
-0.306
-0.324
-0.356
-0.386
-0.442
-0.51
-0.515
-0.454
-0.395
-0.392
-0.433
-0.411
-0.297
-0.188
-0.209
-0.315
-0.411
-0.422
-0.383
-0.37
-0.363
-0.311
-0.234
-0.152
-0.086
-0.075
-0.134
-0.211
-0.252
-0.288
-0.349
-0.413
-0.426
-0.381
-0.315
-0.231
-0.129
-0.084
-0.102
-0.118
-0.166
-0.22
-0.229
-0.245
-0.322
-0.411
-0.435
-0.417
-0.372
-0.304
-0.195
-0.073
0.011
0.048
0.088
0.093
-0.009
-0.166
-0.318
-0.429
-0.479
-0.49
-0.456
-0.338
-0.175
-0.052
0.027
0.063
0.029
-0.054
-0.159
-0.261
-0.293
-0.29
-0.338
-0.386
-0.365
-0.277
-0.166
-0.086
-0.039
-0.039
-0.073
-0.091
-0.077
-0.07
-0.129
-0.225
-0.277
-0.254
-0.213
-0.177
-0.12
-0.009
0.104
0.141
0.079
-0.043
-0.141
-0.206
-0.283
-0.379
-0.397
-0.304
-0.204
-0.159
-0.086
0.023
0.129
0.179
0.177
0.132
0.075
0.036
0.005
0.029
0.05
0.02
-0.036
-0.086
-0.079
-0.045
0.014
0.075
0.093
0.077
0.048
0.043
0.082
0.127
0.15
0.132
0.111
0.129
0.186
0.225
0.209
0.17
0.147
0.113
0.052
0.02
0.052
0.127
0.197
0.279
0.381
0.406
0.329
0.265
0.288
0.32
0.274
0.211
0.188
0.17
0.17
0.204
0.263
0.306
0.293
0.222
0.145
0.145
0.225
0.286
0.245
0.179
0.188
0.22
0.252
0.304
0.379
0.429
0.429
0.442
0.492
0.494
0.404
0.299
0.263
0.245
0.222
0.231
0.247
0.252
0.283
0.347
0.386
0.352
0.29
0.24
0.218
0.206
0.236
0.302
0.318
0.322
0.377
0.438
0.442
0.392
0.377
0.404
0.377
0.288
0.247
0.288
0.302
0.27
0.256
0.29
0.331
0.358
0.413
0.472
0.467
0.442
0.435
0.42
0.386
0.333
0.254
0.179
0.193
0.304
0.401
0.415
0.406
0.411
0.415
0.406
0.406
0.413
0.415
0.422
0.458
0.524
0.583
0.592
0.576
0.549
0.513
0.488
0.501
0.528
0.49
0.426
0.397
0.417
0.445
0.454
0.445
0.433
0.401
0.42
0.515
0.565
0.558
0.553
0.578
0.563
0.497
0.465
0.517
0.551
0.531
0.54
0.619
0.642
0.574
0.504
0.476
0.474
0.522
0.601
0.601
0.51
0.472
0.519
0.553
0.522
0.485
0.445
0.404
0.417
0.497
0.585
0.601
0.583
0.587
0.569
0.506
0.463
0.472
0.463
0.426
0.424
0.492
0.594
0.646
0.637
0.631
0.651
0.64
0.633
0.619
0.565
0.504
0.492
0.49
0.451
0.456
0.522
0.565
0.558
0.544
0.569
0.617
0.655
0.665
0.628
0.572
0.508
0.485
0.526
0.597
0.642
0.696
0.744
0.785
0.828
0.889
0.944
0.907
0.812
0.717
0.612
0.504
0.467
0.538
0.653
0.748
0.821
0.916
1.007
1.066
1.098
1.082
1.005
0.891
0.78
0.705
0.692
0.714
0.758
0.848
0.953
1.052
1.136
1.209
1.27
1.286
1.227
1.148
1.1
1.1
1.125
1.082
1.012
1.028
1.118
1.209
1.277
1.35
1.422
1.458
1.434
1.39
1.35
1.304
1.245
1.193
1.139
1.096
1.109
1.209
1.377
1.538
1.615
1.642
1.631
1.617
1.595
1.551
1.499
1.465
1.458
1.449
1.438
1.47
1.572
1.66
1.678
1.667
1.685
1.699
1.688
1.658
1.62
1.586
1.583
1.615
1.599
1.561
1.556
1.617
1.683
1.706
1.708
1.751
1.828
1.851
1.826
1.762
1.649
1.565
1.57
1.57
1.517
1.486
1.542
1.644
1.737
1.828
1.917
1.962
1.942
1.867
1.776
1.733
1.713
1.669
1.599
1.549
1.533
1.547
1.579
1.638
1.717
1.767
1.747
1.701
1.66
1.654
1.651
1.649
1.638
1.606
1.545
1.495
1.486
1.527
1.597
1.647
1.649
1.633
1.631
1.62
1.597
1.556
1.515
1.488
1.468
1.47
1.449
1.413
1.397
1.409
1.427
1.411
1.386
1.411
1.44
1.409
1.32
1.261
1.284
1.372
1.415
1.377
1.306
1.263
1.22
1.198
1.207
1.227
1.241
1.277
1.309
1.304
1.329
1.413
1.479
1.468
1.397
1.295
1.202
1.161
1.139
1.12
1.118
1.15
1.211
1.236
1.236
1.275
1.336
1.318
1.227
1.143
1.109
1.127
1.134
1.114
1.118
1.141
1.191
1.252
1.327
1.39
1.418
1.397
1.359
1.316
1.277
1.227
1.148
1.071
1.064
1.109
1.2
1.309
1.409
1.461
1.483
1.504
1.508
1.463
1.35
1.211
1.13
1.102
1.057
1.003
1.023
1.168
1.359
1.493
1.551
1.558
1.529
1.468
1.418
1.39
1.336
1.232
1.159
1.218
1.356
1.406
1.359
1.39
1.524
1.579
1.538
1.472
1.393
1.284
1.207
1.195
1.186
1.141
1.089
1.102
1.195
1.35
1.465
1.513
1.529
1.513
1.477
1.388
1.282
1.232
1.213
1.173
1.182
1.27
1.32
1.273
1.234
1.297
1.42
1.458
1.37
1.311
1.302
1.252
1.164
1.136
1.148
1.105
1.071
1.157
1.282
1.331
1.331
1.359
1.384
1.336
1.245
1.161
1.12
1.127
1.164
1.218
1.259
1.257
1.229
1.238
1.273
1.327
1.386
1.406
1.381
1.338
1.266
1.148
1.068
1.068
1.08
1.062
1.105
1.248
1.347
1.372
1.381
1.436
1.458
1.386
1.302
1.25
1.191
1.132
1.161
1.273
1.345
1.347
1.375
1.409
1.422
1.429
1.418
1.379
1.331
1.279
1.195
1.082
0.984
0.953
1.012
1.111
1.225
1.35
1.422
1.404
1.356
1.327
1.284
1.191
1.096
1.039
1.012
1.007
1.03
1.064
1.105
1.182
1.263
1.297
1.297
1.282
1.211
1.089
0.973
0.9
0.835
0.733
0.696
0.778
0.914
1.007
1.073
1.136
1.148
1.082
1.023
1.009
0.955
0.828
0.753
0.773
0.826
0.821
0.778
0.798
0.862
0.914
0.95
0.95
0.907
0.823
0.758
0.739
0.739
0.699
0.633
0.599
0.66
0.751
0.762
0.735
0.746
0.769
0.724
0.64
0.61
0.642
0.644
0.637
0.696
0.769
0.746
0.64
0.549
0.549
0.574
0.578
0.578
0.556
0.506
0.485
0.526
0.549
0.506
0.465
0.467
0.51
0.56
0.54
0.438
0.347
0.363
0.433
0.429
0.408
0.449
0.538
0.592
0.597
0.59
0.524
0.42
0.361
0.361
0.347
0.318
0.299
0.306
0.331
0.37
0.397
0.406
0.37
0.302
0.297
0.329
0.311
0.252
0.177
0.136
0.17
0.252
0.306
0.302
0.322
0.388
0.506
0.553
0.451
0.297
0.179
0.132
0.107
0.07
0.034
0.041
0.1
0.202
0.308
0.333
0.27
0.204
0.184
0.204
0.215
0.161
0.077
0.014
-0.005
0.023
0.039
0.068
0.143
0.265
0.411
0.472
0.388
0.229
0.129
0.113
0.104
0.088
0.052
0.029
0.057
0.122
0.206
0.24
0.213
0.222
0.297
0.34
0.29
0.206
0.134
0.066
0.011
0
0.029
0.059
0.125
0.277
0.406
0.406
0.34
0.283
0.283
0.311
0.322
0.274
0.193
0.134
0.091
0.036
-0.016
0.018
0.143
0.252
0.299
0.324
0.347
0.349
0.318
0.288
0.263
0.2
0.163
0.193
0.245
0.202
0.111
0.118
0.206
0.249
0.215
0.168
0.186
0.209
0.184
0.116
0.041
-0.041
-0.059
-0.007
0.052
0.052
0.045
0.068
0.111
0.15
0.138
0.111
0.129
0.172
0.159
0.043
-0.07
-0.113
-0.127
-0.113
-0.059
0.018
0.043
-0.016
-0.057
-0.039
-0.039
-0.134
-0.193
-0.161
-0.125
-0.163
-0.204
-0.163
-0.102
-0.091
-0.088
-0.05
-0.032
-0.048
-0.059
-0.086
-0.127
-0.168
-0.231
-0.272
-0.261
-0.225
-0.206
-0.206
-0.209
-0.238
-0.322
-0.395
-0.356
-0.265
-0.231
-0.265
-0.322
-0.361
-0.392
-0.395
-0.374
-0.354
-0.322
-0.274
-0.229
-0.263
-0.377
-0.433
-0.422
-0.42
-0.467
-0.481
-0.474
-0.467
-0.465
-0.467
-0.508
-0.576
-0.581
-0.519
-0.483
-0.49
-0.515
-0.526
-0.542
-0.574
-0.59
-0.601
-0.583
-0.544
-0.501
-0.506
-0.558
-0.631
-0.678
-0.685
-0.66
-0.667
-0.712
-0.73
-0.694
-0.676
-0.714
-0.767
-0.767
-0.728
-0.726
-0.764
-0.789
-0.808
-0.855
-0.878
-0.826
-0.758
-0.733
-0.728
-0.674
-0.617
-0.676
-0.801
-0.873
-0.866
-0.875
-0.921
-0.955
-0.91
-0.828
-0.808
-0.855
-0.916
-0.914
-0.855
-0.835
-0.869
-0.91
-0.966
-1.016
-1.012
-0.969
-0.941
-0.914
-0.835
-0.719
-0.651
-0.692
-0.785
-0.848
-0.896
-0.939
-0.982
-1.039
-1.086
-1.089
-1.012
-0.923
-0.894
-0.891
-0.851
-0.808
-0.785
-0.812
-0.873
-0.957
-1.012
-1.034
-1.041
-1.025
-0.973
-0.873
-0.744
-0.653
-0.69
-0.783
-0.842
-0.86
-0.905
-0.984
-1.073
-1.096
-1.043
-0.996
-0.975
-0.939
-0.83
-0.726
-0.68
-0.694
-0.721
-0.801
-0.912
-1.005
-1.08
-1.12
-1.12
-1.064
-0.959
-0.855
-0.778
-0.69
-0.626
-0.662
-0.787
-0.894
-0.998
-1.077
-1.116
-1.123
-1.12
-1.073
-0.987
-0.894
-0.796
-0.717
-0.678
-0.748
-0.871
-0.966
-1.057
-1.15
-1.218
-1.209
-1.134
-1.041
-0.957
-0.873
-0.796
-0.712
-0.646
-0.671
-0.785
-0.894
-0.946
-1
-1.089
-1.118
-1.043
-0.939
-0.873
-0.812
-0.758
-0.733
-0.751
-0.789
-0.837
-0.898
-0.982
-1.018
-1.003
-0.984
-0.975
-0.937
-0.864
-0.805
-0.78
-0.808
-0.887
-0.953
-0.993
-1.016
-1.039
-1.048
-1.03
-0.996
-0.991
-0.957
-0.866
-0.81
-0.835
-0.875
-0.889
-0.887
-0.941
-1.032
-1.068
-1.028
-0.973
-0.921
-0.891
-0.898
-0.896
-0.873
-0.907
-0.993
-1.046
-1.062
-1.093
-1.139
-1.148
-1.105
-1.066
-1.03
-0.971
-0.916
-0.966
-1.062
-1.08
-1.052
-1.071
-1.139
-1.182
-1.182
-1.175
-1.15
-1.107
-1.064
-1.023
-0.991
-1.009
-1.05
-1.086
-1.127
-1.177
-1.184
-1.12
-1.055
-1.052
-1.109
-1.116
-1.077
-1.075
-1.116
-1.139
-1.141
-1.179
-1.232
-1.243
-1.186
-1.123
-1.096
-1.082
-1.066
-1.077
-1.123
-1.184
-1.25
-1.293
-1.288
-1.279
-1.291
-1.268
-1.182
-1.091
-1.032
-0.984
-0.946
-0.973
-1.041
-1.091
-1.139
-1.232
-1.32
-1.306
-1.227
-1.139
-1.077
-1.055
-0.998
-0.935
-0.9
-0.932
-1.009
-1.098
-1.166
-1.22
-1.25
-1.243
-1.193
-1.116
-1.018
-0.907
-0.842
-0.873
-0.935
-0.975
-0.989
-1.05
-1.173
-1.254
-1.223
-1.161
-1.089
-0.987
-0.842
-0.726
-0.68
-0.674
-0.712
-0.805
-0.896
-0.982
-1.08
-1.114
-1.084
-1.048
-0.982
-0.873
-0.735
-0.637
-0.624
-0.653
-0.699
-0.78
-0.919
-1.016
-1.041
-1.059
-1.064
-0.991
-0.869
-0.792
-0.742
-0.671
-0.597
-0.581
-0.676
-0.819
-0.935
-0.996
-1.009
-0.998
-0.962
-0.864
-0.742
-0.64
-0.59
-0.576
-0.565
-0.574
-0.635
-0.708
-0.726
-0.787
-0.921
-0.941
-0.837
-0.746
-0.705
-0.644
-0.578
-0.551
-0.587
-0.64
-0.701
-0.778
-0.869
-0.891
-0.846
-0.842
-0.842
-0.805
-0.714
-0.624
-0.619
-0.678
-0.739
-0.787
-0.801
-0.78
-0.798
-0.808
-0.78
-0.746
-0.721
-0.683
-0.676
-0.703
-0.751
-0.767
-0.762
-0.771
-0.785
-0.812
-0.812
-0.755
-0.726
-0.735
-0.742
-0.758
-0.778
-0.823
-0.869
-0.885
-0.891
-0.891
-0.889
-0.857
-0.814
-0.78
-0.755
-0.767
-0.823
-0.878
-0.921
-0.946
-0.939
-0.937
-0.944
-0.907
-0.842
-0.785
-0.744
-0.692
-0.669
-0.683
-0.728
-0.78
-0.846
-0.923
-0.959
-0.964
-0.93
-0.837
-0.721
-0.644
-0.635
-0.671
-0.692
-0.73
-0.801
-0.844
-0.86
-0.914
-0.95
-0.889
-0.805
-0.758
-0.717
-0.655
-0.635
-0.687
-0.735
-0.778
-0.871
-0.98
-0.996
-0.939
-0.91
-0.857
-0.753
-0.64
-0.567
-0.535
-0.535
-0.567
-0.635
-0.705
-0.744
-0.817
-0.885
-0.869
-0.771
-0.683
-0.642
-0.592
-0.49
-0.426
-0.449
-0.479
-0.528
-0.637
-0.714
-0.714
-0.692
-0.662
-0.612
-0.553
-0.481
-0.447
-0.454
-0.506
-0.553
-0.558
-0.551
-0.574
-0.61
-0.624
-0.626
-0.624
-0.563
-0.481
-0.435
-0.397
-0.379
-0.408
-0.467
-0.508
-0.551
-0.553
-0.517
-0.472
-0.431
-0.408
-0.374
-0.34
-0.361
-0.395
-0.417
-0.438
-0.429
-0.42
-0.401
-0.358
-0.345
-0.358
-0.327
-0.281
-0.259
-0.272
-0.331
-0.395
-0.447
-0.458
-0.49
-0.526
-0.524
-0.492
-0.442
-0.377
-0.274
-0.213
-0.247
-0.308
-0.333
-0.379
-0.433
-0.474
-0.528
-0.549
-0.519
-0.474
-0.426
-0.358
-0.286
-0.268
-0.277
-0.27
-0.288
-0.37
-0.458
-0.474
-0.426
-0.356
-0.304
-0.286
-0.234
-0.206
-0.254
-0.306
-0.306
-0.302
-0.329
-0.381
-0.424
-0.424
-0.397
-0.365
-0.32
-0.263
-0.204
-0.161
-0.141
-0.15
-0.188
-0.263
-0.352
-0.386
-0.39
-0.39
-0.377
-0.345
-0.308
-0.254
-0.225
-0.204
-0.184
-0.179
-0.197
-0.227
-0.22
-0.204
-0.193
-0.184
-0.168
-0.12
-0.075
-0.061
-0.057
-0.023
0.014
-0.059
-0.19
-0.252
-0.245
-0.227
-0.188
-0.127
-0.086
-0.054
-0.014
0.016
0.032
0.041
0
-0.045
-0.052
-0.034
-0.05
-0.129
-0.166
-0.068
0.014
0.025
0.002
-0.018
-0.011
0.014
0.034
0.029
0.02
0.036
0.066
0.084
0.111
0.147
0.15
0.143
0.154
0.156
0.118
0.066
0.036
0.048
0.034
0.002
0.027
0.111
0.206
0.265
0.277
0.261
0.215
0.134
0.057
0.007
-0.02
-0.029
0.005
0.1
0.215
0.254
0.234
0.234
0.234
0.229
0.206
0.122
0.02
-0.002
0.036
0.079
0.122
0.172
0.252
0.308
0.336
0.327
0.261
0.154
0.05
0.018
0.048
0.066
0.079
0.129
0.177
0.252
0.327
0.345
0.324
0.29
0.263
0.195
0.109
0.016
-0.045
-0.045
-0.045
-0.009
0.084
0.177
0.254
0.308
0.324
0.329
0.279
0.195
0.159
0.141
0.093
0.025
0.027
0.093
0.181
0.243
0.279
0.306
0.283
0.227
0.159
0.111
0.077
0.066
0.104
0.22
0.349
0.406
0.361
0.331
0.354
0.356
0.295
0.204
0.138
0.111
0.129
0.127
0.093
0.088
0.129
0.177
0.206
0.234
0.24
0.186
0.204
0.333
0.401
0.363
0.299
0.274
0.297
0.315
0.27
0.22
0.231
0.254
0.256
0.238
0.222
0.236
0.272
0.308
0.349
0.395
0.401
0.422
0.51
0.551
0.465
0.356
0.297
0.306
0.367
0.39
0.377
0.401
0.447
0.46
0.442
0.413
0.379
0.34
0.306
0.293
0.263
0.229
0.249
0.338
0.465
0.599
0.653
0.619
0.583
0.547
0.488
0.413
0.333
0.288
0.277
0.311
0.381
0.467
0.551
0.628
0.692
0.733
0.701
0.601
0.504
0.442
0.408
0.381
0.352
0.377
0.465
0.567
0.646
0.703
0.726
0.708
0.644
0.572
0.513
0.438
0.34
0.293
0.286
0.281
0.338
0.435
0.551
0.669
0.767
0.767
0.687
0.587
0.508
0.467
0.42
0.354
0.338
0.392
0.485
0.585
0.667
0.687
0.68
0.658
0.624
0.574
0.49
0.349
0.263
0.318
0.399
0.463
0.542
0.626
0.714
0.764
0.746
0.676
0.587
0.499
0.429
0.411
0.39
0.343
0.286
0.32
0.442
0.54
0.574
0.592
0.61
0.633
0.631
0.565
0.504
0.508
0.549
0.553
0.538
0.549
0.592
0.649
0.724
0.792
0.737
0.583
0.474
0.472
0.504
0.488
0.47
0.474
0.528
0.601
0.651
0.633
0.624
0.685
0.737
0.712
0.649
0.601
0.592
0.597
0.594
0.597
0.578
0.549
0.61
0.728
0.746
0.64
0.578
0.642
0.71
0.735
0.755
0.773
0.769
0.726
0.678
0.617
0.549
0.549
0.631
0.71
0.721
0.671
0.612
0.621
0.671
0.696
0.678
0.644
0.646
0.692
0.71
0.678
0.646
0.637
0.635
0.653
0.696
0.719
0.726
0.726
0.726
0.662
0.528
0.431
0.447
0.501
0.517
0.522
0.569
0.612
0.628
0.66
0.717
0.739
0.714
0.669
0.658
0.621
0.54
0.515
0.56
0.599
0.619
0.626
0.628
0.662
0.696
0.678
0.581
0.479
0.429
0.429
0.44
0.44
0.458
0.497
0.556
0.601
0.635
0.671
0.717
0.769
0.808
0.773
0.624
0.49
0.485
0.542
0.563
0.572
0.592
0.631
0.653
0.655
0.61
0.542
0.508
0.499
0.515
0.556
0.606
0.655
0.708
0.767
0.821
0.832
0.853
0.898
0.93
0.896
0.778
0.631
0.544
0.54
0.567
0.615
0.66
0.69
0.733
0.805
0.837
0.785
0.771
0.83
0.88
0.864
0.787
0.724
0.737
0.801
0.83
0.846
0.832
0.817
0.855
0.944
0.95
0.819
0.685
0.658
0.696
0.714
0.748
0.83
0.935
0.973
0.935
0.842
0.798
0.832
0.848
0.803
0.755
0.701
0.633
0.563
0.585
0.662
0.696
0.687
0.742
0.844
0.885
0.801
0.714
0.721
0.748
0.726
0.66
0.626
0.66
0.68
0.655
0.612
0.549
0.504
0.494
0.528
0.556
0.524
0.429
0.356
0.388
0.463
0.504
0.522
0.569
0.658
0.712
0.658
0.553
0.492
0.458
0.417
0.386
0.358
0.311
0.261
0.249
0.236
0.195
0.2
0.261
0.306
0.327
0.343
0.361
0.365
0.34
0.306
0.279
0.279
0.34
0.433
0.481
0.433
0.327
0.263
0.27
0.274
0.211
0.122
0.086
0.104
0.134
0.118
0.077
0.079
0.168
0.293
0.336
0.299
0.281
0.274
0.238
0.193
0.168
0.122
0.052
0.041
0.127
0.218
0.245
0.218
0.17
0.159
0.15
0.107
0.088
0.075
0.048
0.014
0
0.041
0.127
0.177
0.136
0.084
0.102
0.111
0.082
0.043
-0.007
-0.082
-0.15
-0.134
-0.059
0.005
0.023
0.057
0.129
0.204
0.236
0.193
0.109
0.014
-0.061
-0.12
-0.179
-0.193
-0.163
-0.113
-0.05
0.016
0.05
0.041
-0.016
-0.107
-0.188
-0.234
-0.268
-0.254
-0.202
-0.163
-0.161
-0.118
-0.007
0.084
0.098
0.052
-0.014
-0.091
-0.166
-0.222
-0.213
-0.181
-0.215
-0.263
-0.202
-0.095
-0.039
-0.011
0.002
-0.011
-0.093
-0.206
-0.299
-0.34
-0.365
-0.397
-0.37
-0.254
-0.136
-0.059
-0.014
-0.011
-0.045
-0.1
-0.159
-0.243
-0.313
-0.327
-0.302
-0.254
-0.163
-0.066
0.014
0.009
-0.066
-0.132
-0.145
-0.172
-0.261
-0.354
-0.379
-0.377
-0.347
-0.308
-0.259
-0.2
-0.17
-0.175
-0.166
-0.168
-0.195
-0.283
-0.395
-0.451
-0.463
-0.463
-0.438
-0.379
-0.293
-0.222
-0.193
-0.175
-0.154
-0.152
-0.222
-0.383
-0.508
-0.513
-0.472
-0.456
-0.431
-0.379
-0.347
-0.365
-0.404
-0.46
-0.531
-0.655
-0.785
-0.792
-0.717
-0.653
-0.585
-0.522
-0.465
-0.411
-0.388
-0.422
-0.508
-0.599
-0.676
-0.748
-0.783
-0.769
-0.735
-0.696
-0.705
-0.721
-0.696
-0.662
-0.658
-0.685
-0.746
-0.812
-0.862
-0.889
-0.887
-0.844
-0.814
-0.844
-0.821
-0.758
-0.696
-0.683
-0.746
-0.862
-0.957
-1.034
-1.102
-1.139
-1.098
-0.984
-0.857
-0.767
-0.685
-0.608
-0.569
-0.637
-0.778
-0.894
-0.991
-1.089
-1.141
-1.145
-1.098
-1.009
-0.932
-0.878
-0.844
-0.844
-0.916
-1.034
-1.075
-1.096
-1.134
-1.15
-1.109
-1.05
-0.982
-0.919
-0.839
-0.76
-0.767
-0.846
-0.925
-0.989
-1.066
-1.139
-1.184
-1.234
-1.245
-1.168
-1.037
-0.9
-0.817
-0.789
-0.798
-0.862
-0.966
-1.086
-1.184
-1.263
-1.34
-1.347
-1.236
-1.075
-0.955
-0.885
-0.846
-0.837
-0.9
-1.023
-1.141
-1.229
-1.288
-1.316
-1.277
-1.184
-1.073
-1.009
-0.966
-0.91
-0.871
-0.896
-0.989
-1.093
-1.229
-1.375
-1.438
-1.449
-1.49
-1.456
-1.293
-1.136
-1.052
-1.021
-1
-1.003
-1.075
-1.189
-1.282
-1.363
-1.427
-1.422
-1.338
-1.27
-1.25
-1.218
-1.141
-1.089
-1.075
-1.093
-1.157
-1.25
-1.343
-1.384
-1.418
-1.499
-1.522
-1.409
-1.266
-1.204
-1.195
-1.175
-1.175
-1.22
-1.257
-1.282
-1.304
-1.329
-1.327
-1.259
-1.179
-1.184
-1.22
-1.218
-1.186
-1.17
-1.179
-1.213
-1.259
-1.261
-1.266
-1.313
-1.372
-1.35
-1.25
-1.179
-1.175
-1.173
-1.141
-1.132
-1.177
-1.2
-1.173
-1.152
-1.139
-1.105
-1.041
-1.005
-1.055
-1.145
-1.148
-1.1
-1.096
-1.134
-1.15
-1.161
-1.168
-1.145
-1.132
-1.166
-1.17
-1.111
-1.043
-1.016
-1.032
-1.057
-1.066
-1.082
-1.114
-1.123
-1.096
-1.066
-1.03
-0.982
-0.944
-1.007
-1.12
-1.161
-1.12
-1.086
-1.114
-1.152
-1.118
-1.055
-1.034
-1.064
-1.114
-1.125
-1.071
-1.018
-1.025
-1.075
-1.125
-1.141
-1.152
-1.168
-1.148
-1.068
-0.991
-0.964
-0.939
-0.919
-0.984
-1.096
-1.132
-1.089
-1.059
-1.071
-1.077
-1.041
-0.991
-0.973
-1.012
-1.08
-1.08
-1.032
-1.039
-1.111
-1.177
-1.202
-1.189
-1.148
-1.111
-1.052
-0.989
-0.91
-0.819
-0.737
-0.71
-0.776
-0.91
-1.028
-1.059
-1.052
-1.071
-1.089
-1.068
-1.005
-0.969
-0.962
-1.003
-0.984
-0.905
-0.887
-0.948
-0.989
-0.993
-0.996
-0.998
-0.969
-0.91
-0.855
-0.812
-0.753
-0.687
-0.685
-0.758
-0.862
-0.93
-0.948
-0.98
-1.028
-1.039
-0.991
-0.944
-0.907
-0.903
-0.914
-0.864
-0.767
-0.728
-0.769
-0.794
-0.787
-0.832
-0.919
-0.948
-0.903
-0.855
-0.842
-0.851
-0.83
-0.776
-0.798
-0.855
-0.875
-0.871
-0.86
-0.83
-0.783
-0.748
-0.753
-0.776
-0.801
-0.848
-0.875
-0.846
-0.817
-0.855
-0.86
-0.846
-0.882
-0.932
-0.903
-0.81
-0.755
-0.796
-0.837
-0.771
-0.66
-0.665
-0.753
-0.839
-0.855
-0.792
-0.733
-0.708
-0.73
-0.753
-0.764
-0.798
-0.891
-0.941
-0.91
-0.875
-0.857
-0.83
-0.814
-0.789
-0.742
-0.68
-0.606
-0.576
-0.635
-0.726
-0.735
-0.683
-0.631
-0.66
-0.71
-0.751
-0.758
-0.724
-0.685
-0.667
-0.642
-0.619
-0.635
-0.685
-0.717
-0.714
-0.714
-0.708
-0.667
-0.619
-0.608
-0.615
-0.567
-0.483
-0.463
-0.528
-0.606
-0.642
-0.667
-0.699
-0.714
-0.705
-0.653
-0.576
-0.49
-0.411
-0.358
-0.333
-0.331
-0.377
-0.449
-0.488
-0.485
-0.524
-0.615
-0.631
-0.556
-0.479
-0.415
-0.313
-0.215
-0.188
-0.249
-0.356
-0.442
-0.47
-0.501
-0.567
-0.592
-0.576
-0.538
-0.467
-0.361
-0.265
-0.197
-0.181
-0.238
-0.315
-0.408
-0.483
-0.524
-0.535
-0.51
-0.467
-0.411
-0.358
-0.279
-0.159
-0.086
-0.104
-0.172
-0.24
-0.304
-0.39
-0.472
-0.492
-0.483
-0.424
-0.329
-0.231
-0.175
-0.147
-0.138
-0.168
-0.211
-0.249
-0.297
-0.388
-0.513
-0.556
-0.476
-0.397
-0.347
-0.263
-0.143
-0.068
-0.063
-0.125
-0.172
-0.172
-0.184
-0.245
-0.308
-0.315
-0.283
-0.211
-0.111
-0.018
0.016
0.023
0.023
-0.018
-0.116
-0.206
-0.265
-0.272
-0.236
-0.181
-0.152
-0.125
-0.027
0.1
0.154
0.113
0.048
0.034
0.011
-0.082
-0.186
-0.227
-0.22
-0.188
-0.118
-0.02
0.059
0.109
0.161
0.2
0.213
0.177
0.107
0.039
0.002
-0.011
-0.025
-0.027
0.029
0.125
0.225
0.261
0.222
0.147
0.113
0.129
0.125
0.061
-0.011
-0.052
-0.041
0.014
0.088
0.159
0.24
0.313
0.352
0.293
0.177
0.07
0.02
0.027
0.05
0.036
0.02
0.043
0.122
0.249
0.329
0.304
0.249
0.274
0.329
0.297
0.204
0.136
0.127
0.163
0.206
0.268
0.306
0.333
0.372
0.397
0.399
0.361
0.274
0.175
0.107
0.095
0.127
0.177
0.252
0.381
0.513
0.567
0.533
0.472
0.433
0.383
0.274
0.156
0.093
0.093
0.122
0.159
0.229
0.333
0.442
0.533
0.624
0.649
0.585
0.485
0.417
0.401
0.395
0.345
0.283
0.281
0.354
0.467
0.556
0.633
0.68
0.637
0.538
0.447
0.383
0.343
0.338
0.356
0.413
0.506
0.581
0.606
0.644
0.694
0.669
0.583
0.501
0.431
0.363
0.324
0.327
0.354
0.377
0.429
0.538
0.667
0.751
0.773
0.776
0.812
0.817
0.728
0.612
0.535
0.497
0.46
0.483
0.558
0.64
0.678
0.685
0.669
0.637
0.612
0.581
0.526
0.504
0.551
0.599
0.658
0.733
0.785
0.783
0.744
0.701
0.68
0.649
0.574
0.506
0.504
0.517
0.508
0.572
0.703
0.814
0.832
0.796
0.796
0.851
0.846
0.762
0.649
0.59
0.569
0.533
0.492
0.506
0.558
0.592
0.553
0.474
0.47
0.551
0.633
0.674
0.68
0.671
0.671
0.665
0.676
0.701
0.671
0.612
0.61
0.649
0.66
0.646
0.66
0.665
0.594
0.501
0.492
0.551
0.617
0.667
0.699
0.744
0.787
0.794
0.758
0.733
0.708
0.653
0.56
0.501
0.517
0.553
0.585
0.59
0.565
0.551
0.567
0.619
0.687
0.746
0.751
0.742
0.794
0.832
0.808
0.776
0.787
0.794
0.719
0.597
0.526
0.528
0.515
0.472
0.494
0.576
0.665
0.703
0.719
0.776
0.839
0.851
0.785
0.651
0.558
0.542
0.54
0.506
0.488
0.481
0.472
0.485
0.547
0.617
0.633
0.608
0.615
0.671
0.692
0.674
0.687
0.71
0.653
0.563
0.533
0.578
0.631
0.631
0.592
0.574
0.569
0.515
0.435
0.395
0.392
0.401
0.395
0.451
0.56
0.655
0.669
0.66
0.665
0.644
0.563
0.472
0.426
0.399
0.338
0.286
0.293
0.345
0.433
0.528
0.617
0.655
0.601
0.553
0.563
0.592
0.581
0.533
0.47
0.447
0.472
0.481
0.46
0.429
0.424
0.392
0.324
0.306
0.374
0.429
0.424
0.424
0.479
0.51
0.508
0.549
0.612
0.621
0.553
0.46
0.424
0.433
0.454
0.44
0.386
0.306
0.259
0.315
0.408
0.467
0.519
0.547
0.558
0.581
0.601
0.553
0.447
0.358
0.308
0.243
0.143
0.104
0.179
0.263
0.281
0.32
0.374
0.392
0.401
0.44
0.449
0.399
0.302
0.215
0.193
0.234
0.281
0.299
0.259
0.175
0.138
0.184
0.252
0.249
0.188
0.166
0.195
0.234
0.249
0.204
0.134
0.12
0.17
0.193
0.161
0.132
0.152
0.166
0.145
0.125
0.118
0.086
0.066
0.079
0.127
0.172
0.163
0.118
0.125
0.204
0.286
0.295
0.252
0.184
0.104
0.059
0.061
0.068
0.068
0.061
0.068
0.095
0.136
0.141
0.109
0.102
0.15
0.195
0.154
0.068
0.002
-0.014
0.034
0.079
0.057
0.016
-0.007
0.025
0.073
0.102
0.118
0.098
0.095
0.136
0.168
0.166
0.143
0.122
0.122
0.134
0.12
0.093
0.066
0.039
0.009
0.027
0.057
0.036
-0.016
-0.014
0.063
0.113
0.104
0.07
0.054
0.025
0.007
0.009
0.018
0.014
-0.02
-0.048
-0.011
0.029
-0.009
-0.086
-0.104
-0.057
0
0.032
0.016
-0.005
0
0.032
0.07
0.098
0.088
0.011
-0.061
-0.054
-0.023
-0.066
-0.141
-0.166
-0.129
-0.088
-0.104
-0.127
-0.122
-0.1
-0.095
-0.075
-0.07
-0.125
-0.188
-0.188
-0.098
-0.039
-0.086
-0.15
-0.161
-0.127
-0.111
-0.159
-0.247
-0.279
-0.225
-0.159
-0.132
-0.122
-0.104
-0.061
-0.007
0.029
0.025
-0.07
-0.179
-0.197
-0.161
-0.159
-0.218
-0.27
-0.265
-0.243
-0.211
-0.154
-0.104
-0.102
-0.15
-0.17
-0.156
-0.172
-0.22
-0.225
-0.172
-0.147
-0.152
-0.177
-0.186
-0.211
-0.252
-0.297
-0.281
-0.204
-0.168
-0.225
-0.265
-0.218
-0.104
-0.073
-0.134
-0.161
-0.152
-0.186
-0.238
-0.24
-0.247
-0.297
-0.347
-0.333
-0.302
-0.318
-0.338
-0.318
-0.268
-0.247
-0.274
-0.322
-0.331
-0.333
-0.329
-0.318
-0.318
-0.333
-0.333
-0.327
-0.306
-0.293
-0.308
-0.331
-0.315
-0.263
-0.254
-0.329
-0.352
-0.259
-0.19
-0.256
-0.322
-0.329
-0.324
-0.324
-0.311
-0.304
-0.336
-0.386
-0.39
-0.358
-0.365
-0.404
-0.442
-0.451
-0.431
-0.42
-0.433
-0.46
-0.463
-0.415
-0.377
-0.411
-0.474
-0.513
-0.535
-0.558
-0.542
-0.483
-0.445
-0.458
-0.447
-0.401
-0.388
-0.411
-0.379
-0.363
-0.424
-0.494
-0.515
-0.513
-0.542
-0.576
-0.574
-0.553
-0.528
-0.49
-0.451
-0.456
-0.438
-0.406
-0.429
-0.483
-0.544
-0.621
-0.674
-0.633
-0.531
-0.47
-0.483
-0.492
-0.456
-0.422
-0.44
-0.481
-0.501
-0.517
-0.508
-0.46
-0.424
-0.442
-0.438
-0.379
-0.338
-0.367
-0.435
-0.467
-0.465
-0.454
-0.438
-0.447
-0.506
-0.56
-0.54
-0.467
-0.438
-0.474
-0.542
-0.581
-0.513
-0.395
-0.349
-0.406
-0.501
-0.54
-0.526
-0.513
-0.528
-0.547
-0.522
-0.47
-0.39
-0.34
-0.406
-0.517
-0.547
-0.492
-0.449
-0.465
-0.51
-0.547
-0.569
-0.569
-0.542
-0.538
-0.569
-0.612
-0.628
-0.601
-0.533
-0.483
-0.513
-0.56
-0.556
-0.522
-0.533
-0.569
-0.585
-0.594
-0.608
-0.574
-0.472
-0.404
-0.451
-0.538
-0.528
-0.481
-0.513
-0.583
-0.583
-0.56
-0.549
-0.533
-0.531
-0.556
-0.597
-0.646
-0.674
-0.644
-0.569
-0.533
-0.547
-0.54
-0.526
-0.558
-0.585
-0.56
-0.513
-0.485
-0.501
-0.492
-0.458
-0.46
-0.526
-0.608
-0.646
-0.674
-0.73
-0.73
-0.671
-0.655
-0.655
-0.603
-0.547
-0.542
-0.565
-0.585
-0.612
-0.646
-0.637
-0.585
-0.565
-0.594
-0.665
-0.721
-0.714
-0.683
-0.667
-0.658
-0.635
-0.581
-0.497
-0.442
-0.431
-0.438
-0.483
-0.544
-0.569
-0.585
-0.624
-0.658
-0.655
-0.653
-0.678
-0.696
-0.696
-0.708
-0.721
-0.712
-0.642
-0.533
-0.476
-0.49
-0.526
-0.531
-0.508
-0.497
-0.522
-0.569
-0.599
-0.619
-0.621
-0.594
-0.601
-0.662
-0.683
-0.649
-0.608
-0.56
-0.499
-0.458
-0.442
-0.449
-0.465
-0.476
-0.51
-0.583
-0.66
-0.742
-0.803
-0.798
-0.744
-0.717
-0.751
-0.737
-0.646
-0.574
-0.574
-0.606
-0.592
-0.583
-0.601
-0.594
-0.576
-0.615
-0.703
-0.798
-0.853
-0.842
-0.821
-0.819
-0.814
-0.805
-0.787
-0.751
-0.721
-0.714
-0.733
-0.783
-0.771
-0.669
-0.583
-0.606
-0.703
-0.76
-0.755
-0.762
-0.796
-0.821
-0.842
-0.887
-0.889
-0.81
-0.733
-0.724
-0.737
-0.719
-0.667
-0.626
-0.615
-0.624
-0.665
-0.696
-0.696
-0.703
-0.755
-0.81
-0.866
-0.941
-0.964
-0.864
-0.742
-0.696
-0.68
-0.644
-0.597
-0.585
-0.583
-0.553
-0.515
-0.524
-0.56
-0.59
-0.59
-0.585
-0.617
-0.687
-0.751
-0.778
-0.758
-0.699
-0.651
-0.61
-0.56
-0.474
-0.422
-0.42
-0.417
-0.422
-0.474
-0.515
-0.538
-0.578
-0.655
-0.671
-0.635
-0.61
-0.599
-0.569
-0.513
-0.435
-0.356
-0.356
-0.413
-0.433
-0.401
-0.381
-0.404
-0.408
-0.377
-0.383
-0.415
-0.426
-0.426
-0.433
-0.456
-0.492
-0.513
-0.508
-0.519
-0.531
-0.492
-0.417
-0.383
-0.392
-0.397
-0.377
-0.388
-0.458
-0.481
-0.422
-0.411
-0.519
-0.617
-0.619
-0.574
-0.556
-0.515
-0.463
-0.445
-0.46
-0.445
-0.361
-0.286
-0.259
-0.277
-0.318
-0.374
-0.456
-0.54
-0.581
-0.569
-0.542
-0.556
-0.578
-0.576
-0.542
-0.494
-0.465
-0.426
-0.383
-0.377
-0.447
-0.501
-0.506
-0.47
-0.435
-0.438
-0.458
-0.497
-0.542
-0.544
-0.492
-0.426
-0.37
-0.32
-0.297
-0.313
-0.318
-0.252
-0.161
-0.134
-0.186
-0.281
-0.352
-0.361
-0.338
-0.322
-0.32
-0.306
-0.288
-0.263
-0.234
-0.227
-0.22
-0.227
-0.227
-0.213
-0.231
-0.288
-0.311
-0.256
-0.186
-0.143
-0.091
-0.041
-0.036
-0.07
-0.091
-0.086
-0.07
-0.073
-0.12
-0.204
-0.227
-0.113
0.025
0.045
0.007
-0.007
0.011
0.057
0.061
0.016
-0.025
-0.039
-0.043
-0.066
-0.095
-0.152
-0.206
-0.222
-0.179
-0.125
-0.079
-0.07
-0.043
0.023
0.048
0.023
-0.011
-0.025
-0.043
-0.077
-0.088
-0.05
-0.034
-0.07
-0.093
-0.052
0.034
0.141
0.177
0.127
0.061
0.002
-0.027
-0.041
-0.075
-0.113
-0.118
-0.086
-0.023
0.052
0.102
0.075
0.002
0.002
0.063
0.068
-0.009
-0.073
-0.036
0.014
0.029
0.005
-0.029
-0.054
-0.016
0.086
0.163
0.172
0.163
0.147
0.15
0.204
0.279
0.302
0.252
0.186
0.127
0.086
0.059
0.082
0.15
0.175
0.179
0.213
0.295
0.349
0.322
0.279
0.283
0.329
0.358
0.324
0.256
0.229
0.293
0.395
0.422
0.388
0.324
0.299
0.322
0.372
0.397
0.392
0.367
0.349
0.377
0.474
0.612
0.683
0.64
0.542
0.522
0.556
0.551
0.492
0.442
0.413
0.388
0.404
0.46
0.479
0.454
0.454
0.538
0.64
0.655
0.581
0.51
0.547
0.635
0.628
0.563
0.519
0.485
0.467
0.481
0.515
0.538
0.517
0.481
0.481
0.587
0.712
0.742
0.685
0.621
0.61
0.624
0.66
0.658
0.597
0.522
0.472
0.474
0.492
0.458
0.374
0.324
0.356
0.497
0.628
0.658
0.646
0.667
0.726
0.773
0.751
0.64
0.515
0.485
0.517
0.574
0.619
0.587
0.504
0.47
0.519
0.585
0.651
0.694
0.694
0.678
0.683
0.719
0.733
0.678
0.597
0.549
0.563
0.628
0.674
0.649
0.606
0.61
0.665
0.719
0.753
0.737
0.719
0.735
0.828
0.93
0.932
0.846
0.78
0.773
0.783
0.789
0.776
0.755
0.737
0.735
0.733
0.778
0.835
0.846
0.803
0.796
0.889
0.998
1.021
0.964
0.948
0.957
0.948
0.932
0.919
0.896
0.887
0.912
0.98
1.1
1.182
1.157
1.091
1.064
1.1
1.136
1.111
1.057
1.016
1.007
1
1.009
1.039
1.034
0.993
0.971
1.005
1.089
1.159
1.136
1.096
1.109
1.15
1.141
1.102
1.084
1.1
1.132
1.173
1.238
1.273
1.227
1.139
1.08
1.105
1.155
1.155
1.12
1.089
1.096
1.118
1.132
1.134
1.116
1.082
1.048
1.057
1.116
1.157
1.136
1.1
1.082
1.08
1.1
1.118
1.091
1.057
1.086
1.186
1.304
1.316
1.238
1.168
1.127
1.132
1.152
1.132
1.105
1.111
1.114
1.098
1.102
1.114
1.102
1.077
1.057
1.08
1.145
1.173
1.166
1.157
1.134
1.109
1.114
1.12
1.123
1.125
1.145
1.204
1.282
1.311
1.268
1.204
1.182
1.207
1.209
1.145
1.091
1.105
1.13
1.118
1.125
1.173
1.164
1.093
1.043
1.071
1.157
1.223
1.209
1.191
1.207
1.209
1.175
1.132
1.127
1.152
1.193
1.252
1.32
1.322
1.261
1.195
1.189
1.234
1.254
1.213
1.168
1.218
1.291
1.304
1.284
1.291
1.295
1.259
1.2
1.17
1.204
1.266
1.282
1.279
1.282
1.275
1.282
1.295
1.313
1.35
1.402
1.436
1.497
1.524
1.486
1.424
1.406
1.42
1.415
1.361
1.311
1.309
1.331
1.343
1.372
1.418
1.463
1.477
1.456
1.427
1.456
1.542
1.554
1.486
1.431
1.429
1.447
1.452
1.456
1.486
1.524
1.574
1.64
1.692
1.672
1.62
1.61
1.635
1.626
1.576
1.536
1.547
1.588
1.629
1.656
1.674
1.667
1.651
1.613
1.567
1.54
1.581
1.642
1.638
1.61
1.606
1.638
1.674
1.706
1.744
1.806
1.862
1.865
1.849
1.851
1.806
1.742
1.728
1.733
1.697
1.674
1.706
1.751
1.792
1.831
1.844
1.851
1.851
1.858
1.842
1.808
1.79
1.826
1.837
1.815
1.801
1.801
1.783
1.79
1.865
1.953
1.98
1.935
1.88
1.912
1.985
2.001
1.973
1.903
1.828
1.787
1.817
1.86
1.851
1.828
1.849
1.899
1.912
1.901
1.878
1.835
1.785
1.803
1.894
1.93
1.892
1.858
1.842
1.815
1.821
1.865
1.871
1.833
1.815
1.855
1.944
2.007
1.989
1.91
1.808
1.744
1.776
1.819
1.806
1.771
1.776
1.774
1.776
1.796
1.819
1.81
1.796
1.781
1.787
1.81
1.781
1.71
1.683
1.681
1.692
1.71
1.731
1.719
1.722
1.776
1.837
1.878
1.878
1.826
1.706
1.608
1.601
1.631
1.629
1.613
1.638
1.694
1.742
1.762
1.756
1.735
1.688
1.629
1.565
1.547
1.586
1.608
1.592
1.576
1.626
1.701
1.713
1.678
1.658
1.685
1.733
1.765
1.776
1.735
1.644
1.554
1.533
1.567
1.592
1.604
1.624
1.658
1.692
1.722
1.724
1.697
1.69
1.667
1.581
1.499
1.538
1.613
1.622
1.595
1.61
1.644
1.663
1.642
1.626
1.644
1.685
1.719
1.753
1.74
1.694
1.651
1.633
1.608
1.581
1.574
1.597
1.622
1.638
1.656
1.685
1.667
1.644
1.642
1.613
1.538
1.477
1.49
1.536
1.549
1.57
1.613
1.629
1.604
1.601
1.633
1.644
1.615
1.604
1.615
1.61
1.57
1.495
1.418
1.39
1.422
1.472
1.483
1.495
1.538
1.601
1.601
1.565
1.542
1.488
1.377
1.288
1.291
1.322
1.334
1.345
1.381
1.386
1.37
1.379
1.429
1.493
1.49
1.458
1.481
1.504
1.472
1.388
1.284
1.2
1.193
1.218
1.211
1.207
1.225
1.275
1.306
1.291
1.234
1.209
1.245
1.277
1.25
1.182
1.136
1.132
1.118
1.1
1.091
1.123
1.191
1.286
1.293
1.182
1.086
1.052
1.052
1.039
0.991
0.948
0.969
1.018
1.039
1.025
0.993
0.966
0.978
1.041
1.073
1.034
0.998
0.962
0.914
0.875
0.878
0.887
0.907
0.95
1.034
1.1
1.086
1.037
0.993
0.935
0.889
0.889
0.889
0.842
0.764
0.726
0.721
0.719
0.701
0.719
0.819
0.896
0.887
0.869
0.862
0.839
0.814
0.805
0.769
0.708
0.694
0.742
0.755
0.694
0.644
0.662
0.712
0.735
0.708
0.651
0.619
0.671
0.712
0.658
0.524
0.422
0.438
0.531
0.569
0.549
0.551
0.531
0.485
0.481
0.51
0.499
0.472
0.506
0.54
0.508
0.42
0.361
0.349
0.343
0.363
0.424
0.445
0.397
0.338
0.336
0.331
0.29
0.256
0.261
0.274
0.279
0.274
0.268
0.249
0.234
0.238
0.245
0.243
0.254
0.331
0.413
0.388
0.318
0.272
0.238
0.225
0.204
0.17
0.134
0.109
0.138
0.177
0.138
0.045
0.023
0.12
0.231
0.254
0.2
0.152
0.15
0.141
0.102
0.063
0.045
0.077
0.143
0.168
0.122
0.084
0.095
0.116
0.125
0.138
0.118
0.057
0.002
-0.027
-0.061
-0.111
-0.154
-0.152
-0.066
0.005
0.014
0.023
0.063
0.086
0.039
-0.032
-0.084
-0.107
-0.1
-0.079
-0.077
-0.098
-0.104
-0.1
-0.102
-0.073
-0.016
0.002
-0.027
-0.077
-0.107
-0.143
-0.259
-0.39
-0.392
-0.281
-0.213
-0.225
-0.202
-0.141
-0.122
-0.116
-0.095
-0.091
-0.132
-0.147
-0.143
-0.197
-0.27
-0.302
-0.308
-0.308
-0.279
-0.231
-0.227
-0.263
-0.279
-0.263
-0.313
-0.429
-0.51
-0.492
-0.422
-0.411
-0.442
-0.438
-0.377
-0.338
-0.343
-0.358
-0.379
-0.388
-0.413
-0.476
-0.528
-0.494
-0.463
-0.538
-0.601
-0.574
-0.528
-0.51
-0.501
-0.474
-0.44
-0.474
-0.547
-0.633
-0.678
-0.671
-0.667
-0.674
-0.68
-0.685
-0.701
-0.71
-0.699
-0.699
-0.719
-0.719
-0.696
-0.694
-0.71
-0.746
-0.794
-0.805
-0.744
-0.683
-0.694
-0.726
-0.737
-0.751
-0.778
-0.826
-0.86
-0.826
-0.783
-0.803
-0.839
-0.839
-0.812
-0.78
-0.751
-0.76
-0.78
-0.798
-0.837
-0.891
-0.937
-0.971
-0.998
-0.996
-0.973
-0.921
-0.885
-0.887
-0.878
-0.873
-0.866
-0.857
-0.907
-0.975
-1
-1.021
-1.062
-1.084
-1.041
-0.964
-0.923
-0.91
-0.896
-0.88
-0.903
-0.964
-1.023
-1.025
-1.005
-1.034
-1.08
-1.08
-1.032
-0.962
-0.928
-0.932
-0.928
-0.919
-0.946
-1.03
-1.123
-1.179
-1.182
-1.184
-1.184
-1.143
-1.075
-1.034
-1.021
-1
-0.978
-0.978
-1.039
-1.125
-1.179
-1.225
-1.3
-1.345
-1.302
-1.213
-1.143
-1.091
-1.034
-0.971
-0.955
-1.007
-1.086
-1.123
-1.127
-1.184
-1.268
-1.318
-1.3
-1.234
-1.173
-1.114
-1.055
-1.032
-1.062
-1.145
-1.241
-1.3
-1.345
-1.413
-1.436
-1.359
-1.277
-1.27
-1.293
-1.273
-1.204
-1.132
-1.141
-1.245
-1.343
-1.386
-1.422
-1.465
-1.483
-1.438
-1.354
-1.266
-1.195
-1.168
-1.17
-1.186
-1.216
-1.232
-1.218
-1.293
-1.427
-1.477
-1.427
-1.352
-1.295
-1.241
-1.175
-1.107
-1.096
-1.166
-1.284
-1.37
-1.397
-1.422
-1.463
-1.454
-1.388
-1.345
-1.325
-1.277
-1.213
-1.173
-1.173
-1.232
-1.309
-1.345
-1.388
-1.445
-1.461
-1.402
-1.331
-1.286
-1.252
-1.195
-1.143
-1.123
-1.15
-1.193
-1.211
-1.252
-1.336
-1.409
-1.386
-1.275
-1.209
-1.193
-1.166
-1.127
-1.125
-1.189
-1.282
-1.343
-1.388
-1.458
-1.508
-1.47
-1.35
-1.263
-1.243
-1.232
-1.177
-1.102
-1.08
-1.13
-1.22
-1.288
-1.363
-1.449
-1.49
-1.47
-1.411
-1.347
-1.252
-1.159
-1.118
-1.148
-1.22
-1.252
-1.213
-1.227
-1.304
-1.361
-1.345
-1.291
-1.236
-1.209
-1.198
-1.191
-1.204
-1.263
-1.35
-1.431
-1.49
-1.508
-1.504
-1.452
-1.366
-1.27
-1.241
-1.257
-1.25
-1.198
-1.145
-1.186
-1.313
-1.427
-1.515
-1.601
-1.638
-1.595
-1.508
-1.418
-1.336
-1.266
-1.211
-1.207
-1.266
-1.284
-1.277
-1.37
-1.52
-1.597
-1.579
-1.511
-1.449
-1.406
-1.388
-1.377
-1.406
-1.461
-1.536
-1.588
-1.59
-1.597
-1.647
-1.663
-1.579
-1.461
-1.406
-1.411
-1.413
-1.404
-1.424
-1.474
-1.52
-1.588
-1.676
-1.76
-1.769
-1.71
-1.606
-1.508
-1.472
-1.468
-1.445
-1.436
-1.483
-1.547
-1.576
-1.608
-1.658
-1.678
-1.635
-1.558
-1.517
-1.527
-1.57
-1.64
-1.703
-1.737
-1.753
-1.774
-1.737
-1.647
-1.601
-1.583
-1.502
-1.386
-1.338
-1.368
-1.427
-1.486
-1.527
-1.556
-1.563
-1.604
-1.701
-1.79
-1.801
-1.742
-1.672
-1.597
-1.515
-1.449
-1.404
-1.372
-1.384
-1.445
-1.499
-1.576
-1.69
-1.776
-1.733
-1.586
-1.49
-1.477
-1.474
-1.445
-1.465
-1.556
-1.64
-1.676
-1.64
-1.579
-1.536
-1.488
-1.384
-1.243
-1.164
-1.202
-1.284
-1.35
-1.413
-1.461
-1.483
-1.515
-1.565
-1.597
-1.586
-1.547
-1.488
-1.422
-1.366
-1.356
-1.354
-1.288
-1.209
-1.189
-1.232
-1.284
-1.311
-1.311
-1.277
-1.252
-1.275
-1.282
-1.241
-1.193
-1.198
-1.236
-1.245
-1.22
-1.195
-1.177
-1.136
-1.082
-1.018
-0.896
-0.789
-0.817
-0.9
-0.962
-1.012
-1.075
-1.125
-1.141
-1.189
-1.266
-1.277
-1.155
-0.971
-0.837
-0.789
-0.785
-0.773
-0.76
-0.76
-0.801
-0.866
-0.898
-0.9
-0.889
-0.878
-0.823
-0.739
-0.703
-0.73
-0.762
-0.796
-0.869
-0.948
-0.987
-0.969
-0.921
-0.842
-0.764
-0.712
-0.649
-0.581
-0.513
-0.538
-0.676
-0.826
-0.887
-0.878
-0.887
-0.946
-0.982
-0.984
-0.928
-0.81
-0.678
-0.592
-0.567
-0.583
-0.59
-0.587
-0.606
-0.662
-0.76
-0.83
-0.839
-0.819
-0.787
-0.771
-0.758
-0.737
-0.708
-0.703
-0.733
-0.792
-0.844
-0.86
-0.848
-0.846
-0.851
-0.814
-0.714
-0.617
-0.585
-0.606
-0.658
-0.755
-0.875
-0.946
-0.939
-0.941
-0.969
-0.964
-0.885
-0.737
-0.612
-0.569
-0.621
-0.694
-0.739
-0.758
-0.81
-0.891
-0.962
-0.998
-0.962
-0.889
-0.862
-0.848
-0.801
-0.769
-0.81
-0.857
-0.86
-0.837
-0.853
-0.912
-0.93
-0.871
-0.826
-0.821
-0.801
-0.728
-0.685
-0.683
-0.692
-0.717
-0.748
-0.787
-0.83
-0.882
-0.928
-0.925
-0.862
-0.753
-0.653
-0.594
-0.599
-0.637
-0.642
-0.635
-0.685
-0.785
-0.857
-0.86
-0.803
-0.701
-0.606
-0.567
-0.569
-0.565
-0.51
-0.488
-0.513
-0.556
-0.572
-0.567
-0.544
-0.483
-0.404
-0.365
-0.395
-0.411
-0.361
-0.297
-0.295
-0.361
-0.438
-0.463
-0.454
-0.472
-0.47
-0.408
-0.358
-0.345
-0.281
-0.163
-0.098
-0.116
-0.152
-0.188
-0.259
-0.343
-0.367
-0.318
-0.243
-0.213
-0.188
-0.093
0.05
0.127
0.084
-0.014
-0.054
-0.041
-0.073
-0.134
-0.15
-0.132
-0.132
-0.113
-0.057
-0.02
-0.023
-0.07
-0.082
-0.043
0.002
0.034
0.034
0.005
-0.025
0.002
0.066
0.138
0.161
0.159
0.188
0.231
0.222
0.184
0.138
0.084
0.043
0.048
0.079
0.138
0.213
0.277
0.333
0.388
0.395
0.311
0.261
0.263
0.2
0.091
0.073
0.168
0.283
0.333
0.333
0.354
0.386
0.386
0.381
0.399
0.431
0.44
0.424
0.449
0.535
0.599
0.572
0.506
0.494
0.538
0.553
0.522
0.47
0.435
0.408
0.343
0.311
0.37
0.431
0.408
0.413
0.513
0.633
0.683
0.669
0.64
0.601
0.551
0.524
0.497
0.447
0.417
0.445
0.488
0.519
0.581
0.64
0.617
0.547
0.544
0.576
0.599
0.617
0.628
0.619
0.612
0.637
0.644
0.612
0.556
0.492
0.447
0.411
0.438
0.485
0.497
0.46
0.456
0.492
0.542
0.612
0.696
0.771
0.76
0.687
0.655
0.678
0.685
0.587
0.447
0.395
0.449
0.51
0.492
0.47
0.515
0.581
0.576
0.533
0.531
0.513
0.415
0.347
0.386
0.485
0.519
0.51
0.547
0.617
0.612
0.553
0.515
0.513
0.494
0.47
0.445
0.431
0.429
0.44
0.438
0.435
0.488
0.519
0.524
0.542
0.597
0.61
0.556
0.485
0.465
0.467
0.424
0.331
0.311
0.383
0.456
0.508
0.538
0.515
0.47
0.474
0.519
0.558
0.567
0.563
0.585
0.669
0.76
0.76
0.665
0.59
0.567
0.574
0.581
0.563
0.524
0.524
0.585
0.655
0.646
0.594
0.637
0.76
0.848
0.835
0.776
0.771
0.776
0.733
0.687
0.699
0.737
0.796
0.889
0.964
0.948
0.875
0.826
0.83
0.837
0.837
0.855
0.878
0.896
0.898
0.855
0.787
0.805
0.932
1.034
1.014
0.987
1.021
1.028
0.959
0.919
0.935
0.932
0.885
0.882
0.955
0.98
0.935
0.955
1.071
1.168
1.202
1.175
1.143
1.109
1.071
1.016
0.894
0.764
0.76
0.851
0.921
0.946
0.966
1.009
1.075
1.164
1.22
1.2
1.125
1.123
1.193
1.191
1.084
1
0.989
0.973
0.969
1.021
1.089
1.102
1.08
1.084
1.075
1.005
0.964
1.032
1.125
1.141
1.098
1.086
1.082
1.066
1.059
1.075
1.12
1.173
1.2
1.207
1.182
1.123
1.073
1.048
1.048
1.071
1.064
1.007
0.959
0.973
0.989
0.975
1
1.105
1.207
1.229
1.209
1.182
1.159
1.123
1.082
1.039
0.98
0.914
0.894
0.962
1.05
1.075
1.084
1.109
1.148
1.189
1.191
1.168
1.125
1.046
0.944
0.846
0.767
0.744
0.751
0.798
0.862
0.91
0.95
0.993
1.03
1.041
1.041
1.023
1.039
1.086
1.071
0.919
0.78
0.776
0.844
0.898
0.925
0.928
0.932
0.944
0.903
0.823
0.735
0.696
0.701
0.73
0.748
0.724
0.674
0.699
0.823
0.962
1.018
1.028
1.046
1.071
1.041
0.905
0.739
0.676
0.66
0.631
0.594
0.615
0.696
0.789
0.889
0.966
0.937
0.873
0.862
0.851
0.794
0.726
0.692
0.671
0.658
0.644
0.66
0.712
0.792
0.912
1.037
1.059
0.937
0.808
0.78
0.776
0.712
0.658
0.687
0.739
0.755
0.751
0.739
0.735
0.801
0.873
0.889
0.866
0.817
0.758
0.708
0.683
0.726
0.805
0.839
0.88
0.964
1.007
0.923
0.808
0.808
0.866
0.862
0.801
0.755
0.744
0.733
0.726
0.737
0.728
0.708
0.701
0.735
0.762
0.737
0.728
0.769
0.808
0.837
0.869
0.88
0.871
0.889
0.903
0.832
0.712
0.621
0.59
0.578
0.576
0.628
0.728
0.837
0.898
0.923
0.898
0.828
0.805
0.817
0.796
0.719
0.633
0.594
0.576
0.576
0.624
0.721
0.819
0.923
1.016
1.059
1.005
0.882
0.812
0.787
0.73
0.658
0.646
0.683
0.721
0.748
0.796
0.828
0.794
0.773
0.803
0.814
0.76
0.68
0.635
0.626
0.644
0.69
0.735
0.767
0.805
0.857
0.907
0.916
0.832
0.699
0.576
0.497
0.467
0.483
0.522
0.54
0.551
0.606
0.658
0.619
0.574
0.608
0.644
0.624
0.542
0.467
0.399
0.349
0.331
0.363
0.438
0.506
0.533
0.567
0.603
0.558
0.431
0.329
0.304
0.311
0.311
0.302
0.304
0.354
0.406
0.408
0.361
0.311
0.308
0.299
0.247
0.186
0.147
0.175
0.222
0.243
0.272
0.308
0.333
0.358
0.417
0.492
0.472
0.322
0.2
0.195
0.215
0.19
0.177
0.197
0.222
0.245
0.236
0.188
0.136
0.154
0.188
0.156
0.098
0.093
0.154
0.206
0.259
0.313
0.322
0.277
0.229
0.2
0.181
0.118
-0.016
-0.091
-0.057
0.011
0.075
0.15
0.222
0.277
0.279
0.22
0.113
-0.005
-0.1
-0.143
-0.161
-0.186
-0.168
-0.113
-0.059
-0.002
0.063
0.104
0.1
0.098
0.1
0.07
-0.041
-0.218
-0.336
-0.347
-0.29
-0.211
-0.129
-0.057
0.027
0.073
0.052
-0.052
-0.225
-0.347
-0.408
-0.474
-0.533
-0.508
-0.433
-0.367
-0.29
-0.209
-0.122
-0.093
-0.136
-0.152
-0.145
-0.22
-0.374
-0.501
-0.556
-0.54
-0.497
-0.46
-0.408
-0.347
-0.308
-0.299
-0.349
-0.463
-0.553
-0.572
-0.581
-0.572
-0.515
-0.449
-0.404
-0.354
-0.315
-0.29
-0.306
-0.365
-0.417
-0.44
-0.49
-0.624
-0.753
-0.73
-0.597
-0.481
-0.415
-0.365
-0.302
-0.27
-0.311
-0.433
-0.619
-0.762
-0.796
-0.785
-0.767
-0.712
-0.608
-0.504
-0.426
-0.379
-0.358
-0.392
-0.472
-0.542
-0.569
-0.585
-0.674
-0.805
-0.817
-0.687
-0.558
-0.497
-0.47
-0.44
-0.433
-0.483
-0.585
-0.719
-0.846
-0.882
-0.869
-0.828
-0.742
-0.619
-0.51
-0.458
-0.449
-0.467
-0.519
-0.599
-0.685
-0.771
-0.826
-0.853
-0.835
-0.769
-0.701
-0.615
-0.533
-0.494
-0.501
-0.533
-0.621
-0.742
-0.857
-0.935
-0.971
-0.998
-1.003
-0.971
-0.875
-0.728
-0.624
-0.567
-0.578
-0.653
-0.755
-0.864
-0.982
-1.071
-1.111
-1.118
-1.073
-0.946
-0.787
-0.669
-0.583
-0.54
-0.569
-0.712
-0.928
-1.109
-1.216
-1.27
-1.273
-1.236
-1.145
-1.005
-0.855
-0.773
-0.753
-0.769
-0.857
-1.012
-1.148
-1.22
-1.284
-1.343
-1.363
-1.329
-1.225
-1.091
-0.975
-0.887
-0.862
-0.896
-0.939
-1.005
-1.102
-1.202
-1.248
-1.236
-1.227
-1.238
-1.209
-1.089
-0.998
-0.962
-0.946
-0.973
-1.048
-1.136
-1.232
-1.291
-1.318
-1.313
-1.286
-1.243
-1.136
-0.973
-0.86
-0.846
-0.912
-1.021
-1.13
-1.225
-1.295
-1.334
-1.34
-1.291
-1.232
-1.145
-1.016
-0.894
-0.839
-0.862
-0.935
-1.073
-1.189
-1.273
-1.347
-1.377
-1.354
-1.291
-1.227
-1.157
-1.059
-0.993
-0.989
-1.043
-1.182
-1.352
-1.443
-1.461
-1.47
-1.458
-1.44
-1.386
-1.273
-1.141
-1.066
-1.03
-1.059
-1.139
-1.252
-1.372
-1.436
-1.452
-1.445
-1.409
-1.379
-1.377
-1.32
-1.191
-1.105
-1.089
-1.155
-1.261
-1.356
-1.431
-1.506
-1.558
-1.551
-1.515
-1.506
-1.465
-1.347
-1.211
-1.136
-1.15
-1.236
-1.334
-1.404
-1.456
-1.502
-1.531
-1.517
-1.465
-1.381
-1.295
-1.213
-1.136
-1.071
-1.062
-1.179
-1.338
-1.452
-1.504
-1.513
-1.504
-1.495
-1.452
-1.393
-1.309
-1.225
-1.166
-1.155
-1.234
-1.375
-1.452
-1.447
-1.413
-1.402
-1.397
-1.379
-1.363
-1.343
-1.322
-1.286
-1.259
-1.277
-1.34
-1.379
-1.363
-1.338
-1.338
-1.311
-1.254
-1.238
-1.238
-1.236
-1.254
-1.277
-1.3
-1.34
-1.406
-1.452
-1.447
-1.431
-1.422
-1.384
-1.386
-1.411
-1.354
-1.236
-1.161
-1.159
-1.223
-1.297
-1.338
-1.352
-1.368
-1.361
-1.313
-1.263
-1.238
-1.227
-1.191
-1.141
-1.102
-1.096
-1.177
-1.293
-1.329
-1.293
-1.27
-1.268
-1.238
-1.191
-1.148
-1.123
-1.123
-1.136
-1.15
-1.177
-1.259
-1.327
-1.309
-1.248
-1.22
-1.191
-1.136
-1.105
-1.12
-1.164
-1.177
-1.15
-1.109
-1.102
-1.164
-1.22
-1.204
-1.148
-1.105
-1.064
-1.039
-1.071
-1.105
-1.12
-1.132
-1.148
-1.177
-1.182
-1.168
-1.141
-1.116
-1.109
-1.098
-1.043
-0.998
-1.046
-1.109
-1.102
-1.071
-1.084
-1.132
-1.179
-1.182
-1.155
-1.107
-1.055
-1.012
-0.975
-0.955
-0.971
-0.996
-0.991
-0.973
-0.993
-0.973
-0.928
-0.941
-0.998
-1.005
-0.964
-0.932
-0.925
-0.932
-0.953
-0.987
-1.016
-1.034
-1.034
-1.032
-1.039
-1.055
-1.03
-0.932
-0.835
-0.792
-0.78
-0.801
-0.878
-0.948
-0.987
-0.991
-1.018
-1.034
-1.005
-0.946
-0.889
-0.839
-0.758
-0.658
-0.615
-0.637
-0.73
-0.851
-0.923
-0.941
-0.946
-0.93
-0.864
-0.801
-0.748
-0.683
-0.624
-0.603
-0.642
-0.712
-0.76
-0.828
-0.896
-0.916
-0.875
-0.798
-0.758
-0.694
-0.585
-0.504
-0.483
-0.519
-0.581
-0.642
-0.687
-0.739
-0.758
-0.714
-0.646
-0.619
-0.578
-0.492
-0.44
-0.442
-0.463
-0.506
-0.544
-0.567
-0.603
-0.658
-0.678
-0.653
-0.615
-0.547
-0.438
-0.354
-0.392
-0.456
-0.433
-0.426
-0.479
-0.519
-0.549
-0.594
-0.626
-0.592
-0.517
-0.447
-0.395
-0.308
-0.184
-0.12
-0.177
-0.252
-0.288
-0.308
-0.338
-0.42
-0.526
-0.531
-0.438
-0.336
-0.265
-0.2
-0.168
-0.204
-0.24
-0.211
-0.188
-0.259
-0.365
-0.406
-0.404
-0.367
-0.299
-0.222
-0.15
-0.116
-0.125
-0.134
-0.145
-0.195
-0.279
-0.322
-0.27
-0.166
-0.12
-0.129
-0.088
0.039
0.152
0.175
0.127
-0.009
-0.154
-0.225
-0.243
-0.197
-0.168
-0.206
-0.193
-0.043
0.177
0.281
0.24
0.159
0.109
0.041
-0.052
-0.109
-0.161
-0.19
-0.159
-0.061
0.073
0.161
0.172
0.177
0.225
0.281
0.293
0.209
0.05
-0.059
-0.041
0.029
0.095
0.138
0.111
0.082
0.179
0.338
0.392
0.318
0.215
0.152
0.122
0.107
0.102
0.068
0.034
0.082
0.22
0.32
0.34
0.333
0.324
0.338
0.343
0.295
0.218
0.147
0.107
0.109
0.159
0.265
0.374
0.422
0.413
0.442
0.538
0.578
0.481
0.299
0.152
0.127
0.177
0.24
0.311
0.367
0.379
0.397
0.481
0.558
0.515
0.365
0.236
0.161
0.147
0.2
0.238
0.234
0.27
0.383
0.542
0.642
0.608
0.488
0.392
0.358
0.361
0.367
0.327
0.274
0.293
0.424
0.61
0.701
0.644
0.538
0.506
0.563
0.631
0.585
0.42
0.29
0.272
0.349
0.449
0.542
0.572
0.497
0.456
0.565
0.703
0.696
0.551
0.406
0.374
0.456
0.547
0.56
0.517
0.517
0.574
0.674
0.726
0.717
0.655
0.569
0.549
0.61
0.626
0.522
0.431
0.463
0.608
0.755
0.821
0.785
0.685
0.597
0.592
0.631
0.615
0.467
0.311
0.333
0.513
0.712
0.819
0.801
0.751
0.767
0.828
0.86
0.776
0.594
0.433
0.417
0.522
0.637
0.719
0.762
0.798
0.862
0.928
0.955
0.905
0.753
0.601
0.538
0.587
0.674
0.665
0.576
0.558
0.658
0.789
0.808
0.746
0.726
0.742
0.742
0.753
0.76
0.703
0.594
0.549
0.637
0.762
0.81
0.785
0.755
0.773
0.821
0.862
0.873
0.848
0.753
0.635
0.628
0.753
0.857
0.851
0.783
0.769
0.839
0.889
0.846
0.733
0.628
0.583
0.565
0.599
0.708
0.787
0.783
0.798
0.891
0.957
0.891
0.751
0.674
0.683
0.714
0.744
0.767
0.755
0.73
0.767
0.894
0.998
0.948
0.798
0.705
0.717
0.755
0.76
0.746
0.746
0.739
0.758
0.846
0.937
0.925
0.812
0.667
0.637
0.746
0.801
0.721
0.66
0.694
0.776
0.848
0.905
0.941
0.937
0.903
0.925
0.973
0.941
0.81
0.719
0.778
0.912
0.941
0.871
0.842
0.88
0.919
0.93
0.93
0.914
0.866
0.778
0.696
0.703
0.785
0.823
0.755
0.701
0.814
0.975
1.009
0.932
0.873
0.855
0.817
0.764
0.744
0.721
0.68
0.692
0.798
0.928
0.973
0.971
1
1.048
1.016
0.875
0.742
0.678
0.637
0.624
0.66
0.746
0.835
0.864
0.873
0.907
0.962
0.953
0.823
0.655
0.61
0.658
0.696
0.68
0.669
0.671
0.703
0.771
0.853
0.896
0.851
0.771
0.758
0.783
0.776
0.769
0.746
0.696
0.685
0.719
0.755
0.755
0.737
0.721
0.712
0.717
0.717
0.696
0.628
0.563
0.578
0.678
0.737
0.755
0.805
0.826
0.771
0.714
0.701
0.676
0.599
0.565
0.628
0.719
0.753
0.705
0.685
0.737
0.771
0.755
0.724
0.712
0.699
0.665
0.624
0.606
0.576
0.492
0.399
0.435
0.572
0.653
0.624
0.592
0.624
0.68
0.66
0.612
0.619
0.671
0.653
0.608
0.633
0.676
0.621
0.515
0.515
0.567
0.551
0.494
0.483
0.526
0.56
0.583
0.603
0.585
0.533
0.499
0.524
0.578
0.574
0.499
0.426
0.408
0.447
0.483
0.456
0.42
0.46
0.542
0.578
0.601
0.631
0.585
0.454
0.392
0.413
0.426
0.39
0.365
0.381
0.424
0.438
0.411
0.383
0.329
0.268
0.29
0.352
0.377
0.354
0.327
0.304
0.311
0.338
0.349
0.315
0.297
0.336
0.397
0.404
0.352
0.281
0.225
0.166
0.136
0.206
0.272
0.236
0.17
0.172
0.215
0.227
0.204
0.163
0.136
0.15
0.188
0.218
0.211
0.175
0.156
0.147
0.136
0.143
0.147
0.143
0.161
0.245
0.336
0.322
0.229
0.195
0.197
0.152
0.1
0.102
0.113
0.084
0.048
0.063
0.093
0.07
0.023
0.057
0.132
0.179
0.215
0.222
0.184
0.122
0.07
0.057
0.091
0.125
0.134
0.138
0.175
0.211
0.193
0.122
0.095
0.098
0.059
0.02
0.059
0.113
0.093
0.043
0.032
0.052
0.048
0.018
0.029
0.059
0.039
-0.007
-0.036
-0.032
-0.016
-0.018
-0.043
-0.018
0.075
0.156
0.159
0.138
0.129
0.095
0.041
-0.032
-0.107
-0.166
-0.204
-0.184
-0.118
-0.068
-0.066
-0.075
-0.091
-0.113
-0.12
-0.102
-0.1
-0.113
-0.141
-0.188
-0.204
-0.19
-0.197
-0.222
-0.209
-0.161
-0.127
-0.107
-0.102
-0.15
-0.222
-0.24
-0.238
-0.286
-0.365
-0.377
-0.306
-0.227
-0.186
-0.206
-0.259
-0.347
-0.392
-0.358
-0.329
-0.354
-0.401
-0.406
-0.383
-0.372
-0.338
-0.311
-0.283
-0.215
-0.15
-0.136
-0.197
-0.272
-0.297
-0.304
-0.32
-0.367
-0.435
-0.481
-0.465
-0.386
-0.318
-0.277
-0.24
-0.211
-0.197
-0.215
-0.254
-0.315
-0.374
-0.431
-0.463
-0.456
-0.465
-0.488
-0.483
-0.395
-0.243
-0.175
-0.22
-0.265
-0.261
-0.263
-0.274
-0.272
-0.283
-0.311
-0.34
-0.358
-0.358
-0.322
-0.329
-0.333
-0.283
-0.2
-0.19
-0.261
-0.295
-0.243
-0.184
-0.204
-0.238
-0.252
-0.311
-0.404
-0.46
-0.429
-0.406
-0.426
-0.424
-0.367
-0.322
-0.338
-0.354
-0.349
-0.345
-0.345
-0.37
-0.392
-0.415
-0.472
-0.535
-0.542
-0.513
-0.499
-0.499
-0.472
-0.406
-0.343
-0.333
-0.377
-0.422
-0.442
-0.454
-0.454
-0.465
-0.526
-0.578
-0.574
-0.515
-0.44
-0.422
-0.445
-0.483
-0.556
-0.619
-0.651
-0.667
-0.683
-0.696
-0.665
-0.608
-0.569
-0.578
-0.583
-0.56
-0.547
-0.563
-0.592
-0.649
-0.753
-0.842
-0.857
-0.821
-0.778
-0.733
-0.678
-0.628
-0.567
-0.528
-0.526
-0.522
-0.54
-0.599
-0.683
-0.778
-0.837
-0.848
-0.828
-0.762
-0.678
-0.628
-0.615
-0.599
-0.585
-0.612
-0.653
-0.64
-0.631
-0.694
-0.787
-0.821
-0.776
-0.717
-0.674
-0.619
-0.56
-0.54
-0.572
-0.603
-0.612
-0.624
-0.665
-0.685
-0.653
-0.635
-0.651
-0.619
-0.522
-0.472
-0.483
-0.467
-0.433
-0.445
-0.544
-0.642
-0.662
-0.624
-0.617
-0.624
-0.581
-0.533
-0.533
-0.526
-0.467
-0.449
-0.506
-0.583
-0.601
-0.578
-0.624
-0.735
-0.76
-0.69
-0.599
-0.553
-0.547
-0.524
-0.524
-0.567
-0.583
-0.553
-0.549
-0.592
-0.619
-0.606
-0.594
-0.585
-0.59
-0.597
-0.583
-0.54
-0.524
-0.56
-0.619
-0.665
-0.667
-0.612
-0.551
-0.533
-0.583
-0.631
-0.626
-0.631
-0.669
-0.708
-0.724
-0.712
-0.696
-0.696
-0.73
-0.764
-0.705
-0.587
-0.538
-0.59
-0.651
-0.658
-0.658
-0.696
-0.73
-0.721
-0.683
-0.653
-0.644
-0.658
-0.626
-0.542
-0.499
-0.494
-0.51
-0.528
-0.583
-0.646
-0.687
-0.69
-0.676
-0.665
-0.615
-0.563
-0.544
-0.519
-0.463
-0.454
-0.531
-0.628
-0.667
-0.662
-0.68
-0.714
-0.724
-0.687
-0.619
-0.517
-0.46
-0.44
-0.438
-0.465
-0.51
-0.565
-0.621
-0.667
-0.674
-0.646
-0.594
-0.538
-0.454
-0.336
-0.302
-0.367
-0.417
-0.433
-0.488
-0.56
-0.599
-0.587
-0.576
-0.576
-0.547
-0.494
-0.494
-0.524
-0.479
-0.367
-0.343
-0.411
-0.485
-0.528
-0.56
-0.59
-0.615
-0.594
-0.531
-0.415
-0.295
-0.229
-0.268
-0.358
-0.399
-0.395
-0.406
-0.485
-0.583
-0.644
-0.635
-0.581
-0.553
-0.587
-0.624
-0.538
-0.411
-0.379
-0.413
-0.42
-0.411
-0.44
-0.474
-0.474
-0.476
-0.46
-0.399
-0.345
-0.352
-0.424
-0.485
-0.515
-0.531
-0.542
-0.551
-0.551
-0.535
-0.501
-0.47
-0.483
-0.508
-0.463
-0.354
-0.306
-0.356
-0.415
-0.458
-0.488
-0.524
-0.569
-0.583
-0.551
-0.474
-0.37
-0.302
-0.274
-0.297
-0.324
-0.343
-0.338
-0.336
-0.363
-0.404
-0.417
-0.392
-0.386
-0.404
-0.42
-0.404
-0.343
-0.295
-0.277
-0.259
-0.254
-0.279
-0.286
-0.265
-0.243
-0.254
-0.218
-0.145
-0.132
-0.186
-0.213
-0.193
-0.166
-0.143
-0.143
-0.145
-0.132
-0.129
-0.147
-0.197
-0.272
-0.288
-0.197
-0.107
-0.102
-0.134
-0.15
-0.141
-0.095
-0.054
-0.063
-0.086
-0.036
0.073
0.122
0.063
-0.025
-0.043
-0.045
-0.077
-0.109
-0.125
-0.118
-0.079
-0.054
-0.048
-0.057
-0.098
-0.134
-0.079
-0.002
0.005
-0.036
-0.07
-0.043
0.005
-0.002
-0.043
-0.052
-0.02
0.032
0.045
0.002
-0.05
-0.093
-0.147
-0.17
-0.129
-0.079
-0.054
-0.041
-0.032
-0.009
-0.016
-0.07
-0.107
-0.084
-0.045
-0.059
-0.132
-0.188
-0.172
-0.125
-0.118
-0.107
-0.05
0.054
0.152
0.168
0.098
0.041
0.007
-0.036
-0.068
-0.079
-0.095
-0.102
-0.082
-0.052
-0.039
-0.073
-0.1
-0.039
0.075
0.127
0.075
-0.005
-0.009
0.045
0.059
0.039
0.045
0.107
0.193
0.245
0.204
0.138
0.147
0.179
0.188
0.184
0.184
0.175
0.175
0.166
0.175
0.163
0.12
0.1
0.177
0.322
0.415
0.39
0.347
0.363
0.411
0.374
0.263
0.2
0.218
0.265
0.322
0.386
0.415
0.401
0.388
0.429
0.483
0.504
0.508
0.501
0.47
0.438
0.397
0.338
0.279
0.29
0.32
0.318
0.338
0.417
0.517
0.549
0.485
0.426
0.433
0.424
0.379
0.327
0.338
0.399
0.472
0.567
0.655
0.676
0.61
0.522
0.476
0.454
0.411
0.345
0.252
0.213
0.254
0.34
0.408
0.456
0.508
0.544
0.542
0.54
0.567
0.565
0.501
0.39
0.299
0.263
0.274
0.313
0.37
0.422
0.476
0.535
0.594
0.633
0.626
0.574
0.501
0.422
0.365
0.356
0.374
0.388
0.399
0.47
0.553
0.583
0.563
0.517
0.474
0.431
0.413
0.39
0.365
0.358
0.374
0.406
0.465
0.558
0.649
0.705
0.719
0.703
0.674
0.646
0.617
0.576
0.538
0.474
0.422
0.451
0.558
0.653
0.678
0.651
0.658
0.703
0.733
0.703
0.628
0.551
0.517
0.542
0.608
0.628
0.601
0.617
0.667
0.714
0.753
0.773
0.746
0.68
0.64
0.676
0.767
0.821
0.817
0.792
0.755
0.728
0.751
0.794
0.778
0.737
0.733
0.755
0.769
0.78
0.798
0.805
0.785
0.744
0.764
0.832
0.848
0.814
0.801
0.803
0.798
0.819
0.848
0.828
0.792
0.819
0.891
0.973
0.975
0.882
0.837
0.846
0.823
0.803
0.808
0.828
0.875
0.921
0.941
0.962
0.966
0.971
0.955
0.873
0.746
0.687
0.714
0.746
0.773
0.801
0.805
0.835
0.91
0.971
0.973
0.964
0.953
0.948
0.98
0.982
0.9
0.783
0.728
0.76
0.826
0.869
0.889
0.925
0.962
0.978
0.969
0.935
0.889
0.842
0.78
0.735
0.735
0.828
0.916
0.978
1.025
1.012
0.966
0.928
0.905
0.878
0.848
0.814
0.805
0.866
0.948
0.98
0.989
0.998
1.03
1.082
1.118
1.136
1.109
1.041
0.966
0.937
0.93
0.919
0.905
0.887
0.903
0.989
1.116
1.179
1.164
1.148
1.143
1.148
1.155
1.136
1.111
1.143
1.223
1.277
1.35
1.409
1.413
1.395
1.34
1.282
1.25
1.236
1.234
1.245
1.248
1.277
1.352
1.438
1.493
1.52
1.529
1.495
1.452
1.468
1.477
1.415
1.327
1.261
1.263
1.338
1.415
1.488
1.586
1.676
1.726
1.756
1.792
1.767
1.685
1.597
1.511
1.472
1.461
1.481
1.54
1.61
1.683
1.737
1.771
1.769
1.753
1.715
1.651
1.57
1.499
1.486
1.563
1.667
1.735
1.787
1.842
1.878
1.869
1.835
1.785
1.731
1.685
1.644
1.606
1.629
1.701
1.758
1.783
1.808
1.851
1.885
1.905
1.919
1.917
1.894
1.842
1.771
1.724
1.703
1.701
1.699
1.697
1.681
1.672
1.722
1.815
1.855
1.828
1.801
1.817
1.853
1.894
1.926
1.955
1.994
2.035
2.041
2.001
1.98
1.987
1.928
1.842
1.801
1.81
1.862
1.93
2.003
2.06
2.105
2.134
2.148
2.121
2.064
2.014
1.971
1.894
1.824
1.812
1.896
2.023
2.107
2.159
2.182
2.182
2.184
2.198
2.166
2.105
2.035
1.989
2.003
2.062
2.153
2.259
2.311
2.316
2.309
2.3
2.273
2.227
2.196
2.157
2.082
2.028
2.039
2.062
2.078
2.125
2.182
2.18
2.143
2.139
2.182
2.257
2.293
2.275
2.216
2.162
2.132
2.103
2.087
2.096
2.105
2.109
2.116
2.119
2.148
2.2
2.2
2.146
2.105
2.134
2.187
2.189
2.137
2.08
2.06
2.039
2.026
1.989
1.942
1.921
1.948
1.937
1.903
1.91
1.992
2.08
2.096
2.062
1.989
1.892
1.831
1.828
1.851
1.853
1.846
1.849
1.887
1.935
1.982
1.985
1.955
1.901
1.828
1.756
1.672
1.59
1.558
1.586
1.644
1.706
1.747
1.787
1.819
1.865
1.851
1.735
1.606
1.542
1.551
1.549
1.497
1.465
1.495
1.549
1.61
1.663
1.708
1.735
1.733
1.715
1.676
1.669
1.667
1.615
1.515
1.429
1.415
1.463
1.522
1.574
1.615
1.642
1.667
1.66
1.615
1.554
1.497
1.456
1.42
1.372
1.35
1.37
1.47
1.57
1.599
1.597
1.586
1.549
1.508
1.495
1.479
1.431
1.384
1.363
1.363
1.409
1.499
1.529
1.488
1.429
1.393
1.411
1.422
1.393
1.318
1.293
1.329
1.37
1.37
1.35
1.316
1.318
1.304
1.241
1.152
1.114
1.161
1.198
1.179
1.164
1.157
1.15
1.159
1.195
1.243
