Unnamed: 3
Value
-6.265
-5.888
-5.5
-5.108
-4.672
-4.223
-3.915
-3.874
-4.021
-4.121
-4.006
-3.765
-3.547
-3.318
-3.032
-2.84
-2.915
-3.223
-3.62
-4.087
-4.815
-5.786
-6.646
-7.05
-6.956
-6.562
-6.036
-5.587
-5.326
-5.207
-5.106
-5.097
-5.233
-5.344
-5.355
-5.421
-5.677
-6.033
-6.349
-6.567
-6.723
-6.859
-6.827
-6.489
-5.938
-5.482
-5.305
-5.307
-5.296
-5.334
-5.6
-6.058
-6.605
-7.186
-7.762
-8.358
-8.986
-9.529
-9.885
-10.134
-10.427
-10.795
-11.017
-10.86
-10.393
-9.987
-9.856
-9.76
-9.434
-9.182
-9.606
-10.867
-12.308
-13.167
-13.385
-13.496
-13.657
-13.231
-11.729
-9.828
-8.701
-8.512
-8.329
-7.528
-6.766
-7.013
-8.136
-9.116
-9.274
-8.876
-8.569
-8.605
-8.685
-8.524
-8.161
-7.832
-7.659
-7.356
-6.65
-5.709
-5.028
-4.813
-4.675
-4.069
-3.128
-2.436
-2.066
-1.574
-0.691
0.234
0.75
0.95
1.277
1.688
1.758
1.449
1.204
1.413
2.032
2.656
2.91
2.69
2.191
1.556
0.578
-1.02
-2.84
-3.99
-4.082
-3.561
-2.982
-2.322
-1.372
-0.32
0.331
0.351
-0.108
-0.569
-0.664
-0.469
-0.134
0.535
1.655
2.84
3.484
3.291
2.42
1.256
0.072
-1.054
-2.107
-2.86
-3.153
-3.176
-3.427
-4.196
-5.38
-6.748
-7.936
-8.726
-9.243
-9.67
-9.774
-9.434
-9.023
-9.016
-9.331
-9.561
-9.64
-9.81
-10.055
-10.168
-9.96
-9.447
-8.814
-8.138
-7.483
-6.97
-6.63
-6.406
-6.245
-6.013
-5.498
-4.65
-3.833
-3.529
-3.865
-4.59
-5.634
-7.027
-8.485
-9.583
-10.089
-9.946
-9.291
-8.42
-7.585
-6.963
-6.698
-6.766
-6.932
-6.818
-6.253
-5.396
-4.466
-3.557
-2.744
-2.066
-1.526
-1.22
-1.245
-1.354
-1.086
-0.367
0.501
1.331
2.166
3.096
3.903
4.208
3.983
3.574
3.184
2.765
2.32
1.984
1.782
1.662
1.665
1.771
1.853
1.86
1.948
2.191
2.474
2.679
2.889
3.293
3.917
4.518
4.777
4.672
4.545
4.652
4.861
5.024
5.214
5.437
5.514
5.214
4.543
3.808
3.384
3.289
3.184
2.876
2.669
2.899
3.459
3.903
3.842
3.307
2.724
2.298
1.876
1.281
0.626
0.335
0.685
1.494
2.377
3.159
3.84
4.441
4.892
5.056
4.981
5.004
5.344
5.79
5.931
5.745
5.782
6.306
6.879
7.023
6.698
6.231
6.031
5.94
5.461
4.52
3.647
3.257
3.189
3.06
2.869
2.908
3.216
3.43
3.135
2.388
1.71
1.483
1.513
1.424
1.229
1.34
1.955
2.76
3.345
3.531
3.431
3.304
3.198
2.892
2.32
1.849
1.717
1.715
1.449
0.907
0.436
0.197
-0.095
-0.719
-1.461
-1.873
-1.723
-1.132
-0.537
-0.32
-0.465
-0.589
-0.465
-0.301
-0.32
-0.361
-0.201
-0.004
0
-0.152
-0.29
-0.328
-0.261
-0.186
-0.197
-0.149
0.199
0.852
1.461
1.658
1.494
1.329
1.363
1.497
1.549
1.558
1.756
2.155
2.526
2.72
2.781
2.756
2.649
2.44
2.109
1.805
1.792
2.084
2.436
2.726
3.089
3.692
4.398
4.822
4.809
4.462
3.967
3.445
3.008
2.817
2.946
3.263
3.631
4.012
4.443
4.843
5.045
4.847
4.266
3.516
2.944
2.653
2.576
2.624
2.631
2.377
1.93
1.549
1.349
1.127
0.787
0.537
0.483
0.481
0.436
0.403
0.349
0.163
-0.059
-0.056
0.122
0.279
0.467
1
1.903
2.728
3.141
3.45
4.11
4.906
5.317
5.468
5.89
6.748
7.846
8.962
9.838
10.298
10.404
10.459
10.722
11.085
11.378
11.67
12.11
12.641
13.056
13.255
13.36
13.435
13.344
12.988
12.559
12.337
12.4
12.602
12.72
12.713
12.62
12.444
12.126
11.509
10.59
9.749
9.456
9.742
10.219
10.541
10.568
10.28
9.665
8.692
7.508
6.385
5.539
4.872
4.196
3.55
3.125
2.896
2.627
2.091
1.307
0.417
-0.436
-1.127
-1.596
-1.849
-1.962
-1.957
-1.846
-1.749
-1.744
-1.769
-1.669
-1.415
-1.038
-0.526
0.167
0.851
1.159
1.016
0.735
0.63
0.739
0.948
1.136
1.293
1.424
1.476
1.427
1.204
0.755
0.159
-0.41
-0.871
-1.161
-1.315
-1.36
-1.259
-0.903
-0.313
0.263
0.506
0.331
-0.142
-0.657
-0.93
-0.687
0.097
1.093
1.798
1.921
1.556
1.023
0.474
-0.032
-0.424
-0.691
-0.973
-1.383
-1.894
-2.425
-2.96
-3.584
-4.244
-4.716
-4.879
-4.901
-4.983
-5.058
-4.933
-4.657
-4.47
-4.475
-4.641
-4.942
-5.274
-5.464
-5.321
-4.799
-4.019
-3.232
-2.703
-2.606
-2.878
-3.241
-3.334
-3.026
-2.54
-2.175
-1.976
-1.855
-1.891
-2.234
-2.923
-3.779
-4.423
-4.688
-4.699
-4.611
-4.443
-4.203
-3.86
-3.357
-2.656
-1.891
-1.204
-0.694
-0.392
-0.149
0.283
1.018
1.855
2.406
2.447
2.08
1.644
1.401
1.372
1.447
1.592
1.823
2.08
2.234
2.234
2.01
1.521
0.998
0.782
0.961
1.349
1.685
1.76
1.561
1.195
0.805
0.489
0.234
-0.045
-0.388
-0.742
-0.945
-0.814
-0.351
0.113
0.149
-0.406
-1.324
-2.279
-3.137
-3.897
-4.55
-5.072
-5.53
-6.122
-7.038
-8.177
-9.302
-10.305
-11.083
-11.368
-11.026
-10.388
-10.085
-10.259
-10.323
-9.919
-9.672
-10.168
-10.863
-10.894
-10.352
-9.851
-9.449
-8.485
-6.594
-4.724
-4.123
-4.448
-4.296
-3.148
-1.742
-0.945
-0.903
-1.084
-0.916
-0.385
-0.118
-0.882
-2.59
-4.01
-4.194
-3.79
-4.078
-5.12
-5.738
-5.532
-5.523
-6.245
-6.596
-5.408
-3.184
-1.29
-0.009
1.427
2.96
3.688
3.402
2.615
1.653
0.395
-0.934
-1.653
-1.561
-1.435
-1.812
-2.254
-2.513
-3.148
-4.309
-5.31
-5.716
-5.997
-6.519
-6.641
-5.795
-4.695
-4.343
-4.65
-4.861
-4.811
-4.845
-4.953
-4.768
-4.348
-4.094
-3.903
-3.425
-2.889
-2.738
-2.905
-3.042
-3.171
-3.67
-4.459
-4.892
-4.758
-4.589
-4.82
-5.373
-5.934
-6.342
-6.746
-7.415
-8.354
-9.234
-9.61
-9.431
-9.164
-9.186
-9.429
-9.651
-9.59
-9.082
-8.377
-7.791
-7.226
-6.419
-5.45
-4.727
-4.47
-4.377
-4.128
-3.849
-3.903
-4.336
-4.75
-4.784
-4.493
-4.189
-4.232
-4.754
-5.382
-5.682
-5.811
-6.004
-6.022
-5.569
-4.597
-3.498
-2.769
-2.352
-1.771
-1.05
-0.667
-0.828
-1.086
-0.798
0.088
1.048
1.648
2.107
2.887
3.94
4.684
4.831
4.845
5.04
5.203
5.167
5.028
4.89
4.761
4.636
4.41
4.101
3.908
4.071
4.518
4.892
5.01
5.008
5.201
5.711
6.31
6.668
6.877
7.184
7.483
7.422
7.041
6.822
7.024
7.256
7.052
6.609
6.51
6.877
7.397
7.7
7.676
7.397
7.052
6.977
7.329
7.721
7.696
7.338
6.972
6.562
5.95
5.323
5.035
5.153
5.412
5.643
5.861
6.025
6.002
5.802
5.523
5.271
5.083
5.017
5.092
5.21
5.142
4.797
4.468
4.509
4.774
4.774
4.275
3.579
3.214
3.291
3.57
3.928
4.493
5.264
5.945
6.135
5.823
5.344
4.911
4.459
3.994
3.622
3.461
3.677
4.242
4.672
4.504
3.833
3.182
2.858
2.835
3.005
3.33
3.783
4.289
4.822
5.255
5.251
4.579
3.552
2.692
2.32
2.365
2.606
2.762
2.66
2.332
2.034
2.018
2.322
2.665
2.842
2.869
2.869
2.998
3.32
3.622
3.622
3.282
2.781
2.454
2.463
2.703
3.039
3.4
3.695
3.824
3.733
3.654
3.938
4.514
4.888
4.983
5.285
6.176
7.46
8.61
9.354
9.785
10.123
10.474
10.776
10.919
10.937
10.992
11.158
11.416
11.804
12.314
12.87
13.271
13.383
13.528
14.133
15.136
16
16.207
15.846
15.413
15.179
15.034
14.798
14.367
13.916
13.75
13.854
14.013
13.986
13.682
13.224
12.679
11.928
11.085
10.488
10.205
9.948
9.551
9.182
9.003
8.83
8.403
7.669
6.723
5.727
4.952
4.489
4.13
3.736
3.338
2.933
2.438
1.939
1.701
1.815
1.839
1.413
0.75
0.283
0.145
0.125
-0.086
-0.583
-1.215
-1.764
-2.093
-2.259
-2.406
-2.506
-2.352
-1.941
-1.528
-1.261
-1.093
-0.989
-1.018
-1.075
-0.755
0.102
1.111
1.775
2.082
2.375
2.889
3.477
4.089
4.94
6.067
7.177
7.964
8.365
8.605
8.744
8.712
8.517
8.227
8.036
8.399
9.49
10.829
11.722
11.992
12.01
12.074
12.06
11.874
11.734
11.983
12.695
13.576
14.349
15.02
15.651
15.989
15.778
15.179
14.637
14.365
14.206
13.988
13.691
13.439
13.346
13.435
13.408
12.9
12.047
11.244
10.738
10.404
10.137
10.005
10.103
10.209
10.025
9.637
9.352
9.243
9.159
9.003
8.755
8.433
8.122
7.912
7.687
7.27
6.8
6.562
6.612
6.757
6.857
6.927
6.984
6.977
6.784
6.321
5.743
5.312
5.153
5.242
5.618
6.326
7.215
7.968
8.402
8.612
8.807
9.048
9.325
9.722
10.25
10.817
11.384
11.92
12.201
11.99
11.393
10.679
9.921
9.034
8.179
7.798
8.021
8.417
8.617
8.665
8.68
8.569
8.272
7.932
7.703
7.539
7.356
7.192
7.029
6.725
6.215
5.68
5.244
4.931
4.704
4.568
4.514
4.57
4.779
5.046
5.128
4.885
4.384
3.813
3.157
2.37
1.51
0.691
-0.036
-0.619
-1.036
-1.447
-1.998
-2.511
-2.721
-2.647
-2.429
-2.07
-1.474
-0.728
-0.134
0.238
0.54
0.921
1.284
1.531
1.764
2.109
2.549
2.967
3.338
3.622
3.815
4.024
4.301
4.484
4.502
4.445
4.302
3.942
3.341
2.69
2.218
1.95
1.737
1.549
1.429
1.374
1.397
1.501
1.678
1.977
2.511
3.286
4.201
5.094
5.759
6.158
6.526
7.036
7.394
7.217
6.696
6.358
6.287
6.058
5.516
5.01
4.818
4.72
4.466
4.121
4.008
4.332
4.915
5.337
5.439
5.344
5.158
4.797
4.137
3.284
2.542
2.27
2.542
3.107
3.579
3.765
3.736
3.468
2.751
1.633
0.755
0.81
1.787
3.005
3.973
4.734
5.3
5.194
3.987
2.066
0.426
-0.276
-0.256
-0.127
-0.027
0.276
0.787
1.084
0.766
-0.029
-0.766
-1.034
-0.667
0.188
1.127
1.93
2.574
2.912
2.799
2.322
1.771
1.468
1.558
1.939
2.357
2.586
2.683
2.828
2.94
2.874
2.903
3.411
4.291
5.131
5.621
5.711
5.414
4.717
3.747
2.828
2.234
2.064
2.284
2.817
3.602
4.525
5.362
5.795
5.518
4.548
3.345
2.513
2.316
2.64
3.273
4.137
5.085
5.895
6.285
6.074
5.296
4.335
3.565
3.116
2.987
3.3
3.972
4.561
4.716
4.504
4.012
3.135
1.93
0.764
-0.038
-0.442
-0.476
-0.16
0.29
0.478
0.159
-0.556
-1.363
-1.912
-1.971
-1.671
-1.472
-1.637
-1.962
-2.259
-2.83
-3.92
-5.076
-5.618
-5.382
-4.763
-4.094
-3.389
-2.744
-2.456
-2.59
-2.878
-2.98
-2.703
-2.152
-1.49
-0.798
-0.09
0.571
1.013
0.904
0.013
-1.37
-2.49
-2.799
-2.329
-1.435
-0.351
0.821
1.941
2.731
3.026
2.969
2.899
3.162
3.951
5.045
6.072
6.873
7.428
7.592
7.188
6.419
5.752
5.419
5.455
5.797
6.287
6.762
7.163
7.537
7.866
8.004
7.809
7.392
7.072
7.043
7.161
7.147
6.821
6.24
5.502
4.593
3.516
2.447
1.699
1.526
1.98
2.899
4.006
5.015
5.589
5.618
5.36
5.038
4.668
4.162
3.599
3.162
2.869
2.642
2.454
2.198
1.619
0.598
-0.544
-1.442
-2.103
-2.653
-2.93
-2.638
-1.935
-1.313
-0.925
-0.537
0.033
0.678
1.238
1.753
2.347
3.037
3.681
4.012
3.933
3.808
4.048
4.654
5.292
5.723
6.07
6.625
7.392
8.027
8.229
8.084
7.966
8.114
8.447
8.708
8.892
9.268
9.973
10.652
10.779
10.282
9.499
8.721
7.995
7.342
6.904
6.882
7.277
7.839
8.242
8.368
8.302
8.166
7.959
7.578
7.024
6.469
6.056
5.725
5.248
4.557
3.838
3.2
2.481
1.554
0.526
-0.396
-1.013
-1.295
-1.422
-1.54
-1.549
-1.379
-1.218
-1.322
-1.671
-2.028
-2.339
-2.799
-3.452
-4.094
-4.445
-4.416
-4.18
-4.01
-3.91
-3.643
-3.094
-2.563
-2.497
-2.883
-3.263
-3.309
-3.191
-3.2
-3.255
-3.053
-2.597
-2.161
-2.005
-2.084
-2.178
-2.134
-2.077
-2.245
-2.642
-2.905
-2.756
-2.381
-2.178
-2.191
-2.184
-1.98
-1.662
-1.461
-1.417
-1.451
-1.487
-1.558
-1.603
-1.606
-1.572
-1.458
-1.233
-0.9
-0.517
-0.31
-0.351
-0.449
-0.467
-0.517
-0.803
-1.188
-1.297
-1.17
-1.204
-1.52
-1.823
-1.959
-1.994
-2.089
-2.272
-2.388
-2.286
-2.068
-1.982
-2.118
-2.365
-2.567
-2.713
-2.93
-3.327
-3.881
-4.403
-4.754
-5.026
-5.426
-5.936
-6.306
-6.372
-6.317
-6.562
-7.124
-7.476
-7.338
-7.052
-7.057
-7.277
-7.405
-7.462
-7.694
-8.1
-8.372
-8.276
-7.975
-7.843
-8.043
-8.395
-8.615
-8.605
-8.522
-8.537
-8.553
-8.331
-7.848
-7.435
-7.451
-7.762
-7.912
-7.737
-7.624
-7.907
-8.343
-8.39
-7.895
-7.236
-6.782
-6.469
-5.986
-5.373
-4.963
-4.94
-5.083
-5.049
-4.836
-4.709
-4.901
-5.375
-5.988
-6.687
-7.474
-8.188
-8.601
-8.601
-8.322
-8.057
-7.98
-8.1
-8.263
-8.429
-8.687
-8.953
-8.923
-8.506
-7.995
-7.773
-7.827
-7.866
-7.76
-7.762
-8.095
-8.61
-9.094
-9.404
-9.481
-9.279
-8.789
-8.059
-7.322
-6.8
-6.596
-6.66
-6.863
-7.156
-7.585
-8.143
-8.687
-9.061
-9.325
-9.719
-10.241
-10.661
-10.779
-10.627
-10.456
-10.373
-10.291
-10.168
-10.096
-10.098
-10.116
-10.071
-9.935
-9.815
-9.794
-9.778
-9.531
-8.982
-8.39
-8.009
-7.751
-7.438
-7.097
-6.884
-6.759
-6.412
-5.587
-4.575
-3.955
-3.96
-4.246
-4.489
-4.731
-5.158
-5.686
-6.081
-6.181
-6.149
-6.265
-6.589
-6.934
-7.09
-7.013
-6.857
-6.696
-6.476
-6.185
-5.865
-5.546
-5.267
-4.999
-4.693
-4.398
-4.321
-4.538
-4.792
-4.845
-4.756
-4.77
-4.888
-4.938
-4.967
-5.262
-5.845
-6.462
-6.907
-7.12
-7.197
-7.295
-7.505
-7.744
-7.993
-8.261
-8.556
-8.812
-8.923
-8.799
-8.442
-7.964
-7.601
-7.431
-7.329
-7.188
-7.034
-6.9
-6.728
-6.446
-6.033
-5.482
-4.892
-4.468
-4.359
-4.609
-5.183
-6.026
-6.941
-7.685
-8.095
-8.102
-7.571
-6.855
-6.712
-6.949
-6.285
-4.525
-3.273
-3.282
-3.3
-2.576
-2.137
-2.432
-2.581
-2.32
-2.186
-2.121
-1.976
-2.213
-2.638
-2.037
-0.213
1.197
0.852
-0.574
-1.562
-1.889
-2.679
-4.355
-5.704
-5.541
-4.593
-4.593
-5.897
-7.244
-7.805
-8.177
-9.315
-11.087
-12.29
-11.962
-10.52
-9.386
-9.268
-9.663
-9.797
-9.626
-9.801
-10.922
-12.503
-13.12
-12.146
-11.017
-11.386
-12.743
-13.433
-13.503
-14.526
-16.604
-17.865
-17.189
-15.683
-14.88
-14.918
-15.127
-15.277
-15.506
-15.674
-15.479
-15.043
-14.54
-13.721
-12.353
-10.856
-9.799
-9.125
-8.646
-8.622
-9.066
-9.08
-7.948
-6.324
-5.314
-4.779
-3.887
-2.726
-2.259
-2.756
-3.228
-2.762
-1.644
-0.501
0.544
1.681
2.801
3.502
3.482
2.642
1.127
-0.419
-1.161
-0.937
-0.32
0.19
0.798
1.88
3.268
4.216
4.112
2.94
1.34
0.142
-0.174
0.24
0.773
0.886
0.598
0.304
-0.1
-1.243
-3.148
-4.874
-5.602
-5.609
-5.589
-5.584
-5.287
-4.786
-4.507
-4.657
-5.147
-5.684
-5.831
-5.323
-4.559
-4.021
-3.629
-3.307
-3.459
-4.223
-5.137
-5.68
-5.745
-5.464
-4.986
-4.357
-3.55
-2.667
-2.202
-2.556
-3.316
-3.672
-3.323
-2.744
-2.484
-2.508
-2.261
-1.476
-0.71
-0.612
-0.982
-1.129
-0.757
-0.199
0.197
0.474
0.791
1.023
0.966
0.655
0.217
-0.29
-0.721
-0.855
-0.837
-0.971
-1.193
-1.333
-1.578
-2.179
-2.86
-3.13
-3.073
-3.187
-3.572
-3.756
-3.438
-2.951
-2.758
-2.908
-3.032
-2.817
-2.352
-2.123
-2.375
-2.844
-3.044
-2.833
-2.583
-2.767
-3.366
-3.931
-4.112
-4.008
-3.921
-3.954
-4.019
-4.051
-4.037
-4.069
-4.387
-5.006
-5.621
-6.002
-6.231
-6.46
-6.687
-6.78
-6.716
-6.612
-6.487
-6.451
-6.7
-7.124
-7.397
-7.385
-7.324
-7.358
-7.385
-7.342
-7.306
-7.335
-7.531
-7.988
-8.522
-8.665
-8.263
-7.669
-7.26
-7.075
-6.963
-6.989
-7.324
-7.805
-7.975
-7.571
-6.918
-6.396
-6.022
-5.639
-5.328
-5.341
-5.75
-6.389
-7.068
-7.542
-7.658
-7.456
-7.004
-6.258
-5.362
-4.611
-4.169
-4.065
-4.273
-4.634
-4.94
-5.035
-4.881
-4.457
-3.797
-3.239
-3.076
-3.18
-3.382
-3.69
-4.062
-4.209
-3.94
-3.377
-2.806
-2.484
-2.506
-2.803
-3.2
-3.643
-4.157
-4.786
-5.385
-5.689
-5.662
-5.659
-5.92
-6.276
-6.478
-6.58
-6.85
-7.265
-7.514
-7.426
-7.19
-7.05
-7.065
-7.202
-7.472
-7.821
-8.204
-8.617
-9.041
-9.424
-9.694
-9.805
-9.896
-10.087
-10.248
-10.259
-10.25
-10.373
-10.597
-10.756
-10.697
-10.416
-10.069
-9.79
-9.51
-9.098
-8.714
-8.669
-8.855
-8.848
-8.447
-7.707
-6.585
-5.083
-3.441
-1.969
-0.828
-0.05
0.374
0.413
0.077
-0.467
-0.869
-0.841
-0.465
0.063
0.725
1.565
2.447
3.101
3.323
3.141
2.919
3.087
3.718
4.507
5.18
5.754
6.24
6.526
6.499
6.176
5.718
5.435
5.478
5.516
5.072
4.174
3.3
2.611
1.798
0.712
-0.361
-1.129
-1.689
-2.305
-2.933
-3.325
-3.52
-3.962
-4.949
-6.172
-7.154
-7.771
-8.149
-8.345
-8.254
-7.875
-7.41
-7.21
-7.535
-8.213
-8.758
-8.903
-8.916
-9.084
-9.375
-9.449
-9.075
-8.474
-8.154
-8.35
-8.773
-8.973
-8.869
-8.803
-9.003
-9.227
-9.019
-8.429
-7.98
-7.95
-8.061
-7.964
-7.669
-7.342
-7.002
-6.56
-5.909
-5.04
-4.232
-3.797
-3.568
-3.15
-2.474
-1.905
-1.635
-1.465
-1.266
-1.227
-1.399
-1.688
-1.989
-2.145
-2.048
-1.71
-1.267
-0.714
0.074
1.152
2.243
2.93
3.098
3.196
3.591
4.042
4.13
4.001
4.185
4.892
5.936
6.839
7.233
7.131
6.852
6.625
6.36
5.986
5.652
5.516
5.505
5.389
5.053
4.607
4.192
3.82
3.366
2.776
2.143
1.648
1.454
1.52
1.631
1.735
1.95
2.282
2.633
2.922
3.114
3.28
3.413
3.438
3.318
3.203
3.232
3.389
3.563
3.704
3.954
4.455
5.072
5.46
5.401
5.01
4.638
4.416
4.11
3.586
3.044
2.772
2.747
2.826
3.069
3.565
4.155
4.607
4.861
4.901
4.806
4.765
4.981
5.412
5.847
6.158
6.339
6.389
6.276
6.025
5.696
5.255
4.686
4.099
3.688
3.545
3.579
3.625
3.609
3.577
3.504
3.293
2.917
2.497
2.164
1.946
1.819
1.758
1.683
1.476
1.184
0.923
0.671
0.379
0.134
0.047
0.036
-0.052
-0.147
-0.079
0.011
-0.09
-0.304
-0.338
-0.102
0.159
0.238
0.261
0.365
0.455
0.388
0.177
-0.004
-0.013
0.172
0.31
0.138
-0.279
-0.537
-0.335
0.097
0.252
-0.033
-0.367
-0.301
0.108
0.492
0.725
1.013
1.601
2.411
3.067
3.355
3.488
3.77
4.216
4.724
5.334
6.124
6.993
7.719
8.168
8.299
8.159
7.875
7.539
7.106
6.544
5.852
5.097
4.377
3.908
3.797
3.752
3.409
2.817
2.415
2.352
2.531
2.783
2.814
2.375
1.658
1.188
1.075
0.941
0.605
0.288
0.213
0.417
0.771
1.143
1.463
1.699
1.775
1.585
1.127
0.646
0.478
0.612
0.903
1.245
1.531
1.678
1.603
1.349
0.996
0.499
0.029
-0.088
0.19
0.662
1.27
2.046
2.912
3.756
4.496
5.135
5.809
6.537
7.133
7.617
8.272
9.311
10.522
11.511
12.151
12.503
12.695
12.838
12.89
12.886
12.942
13.138
13.437
13.73
13.843
13.761
13.666
13.651
13.594
13.315
12.827
12.197
11.396
10.456
9.613
9.05
8.674
8.263
7.741
7.19
6.725
6.444
6.446
6.632
6.723
6.605
6.36
6.047
5.639
5.151
4.825
4.781
4.915
4.922
4.638
4.042
3.23
2.452
1.885
1.504
1.225
0.971
0.748
0.653
0.71
0.893
1.14
1.438
1.782
2.039
2.064
1.83
1.551
1.434
1.508
1.66
1.756
1.86
2.064
2.27
2.241
1.912
1.49
1.157
0.909
0.667
0.489
0.46
0.544
0.612
0.603
0.44
0.043
-0.574
-1.329
-2.08
-2.669
-2.86
-2.631
-2.234
-1.907
-1.808
-2.014
-2.472
-2.887
-3.005
-2.874
-2.66
-2.316
-1.808
-1.413
-1.517
-2.032
-2.597
-2.944
-2.98
-2.724
-2.27
-1.769
-1.411
-1.247
-1.113
-0.823
-0.326
0.272
0.592
0.379
-0.174
-0.551
-0.522
-0.276
-0.104
-0.097
-0.174
-0.297
-0.571
-0.948
-1.197
-1.082
-0.644
-0.07
0.492
0.878
0.948
0.796
0.655
0.585
0.549
0.567
0.698
0.862
0.848
0.673
0.657
0.982
1.456
1.792
1.914
1.864
1.615
1.161
0.691
0.522
0.664
0.782
0.494
-0.201
-0.978
-1.499
-1.712
-1.683
-1.531
-1.39
-1.308
-1.326
-1.576
-1.998
-2.302
-2.264
-1.862
-1.293
-0.832
-0.621
-0.649
-0.764
-0.921
-1.175
-1.531
-1.996
-2.581
-3.216
-3.742
-3.921
-3.722
-3.423
-3.338
-3.493
-3.74
-4.04
-4.455
-4.924
-5.228
-5.217
-4.986
-4.691
-4.416
-4.264
-4.346
-4.589
-4.77
-4.87
-4.938
-4.967
-4.838
-4.511
-4.153
-3.892
-3.622
-3.173
-2.576
-2.044
-1.683
-1.408
-1.238
-1.215
-1.191
-1.064
-0.996
-1.204
-1.658
-2.075
-2.288
-2.334
-2.334
-2.332
-2.309
-2.288
-2.275
-2.34
-2.504
-2.742
-2.944
-2.994
-2.844
-2.756
-3.026
-3.62
-4.255
-4.809
-5.31
-5.72
-5.897
-5.759
-5.408
-5.051
-4.795
-4.561
-4.284
-4.058
-3.992
-4.141
-4.357
-4.425
-4.246
-3.776
-3.087
-2.436
-2.068
-2.016
-2.134
-2.282
-2.538
-2.933
-3.216
-3.107
-2.606
-2.014
-1.685
-1.637
-1.556
-1.34
-1.211
-1.345
-1.615
-1.785
-1.914
-2.284
-2.862
-3.316
-3.577
-3.838
-4.185
-4.525
-4.761
-4.843
-4.734
-4.52
-4.48
-4.822
-5.333
-5.725
-6.133
-6.768
-7.467
-7.932
-8.129
-8.245
-8.39
-8.472
-8.524
-8.78
-9.175
-9.39
-9.388
-9.336
-9.304
-9.214
-9.041
-8.832
-8.53
-8.043
-7.537
-7.322
-7.329
-7.24
-6.941
-6.562
-6.262
-6.026
-5.723
-5.323
-4.901
-4.514
-4.128
-3.69
-3.137
-2.474
-1.794
-1.186
-0.732
-0.415
-0.263
-0.313
-0.519
-0.714
-0.794
-0.83
-0.923
-1.005
-0.878
-0.455
0.152
0.771
1.406
2.152
2.992
3.774
4.41
4.965
5.548
6.163
6.655
6.907
6.956
6.995
7.129
7.277
7.288
7.224
7.311
7.578
7.873
8.022
7.975
7.857
7.8
7.798
7.855
7.894
7.789
7.58
7.517
7.659
7.734
7.535
7.143
6.634
6.101
5.587
5.178
5.033
5.214
5.614
6.047
6.403
6.746
7.052
7.12
6.848
6.351
5.663
4.745
3.745
2.889
2.293
1.903
1.603
1.318
1.016
0.769
0.712
0.803
0.866
0.823
0.76
0.864
1.274
1.746
1.93
1.835
1.735
1.715
1.694
1.615
1.49
1.504
1.658
1.778
1.801
1.935
2.354
2.928
3.307
3.395
3.43
3.509
3.638
3.903
4.212
4.221
3.89
3.47
3.101
2.774
2.363
1.876
1.521
1.397
1.394
1.492
1.74
1.948
1.883
1.562
1.286
1.27
1.472
1.749
2.005
2.295
2.706
3.137
3.357
3.438
3.577
3.724
3.76
3.749
3.831
3.887
3.609
2.978
2.132
1.211
0.571
0.578
1.079
1.513
1.869
3.191
6.065
9.166
10.561
10.421
10.658
11.904
12.781
12.158
10.829
10.386
11.13
11.765
11.251
10.343
10.491
11.645
12.328
11.883
11.368
11.822
12.9
13.618
13.546
13.079
12.843
12.861
12.791
12.491
12.287
12.702
13.796
14.642
14.261
13.151
12.686
12.936
12.421
10.497
8.642
8.281
8.789
8.746
7.954
7.301
7.204
7.023
6.002
4.28
2.601
1.515
0.952
0.252
-0.986
-2.08
-2.064
-1.381
-1.635
-3.443
-5.351
-5.865
-5.421
-5.471
-6.392
-7.127
-6.553
-4.856
-3.148
-2.15
-1.73
-1.406
-0.971
-0.796
-1.225
-1.735
-1.501
-0.508
0.462
0.828
0.898
1.245
1.621
1.374
0.537
-0.079
0.269
1.562
3.055
3.985
4.375
4.931
6.013
7.154
7.855
8.402
9.475
10.994
12.36
13.306
14.147
15.118
15.862
15.86
15.222
14.621
14.587
15.057
15.558
15.723
15.624
15.472
15.261
14.798
14.074
13.374
12.945
12.827
12.87
12.836
12.55
12.124
11.65
11.012
10.191
9.497
9.109
8.869
8.571
8.474
8.903
9.681
10.248
10.209
9.527
8.53
7.669
7.12
6.687
6.219
5.881
5.929
6.321
6.641
6.58
6.163
5.627
5.187
4.938
4.768
4.525
4.289
4.393
4.89
5.389
5.489
5.26
4.931
4.645
4.443
4.445
4.761
5.414
6.313
7.306
8.184
8.753
8.964
8.926
8.835
8.937
9.445
10.277
11.119
11.674
11.979
12.296
12.609
12.679
12.523
12.317
12.163
12.149
12.273
12.376
12.28
12.006
11.593
10.888
9.783
8.447
7.267
6.435
5.804
5.278
4.908
4.734
4.641
4.428
4.085
3.724
3.418
3.143
2.883
2.638
2.429
2.272
2.107
1.689
0.857
-0.16
-0.939
-1.359
-1.674
-2.121
-2.56
-2.731
-2.715
-2.853
-3.327
-3.928
-4.246
-4.164
-4.017
-4.237
-4.77
-5.133
-5.087
-4.915
-5.026
-5.398
-5.57
-5.185
-4.448
-3.715
-2.962
-1.891
-0.571
0.522
1.136
1.569
2.207
2.964
3.595
4.074
4.623
5.398
6.297
6.884
6.827
6.321
5.87
5.68
5.439
4.858
4.209
4.001
4.223
4.48
4.545
4.593
4.856
5.305
5.725
5.913
5.927
6.158
6.845
7.61
7.891
7.673
7.44
7.431
7.345
6.943
6.407
6.026
5.818
5.496
4.763
3.695
2.638
1.812
1.031
0.149
-0.589
-0.821
-0.54
-0.134
0.045
-0.015
-0.081
0.025
0.165
0.12
-0.043
-0.029
0.301
0.703
0.925
0.982
1.123
1.476
1.857
1.885
1.658
1.778
2.466
3.15
3.257
2.944
2.813
3.014
3.014
2.418
1.637
1.331
1.528
1.794
1.919
1.969
2.057
2.125
2.052
1.767
1.374
1.159
1.267
1.64
2.223
3.076
4.087
4.949
5.53
5.909
6.088
6.002
5.725
5.482
5.323
5.14
4.87
4.514
4.117
3.604
2.923
2.164
1.481
0.961
0.635
0.474
0.481
0.608
0.696
0.592
0.263
-0.1
-0.115
0.333
0.948
1.381
1.621
1.83
2.148
2.513
2.588
2.048
1.07
0.183
-0.379
-0.701
-0.805
-0.635
-0.252
0.145
0.467
0.68
0.694
0.51
0.288
0.104
-0.079
-0.213
-0.136
0.084
0.234
0.172
0.02
0.077
0.367
0.646
0.896
1.277
1.801
2.257
2.593
3.021
3.663
4.323
4.777
4.947
4.915
4.854
4.931
5.147
5.267
5.04
4.514
4.047
3.824
3.672
3.33
2.858
2.581
2.638
2.855
3.107
3.368
3.529
3.506
3.291
2.926
2.461
1.964
1.469
0.939
0.286
-0.358
-0.653
-0.467
-0.108
0.118
0.204
0.385
0.735
1.145
1.561
1.969
2.305
2.47
2.554
2.747
2.992
3.062
2.971
3.076
3.565
4.237
4.795
5.155
5.353
5.333
5.121
4.952
5.035
5.264
5.314
5.067
4.779
4.629
4.525
4.319
4.042
3.729
3.263
2.57
1.787
1.15
0.689
0.229
-0.281
-0.707
-0.866
-0.724
-0.408
-0.1
0.045
0.059
0.061
0.1
0.084
-0.074
-0.399
-0.839
-1.218
-1.336
-1.175
-0.941
-0.78
-0.644
-0.453
-0.217
0.032
0.299
0.519
0.563
0.376
0.095
0
0.234
0.653
1.057
1.465
1.982
2.583
3.198
3.822
4.518
5.287
6.026
6.68
7.322
7.966
8.449
8.628
8.599
8.594
8.658
8.642
8.474
8.34
8.347
8.377
8.372
8.413
8.499
8.59
8.667
8.724
8.792
8.866
8.871
8.862
8.892
8.825
8.551
8.209
7.907
7.578
7.199
6.959
7.052
7.456
7.959
8.402
8.714
8.885
8.948
8.898
8.662
8.111
7.15
5.897
4.675
3.684
2.842
1.976
1.188
0.837
1.17
1.982
2.731
3.193
3.74
4.555
5.087
4.901
4.366
3.958
3.62
3.225
2.796
2.306
1.896
1.812
1.905
1.842
1.531
1.179
0.916
0.75
0.655
0.489
0.072
-0.455
-0.818
-1.102
-1.434
-1.535
-1.159
-0.508
-0.17
-0.399
-0.896
-1.408
-2.016
-2.645
-3.016
-3.069
-2.922
-2.633
-2.241
-1.923
-1.912
-2.159
-2.384
-2.579
-2.967
-3.325
-3.146
-2.531
-2.068
-1.989
-1.973
-1.81
-1.722
-1.946
-2.392
-2.853
-3.228
-3.509
-3.765
-4.076
-4.403
-4.557
-4.429
-4.266
-4.301
-4.33
-3.926
-3.105
-2.425
-2.264
-2.447
-2.502
-2.309
-2.209
-2.345
-2.472
-2.379
-2.143
-2.007
-2.059
-2.116
-1.937
-1.535
-1.134
-0.859
-0.662
-0.408
-0.086
0.265
0.528
0.578
0.415
0.077
-0.549
-1.554
-2.672
-3.488
-3.713
-3.368
-2.796
-2.309
-1.921
-1.556
-1.318
-1.447
-1.959
-2.542
-2.894
-3.083
-3.382
-3.892
-4.375
-4.572
-4.586
-4.784
-5.276
-5.868
-6.419
-7.045
-7.803
-8.415
-8.495
-8.125
-7.662
-7.319
-7.174
-7.215
-7.215
-6.959
-6.591
-6.435
-6.492
-6.417
-6.147
-6.122
-6.521
-6.832
-6.589
-6.033
-5.732
-5.809
-5.852
-5.57
-5.194
-5.099
-5.328
-5.607
-5.666
-5.593
-5.58
-5.557
-5.337
-4.854
-4.175
-3.595
-3.314
-3.273
-3.337
-3.527
-3.817
-4.103
-4.253
-4.278
-4.393
-4.777
-5.382
-6.051
-6.648
-7.099
-7.433
-7.705
-7.97
-8.32
-8.69
-8.825
-8.803
-8.887
-9.136
-9.424
-9.64
-9.831
-10.132
-10.452
-10.579
-10.477
-10.368
-10.427
-10.638
-10.933
-11.198
-11.273
-11.024
-10.561
-10.064
-9.631
-9.304
-9.068
-8.844
-8.537
-8.093
-7.472
-6.7
-5.951
-5.461
-5.405
-5.777
-6.394
-6.993
-7.387
-7.514
-7.519
-7.505
-7.385
-6.986
-6.303
-5.605
-5.165
-4.963
-4.852
-4.919
-5.317
-5.951
-6.392
-6.326
-5.841
-5.278
-4.813
-4.486
-4.237
-3.98
-3.738
-3.506
-3.187
-2.767
-2.336
-1.941
-1.581
-1.272
-1.02
-0.812
-0.596
-0.374
-0.24
-0.208
-0.211
-0.299
-0.628
-1.199
-1.864
-2.56
-3.304
-4.021
-4.473
-4.491
-4.126
-3.611
-3.166
-2.923
-3.014
-3.558
-4.439
-5.326
-5.999
-6.489
-6.77
-6.752
-6.557
-6.519
-6.814
-7.335
-7.932
-8.56
-9.041
-9.195
-9.095
-8.939
-8.744
-8.422
-7.98
-7.635
-7.587
-7.73
-7.796
-7.694
-7.576
-7.617
-7.664
-7.419
-6.952
-6.63
-6.608
-6.594
-6.367
-6.088
-5.968
-5.854
-5.475
-4.895
-4.4
-4.03
-3.685
-3.389
-3.193
-2.982
-2.579
-2.084
-1.792
-1.717
-1.631
-1.562
-1.644
-1.889
-2.114
-2.178
-2.23
-2.433
-2.588
-2.447
-2.22
-2.339
-2.985
-3.835
-4.527
-5.155
-5.986
-6.922
-7.596
-7.85
-7.946
-8.256
-8.758
-9.129
-9.341
-9.694
-10.35
-11.148
-11.783
-12.026
-12.058
-12.255
-12.634
-12.965
-13.131
-13.274
-13.51
-13.737
-13.711
-13.476
-13.353
-13.528
-13.752
-13.764
-13.587
-13.383
-13.158
-12.822
-12.262
-11.654
-11.287
-11.23
-11.198
-10.99
-10.645
-10.373
-10.334
-10.388
-10.23
-9.908
-9.749
-9.794
-9.812
-9.531
-8.896
-8.138
-7.526
-6.99
-6.21
-4.988
-3.592
-2.459
-1.601
-0.655
0.544
1.733
2.601
3.239
3.954
4.779
5.442
5.809
5.968
6.056
6.287
6.743
7.161
7.26
7.15
7.116
7.172
7.036
6.621
6.072
5.546
4.956
4.239
3.577
3.176
2.974
2.733
2.347
1.937
1.619
1.279
0.757
0.052
-0.616
-1.034
-1.177
-1.161
-1.136
-1.236
-1.513
-1.982
-2.651
-3.511
-4.486
-5.482
-6.219
-6.634
-6.961
-7.297
-7.519
-7.63
-7.751
-7.993
-8.422
-8.934
-9.284
-9.241
-8.934
-8.703
-8.678
-8.622
-8.286
-7.848
-7.635
-7.614
-7.514
-7.192
-6.721
-6.251
-5.818
-5.255
-4.572
-4.006
-3.788
-3.736
-3.561
-3.282
-3.037
-2.81
-2.526
-2.171
-1.805
-1.533
-1.417
-1.393
-1.315
-1.059
-0.66
-0.322
-0.149
-0.079
0.102
0.365
0.46
0.301
0.084
-0.056
-0.256
-0.683
-1.24
-1.723
-2.044
-2.282
-2.502
-2.674
-2.817
-2.96
-3.091
-3.159
-3.268
-3.599
-4.175
-4.679
-4.953
-5.233
-5.802
-6.516
-7.054
-7.405
-7.832
-8.447
-9.066
-9.483
-9.697
-9.769
-9.744
-9.66
-9.513
-9.393
-9.372
-9.356
-9.221
-8.941
-8.571
-8.177
-7.821
-7.514
-7.226
-7.029
-7.068
-7.299
-7.476
-7.446
-7.365
-7.479
-7.746
-7.932
-7.889
-7.728
-7.696
-7.864
-7.991
-7.984
-7.939
-7.887
-7.794
-7.694
-7.585
-7.424
-7.324
-7.41
-7.569
-7.585
-7.412
-7.24
-7.124
-6.825
-6.326
-5.958
-5.804
-5.475
-4.84
-4.362
-4.287
-4.076
-3.191
-2.13
-1.581
-1.17
-0.376
0.286
0.188
-0.449
-1.259
-2.23
-3.205
-3.885
-4.178
-4.275
-4.432
-4.743
-5.183
-5.714
-6.516
-7.705
-8.989
-9.999
-10.736
-11.062
-10.67
-9.969
-9.783
-10.159
-10.441
-10.357
-10.352
-10.762
-11.221
-11.078
-10.332
-9.633
-9.475
-9.737
-10.121
-10.618
-11.439
-12.391
-13.02
-13.14
-12.897
-12.575
-12.353
-12.324
-12.582
-12.949
-13.052
-12.82
-12.403
-11.584
-10.105
-8.417
-7.329
-6.915
-6.485
-5.8
-5.285
-4.874
-3.99
-2.622
-1.468
-0.796
-0.159
0.669
1.304
1.521
1.681
2.059
2.638
3.47
4.555
5.593
6.176
6.201
5.922
5.577
5.108
4.441
3.851
3.706
4.101
4.799
5.408
5.766
5.895
5.75
5.341
4.752
4.087
3.504
3.101
2.783
2.506
2.306
2.084
1.554
0.51
-0.984
-2.613
-4.189
-5.609
-6.755
-7.64
-8.397
-9.202
-10.234
-11.405
-12.346
-13.04
-13.831
-14.818
-15.581
-15.792
-15.558
-15.313
-15.324
-15.508
-15.696
-15.769
-15.592
-15.034
-14.163
-13.115
-11.91
-10.548
-9.288
-8.474
-8.05
-7.714
-7.44
-7.338
-7.319
-7.072
-6.499
-5.945
-5.727
-5.759
-5.772
-5.666
-5.432
-5.067
-4.563
-3.813
-2.817
-1.78
-0.957
-0.444
-0.186
-0.147
-0.195
-0.072
0.533
1.726
3.246
4.729
5.956
6.834
7.36
7.612
7.664
7.592
7.555
7.648
7.85
8.057
8.136
7.95
7.458
6.705
5.759
4.643
3.39
2.207
1.267
0.563
0.043
-0.254
-0.365
-0.462
-0.739
-1.195
-1.615
-1.808
-1.681
-1.274
-0.769
-0.367
-0.107
0.061
0.16
0.206
0.217
0.272
0.526
1.07
1.798
2.481
2.874
2.957
2.908
2.767
2.472
2.064
1.703
1.456
1.256
1.064
0.848
0.526
0.118
-0.199
-0.344
-0.372
-0.193
0.431
1.461
2.536
3.355
4.021
4.797
5.584
6.038
6.212
6.41
6.739
7.002
7.15
7.288
7.376
7.247
6.875
6.376
5.802
5.294
4.988
4.924
5.087
5.401
5.779
6.205
6.487
6.26
5.482
4.538
3.846
3.493
3.384
3.436
3.645
3.973
4.275
4.468
4.493
4.4
4.362
4.455
4.645
4.865
5.046
5.12
5.046
4.631
3.774
2.703
1.76
0.996
0.281
-0.365
-0.65
-0.431
-0.011
0.159
-0.009
-0.372
-0.746
-1.111
-1.538
-1.984
-2.27
-2.32
-2.332
-2.572
-3.049
-3.543
-3.887
-4.019
-4.012
-3.84
-3.45
-2.821
-2.103
-1.535
-1.281
-1.134
-0.839
-0.503
-0.46
-0.596
-0.596
-0.399
-0.206
-0.136
-0.131
-0.018
0.333
0.78
1.072
1.286
1.746
2.565
3.543
4.371
4.913
5.333
5.745
5.906
5.577
5.008
4.784
5.106
5.605
5.981
6.373
6.984
7.7
8.223
8.354
8.111
7.796
7.678
7.705
7.659
7.449
7.177
6.904
6.446
5.668
4.763
3.967
3.348
2.828
2.354
1.939
1.696
1.74
1.857
1.678
1.105
0.41
-0.077
-0.274
-0.374
-0.471
-0.474
-0.297
-0.033
0.19
0.342
0.429
0.379
0.252
0.208
0.372
0.814
1.487
2.168
2.692
3.084
3.409
3.708
4.044
4.421
4.89
5.55
6.353
7.154
7.832
8.35
8.683
8.828
8.825
8.91
9.229
9.744
10.334
10.856
11.18
11.273
11.257
11.273
11.389
11.5
11.453
11.316
11.303
11.552
11.883
11.895
11.416
10.665
9.891
9.168
8.544
8.022
7.64
7.472
7.549
7.703
7.637
7.22
6.671
6.303
6.015
5.573
5.113
5.012
5.214
5.187
4.652
3.892
3.248
2.72
2.173
1.526
0.807
0.16
-0.388
-0.88
-1.25
-1.367
-1.29
-1.284
-1.585
-2.175
-2.808
-3.191
-3.123
-2.706
-2.37
-2.279
-2.179
-1.941
-1.846
-2.052
-2.286
-2.155
-1.696
-1.342
-1.295
-1.393
-1.561
-1.923
-2.411
-2.767
-2.91
-2.905
-2.828
-2.774
-2.989
-3.498
-3.894
-3.908
-3.853
-4.006
-4.065
-3.672
-3.083
-2.742
-2.645
-2.336
-1.726
-1.222
-1.14
-1.27
-1.236
-0.896
-0.442
-0.113
0.077
0.238
0.342
0.213
-0.201
-0.753
-1.197
-1.438
-1.526
-1.655
-1.948
-2.343
-2.665
-2.826
-2.881
-2.867
-2.686
-2.37
-2.195
-2.313
-2.432
-2.171
-1.504
-0.707
-0.047
0.485
0.945
1.252
1.329
1.254
1.263
1.517
1.912
2.168
2.155
1.849
1.37
0.9
0.533
0.333
0.301
0.322
0.152
-0.313
-0.882
-1.304
-1.474
-1.438
-1.345
-1.313
-1.318
-1.345
-1.393
-1.445
-1.352
-0.989
-0.449
-0.009
0.115
-0.011
-0.074
0.102
0.351
0.347
0.015
-0.506
-1.1
-1.81
-2.706
-3.713
-4.489
-4.747
-4.713
-4.754
-4.965
-5.158
-5.274
-5.627
-6.301
-6.85
-6.914
-6.862
-7.322
-8.184
-8.644
-8.252
-7.329
-6.399
-5.759
-5.326
-4.849
-4.477
-4.611
-4.915
-4.545
-3.454
-2.413
-2.03
-2.171
-2.186
-1.767
-1.479
-2.014
-3.096
-3.779
-3.817
-4.019
-4.858
-5.756
-5.974
-5.482
-4.865
-4.729
-4.96
-4.897
-4.346
-3.833
-3.647
-3.203
-1.864
-0.061
1.052
0.986
0.268
-0.476
-1.132
-1.871
-2.649
-3.15
-3.2
-2.964
-2.826
-3.102
-3.679
-4.119
-4.268
-4.448
-4.75
-4.763
-4.239
-3.402
-2.663
-2.305
-2.47
-3.076
-3.962
-5.144
-6.612
-7.866
-8.288
-8.009
-7.687
-7.501
-7.156
-6.678
-6.551
-6.893
-7.045
-6.44
-5.292
-4.232
-3.609
-3.47
-3.684
-4.074
-4.638
-5.409
-6.29
-6.986
-7.129
-6.657
-5.913
-5.264
-4.72
-4.069
-3.357
-3.026
-3.316
-3.894
-4.307
-4.298
-3.813
-2.975
-2.121
-1.644
-1.689
-2.028
-2.479
-3.101
-3.892
-4.434
-4.278
-3.504
-2.606
-2.034
-1.898
-2.082
-2.49
-3.107
-3.901
-4.729
-5.423
-5.87
-5.934
-5.659
-5.341
-5.21
-5.303
-5.636
-6.097
-6.396
-6.319
-5.934
-5.394
-4.716
-3.846
-3.05
-2.754
-3.101
-3.853
-4.584
-5.053
-5.282
-5.428
-5.541
-5.535
-5.33
-5.008
-4.688
-4.443
-4.196
-3.758
-3.084
-2.384
-1.839
-1.424
-0.971
-0.455
0.013
0.41
0.784
1.136
1.513
2.018
2.635
3.166
3.509
3.679
3.688
3.588
3.595
3.894
4.473
5.167
5.895
6.601
7.151
7.41
7.347
7.036
6.687
6.512
6.548
6.589
6.544
6.573
6.863
7.378
7.837
7.97
7.895
7.909
8.077
8.202
8.247
8.385
8.672
8.946
9.046
8.887
8.565
8.283
8.159
8.168
8.245
8.317
8.422
8.495
8.374
8.009
7.531
7.061
6.694
6.469
6.376
6.274
6.153
6.111
5.984
5.582
4.99
4.357
3.609
2.694
1.914
1.624
1.778
2.111
2.477
2.922
3.348
3.543
3.504
3.443
3.561
3.935
4.432
4.777
4.809
4.611
4.375
4.071
3.565
3.046
2.769
2.769
2.919
3.135
3.35
3.586
3.699
3.457
2.948
2.536
2.432
2.59
2.91
3.316
3.719
4.194
4.818
5.426
5.663
5.444
5.04
4.768
4.659
4.731
5.097
5.641
6.031
6.092
5.972
5.872
5.768
5.564
5.339
5.269
5.38
5.6
5.797
5.895
5.902
5.813
5.634
5.46
5.396
5.45
5.589
5.897
6.373
6.866
7.24
7.542
7.864
8.127
8.304
8.501
8.882
9.529
10.237
10.742
11.151
11.625
12.071
12.283
12.287
12.298
12.339
12.181
11.747
11.364
11.285
11.396
11.42
11.366
11.464
11.697
11.759
11.547
11.221
10.903
10.736
10.797
10.946
10.917
10.717
10.507
10.463
10.52
10.377
10.032
9.824
9.905
9.905
9.431
8.751
8.449
8.581
8.542
7.894
6.918
6.217
5.972
5.902
5.662
5.196
4.788
4.541
4.237
3.679
3.08
2.71
2.488
2.1
1.492
0.909
0.635
0.519
0.134
-0.633
-1.295
-1.388
-1.105
-1.002
-1.211
-1.29
-0.866
-0.122
0.519
0.916
1.281
1.873
2.513
2.908
3.116
3.591
4.561
5.598
6.015
5.752
5.416
5.444
5.643
5.625
5.391
5.396
5.924
6.723
7.267
7.465
7.61
7.961
8.361
8.556
8.685
9.071
9.733
10.407
11.021
11.759
12.706
13.696
14.437
14.662
14.347
13.864
13.623
13.56
13.426
13.303
13.491
13.961
14.408
14.56
14.474
14.408
14.469
14.333
13.639
12.516
11.443
10.722
10.287
10.01
9.856
9.828
9.849
9.801
9.615
9.418
9.454
9.722
10.035
10.332
10.624
10.84
10.865
10.738
10.635
10.593
10.479
10.114
9.438
8.567
7.775
7.22
6.811
6.424
6.167
6.201
6.44
6.605
6.541
6.464
6.63
7.009
7.397
7.624
7.692
7.687
7.655
7.521
7.412
7.565
7.98
8.431
8.812
9.066
9.216
9.318
9.449
9.608
9.844
10.085
10.089
9.712
9.116
8.549
8.143
7.855
7.544
7.151
6.787
6.632
6.673
6.735
6.743
6.77
6.739
6.546
6.253
5.968
5.65
5.287
5.015
4.926
4.947
4.956
4.885
4.704
4.416
4.021
3.55
3.073
2.681
2.42
2.275
2.22
2.254
2.241
2.098
1.867
1.528
1.134
0.777
0.503
0.258
0.066
-0.022
-0.04
0.02
0.301
0.78
1.193
1.354
1.367
1.487
1.798
2.15
2.454
2.617
2.542
2.166
1.501
0.821
0.401
0.231
0.211
0.442
1.013
1.681
2.1
2.411
3.028
3.692
3.393
1.896
0.361
-0.027
0.578
1.154
1.184
1.29
2.461
4.724
6.63
6.766
5.811
5.838
7.39
8.635
8.127
6.694
6.163
6.855
7.322
6.575
5.482
5.389
6.131
6.28
5.162
3.679
3.143
3.681
4.198
3.718
2.658
2.286
2.957
3.704
3.765
3.679
4.319
5.46
6.02
5.482
4.457
3.921
3.822
3.257
1.914
0.755
0.717
1.427
1.674
0.841
-0.347
-0.805
-0.589
-0.798
-1.803
-2.519
-1.894
-0.331
0.941
1.307
1.143
1.175
1.463
1.277
0.252
-0.776
-0.533
1.018
2.409
2.635
2.399
2.765
3.43
3.311
2.184
0.979
0.773
1.644
2.799
3.638
4.371
5.3
6.131
6.178
5.183
3.699
2.64
2.347
2.339
2.257
2.552
3.667
4.956
5.401
4.972
4.475
4.384
4.448
4.52
4.727
5.035
5.19
5.069
4.717
4.033
2.885
1.542
0.515
0.018
-0.193
-0.215
0.104
0.63
0.937
0.857
0.517
0
-0.537
-0.687
-0.084
1.132
2.375
3.298
4.074
4.672
4.602
3.618
2.23
1.25
1.007
1.304
1.91
2.686
3.43
3.835
3.606
2.683
1.486
0.585
0.201
0.107
0.047
0.015
0.097
0.247
0.326
0.149
-0.354
-0.81
-0.771
-0.258
0.478
1.381
2.361
3.123
3.409
3.282
3.071
2.989
3.044
3.078
2.987
2.896
3.139
3.736
4.162
4.058
3.677
3.386
3.207
3.001
2.799
2.769
2.892
2.912
2.735
2.466
2.096
1.506
0.769
0.107
-0.34
-0.399
0.068
0.903
1.642
2.041
2.257
2.5
2.624
2.402
1.937
1.617
1.615
1.749
1.857
1.987
2.143
2.057
1.359
0.022
-1.367
-2.182
-2.395
-2.563
-2.878
-2.842
-2.037
-0.875
-0.12
0.177
0.483
0.839
0.971
0.88
0.966
1.37
1.787
1.876
1.576
1.247
1.427
2.141
2.744
2.708
2.384
2.54
3.223
3.786
3.726
3.228
2.867
2.935
3.255
3.543
3.863
4.514
5.387
5.879
5.618
5.019
4.806
5.06
5.087
4.439
3.718
3.853
4.901
5.917
6.097
5.67
5.478
5.777
5.991
5.666
5.167
5.173
5.768
6.342
6.48
6.564
7.038
7.723
8.061
7.843
7.485
7.521
7.916
8.1
7.726
7.116
6.836
6.889
6.816
6.373
5.811
5.543
5.67
5.906
5.906
5.7
5.655
5.895
5.995
5.663
5.307
5.387
5.559
5.151
4.162
3.252
2.874
2.792
2.513
1.876
1.177
0.762
0.66
0.644
0.533
0.367
0.453
0.964
1.528
1.651
1.393
1.215
1.233
1.1
0.633
0.141
0.002
0.068
-0.108
-0.667
-1.261
-1.565
-1.689
-1.953
-2.452
-2.903
-2.941
-2.49
-1.844
-1.367
-1.188
-1.17
-1.211
-1.393
-1.801
-2.264
-2.429
-2.164
-1.653
-1.059
-0.361
0.362
0.818
0.757
0.331
-0.04
-0.129
-0.011
0.084
0.004
-0.167
-0.326
-0.503
-0.81
-1.374
-2.161
-2.892
-3.341
-3.561
-3.729
-3.92
-4.139
-4.382
-4.677
-5.031
-5.33
-5.38
-5.049
-4.407
-3.649
-2.974
-2.391
-1.869
-1.569
-1.728
-2.291
-2.885
-3.171
-3.078
-2.81
-2.633
-2.679
-2.885
-3.191
-3.609
-4.216
-4.965
-5.58
-5.823
-5.727
-5.439
-5.101
-4.763
-4.393
-4.078
-4.101
-4.466
-4.826
-4.979
-5.087
-5.267
-5.334
-5.063
-4.491
-3.985
-3.874
-4.141
-4.507
-4.799
-5.063
-5.437
-5.829
-6.015
-5.857
-5.514
-5.31
-5.321
-5.337
-5.364
-5.614
-6.158
-6.691
-6.915
-6.87
-6.879
-7.116
-7.317
-7.106
-6.587
-6.285
-6.435
-6.721
-6.791
-6.707
-6.795
-7.174
-7.587
-7.76
-7.685
-7.624
-7.664
-7.521
-6.952
-6.181
-5.602
-5.371
-5.391
-5.455
-5.541
-5.883
-6.585
-7.295
-7.576
-7.456
-7.371
-7.49
-7.456
-6.966
-6.326
-6.174
-6.687
-7.381
-7.751
-7.812
-7.855
-7.995
-8.057
-7.909
-7.653
-7.474
-7.456
-7.544
-7.626
-7.646
-7.716
-7.934
-8.213
-8.442
-8.665
-8.971
-9.315
-9.554
-9.55
-9.383
-9.255
-9.354
-9.677
-10.121
-10.559
-11.001
-11.5
-11.974
-12.264
-12.321
-12.21
-11.995
-11.645
-11.108
-10.502
-10.107
-9.987
-9.914
-9.733
-9.49
-9.386
-9.556
-9.885
-10.13
-10.227
-10.289
-10.416
-10.511
-10.388
-10.018
-9.665
-9.515
-9.4
-9.116
-8.762
-8.481
-8.213
-7.768
-7.09
-6.389
-5.931
-5.727
-5.496
-4.997
-4.357
-3.906
-3.719
-3.572
-3.259
-2.853
-2.533
-2.363
-2.213
-1.98
-1.671
-1.451
-1.413
-1.472
-1.481
-1.365
-1.225
-1.129
-1.166
-1.458
-2.048
-2.84
-3.602
-4.128
-4.441
-4.654
-4.693
-4.489
-4.275
-4.271
-4.486
-4.761
-5.056
-5.478
-6.043
-6.551
-6.836
-7.006
-7.258
-7.399
-7.206
-7.106
-7.641
-8.649
-9.54
-10.082
-10.432
-10.69
-10.663
-10.121
-9.159
-8.372
-8.05
-7.803
-7.243
-6.442
-5.723
-5.346
-5.426
-5.824
-6.258
-6.5
-6.612
-6.721
-6.764
-6.548
-6.119
-5.752
-5.591
-5.364
-4.813
-4.287
-4.237
-4.434
-4.421
-4.266
-4.33
-4.53
-4.348
-3.681
-3.083
-2.967
-3.193
-3.572
-4.194
-5.106
-6.008
-6.53
-6.68
-6.694
-6.661
-6.589
-6.621
-6.848
-7.024
-7.05
-7.222
-7.637
-7.887
-7.741
-7.599
-7.764
-7.855
-7.446
-6.915
-6.954
-7.524
-8.014
-8.368
-9.08
-10.164
-11.001
-11.407
-11.801
-12.31
-12.616
-12.693
-12.854
-13.19
-13.467
-13.664
-13.954
-14.249
-14.197
-13.745
-13.253
-12.972
-12.659
-12.187
-11.874
-11.824
-11.654
-11.228
-10.781
-10.481
-10.227
-9.844
-9.288
-8.721
-8.324
-8.043
-7.771
-7.474
-7.163
-6.757
-6.21
-5.632
-5.046
-4.509
-4.155
-3.935
-3.543
-2.851
-2.157
-1.692
-1.352
-0.973
-0.56
-0.274
-0.224
-0.229
0.04
0.689
1.451
2.028
2.506
3.102
3.718
4.062
4.087
4.037
4.074
4.112
3.944
3.611
3.352
3.311
3.397
3.411
3.15
2.728
2.452
2.339
1.998
1.313
0.748
0.65
0.626
0.118
-0.649
-1.018
-0.918
-0.839
-1.105
-1.526
-1.823
-2.055
-2.497
-3.171
-3.765
-3.992
-3.924
-3.811
-3.813
-3.874
-3.858
-3.806
-3.901
-4.223
-4.675
-5.092
-5.387
-5.659
-6.072
-6.451
-6.478
-6.226
-5.999
-5.836
-5.512
-4.901
-4.185
-3.547
-3.016
-2.493
-1.925
-1.42
-1.191
-1.27
-1.406
-1.461
-1.54
-1.642
-1.681
-1.821
-2.259
-2.837
-3.243
-3.386
-3.409
-3.377
-3.246
-2.883
-2.254
-1.54
-0.955
-0.528
-0.215
-0.088
-0.242
-0.61
-1.038
-1.486
-1.991
-2.452
-2.783
-3.102
-3.563
-4.048
-4.316
-4.387
-4.53
-4.901
-5.26
-5.38
-5.351
-5.385
-5.543
-5.677
-5.725
-5.745
-5.895
-6.238
-6.782
-7.428
-8.011
-8.299
-8.249
-8.138
-8.213
-8.39
-8.506
-8.481
-8.297
-8.05
-8.004
-8.304
-8.712
-8.88
-8.903
-9.055
-9.383
-9.656
-9.683
-9.59
-9.683
-9.965
-10.005
-9.588
-8.978
-8.504
-8.193
-7.798
-7.156
-6.417
-5.865
-5.478
-5.015
-4.343
-3.647
-3.303
-3.509
-3.978
-4.223
-4.082
-3.901
-3.949
-4.037
-3.894
-3.654
-3.565
-3.534
-3.266
-2.819
-2.624
-2.896
-3.316
-3.504
-3.502
-3.529
-3.568
-3.39
-2.946
-2.474
-2.279
-2.402
-2.631
-2.76
-2.781
-2.833
-3.016
-3.28
-3.5
-3.681
-3.849
-4.008
-4.203
-4.5
-4.99
-5.818
-7.07
-8.54
-9.857
-10.815
-11.457
-11.976
-12.534
-13.049
-13.36
-13.564
-13.977
-14.562
-14.943
-15.034
-15.059
-15.134
-15.093
-14.75
-14.133
-13.49
-12.952
-12.328
-11.557
-10.958
-10.79
-10.813
-10.548
-9.862
-8.928
-8.029
-7.376
-6.911
-6.372
-5.607
-4.825
-4.316
-4.065
-3.661
-2.865
-1.932
-1.304
-1.045
-0.837
-0.488
-0.056
0.335
0.798
1.388
1.957
2.422
2.899
3.477
4.133
4.754
5.206
5.382
5.369
5.389
5.65
6.078
6.551
7.086
7.703
8.168
8.324
8.304
8.381
8.635
8.792
8.581
8.188
7.934
7.716
7.156
6.176
4.972
3.695
2.438
1.34
0.379
-0.705
-1.976
-3.162
-4.012
-4.602
-5.23
-6.133
-7.229
-8.193
-8.946
-9.692
-10.388
-10.751
-10.824
-11.039
-11.704
-12.643
-13.566
-14.347
-14.891
-15.064
-14.991
-14.886
-14.719
-14.399
-13.997
-13.704
-13.525
-13.296
-13.038
-13.02
-13.255
-13.306
-12.813
-11.965
-11.153
-10.515
-9.973
-9.513
-9.084
-8.624
-8.093
-7.424
-6.43
-5.128
-3.853
-2.935
-2.223
-1.372
-0.39
0.347
0.776
1.315
2.213
3.153
3.627
3.552
3.318
3.318
3.591
3.917
4.094
4.06
3.928
3.851
3.763
3.54
3.325
3.282
3.23
2.874
2.302
2.041
2.454
3.221
3.701
3.561
2.94
2.259
1.801
1.506
1.245
1.197
1.585
2.275
2.776
2.74
2.25
1.531
0.678
-0.34
-1.397
-2.057
-1.976
-1.329
-0.746
-0.687
-0.973
-1.1
-1
-1.079
-1.531
-2.023
-2.039
-1.34
-0.152
1.023
1.821
2.207
2.305
2.279
2.238
2.354
2.876
3.885
5.11
6.183
7.027
7.785
8.413
8.762
8.841
8.796
8.812
9.229
10.078
10.908
11.223
10.971
10.441
9.839
9.161
8.397
7.614
6.979
6.825
7.324
8.186
8.796
8.81
8.313
7.497
6.421
5.206
4.119
3.427
3.146
3.049
2.883
2.631
2.395
1.996
1.173
0.029
-1.041
-1.742
-2.082
-2.179
-2.039
-1.694
-1.24
-0.816
-0.728
-1.379
-2.676
-3.801
-3.931
-3.441
-3.584
-4.586
-5.046
-4.01
-2.567
-2.218
-2.631
-2.125
-0.195
1.896
3.06
3.588
4.425
5.813
6.793
6.222
4.28
2.49
1.941
2.23
2.275
1.894
1.971
3.121
4.734
5.46
4.717
3.522
3.284
3.955
4.26
3.76
3.681
4.988
6.773
7.358
6.519
5.496
5.103
4.781
3.645
1.86
0.619
0.717
1.603
1.903
0.996
-0.286
-0.782
-0.499
-0.578
-1.561
-2.42
-1.984
-0.71
-0.011
-0.372
-0.73
-0.086
1.184
1.86
1.567
1.232
1.812
3.107
3.928
3.493
2.443
2.168
2.941
3.525
2.967
1.98
1.885
2.586
2.699
1.648
0.436
0.074
0.361
0.522
0.269
0.097
0.585
1.617
2.318
2.086
1.404
1.281
1.932
2.484
2.264
1.749
1.969
3.028
3.942
3.947
3.529
3.609
4.162
4.434
4.053
3.475
3.411
4.021
4.675
4.756
4.473
4.629
5.494
6.44
6.736
6.383
5.991
6.14
6.782
7.422
7.887
8.59
9.851
11.43
12.725
13.51
14.086
14.864
15.764
16.311
16.23
15.76
15.329
14.998
14.499
13.652
12.698
12.044
11.645
11.037
10.126
9.286
8.66
7.984
7.174
6.609
6.594
6.863
6.989
6.941
7.011
7.29
7.519
7.374
6.714
5.732
4.752
4.082
3.887
4.003
4.101
4.094
4.103
4.078
3.706
2.908
2.044
1.449
1.088
0.852
0.803
0.993
1.304
1.565
1.669
1.565
1.193
0.66
0.338
0.489
0.789
0.784
0.615
0.703
1.181
1.758
2.155
2.295
2.282
2.293
2.445
2.629
2.615
2.365
2.125
1.976
1.751
1.438
1.225
1.22
1.197
0.893
0.444
0.183
0.12
0.129
0.097
-0.066
-0.426
-0.825
-1.041
-1.009
-0.855
-0.689
-0.556
-0.492
-0.61
-1.075
-1.943
-3.028
-3.949
-4.439
-4.548
-4.473
-4.244
-3.756
-3.094
-2.635
-2.64
-3.014
-3.386
-3.511
-3.47
-3.371
-3.2
-2.885
-2.34
-1.631
-1.066
-0.941
-1.175
-1.352
-1.179
-0.805
-0.458
-0.079
0.558
1.36
1.85
1.803
1.558
1.544
1.733
1.823
1.744
1.576
1.461
1.406
1.17
0.589
-0.068
-0.294
-0.015
0.344
0.476
0.546
0.923
1.504
1.753
1.556
1.393
1.712
2.322
2.579
2.211
1.728
1.823
2.526
3.2
3.27
2.828
2.279
1.667
0.696
-0.519
-1.445
-1.728
-1.608
-1.774
-2.69
-4.014
-5.046
-5.523
-5.827
-6.36
-6.945
-7.034
-6.625
-6.297
-6.28
-6.165
-5.553
-4.634
-3.987
-3.954
-4.319
-4.638
-4.722
-4.781
-5.167
-5.714
-5.904
-5.68
-5.553
-5.911
-6.539
-6.852
-6.585
-6.163
-6.253
-6.877
-7.412
-7.387
-6.993
-6.696
-6.462
-5.775
-4.577
-3.522
-3.187
-3.293
-3.193
-2.724
-2.236
-1.95
-1.74
-1.386
-0.796
-0.084
0.583
1.1
1.583
2.137
2.567
2.422
1.619
0.782
0.485
0.496
0.247
-0.29
-0.667
-0.805
-1.143
-1.928
-2.851
-3.502
-3.822
-3.999
-4.226
-4.486
-4.611
-4.498
-4.359
-4.294
-4.123
-3.711
-3.211
-2.84
-2.76
-3.114
-3.815
-4.339
-4.316
-4.03
-3.973
-4.148
-4.201
-4.014
-3.869
-3.924
-3.976
-3.897
-3.881
-4.209
-4.911
-5.632
-5.984
-5.831
-5.378
-5.049
-5.115
-5.439
-5.691
-5.807
-5.965
-6.201
-6.192
-5.666
-4.845
-4.275
-4.174
-4.175
-3.89
-3.355
-2.887
-2.738
-2.953
-3.452
-4.126
-4.895
-5.652
-6.272
-6.68
-6.911
-7.136
-7.549
-8.209
-8.776
-8.88
-8.569
-8.22
-8.045
-8.002
-8.014
-8.007
-7.948
-7.746
-7.308
-6.725
-6.238
-6.088
-6.324
-6.755
-7.086
-7.136
-6.891
-6.485
-6.015
-5.405
-4.609
-3.781
-3.125
-2.64
-2.27
-2.075
-2.159
-2.456
-2.667
-2.504
-2.028
-1.406
-0.719
0.011
0.773
1.401
1.73
1.921
2.275
2.937
3.831
4.709
5.401
5.865
6.133
6.208
6.095
5.811
5.464
5.251
5.187
5.031
4.643
4.289
4.284
4.538
4.698
4.729
4.919
5.403
6.072
6.841
7.669
8.442
8.978
9.186
9.075
8.705
8.227
7.823
7.641
7.714
7.912
8.095
8.242
8.388
8.444
8.247
7.843
7.401
7.031
6.723
6.38
5.904
5.341
4.795
4.393
4.087
3.688
3.173
2.629
2.189
1.914
1.815
1.857
2.057
2.413
2.824
3.005
2.774
2.305
1.991
1.964
1.953
1.728
1.374
1.102
0.923
0.673
0.41
0.392
0.662
1.023
1.32
1.562
1.816
2.089
2.329
2.549
2.758
2.912
2.974
2.946
2.833
2.681
2.556
2.37
1.935
1.308
0.642
0.152
0.006
0.224
0.724
1.304
1.815
2.425
3.141
3.574
3.561
3.52
3.806
4.144
4.185
4.071
4.078
4.175
4.312
4.695
5.317
5.879
6.326
6.938
7.785
8.547
8.912
9.012
9.125
9.112
8.61
7.676
6.807
6.394
6.285
6.085
5.73
5.453
5.326
5.206
4.999
4.926
5.334
6.358
7.884
9.615
11.049
11.801
11.983
11.961
11.835
11.396
10.613
9.958
9.733
9.529
8.91
8.118
7.624
7.349
6.879
6.158
5.627
5.564
5.789
6.063
6.373
6.739
7.093
7.37
7.48
7.376
7.129
6.875
6.839
7.113
7.589
8.143
8.712
9.064
9.046
8.721
8.385
8.302
8.309
8.009
7.392
6.836
6.569
6.29
5.668
4.809
3.996
3.357
2.885
2.533
2.261
2.123
2.111
2.082
1.853
1.413
0.998
0.825
0.816
0.834
1.057
1.78
2.996
4.373
5.378
5.662
5.435
5.124
4.918
4.727
4.455
4.185
4.012
3.828
3.579
3.409
3.35
3.155
2.606
1.823
1.238
1.17
1.513
1.923
2.265
2.778
3.522
4.187
4.555
4.825
5.255
5.772
6.294
6.893
7.58
8.159
8.47
8.59
8.653
8.692
8.773
9
9.315
9.427
9.202
8.896
8.758
8.703
8.488
8.12
7.928
8.059
8.397
8.799
9.281
9.81
10.2
10.294
10.126
9.828
9.608
9.73
10.178
10.579
10.756
10.99
11.509
11.829
11.396
10.549
10.037
10.085
10.329
10.447
10.388
10.164
9.819
9.447
9.116
8.807
8.483
8.152
7.871
7.712
7.669
7.744
7.918
8.048
7.939
7.662
7.521
7.567
7.585
7.469
7.469
7.757
8.025
7.737
6.948
6.328
6.299
6.609
6.829
7.029
7.565
8.374
9.009
9.245
9.255
9.281
9.334
9.259
8.973
8.578
8.258
8.148
8.216
8.268
8.1
7.73
7.249
6.639
5.902
5.334
5.233
5.516
5.883
6.122
6.276
6.433
6.373
5.902
5.262
4.858
4.784
4.825
4.883
5.076
5.423
5.652
5.45
4.899
4.346
3.944
3.604
3.223
2.806
2.513
2.477
2.608
2.567
2.075
1.204
0.396
-0.129
-0.53
-0.937
-1.168
-1.199
-1.222
-1.422
-1.801
-2.143
-2.257
-2.13
-1.839
-1.381
-0.844
-0.354
0.113
0.596
0.991
1.233
1.463
1.835
2.311
2.733
3.067
3.418
3.688
3.711
3.488
3.067
2.567
2.189
1.966
1.832
1.696
1.606
1.671
1.887
2.1
2.179
2.148
2.209
2.379
2.531
2.731
3.094
3.574
4.026
4.407
4.713
4.863
4.838
4.885
5.137
5.412
5.466
5.3
5.072
4.888
4.682
4.377
3.962
3.47
2.992
2.608
2.327
2.082
1.878
1.826
2.057
2.502
2.896
3.071
3.005
2.774
2.549
2.536
2.701
2.813
2.896
3.112
3.318
3.32
3.214
3.155
3.128
3.105
3.223
3.407
3.459
3.498
3.783
4.309
4.772
4.87
4.555
4.062
3.647
3.25
2.699
2.173
1.83
1.574
1.295
1.086
1.05
1.07
1.118
1.324
1.775
2.329
2.83
3.268
3.643
3.91
4.076
4.071
3.835
3.438
3.055
2.751
2.327
1.701
1.191
1.091
1.261
1.34
1.199
1.013
0.957
1.066
1.213
1.266
1.188
1.177
1.422
1.826
2.107
2.186
2.259
2.415
2.481
2.384
2.306
2.413
2.658
2.869
2.955
2.957
2.971
3.053
3.177
3.189
2.96
2.624
2.406
2.218
1.801
1.154
0.612
0.403
0.465
0.683
1.161
1.907
2.635
3.032
3.101
2.971
2.726
2.375
1.957
1.526
1.154
0.984
1.1
1.308
1.352
1.22
1.072
1
0.834
0.406
-0.066
-0.234
-0.136
0
0.142
0.426
0.852
1.227
1.44
1.606
1.857
2.207
2.531
2.627
2.474
2.277
2.209
2.171
1.973
1.644
1.427
1.438
1.633
1.835
1.815
1.487
1.036
0.703
0.515
0.299
0.074
0.054
0.299
0.678
1.057
1.386
1.621
1.76
1.871
1.971
2.005
1.976
2.048
2.406
2.885
3.094
2.962
2.772
2.71
2.686
2.54
2.288
2.093
2.041
2.066
2.103
2.055
1.794
1.25
0.574
0.074
-0.079
-0.04
-0.054
-0.084
0.05
0.399
0.816
1.147
1.274
1.222
1.199
1.424
1.871
2.391
2.874
3.228
3.384
3.407
3.45
3.584
3.82
4.123
4.384
4.498
4.421
4.192
3.926
3.677
3.2
2.368
1.524
1.157
1.297
1.576
1.76
1.932
2.248
2.687
3.132
3.468
3.719
4.033
4.59
5.505
6.657
7.857
8.885
9.52
9.71
9.631
9.458
9.236
8.957
8.662
8.309
7.767
7.068
6.526
6.306
6.085
5.523
5.101
5.5
6.487
7.442
8.454
9.592
10.119
9.658
8.939
8.46
7.928
7.37
7.109
6.966
6.834
7.202
8.2
9.2
9.654
9.524
8.944
8.129
7.383
6.782
6.135
5.373
4.611
3.845
3.012
2.075
0.964
-0.181
-1.191
-2.179
-2.93
-2.751
-1.581
-0.401
-0.033
-0.19
-0.249
-0.281
-0.537
-0.796
-0.683
-0.033
0.968
1.88
2.322
2.268
1.842
0.979
-0.392
-1.996
-3.198
-3.404
-2.588
-1.393
-0.623
-0.523
-0.884
-1.569
-2.583
-3.638
-4.228
-4.117
-3.486
-2.606
-1.633
-0.574
0.374
0.735
0.274
-0.574
-1.059
-0.773
0.032
0.859
1.562
2.23
2.606
2.191
0.889
-0.691
-1.81
-2.243
-2.175
-1.723
-0.884
0.201
1.15
1.422
0.626
-1.002
-2.536
-3.216
-3.262
-3.284
-3.173
-2.32
-0.941
-0.022
-0.056
-0.628
-1.302
-2.193
-3.332
-4.153
-4.112
-3.266
-2.195
-1.427
-1.232
-1.705
-2.627
-3.536
-4.133
-4.514
-4.724
-4.407
-3.407
-2.452
-2.358
-2.953
-3.516
-3.962
-4.702
-5.464
-5.473
-4.609
-3.465
-2.481
-1.756
-1.487
-1.803
-2.567
-3.506
-4.321
-4.745
-4.597
-3.967
-3.21
-2.663
-2.622
-3.114
-3.894
-4.745
-5.466
-5.777
-5.484
-4.818
-4.264
-4.037
-4.035
-4.182
-4.518
-4.96
-5.296
-5.446
-5.446
-5.278
-4.829
-4.25
-3.91
-3.983
-4.389
-4.972
-5.602
-6.167
-6.533
-6.601
-6.362
-5.956
-5.711
-5.886
-6.321
-6.739
-7.224
-8.014
-8.962
-9.636
-9.753
-9.468
-9.164
-9.132
-9.288
-9.293
-9.037
-8.825
-8.955
-9.221
-9.239
-8.989
-8.832
-8.957
-9.084
-8.914
-8.665
-8.885
-9.563
-10.048
-9.878
-9.307
-8.835
-8.642
-8.529
-8.276
-7.936
-7.839
-8.152
-8.583
-8.605
-8.115
-7.553
-7.288
-7.136
-6.832
-6.553
-6.619
-6.975
-7.188
-6.972
-6.487
-6.104
-5.97
-5.797
-5.337
-4.918
-5.058
-5.623
-5.977
-5.779
-5.258
-4.758
-4.296
-3.715
-3.171
-3.023
-3.464
-4.316
-5.137
-5.657
-5.938
-6.152
-6.238
-6.013
-5.489
-5.035
-5.153
-5.834
-6.546
-6.893
-6.972
-7.088
-7.156
-6.954
-6.489
-6.083
-5.97
-6.101
-6.26
-6.308
-6.342
-6.494
-6.601
-6.373
-5.818
-5.38
-5.43
-5.865
-6.287
-6.376
-6.233
-6.113
-6.133
-6.095
-5.813
-5.502
-5.523
-5.893
-6.285
-6.453
-6.516
-6.698
-6.915
-6.961
-6.839
-6.634
-6.358
-5.981
-5.553
-5.153
-4.84
-4.604
-4.377
-4.103
-3.718
-3.3
-3.003
-2.94
-3.06
-3.187
-3.236
-3.268
-3.241
-3.116
-3.01
-3.18
-3.699
-4.307
-4.809
-5.333
-5.934
-6.335
-6.362
-6.28
-6.407
-6.684
-6.839
-6.85
-6.943
-7.075
-7.011
-6.752
-6.591
-6.694
-6.857
-6.773
-6.505
-6.301
-6.178
-5.963
-5.569
-5.01
-4.357
-3.767
-3.558
-3.774
-4.076
-4.223
-4.273
-4.223
-3.926
-3.488
-3.273
-3.488
-4.028
-4.691
-5.405
-6.222
-7.086
-7.723
-7.855
-7.592
-7.308
-7.315
-7.698
-8.293
-8.823
-9.146
-9.284
-9.293
-9.241
-9.129
-8.93
-8.705
-8.658
-8.893
-9.329
-9.885
-10.631
-11.507
-12.115
-12.216
-12.04
-11.863
-11.727
-11.5
-11.194
-10.976
-11.035
-11.42
-11.927
-12.271
-12.301
-12.101
-11.793
-11.525
-11.364
-11.316
-11.4
-11.464
-11.327
-11.024
-10.749
-10.62
-10.445
-9.946
-9.193
-8.456
-7.905
-7.451
-6.966
-6.396
-5.745
-5.069
-4.305
-3.418
-2.504
-1.751
-1.25
-0.907
-0.54
-0.206
-0.111
-0.141
0.011
0.501
1.118
1.456
1.356
1.091
1.034
1.274
1.595
1.844
2.023
2.143
2.084
1.742
1.215
0.721
0.426
0.344
0.362
0.401
0.374
0.201
-0.045
-0.167
-0.115
-0.12
-0.351
-0.743
-1.163
-1.595
-1.914
-1.943
-1.749
-1.542
-1.365
-1.188
-1.068
-1.193
-1.619
-2.114
-2.415
-2.622
-2.94
-3.334
-3.706
-4.065
-4.52
-5.026
-5.45
-5.761
-6.067
-6.355
-6.553
-6.671
-6.775
-6.859
-6.852
-6.678
-6.38
-6.14
-5.986
-5.768
-5.416
-5.008
-4.586
-4.182
-3.86
-3.666
-3.5
-3.164
-2.593
-1.969
-1.603
-1.647
-1.816
-1.837
-1.815
-1.842
-1.769
-1.487
-1.129
-0.907
-0.898
-1.152
-1.504
-1.715
-1.801
-1.941
-2.238
-2.484
-2.363
-1.914
-1.374
-0.789
-0.107
0.533
0.8
0.585
0.154
-0.211
-0.415
-0.44
-0.34
-0.29
-0.442
-0.855
-1.517
-2.343
-3.18
-3.928
-4.545
-5.094
-5.67
-6.147
-6.355
-6.512
-6.848
-7.258
-7.535
-7.746
-8.12
-8.626
-8.939
-8.846
-8.481
-8.102
-7.83
-7.696
-7.767
-7.93
-7.939
-7.703
-7.358
-7.083
-7.034
-7.304
-7.995
-9.154
-10.586
-11.777
-12.36
-12.566
-12.866
-13.09
-12.471
-10.731
-8.792
-7.921
-8.236
-8.649
-8.32
-7.692
-7.767
-8.454
-8.485
-7.317
-6.111
-6.031
-6.467
-5.986
-4.548
-3.461
-3.364
-3.384
-2.601
-1.401
-0.914
-1.547
-2.467
-2.758
-2.563
-2.774
-3.704
-4.643
-4.679
-3.781
-2.944
-3.003
-3.534
-3.538
-3.016
-3.016
-4.026
-5.028
-4.877
-3.817
-3.139
-3.452
-4.024
-4.033
-3.845
-4.38
-5.691
-6.886
-7.315
-7.399
-7.991
-9.116
-9.926
-9.885
-9.527
-9.817
-11.012
-12.36
-13.027
-12.983
-12.798
-12.85
-13.004
-12.827
-12.378
-12.144
-12.314
-12.552
-12.455
-12.049
-11.668
-11.4
-10.919
-9.985
-8.807
-7.791
-7.138
-6.866
-6.841
-6.87
-6.825
-6.698
-6.521
-6.226
-5.67
-4.938
-4.335
-3.874
-3.263
-2.474
-1.925
-1.862
-1.953
-1.769
-1.267
-0.762
-0.462
-0.252
0.19
0.973
1.989
2.93
3.491
3.663
3.865
4.393
5.012
5.224
4.895
4.429
4.28
4.282
3.978
3.411
3.046
2.922
2.484
1.39
-0.029
-1.238
-2.059
-2.588
-2.996
-3.486
-4.012
-4.226
-3.92
-3.425
-3.171
-3.067
-2.917
-2.923
-3.459
-4.439
-5.292
-5.725
-6.126
-6.941
-7.871
-8.245
-8.036
-7.991
-8.626
-9.579
-10.205
-10.404
-10.64
-11.344
-12.314
-12.941
-12.97
-12.77
-12.804
-12.967
-12.85
-12.36
-11.847
-11.566
-11.312
-10.647
-9.504
-8.238
-7.158
-6.272
-5.403
-4.445
-3.529
-2.853
-2.409
-2.005
-1.535
-1.113
-0.724
-0.186
0.478
0.904
0.875
0.685
0.608
0.569
0.471
0.396
0.458
0.732
1.25
1.957
2.581
2.878
2.941
3.078
3.332
3.457
3.397
3.461
3.828
4.219
4.298
4.144
4.051
4.112
4.194
4.087
3.692
3.13
2.656
2.365
1.994
1.202
0.068
-1.072
-2.082
-2.962
-3.697
-4.139
-4.162
-3.84
-3.423
-2.96
-2.339
-1.689
-1.3
-1.211
-1.143
-0.742
0.047
0.971
1.775
2.556
3.599
4.854
5.917
6.473
6.66
6.793
6.995
7.116
7.151
7.215
7.317
7.335
7.079
6.519
5.831
5.289
5.053
4.983
4.779
4.421
4.266
4.346
4.301
3.976
3.62
3.534
3.704
3.944
4.203
4.652
5.307
5.931
6.321
6.476
6.551
6.621
6.614
6.401
5.951
5.448
5.144
5.058
4.929
4.428
3.611
2.826
2.252
1.737
1.105
0.431
0.009
0.025
0.279
0.399
0.299
0.222
0.395
0.71
0.918
1.082
1.531
2.295
3.057
3.54
3.745
3.903
4.141
4.307
4.157
3.706
3.259
3.141
3.323
3.457
3.402
3.4
3.545
3.516
2.957
2.014
1.109
0.489
0.063
-0.367
-0.8
-1.113
-1.222
-1.284
-1.572
-2.148
-2.713
-2.946
-2.908
-2.998
-3.293
-3.377
-2.896
-1.996
-1.166
-0.633
-0.208
0.351
0.978
1.39
1.442
1.236
1.012
0.9
0.766
0.483
0.201
0.32
0.964
1.83
2.502
2.892
3.309
3.965
4.623
4.938
4.888
4.809
5.058
5.53
5.813
5.734
5.569
5.575
5.627
5.428
4.933
4.448
4.275
4.429
4.727
4.99
5.235
5.471
5.543
5.221
4.566
3.978
3.724
3.574
3.255
2.833
2.594
2.656
2.681
2.32
1.728
1.34
1.267
1.274
1.023
0.546
0.313
0.612
1.111
1.245
0.957
0.81
1.209
1.93
2.474
2.74
3.105
3.885
4.906
5.663
5.956
6.088
6.444
7.011
7.458
7.659
7.966
8.638
9.349
9.602
9.449
9.418
9.76
10.159
10.234
10.069
10.082
10.407
10.654
10.461
9.989
9.656
9.49
9.186
8.635
8.091
7.837
7.827
7.712
7.338
6.972
6.943
7.165
7.233
6.911
6.426
6.163
6.188
6.269
6.156
5.868
5.689
5.618
5.401
5.035
4.802
4.826
4.94
4.84
4.525
4.278
4.189
4.006
3.554
2.915
2.298
1.955
1.889
1.857
1.703
1.569
1.688
1.928
1.898
1.454
0.918
0.689
0.818
1.052
1.105
0.959
0.848
0.923
1.031
0.961
0.683
0.313
-0.125
-0.623
-1.106
-1.49
-1.722
-1.789
-1.774
-1.914
-2.284
-2.726
-3.055
-3.296
-3.506
-3.631
-3.666
-3.649
-3.498
-3.211
-2.948
-2.721
-2.413
-2.062
-1.771
-1.487
-1.03
-0.392
0.195
0.553
0.743
0.964
1.154
1.102
0.71
-0.013
-0.893
-1.574
-1.937
-2.2
-2.599
-3.06
-3.384
-3.459
-3.252
-2.724
-1.946
-1.168
-0.65
-0.458
-0.449
-0.395
-0.125
0.227
0.526
0.662
0.667
0.621
0.596
0.46
0.152
-0.159
-0.31
-0.379
-0.58
-0.957
-1.326
-1.463
-1.304
-0.939
-0.526
-0.149
0.238
0.551
0.51
0.077
-0.324
-0.258
0.292
0.898
1.17
1.181
1.227
1.345
1.356
1.154
0.691
-0.038
-0.955
-1.946
-2.94
-3.808
-4.411
-4.797
-5.092
-5.334
-5.187
-4.239
-2.687
-1.411
-0.855
-0.608
-0.19
0.095
-0.419
-1.692
-2.892
-3.293
-2.98
-2.533
-2.365
-2.461
-2.574
-2.617
-2.842
-3.4
-3.99
-4.121
-3.781
-3.45
-3.554
-3.996
-4.377
-4.595
-4.863
-5.233
-5.466
-5.203
-4.548
-4.167
-4.545
-5.321
-5.786
-5.696
-5.414
-5.228
-5.024
-4.724
-4.382
-3.938
-3.211
-2.225
-1.386
-1.052
-1.222
-1.717
-2.352
-2.878
-3.05
-2.928
-2.765
-2.665
-2.669
-3.005
-3.835
-4.791
-5.19
-4.926
-4.654
-4.74
-4.82
-4.493
-3.867
-3.352
-3.094
-2.905
-2.638
-2.429
-2.425
-2.57
-2.663
-2.425
-1.735
-0.787
0.036
0.436
0.268
-0.372
-1.277
-2.205
-2.935
-3.28
-3.193
-2.869
-2.676
-2.93
-3.558
-4.148
-4.377
-4.244
-3.98
-3.838
-3.999
-4.462
-4.901
-4.997
-4.89
-4.919
-5.09
-5.056
-4.731
-4.393
-4.23
-4.121
-3.897
-3.629
-3.615
-4.053
-4.84
-5.641
-6.231
-6.598
-6.793
-6.788
-6.625
-6.462
-6.671
-7.487
-8.771
-9.944
-10.534
-10.513
-10.15
-9.656
-9.03
-8.275
-7.546
-6.984
-6.555
-6.181
-5.931
-5.956
-6.204
-6.444
-6.394
-6.065
-5.689
-5.439
-5.228
-5.019
-5.001
-5.296
-5.673
-5.77
-5.489
-5.069
-4.825
-4.926
-5.312
-5.632
-5.546
-5.09
-4.532
-3.942
-3.21
-2.436
-1.916
-1.658
-1.307
-0.619
0.16
0.705
0.955
1.064
1.15
1.211
1.204
1.129
1.091
1.184
1.222
0.916
0.335
-0.077
-0.006
0.492
1.204
1.91
2.506
3.076
3.604
3.973
4.194
4.52
5.087
5.714
6.07
6.056
5.943
6.002
6.238
6.473
6.573
6.562
6.399
6.04
5.598
5.247
4.999
4.743
4.498
4.28
4.133
4.103
4.062
3.763
3.187
2.617
2.257
2.116
2.127
2.35
2.933
3.906
5.153
6.372
7.258
7.771
8.059
8.143
7.939
7.492
7.029
6.764
6.696
6.721
6.696
6.5
6.319
6.319
6.373
6.246
6.02
5.924
6.038
6.133
6.051
5.881
5.723
5.523
5.153
4.684
4.348
4.212
4.074
3.846
3.604
3.33
3.03
2.79
2.656
2.581
2.627
2.978
3.659
4.387
4.836
4.883
4.698
4.364
3.915
3.443
3.096
2.964
2.996
3.049
3.046
3.03
2.915
2.565
2.044
1.554
1.236
1.036
0.88
0.78
0.825
1.098
1.54
1.93
2.143
2.275
2.486
2.848
3.327
3.98
4.825
5.686
6.369
6.75
6.848
6.788
6.764
6.802
6.807
6.709
6.637
6.782
7.09
7.329
7.419
7.576
7.887
8.063
7.821
7.417
7.285
7.435
7.655
7.923
8.32
8.731
9.014
9.164
9.329
9.624
10.1
10.661
11.207
11.7
12.04
12.215
12.373
12.632
12.845
12.92
13.013
13.26
13.573
13.779
13.875
13.932
13.825
13.423
12.877
12.589
12.675
12.793
12.578
12.042
11.534
11.198
10.81
10.107
9.075
7.85
6.682
5.813
5.24
4.731
4.208
3.763
3.309
2.703
1.973
1.284
0.696
0.027
-0.724
-1.336
-1.744
-2.075
-2.459
-2.912
-3.291
-3.459
-3.43
-3.207
-2.728
-2.01
-1.136
-0.261
0.453
0.971
1.377
1.751
2.018
2.014
1.862
1.939
2.395
2.994
3.397
3.491
3.441
3.35
3.171
3.032
3.348
4.312
5.566
6.608
7.456
8.442
9.538
10.341
10.595
10.414
10.193
10.287
10.559
10.645
10.484
10.402
10.733
11.357
11.793
11.708
11.271
10.937
10.997
11.228
11.264
11.119
11.083
11.196
11.191
10.889
10.468
10.305
10.481
10.74
10.758
10.6
10.522
10.622
10.74
10.709
10.631
10.661
10.806
10.994
11.207
11.55
12.069
12.516
12.568
12.153
11.513
10.942
10.531
10.105
9.658
9.481
9.781
10.232
10.196
9.406
8.35
7.651
7.431
7.34
7.117
6.839
6.75
6.87
6.918
6.698
6.378
6.297
6.616
7.143
7.553
7.848
8.209
8.669
9.061
9.191
9.066
8.991
9.147
9.329
9.25
9.094
9.27
9.67
9.792
9.486
9.064
8.753
8.537
8.406
8.415
8.558
8.751
8.848
8.753
8.454
8.161
8.104
8.272
8.426
8.444
8.34
8.241
8.229
8.224
8.172
8.161
8.229
8.204
7.921
7.394
6.805
6.313
5.936
5.629
5.36
5.026
4.486
3.711
2.844
2.109
1.61
1.256
0.943
0.746
0.777
0.918
0.993
0.993
1.123
1.465
1.832
2.016
2.01
1.919
1.71
1.279
0.712
0.215
-0.156
-0.594
-1.213
-2.059
-3.042
-3.91
-4.457
-4.702
-4.809
-4.826
-4.659
-4.092
-3.135
-2.141
-1.456
-0.825
0.401
2.166
3.416
3.625
3.606
4.115
4.926
5.478
5.559
5.45
5.548
5.795
5.737
5.247
4.792
4.756
4.913
4.786
4.246
3.611
3.262
3.289
3.323
3.039
2.783
3.046
3.695
4.137
3.978
3.452
3.157
3.3
3.447
3.332
3.337
3.987
5.001
5.652
5.625
5.317
5.124
4.947
4.516
3.788
3.064
2.826
3.135
3.464
3.411
3.028
2.631
2.361
2.021
1.472
1.013
0.952
1.27
1.599
1.694
1.61
1.592
1.756
2
2.068
1.905
1.867
2.175
2.502
2.37
1.835
1.472
1.683
2.211
2.533
2.681
3.101
3.851
4.332
4.178
3.713
3.379
3.166
2.814
2.241
1.694
1.595
2.107
2.912
3.527
3.711
3.724
4.067
4.711
5.126
5.135
5.142
5.489
5.947
6.074
5.727
5.183
4.779
4.527
4.13
3.407
2.656
2.257
2.179
2.104
1.887
1.692
1.715
1.93
2.044
1.785
1.197
0.526
-0.047
-0.626
-1.29
-1.871
-2.216
-2.402
-2.57
-2.72
-2.642
-2.182
-1.465
-0.816
-0.449
-0.313
-0.208
-0.086
-0.047
-0.217
-0.508
-0.592
-0.344
-0.032
-0.011
-0.279
-0.592
-0.794
-0.955
-1.15
-1.232
-0.923
-0.183
0.764
1.667
2.5
3.338
4.137
4.684
4.797
4.504
4.076
3.82
3.879
4.167
4.416
4.462
4.418
4.48
4.623
4.713
4.731
4.802
4.96
5.117
5.106
4.829
4.321
3.794
3.361
2.915
2.467
2.168
2.064
2.114
2.216
2.318
2.542
2.941
3.286
3.291
3.01
2.819
2.912
3.089
3.091
2.896
2.624
2.409
2.205
1.864
1.363
0.859
0.605
0.746
1.175
1.606
1.819
1.889
2.021
2.248
2.392
2.345
2.161
1.941
1.742
1.551
1.383
1.286
1.345
1.476
1.406
1.077
0.685
0.51
0.694
1.091
1.451
1.778
2.205
2.624
2.742
2.384
1.789
1.209
0.687
0.231
-0.097
-0.268
-0.283
-0.181
-0.047
0.088
0.32
0.739
1.307
1.857
2.264
2.556
2.814
2.978
2.912
2.463
1.64
0.762
0.22
0.129
0.279
0.526
1.018
1.867
2.837
3.586
4.008
4.18
4.253
4.391
4.634
4.919
5.233
5.555
5.759
5.623
5.046
4.219
3.486
2.985
2.56
2.014
1.408
1.086
1.377
2.205
3.187
4.071
4.908
5.816
6.641
7.179
7.503
7.846
8.265
8.553
8.535
8.361
8.263
8.263
8.211
8.086
8.138
8.544
9.17
9.617
9.565
9.161
8.844
8.889
9.204
9.49
9.465
9.089
8.492
7.787
7.011
6.219
5.759
5.823
5.929
5.614
5.087
4.874
5.04
5.097
4.657
3.872
3.155
2.72
2.481
2.175
1.696
1.177
0.844
0.714
0.603
0.261
-0.333
-0.932
-1.365
-1.699
-1.996
-2.155
-2.068
-1.891
-1.891
-2.111
-2.279
-2.152
-1.842
-1.73
-2.044
-2.549
-2.803
-2.692
-2.429
-2.116
-1.685
-1.098
-0.442
0.108
0.474
0.637
0.616
0.462
0.263
0.052
-0.147
-0.326
-0.499
-0.698
-0.948
-1.186
-1.263
-1.118
-0.93
-1.045
-1.592
-2.313
-2.842
-3.084
-3.257
-3.518
-3.776
-3.817
-3.681
-3.672
-3.879
-4.119
-4.223
-4.257
-4.403
-4.688
-4.965
-5.133
-5.217
-5.314
-5.505
-5.675
-5.702
-5.523
-5.099
-4.543
-4.301
-4.575
-4.729
-3.872
-1.88
0.437
1.982
2.257
1.671
0.844
-0.107
-1.581
-4.087
-7.532
-11.067
-13.884
-15.696
-16.499
-16.195
-14.93
-13.079
-10.967
-8.835
-6.859
-5.16
-3.958
-3.33
-2.878
-2.223
-1.583
-1.415
-1.613
-1.733
-1.569
-1.215
-0.667
0.315
1.669
2.778
3.13
2.814
2.171
1.197
-0.381
-2.463
-4.625
-6.657
-8.649
-10.57
-12.174
-13.165
-13.181
-11.786
-9.023
-5.995
-3.901
-2.778
-1.619
0.372
2.792
4.575
4.994
3.924
1.683
-0.943
-2.978
-4.101
-4.901
-6.115
-7.707
-8.926
-9.293
-8.926
-7.957
-6.787
-6.126
-6.419
-7.394
-8.529
-9.54
-10.672
-12.414
-14.943
-17.767
-19.881
-20.299
-18.915
-16.715
-14.755
-13.217
-11.652
-9.715
-7.612
-5.902
-4.919
-4.555
-4.514
-4.616
-4.693
-4.645
-4.57
-4.926
-6.131
-8.045
-9.948
-11.078
-11.203
-10.733
-10.282
-10.162
-10.123
-9.588
-8.426
-7.405
-7.374
-8.295
-9.483
-10.23
-10.184
-9.379
-8.07
-6.58
-5.162
-3.828
-2.459
-1.082
0.061
0.628
0.589
0.326
0.199
0.249
0.072
-0.771
-2.357
-4.436
-6.73
-8.866
-10.375
-11.108
-11.198
-10.844
-10.388
-10.173
-10.294
-10.565
-10.649
-10.502
-10.452
-10.568
-10.47
-9.835
-8.773
-7.861
-7.64
-7.891
-8.018
-7.866
-7.659
-7.408
-6.866
-5.995
-5.176
-4.722
-4.53
-4.532
-5.06
-6.453
-8.553
-10.645
-11.886
-12.001
-11.459
-10.797
-10.3
-9.774
-8.635
-6.768
-5.121
-4.423
-4.248
-4.021
-3.754
-3.436
-2.848
-1.862
-0.766
-0.063
0.229
0.605
1.277
1.685
1.379
0.964
1.041
1.166
0.855
0.594
0.896
1.381
1.308
0.315
-1.367
-3.166
-4.527
-5.237
-5.521
-5.89
-6.365
-6.369
-5.535
-4.407
-4.164
-5.276
-6.925
-8.004
-8.338
-8.261
-7.832
-7.17
-6.788
-7.095
-7.921
-8.735
-9.252
-9.592
-9.774
-9.502
-8.731
-8.025
-7.768
-7.798
-8.052
-8.762
-9.992
-11.466
-12.815
-13.872
-14.414
-14.265
-13.689
-13.333
-13.421
-13.478
-13.131
-12.7
-12.557
-12.5
-11.969
-10.704
-9.037
-7.659
-7.031
-7.083
-7.492
-7.959
-8.336
-8.481
-8.286
-7.753
-6.927
-5.813
-4.677
-3.876
-3.513
-3.586
-4.212
-5.439
-6.897
-8.148
-9.037
-9.499
-9.372
-8.758
-8.077
-7.716
-7.753
-7.977
-7.97
-7.601
-6.932
-5.963
-4.731
-3.445
-2.354
-1.719
-1.658
-2.014
-2.526
-2.851
-2.922
-3.15
-3.688
-4.144
-4.439
-4.781
-5.169
-5.566
-6.138
-6.841
-7.226
-6.949
-6.201
-5.38
-4.625
-3.853
-3.157
-2.686
-2.384
-1.95
-1.129
-0.011
1.14
2.025
2.477
2.617
2.738
2.819
2.62
2.143
1.792
1.839
2.121
2.259
2.178
1.991
1.66
1.1
0.603
0.63
1.15
1.685
2.059
2.42
2.697
2.665
2.32
1.812
1.261
0.81
0.821
1.535
2.552
3.252
3.493
3.563
3.484
3.03
2.179
1.322
0.798
0.535
0.333
0.217
0.193
0.066
-0.351
-1.173
-2.461
-4.126
-5.795
-6.966
-7.34
-7.14
-6.841
-6.694
-6.646
-6.562
-6.569
-6.915
-7.465
-7.809
-7.794
-7.431
-6.825
-6.138
-5.491
-5.176
-5.435
-6.119
-6.868
-7.549
-8.082
-8.329
-8.29
-8.131
-8.004
-7.932
-7.97
-8.299
-8.869
-9.293
-9.406
-9.334
-9.02
-8.283
-7.267
-6.387
-5.954
-5.954
-6.104
-6.172
-6.118
-5.954
-5.623
-5.149
-4.516
-3.708
-2.824
-2.138
-1.953
-2.261
-2.795
-3.255
-3.366
-2.985
-2.25
-1.578
-1.225
-1.204
-1.487
-2.104
-2.917
-3.631
-4.139
-4.579
-4.911
-4.833
-4.219
-3.43
-2.994
-3.014
-3.296
-3.62
-3.84
-3.883
-3.708
-3.28
-2.672
-2.127
-1.86
-1.912
-2.339
-3.101
-4.119
-5.285
-6.424
-7.288
-7.692
-7.794
-8.043
-8.703
-9.481
-10.039
-10.445
-10.933
-11.412
-11.686
-11.793
-11.94
-12.04
-11.815
-11.31
-10.878
-10.704
-10.604
-10.4
-10.152
-9.912
-9.631
-9.379
-9.241
-9.225
-9.343
-9.651
-10.164
-10.776
-11.391
-12.031
-12.679
-13.179
-13.294
-13.083
-12.781
-12.537
-12.169
-11.493
-10.663
-9.953
-9.241
-8.27
-7.061
-5.834
-4.634
-3.447
-2.533
-2.141
-2.145
-2.241
-2.327
-2.354
-2.143
-1.608
-0.996
-0.639
-0.644
-0.855
-1.191
-1.694
-2.361
-3.096
-3.833
-4.523
-5.097
-5.461
-5.616
-5.675
-5.684
-5.639
-5.616
-5.575
-5.296
-4.72
-3.955
-3.232
-2.669
-2.164
-1.719
-1.615
-1.921
-2.318
-2.5
-2.449
-2.284
-2.096
-1.905
-1.767
-1.778
-1.996
-2.381
-2.814
-3.087
-3.067
-2.937
-2.94
-3.187
-3.631
-4.042
-4.257
-4.421
-4.717
-5.051
-5.16
-4.911
-4.35
-3.45
-2.234
-0.982
0.09
1.109
2.284
3.579
4.854
6.077
7.249
8.256
8.789
8.766
8.399
7.864
6.972
5.789
4.818
4.323
3.835
2.885
1.528
-0.149
-2.084
-3.973
-5.577
-6.941
-8.097
-8.962
-9.658
-10.421
-11.11
-11.407
-11.251
-11.028
-11.228
-11.922
-12.55
-12.473
-11.777
-11.103
-10.84
-10.792
-10.663
-10.611
-11.046
-11.961
-12.822
-13.128
-12.861
-12.398
-11.967
-11.55
-11.18
-11.08
-11.491
-12.339
-13.217
-13.684
-13.598
-13.222
-12.872
-12.451
-11.607
-10.436
-9.479
-8.88
-8.39
-7.857
-7.217
-6.294
-4.908
-3.096
-1.057
0.909
2.402
3.176
3.55
4.006
4.561
4.918
5.067
5.382
6.181
7.263
8.009
8.131
7.93
7.767
7.624
7.165
6.339
5.666
5.562
5.797
5.909
5.714
5.412
5.285
5.334
5.199
4.668
4.126
4.198
4.993
5.934
6.367
6.165
5.65
5.115
4.493
3.661
2.867
2.486
2.493
2.538
2.425
2.236
2.066
1.81
1.232
0.372
-0.335
-0.522
-0.258
0.138
0.415
0.596
0.769
0.73
0.208
-0.707
-1.59
-2.07
-2.091
-1.749
-0.984
0.254
1.715
2.989
3.745
3.954
3.973
4.289
5.017
5.845
6.392
6.66
6.986
7.41
7.553
7.161
6.403
5.582
4.809
3.994
3.286
3.067
3.361
3.817
4.121
4.119
3.931
3.704
3.248
2.35
1.336
0.628
0.326
0.399
0.818
1.445
2.084
2.728
3.43
4.024
4.323
4.502
4.843
5.16
5.135
4.852
4.579
4.375
4.101
3.611
2.933
2.25
1.756
1.42
1.152
1.013
1.048
1.102
1.034
0.78
0.424
0.206
0.392
0.825
1.211
1.581
2.028
2.347
2.325
2.077
1.81
1.544
1.388
1.381
1.34
1.173
1.054
1.095
1.111
0.859
0.383
-0.07
-0.31
-0.403
-0.526
-0.633
-0.594
-0.354
-0.011
0.16
-0.038
-0.483
-0.791
-0.859
-0.871
-0.971
-1.129
-1.318
-1.54
-1.83
-2.111
-2.265
-2.231
-2.032
-1.715
-1.383
-1.093
-0.683
-0.074
0.515
0.771
0.735
0.794
1.077
1.394
1.626
1.862
2.227
2.647
2.953
3.18
3.434
3.704
3.924
3.976
3.811
3.475
3.169
3.055
3.039
2.826
2.447
2.277
2.574
3.046
3.232
3.128
3.18
3.547
3.926
4.18
4.582
5.233
5.824
6.097
6.185
6.287
6.358
6.358
6.378
6.403
6.267
6.099
6.204
6.512
6.637
6.448
6.249
6.308
6.499
6.619
6.773
7.15
7.63
8.009
8.327
8.68
9.048
9.447
9.821
9.973
9.89
9.737
9.724
9.994
10.443
10.769
10.874
10.946
11.091
11.128
10.87
10.404
10.012
9.717
9.388
9.094
9.034
9.248
9.517
9.597
9.4
9.059
8.825
8.773
8.633
8.125
7.304
6.578
6.176
5.979
5.745
5.373
4.915
4.468
4.115
3.856
3.558
3.114
2.606
2.184
1.984
2.08
2.484
3.014
3.309
3.27
3.137
3.123
3.266
3.393
3.327
3.06
2.717
2.432
2.288
2.198
2.044
1.728
1.272
0.773
0.247
-0.292
-0.743
-1.088
-1.442
-1.844
-2.161
-2.205
-1.948
-1.61
-1.454
-1.565
-1.717
-1.662
-1.435
-1.236
-1.088
-0.878
-0.517
-0.09
0.265
0.483
0.515
0.29
-0.07
-0.374
-0.592
-0.841
-1.129
-1.386
-1.601
-1.953
-2.436
-2.803
-2.946
-2.982
-2.985
-2.862
-2.601
-2.313
-2.132
-2.096
-2.205
-2.322
-2.23
-1.923
-1.655
-1.61
-1.696
-1.744
-1.733
-1.762
-1.998
-2.402
-2.713
-2.724
-2.436
-2.034
-1.667
-1.233
-0.596
0.022
0.238
0.061
-0.104
0.054
0.419
0.691
0.673
0.415
0.125
-0.111
-0.449
-1.007
-1.567
-1.844
-1.798
-1.742
-1.937
-2.293
-2.536
-2.481
-2.152
-1.726
-1.342
-1.036
-0.851
-0.862
-1.009
-1.14
-1.02
-0.621
-0.224
-0.136
-0.269
-0.351
-0.31
-0.181
0.04
0.451
0.927
1.057
0.662
-0.072
-0.939
-1.88
-2.83
-3.672
-4.323
-4.836
-5.3
-5.745
-6.163
-6.53
-6.735
-6.716
-6.632
-6.634
-6.623
-6.503
-6.21
-5.816
-5.528
-5.496
-5.691
-5.988
-6.287
-6.605
-7
-7.283
-7.22
-6.911
-6.682
-6.736
-6.904
-6.893
-6.653
-6.279
-5.784
-5.247
-4.795
-4.377
-4.014
-3.98
-4.355
-4.665
-4.382
-3.584
-2.803
-2.456
-2.481
-2.402
-1.901
-1.147
-0.526
-0.181
0.013
0.142
0.079
-0.213
-0.517
-0.578
-0.31
0.156
0.596
0.694
0.326
-0.254
-0.694
-0.93
-1.147
-1.411
-1.479
-1.233
-1.025
-1.195
-1.531
-1.565
-1.308
-1.181
-1.37
-1.76
-2.286
-2.962
-3.622
-4.006
-4.16
-4.387
-4.822
-5.31
-5.768
-6.256
-6.655
-6.68
-6.319
-5.977
-5.92
-5.89
-5.707
-5.67
-5.864
-5.881
-5.518
-5.169
-5.242
-5.68
-6.222
-6.762
-7.24
-7.578
-7.698
-7.61
-7.422
-7.352
-7.571
-8.055
-8.474
-8.397
-7.821
-7.192
-6.914
-6.934
-6.891
-6.643
-6.367
-6.201
-6.122
-6.061
-6.044
-6.167
-6.43
-6.666
-6.648
-6.283
-5.745
-5.334
-5.18
-5.128
-5.108
-5.151
-5.173
-5.042
-4.691
-4.216
-3.745
-3.445
-3.402
-3.477
-3.343
-2.885
-2.264
-1.653
-1.086
-0.616
-0.301
-0.104
-0.009
0.072
0.281
0.56
0.687
0.619
0.51
0.496
0.523
0.508
0.349
-0.002
-0.551
-1.215
-1.789
-1.966
-1.655
-1.066
-0.469
0.027
0.385
0.401
-0.036
-0.589
-0.777
-0.574
-0.274
-0.056
0.029
-0.02
-0.107
-0.054
0.224
0.621
0.961
1.184
1.451
1.805
2.121
2.377
2.781
3.355
3.808
3.903
3.758
3.62
3.572
3.611
3.815
4.223
4.691
4.947
4.922
4.722
4.525
4.525
4.797
5.317
5.984
6.7
7.381
7.957
8.381
8.605
8.633
8.571
8.53
8.522
8.53
8.717
9.173
9.737
10.152
10.273
10.126
9.869
9.572
9.225
8.889
8.726
8.771
8.823
8.744
8.533
8.141
7.474
6.587
5.693
4.99
4.62
4.609
4.664
4.48
4.196
4.23
4.579
4.717
4.425
4.18
4.28
4.214
3.464
2.365
1.479
0.8
0.118
-0.46
-0.621
-0.177
0.777
1.88
2.821
3.527
4.081
4.462
4.543
4.298
3.958
3.915
4.194
4.466
4.618
4.883
5.242
5.287
4.729
3.91
3.263
2.887
2.651
2.358
2.032
1.998
2.409
2.847
2.871
2.749
3.062
3.838
4.391
4.407
4.382
4.811
5.507
5.94
5.838
5.348
4.888
4.747
4.953
5.337
5.789
6.344
6.843
6.873
6.287
5.523
5.113
5.033
4.988
5.08
5.668
6.712
7.83
8.806
9.636
10.361
10.858
10.958
10.745
10.484
10.277
10.2
10.502
11.203
11.99
12.544
12.822
12.752
12.215
11.416
10.976
11.235
11.861
12.4
12.763
12.99
12.999
12.654
12.065
11.453
10.844
10.277
9.885
9.588
9.297
9.127
9.136
9.064
8.732
8.211
7.848
7.839
7.946
7.959
8.055
8.458
8.989
9.202
8.912
8.347
7.68
6.934
6.058
4.981
3.921
3.298
3.116
2.969
2.579
1.977
1.404
1.123
1.075
1.118
1.304
1.61
1.932
2.066
1.885
1.451
0.844
0.09
-0.615
-1.057
-1.202
-1.023
-0.612
-0.193
0.197
0.571
0.812
0.844
0.823
1.027
1.59
2.547
3.758
4.958
5.995
6.862
7.521
7.764
7.573
7.222
6.961
6.907
6.956
6.932
6.721
6.503
6.653
7.401
8.456
9.311
9.819
10.114
10.259
10.134
9.787
9.504
9.502
9.667
9.815
9.869
9.769
9.61
9.649
9.891
10.205
10.543
10.813
10.81
10.588
10.529
10.874
11.38
11.702
11.813
11.82
11.729
11.616
11.52
11.198
10.549
9.804
9.184
8.551
7.83
7.319
7.394
8.018
8.814
9.402
9.677
9.735
9.62
9.436
9.411
9.633
9.89
10.069
10.271
10.398
10.273
10.03
9.912
9.971
10.046
10.048
10.037
10.021
9.955
9.987
10.277
10.772
11.303
11.7
11.824
11.707
11.457
11.237
11.044
10.808
10.534
10.341
10.225
10.075
9.856
9.658
9.55
9.449
9.236
8.862
8.385
7.98
7.694
7.428
7.136
6.897
6.793
6.709
6.485
6.106
5.632
5.09
4.559
4.146
3.899
3.765
3.599
3.3
2.964
2.767
2.692
2.656
2.513
2.039
1.077
-0.204
-1.308
-1.889
-2.037
-1.923
-1.662
-1.427
-1.367
-1.404
-1.37
-1.232
-1.038
-0.846
-0.633
-0.388
-0.261
-0.331
-0.426
-0.354
-0.086
0.322
0.866
1.521
2.157
2.559
2.808
3.119
3.592
4.18
4.77
5.244
5.473
5.387
5.124
4.929
4.897
4.904
4.772
4.443
3.976
3.472
2.912
2.413
2.305
2.669
3.177
3.615
3.98
4.328
4.618
4.852
5.083
5.244
5.217
5.121
5.106
5.042
4.924
4.993
5.385
5.883
6.185
6.188
6.036
5.824
5.502
5.16
5.015
5.058
5.019
4.618
3.987
3.42
2.928
2.447
2.048
1.808
1.703
1.667
1.617
1.526
1.424
1.352
1.417
1.615
1.76
1.885
2.218
2.783
3.33
3.663
3.828
4.035
4.309
4.405
4.228
3.967
3.797
3.738
3.745
3.82
3.851
3.586
2.978
2.336
1.891
1.624
1.472
1.486
1.662
1.85
1.98
2.077
2.111
1.891
1.499
1.284
1.365
1.547
1.728
2.059
2.683
3.464
4.115
4.527
4.774
4.825
4.561
4.021
3.459
3.109
2.922
2.701
2.365
1.982
1.595
1.173
0.705
0.272
-0.093
-0.433
-0.75
-1.023
-1.225
-1.279
-0.998
-0.276
0.717
1.64
2.218
2.565
2.975
3.382
3.491
3.252
2.948
2.767
2.665
2.549
2.432
2.415
2.594
3.067
3.677
4.117
4.268
4.192
3.901
3.436
2.878
2.433
2.32
2.467
2.463
2.137
1.676
1.281
0.916
0.515
0.177
0.009
0.04
0.276
0.694
1.157
1.64
2.132
2.511
2.672
2.597
2.375
2.157
2
1.805
1.487
1.12
0.851
0.63
0.186
-0.51
-1.113
-1.434
-1.52
-1.449
-1.288
-1.027
-0.65
-0.179
0.208
0.365
0.39
0.546
0.757
0.712
0.317
-0.102
-0.197
0.038
0.354
0.564
0.725
0.914
1.14
1.413
1.717
2.068
2.511
2.896
3.03
2.869
2.547
2.286
2.227
2.286
2.395
2.594
2.896
3.259
3.482
3.366
2.901
2.358
2.01
1.826
1.662
1.551
1.658
2.055
2.579
3.055
3.407
3.613
3.697
3.654
3.445
3.141
2.896
2.883
3.141
3.525
3.808
3.901
3.899
3.892
3.874
3.688
3.375
3.03
2.692
2.313
1.898
1.408
0.844
0.34
0.029
-0.009
0.165
0.392
0.603
0.862
1.277
1.73
1.885
1.608
1.222
1.086
1.209
1.333
1.521
2.282
3.846
5.734
7.238
8.175
8.962
10.071
11.271
11.883
11.854
11.863
12.324
12.811
12.711
11.956
10.994
10.259
9.712
9.037
8.115
7.251
6.914
7.136
7.381
7.215
6.857
6.787
7.054
7.278
7.229
7.129
7.256
7.519
7.723
7.827
7.791
7.479
6.863
6.085
5.299
4.525
3.86
3.454
3.177
2.772
2.238
1.683
1.043
0.174
-0.971
-2.25
-3.382
-4.178
-4.62
-4.777
-4.818
-4.833
-4.822
-4.756
-4.572
-4.264
-3.928
-3.602
-3.338
-3.21
-3.162
-3.107
-3.028
-3.05
-3.296
-3.588
-3.558
-3.021
-2.143
-1.247
-0.558
-0.047
0.471
0.993
1.261
1.116
0.721
0.442
0.533
0.907
1.329
1.73
2.184
2.71
3.064
3.076
2.969
3.064
3.43
3.808
3.869
3.627
3.502
3.781
4.094
3.955
3.348
2.64
2.145
1.907
1.674
1.24
0.73
0.46
0.46
0.347
-0.163
-0.852
-1.274
-1.458
-1.742
-2.223
-2.622
-2.703
-2.769
-3.45
-4.677
-5.666
-5.974
-5.988
-6.287
-6.845
-7.179
-6.995
-6.573
-6.367
-6.621
-7.247
-7.964
-8.567
-9.075
-9.502
-9.785
-9.701
-9.313
-8.991
-8.882
-8.769
-8.399
-7.861
-7.517
-7.483
-7.469
-7.21
-6.85
-6.68
-6.78
-7.065
-7.383
-7.578
-7.532
-7.233
-6.78
-6.249
-5.693
-5.237
-4.997
-4.919
-4.836
-4.729
-4.722
-4.879
-5.019
-4.833
-4.25
-3.588
-3.191
-3.109
-3.105
-2.955
-2.735
-2.699
-2.887
-3.049
-2.964
-2.663
-2.377
-2.329
-2.533
-2.892
-3.311
-3.858
-4.52
-5.028
-5.185
-5.18
-5.369
-5.934
-6.725
-7.412
-7.819
-8.05
-8.329
-8.796
-9.304
-9.529
-9.409
-9.186
-9.064
-9.046
-8.993
-8.91
-8.941
-9.077
-9.112
-8.971
-8.751
-8.601
-8.563
-8.622
-8.69
-8.83
-9.061
-9.327
-9.488
-9.424
-9.202
-9.05
-9.125
-9.311
-9.409
-9.336
-9.227
-9.141
-8.967
-8.694
-8.53
-8.558
-8.628
-8.512
-8.252
-8.17
-8.417
-8.746
-8.823
-8.612
-8.227
-7.821
-7.521
-7.397
-7.385
-7.433
-7.606
-7.946
-8.245
-8.254
-8.007
-7.744
-7.648
-7.666
-7.626
-7.551
-7.601
-7.8
-7.946
-7.83
-7.474
-7.15
-6.997
-6.884
-6.596
-6.205
-5.981
-6.077
-6.387
-6.627
-6.632
-6.437
-6.231
-6.092
-5.977
-5.809
-5.639
-5.595
-5.677
-5.727
-5.677
-5.709
-5.909
-6.095
-6.095
-6.049
-6.149
-6.285
-6.226
-5.97
-5.756
-5.623
-5.423
-5.24
-5.248
-5.391
-5.464
-5.466
-5.557
-5.786
-6.025
-6.279
-6.684
-7.238
-7.751
-8.149
-8.565
-9.08
-9.493
-9.51
-9.218
-8.898
-8.56
-7.98
-7.163
-6.462
-6.097
-5.981
-5.927
-5.864
-5.852
-5.89
-5.929
-5.872
-5.662
-5.375
-5.221
-5.299
-5.473
-5.498
-5.364
-5.334
-5.471
-5.553
-5.442
-5.314
-5.385
-5.607
-5.811
-5.974
-6.108
-6.124
-5.934
-5.593
-5.106
-4.403
-3.652
-3.125
-2.842
-2.563
-2.322
-2.293
-2.332
-2.132
-1.751
-1.588
-1.767
-2.044
-2.241
-2.474
-2.946
-3.597
-4.268
-4.833
-5.394
-6.131
-7.013
-7.846
-8.395
-8.744
-9.3
-10.28
-11.357
-12.049
-12.305
-12.43
-12.589
-12.693
-12.541
-12.192
-12.022
-12.294
-12.63
-12.4
-11.568
-10.772
-10.447
-10.38
-10.212
-10.1
-10.352
-10.969
-11.72
-12.344
-12.709
-12.911
-13.122
-13.36
-13.519
-13.45
-13.285
-13.299
-13.491
-13.426
-12.833
-12.04
-11.407
-10.802
-9.903
-8.869
-8.068
-7.528
-7.104
-6.664
-6.106
-5.382
-4.604
-3.954
-3.538
-3.266
-3.005
-2.826
-2.781
-2.656
-2.277
-1.78
-1.449
-1.259
-0.973
-0.494
-0.032
0.177
0.322
0.678
1.145
1.461
1.562
1.655
1.93
2.318
2.667
2.878
2.837
2.599
2.325
2.068
1.828
1.583
1.304
1.027
0.71
0.09
-1.031
-2.399
-3.57
-4.346
-4.911
-5.38
-5.598
-5.489
-5.346
-5.394
-5.655
-5.972
-6.051
-5.77
-5.364
-5.106
-4.901
-4.428
-3.661
-3.057
-2.975
-3.275
-3.599
-3.872
-4.192
-4.652
-5.083
-5.339
-5.484
-5.686
-6.008
-6.308
-6.403
-6.26
-5.909
-5.5
-5.167
-4.863
-4.418
-3.797
-3.291
-2.996
-2.645
-1.939
-0.932
0.072
0.914
1.631
2.202
2.518
2.651
2.783
2.969
3.016
2.819
2.515
2.279
2.091
1.835
1.497
1.202
1.027
0.852
0.585
0.333
0.245
0.217
0.084
-0.095
-0.154
-0.174
-0.465
-1.016
-1.49
-1.758
-2.023
-2.368
-2.62
-2.642
-2.502
-2.454
-2.665
-3.114
-3.622
-4.074
-4.548
-5.192
-5.974
-6.684
-7.206
-7.666
-8.218
-8.893
-9.495
-9.919
-10.386
-11.044
-11.552
-11.627
-11.591
-11.874
-12.317
-12.448
-12.197
-11.938
-11.997
-12.076
-11.561
-10.456
-9.565
-9.375
-9.336
-8.755
-7.877
-7.374
-7.106
-6.453
-5.466
-4.791
-4.654
-4.738
-4.774
-4.738
-4.731
-4.77
-4.809
-4.881
-4.994
-5.001
-4.994
-5.267
-5.75
-6.008
-5.859
-5.57
-5.219
-4.53
-3.395
-2.334
-1.832
-1.694
-1.472
-1.202
-1.311
-1.73
-1.816
-1.331
-0.75
-0.574
-0.848
-1.411
-2.148
-3.08
-4.148
-5.158
-5.931
-6.433
-6.673
-6.782
-7.002
-7.277
-7.358
-7.29
-7.417
-7.846
-8.216
-8.193
-7.943
-7.898
-8.084
-8.136
-7.957
-7.907
-8.229
-8.692
-8.844
-8.649
-8.501
-8.649
-8.946
-9.134
-9.277
-9.602
-10.146
-10.715
-10.926
-10.629
-10.139
-9.856
-9.846
-9.919
-9.948
-10.073
-10.466
-10.953
-11.067
-10.565
-9.697
-8.81
-7.916
-6.836
-5.67
-4.838
-4.566
-4.62
-4.545
-4.065
-3.338
-2.663
-2.028
-1.34
-0.81
-0.698
-0.989
-1.411
-1.701
-1.826
-1.855
-1.801
-1.535
-0.979
-0.39
-0.181
-0.347
-0.489
-0.292
0.199
0.742
1.225
1.816
2.699
3.667
4.336
4.557
4.502
4.348
4.128
3.817
3.491
3.255
3.102
2.892
2.44
1.624
0.483
-0.748
-1.778
-2.402
-2.597
-2.599
-2.563
-2.474
-2.397
-2.597
-3.189
-4.012
-4.774
-5.36
-5.824
-6.129
-6.265
-6.365
-6.514
-6.627
-6.755
-7.124
-7.86
-8.726
-9.393
-9.776
-10.017
-10.232
-10.35
-10.418
-10.663
-11.126
-11.602
-11.988
-12.271
-12.335
-12.036
-11.516
-11.046
-10.64
-10.171
-9.69
-9.291
-8.937
-8.54
-8.055
-7.497
-6.954
-6.435
-5.809
-5.024
-4.235
-3.525
-2.858
-2.25
-1.74
-1.25
-0.66
0.16
1.186
2.193
2.862
3.123
3.139
3.049
2.883
2.758
2.876
3.196
3.488
3.666
3.79
3.985
4.328
4.772
5.128
5.353
5.639
6.047
6.389
6.505
6.424
6.383
6.507
6.569
6.303
5.818
5.378
5.008
4.463
3.661
2.844
2.213
1.692
1.181
0.574
-0.195
-1.045
-1.78
-2.332
-2.738
-3.05
-3.293
-3.43
-3.434
-3.277
-2.919
-2.395
-1.894
-1.619
-1.554
-1.406
-1.064
-0.8
-0.777
-0.8
-0.66
-0.351
-0.1
0
0.183
0.698
1.435
2.13
2.769
3.425
4.092
4.738
5.403
6.115
6.791
7.311
7.76
8.224
8.615
8.851
9.02
9.214
9.397
9.483
9.422
9.25
9.007
8.692
8.415
8.324
8.381
8.488
8.553
8.472
8.156
7.633
6.945
6.246
5.663
5.235
4.972
4.913
4.953
4.904
4.711
4.441
4.096
3.618
2.992
2.282
1.635
1.218
1.057
1.038
0.978
0.687
0.131
-0.615
-1.454
-2.198
-2.653
-2.837
-2.826
-2.531
-1.896
-1.07
-0.247
0.465
1.045
1.565
2.021
2.336
2.456
2.466
2.386
2.248
2.051
1.819
1.644
1.592
1.578
1.404
0.998
0.503
0.12
-0.174
-0.594
-1.147
-1.619
-1.88
-2.073
-2.316
-2.422
-2.22
-1.864
-1.64
-1.66
-1.775
-1.696
-1.27
-0.578
0.213
0.943
1.585
2.284
3.037
3.584
3.869
4.133
4.525
4.899
5.115
5.278
5.591
5.938
5.977
5.632
5.162
4.901
4.904
4.872
4.616
4.445
4.686
5.024
4.97
4.577
4.389
4.6
4.947
5.131
5.176
5.321
5.675
6.07
6.326
6.376
6.176
5.886
5.795
5.827
5.641
5.24
4.918
4.75
4.475
3.99
3.527
3.296
3.053
2.663
2.318
2.22
2.404
2.676
2.742
2.372
1.769
1.322
1.236
1.461
1.785
2.111
2.488
2.987
3.457
3.679
3.681
3.74
3.994
4.357
4.806
5.409
6.21
7.075
7.741
8.002
7.977
7.855
7.753
7.655
7.539
7.51
7.8
8.506
9.402
10.071
10.302
10.28
10.173
9.944
9.576
9.302
9.379
9.708
9.797
9.51
9.193
9.061
8.88
8.485
8.057
7.73
7.546
7.576
7.733
7.855
7.832
7.741
7.71
7.757
7.71
7.41
6.956
6.582
6.36
6.188
5.995
5.711
5.242
4.577
3.954
3.565
3.359
3.193
3.078
3.096
3.196
3.137
2.867
2.506
2.059
1.492
0.848
0.313
0.066
0
-0.258
-0.796
-1.393
-1.91
-2.34
-2.706
-2.948
-2.905
-2.54
-2.068
-1.715
-1.506
-1.338
-1.266
-1.454
-1.921
-2.447
-2.708
-2.519
-2.037
-1.662
-1.615
-1.717
-1.819
-1.953
-2.205
-2.538
-2.72
-2.613
-2.354
-2.089
-1.862
-1.685
-1.517
-1.254
-0.952
-0.667
-0.331
0.127
0.671
1.166
1.578
1.994
2.447
2.76
2.706
2.357
1.998
1.787
1.592
1.288
0.993
0.798
0.564
0.12
-0.496
-1.14
-1.726
-2.179
-2.518
-2.826
-3.13
-3.273
-3.098
-2.783
-2.656
-2.579
-2.191
-1.651
-1.322
-1.027
-0.533
-0.159
-0.19
-0.335
-0.374
-0.494
-0.662
-0.594
-0.34
-0.066
0.379
1.07
1.688
2.052
2.205
2.138
1.73
1.068
0.351
-0.31
-0.821
-1.157
-1.44
-1.803
-2.148
-2.418
-2.697
-3.069
-3.443
-3.633
-3.407
-2.699
-1.808
-1.1
-0.616
-0.29
-0.245
-0.578
-1.105
-1.506
-1.685
-1.642
-1.447
-1.288
-1.399
-1.862
-2.645
-3.659
-4.695
-5.401
-5.557
-5.387
-5.271
-5.242
-5.124
-4.913
-4.738
-4.659
-4.638
-4.566
-4.282
-3.74
-3.023
-2.234
-1.442
-0.76
-0.358
-0.362
-0.683
-1.059
-1.245
-1.127
-0.776
-0.39
-0.093
-0.015
-0.324
-0.971
-1.726
-2.279
-2.495
-2.443
-2.225
-1.782
-1.186
-0.707
-0.563
-0.807
-1.424
-2.286
-3.101
-3.661
-3.967
-4.085
-3.924
-3.364
-2.656
-2.238
-2.332
-2.783
-3.423
-4.174
-4.836
-5.08
-4.74
-4.192
-3.987
-4.332
-5.065
-5.979
-6.777
-7.256
-7.397
-7.278
-6.989
-6.601
-6.251
-6.167
-6.353
-6.528
-6.446
-6.208
-5.984
-5.779
-5.543
-5.201
-4.688
-4.089
-3.666
-3.513
-3.441
-3.468
-3.869
-4.568
-5.038
-4.911
-4.362
-3.869
-3.758
-4.157
-4.979
-5.859
-6.369
-6.335
-5.924
-5.408
-4.929
-4.534
-4.33
-4.373
-4.584
-4.688
-4.537
-4.268
-4.062
-3.931
-3.84
-3.845
-3.944
-4.026
-4.053
-4.221
-4.702
-5.307
-5.652
-5.643
-5.419
-5.028
-4.48
-3.933
-3.645
-3.82
-4.452
-5.235
-5.77
-5.843
-5.528
-5.06
-4.75
-4.795
-5.085
-5.287
-5.137
-4.634
-3.928
-3.2
-2.574
-2.152
-1.98
-2.066
-2.277
-2.522
-2.76
-2.994
-3.232
-3.45
-3.498
-3.214
-2.649
-2.028
-1.562
-1.259
-0.973
-0.701
-0.56
-0.485
-0.204
0.476
1.479
2.392
2.899
3.05
3.021
2.935
2.887
2.96
3.207
3.688
4.271
4.597
4.568
4.645
5.151
5.7
5.859
5.802
5.972
6.451
6.934
7.229
7.48
7.839
8.12
8.009
7.446
6.621
5.864
5.521
5.696
6.163
6.591
6.809
6.821
6.512
5.813
5.067
4.829
5.203
5.756
6.122
6.331
6.598
6.836
6.798
6.446
6.115
5.988
5.824
5.385
4.811
4.543
4.664
4.911
4.97
4.641
4.048
3.509
3.196
3.005
2.765
2.613
2.795
3.148
3.135
2.508
1.637
0.957
0.522
0.165
-0.1
-0.107
0.174
0.481
0.592
0.564
0.569
0.678
0.755
0.717
0.667
0.739
1.027
1.551
2.116
2.42
2.49
2.522
2.549
2.477
2.384
2.538
3.001
3.475
3.652
3.595
3.536
3.518
3.441
3.311
3.171
3.064
3.089
3.218
3.293
3.303
3.445
3.942
4.797
5.668
6.224
6.5
6.75
7.161
7.744
8.474
9.25
9.846
10.087
10.051
9.819
9.402
8.93
8.644
8.622
8.731
8.739
8.694
8.88
9.386
9.966
10.414
10.702
10.84
10.783
10.525
10.225
10.071
10.044
10.025
10.014
10.018
9.89
9.493
9.03
8.806
8.778
8.698
8.544
8.537
8.635
8.483
7.894
7.174
6.725
6.494
6.222
5.94
5.836
5.872
5.886
5.87
5.943
6.058
6.077
5.893
5.446
4.743
3.947
3.23
2.62
2.186
1.923
1.735
1.497
1.215
0.816
0.306
-0.165
-0.374
-0.217
0.113
0.422
0.698
1.086
1.528
1.878
2.22
2.62
2.946
2.998
2.667
2.093
1.574
1.315
1.336
1.603
1.998
2.284
2.402
2.529
2.74
2.953
3.125
3.296
3.509
3.758
3.962
4.18
4.523
4.988
5.569
6.269
6.997
7.64
8.254
9.023
9.932
10.709
11.259
11.756
12.181
12.31
12.096
11.734
11.393
11.132
10.985
10.999
10.992
10.758
10.436
10.298
10.266
10.132
9.867
9.527
9.109
8.563
7.928
7.483
7.435
7.678
7.936
8.1
8.011
7.633
7.181
6.893
6.782
6.904
7.34
7.857
8.068
7.921
7.827
8.089
8.635
9.281
9.862
10.287
10.601
10.91
11.069
10.824
10.302
9.878
9.708
9.556
9.286
9.1
9.184
9.456
9.647
9.608
9.422
9.302
9.266
9.123
8.737
8.311
8.209
8.565
9.15
9.667
10.01
10.219
10.268
10.103
9.846
9.799
10.092
10.513
10.822
11.021
11.253
11.557
11.788
11.813
11.656
11.432
11.162
10.783
10.336
9.983
9.831
9.812
9.824
9.733
9.372
8.714
7.918
7.306
7.07
7.097
7.184
7.188
6.984
6.46
5.655
4.791
4.103
3.793
3.772
3.826
3.804
3.745
3.688
3.599
3.43
3.121
2.513
1.394
-0.304
-2.42
-4.466
-5.766
-6.217
-6.73
-7.895
-8.612
-7.41
-4.938
-3.162
-2.762
-2.656
-2.034
-1.204
-0.889
-1.588
-2.74
-2.706
-1.238
-0.388
-1.308
-2.064
-0.649
1.83
2.713
1.329
-0.442
-0.667
0.522
1.401
1.173
0.812
1.307
2.227
2.665
2.438
2.073
2.178
2.713
2.774
2.01
1.64
2.853
4.829
5.738
5.015
3.876
3.722
4.543
5.237
5.26
5.394
6.514
8.041
8.388
7.163
5.686
4.972
4.407
3.125
1.832
2.089
4.014
5.813
5.841
4.403
3.005
2.563
2.747
2.649
1.842
0.991
1.14
2.454
3.752
3.933
3.318
2.937
2.848
2.238
1.106
0.769
2.238
4.747
6.619
7.145
6.889
6.487
6.004
5.212
4.076
3.014
2.817
3.887
5.555
6.564
6.437
5.738
4.847
3.563
1.916
0.621
0.335
0.916
1.819
2.808
3.808
4.557
4.716
4.171
2.955
1.304
-0.068
-0.208
1.043
2.808
4.16
4.813
4.799
4.123
2.855
1.435
0.403
-0.02
0.129
0.851
2.016
3.073
3.402
2.917
1.989
0.769
-0.694
-1.889
-2.077
-1.127
0.304
1.487
2.059
1.896
1.048
-0.174
-1.394
-2.454
-3.309
-3.666
-3.162
-1.921
-0.621
-0.025
-0.272
-0.848
-1.25
-1.363
-1.266
-0.964
-0.483
0.127
0.694
1.145
1.435
1.406
0.973
0.326
-0.156
-0.142
0.506
1.64
2.754
3.445
3.881
4.087
3.699
2.74
1.832
1.397
1.202
0.986
0.966
1.261
1.633
1.878
1.883
1.54
0.966
0.746
1.359
2.579
3.806
4.811
5.741
6.567
7.011
7.009
6.755
6.344
5.759
5.251
5.14
5.471
6.011
6.442
6.612
6.367
5.6
4.468
3.284
2.402
1.984
1.891
1.937
2.184
2.783
3.42
3.518
2.881
1.923
1.193
0.903
0.846
0.886
1.123
1.651
2.429
3.255
3.788
3.928
3.951
4.133
4.246
3.917
3.307
3.098
3.464
3.74
3.397
2.735
2.445
2.728
3.228
3.465
3.284
2.848
2.37
1.973
1.624
1.199
0.742
0.462
0.424
0.515
0.73
1.218
1.862
2.103
1.556
0.701
0.322
0.492
0.696
0.642
0.492
0.451
0.587
0.869
1.086
1.016
0.689
0.358
0.163
0.043
0.056
0.379
0.939
1.279
1.02
0.306
-0.301
-0.508
-0.563
-0.852
-1.302
-1.379
-0.852
-0.16
0.134
-0.038
-0.165
0.152
0.753
1.184
1.431
1.878
2.713
3.663
4.393
4.942
5.587
6.519
7.431
7.857
7.666
7.26
7.174
7.383
7.324
6.78
6.197
6.031
6.133
6.14
6.015
6.006
6.228
6.533
6.78
7
7.392
8.014
8.571
8.755
8.662
8.615
8.708
8.792
8.705
8.377
8.007
7.902
8.089
8.247
8.193
8.093
8.241
8.708
9.297
9.808
10.212
10.409
10.266
9.79
9.107
8.295
7.345
6.387
5.636
5.173
4.883
4.761
4.791
4.811
4.586
4.074
3.436
2.855
2.402
2.044
1.792
1.66
1.59
1.422
1.12
0.746
0.288
-0.292
-0.937
-1.472
-1.688
-1.506
-1.005
-0.385
0.043
0.081
-0.142
-0.403
-0.673
-1.145
-1.798
-2.302
-2.42
-2.3
-2.171
-2.096
-2.125
-2.325
-2.519
-2.456
-2.227
-2.064
-1.815
-1.181
-0.342
0.22
0.39
0.492
0.691
0.687
0.213
-0.444
-0.737
-0.496
-0.061
0.213
0.306
0.286
0.17
-0.084
-0.535
-1.279
-2.211
-2.992
-3.393
-3.525
-3.581
-3.636
-3.674
-3.813
-4.103
-4.486
-4.89
-5.251
-5.587
-5.931
-6.21
-6.29
-6.197
-6.088
-6.049
-5.981
-5.782
-5.53
-5.328
-5.248
-5.444
-5.645
-5.072
-3.425
-1.694
-1.307
-2.513
-4.026
-4.504
-4.157
-4.414
-5.951
-7.898
-9.077
-9.3
-8.946
-8.247
-7.405
-6.489
-5.258
-3.699
-2.277
-1.342
-0.841
-0.46
-0.115
0
-0.12
-0.315
-0.503
-0.589
-0.347
0.261
1.041
1.688
2.089
2.3
2.223
1.562
0.16
-1.746
-3.638
-5.087
-6.061
-6.788
-7.492
-8.293
-9.094
-9.576
-9.343
-8.263
-6.646
-5.069
-3.917
-3.316
-3.001
-2.388
-1.127
0.256
0.51
-1.082
-3.772
-6.006
-6.959
-7.133
-7.528
-8.54
-9.654
-10.157
-9.86
-8.948
-7.787
-6.882
-6.507
-6.464
-6.485
-6.657
-7.172
-7.925
-8.769
-9.89
-11.409
-12.705
-12.84
-11.745
-10.339
-9.567
-9.585
-9.715
-9.152
-7.848
-6.564
-6.235
-6.961
-7.898
-8.247
-8.032
-7.855
-8.118
-8.785
-9.633
-10.486
-11.126
-11.31
-10.94
-10.207
-9.476
-9.084
-9.048
-8.885
-8.107
-6.993
-6.471
-7.109
-8.252
-8.669
-7.914
-6.555
-5.389
-4.684
-4.18
-3.513
-2.62
-1.737
-1.252
-1.333
-1.837
-2.477
-3.057
-3.629
-4.514
-5.843
-7.44
-9.164
-10.815
-11.951
-12.14
-11.366
-10.062
-8.592
-6.993
-5.464
-4.589
-4.511
-4.641
-4.5
-4.343
-4.611
-5.199
-5.405
-4.865
-4.228
-4.321
-5.038
-5.645
-5.766
-5.595
-5.382
-5.255
-5.212
-5.083
-4.802
-4.664
-5.126
-6.208
-7.347
-8.025
-8.29
-8.542
-8.814
-8.744
-8.299
-8.095
-8.558
-9.154
-9.195
-8.871
-8.794
-8.957
-8.714
-7.787
-6.668
-5.872
-5.373
-4.999
-4.802
-4.765
-4.809
-5.051
-5.541
-5.734
-5.074
-3.915
-3.162
-3.139
-3.377
-3.436
-3.393
-3.561
-3.99
-4.393
-4.466
-3.903
-2.653
-1.326
-0.769
-1.038
-1.356
-1.106
-0.455
0.072
0.263
0.379
0.794
1.588
2.488
2.946
2.518
1.397
0.181
-0.851
-1.71
-2.311
-2.484
-2.339
-2.248
-2.5
-3.096
-3.876
-4.709
-5.408
-5.902
-6.38
-6.925
-7.26
-7.326
-7.517
-8.148
-9.077
-10.13
-11.439
-12.888
-13.866
-14.142
-14.208
-14.637
-15.427
-16.193
-16.703
-17.073
-17.461
-17.91
-18.287
-18.421
-18.23
-17.747
-17.153
-16.769
-16.697
-16.611
-16.295
-15.93
-15.61
-15.179
-14.522
-13.68
-12.666
-11.516
-10.441
-9.688
-9.279
-9.043
-8.724
-8.163
-7.444
-6.714
-5.979
-5.18
-4.416
-3.786
-3.3
-2.848
-2.272
-1.556
-0.794
-0.201
0.104
0.118
-0.05
-0.156
0.052
0.46
0.721
0.78
0.914
1.281
1.705
1.955
2.034
2.13
2.313
2.667
3.236
3.885
4.55
5.262
5.879
6.122
5.947
5.582
5.194
4.797
4.282
3.745
3.379
3.012
2.223
0.959
-0.306
-1.163
-1.626
-1.939
-2.23
-2.443
-2.552
-2.631
-2.767
-3.019
-3.318
-3.586
-3.688
-3.55
-3.286
-3.164
-3.257
-3.39
-3.436
-3.457
-3.581
-3.804
-3.98
-4.087
-4.115
-4.139
-4.33
-4.747
-5.16
-5.396
-5.536
-5.716
-5.945
-6.097
-5.991
-5.693
-5.546
-5.682
-5.827
-5.723
-5.514
-5.38
-5.165
-4.645
-4.014
-3.711
-3.722
-3.477
-2.683
-1.701
-0.982
-0.549
-0.281
-0.084
0.027
0.004
-0.22
-0.569
-0.814
-0.925
-1.166
-1.665
-2.098
-2.137
-2.003
-2.363
-3.397
-4.429
-4.804
-4.716
-4.758
-5.079
-5.319
-5.18
-4.758
-4.357
-4.085
-3.856
-3.643
-3.62
-3.938
-4.504
-5.042
-5.426
-5.82
-6.369
-6.99
-7.392
-7.422
-7.347
-7.599
-8.256
-8.978
-9.424
-9.563
-9.592
-9.665
-9.799
-9.91
-9.955
-10.012
-10.01
-9.73
-9.229
-8.889
-8.753
-8.54
-8.184
-7.834
-7.606
-7.508
-7.483
-7.356
-7.024
-6.528
-5.965
-5.466
-5.128
-4.933
-4.779
-4.675
-4.679
-4.734
-4.763
-4.84
-4.97
-5.019
-4.888
-4.756
-4.84
-5.183
-5.641
-6.09
-6.471
-6.728
-6.884
-7.041
-7.238
-7.349
-7.256
-6.97
-6.608
-6.306
-6.133
-5.972
-5.704
-5.264
-4.604
-3.79
-2.998
-2.449
-2.306
-2.633
-3.273
-3.897
-4.369
-4.988
-5.886
-6.839
-7.607
-8.188
-8.672
-9.186
-9.839
-10.508
-10.94
-10.997
-10.86
-10.631
-10.289
-9.905
-9.631
-9.569
-9.672
-9.819
-9.919
-9.928
-9.828
-9.538
-9.016
-8.46
-8.095
-7.932
-7.85
-7.877
-8.045
-8.163
-8
-7.64
-7.34
-7.288
-7.383
-7.462
-7.501
-7.573
-7.682
-7.787
-7.923
-8.057
-8.016
-7.682
-7.163
-6.687
-6.346
-6.074
-5.73
-5.276
-4.899
-4.679
-4.41
-3.921
-3.389
-2.996
-2.687
-2.35
-1.932
-1.367
-0.671
-0.079
0.234
0.406
0.639
0.8
0.537
-0.156
-0.869
-1.308
-1.515
-1.665
-1.832
-1.846
-1.479
-0.862
-0.344
-0.022
0.369
1.034
1.785
2.5
3.359
4.486
5.682
6.63
7.095
7.05
6.743
6.428
6.07
5.58
5.065
4.743
4.609
4.421
3.899
2.937
1.595
0.045
-1.631
-3.452
-5.334
-7.076
-8.533
-9.722
-10.847
-12.088
-13.306
-14.224
-14.816
-15.394
-16.025
-16.443
-16.388
-15.914
-15.322
-14.862
-14.451
-13.997
-13.652
-13.524
-13.389
-12.947
-12.28
-11.663
-11.217
-10.93
-10.863
-10.99
-11.135
-11.16
-11.042
-10.758
-10.354
-9.896
-9.411
-8.787
-7.93
-7.088
-6.675
-6.612
-6.396
-5.655
-4.445
-3.073
-1.792
-0.535
0.886
2.418
3.797
4.815
5.478
6.006
6.661
7.41
8.114
8.755
9.424
10.152
10.704
10.822
10.52
9.874
9.053
8.297
7.569
6.673
5.677
4.813
4.155
3.584
2.987
2.377
1.826
1.245
0.587
0.093
0.022
0.34
0.703
0.839
0.773
0.587
0.245
-0.254
-0.918
-1.71
-2.372
-2.617
-2.601
-2.706
-3.071
-3.423
-3.529
-3.525
-3.647
-3.86
-3.876
-3.613
-3.263
-2.941
-2.554
-1.98
-1.29
-0.655
-0.222
0.013
0.215
0.592
1.163
1.855
2.721
3.774
4.813
5.605
6.133
6.546
6.904
7.233
7.669
8.311
9.053
9.828
10.611
11.232
11.489
11.364
10.992
10.59
10.241
9.835
9.273
8.644
8.309
8.46
8.703
8.397
7.458
6.367
5.473
4.563
3.534
2.749
2.486
2.515
2.66
2.767
2.663
2.47
2.411
2.261
1.78
1.129
0.705
0.725
1.027
1.272
1.279
1.054
0.743
0.528
0.231
-0.313
-0.855
-1.091
-0.973
-0.673
-0.455
-0.467
-0.803
-1.569
-2.57
-3.33
-3.645
-3.545
-3.148
-2.606
-2.025
-1.583
-1.352
-1.32
-1.486
-1.88
-2.164
-1.948
-1.393
-0.834
-0.242
0.549
1.397
1.894
1.916
1.744
1.538
1.401
1.551
1.849
1.987
2.064
2.427
2.96
3.164
2.894
2.44
2.111
2.007
2.2
2.559
2.747
2.667
2.5
2.377
2.27
2.116
1.946
1.869
1.873
1.953
2.098
2.114
1.937
1.74
1.631
1.554
1.528
1.592
1.764
2.159
2.837
3.622
4.226
4.555
4.699
4.661
4.266
3.545
2.796
2.318
2.168
2.155
2.182
2.238
2.137
1.712
1.227
1.012
1.088
1.295
1.542
1.925
2.511
3.241
3.872
4.223
4.219
3.987
3.958
4.316
4.852
5.281
5.577
5.991
6.655
7.278
7.549
7.404
6.984
6.598
6.471
6.594
6.802
7.072
7.451
7.907
8.22
8.236
8.104
8.07
8.252
8.569
8.896
9.263
9.835
10.561
11.214
11.595
11.711
11.729
11.727
11.586
11.207
10.634
9.983
9.336
8.674
8.063
7.7
7.624
7.653
7.641
7.659
7.843
8.2
8.635
8.892
8.778
8.413
8.159
8.193
8.286
8.172
7.948
7.868
7.884
7.646
6.948
5.938
4.908
4.067
3.436
2.94
2.56
2.316
2.268
2.3
2.227
2.048
1.849
1.644
1.252
0.592
-0.097
-0.503
-0.549
-0.444
-0.51
-0.777
-0.957
-0.927
-0.982
-1.279
-1.617
-1.715
-1.558
-1.356
-1.324
-1.504
-1.86
-2.354
-2.967
-3.711
-4.545
-5.314
-5.852
-6.156
-6.36
-6.553
-6.603
-6.344
-5.934
-5.75
-5.827
-5.854
-5.57
-5.035
-4.369
-3.613
-2.833
-2.254
-1.982
-1.876
-1.862
-1.964
-2.127
-2.275
-2.316
-2.175
-1.883
-1.476
-0.984
-0.542
-0.322
-0.322
-0.369
-0.383
-0.372
-0.369
-0.195
0.234
0.615
0.676
0.499
0.279
0.115
-0.033
-0.167
-0.149
0.145
0.71
1.365
1.832
1.966
1.935
1.914
1.85
1.61
1.286
1.106
1.136
1.188
1.1
0.846
0.483
-0.045
-0.707
-1.413
-2.073
-2.611
-2.896
-2.971
-3.084
-3.409
-3.842
-4.273
-4.691
-5.087
-5.357
-5.351
-5.087
-4.693
-4.237
-3.856
-3.684
-3.758
-3.958
-4.108
-4.148
-4.076
-3.82
-3.311
-2.694
-2.189
-1.83
-1.565
-1.59
-2.13
-2.96
-3.64
-4.074
-4.462
-4.804
-4.843
-4.511
-4.062
-3.754
-3.613
-3.531
-3.377
-3.094
-2.642
-2.034
-1.352
-0.605
0.249
0.939
1.093
0.75
0.24
-0.188
-0.478
-0.676
-0.841
-0.968
-1.064
-1.179
-1.377
-1.717
-2.211
-2.71
-2.996
-2.964
-2.728
-2.526
-2.504
-2.581
-2.559
-2.343
-2.186
-2.452
-3.089
-3.636
-3.817
-3.835
-3.931
-4.092
-4.296
-4.6
-4.999
-5.575
-6.339
-6.989
-7.104
-6.675
-6.081
-5.648
-5.423
-5.312
-5.369
-5.768
-6.407
-6.984
-7.37
-7.659
-7.936
-8.159
-8.293
-8.343
-8.395
-8.488
-8.599
-8.631
-8.485
-8.148
-7.635
-6.907
-6.085
-5.475
-5.267
-5.419
-5.85
-6.505
-7.206
-7.68
-7.841
-7.853
-7.823
-7.687
-7.483
-7.385
-7.371
-7.202
-6.728
-6.104
-5.439
-4.636
-3.656
-2.792
-2.264
-1.887
-1.445
-0.973
-0.564
-0.281
-0.213
-0.376
-0.533
-0.44
-0.127
0.174
0.315
0.269
0.033
-0.392
-0.925
-1.281
-1.3
-1.111
-0.961
-1.02
-1.37
-2.003
-2.765
-3.404
-3.704
-3.609
-3.21
-2.656
-2.275
-2.318
-2.631
-2.853
-2.901
-2.994
-3.368
-4.047
-4.84
-5.587
-6.19
-6.673
-7.061
-7.326
-7.501
-7.812
-8.438
-9.17
-9.565
-9.4
-8.749
-8.011
-7.492
-7.177
-6.952
-6.775
-6.671
-6.643
-6.571
-6.215
-5.566
-4.96
-4.604
-4.421
-4.26
-4.008
-3.554
-2.819
-1.969
-1.372
-1.225
-1.266
-1.14
-0.678
0.095
1.031
1.83
2.223
2.411
2.742
3.314
3.92
4.457
5.033
5.693
6.199
6.378
6.376
6.44
6.58
6.741
6.956
7.204
7.374
7.521
7.803
8.152
8.343
8.368
8.478
8.638
8.594
8.293
7.894
7.573
7.479
7.58
7.705
7.689
7.483
7.133
6.822
6.702
6.766
6.945
7.07
7.034
6.893
6.648
6.272
5.865
5.541
5.285
5.056
4.881
4.704
4.362
3.858
3.465
3.43
3.772
4.216
4.364
4.126
3.733
3.438
3.348
3.502
3.913
4.307
4.294
3.958
3.76
3.672
3.502
3.645
4.182
4.405
4.087
3.894
4.094
4.348
4.534
4.915
5.673
6.601
7.177
7.076
6.673
6.539
6.639
6.664
6.816
7.199
7.311
6.97
6.648
6.512
6.095
5.169
4.312
4.033
3.962
3.64
3.447
4.026
5.126
5.707
5.385
4.829
4.602
4.384
3.845
3.327
3.173
3.216
3.334
3.536
3.599
3.153
2.225
1.449
1.365
1.699
1.901
2.003
2.415
2.971
2.91
2.175
1.696
1.948
2.268
2.186
2.231
2.883
3.846
4.675
5.442
6.274
6.915
7.272
7.843
8.825
9.799
10.52
11.166
11.924
12.618
12.87
12.675
12.298
11.895
11.425
10.937
10.754
11.228
12.067
12.616
12.874
13.43
14.208
14.569
14.395
14.242
14.435
14.782
15.075
15.411
15.842
16.213
16.3
15.977
15.342
14.515
13.637
12.983
12.65
12.487
12.489
12.654
12.7
12.369
11.633
10.658
9.522
8.247
6.863
5.491
4.226
3.191
2.524
2.077
1.61
1.261
1.02
0.54
-0.224
-0.898
-1.188
-1.168
-1.129
-1.199
-1.195
-0.911
-0.451
-0.174
-0.231
-0.331
-0.268
-0.222
-0.436
-0.798
-1.054
