Unnamed: 3
Value
5.076
5.088
5.174
5.278
5.371
5.451
5.569
5.788
6.033
6.197
6.276
6.317
6.342
6.36
6.312
6.192
6
5.802
5.707
5.721
5.839
6.015
6.176
6.267
6.297
6.344
6.446
6.517
6.482
6.347
6.17
6.015
5.891
5.759
5.646
5.521
5.453
5.503
5.584
5.614
5.58
5.507
5.455
5.446
5.358
5.163
4.899
4.652
4.509
4.5
4.496
4.437
4.325
4.221
4.137
4.053
4.01
4.024
4.019
3.958
3.854
3.822
3.856
3.847
3.699
3.475
3.343
3.316
3.278
3.18
3.085
3.046
3.123
3.23
3.262
3.212
3.128
3.03
3.01
3.083
3.114
3.044
2.946
2.921
2.962
2.939
2.84
2.742
2.706
2.715
2.785
2.935
3.135
3.289
3.357
3.377
3.472
3.631
3.731
3.729
3.656
3.625
3.672
3.717
3.699
3.693
3.774
3.974
4.296
4.634
4.872
5.013
5.113
5.224
5.317
5.348
5.296
5.242
5.258
5.371
5.507
5.607
5.698
5.795
5.934
6.16
6.51
6.875
7.093
7.143
7.113
7.086
7.084
7.059
6.991
6.92
6.905
6.966
7.12
7.304
7.451
7.59
7.735
7.896
8.005
8.002
7.955
7.916
7.9
7.889
7.85
7.764
7.649
7.526
7.442
7.442
7.578
7.735
7.773
7.737
7.755
7.796
7.803
7.71
7.56
7.438
7.36
7.283
7.236
7.261
7.302
7.268
7.161
7.09
7.061
6.963
6.807
6.737
6.778
6.823
6.759
6.596
6.453
6.415
6.408
6.385
6.372
6.335
6.194
5.945
5.739
5.661
5.591
5.451
5.319
5.271
5.294
5.31
5.317
5.348
5.36
5.244
5.081
4.979
4.895
4.738
4.566
4.516
4.584
4.616
4.521
4.328
4.16
4.096
4.121
4.183
4.235
4.237
4.198
4.103
4.046
4.099
4.123
4.049
4.008
4.049
4.06
3.983
3.886
3.838
3.835
3.801
3.711
3.695
3.786
3.854
3.89
3.999
4.149
4.226
4.171
4.037
3.931
3.919
3.994
4.105
4.158
4.123
4.103
4.169
4.246
4.296
4.292
4.221
4.176
4.237
4.319
4.337
4.348
4.362
4.38
4.407
4.437
4.446
4.434
4.428
4.437
4.459
4.439
4.323
4.151
3.972
3.879
3.908
3.999
4.128
4.255
4.303
4.346
4.473
4.559
4.446
4.158
3.84
3.622
3.532
3.457
3.332
3.241
3.23
3.232
3.246
3.309
3.35
3.287
3.189
3.157
3.182
3.146
2.974
2.735
2.522
2.343
2.23
2.193
2.23
2.32
2.372
2.382
2.418
2.481
2.456
2.336
2.164
2.039
2.014
1.976
1.781
1.501
1.352
1.379
1.467
1.556
1.674
1.751
1.701
1.637
1.667
1.646
1.474
1.279
1.191
1.188
1.197
1.231
1.329
1.483
1.654
1.776
1.799
1.781
1.749
1.64
1.47
1.388
1.427
1.447
1.334
1.211
1.259
1.463
1.626
1.667
1.692
1.726
1.672
1.588
1.594
1.59
1.454
1.322
1.3
1.322
1.293
1.261
1.288
1.377
1.54
1.74
1.839
1.81
1.774
1.781
1.785
1.767
1.737
1.619
1.424
1.254
1.207
1.229
1.259
1.293
1.329
1.37
1.422
1.447
1.436
1.356
1.17
0.955
0.832
0.75
0.619
0.517
0.506
0.58
0.719
0.905
1.039
0.971
0.819
0.732
0.68
0.576
0.431
0.268
0.113
0.056
0.102
0.14
0.143
0.156
0.174
0.213
0.261
0.281
0.197
0.018
-0.131
-0.195
-0.215
-0.258
-0.352
-0.456
-0.51
-0.483
-0.381
-0.258
-0.206
-0.288
-0.392
-0.429
-0.447
-0.488
-0.508
-0.519
-0.562
-0.587
-0.576
-0.567
-0.628
-0.701
-0.674
-0.649
-0.762
-0.896
-0.98
-1.139
-1.343
-1.483
-1.538
-1.572
-1.601
-1.619
-1.538
-1.365
-1.195
-1.05
-0.914
-0.871
-0.928
-1.03
-1.211
-1.422
-1.615
-1.803
-2.034
-2.225
-2.259
-2.178
-2.166
-2.184
-1.973
-1.597
-1.318
-1.197
-1.166
-1.277
-1.51
-1.76
-2.016
-2.297
-2.642
-3.019
-3.228
-3.201
-3.066
-2.942
-2.797
-2.599
-2.402
-2.297
-2.323
-2.427
-2.608
-2.819
-3.008
-3.235
-3.504
-3.727
-3.892
-4.026
-4.099
-4.08
-3.987
-3.892
-3.883
-3.901
-3.845
-3.783
-3.813
-3.886
-4.01
-4.244
-4.475
-4.589
-4.638
-4.713
-4.84
-4.952
-4.979
-4.954
-4.915
-4.883
-4.922
-4.947
-4.858
-4.743
-4.67
-4.693
-4.815
-5.008
-5.203
-5.362
-5.473
-5.537
-5.639
-5.777
-5.795
-5.689
-5.6
-5.58
-5.587
-5.587
-5.56
-5.521
-5.478
-5.469
-5.496
-5.498
-5.462
-5.448
-5.442
-5.416
-5.421
-5.453
-5.416
-5.246
-5.006
-4.861
-4.831
-4.788
-4.697
-4.65
-4.602
-4.434
-4.241
-4.142
-4.058
-3.879
-3.647
-3.47
-3.345
-3.18
-2.994
-2.851
-2.713
-2.593
-2.472
-2.266
-1.978
-1.654
-1.309
-1.012
-0.814
-0.719
-0.603
-0.419
-0.222
-0.111
-0.111
-0.09
0.036
0.215
0.44
0.687
0.919
1.089
1.166
1.216
1.259
1.266
1.234
1.236
1.286
1.404
1.581
1.735
1.864
2.064
2.316
2.527
2.701
2.856
2.96
3.012
3.017
2.976
2.978
3.028
3.019
2.969
2.983
3.08
3.25
3.432
3.547
3.581
3.563
3.502
3.411
3.28
3.126
3.035
3.03
3.03
2.987
2.928
2.905
2.928
2.967
3.008
3.069
3.153
3.18
3.196
3.248
3.25
3.196
3.101
2.951
2.758
2.581
2.475
2.388
2.305
2.248
2.187
2.109
2.064
2.034
1.937
1.772
1.585
1.438
1.336
1.202
0.991
0.782
0.66
0.569
0.453
0.34
0.238
0.059
-0.156
-0.324
-0.426
-0.51
-0.633
-0.75
-0.848
-0.93
-0.993
-1.05
-1.08
-1.118
-1.204
-1.413
-1.742
-2.146
-2.536
-2.826
-3.008
-3.126
-3.21
-3.248
-3.253
-3.289
-3.316
-3.327
-3.4
-3.543
-3.695
-3.888
-4.176
-4.477
-4.638
-4.659
-4.684
-4.759
-4.806
-4.811
-4.861
-4.961
-5.056
-5.124
-5.194
-5.246
-5.237
-5.264
-5.348
-5.373
-5.324
-5.278
-5.289
-5.346
-5.464
-5.618
-5.736
-5.773
-5.732
-5.7
-5.646
-5.543
-5.416
-5.333
-5.307
-5.294
-5.267
-5.235
-5.221
-5.221
-5.199
-5.16
-5.163
-5.128
-5.063
-5.006
-4.945
-4.865
-4.793
-4.716
-4.659
-4.647
-4.695
-4.761
-4.804
-4.779
-4.686
-4.534
-4.323
-4.062
-3.858
-3.772
-3.713
-3.67
-3.727
-3.842
-3.947
-3.987
-3.958
-3.799
-3.536
-3.257
-3.012
-2.788
-2.57
-2.386
-2.291
-2.273
-2.329
-2.443
-2.511
-2.454
-2.406
-2.447
-2.434
-2.288
-2.105
-1.962
-1.848
-1.767
-1.687
-1.622
-1.654
-1.803
-2
-2.109
-2.071
-1.969
-1.878
-1.737
-1.542
-1.399
-1.259
-1.127
-1.123
-1.293
-1.522
-1.712
-1.801
-1.851
-1.862
-1.731
-1.488
-1.304
-1.248
-1.227
-1.225
-1.248
-1.277
-1.388
-1.545
-1.66
-1.746
-1.794
-1.769
-1.721
-1.658
-1.558
-1.449
-1.358
-1.306
-1.313
-1.37
-1.436
-1.499
-1.608
-1.749
-1.869
-1.917
-1.844
-1.735
-1.678
-1.64
-1.601
-1.603
-1.646
-1.744
-1.908
-2.096
-2.266
-2.336
-2.302
-2.216
-2.148
-2.123
-2.084
-2.046
-2.096
-2.252
-2.481
-2.708
-2.872
-2.994
-3.121
-3.178
-3.096
-2.948
-2.853
-2.842
-2.926
-3.042
-3.16
-3.314
-3.556
-3.779
-3.906
-3.897
-3.811
-3.702
-3.584
-3.518
-3.534
-3.559
-3.547
-3.581
-3.711
-3.888
-4.037
-4.133
-4.187
-4.21
-4.198
-4.151
-4.112
-4.108
-4.144
-4.198
-4.267
-4.341
-4.491
-4.747
-4.992
-5.113
-5.133
-5.058
-4.89
-4.666
-4.464
-4.35
-4.289
-4.269
-4.366
-4.602
-4.874
-5.09
-5.289
-5.421
-5.41
-5.276
-5.049
-4.854
-4.752
-4.7
-4.666
-4.688
-4.75
-4.815
-4.879
-4.922
-4.933
-4.931
-4.913
-4.843
-4.761
-4.734
-4.718
-4.659
-4.604
-4.591
-4.634
-4.734
-4.806
-4.856
-4.863
-4.779
-4.602
-4.387
-4.203
-4.076
-3.976
-3.919
-3.944
-4.042
-4.189
-4.362
-4.537
-4.609
-4.57
-4.464
-4.362
-4.294
-4.255
-4.205
-4.137
-4.101
-4.112
-4.105
-4.046
-3.897
-3.713
-3.581
-3.516
-3.432
-3.341
-3.311
-3.386
-3.516
-3.595
-3.625
-3.65
-3.627
-3.534
-3.395
-3.264
-3.096
-2.851
-2.606
-2.445
-2.37
-2.361
-2.4
-2.502
-2.658
-2.806
-2.899
-2.919
-2.881
-2.799
-2.674
-2.529
-2.377
-2.25
-2.175
-2.143
-2.121
-2.121
-2.116
-2.052
-1.935
-1.837
-1.758
-1.633
-1.531
-1.549
-1.633
-1.717
-1.817
-1.899
-1.957
-2.025
-2.066
-2.05
-2
-1.98
-1.966
-1.878
-1.733
-1.603
-1.583
-1.626
-1.642
-1.644
-1.694
-1.785
-1.86
-1.903
-1.91
-1.908
-1.885
-1.796
-1.651
-1.519
-1.486
-1.529
-1.579
-1.608
-1.676
-1.753
-1.721
-1.606
-1.501
-1.442
-1.476
-1.599
-1.753
-1.894
-2.05
-2.211
-2.343
-2.397
-2.368
-2.311
-2.279
-2.243
-2.157
-2.055
-2.016
-2.062
-2.18
-2.295
-2.325
-2.268
-2.248
-2.288
-2.341
-2.438
-2.57
-2.665
-2.649
-2.55
-2.49
-2.481
-2.481
-2.493
-2.554
-2.676
-2.794
-2.808
-2.706
-2.547
-2.454
-2.484
-2.536
-2.522
-2.511
-2.638
-2.858
-3.012
-3.069
-3.087
-3.066
-3.028
-2.987
-2.944
-2.844
-2.679
-2.522
-2.45
-2.472
-2.568
-2.599
-2.536
-2.502
-2.597
-2.776
-2.948
-3.071
-3.146
-3.162
-3.094
-2.98
-2.872
-2.758
-2.636
-2.604
-2.713
-2.785
-2.758
-2.74
-2.776
-2.819
-2.835
-2.821
-2.756
-2.631
-2.463
-2.338
-2.341
-2.477
-2.595
-2.629
-2.608
-2.617
-2.622
-2.518
-2.332
-2.182
-2.132
-2.146
-2.148
-2.146
-2.116
-2.078
-2.082
-2.132
-2.193
-2.227
-2.239
-2.245
-2.193
-2.08
-1.973
-1.921
-1.903
-1.901
-1.914
-1.96
-1.935
-1.819
-1.669
-1.542
-1.474
-1.411
-1.295
-1.121
-0.984
-0.939
-0.925
-0.916
-0.95
-1.098
-1.259
-1.345
-1.368
-1.325
-1.195
-0.984
-0.758
-0.567
-0.406
-0.297
-0.238
-0.236
-0.227
-0.247
-0.333
-0.404
-0.381
-0.313
-0.263
-0.217
-0.14
-0.07
-0.018
-0.011
-0.034
-0.027
0.025
0.093
0.159
0.236
0.335
0.344
0.27
0.204
0.184
0.152
0.14
0.195
0.283
0.358
0.376
0.308
0.134
-0.018
-0.011
0.066
0.072
0.052
0.075
0.152
0.272
0.356
0.342
0.297
0.247
0.174
0.093
0.013
-0.075
-0.177
-0.184
-0.02
0.127
0.109
0
-0.063
-0.07
-0.075
-0.129
-0.227
-0.335
-0.408
-0.46
-0.492
-0.449
-0.338
-0.283
-0.326
-0.335
-0.247
-0.181
-0.206
-0.326
-0.465
-0.58
-0.705
-0.832
-0.921
-0.941
-0.93
-0.873
-0.758
-0.612
-0.549
-0.526
-0.433
-0.322
-0.299
-0.376
-0.513
-0.662
-0.767
-0.796
-0.76
-0.73
-0.689
-0.612
-0.551
-0.546
-0.542
-0.499
-0.494
-0.492
-0.451
-0.417
-0.413
-0.395
-0.335
-0.286
-0.254
-0.263
-0.292
-0.27
-0.206
-0.181
-0.177
-0.156
-0.163
-0.188
-0.174
-0.143
-0.145
-0.163
-0.122
-0.059
-0.013
0.05
0.186
0.268
0.206
0.14
0.15
0.195
0.217
0.22
0.236
0.274
0.286
0.268
0.286
0.335
0.335
0.326
0.408
0.524
0.531
0.46
0.44
0.472
0.494
0.528
0.558
0.556
0.522
0.474
0.426
0.385
0.415
0.49
0.481
0.399
0.361
0.331
0.231
0.138
0.099
0.118
0.156
0.188
0.249
0.356
0.44
0.456
0.433
0.424
0.372
0.263
0.143
0.029
-0.079
-0.145
-0.107
-0.009
0.104
0.217
0.249
0.206
0.145
0.184
0.268
0.274
0.204
0.22
0.292
0.301
0.243
0.179
0.138
0.116
0.093
0.086
0.129
0.186
0.202
0.206
0.24
0.263
0.258
0.261
0.301
0.379
0.438
0.479
0.492
0.419
0.288
0.163
0.088
0.066
0.134
0.283
0.404
0.444
0.501
0.594
0.635
0.553
0.433
0.381
0.342
0.268
0.213
0.272
0.39
0.456
0.524
0.587
0.578
0.483
0.361
0.292
0.265
0.245
0.231
0.258
0.29
0.299
0.277
0.234
0.217
0.268
0.358
0.406
0.419
0.488
0.544
0.479
0.338
0.208
0.086
-0.027
-0.109
-0.134
-0.072
0.023
0.054
0.059
0.068
0.052
0.011
-0.034
-0.059
-0.068
-0.075
-0.084
-0.116
-0.15
-0.184
-0.252
-0.383
-0.549
-0.64
-0.637
-0.64
-0.651
-0.56
-0.39
-0.247
-0.172
-0.215
-0.344
-0.503
-0.646
-0.739
-0.771
-0.787
-0.803
-0.816
-0.821
-0.832
-0.839
-0.828
-0.812
-0.798
-0.789
-0.81
-0.844
-0.9
-0.962
-1.009
-1.052
-1.123
-1.127
-1.075
-1.066
-1.068
-1.025
-0.973
-0.975
-1.043
-1.118
-1.191
-1.252
-1.325
-1.365
-1.397
-1.433
-1.415
-1.3
-1.15
-1.027
-0.975
-1.007
-1.089
-1.179
-1.284
-1.404
-1.524
-1.597
-1.61
-1.592
-1.585
-1.574
-1.527
-1.422
-1.309
-1.229
-1.229
-1.27
-1.322
-1.383
-1.463
-1.554
-1.631
-1.617
-1.529
-1.442
-1.395
-1.386
-1.436
-1.515
-1.594
-1.669
-1.758
-1.833
-1.819
-1.753
-1.667
-1.567
-1.433
-1.302
-1.275
-1.329
-1.44
-1.574
-1.744
-1.917
-2.028
-2.096
-2.105
-2.021
-1.921
-1.858
-1.799
-1.755
-1.769
-1.873
-1.987
-2.116
-2.266
-2.375
-2.404
-2.372
-2.391
-2.472
-2.499
-2.413
-2.327
-2.273
-2.209
-2.187
-2.234
-2.35
-2.481
-2.59
-2.706
-2.772
-2.751
-2.679
-2.588
-2.529
-2.538
-2.615
-2.681
-2.694
-2.708
-2.765
-2.819
-2.862
-2.921
-2.992
-3.014
-2.958
-2.874
-2.781
-2.676
-2.563
-2.518
-2.563
-2.647
-2.708
-2.738
-2.797
-2.872
-2.953
-3.035
-3.094
-3.083
-3.014
-2.93
-2.881
-2.858
-2.847
-2.849
-2.862
-2.892
-2.976
-3.083
-3.141
-3.166
-3.216
-3.28
-3.296
-3.262
-3.264
-3.316
-3.341
-3.336
-3.332
-3.305
-3.25
-3.225
-3.257
-3.302
-3.357
-3.427
-3.495
-3.556
-3.595
-3.593
-3.572
-3.597
-3.65
-3.697
-3.697
-3.688
-3.715
-3.727
-3.65
-3.559
-3.552
-3.629
-3.708
-3.747
-3.77
-3.795
-3.824
-3.845
-3.84
-3.82
-3.792
-3.779
-3.761
-3.772
-3.829
-3.874
-3.856
-3.813
-3.838
-3.901
-3.883
-3.795
-3.717
-3.697
-3.693
-3.674
-3.677
-3.722
-3.761
-3.811
-3.953
-4.103
-4.137
-4.083
-4.035
-4.01
-3.958
-3.856
-3.738
-3.681
-3.715
-3.738
-3.729
-3.774
-3.904
-4.087
-4.226
-4.251
-4.18
-4.108
-4.026
-3.883
-3.747
-3.727
-3.838
-3.933
-3.969
-4.04
-4.126
-4.183
-4.241
-4.282
-4.212
-4.053
-3.947
-3.972
-4.008
-4.031
-4.123
-4.235
-4.269
-4.28
-4.346
-4.407
-4.387
-4.301
-4.235
-4.153
-4.019
-3.924
-3.974
-4.126
-4.26
-4.416
-4.654
-4.834
-4.868
-4.854
-4.897
-4.904
-4.829
-4.763
-4.772
-4.786
-4.829
-4.952
-5.09
-5.183
-5.242
-5.267
-5.226
-5.176
-5.19
-5.221
-5.194
-5.088
-4.961
-4.892
-4.904
-4.909
-4.933
-5.067
-5.258
-5.41
-5.494
-5.48
-5.358
-5.226
-5.16
-5.076
-4.895
-4.736
-4.784
-4.931
-5.051
-5.172
-5.362
-5.512
-5.575
-5.532
-5.346
-5.06
-4.795
-4.627
-4.552
-4.521
-4.514
-4.593
-4.765
-4.936
-5.045
-5.101
-5.072
-4.99
-4.888
-4.745
-4.584
-4.416
-4.264
-4.207
-4.251
-4.332
-4.446
-4.589
-4.7
-4.774
-4.804
-4.697
-4.489
-4.239
-3.933
-3.672
-3.627
-3.706
-3.754
-3.829
-4.001
-4.251
-4.443
-4.477
-4.359
-4.146
-3.858
-3.563
-3.293
-3.026
-2.887
-2.965
-3.089
-3.155
-3.23
-3.345
-3.432
-3.432
-3.3
-3.057
-2.778
-2.509
-2.332
-2.32
-2.345
-2.264
-2.236
-2.336
-2.411
-2.384
-2.316
-2.252
-2.182
-2.048
-1.889
-1.726
-1.579
-1.545
-1.674
-1.794
-1.801
-1.776
-1.778
-1.71
-1.51
-1.25
-0.993
-0.748
-0.522
-0.376
-0.431
-0.589
-0.719
-0.853
-1
-1.039
-0.941
-0.764
-0.528
-0.213
0.095
0.292
0.367
0.363
0.256
0.034
-0.172
-0.215
-0.188
-0.138
-0.016
0.199
0.399
0.553
0.676
0.76
0.76
0.571
0.297
0.15
0.127
0.113
0.159
0.292
0.519
0.789
1.048
1.222
1.3
1.266
1.125
0.871
0.485
0.113
-0.043
0
0.113
0.277
0.485
0.753
1.046
1.279
1.343
1.218
0.946
0.628
0.365
0.134
-0.061
-0.095
0.081
0.399
0.712
0.975
1.143
1.136
0.977
0.746
0.447
0.032
-0.363
-0.483
-0.317
-0.027
0.338
0.75
1.109
1.343
1.401
1.268
0.955
0.49
-0.002
-0.335
-0.453
-0.447
-0.317
0.002
0.431
0.819
1.039
1.084
1.046
0.909
0.696
0.429
0.102
-0.152
-0.113
0.127
0.324
0.485
0.753
1.098
1.374
1.472
1.354
1.125
0.868
0.631
0.358
0.109
0.036
0.274
0.721
1.154
1.488
1.706
1.81
1.772
1.563
1.218
0.807
0.431
0.227
0.274
0.569
0.984
1.358
1.637
1.882
2.127
2.182
1.978
1.683
1.399
1.17
0.998
0.889
0.9
1.116
1.479
1.858
2.116
2.175
2.143
2.137
2.105
1.935
1.637
1.309
1.082
1.03
1.143
1.388
1.74
2.146
2.527
2.781
2.86
2.799
2.568
2.189
1.815
1.581
1.506
1.565
1.824
2.27
2.742
3.08
3.237
3.246
3.13
2.912
2.638
2.382
2.155
2.014
2.105
2.441
2.883
3.278
3.613
3.856
3.919
3.781
3.498
3.169
2.867
2.649
2.529
2.515
2.663
2.98
3.384
3.743
4.015
4.223
4.328
4.253
4.028
3.734
3.423
3.135
2.93
2.874
2.989
3.289
3.756
4.285
4.666
4.815
4.822
4.686
4.353
3.87
3.414
3.171
3.135
3.278
3.575
3.978
4.385
4.707
4.872
4.838
4.632
4.325
3.983
3.688
3.509
3.472
3.541
3.708
3.981
4.321
4.647
4.874
4.976
4.972
4.847
4.641
4.391
4.151
3.953
3.829
3.797
3.879
4.123
4.484
4.829
5.051
5.151
5.142
4.997
4.765
4.496
4.223
4.022
3.999
4.194
4.468
4.725
4.99
5.253
5.394
5.326
5.088
4.738
4.335
4.013
3.897
3.953
4.08
4.239
4.491
4.811
5.083
5.185
5.135
5.04
4.909
4.722
4.482
4.248
4.062
3.965
3.987
4.11
4.271
4.412
4.516
4.546
4.541
4.552
4.493
4.307
4.114
3.983
3.913
3.89
3.919
3.999
4.114
4.228
4.314
4.389
4.391
4.31
4.214
4.101
3.974
3.858
3.829
3.895
3.987
4.076
4.178
4.296
4.389
4.382
4.294
4.198
4.117
4.06
4.033
4.022
4.062
4.155
4.192
4.171
4.158
4.149
4.135
4.108
4.087
4.117
4.219
4.419
4.645
4.786
4.822
4.777
4.677
4.539
4.382
4.239
4.16
4.189
4.241
4.31
4.439
4.598
4.743
4.834
4.847
4.765
4.629
4.505
4.394
4.287
4.237
4.223
4.217
4.26
4.368
4.518
4.666
4.77
4.802
4.745
4.627
4.509
4.368
4.194
4.058
4.049
4.189
4.376
4.543
4.67
4.72
4.72
4.656
4.455
4.162
3.883
3.693
3.62
3.638
3.729
3.872
4.078
4.292
4.43
4.439
4.319
4.094
3.829
3.634
3.491
3.375
3.352
3.441
3.634
3.888
4.142
4.337
4.412
4.337
4.155
3.906
3.665
3.439
3.282
3.232
3.239
3.314
3.5
3.727
3.94
4.142
4.314
4.359
4.28
4.049
3.711
3.375
3.146
3.005
2.921
2.971
3.191
3.509
3.847
4.158
4.341
4.376
4.276
4.031
3.69
3.339
3.039
2.851
2.847
3.003
3.266
3.588
3.951
4.201
4.253
4.142
3.863
3.545
3.273
3.039
2.89
2.862
2.939
3.123
3.366
3.547
3.638
3.659
3.613
3.475
3.296
3.107
2.876
2.679
2.599
2.581
2.649
2.876
3.187
3.47
3.625
3.62
3.525
3.35
3.062
2.688
2.352
2.127
1.969
1.944
2.127
2.438
2.788
3.153
3.393
3.402
3.216
2.896
2.533
2.2
1.946
1.799
1.764
1.83
1.985
2.161
2.345
2.454
2.432
2.309
2.125
1.953
1.869
1.837
1.801
1.792
1.815
1.817
1.81
1.821
1.835
1.819
1.799
1.769
1.678
1.576
1.533
1.515
1.517
1.501
1.431
1.39
1.429
1.486
1.545
1.531
1.431
1.268
1.1
0.952
0.794
0.698
0.73
0.862
1.055
1.234
1.311
1.295
1.188
1
0.801
0.612
0.472
0.442
0.583
0.798
1.003
1.179
1.322
1.334
1.216
1.05
0.812
0.519
0.274
0.179
0.197
0.311
0.46
0.603
0.755
0.916
1.041
1.102
1.121
1.095
1.021
0.934
0.803
0.66
0.562
0.476
0.451
0.549
0.741
0.937
1.041
1.066
1.046
0.986
0.853
0.662
0.485
0.406
0.447
0.571
0.744
0.946
1.093
1.154
1.15
1.057
0.841
0.54
0.245
0.043
-0.066
-0.07
-0.013
0.084
0.249
0.46
0.646
0.73
0.692
0.567
0.344
0.063
-0.156
-0.277
-0.397
-0.497
-0.54
-0.51
-0.397
-0.238
-0.097
-0.004
0.059
0.061
-0.079
-0.311
-0.556
-0.776
-0.939
-1.023
-1.032
-0.975
-0.88
-0.769
-0.644
-0.526
-0.501
-0.612
-0.837
-1.098
-1.311
-1.442
-1.49
-1.479
-1.456
-1.401
-1.248
-1.012
-0.782
-0.649
-0.633
-0.785
-1.077
-1.395
-1.658
-1.815
-1.858
-1.774
-1.635
-1.483
-1.318
-1.148
-1.059
-1.08
-1.184
-1.313
-1.452
-1.644
-1.846
-1.923
-1.848
-1.712
-1.615
-1.597
-1.646
-1.683
-1.656
-1.572
-1.524
-1.622
-1.812
-1.957
-2.023
-2.06
-2.082
-2.078
-2.071
-2.08
-2.05
-1.937
-1.815
-1.755
-1.821
-1.964
-2.084
-2.225
-2.436
-2.645
-2.713
-2.59
-2.391
-2.196
-2.075
-2.062
-2.087
-2.098
-2.132
-2.261
-2.49
-2.69
-2.742
-2.629
-2.511
-2.486
-2.479
-2.447
-2.447
-2.447
-2.402
-2.329
-2.264
-2.182
-2.141
-2.207
-2.311
-2.386
-2.486
-2.638
-2.701
-2.62
-2.504
-2.518
-2.545
-2.45
-2.314
-2.286
-2.393
-2.572
-2.731
-2.835
-2.858
-2.849
-2.862
-2.917
-2.939
-2.942
-2.983
-3.085
-3.173
-3.246
-3.266
-3.244
-3.198
-3.169
-3.169
-3.216
-3.325
-3.511
-3.722
-3.904
-4.042
-4.135
-4.135
-4.001
-3.799
-3.72
-3.811
-3.992
-4.146
-4.258
-4.371
-4.503
-4.613
-4.661
-4.656
-4.591
-4.537
-4.532
-4.539
-4.534
-4.532
-4.582
-4.675
-4.761
-4.818
-4.838
-4.831
-4.852
-4.87
-4.834
-4.786
-4.727
-4.609
-4.462
-4.371
-4.337
-4.312
-4.294
-4.339
-4.448
-4.55
-4.618
-4.636
-4.557
-4.368
-4.178
-4.035
-3.924
-3.881
-3.908
-3.996
-4.085
-4.108
-4.133
-4.183
-4.176
-4.087
-3.978
-3.874
-3.765
-3.663
-3.597
-3.584
-3.62
-3.717
-3.822
-3.89
-3.904
-3.953
-4.076
-4.149
-4.092
-3.983
-3.926
-3.895
-3.829
-3.788
-3.822
-3.908
-4.046
-4.285
-4.537
-4.722
-4.854
-4.949
-4.967
-4.829
-4.647
-4.561
-4.573
-4.62
-4.7
-4.881
-5.133
-5.339
-5.439
-5.473
-5.494
-5.489
-5.428
-5.312
-5.185
-5.149
-5.242
-5.358
-5.407
-5.437
-5.58
-5.82
-6.04
-6.158
-6.199
-6.163
-6.043
-5.866
-5.689
-5.546
-5.464
-5.514
-5.67
-5.784
-5.859
-6
-6.211
-6.351
-6.372
-6.342
-6.278
-6.142
-5.977
-5.827
-5.721
-5.689
-5.714
-5.752
-5.798
-5.852
-5.891
-5.922
-5.979
-6.011
-5.931
-5.807
-5.721
-5.637
-5.555
-5.509
-5.519
-5.582
-5.693
-5.779
-5.816
-5.795
-5.718
-5.564
-5.401
-5.274
-5.203
-5.219
-5.364
-5.571
-5.689
-5.659
-5.582
-5.555
-5.56
-5.494
-5.389
-5.385
-5.435
-5.394
-5.301
-5.264
-5.303
-5.355
-5.387
-5.407
-5.489
-5.627
-5.718
-5.752
-5.816
-5.861
-5.745
-5.539
-5.371
-5.285
-5.249
-5.278
-5.382
-5.525
-5.618
-5.682
-5.779
-5.882
-5.848
-5.718
-5.664
-5.693
-5.725
-5.736
-5.73
-5.725
-5.732
-5.752
-5.791
-5.87
-5.925
-5.922
-5.968
-6.115
-6.217
-6.183
-6.117
-6.086
-6.095
-6.093
-6.079
-6.054
-6.031
-6.029
-6.074
-6.145
-6.131
-6.027
-5.966
-5.963
-5.956
-5.968
-6.056
-6.174
-6.256
-6.303
-6.317
-6.299
-6.256
-6.17
-6.047
-5.997
-6.045
-6.052
-6
-5.947
-5.961
-6.052
-6.145
-6.145
-6.029
-5.897
-5.848
-5.893
-5.931
-5.866
-5.752
-5.736
-5.8
-5.836
-5.8
-5.745
-5.714
-5.714
-5.734
-5.745
-5.77
-5.773
-5.675
-5.521
-5.439
-5.419
-5.358
-5.289
-5.278
-5.303
-5.385
-5.494
-5.543
-5.487
-5.353
-5.215
-5.158
-5.094
-4.974
-4.868
-4.883
-5.029
-5.192
-5.298
-5.312
-5.244
-5.14
-5.033
-4.954
-4.938
-4.915
-4.831
-4.786
-4.899
-5.017
-5.017
-4.974
-4.976
-4.997
-4.983
-4.927
-4.854
-4.77
-4.679
-4.668
-4.75
-4.822
-4.834
-4.845
-4.899
-4.943
-4.938
-4.909
-4.854
-4.759
-4.664
-4.593
-4.534
-4.521
-4.548
-4.584
-4.686
-4.863
-4.954
-4.933
-4.877
-4.809
-4.743
-4.673
-4.595
-4.521
-4.484
-4.496
-4.564
-4.632
-4.607
-4.523
-4.446
-4.385
-4.332
-4.344
-4.4
-4.457
-4.509
-4.55
-4.566
-4.602
-4.656
-4.641
-4.573
-4.498
-4.414
-4.251
-4.08
-3.99
-3.992
-4.069
-4.201
-4.316
-4.35
-4.289
-4.196
-4.123
-4.051
-3.965
-3.919
-3.904
-3.881
-3.847
-3.801
-3.774
-3.777
-3.772
-3.747
-3.713
-3.688
-3.652
-3.607
-3.566
-3.575
-3.597
-3.561
-3.545
-3.545
-3.475
-3.362
-3.291
-3.291
-3.316
-3.357
-3.414
-3.418
-3.339
-3.214
-3.026
-2.803
-2.665
-2.624
-2.633
-2.763
-2.969
-3.141
-3.262
-3.316
-3.271
-3.119
-2.885
-2.631
-2.443
-2.359
-2.354
-2.434
-2.563
-2.692
-2.799
-2.872
-2.935
-3.028
-3.03
-2.862
-2.647
-2.493
-2.323
-2.137
-2.012
-1.971
-2.007
-2.134
-2.341
-2.604
-2.842
-3.023
-3.126
-3.074
-2.821
-2.468
-2.143
-1.887
-1.783
-1.878
-2.112
-2.429
-2.772
-3.085
-3.296
-3.35
-3.264
-3.046
-2.711
-2.35
-2.1
-1.991
-1.955
-2.032
-2.189
-2.372
-2.581
-2.774
-2.838
-2.797
-2.717
-2.611
-2.463
-2.277
-2.071
-1.901
-1.794
-1.769
-1.855
-1.962
-2.023
-2.114
-2.254
-2.297
-2.205
-2.037
-1.815
-1.579
-1.39
-1.234
-1.118
-1.125
-1.225
-1.386
-1.572
-1.742
-1.828
-1.792
-1.626
-1.374
-1.104
-0.78
-0.508
-0.381
-0.32
-0.272
-0.333
-0.49
-0.631
-0.712
-0.744
-0.741
-0.669
-0.535
-0.361
-0.131
0.084
0.268
0.467
0.658
0.769
0.767
0.653
0.451
0.195
0.02
0.002
0.034
0.072
0.238
0.56
0.889
1.107
1.22
1.234
1.141
0.946
0.719
0.503
0.301
0.211
0.335
0.576
0.81
1.041
1.204
1.248
1.213
1.132
0.998
0.857
0.71
0.542
0.404
0.347
0.372
0.444
0.537
0.701
0.934
1.107
1.143
1.109
0.993
0.814
0.692
0.583
0.344
0.077
-0.004
0.129
0.381
0.644
0.864
1.05
1.159
1.143
1.003
0.767
0.494
0.247
0.07
-0.02
0.025
0.193
0.39
0.621
0.894
1.116
1.231
1.252
1.186
1.034
0.857
0.728
0.662
0.61
0.526
0.499
0.61
0.85
1.113
1.286
1.356
1.388
1.411
1.334
1.141
0.914
0.698
0.567
0.61
0.868
1.254
1.66
2.034
2.338
2.533
2.577
2.497
2.318
2.021
1.665
1.409
1.304
1.259
1.282
1.461
1.781
2.184
2.568
2.849
2.971
2.921
2.817
2.726
2.604
2.391
2.182
2.082
2.178
2.402
2.627
2.858
3.166
3.445
3.577
3.602
3.552
3.411
3.225
3.035
2.921
2.939
3.076
3.287
3.586
3.931
4.26
4.521
4.682
4.618
4.312
3.919
3.599
3.389
3.248
3.178
3.268
3.568
4.026
4.527
4.945
5.21
5.305
5.269
5.122
4.843
4.48
4.201
4.046
3.965
3.994
4.142
4.292
4.423
4.573
4.75
4.877
4.92
4.92
4.856
4.7
4.561
4.509
4.475
4.425
4.446
4.616
4.881
5.117
5.269
5.321
5.258
5.051
4.774
4.543
4.387
4.251
4.212
4.362
4.65
4.99
5.337
5.643
5.809
5.825
5.775
5.673
5.462
5.185
4.981
4.904
4.895
4.879
4.888
5.008
5.231
5.512
5.827
6.099
6.245
6.308
6.367
6.372
6.233
6.011
5.786
5.596
5.519
5.573
5.732
5.966
6.288
6.637
6.845
6.864
6.832
6.771
6.664
6.578
6.551
6.573
6.68
6.85
7.07
7.349
7.596
7.714
7.746
7.696
7.549
7.395
7.274
7.165
7.086
7.097
7.208
7.386
7.61
7.898
8.227
8.504
8.731
8.953
9.062
8.996
8.789
8.495
8.168
7.907
7.751
7.732
7.914
8.216
8.567
9
9.379
9.558
9.581
9.561
9.468
9.282
9.084
8.971
8.937
8.939
9.028
9.2
9.359
9.484
9.631
9.717
9.654
9.506
9.386
9.32
9.273
9.261
9.316
9.42
9.456
9.481
9.654
9.874
9.99
10.028
10.019
9.885
9.672
9.472
9.245
8.951
8.699
8.651
8.767
8.912
9.112
9.382
9.633
9.808
9.853
9.767
9.572
9.313
9.075
8.948
8.894
8.801
8.74
8.803
8.887
8.939
8.971
8.987
9.003
9.041
9.06
8.994
8.903
8.885
8.925
8.91
8.873
8.98
9.15
9.255
9.3
9.318
9.311
9.264
9.17
9.071
8.962
8.801
8.658
8.678
8.824
8.953
9.107
9.334
9.52
9.584
9.572
9.543
9.472
9.357
9.27
9.2
9.084
9.028
9.132
9.268
9.325
9.359
9.404
9.438
9.461
9.484
9.522
9.524
9.44
9.336
9.329
9.341
9.3
9.264
9.241
9.191
9.161
9.2
9.232
9.157
9.06
9.03
9.021
8.921
8.846
8.871
8.876
8.851
8.86
8.862
8.794
8.676
8.613
8.601
8.56
8.449
8.297
8.245
8.343
8.47
8.495
8.443
8.368
8.272
8.188
8.113
8.037
7.957
7.896
7.889
7.957
8.073
8.17
8.177
8.138
8.168
8.17
8.086
8.011
7.975
7.948
7.939
7.939
7.962
8.023
8.143
8.259
8.306
8.336
8.374
8.383
8.295
8.179
8.116
8.116
8.145
8.202
8.288
8.443
8.608
8.712
8.78
8.821
8.767
8.594
8.424
8.374
8.356
8.315
8.352
8.495
8.688
8.862
8.982
9.071
9.073
9.03
8.953
8.789
8.604
8.515
8.501
8.486
8.483
8.54
8.631
8.755
8.887
8.944
8.916
8.828
8.671
8.492
8.327
8.145
7.959
7.873
7.957
8.15
8.352
8.522
8.642
8.628
8.474
8.213
7.902
7.628
7.429
7.27
7.109
7.056
7.202
7.438
7.592
7.649
7.667
7.605
7.429
7.127
6.764
6.462
6.226
6.031
5.947
6.011
6.142
6.258
6.408
6.557
6.619
6.551
6.39
6.179
5.934
5.661
5.401
5.221
5.188
5.305
5.519
5.718
5.857
5.963
5.984
5.839
5.555
5.233
4.922
4.666
4.468
4.378
4.425
4.593
4.845
5.117
5.339
5.435
5.389
5.255
5.083
4.856
4.577
4.319
4.174
4.142
4.198
4.332
4.473
4.598
4.761
4.874
4.852
4.707
4.552
4.412
4.219
4.015
3.881
3.849
3.874
3.944
4.074
4.212
4.287
4.248
4.151
4.083
3.972
3.774
3.599
3.527
3.538
3.579
3.643
3.734
3.829
3.897
3.895
3.815
3.702
3.597
3.48
3.316
3.153
3.046
3.026
3.048
3.114
3.216
3.296
3.332
3.334
3.248
3.08
2.878
2.69
2.511
2.37
2.277
2.234
2.277
2.384
2.479
2.511
2.49
2.45
2.415
2.345
2.223
2.055
1.912
1.828
1.787
1.776
1.76
1.764
1.783
1.76
1.685
1.601
1.545
1.492
1.397
1.282
1.179
1.1
1.034
1.018
1.061
1.093
1.075
1.039
1.014
0.959
0.859
0.76
0.671
0.569
0.467
0.417
0.401
0.413
0.465
0.546
0.608
0.608
0.551
0.517
0.49
0.433
0.344
0.249
0.177
0.107
0.029
-0.079
-0.154
-0.177
-0.179
-0.174
-0.17
-0.159
-0.15
-0.152
-0.134
-0.113
-0.104
-0.104
-0.129
-0.174
-0.202
-0.208
-0.217
-0.204
-0.186
-0.22
-0.274
-0.352
-0.413
-0.442
-0.494
-0.556
-0.542
-0.485
-0.422
-0.361
-0.308
-0.301
-0.352
-0.442
-0.592
-0.732
-0.782
-0.846
-0.962
-1.021
-1.009
-0.959
-0.914
-0.862
-0.791
-0.701
-0.646
-0.644
-0.685
-0.741
-0.785
-0.83
-0.903
-1.012
-1.093
-1.111
-1.084
-1.012
-0.95
-0.896
-0.844
-0.85
-0.916
-1.012
-1.113
-1.229
-1.345
-1.415
-1.445
-1.415
-1.331
-1.216
-1.091
-0.993
-0.952
-0.946
-0.993
-1.091
-1.234
-1.42
-1.579
-1.672
-1.681
-1.649
-1.574
-1.433
-1.252
-1.077
-0.941
-0.903
-0.937
-1.009
-1.17
-1.374
-1.551
-1.694
-1.81
-1.889
-1.844
-1.694
-1.538
-1.461
-1.433
-1.406
-1.427
-1.565
-1.721
-1.846
-1.953
-2.03
-2.082
-2.078
-1.971
-1.819
-1.672
-1.588
-1.565
-1.615
-1.71
-1.842
-2.041
-2.23
-2.293
-2.288
-2.27
-2.211
-2.166
-2.139
-2.084
-2.012
-1.948
-1.944
-2.032
-2.211
-2.429
-2.624
-2.799
-2.905
-2.915
-2.858
-2.785
-2.738
-2.67
-2.559
-2.468
-2.429
-2.445
-2.524
-2.64
-2.763
-2.894
-2.996
-3.003
-2.935
-2.892
-2.812
-2.713
-2.667
-2.688
-2.769
-2.908
-3.064
-3.203
-3.327
-3.405
-3.436
-3.436
-3.375
-3.275
-3.201
-3.205
-3.184
-3.13
-3.103
-3.141
-3.253
-3.377
-3.493
-3.629
-3.743
-3.774
-3.738
-3.647
-3.513
-3.375
-3.305
-3.268
-3.248
-3.278
-3.332
-3.384
-3.482
-3.616
-3.736
-3.813
-3.84
-3.829
-3.77
-3.654
-3.543
-3.495
-3.509
-3.511
-3.538
-3.604
-3.668
-3.69
-3.679
-3.706
-3.774
-3.833
-3.847
-3.815
-3.727
-3.643
-3.62
-3.611
-3.593
-3.554
-3.513
-3.47
-3.489
-3.607
-3.695
-3.674
-3.663
-3.725
-3.779
-3.74
-3.65
-3.561
-3.509
-3.513
-3.541
-3.541
-3.543
-3.584
-3.677
-3.765
-3.817
-3.829
-3.817
-3.79
-3.722
-3.593
-3.511
-3.507
-3.561
-3.65
-3.743
-3.811
-3.847
-3.863
-3.838
-3.752
-3.665
-3.645
-3.602
-3.498
-3.445
-3.482
-3.607
-3.79
-3.967
-4.094
-4.126
-4.114
-4.101
-4.092
-4.056
-3.987
-3.951
-3.917
-3.82
-3.734
-3.774
-3.967
-4.183
-4.312
-4.382
-4.412
-4.382
-4.301
-4.214
-4.126
-4.019
-3.931
-3.901
-3.922
-4.017
-4.192
-4.366
-4.471
-4.55
-4.616
-4.641
-4.598
-4.496
-4.419
-4.325
-4.239
-4.223
-4.287
-4.389
-4.507
-4.654
-4.782
-4.836
-4.843
-4.843
-4.809
-4.729
-4.645
-4.577
-4.509
-4.464
-4.45
-4.459
-4.489
-4.555
-4.664
-4.774
-4.8
-4.716
-4.632
-4.62
-4.641
-4.6
-4.532
-4.496
-4.509
-4.555
-4.6
-4.643
-4.718
-4.84
-4.902
-4.809
-4.634
-4.539
-4.532
-4.496
-4.434
-4.376
-4.353
-4.362
-4.409
-4.443
-4.43
-4.423
-4.477
-4.507
-4.486
-4.428
-4.305
-4.123
-4.026
-4.046
-4.046
-3.965
-3.861
-3.831
-3.872
-3.942
-4.042
-4.146
-4.201
-4.228
-4.201
-4.117
-4.008
-3.922
-3.852
-3.77
-3.69
-3.641
-3.618
-3.611
-3.631
-3.695
-3.811
-3.915
-3.953
-3.929
-3.944
-3.972
-3.895
-3.743
-3.661
-3.679
-3.693
-3.722
-3.801
-3.886
-3.987
-4.119
-4.253
-4.364
-4.482
-4.575
-4.57
-4.421
-4.292
-4.296
-4.35
-4.353
-4.364
-4.428
-4.496
-4.527
-4.561
-4.598
-4.609
-4.584
-4.505
-4.405
-4.366
-4.344
-4.271
-4.251
-4.376
-4.539
-4.609
-4.604
-4.613
-4.6
-4.503
-4.319
-4.174
-4.126
-4.142
-4.228
-4.344
-4.455
-4.568
-4.632
-4.604
-4.557
-4.498
-4.389
-4.248
-4.112
-4.013
-3.956
-3.924
-3.892
-3.863
-3.904
-4.026
-4.114
-4.092
-4.069
-4.126
-4.167
-4.162
-4.149
-4.069
-3.956
-3.883
-3.915
-4.008
-4.178
-4.441
-4.688
-4.754
-4.738
-4.759
-4.752
-4.627
-4.5
-4.457
-4.5
-4.557
-4.62
-4.729
-4.897
-5.027
-5.031
-4.956
-4.897
-4.834
-4.693
-4.541
-4.537
-4.638
-4.664
-4.654
-4.697
-4.784
-4.847
-4.87
-4.909
-4.995
-5.033
-4.986
-4.856
-4.711
-4.611
-4.593
-4.598
-4.6
-4.623
-4.647
-4.695
-4.818
-4.947
-4.979
-4.899
-4.763
-4.58
-4.4
-4.276
-4.207
-4.171
-4.151
-4.194
-4.235
-4.214
-4.174
-4.155
-4.176
-4.217
-4.235
-4.185
-4.108
-4.119
-4.212
-4.226
-4.144
-4.078
-4.031
-3.91
-3.761
-3.702
-3.754
-3.858
-3.965
-4.046
-4.096
-4.099
-4.033
-3.958
-3.951
-3.913
-3.736
-3.536
-3.468
-3.418
-3.305
-3.21
-3.171
-3.135
-3.039
-2.937
-2.903
-2.999
-3.221
-3.393
-3.391
-3.334
-3.255
-3.023
-2.692
-2.429
-2.223
-2.043
-1.935
-1.937
-1.98
-2.014
-2.037
-2.084
-2.173
-2.205
-2.093
-1.969
-1.926
-1.894
-1.817
-1.758
-1.758
-1.776
-1.624
-1.157
-0.633
-0.447
-0.628
-0.801
-0.819
-0.796
-0.785
-0.841
-1.104
-1.433
-1.288
-0.562
0.043
-0.09
-0.606
-0.848
-0.841
-0.873
-0.934
-0.957
-1.173
-1.64
-1.826
-1.365
-0.835
-0.943
-1.404
-1.492
-1.154
-0.85
-0.723
-0.624
-0.506
-0.47
-0.528
-0.594
-0.635
-0.741
-0.998
-1.275
-1.175
-0.694
-0.356
-0.367
-0.465
-0.517
-0.571
-0.531
-0.47
-0.741
-1.413
-1.944
-1.833
-1.388
-1.327
-1.658
-1.871
-1.781
-1.506
-1.193
-0.968
-1.012
-1.211
-1.188
-0.846
-0.592
-0.707
-0.964
-1.125
-1.193
-1.193
-1.211
-1.231
-1.15
-0.995
-0.859
-0.653
-0.358
-0.211
-0.335
-0.508
-0.513
-0.433
-0.508
-0.753
-1.009
-1.209
-1.284
-1.202
-1.15
-1.263
-1.363
-1.211
-0.889
-0.562
-0.317
-0.202
-0.134
-0.016
0.104
0.127
0.068
0.036
0.029
-0.054
-0.093
0.104
0.356
0.433
0.399
0.424
0.576
0.76
0.83
0.791
0.755
0.753
0.853
1.005
1.032
0.898
0.773
0.812
0.989
1.164
1.22
1.327
1.547
1.735
1.812
1.826
1.867
2.039
2.155
2.082
2.03
2.143
2.327
2.452
2.418
2.343
2.427
2.642
2.797
2.838
2.801
2.778
2.887
3.069
3.114
2.948
2.722
2.595
2.617
2.645
2.602
2.595
2.722
2.978
3.266
3.475
3.622
3.765
3.856
3.865
3.831
3.786
3.756
3.799
3.854
3.886
3.956
4.112
4.357
4.604
4.797
4.924
5.047
5.188
5.235
5.163
5.14
5.292
5.507
5.591
5.623
5.75
5.904
5.958
5.949
6.052
6.249
6.376
6.349
6.321
6.417
6.542
6.68
6.916
7.133
7.215
7.217
7.263
7.365
7.395
7.261
7.072
6.982
6.941
6.843
6.732
6.725
6.816
6.95
7.041
7.086
7.056
6.959
6.852
6.768
6.623
6.428
6.247
6.058
5.843
5.605
5.437
5.453
5.528
5.582
5.603
5.607
5.6
5.578
5.541
5.448
5.287
5.083
4.825
4.555
4.33
4.18
4.051
3.992
4.067
4.126
4.037
3.904
3.87
3.886
3.768
3.536
3.321
3.114
2.86
2.606
2.441
2.363
2.377
2.463
2.602
2.706
2.703
2.636
2.561
2.461
2.332
2.202
2.112
2.041
1.935
1.792
1.717
1.805
1.982
2.06
1.976
1.878
1.951
2.032
1.939
1.767
1.663
1.542
1.379
1.288
1.297
1.354
1.42
1.565
1.776
1.88
1.769
1.583
1.49
1.458
1.392
1.325
1.361
1.499
1.665
1.808
1.905
2.016
2.118
2.175
2.184
2.189
2.211
2.198
2.166
2.225
2.323
2.323
2.205
2.134
2.227
2.397
2.529
2.624
2.722
2.781
2.783
2.806
2.819
2.81
2.819
2.881
3.035
3.278
3.563
3.852
4.137
4.35
4.437
4.407
4.303
4.153
4.031
3.913
3.829
3.883
4.049
4.169
4.21
4.26
4.398
4.598
4.82
4.958
4.963
4.895
4.897
5.01
5.04
4.877
4.645
4.486
4.434
4.491
4.643
4.849
5.099
5.36
5.571
5.714
5.788
5.8
5.754
5.618
5.437
5.31
5.178
4.954
4.673
4.514
4.543
4.686
4.87
5.038
5.137
5.174
5.285
5.455
5.507
5.371
5.099
4.793
4.577
4.43
4.237
4.003
3.926
4.083
4.341
4.555
4.629
4.659
4.691
4.682
4.618
4.477
4.217
3.881
3.579
3.418
3.42
3.491
3.552
3.599
3.62
3.607
3.636
3.736
3.795
3.786
3.768
3.745
3.677
3.547
3.391
3.21
3.114
3.191
3.336
3.42
3.425
3.42
3.414
3.398
3.411
3.373
3.155
2.944
2.953
3.146
3.314
3.371
3.38
3.386
3.343
3.244
3.15
3.11
3.076
3.012
2.974
3.023
3.08
3.066
2.999
2.917
2.883
2.924
2.989
2.974
2.862
2.808
2.881
3.003
3.096
3.141
3.055
2.926
2.992
3.223
3.377
3.359
3.302
3.323
3.416
3.556
3.704
3.801
3.854
3.906
4.017
4.176
4.285
4.276
4.219
4.223
4.278
4.353
4.471
4.609
4.777
5.015
5.317
5.562
5.675
5.693
5.698
5.693
5.675
5.696
5.732
5.788
5.94
6.163
6.376
6.585
6.807
7.038
7.222
7.317
7.372
7.388
7.36
7.317
7.254
7.141
7.034
7.011
7.1
7.295
7.535
7.775
8.029
8.245
8.338
8.256
8.005
7.719
7.515
7.351
7.143
6.925
6.816
6.893
7.125
7.376
7.569
7.687
7.726
7.694
7.578
7.381
7.1
6.755
6.396
6.129
6.02
6.024
6.079
6.131
6.233
6.408
6.535
6.43
6.136
5.827
5.571
5.353
5.142
4.94
4.797
4.725
4.763
4.906
5.031
5.033
4.956
4.845
4.645
4.294
3.904
3.65
3.545
3.459
3.357
3.311
3.448
3.699
3.908
3.992
3.908
3.674
3.386
3.105
2.785
2.409
2.1
2.003
2.146
2.402
2.676
2.89
3.021
3.11
3.203
3.216
3.014
2.658
2.372
2.207
2.105
2.05
2.091
2.2
2.379
2.685
3.076
3.371
3.454
3.393
3.291
3.132
2.917
2.765
2.694
2.62
2.595
2.774
3.119
3.441
3.656
3.838
4.058
4.235
4.212
4.035
3.838
3.734
3.645
3.513
3.489
3.665
3.985
4.287
4.507
4.7
4.863
4.899
4.763
4.534
4.298
4.083
3.94
3.901
3.924
3.933
3.994
4.162
4.323
4.337
4.178
3.987
3.865
3.781
3.697
3.566
3.411
3.298
3.275
3.287
3.3
3.339
3.4
3.386
3.33
3.232
2.987
2.629
2.32
2.15
2.05
1.955
1.942
2.039
2.148
2.178
2.191
2.227
2.155
1.894
1.583
1.334
1.073
0.839
0.773
0.819
0.873
0.912
0.971
1.089
1.116
1.005
0.891
0.837
0.76
0.642
0.515
0.41
0.379
0.404
0.467
0.528
0.61
0.703
0.748
0.723
0.655
0.642
0.64
0.54
0.383
0.261
0.211
0.243
0.363
0.562
0.787
0.921
0.968
0.948
0.839
0.664
0.499
0.381
0.313
0.265
0.29
0.44
0.624
0.798
0.989
1.139
1.227
1.259
1.225
1.102
0.964
0.862
0.785
0.735
0.782
0.905
1.003
1.098
1.238
1.392
1.483
1.495
1.429
1.322
1.197
1.061
0.964
0.943
0.991
1.066
1.173
1.295
1.392
1.479
1.476
1.388
1.288
1.236
1.143
0.95
0.741
0.73
0.928
1.132
1.252
1.354
1.404
1.343
1.248
1.229
1.2
1.059
0.905
0.835
0.764
0.683
0.658
0.68
0.649
0.619
0.667
0.723
0.653
0.449
0.27
0.222
0.215
0.168
0.086
-0.036
-0.165
-0.215
-0.181
-0.174
-0.272
-0.442
-0.628
-0.787
-0.923
-1.043
-1.173
-1.32
-1.404
-1.343
-1.248
-1.216
-1.207
-1.145
-1.116
-1.173
-1.291
-1.422
-1.606
-1.824
-1.957
-1.955
-1.926
-1.905
-1.919
-2.012
-2.193
-2.329
-2.366
-2.393
-2.481
-2.579
-2.613
-2.588
-2.493
-2.329
-2.141
-2
-1.937
-1.944
-1.969
-2.03
-2.139
-2.266
-2.357
-2.406
-2.441
-2.434
-2.415
-2.366
-2.152
-1.794
-1.49
-1.325
-1.261
-1.22
-1.193
-1.209
-1.291
-1.445
-1.656
-1.88
-2.078
-2.223
-2.302
-2.279
-2.214
-2.159
-2.093
-1.98
-1.869
-1.817
-1.815
-1.824
-1.853
-1.966
-2.173
-2.463
-2.767
-2.974
-3.053
-3.121
-3.237
-3.352
-3.468
-3.597
-3.711
-3.738
-3.711
-3.704
-3.752
-3.838
-3.951
-4.096
-4.258
-4.403
-4.543
-4.72
-4.933
-5.122
-5.267
-5.371
-5.428
-5.425
-5.373
-5.342
-5.335
-5.351
-5.389
-5.439
-5.471
-5.451
-5.398
-5.396
-5.491
-5.618
-5.684
-5.698
-5.689
-5.664
-5.678
-5.723
-5.73
-5.666
-5.578
-5.523
-5.528
-5.525
-5.476
-5.453
-5.519
-5.569
-5.519
-5.398
-5.233
-5.045
-4.918
-4.856
-4.765
-4.577
-4.357
-4.189
-4.035
-3.892
-3.82
-3.801
-3.781
-3.736
-3.686
-3.647
-3.559
-3.439
-3.311
-3.083
-2.724
-2.357
-2.071
-1.864
-1.749
-1.762
-1.837
-1.937
-2.041
-2.089
-2.062
-1.971
-1.839
-1.66
-1.433
-1.136
-0.787
-0.522
-0.363
-0.184
-0.023
0.086
0.22
0.354
0.374
0.265
0.184
0.193
0.231
0.265
0.401
0.649
0.882
1.098
1.343
1.579
1.681
1.733
1.808
1.853
1.864
1.937
2.064
2.141
2.189
2.259
2.329
2.348
2.37
2.423
2.509
2.633
2.826
3.019
3.148
3.225
3.28
3.296
3.216
3.042
2.908
2.856
2.829
2.862
2.974
3.103
3.164
3.166
3.139
3.051
2.919
2.817
2.756
2.717
2.701
2.697
2.663
2.584
2.454
2.325
2.184
2.03
1.905
1.819
1.758
1.708
1.676
1.66
1.603
1.479
1.334
1.159
0.934
0.689
0.492
0.32
0.138
-0.056
-0.249
-0.449
-0.621
-0.717
-0.71
-0.653
-0.626
-0.646
-0.696
-0.794
-0.952
-1.166
-1.42
-1.674
-1.912
-2.139
-2.32
-2.47
-2.568
-2.624
-2.647
-2.658
-2.667
-2.697
-2.758
-2.842
-2.865
-2.869
-2.956
-3.078
-3.166
-3.235
-3.298
-3.323
-3.314
-3.352
-3.482
-3.616
-3.72
-3.824
-3.904
-3.922
-3.845
-3.754
-3.688
-3.602
-3.516
-3.491
-3.498
-3.52
-3.559
-3.622
-3.702
-3.792
-3.904
-3.978
-3.994
-3.996
-4.005
-4.022
-4.001
-3.942
-3.872
-3.817
-3.781
-3.786
-3.847
-3.926
-3.976
-4.026
-4.096
-4.105
-4.058
-3.994
-3.951
-3.944
-3.972
-4.04
-4.192
-4.398
-4.598
-4.747
-4.791
-4.747
-4.638
-4.5
-4.364
-4.201
-3.999
-3.847
-3.795
-3.829
-3.917
-4.024
-4.126
-4.248
-4.385
-4.48
-4.512
-4.514
-4.455
-4.305
-4.078
-3.883
-3.768
-3.708
-3.67
-3.665
-3.652
-3.59
-3.504
-3.416
-3.318
-3.175
-3.001
-2.874
-2.821
-2.776
-2.722
-2.72
-2.815
-2.956
-3.033
-2.976
-2.829
-2.67
-2.527
-2.323
-2.057
-1.794
-1.545
-1.361
-1.338
-1.463
-1.633
-1.805
-1.98
-2.089
-2.05
-1.885
-1.699
-1.567
-1.42
-1.218
-1.07
-1.025
-1.039
-1.05
-1.03
-0.984
-0.907
-0.819
-0.787
-0.739
-0.649
-0.603
-0.653
-0.746
-0.776
-0.735
-0.703
-0.71
-0.753
-0.801
-0.814
-0.78
-0.717
-0.658
-0.551
-0.417
-0.365
-0.374
-0.424
-0.556
-0.776
-1.007
-1.188
-1.304
-1.379
-1.388
-1.352
-1.322
-1.257
-1.145
-1.089
-1.225
-1.47
-1.681
-1.817
-1.887
-1.921
-1.928
-1.912
-1.928
-1.978
-2.048
-2.139
-2.225
-2.297
-2.425
-2.543
-2.565
-2.588
-2.69
-2.772
-2.767
-2.722
-2.711
-2.758
-2.829
-2.887
-2.937
-2.939
-2.937
-2.989
-3.123
-3.257
-3.345
-3.364
-3.341
-3.332
-3.332
-3.302
-3.296
-3.375
-3.527
-3.645
-3.697
-3.768
-3.888
-3.917
-3.826
-3.745
-3.702
-3.643
-3.584
-3.59
-3.702
-3.865
-3.978
-4.087
-4.217
-4.255
-4.144
-3.999
-3.931
-3.901
-3.845
-3.749
-3.674
-3.695
-3.777
-3.89
-4.035
-4.189
-4.282
-4.21
-4.078
-4.026
-3.958
-3.756
-3.579
-3.543
-3.554
-3.525
-3.5
-3.572
-3.749
-3.929
-4.042
-4.142
-4.183
-4.024
-3.761
-3.611
-3.566
-3.463
-3.327
-3.302
-3.427
-3.604
-3.772
-3.951
-4.131
-4.235
-4.18
-3.983
-3.752
-3.566
-3.371
-3.178
-3.126
-3.225
-3.341
-3.398
-3.454
-3.588
-3.688
-3.679
-3.559
-3.425
-3.23
-2.912
-2.67
-2.651
-2.715
-2.688
-2.66
-2.733
-2.844
-2.872
-2.842
-2.826
-2.84
-2.776
-2.563
-2.266
-2.009
-1.785
-1.585
-1.499
-1.615
-1.828
-1.982
-2.069
-2.164
-2.227
-2.223
-2.141
-1.996
-1.778
-1.492
-1.263
-1.245
-1.354
-1.372
-1.309
-1.336
-1.445
-1.483
-1.452
-1.433
-1.37
-1.284
-1.268
-1.275
-1.202
-1.116
-1.084
-1.098
-1.132
-1.173
-1.22
-1.209
-1.179
-1.195
-1.225
-1.216
-1.132
-1.021
-0.905
-0.81
-0.771
-0.803
-0.891
-0.968
-1.109
-1.331
-1.506
-1.558
-1.57
-1.54
-1.438
-1.322
-1.263
-1.159
-0.937
-0.798
-0.853
-0.966
-1.068
-1.2
-1.329
-1.39
-1.442
-1.506
-1.527
-1.461
-1.352
-1.257
-1.186
-1.161
-1.111
-1.055
-1.08
-1.159
-1.291
-1.456
-1.579
-1.66
-1.694
-1.651
-1.549
-1.456
-1.368
-1.207
-1.055
-1.098
-1.318
-1.533
-1.687
-1.835
-1.953
-1.991
-1.989
-1.948
-1.81
-1.588
-1.365
-1.231
-1.234
-1.331
-1.399
-1.501
-1.74
-2.032
-2.252
-2.354
-2.366
-2.359
-2.334
-2.223
-2.062
-1.942
-1.819
-1.644
-1.597
-1.774
-2.012
-2.193
-2.391
-2.586
-2.688
-2.697
-2.638
-2.513
-2.288
-1.985
-1.749
-1.737
-1.882
-2.005
-2.1
-2.309
-2.588
-2.72
-2.681
-2.568
-2.445
-2.341
-2.241
-2.132
-2.034
-1.966
-1.928
-1.896
-1.969
-2.127
-2.227
-2.18
-2.096
-2.041
-1.998
-1.964
-1.948
-1.917
-1.81
-1.608
-1.429
-1.397
-1.454
-1.465
-1.538
-1.699
-1.808
-1.778
-1.656
-1.479
-1.331
-1.248
-1.207
-1.197
-1.186
-1.075
-0.959
-1.057
-1.315
-1.481
-1.479
-1.363
-1.195
-1.005
-0.83
-0.726
-0.694
-0.735
-0.816
-0.862
-0.819
-0.746
-0.741
-0.773
-0.771
-0.755
-0.75
-0.741
-0.737
-0.755
-0.776
-0.803
-0.787
-0.703
-0.626
-0.585
-0.522
-0.483
-0.513
-0.503
-0.395
-0.252
-0.197
-0.222
-0.197
-0.172
-0.274
-0.413
-0.433
-0.374
-0.385
-0.406
-0.37
-0.263
-0.097
0.077
0.217
0.213
0.041
-0.238
-0.381
-0.331
-0.304
-0.388
-0.342
-0.063
0.227
0.344
0.331
0.324
0.322
0.292
0.227
0.136
0.013
-0.045
0.018
0.109
0.193
0.32
0.44
0.458
0.417
0.354
0.313
0.315
0.329
0.311
0.286
0.256
0.197
0.125
0.063
0.038
0.102
0.265
0.417
0.472
0.426
0.385
0.417
0.392
0.342
0.356
0.324
0.165
0.052
0.072
0.131
0.179
0.229
0.252
0.206
0.118
0.07
0.07
0.068
-0.032
-0.179
-0.236
-0.24
-0.331
-0.46
-0.447
-0.288
-0.099
0
-0.016
-0.075
-0.143
-0.197
-0.245
-0.347
-0.528
-0.671
-0.687
-0.621
-0.506
-0.372
-0.215
-0.077
-0.02
-0.059
-0.107
-0.131
-0.211
-0.363
-0.503
-0.601
-0.64
-0.635
-0.612
-0.551
-0.401
-0.145
0.107
0.215
0.163
0.127
0.152
0.134
0.054
-0.059
-0.165
-0.215
-0.17
-0.047
0.09
0.208
0.295
0.347
0.413
0.453
0.426
0.406
0.435
0.438
0.413
0.385
0.34
0.265
0.247
0.331
0.47
0.583
0.664
0.721
0.719
0.696
0.694
0.705
0.662
0.526
0.399
0.354
0.408
0.497
0.58
0.671
0.769
0.816
0.805
0.805
0.81
0.764
0.664
0.54
0.392
0.277
0.252
0.304
0.367
0.429
0.533
0.637
0.655
0.603
0.537
0.51
0.526
0.546
0.481
0.304
0.14
0.095
0.136
0.238
0.363
0.465
0.537
0.606
0.626
0.597
0.551
0.465
0.342
0.24
0.188
0.177
0.188
0.215
0.295
0.415
0.47
0.426
0.292
0.136
0.032
0.029
0.084
0.134
0.143
0.111
0.102
0.099
0.081
0.063
0.129
0.265
0.356
0.304
0.217
0.17
0.131
0.079
0.038
-0.016
-0.125
-0.222
-0.252
-0.179
-0.043
0.054
0.072
0.104
0.107
0.045
-0.034
-0.099
-0.109
-0.111
-0.165
-0.247
-0.268
-0.213
-0.15
-0.134
-0.174
-0.258
-0.37
-0.488
-0.528
-0.508
-0.447
-0.363
-0.286
-0.231
-0.186
-0.14
-0.113
-0.099
-0.12
-0.186
-0.263
-0.372
-0.526
-0.626
-0.608
-0.501
-0.383
-0.37
-0.395
-0.331
-0.204
-0.079
-0.032
-0.086
-0.227
-0.397
-0.576
-0.714
-0.764
-0.764
-0.719
-0.617
-0.499
-0.352
-0.288
-0.361
-0.499
-0.637
-0.812
-1.014
-1.182
-1.254
-1.204
-1.055
-0.891
-0.71
-0.587
-0.567
-0.587
-0.649
-0.773
-0.966
-1.229
-1.51
-1.755
-1.885
-1.873
-1.767
-1.61
-1.411
-1.139
-0.9
-0.821
-0.939
-1.179
-1.397
-1.594
-1.862
-2.15
-2.3
-2.259
-2.116
-1.946
-1.762
-1.527
-1.306
-1.193
-1.225
-1.422
-1.733
-2.014
-2.221
-2.379
-2.427
-2.375
-2.187
-1.908
-1.637
-1.431
-1.297
-1.288
-1.445
-1.676
-1.937
-2.266
-2.595
-2.772
-2.726
-2.563
-2.395
-2.227
-2.012
-1.781
-1.642
-1.644
-1.744
-1.885
-2.043
-2.218
-2.391
-2.527
-2.663
-2.726
-2.645
-2.459
-2.211
-1.96
-1.781
-1.69
-1.678
-1.774
-1.991
-2.341
-2.738
-3.01
-3.048
-2.942
-2.788
-2.574
-2.314
-2.034
-1.826
-1.794
-1.953
-2.254
-2.588
-2.874
-3.105
-3.232
-3.235
-3.153
-2.994
-2.772
-2.54
-2.323
-2.155
-2.13
-2.248
-2.429
-2.694
-3.033
-3.359
-3.595
-3.663
-3.599
-3.472
-3.28
-3.001
-2.733
-2.593
-2.579
-2.663
-2.842
-3.107
-3.416
-3.704
-3.897
-3.992
-3.967
-3.824
-3.568
-3.244
-2.942
-2.815
-2.903
-3.105
-3.33
-3.554
-3.788
-3.983
-4.087
-4.142
-4.137
-4.024
-3.84
-3.679
-3.561
-3.518
-3.59
-3.697
-3.768
-3.913
-4.123
-4.28
-4.312
-4.253
-4.137
-4.01
-3.842
-3.661
-3.504
-3.439
-3.477
-3.593
-3.722
-3.861
-4.005
-4.131
-4.169
-4.131
-4.04
-3.883
-3.668
-3.504
-3.436
-3.468
-3.575
-3.738
-3.947
-4.158
-4.332
-4.398
-4.301
-4.133
-4.013
-3.919
-3.795
-3.665
-3.611
-3.616
-3.679
-3.829
-4.046
-4.26
-4.382
-4.371
-4.239
-4.06
-3.91
-3.797
-3.74
-3.706
-3.672
-3.72
-3.87
-4.035
-4.192
-4.38
-4.566
-4.664
-4.65
-4.532
-4.373
-4.235
-4.112
-3.996
-3.901
-3.901
-3.967
-4.046
-4.174
-4.368
-4.555
-4.695
-4.777
-4.768
-4.664
-4.477
-4.278
-4.117
-4.028
-3.983
-3.999
-4.076
-4.171
-4.267
-4.448
-4.695
-4.879
-4.956
-4.945
-4.89
-4.815
-4.75
-4.727
-4.727
-4.734
-4.763
-4.836
-4.945
-5.09
-5.249
-5.335
-5.362
-5.355
-5.315
-5.228
-5.131
-5.076
-5.027
-4.963
-4.981
-5.101
-5.251
-5.36
-5.482
-5.584
-5.589
-5.485
-5.371
-5.283
-5.185
-5.06
-4.963
-4.904
-4.89
-4.952
-5.074
-5.201
-5.321
-5.428
-5.473
-5.433
-5.369
-5.33
-5.251
-5.07
-4.906
-4.863
-4.879
-4.927
-4.974
-4.997
-5.031
-5.09
-5.149
-5.144
-5.004
-4.836
-4.752
-4.709
-4.632
-4.541
-4.521
-4.584
-4.704
-4.818
-4.902
-4.938
-4.902
-4.788
-4.632
-4.473
-4.35
-4.237
-4.14
-4.155
-4.301
-4.43
-4.432
-4.405
-4.423
-4.446
-4.416
-4.328
-4.198
-4.085
-4.028
-3.967
-3.872
-3.729
-3.622
-3.654
-3.722
-3.722
-3.654
-3.604
-3.593
-3.577
-3.543
-3.486
-3.389
-3.271
-3.182
-3.117
-3.053
-3.033
-3.062
-3.064
-3.012
-2.956
-2.89
-2.738
-2.515
-2.382
-2.338
-2.311
-2.297
-2.291
-2.273
-2.243
-2.218
-2.159
-2.014
-1.826
-1.753
-1.755
-1.699
-1.579
-1.492
-1.465
-1.452
-1.395
-1.363
-1.361
-1.349
-1.331
-1.322
-1.293
-1.218
-1.107
-0.964
-0.825
-0.773
-0.823
-0.878
-0.891
-0.939
-1.027
-1.07
-1.059
-0.995
-0.894
-0.776
-0.66
-0.503
-0.324
-0.197
-0.263
-0.46
-0.589
-0.617
-0.624
-0.642
-0.615
-0.535
-0.424
-0.304
-0.211
-0.161
-0.127
-0.099
-0.113
-0.199
-0.301
-0.349
-0.374
-0.451
-0.535
-0.483
-0.342
-0.234
-0.174
-0.136
-0.09
-0.068
-0.097
-0.136
-0.17
-0.225
-0.261
-0.27
-0.281
-0.261
-0.152
-0.029
0.038
0.054
0.054
0.018
-0.054
-0.109
-0.12
-0.099
-0.079
-0.045
0.011
0.068
0.107
0.113
0.063
-0.075
-0.249
-0.32
-0.286
-0.225
-0.134
0
0.107
0.154
0.184
0.204
0.204
0.163
0.102
0.056
-0.02
-0.107
-0.127
-0.052
0.086
0.179
0.208
0.225
0.261
0.308
0.342
0.347
0.331
0.281
0.206
0.116
0.077
0.118
0.172
0.22
0.304
0.444
0.544
0.553
0.508
0.497
0.494
0.453
0.426
0.449
0.513
0.585
0.689
0.866
1.014
1.059
1.066
1.111
1.13
1.068
0.986
0.975
0.995
1.036
1.111
1.211
1.295
1.352
1.433
1.556
1.667
1.697
1.628
1.536
1.47
1.442
1.415
1.372
1.392
1.524
1.701
1.871
2.032
2.15
2.216
2.216
2.189
2.152
2.043
1.876
1.805
1.896
2.016
2.08
2.148
2.27
2.406
2.497
2.563
2.559
2.468
2.35
2.266
2.207
2.182
2.221
2.293
2.329
2.372
2.486
2.613
2.665
2.681
2.703
2.76
2.829
2.847
2.79
2.715
2.703
2.731
2.778
2.815
2.824
2.84
2.917
3.01
3.042
3.048
3.11
3.196
3.255
3.264
3.268
3.3
3.309
3.262
3.203
3.187
3.244
3.282
3.235
3.175
3.207
3.327
3.423
3.429
3.418
3.436
3.489
3.563
3.604
3.618
3.616
3.622
3.645
3.654
3.631
3.599
3.604
3.641
3.645
3.631
3.656
3.717
3.774
3.824
3.876
3.899
3.863
3.783
3.684
3.62
3.663
3.761
3.801
3.815
3.852
3.915
3.958
3.94
3.883
3.863
3.915
3.992
4.026
4.056
4.11
4.176
4.241
4.296
4.312
4.255
4.203
4.176
4.117
4.028
3.987
4.028
4.112
4.153
4.155
4.189
4.228
4.201
4.087
3.996
3.992
4.028
3.99
3.895
3.806
3.72
3.684
3.679
3.702
3.774
3.865
3.947
3.96
3.938
3.944
3.926
3.84
3.731
3.643
3.577
3.554
3.627
3.715
3.734
3.756
3.865
3.978
4.001
3.951
3.87
3.815
3.829
3.826
3.747
3.702
3.74
3.788
3.849
3.895
3.897
3.895
3.944
4.022
4.11
4.169
4.158
4.067
3.987
3.958
3.915
3.863
3.876
3.965
4.092
4.196
4.219
4.185
4.16
4.119
4.087
4.083
4.044
3.965
3.899
3.901
3.949
3.96
3.91
3.861
3.849
3.815
3.777
3.765
3.74
3.704
3.722
3.788
3.831
3.849
3.852
3.824
3.806
3.811
3.815
3.811
3.774
3.734
3.713
3.702
3.684
3.704
3.749
3.783
3.856
3.949
4.017
4.037
4.01
3.938
3.872
3.779
3.686
3.677
3.758
3.867
3.972
4.06
4.142
4.18
4.167
4.119
4.085
4.051
3.99
3.958
3.969
3.947
3.994
4.162
4.335
4.439
4.475
4.457
4.414
4.398
4.414
4.4
4.339
4.292
4.289
4.244
4.144
4.101
4.162
4.164
4.151
4.214
4.267
4.237
4.212
4.198
4.151
4.071
3.987
3.913
3.849
3.772
3.69
3.652
3.586
3.493
3.42
3.362
3.321
3.348
3.402
3.402
3.405
3.414
3.411
3.4
3.362
3.275
3.162
3.051
2.956
2.928
2.992
3.101
3.203
3.253
3.239
3.219
3.173
3.064
2.942
2.847
2.783
2.774
2.81
2.851
2.908
2.962
2.983
2.969
2.93
2.853
2.767
2.697
2.69
2.767
2.872
2.908
2.956
3.014
3.005
2.962
2.93
2.829
2.672
2.597
2.631
2.685
2.699
2.679
2.672
2.681
2.692
2.722
2.713
2.647
2.617
2.703
2.785
2.76
2.694
2.597
2.479
2.418
2.466
2.568
2.688
2.751
2.749
2.69
2.615
2.515
2.368
2.191
2.066
2.009
2.016
2.064
2.109
2.134
2.252
2.488
2.66
2.645
2.47
2.234
2.066
1.989
1.946
1.899
1.842
1.808
1.796
1.808
1.835
1.869
1.905
1.937
1.944
1.955
1.951
1.835
1.637
1.463
1.356
1.291
1.288
1.275
1.191
1.148
1.24
1.392
1.454
1.39
1.277
1.15
1.023
0.896
0.755
0.685
0.769
0.937
1.086
1.164
1.157
1.07
0.932
0.791
0.662
0.533
0.376
0.234
0.186
0.24
0.349
0.513
0.689
0.767
0.737
0.703
0.701
0.714
0.712
0.606
0.404
0.199
0.047
-0.047
-0.077
0.004
0.172
0.361
0.515
0.624
0.671
0.703
0.739
0.685
0.501
0.313
0.227
0.231
0.329
0.517
0.741
0.885
0.889
0.801
0.678
0.599
0.544
0.49
0.458
0.453
0.456
0.524
0.68
0.857
0.962
0.957
0.916
0.909
0.896
0.819
0.737
0.694
0.646
0.51
0.34
0.22
0.163
0.143
0.186
0.331
0.533
0.701
0.735
0.651
0.506
0.352
0.213
0.054
-0.131
-0.268
-0.352
-0.422
-0.508
-0.569
-0.58
-0.558
-0.533
-0.519
-0.51
-0.56
-0.64
-0.671
-0.637
-0.617
-0.703
-0.898
-1.07
-1.182
-1.257
-1.32
-1.313
-1.238
-1.175
-1.15
-1.175
-1.277
-1.445
-1.644
-1.83
-1.966
-2.019
-1.953
-1.794
-1.594
-1.442
-1.34
-1.245
-1.252
-1.424
-1.651
-1.848
-2.016
-2.127
-2.155
-2.103
-2.016
-1.923
-1.803
-1.642
-1.51
-1.445
-1.379
-1.334
-1.349
-1.433
-1.565
-1.687
-1.772
-1.83
-1.871
-1.892
-1.876
-1.796
-1.694
-1.651
-1.665
-1.672
-1.658
-1.708
-1.844
-1.942
-1.894
-1.801
-1.762
-1.737
-1.674
-1.628
-1.651
-1.753
-1.871
-2.034
-2.216
-2.314
-2.311
-2.275
-2.205
-2.071
-1.933
-1.91
-2
-2.091
-2.105
-2.123
-2.182
-2.25
-2.384
-2.543
-2.631
-2.683
-2.754
-2.824
-2.883
-2.892
-2.867
-2.915
-3.017
-3.083
-3.048
-3.003
-3.023
-3.105
-3.169
-3.248
-3.354
-3.45
-3.509
-3.532
-3.552
-3.581
-3.613
-3.67
-3.711
-3.704
-3.693
-3.72
-3.761
-3.754
-3.754
-3.806
-3.888
-3.938
-3.915
-3.847
-3.738
-3.645
-3.663
-3.745
-3.774
-3.783
-3.861
-3.967
-4.062
-4.128
-4.164
-4.162
-4.155
-4.094
-3.935
-3.745
-3.625
-3.566
-3.509
-3.547
-3.708
-3.883
-4.001
-4.09
-4.171
-4.198
-4.137
-4.028
-3.922
-3.835
-3.79
-3.774
-3.734
-3.711
-3.799
-3.899
-3.947
-3.972
-3.978
-3.933
-3.858
-3.788
-3.772
-3.813
-3.842
-3.858
-3.897
-3.942
-3.985
-4.008
-4.019
-4.033
-4.099
-4.146
-4.096
-3.992
-3.942
-3.96
-3.935
-3.919
-3.958
-4.001
-4.044
-4.105
-4.212
-4.359
-4.471
-4.503
-4.486
-4.459
-4.434
-4.346
-4.158
-4.037
-4.087
-4.203
-4.298
-4.407
-4.518
-4.577
-4.627
-4.77
-4.956
-5.019
-4.952
-4.854
-4.754
-4.67
-4.654
-4.693
-4.738
-4.809
-4.945
-5.172
-5.392
-5.473
-5.444
-5.435
-5.46
-5.433
-5.305
-5.16
-5.083
-5.063
-5.137
-5.324
-5.512
-5.65
-5.752
-5.85
-5.893
-5.807
-5.659
-5.557
-5.476
-5.362
-5.262
-5.296
-5.46
-5.637
-5.754
-5.845
-5.909
-5.92
-5.877
-5.841
-5.814
-5.745
-5.618
-5.539
-5.557
-5.555
-5.56
-5.637
-5.732
-5.786
-5.809
-5.827
-5.802
-5.734
-5.627
-5.496
-5.38
-5.324
-5.339
-5.405
-5.473
-5.56
-5.7
-5.786
-5.721
-5.53
-5.339
-5.264
-5.221
-5.188
-5.199
-5.221
-5.26
-5.292
-5.326
-5.389
-5.446
-5.469
-5.476
-5.532
-5.596
-5.55
-5.43
-5.371
-5.387
-5.385
-5.335
-5.278
-5.255
-5.251
-5.289
-5.38
-5.476
-5.541
-5.543
-5.534
-5.548
-5.56
-5.546
-5.507
-5.455
-5.41
-5.371
-5.33
-5.274
-5.217
-5.233
-5.31
-5.387
-5.471
-5.555
-5.634
-5.689
-5.711
-5.727
-5.705
-5.643
-5.546
-5.462
-5.455
-5.519
-5.632
-5.745
-5.818
-5.845
-5.836
-5.816
-5.775
-5.705
-5.634
-5.571
-5.569
-5.621
-5.718
-5.877
-6.067
-6.229
-6.319
-6.356
-6.365
-6.29
-6.167
-6.065
-6.011
-5.929
-5.827
-5.775
-5.823
-5.904
-5.97
-6.056
-6.192
-6.292
-6.321
-6.331
-6.344
-6.349
-6.26
-6.106
-5.961
-5.852
-5.777
-5.743
-5.754
-5.793
-5.866
-5.915
-5.906
-5.857
-5.807
-5.825
-5.831
-5.773
-5.702
-5.678
-5.7
-5.743
-5.752
-5.748
-5.732
-5.723
-5.721
-5.696
-5.621
-5.48
-5.326
-5.242
-5.221
-5.221
-5.172
-5.101
-5.135
-5.249
-5.36
-5.439
-5.507
-5.546
-5.496
-5.373
-5.21
-4.983
-4.745
-4.559
-4.468
-4.434
-4.486
-4.643
-4.788
-4.858
-4.913
-4.906
-4.845
-4.759
-4.623
-4.473
-4.366
-4.292
-4.28
-4.332
-4.443
-4.568
-4.664
-4.738
-4.772
-4.711
-4.555
-4.382
-4.267
-4.18
-4.078
-4.003
-4.026
-4.108
-4.223
-4.364
-4.493
-4.591
-4.654
-4.675
-4.595
-4.439
-4.276
-4.189
-4.137
-4.108
-4.112
-4.183
-4.337
-4.489
-4.568
-4.568
-4.505
-4.364
-4.18
-4.058
-3.992
-3.958
-4.001
-4.149
-4.332
-4.466
-4.518
-4.491
-4.464
-4.4
-4.232
-4.035
-3.892
-3.815
-3.795
-3.842
-3.933
-4.046
-4.16
-4.251
-4.255
-4.237
-4.273
-4.301
-4.217
-4.092
-3.981
-3.89
-3.865
-3.872
-3.886
-3.924
-3.972
-4.015
-4.035
-4.037
-4.024
-3.969
-3.929
-3.944
-3.951
-3.953
-3.919
-3.852
-3.815
-3.806
-3.777
-3.722
-3.643
-3.529
-3.414
-3.332
-3.3
-3.296
-3.291
-3.241
-3.155
-3.144
-3.225
-3.278
-3.289
-3.28
-3.268
-3.275
-3.235
-3.094
-2.942
-2.838
-2.758
-2.685
-2.654
-2.651
-2.67
-2.685
-2.715
-2.735
-2.756
-2.726
-2.624
-2.55
-2.543
-2.513
-2.477
-2.429
-2.348
-2.264
-2.214
-2.18
-2.141
-2.127
-2.105
-2.021
-1.914
-1.858
-1.801
-1.749
-1.71
-1.678
-1.681
-1.71
-1.735
-1.74
-1.749
-1.76
-1.74
-1.699
-1.644
-1.572
-1.474
-1.363
-1.261
-1.218
-1.234
-1.248
-1.238
-1.248
-1.275
-1.347
-1.424
-1.431
-1.349
-1.277
-1.275
-1.32
-1.343
-1.306
-1.252
-1.191
-1.127
-1.075
-1.08
-1.116
-1.109
-1.113
-1.179
-1.252
-1.263
-1.245
-1.263
-1.309
-1.327
-1.329
-1.306
-1.263
-1.22
-1.134
-1.043
-1.061
-1.107
-1.1
-1.113
-1.175
-1.231
-1.286
-1.248
-1.121
-1.014
-0.971
-0.962
-0.95
-0.905
-0.83
-0.767
-0.744
-0.748
-0.76
-0.758
-0.698
-0.633
-0.624
-0.631
-0.619
-0.576
-0.526
-0.47
-0.413
-0.372
-0.347
-0.331
-0.331
-0.324
-0.24
-0.179
-0.184
-0.093
0.093
0.254
0.313
0.258
0.161
0.122
0.143
0.163
0.161
0.174
0.286
0.501
0.748
0.946
1.048
1.027
0.916
0.814
0.762
0.712
0.703
0.778
0.891
1.03
1.179
1.322
1.399
1.397
1.363
1.322
1.277
1.268
1.291
1.275
1.25
1.304
1.395
1.44
1.44
1.431
1.447
1.529
1.66
1.74
1.706
1.61
1.527
1.481
1.447
1.422
1.397
1.406
1.49
1.619
1.703
1.742
1.778
1.787
1.749
1.728
1.735
1.685
1.615
1.603
1.656
1.715
1.812
1.887
1.824
1.672
1.606
1.69
1.844
1.994
2.084
2.121
2.137
2.182
2.225
2.202
2.1
2.009
2.009
2.1
2.211
2.288
2.343
2.415
2.452
2.391
2.266
2.159
2.091
2.021
1.985
2.073
2.209
2.279
2.232
2.168
2.161
2.157
2.1
2.069
2.107
2.175
2.241
2.314
2.382
2.395
2.37
2.368
2.42
2.515
2.611
2.658
2.654
2.624
2.62
2.665
2.667
2.617
2.602
2.672
2.79
2.903
3.01
3.117
3.203
3.23
3.225
3.23
3.287
3.343
3.362
3.411
3.584
3.817
3.978
4.044
4.044
4.04
4.083
4.142
4.164
4.169
4.192
4.276
4.4
4.475
4.496
4.539
4.611
4.666
4.747
4.888
4.981
4.992
4.943
4.861
4.784
4.718
4.673
4.666
4.725
4.872
5.051
5.208
5.342
5.46
5.53
5.564
5.6
5.603
5.537
5.476
5.464
5.487
5.525
5.632
5.795
5.918
6.02
6.136
6.294
6.387
6.367
6.294
6.224
6.124
6.002
5.938
5.97
6.061
6.156
6.274
6.465
6.68
6.737
6.589
6.43
6.387
6.369
6.278
6.192
6.201
6.351
6.626
6.893
7.093
7.224
7.311
7.363
7.272
7.043
6.843
6.771
6.759
6.741
6.793
6.905
7.05
7.213
7.388
7.551
7.676
7.71
7.678
7.631
7.596
7.49
7.315
7.238
7.386
7.612
7.83
8.043
8.261
8.443
8.542
8.526
8.429
8.306
8.218
8.225
8.247
8.247
8.325
8.547
8.803
8.964
8.994
8.973
8.921
8.828
8.703
8.637
8.656
8.717
8.755
8.794
8.921
9.094
9.214
9.286
9.413
9.545
9.547
9.468
9.42
9.402
9.343
9.239
9.189
9.225
9.345
9.524
9.711
9.853
9.992
10.128
10.157
10.026
9.844
9.726
9.645
9.563
9.504
9.486
9.493
9.536
9.613
9.674
9.737
9.756
9.638
9.454
9.406
9.524
9.64
9.676
9.656
9.574
9.44
9.35
9.329
9.316
9.27
9.3
9.429
9.49
9.459
9.454
9.5
9.511
9.438
9.357
9.288
9.218
9.18
9.2
9.255
9.304
9.304
9.257
9.227
9.232
9.195
9.114
9.139
9.275
9.343
9.307
9.284
9.284
9.255
9.211
9.2
9.234
9.334
9.488
9.572
9.547
9.449
9.339
9.209
9.064
8.964
8.898
8.851
8.88
8.976
9.046
9.032
8.987
8.996
9.019
8.896
8.665
8.538
8.54
8.54
8.526
8.574
8.644
8.685
8.71
8.728
8.728
8.749
8.726
8.615
8.51
8.47
8.397
8.247
8.129
8.1
8.138
8.216
8.325
8.413
8.449
8.422
8.413
8.461
8.445
8.293
8.145
8.111
8.154
8.211
8.259
8.306
8.365
8.461
8.558
8.615
8.656
8.662
8.592
8.515
8.488
8.486
8.476
8.51
8.608
8.688
8.694
8.658
8.642
8.644
8.592
8.486
8.44
8.476
8.472
8.452
8.526
8.669
8.817
8.964
9.094
9.155
9.182
9.18
9.143
9.073
8.951
8.735
8.524
8.463
8.495
8.526
8.628
8.839
9.075
9.243
9.313
9.327
9.295
9.17
8.966
8.817
8.712
8.572
8.474
8.481
8.549
8.613
8.653
8.669
8.667
8.651
8.628
8.583
8.526
8.461
8.365
8.27
8.25
8.3
8.282
8.211
8.193
8.186
8.107
7.937
7.737
7.631
7.608
7.58
7.556
7.56
7.542
7.528
7.58
7.621
7.562
7.451
7.32
7.161
6.995
6.877
6.85
6.877
6.927
6.907
6.83
6.787
6.78
6.721
6.617
6.569
6.562
6.542
6.496
6.399
6.267
6.174
6.145
6.165
6.145
6.036
5.949
5.934
5.879
5.766
5.652
5.578
5.519
5.471
5.457
5.485
5.56
5.625
5.578
5.444
5.333
5.274
5.185
5.058
4.972
4.965
5.042
5.154
5.203
5.147
5.038
4.954
4.892
4.815
4.697
4.632
4.664
4.738
4.747
4.675
4.586
4.53
4.518
4.503
4.475
4.425
4.405
4.409
4.373
4.31
4.298
4.282
4.214
4.133
4.087
4.083
4.083
4.035
3.929
3.822
3.711
3.579
3.439
3.321
3.28
3.314
3.398
3.477
3.516
3.516
3.482
3.405
3.284
3.119
2.917
2.751
2.615
2.488
2.384
2.384
2.459
2.493
2.477
2.479
2.527
2.55
2.502
2.35
2.141
1.896
1.669
1.536
1.461
1.42
1.427
1.513
1.626
1.687
1.672
1.622
1.581
1.563
1.51
1.413
1.327
1.279
1.211
1.123
1.095
1.104
1.107
1.109
1.066
1
0.959
0.909
0.83
0.758
0.723
0.705
0.68
0.692
0.739
0.755
0.778
0.859
0.9
0.801
0.649
0.546
0.537
0.592
0.615
0.631
0.683
0.701
0.701
0.714
0.71
0.694
0.692
0.664
0.617
0.558
0.542
0.542
0.522
0.524
0.531
0.476
0.426
0.401
0.37
0.338
0.358
0.406
0.419
0.358
0.292
0.301
0.356
0.401
0.363
0.225
0.104
-0.002
-0.122
-0.206
-0.243
-0.272
-0.292
-0.258
-0.195
-0.172
-0.202
-0.258
-0.313
-0.381
-0.472
-0.606
-0.714
-0.753
-0.78
-0.801
-0.773
-0.78
-0.864
-0.95
-0.968
-0.919
-0.887
-0.925
-1.003
-1.102
-1.216
-1.343
-1.433
-1.458
-1.467
-1.504
-1.474
-1.372
-1.327
-1.343
-1.401
-1.519
-1.656
-1.778
-1.908
-2.019
-2.05
-2.032
-2.021
-1.969
-1.864
-1.824
-1.887
-1.948
-1.942
-1.953
-2.012
-2.132
-2.284
-2.397
-2.452
-2.479
-2.466
-2.443
-2.427
-2.352
-2.209
-2.098
-2.1
-2.175
-2.282
-2.384
-2.481
-2.604
-2.749
-2.821
-2.756
-2.624
-2.475
-2.314
-2.189
-2.134
-2.098
-2.075
-2.123
-2.27
-2.427
-2.527
-2.615
-2.67
-2.627
-2.536
-2.493
-2.466
-2.413
-2.316
-2.17
-2.05
-2.028
-2.069
-2.15
-2.259
-2.363
-2.443
-2.545
-2.69
-2.769
-2.717
-2.622
-2.554
-2.495
-2.361
-2.193
-2.141
-2.196
-2.25
-2.311
-2.429
-2.552
-2.572
-2.511
-2.447
-2.438
-2.434
-2.443
-2.481
-2.472
-2.436
-2.445
-2.509
-2.57
-2.581
-2.556
-2.559
-2.602
-2.649
-2.683
-2.679
-2.665
-2.688
-2.706
-2.699
-2.672
-2.717
-2.838
-2.921
-3.012
-3.189
-3.325
-3.327
-3.266
-3.207
-3.141
-3.053
-2.937
-2.862
-2.878
-2.967
-3.148
-3.354
-3.509
-3.656
-3.804
-3.895
-3.913
-3.87
-3.826
-3.838
-3.863
-3.831
-3.743
-3.645
-3.609
-3.67
-3.795
-3.972
-4.185
-4.38
-4.525
-4.595
-4.589
-4.521
-4.437
-4.346
-4.217
-4.087
-4.058
-4.101
-4.183
-4.321
-4.512
-4.652
-4.716
-4.756
-4.8
-4.77
-4.638
-4.561
-4.575
-4.546
-4.437
-4.396
-4.473
-4.609
-4.697
-4.722
-4.736
-4.725
-4.697
-4.686
-4.673
-4.625
-4.534
-4.484
-4.516
-4.557
-4.546
-4.525
-4.541
-4.613
-4.688
-4.664
-4.584
-4.518
-4.441
-4.357
-4.305
-4.258
-4.174
-4.117
-4.135
-4.198
-4.262
-4.258
-4.183
-4.105
-4.056
-4.01
-3.931
-3.87
-3.867
-3.91
-3.96
-4.033
-4.153
-4.271
-4.278
-4.174
-4.137
-4.149
-4.046
-3.849
-3.736
-3.717
-3.752
-3.806
-3.847
-3.888
-3.956
-4.037
-4.135
-4.194
-4.171
-4.126
-4.105
-4.092
-4.105
-4.137
-4.135
-4.112
-4.126
-4.23
-4.398
-4.546
-4.582
-4.514
-4.489
-4.5
-4.486
-4.471
-4.466
-4.475
-4.521
-4.593
-4.718
-4.818
-4.849
-4.865
-4.886
-4.861
-4.793
-4.725
-4.632
-4.523
-4.507
-4.634
-4.784
-4.886
-4.965
-5.036
-5.131
-5.201
-5.199
-5.215
-5.267
-5.242
-5.124
-5.04
-5.008
-4.956
-4.899
-4.915
-4.995
-5.022
-4.983
-4.976
-4.986
-4.915
-4.868
-4.931
-4.99
-4.945
-4.881
-4.877
-4.888
-4.849
-4.752
-4.666
-4.607
-4.527
-4.446
-4.437
-4.464
-4.405
-4.314
-4.301
-4.33
-4.341
-4.364
-4.421
-4.452
-4.412
-4.371
-4.332
-4.214
-4.035
-3.967
-4.001
-4.026
-4.04
-4.04
-3.987
-3.969
-4.053
-4.196
-4.301
-4.335
-4.273
-4.219
-4.246
-4.264
-4.235
-4.164
-4.083
-4.005
-3.929
-3.879
-3.861
-3.879
-3.962
-4.076
-4.167
-4.167
-4.158
-4.26
-4.405
-4.521
-4.598
-4.638
-4.688
-4.745
-4.802
-4.849
-4.906
-4.868
-4.682
-4.518
-4.493
-4.546
-4.67
-4.886
-5.113
-5.194
-5.172
-5.172
-5.19
-5.178
-5.19
-5.228
-5.188
-5.047
-4.936
-4.892
-4.877
-4.888
-4.963
-5.045
-5.076
-5.079
-5.088
-5.16
-5.271
-5.328
-5.307
-5.244
-5.137
-4.954
-4.765
-4.67
-4.679
-4.738
-4.761
-4.72
-4.659
-4.564
-4.471
-4.366
-4.194
-4.01
-3.974
-4.033
-4.067
-4.103
-4.146
-4.155
-4.094
-4.028
-4.022
-4.044
-3.972
-3.77
-3.609
-3.534
-3.409
-3.255
-3.182
-3.187
-3.212
-3.23
-3.271
-3.366
-3.509
-3.665
-3.781
-3.833
-3.82
-3.729
-3.538
-3.287
-3.094
-3.057
-3.153
-3.3
-3.466
-3.665
-3.856
-4.042
-4.203
-4.28
-4.262
-4.198
-4.137
-4.074
-4.046
-4.112
-4.135
-4.087
-4.11
-4.235
-4.4
-4.489
-4.505
-4.595
-4.722
-4.75
-4.686
-4.598
-4.48
-4.385
-4.359
-4.416
-4.53
-4.65
-4.779
-4.979
-5.165
-5.246
-5.158
-4.97
-4.825
-4.711
-4.589
-4.462
-4.409
-4.493
-4.654
-4.849
-5.022
-5.156
-5.267
-5.346
-5.376
-5.344
-5.242
-5.067
-4.87
-4.75
-4.67
-4.591
-4.523
-4.541
-4.652
-4.818
-4.965
-5.063
-5.103
-5.14
-5.149
-5.067
-4.87
-4.625
-4.414
-4.294
-4.289
-4.355
-4.462
-4.561
-4.654
-4.759
-4.782
-4.688
-4.548
-4.373
-4.149
-3.942
-3.84
-3.854
-3.908
-3.926
-3.899
-3.879
-3.89
-3.865
-3.743
-3.556
-3.414
-3.318
-3.21
-3.042
-2.867
-2.717
-2.586
-2.493
-2.477
-2.497
-2.49
-2.438
-2.388
-2.297
-2.112
-1.821
-1.517
-1.263
-1.055
-0.925
-0.909
-0.989
-1.107
-1.229
-1.313
-1.336
-1.272
-1.125
-0.946
-0.753
-0.528
-0.306
-0.134
-0.036
-0.032
-0.116
-0.234
-0.306
-0.301
-0.279
-0.304
-0.306
-0.24
-0.161
-0.102
0.011
0.199
0.338
0.335
0.238
0.099
-0.027
-0.12
-0.215
-0.254
-0.24
-0.227
-0.202
-0.122
-0.036
-0.025
-0.12
-0.272
-0.413
-0.533
-0.646
-0.696
-0.68
-0.651
-0.624
-0.587
-0.562
-0.556
-0.571
-0.61
-0.66
-0.714
-0.791
-0.907
-1.068
-1.277
-1.413
-1.476
-1.504
-1.476
-1.381
-1.286
-1.236
-1.193
-1.188
-1.272
-1.433
-1.594
-1.69
-1.764
-1.873
-1.88
-1.742
-1.585
-1.492
-1.438
-1.413
-1.415
-1.433
-1.452
-1.433
-1.449
-1.538
-1.651
-1.742
-1.783
-1.751
-1.692
-1.646
-1.565
-1.42
-1.243
-1.066
-0.989
-1.014
-1.027
-1.048
-1.109
-1.191
-1.238
-1.166
-0.957
-0.689
-0.46
-0.344
-0.329
-0.295
-0.193
-0.086
-0.045
-0.025
0.05
0.15
0.243
0.333
0.465
0.676
0.937
1.177
1.318
1.372
1.413
1.508
1.628
1.66
1.554
1.433
1.365
1.383
1.47
1.658
1.96
2.286
2.554
2.801
3.003
3.11
3.155
3.164
3.114
2.987
2.853
2.806
2.894
3.064
3.228
3.364
3.516
3.663
3.738
3.761
3.79
3.874
3.949
3.967
3.972
4.013
4.06
4.085
4.035
3.956
3.881
3.838
3.822
3.779
3.697
3.65
3.65
3.636
3.575
3.489
3.457
3.527
3.677
3.845
3.974
4.035
4.037
3.974
3.849
3.693
3.518
3.341
3.223
3.201
3.278
3.402
3.491
3.536
3.568
3.595
3.611
3.616
3.677
3.806
3.967
4.128
4.221
4.183
4.099
4.046
4.013
3.974
3.953
4.001
4.174
4.423
4.647
4.852
5.019
5.176
5.319
5.392
5.466
5.598
5.793
5.981
6.129
6.208
6.19
6.106
6.047
6.052
6.099
6.201
6.358
6.591
6.85
7.009
7.05
7.032
7.041
7.081
7.159
7.236
7.329
7.442
7.51
7.494
7.426
7.36
7.211
6.929
6.673
6.571
6.612
6.73
6.875
7.011
7.12
7.179
7.172
7.116
6.998
6.85
6.727
6.673
6.655
6.58
6.433
6.263
6.111
5.986
5.888
5.798
5.748
5.707
5.634
5.548
5.444
5.378
5.317
5.197
5.058
4.974
4.956
4.94
4.892
4.813
4.675
4.45
4.164
3.917
3.668
3.454
3.341
3.395
3.577
3.756
3.849
3.908
3.935
3.926
3.87
3.743
3.556
3.348
3.144
2.951
2.803
2.738
2.703
2.656
2.617
2.667
2.763
2.803
2.803
2.858
2.924
2.926
2.878
2.826
2.758
2.66
2.597
2.617
2.699
2.731
2.665
2.579
2.543
2.543
2.506
2.443
2.425
2.533
2.722
2.926
3.101
3.246
3.327
3.266
3.139
3.048
2.942
2.744
2.515
2.393
2.438
2.568
2.713
2.912
3.182
3.38
3.491
3.586
3.679
3.722
3.674
3.552
3.405
3.293
3.244
3.244
3.35
3.599
3.913
4.241
4.5
4.713
4.838
4.756
4.559
4.432
4.364
4.239
4.112
4.133
4.319
4.586
4.827
5.049
5.246
5.38
5.457
5.532
5.598
5.623
5.578
5.562
5.609
5.666
5.668
5.648
5.7
5.929
6.267
6.535
6.68
6.768
6.802
6.725
6.591
6.496
6.476
6.428
6.385
6.456
6.632
6.766
6.768
6.746
6.784
6.755
6.589
6.415
6.321
6.26
6.217
6.249
6.333
6.387
6.358
6.231
6.067
5.929
5.861
5.839
5.775
5.621
5.412
5.246
5.126
5.027
4.899
4.759
4.673
4.647
4.67
4.664
4.586
4.446
4.282
4.11
3.913
3.699
3.489
3.348
3.309
3.343
3.414
3.452
3.416
3.341
3.173
2.948
2.806
2.774
2.767
2.76
2.806
2.912
2.985
2.992
2.967
2.93
2.847
2.744
2.694
2.656
2.599
2.572
2.593
2.608
2.586
2.588
2.656
2.735
2.824
2.971
3.162
3.296
3.359
3.366
3.321
3.282
3.318
3.42
3.55
3.706
3.965
4.276
4.534
4.679
4.763
4.804
4.836
4.929
5.076
5.174
5.212
5.319
5.519
5.736
5.845
5.861
5.906
6
6.093
6.229
6.405
6.566
6.68
6.737
6.744
6.691
6.614
6.603
6.709
6.877
7.059
7.242
7.433
7.59
7.676
7.658
7.553
7.503
7.542
7.54
7.442
7.376
7.422
7.522
7.578
7.623
7.721
7.787
7.762
7.707
7.76
7.85
7.812
7.642
7.467
7.304
7.195
7.138
7.133
7.174
7.27
7.415
7.533
7.569
7.515
7.39
7.204
7.004
6.843
6.68
6.539
6.514
6.591
6.687
6.694
6.732
6.839
6.848
6.709
6.544
6.412
6.235
6.004
5.784
5.634
5.562
5.519
5.525
5.625
5.788
5.852
5.836
5.879
5.938
5.87
5.63
5.319
5.088
4.924
4.741
4.586
4.532
4.57
4.632
4.711
4.784
4.788
4.716
4.595
4.434
4.205
3.94
3.654
3.45
3.354
3.293
3.248
3.253
3.291
3.382
3.491
3.525
3.475
3.386
3.248
3.064
2.937
2.912
2.881
2.833
2.826
2.881
2.985
3.092
3.121
3.126
3.148
3.139
3.048
2.887
2.767
2.74
2.794
2.878
2.969
3.105
3.307
3.482
3.554
3.559
3.552
3.561
3.566
3.579
3.597
3.593
3.599
3.734
3.913
3.962
3.931
3.962
4.046
4.076
4.078
4.142
4.187
4.207
4.251
4.31
4.35
4.298
4.201
4.169
4.167
4.08
3.951
3.879
3.845
3.811
3.847
3.96
4.033
4.01
4.008
4.076
4.083
3.929
3.684
3.475
3.357
3.273
3.21
3.16
3.117
3.121
3.184
3.228
3.214
3.139
2.999
2.785
2.531
2.348
2.282
2.254
2.216
2.198
2.18
2.127
2.069
1.966
1.758
1.545
1.452
1.467
1.447
1.315
1.209
1.191
1.145
1.077
1.07
1.077
1.023
0.919
0.835
0.825
0.848
0.764
0.589
0.49
0.537
0.619
0.671
0.683
0.658
0.664
0.669
0.628
0.533
0.41
0.281
0.247
0.313
0.406
0.517
0.649
0.735
0.789
0.773
0.719
0.726
0.773
0.758
0.726
0.748
0.719
0.64
0.628
0.646
0.61
0.571
0.628
0.714
0.726
0.714
0.785
0.891
0.932
0.923
0.855
0.721
0.589
0.583
0.631
0.664
0.698
0.78
0.876
0.932
0.995
1.057
1.07
0.995
0.837
0.703
0.655
0.651
0.692
0.739
0.744
0.744
0.773
0.771
0.728
0.658
0.646
0.66
0.587
0.426
0.352
0.429
0.483
0.458
0.453
0.506
0.576
0.649
0.671
0.603
0.497
0.388
0.24
0.125
0.063
0.029
0.027
0.045
0.072
0.111
0.109
0.056
-0.036
-0.181
-0.342
-0.526
-0.769
-0.975
-1.007
-0.889
-0.75
-0.619
-0.472
-0.34
-0.331
-0.449
-0.628
-0.837
-1.089
-1.377
-1.61
-1.71
-1.76
-1.808
-1.787
-1.674
-1.515
-1.379
-1.27
-1.191
-1.204
-1.318
-1.519
-1.812
-2.127
-2.359
-2.524
-2.674
-2.76
-2.724
-2.559
-2.343
-2.134
-1.939
-1.764
-1.633
-1.615
-1.794
-2.08
-2.32
-2.509
-2.658
-2.756
-2.781
-2.769
-2.756
-2.754
-2.792
-2.874
-2.953
-3.019
-3.15
-3.302
-3.33
-3.266
-3.293
-3.402
-3.489
-3.486
-3.502
-3.597
-3.729
-3.786
-3.831
-3.949
-4.051
-4.09
-4.146
-4.253
-4.325
-4.332
-4.33
-4.35
-4.398
-4.45
-4.58
-4.763
-4.913
-5.04
-5.21
-5.38
-5.439
-5.396
-5.326
-5.233
-5.117
-5.038
-4.986
-4.947
-4.967
-5.067
-5.264
-5.525
-5.761
-5.888
-6
-6.084
-6.063
-5.966
-5.802
-5.566
-5.346
-5.235
-5.208
-5.174
-5.142
-5.24
-5.43
-5.543
-5.543
-5.548
-5.575
-5.587
-5.555
-5.466
-5.33
-5.163
-4.995
-4.852
-4.727
-4.582
-4.434
-4.278
-4.09
-3.938
-3.824
-3.681
-3.566
-3.554
-3.568
-3.529
-3.454
-3.398
-3.336
-3.175
-2.894
-2.511
-2.127
-1.792
-1.47
-1.182
-1.003
-0.95
-0.962
-1.041
-1.13
-1.148
-1.166
-1.184
-1.055
-0.76
-0.356
0.079
0.435
0.676
0.891
1.066
1.116
1.095
1.059
1.018
0.98
0.984
1.064
1.184
1.368
1.57
1.728
1.844
1.951
2.039
2.057
2.062
2.084
2.069
2.014
1.996
2.096
2.345
2.631
2.856
2.987
2.992
2.849
2.67
2.572
2.443
2.279
2.218
2.236
2.277
2.382
2.527
2.608
2.64
2.658
2.579
2.366
2.118
1.969
1.93
1.905
1.871
1.882
1.953
2
1.976
1.946
1.948
1.869
1.681
1.522
1.415
1.354
1.365
1.397
1.377
1.347
1.372
1.392
1.356
1.24
1.066
0.855
0.626
0.365
0.09
-0.09
-0.161
-0.197
-0.265
-0.342
-0.413
-0.472
-0.546
-0.689
-0.889
-1.084
-1.27
-1.433
-1.527
-1.576
-1.624
-1.644
-1.669
-1.769
-1.889
-2.014
-2.178
-2.368
-2.531
-2.683
-2.892
-3.051
-3.092
-3.137
-3.221
-3.284
-3.345
-3.461
-3.656
-3.867
-4.044
-4.23
-4.45
-4.691
-4.852
-4.909
-4.902
-4.858
-4.813
-4.843
-4.879
-4.852
-4.87
-4.967
-5.081
-5.142
-5.165
-5.19
-5.267
-5.371
-5.428
-5.423
-5.416
-5.462
-5.539
-5.58
-5.546
-5.419
-5.264
-5.246
-5.348
-5.433
-5.469
-5.525
-5.596
-5.652
-5.68
-5.621
-5.519
-5.451
-5.392
-5.305
-5.219
-5.142
-5.099
-5.067
-5.029
-4.983
-4.947
-4.913
-4.834
-4.743
-4.666
-4.55
-4.434
-4.385
-4.348
-4.278
-4.244
-4.282
-4.35
-4.412
-4.434
-4.414
-4.385
-4.337
-4.239
-4.067
-3.854
-3.611
-3.336
-3.137
-3.08
-3.103
-3.121
-3.137
-3.155
-3.175
-3.23
-3.273
-3.203
-3.014
-2.794
-2.629
-2.538
-2.477
-2.413
-2.318
-2.227
-2.225
-2.305
-2.37
-2.348
-2.268
-2.209
-2.184
-2.161
-2.166
-2.178
-2.161
-2.161
-2.157
-2.123
-2.08
-2.032
-2.007
-1.987
-1.976
-1.953
-1.887
-1.796
-1.676
-1.506
-1.368
-1.343
-1.395
-1.436
-1.456
-1.529
-1.658
-1.851
-2.037
-2.137
-2.13
-2.075
-2.009
-1.933
-1.871
-1.821
-1.792
-1.764
-1.755
-1.799
-1.887
-1.978
-2.019
-2
-1.978
-1.994
-1.989
-1.917
-1.794
-1.735
-1.794
-1.878
-1.969
-2.1
-2.252
-2.409
-2.545
-2.608
-2.538
-2.354
-2.112
-1.914
-1.769
-1.658
-1.678
-1.921
-2.286
-2.602
-2.858
-3.069
-3.214
-3.232
-3.107
-2.917
-2.758
-2.679
-2.608
-2.524
-2.529
-2.658
-2.794
-2.881
-2.965
-3.048
-3.092
-3.094
-3.076
-3.023
-2.921
-2.826
-2.815
-2.899
-2.992
-3.092
-3.257
-3.525
-3.772
-3.888
-3.924
-3.881
-3.804
-3.693
-3.536
-3.362
-3.307
-3.427
-3.604
-3.763
-3.996
-4.287
-4.468
-4.489
-4.45
-4.366
-4.185
-3.999
-3.929
-3.985
-4.076
-4.151
-4.276
-4.452
-4.55
-4.543
-4.552
-4.613
-4.647
-4.582
-4.475
-4.407
-4.394
-4.382
-4.394
-4.455
-4.6
-4.786
-4.881
-4.89
-4.94
-5.027
-5.01
-4.902
-4.793
-4.673
-4.514
-4.371
-4.289
-4.301
-4.385
-4.464
-4.557
-4.693
-4.741
-4.656
-4.604
-4.632
-4.634
-4.561
-4.475
-4.462
-4.516
-4.55
-4.523
-4.493
-4.537
-4.555
-4.45
-4.316
-4.282
-4.264
-4.178
-4.099
-4.058
-4.005
-3.917
-3.847
-3.842
-3.899
-3.951
-3.987
-4.053
-4.121
-4.108
-3.992
-3.874
-3.715
-3.475
-3.205
-3.019
-2.919
-2.883
-2.892
-2.921
-3.012
-3.162
-3.232
-3.123
-2.999
-2.996
-2.976
-2.853
-2.722
-2.647
-2.522
-2.341
-2.23
-2.205
-2.178
-2.084
-2.003
-2.03
-2.098
-2.048
-1.942
-1.903
-1.887
-1.805
-1.712
-1.701
-1.733
-1.772
-1.796
-1.848
-1.948
-2.069
-2.037
-1.848
-1.708
-1.628
-1.445
-1.204
-1.089
-1.123
-1.213
-1.329
-1.506
-1.687
-1.803
-1.839
-1.815
-1.824
-1.824
-1.746
-1.654
-1.599
-1.506
-1.372
-1.318
-1.388
-1.461
-1.476
-1.476
-1.549
-1.715
-1.855
-1.833
-1.69
-1.624
-1.619
-1.536
-1.415
-1.392
-1.486
-1.608
-1.755
-1.946
-2.1
-2.089
-1.953
-1.848
-1.799
-1.717
-1.56
-1.458
-1.492
-1.585
-1.719
-1.923
-2.141
-2.323
-2.415
-2.432
-2.432
-2.42
-2.366
-2.211
-2.046
-2.005
-2.009
-1.926
-1.837
-1.903
-2.06
-2.191
-2.323
-2.47
-2.606
-2.613
-2.475
-2.325
-2.257
-2.209
-2.207
-2.325
-2.47
-2.59
-2.738
-2.899
-3.003
-2.989
-2.858
-2.688
-2.547
-2.379
-2.112
-1.899
-1.942
-2.127
-2.297
-2.472
-2.683
-2.878
-3.008
-3.071
-3.037
-2.926
-2.717
-2.452
-2.214
-2.05
-2.039
-2.196
-2.375
-2.497
-2.629
-2.747
-2.833
-2.865
-2.819
-2.717
-2.638
-2.543
-2.406
-2.307
-2.314
-2.372
-2.486
-2.658
-2.738
-2.683
-2.593
-2.515
-2.386
-2.191
-2.03
-1.969
-1.908
-1.772
-1.703
-1.817
-2.021
-2.211
-2.343
-2.386
-2.386
-2.354
-2.25
-2.152
-2.084
-1.969
-1.846
-1.815
-1.81
-1.71
-1.588
-1.599
-1.708
-1.776
-1.726
-1.626
-1.531
-1.461
-1.454
-1.501
-1.492
-1.431
-1.415
-1.406
-1.325
-1.236
-1.209
-1.193
-1.161
-1.116
-1.068
-1.039
-1.009
-0.93
-0.844
-0.821
-0.81
-0.753
-0.658
-0.576
-0.508
-0.467
-0.515
-0.567
-0.519
-0.381
-0.288
-0.236
-0.161
-0.075
-0.043
-0.061
-0.056
0.007
0.102
0.172
0.217
0.215
0.161
0.052
-0.052
-0.072
-0.054
-0.109
-0.19
-0.225
-0.245
-0.279
-0.249
-0.145
-0.045
0.054
0.181
0.32
0.37
0.342
0.308
0.243
0.095
-0.072
-0.177
-0.236
-0.27
-0.247
-0.199
-0.195
-0.231
-0.227
-0.12
0.027
0.095
0.038
-0.059
-0.156
-0.272
-0.34
-0.333
-0.279
-0.188
-0.061
0.068
0.104
0.041
-0.023
-0.023
-0.038
-0.14
-0.268
-0.363
-0.404
-0.344
-0.202
0
0.184
0.265
0.229
0.145
0.088
0.027
-0.061
-0.131
-0.154
-0.202
-0.263
-0.308
-0.329
-0.342
-0.297
-0.165
-0.052
-0.016
0.045
0.107
0.118
0.125
0.12
0.134
0.116
0.056
-0.007
-0.027
0.009
0.056
0.102
0.163
0.245
0.32
0.354
0.331
0.268
0.181
0.131
0.129
0.104
0.038
-0.002
0.032
0.116
0.236
0.388
0.522
0.603
0.637
0.642
0.624
0.56
0.447
0.32
0.24
0.215
0.236
0.281
0.388
0.583
0.773
0.882
0.948
0.932
0.816
0.689
0.585
0.501
0.456
0.442
0.46
0.519
0.628
0.771
0.88
0.925
0.914
0.862
0.803
0.755
0.696
0.606
0.494
0.431
0.451
0.517
0.608
0.746
0.919
1.057
1.077
1.014
0.871
0.676
0.513
0.406
0.32
0.249
0.254
0.376
0.562
0.76
0.939
1.016
0.98
0.903
0.776
0.585
0.426
0.381
0.422
0.479
0.492
0.474
0.467
0.501
0.526
0.528
0.503
0.456
0.417
0.381
0.338
0.317
0.299
0.263
0.243
0.281
0.363
0.458
0.542
0.655
0.758
0.796
0.719
0.513
0.27
0.12
0.068
0.059
0.072
0.104
0.186
0.352
0.589
0.805
0.887
0.796
0.601
0.404
0.236
0.07
0.002
0.043
0.163
0.32
0.453
0.585
0.664
0.624
0.54
0.501
0.472
0.367
0.247
0.159
0.122
0.12
0.143
0.225
0.358
0.449
0.503
0.617
0.753
0.758
0.589
0.347
0.129
-0.047
-0.208
-0.313
-0.234
0.016
0.324
0.655
0.952
1.05
0.864
0.546
0.234
-0.045
-0.308
-0.456
-0.41
-0.292
-0.168
0.009
0.243
0.444
0.51
0.458
0.415
0.322
0.143
-0.061
-0.231
-0.344
-0.401
-0.406
-0.313
-0.147
-0.023
0.111
0.27
0.401
0.417
0.295
0.079
-0.19
-0.447
-0.662
-0.798
-0.805
-0.692
-0.499
-0.24
0.02
0.195
0.211
0.023
-0.306
-0.685
-1.014
-1.216
-1.275
-1.229
-1.127
-0.923
-0.644
-0.379
-0.204
-0.15
-0.206
-0.335
-0.515
-0.76
-1.082
-1.361
-1.492
-1.497
-1.461
-1.395
-1.279
-1.141
-0.977
-0.791
-0.617
-0.567
-0.721
-0.998
-1.313
-1.597
-1.803
-1.917
-1.93
-1.819
-1.599
-1.315
-1.036
-0.871
-0.889
-1.036
-1.238
-1.474
-1.751
-2.069
-2.277
-2.252
-2.082
-1.837
-1.588
-1.427
-1.409
-1.445
-1.456
-1.47
-1.551
-1.728
-1.903
-2.005
-2.078
-2.164
-2.221
-2.157
-2
-1.815
-1.592
-1.349
-1.177
-1.168
-1.295
-1.442
-1.603
-1.81
-2.082
-2.318
-2.391
-2.316
-2.139
-1.889
-1.649
-1.542
-1.56
-1.624
-1.706
-1.873
-2.182
-2.461
-2.543
-2.504
-2.447
-2.375
-2.261
-2.178
-2.137
-2.071
-1.996
-1.991
-2.087
-2.236
-2.332
-2.382
-2.486
-2.683
-2.847
-2.869
-2.817
-2.758
-2.676
-2.57
-2.527
-2.586
-2.649
-2.694
-2.778
-2.942
-3.123
-3.205
-3.178
-3.164
-3.173
-3.121
-2.965
-2.797
-2.694
-2.665
-2.692
-2.799
-2.939
-3.019
-3.069
-3.141
-3.169
-3.15
-3.16
-3.219
-3.259
-3.257
-3.235
-3.221
-3.266
-3.345
-3.364
-3.382
-3.48
-3.618
-3.738
-3.835
-3.876
-3.842
-3.783
-3.768
-3.792
-3.808
-3.772
-3.74
-3.79
-3.879
-3.897
-3.822
-3.792
-3.801
-3.731
-3.62
-3.631
-3.763
-3.765
-3.645
-3.647
-3.835
-3.992
-4.001
-3.951
-3.965
-4.035
-4.083
-4.137
-4.198
-4.21
-4.137
-4.121
-4.214
-4.262
-4.123
-3.969
-3.987
-4.092
-4.137
-4.087
-4.017
-3.972
-3.917
-3.892
-3.874
-3.892
-3.972
-4.001
-3.99
-4.069
-4.192
-4.18
-4.022
-3.87
-3.792
-3.749
-3.734
-3.781
-3.861
-3.938
-4.04
-4.131
-4.185
-4.164
-4.056
-3.942
-3.917
-3.91
-3.781
-3.62
-3.547
-3.541
-3.62
-3.74
-3.845
-3.879
-3.913
-4.049
-4.203
-4.194
-4.069
-3.962
-3.908
-3.91
-3.942
-3.974
-4.026
-4.11
-4.226
-4.394
-4.618
-4.736
-4.636
-4.434
-4.366
-4.38
-4.332
-4.278
-4.282
-4.357
-4.489
-4.666
-4.868
-5.001
-5.042
-5.045
-5.108
-5.264
-5.394
-5.364
-5.217
-5.124
-5.178
-5.26
-5.287
-5.292
-5.358
-5.521
-5.743
-5.931
-6.038
-6.029
-5.87
-5.652
-5.548
-5.523
-5.425
-5.267
-5.208
-5.274
-5.423
-5.621
-5.754
-5.784
-5.718
-5.659
-5.625
-5.55
-5.494
-5.478
-5.485
-5.521
-5.575
-5.603
-5.532
-5.407
-5.326
-5.339
-5.407
-5.446
-5.387
-5.289
-5.233
-5.194
-5.142
-5.117
-5.113
-5.031
-4.927
-4.897
-4.967
-5.092
-5.156
-5.113
-4.995
-4.84
-4.659
-4.43
-4.226
-4.189
-4.289
-4.366
-4.387
-4.414
-4.43
-4.407
-4.394
-4.425
-4.484
-4.48
-4.341
-4.18
-4.119
-4.092
-4.008
-3.91
-3.845
-3.711
-3.502
-3.407
-3.466
-3.529
-3.536
-3.527
-3.502
-3.42
-3.248
-3.026
-2.783
-2.651
-2.692
-2.74
-2.672
-2.574
-2.543
-2.55
-2.577
-2.59
-2.536
-2.411
-2.275
-2.182
-2.146
-2.143
-2.084
-1.93
-1.772
-1.69
-1.619
-1.527
-1.458
-1.47
-1.545
-1.613
-1.619
-1.531
-1.331
-1.075
-0.837
-0.646
-0.462
-0.342
-0.258
-0.174
-0.163
-0.297
-0.492
-0.612
-0.624
-0.571
-0.488
-0.408
-0.333
-0.213
-0.066
0.018
0.023
0.075
0.195
0.247
0.177
0.052
-0.011
-0.054
-0.109
-0.093
0.02
0.172
0.279
0.385
0.542
0.674
0.726
0.71
0.615
0.442
0.252
0.118
0.111
0.184
0.222
0.263
0.347
0.456
0.533
0.531
0.499
0.531
0.587
0.562
0.44
0.324
0.24
0.143
0.047
0.029
0.116
0.19
0.22
0.288
0.401
0.51
0.542
0.524
0.485
0.399
0.292
0.236
0.234
0.211
0.204
0.299
0.483
0.601
0.606
0.592
0.624
0.646
0.592
0.49
0.356
0.236
0.163
0.097
0.05
0.056
0.095
0.118
0.188
0.352
0.533
0.624
0.599
0.531
0.449
0.329
0.195
0.084
-0.016
-0.097
-0.113
-0.018
0.138
0.29
0.453
0.637
0.819
0.903
0.844
0.721
0.612
0.506
0.404
0.297
0.179
0.081
0.047
0.118
0.295
0.492
0.637
0.712
0.755
0.805
0.848
0.832
0.732
0.587
0.458
0.363
0.286
0.263
0.349
0.544
0.844
1.195
1.474
1.583
1.556
1.504
1.447
1.297
1.064
0.896
0.821
0.823
0.914
1.068
1.266
1.513
1.785
1.978
2.05
2.057
2.034
1.951
1.79
1.597
1.427
1.334
1.291
1.304
1.418
1.651
1.998
2.402
2.763
2.985
3.035
2.935
2.751
2.547
2.311
2.084
1.964
1.912
1.944
2.109
2.382
2.703
3.026
3.284
3.418
3.427
3.309
3.057
2.76
2.529
2.388
2.307
2.311
2.415
2.606
2.881
3.194
3.482
3.677
3.72
3.641
3.516
3.375
3.237
3.105
3.017
3.001
3.121
3.321
3.518
3.72
3.931
4.099
4.232
4.273
4.158
3.938
3.731
3.593
3.527
3.529
3.552
3.595
3.729
3.942
4.135
4.301
4.428
4.503
4.537
4.477
4.33
4.194
4.137
4.105
4.094
4.128
4.232
4.391
4.537
4.638
4.759
4.915
5.042
5.079
4.986
4.786
4.591
4.466
4.394
4.385
4.423
4.523
4.691
4.872
4.958
4.927
4.874
4.815
4.752
4.722
4.697
4.668
4.656
4.684
4.759
4.881
5.027
5.149
5.165
5.113
5.083
5.083
5.058
5.008
4.981
4.995
4.983
4.909
4.815
4.718
4.645
4.634
4.695
4.763
4.747
4.65
4.561
4.525
4.532
4.559
4.595
4.593
4.557
4.516
4.484
4.416
4.303
4.203
4.16
4.167
4.176
4.18
4.189
4.192
4.196
4.223
4.226
4.146
4.01
3.852
3.693
3.559
3.507
3.511
3.523
3.55
3.609
3.715
3.795
3.801
3.799
3.795
3.738
3.659
3.62
3.602
3.57
3.566
3.561
3.527
3.466
3.448
3.523
3.636
3.749
3.874
3.972
3.969
3.872
3.777
3.693
3.599
3.55
3.538
3.538
3.538
3.532
3.55
3.622
3.768
3.947
4.112
4.217
4.23
4.194
4.16
4.119
4.028
3.96
3.951
3.967
3.999
4.083
4.192
4.344
4.491
4.6
4.654
4.659
4.591
4.457
4.328
4.187
4.069
4.044
4.103
4.212
4.339
4.484
4.632
4.731
4.822
4.879
4.838
4.716
4.595
4.486
4.38
4.278
4.212
4.189
4.198
4.271
4.394
4.525
4.629
4.664
4.616
4.548
4.473
4.344
4.187
4.076
4.013
3.956
3.969
4.074
4.18
4.296
4.414
4.5
4.466
4.323
4.16
4.058
3.983
3.91
3.874
3.874
3.867
3.867
3.933
4.067
4.176
4.203
4.232
4.282
4.244
4.067
3.82
3.586
3.418
3.357
3.386
3.461
3.584
3.761
3.94
4.058
4.099
4.074
3.962
3.765
3.568
3.425
3.296
3.13
3.008
3.03
3.189
3.368
3.538
3.722
3.876
3.935
3.892
3.788
3.618
3.386
3.169
3.03
2.948
2.942
3.069
3.235
3.366
3.511
3.695
3.852
3.856
3.67
3.38
3.087
2.821
2.651
2.651
2.767
2.894
3.074
3.362
3.638
3.761
3.799
3.815
3.772
3.647
3.441
3.16
2.851
2.622
2.54
2.547
2.595
2.717
2.948
3.248
3.513
3.665
3.663
3.457
3.076
2.672
2.404
2.273
2.159
2.091
2.189
2.382
2.552
2.663
2.756
2.819
2.844
2.769
2.536
2.205
1.894
1.613
1.422
1.404
1.538
1.726
1.887
1.973
2.057
2.137
2.116
1.953
1.737
1.499
1.216
0.891
0.68
0.662
0.76
0.909
1.134
1.401
1.583
1.594
1.495
1.352
1.123
0.819
0.526
0.333
0.265
0.292
0.385
0.565
0.778
0.955
1.095
1.152
1.061
0.894
0.762
0.637
0.417
0.163
0.043
0.111
0.306
0.546
0.789
0.968
1.073
1.086
1.043
0.959
0.787
0.535
0.347
0.286
0.288
0.297
0.349
0.474
0.721
1.059
1.331
1.445
1.386
1.236
1.109
1.016
0.894
0.771
0.687
0.683
0.762
0.885
0.984
1.084
1.229
1.306
1.259
1.121
0.941
0.814
0.726
0.671
0.719
0.828
0.9
0.937
0.982
0.975
0.85
0.758
0.764
0.714
0.517
0.306
0.24
0.292
0.344
0.379
0.438
0.494
0.531
0.526
0.46
0.295
0.066
-0.109
-0.186
-0.281
-0.381
-0.395
-0.272
-0.086
0.034
0.032
-0.032
-0.102
-0.197
-0.304
-0.354
-0.392
-0.528
-0.723
-0.853
-0.887
-0.919
-0.971
-0.971
-0.88
-0.789
-0.785
-0.839
-0.93
-1.016
-1.1
-1.143
-1.109
-1.104
-1.166
-1.229
-1.209
-1.152
-1.141
-1.175
-1.245
-1.34
-1.381
-1.309
-1.197
-1.161
-1.254
-1.313
-1.318
-1.399
-1.57
-1.744
-1.853
-1.846
-1.751
-1.694
-1.665
-1.579
-1.483
-1.418
-1.388
-1.422
-1.54
-1.706
-1.86
-1.923
-1.894
-1.858
-1.824
-1.724
-1.57
-1.454
-1.395
-1.363
-1.347
-1.336
-1.358
-1.513
-1.776
-2.03
-2.193
-2.227
-2.25
-2.264
-2.146
-1.876
-1.622
-1.504
-1.504
-1.599
-1.755
-1.982
-2.232
-2.445
-2.656
-2.819
-2.79
-2.588
-2.395
-2.279
-2.223
-2.232
-2.291
-2.413
-2.633
-2.865
-3.026
-3.101
-3.132
-3.182
-3.203
-3.126
-2.96
-2.849
-2.849
-2.908
-2.967
-2.992
-3.048
-3.278
-3.604
-3.847
-3.956
-3.978
-3.933
-3.815
-3.631
-3.4
-3.189
-3.08
-3.123
-3.33
-3.622
-3.852
-4.01
-4.146
-4.251
-4.298
-4.253
-4.083
-3.876
-3.706
-3.575
-3.534
-3.631
-3.815
-3.951
-4.042
-4.149
-4.248
-4.251
-4.164
-4.099
-4.056
-3.992
-3.942
-3.89
-3.829
-3.854
-3.953
-4.028
-4.051
-4.053
-4.06
-4.071
-4.046
-3.915
-3.754
-3.67
-3.665
-3.708
-3.768
-3.829
-3.972
-4.176
-4.303
-4.307
-4.273
-4.255
-4.253
-4.203
-4.131
-4.085
-4.078
-4.09
-4.18
-4.335
-4.459
-4.521
-4.557
-4.55
-4.477
-4.394
-4.341
-4.271
-4.246
-4.348
-4.58
-4.84
-5.008
-5.008
-4.958
-4.965
-4.981
-4.94
-4.863
-4.729
-4.618
-4.632
-4.729
-4.838
-4.956
-5.101
-5.21
-5.262
-5.28
-5.24
-5.101
-4.938
-4.836
-4.795
-4.779
-4.843
-4.965
-5.067
-5.131
-5.215
-5.278
-5.278
-5.242
-5.185
-5.074
-4.936
-4.879
-4.947
-5.038
-5.124
-5.24
-5.444
-5.714
-5.918
-5.947
-5.795
-5.58
-5.444
-5.38
-5.26
-5.103
-5.045
-5.117
-5.24
-5.401
-5.598
-5.764
-5.866
-5.929
-5.943
-5.848
-5.709
-5.659
-5.723
-5.752
-5.714
-5.791
-5.986
-6.122
-6.174
-6.12
-5.97
-5.788
-5.637
-5.523
-5.453
-5.453
-5.557
-5.75
-5.911
-6.004
-6.104
-6.217
-6.247
-6.158
-6.029
-5.854
-5.632
-5.448
-5.367
-5.358
-5.437
-5.609
-5.775
-5.895
-6.02
-6.156
-6.242
-6.24
-6.158
-6.024
-5.863
-5.705
-5.655
-5.723
-5.816
-5.909
-6.031
-6.179
-6.269
-6.306
-6.338
-6.365
-6.303
-6.138
-5.981
-5.911
-5.909
-5.997
-6.176
-6.372
-6.48
-6.487
-6.403
-6.297
-6.231
-6.172
-6.113
-6.095
-6.106
-6.117
-6.124
-6.208
-6.356
-6.482
-6.596
-6.716
-6.775
-6.714
-6.596
-6.519
-6.478
-6.408
-6.303
-6.222
-6.185
-6.156
-6.158
-6.233
-6.362
-6.48
-6.598
-6.66
-6.585
-6.48
-6.474
-6.521
-6.478
-6.376
-6.333
-6.344
-6.347
-6.324
-6.274
-6.183
-6.095
-6.065
-6.022
-5.911
-5.811
-5.788
-5.857
-5.972
-6.033
-6.015
-5.963
-5.949
-5.922
-5.875
-5.829
-5.777
-5.739
-5.689
-5.603
-5.539
-5.55
-5.603
-5.6
-5.566
-5.539
-5.553
-5.607
-5.716
-5.782
-5.773
-5.768
-5.779
-5.766
-5.759
-5.77
-5.741
-5.705
-5.7
-5.693
-5.655
-5.6
-5.537
-5.494
-5.448
-5.412
-5.423
-5.473
-5.539
-5.612
-5.709
-5.863
-6.022
-6.074
-6.027
-5.986
-5.902
-5.777
-5.711
-5.693
-5.652
-5.664
-5.725
-5.811
-5.891
-5.958
-5.975
-5.945
-5.925
-5.893
-5.807
-5.73
-5.732
-5.773
-5.825
-5.868
-5.872
-5.897
-5.993
-6.061
-6.043
-6.029
-6.047
-6.072
-6.067
-5.993
-5.863
-5.766
-5.736
-5.702
-5.612
-5.553
-5.548
-5.516
-5.466
-5.439
-5.442
-5.491
-5.591
-5.696
-5.759
-5.779
-5.793
-5.823
-5.848
-5.809
-5.678
-5.534
-5.439
-5.36
-5.24
-5.081
-4.949
-4.834
-4.711
-4.616
-4.58
-4.586
-4.593
-4.604
-4.686
-4.804
-4.899
-4.97
-4.995
-4.943
-4.797
-4.623
-4.471
-4.276
-4.005
-3.781
-3.674
-3.631
-3.584
-3.536
-3.498
-3.484
-3.545
-3.665
-3.738
-3.786
-3.852
-3.922
-3.929
-3.82
-3.647
-3.541
-3.511
-3.491
-3.459
-3.448
-3.418
-3.339
-3.264
-3.171
-3.021
-2.89
-2.853
-2.901
-2.965
-3.069
-3.273
-3.554
-3.863
-4.108
-4.196
-4.117
-3.944
-3.713
-3.477
-3.257
-3.051
-2.885
-2.797
-2.817
-2.905
-3.03
-3.182
-3.364
-3.543
-3.677
-3.797
-3.874
-3.858
-3.77
-3.69
-3.625
-3.57
-3.556
-3.579
-3.609
-3.622
-3.677
-3.74
-3.729
-3.629
-3.475
-3.321
-3.178
-3.094
-3.089
-3.153
-3.244
-3.345
-3.448
-3.529
-3.611
-3.656
-3.547
-3.321
-3.189
-3.128
-3.057
-2.996
-2.996
-2.996
-2.994
-3.001
-2.994
-2.894
-2.717
-2.559
-2.481
-2.42
-2.318
-2.241
-2.261
-2.341
-2.397
-2.415
-2.45
-2.531
-2.572
-2.527
-2.42
-2.318
-2.225
-2.089
-1.878
-1.692
-1.554
-1.427
-1.315
-1.311
-1.424
-1.529
-1.628
-1.742
-1.792
-1.753
-1.742
-1.801
-1.808
-1.703
-1.585
-1.529
-1.517
-1.515
-1.472
-1.363
-1.222
-1.093
-1
-0.925
-0.885
-0.85
-0.83
-0.871
-0.948
-0.959
-0.909
-0.868
-0.896
-0.95
-0.998
-1.07
-1.145
-1.098
-0.968
-0.889
-0.825
-0.696
-0.551
-0.435
-0.354
-0.306
-0.301
-0.376
-0.462
-0.474
-0.426
-0.408
-0.458
-0.524
-0.508
-0.481
-0.51
-0.531
-0.47
-0.365
-0.277
-0.243
-0.213
-0.199
-0.268
-0.372
-0.397
-0.397
-0.429
-0.417
-0.331
-0.195
-0.041
0.109
0.227
0.261
0.195
0.041
-0.12
-0.179
-0.204
-0.256
-0.249
-0.097
0.118
0.304
0.429
0.508
0.515
0.506
0.517
0.501
0.429
0.326
0.279
0.349
0.435
0.426
0.424
0.562
0.764
0.909
1.03
1.136
1.191
1.168
1.091
0.955
0.767
0.637
0.617
0.653
0.732
0.919
1.227
1.558
1.764
1.808
1.783
1.74
1.606
1.372
1.168
1.086
1.086
1.157
1.347
1.567
1.687
1.769
1.903
1.991
1.953
1.817
1.656
1.517
1.406
1.329
1.409
1.64
1.946
2.232
2.461
2.656
2.781
2.744
2.506
2.2
1.93
1.681
1.458
1.325
1.343
1.519
1.826
2.18
2.481
2.658
2.66
2.579
2.531
2.456
2.268
2.075
2
2.057
2.225
2.436
2.636
2.792
2.912
3.001
2.967
2.772
2.524
2.348
2.259
2.234
2.239
2.277
2.418
2.69
2.992
3.212
3.386
3.463
3.393
3.257
3.135
3.001
2.812
2.645
2.599
2.67
2.808
2.944
3.114
3.357
3.607
3.788
3.897
3.953
3.863
3.597
3.359
3.316
3.402
3.466
3.538
3.706
3.874
4.003
4.112
4.146
4.044
3.833
3.611
3.475
3.429
3.395
3.405
3.59
3.91
4.189
4.396
4.582
4.727
4.791
4.8
4.761
4.686
4.561
4.407
4.251
4.155
4.169
4.269
4.419
4.607
4.786
4.949
5.067
5.103
5.045
4.897
4.763
4.686
4.609
4.589
4.704
4.888
5.056
5.276
5.487
5.584
5.557
5.471
5.394
5.328
5.208
5.042
4.943
5.019
5.228
5.389
5.525
5.759
6.013
6.179
6.276
6.335
6.235
6.018
5.859
5.807
5.777
5.711
5.659
5.736
5.947
6.174
6.329
6.442
6.537
6.553
6.517
6.505
6.496
6.456
6.433
6.512
6.689
6.911
7.118
7.224
7.256
7.329
7.444
7.513
7.447
7.265
7.079
7.002
7.086
7.251
7.376
7.456
7.58
7.769
7.98
8.125
8.12
7.993
7.884
7.825
7.755
7.662
7.558
7.524
7.662
7.902
8.095
8.198
8.304
8.409
8.409
8.388
8.445
8.479
8.381
8.231
8.168
8.231
8.365
8.508
8.644
8.76
8.855
8.919
9.005
9.123
9.175
9.089
9
9.007
8.998
8.919
8.864
8.948
9.184
9.463
9.676
9.819
9.912
9.98
10.035
10.021
9.928
9.817
9.758
9.751
9.758
9.812
9.967
10.146
10.302
10.457
10.59
10.633
10.568
10.47
10.379
10.312
10.28
10.223
10.107
10.028
10.123
10.343
10.581
10.792
10.929
10.996
11.013
10.938
10.795
10.622
10.436
10.255
10.126
10.035
10.017
10.146
10.379
10.618
10.808
10.96
10.994
10.874
10.672
10.441
10.216
10.042
9.908
9.828
9.831
9.926
10.06
10.146
10.184
10.225
10.305
10.314
10.169
9.912
9.638
9.418
9.286
9.221
9.209
9.223
9.313
9.497
9.708
9.84
9.846
9.821
9.778
9.606
9.286
8.98
8.778
8.683
8.69
8.808
9.005
9.268
9.481
9.558
9.543
9.52
9.481
9.359
9.157
8.955
8.835
8.76
8.724
8.731
8.776
8.83
8.898
8.996
9.1
9.175
9.218
9.266
9.282
9.209
9.03
8.846
8.715
8.619
8.588
8.624
8.688
8.774
8.853
8.907
8.923
8.907
8.878
8.826
8.758
8.703
8.683
8.656
8.649
8.683
8.749
8.815
8.849
8.849
8.846
8.853
8.876
8.882
8.871
8.855
8.824
8.769
8.717
8.671
8.669
8.742
8.837
8.839
8.808
8.867
8.966
9.019
9.03
8.982
8.885
8.778
8.719
8.676
8.653
8.717
8.826
8.905
8.921
8.91
8.923
8.946
8.953
8.955
8.955
8.962
8.948
8.898
8.846
8.815
8.792
8.742
8.644
8.531
8.424
8.34
8.338
8.37
8.379
8.383
8.406
8.461
8.492
8.456
8.404
8.392
8.424
8.44
8.426
8.422
8.383
8.284
8.161
8.027
7.889
7.782
7.676
7.553
7.474
7.431
7.392
7.395
7.433
7.494
7.61
7.746
7.857
7.853
7.712
7.565
7.431
7.245
7.029
6.877
6.762
6.737
6.807
6.884
6.907
6.898
6.882
6.852
6.85
6.85
6.764
6.626
6.551
6.542
6.551
6.539
6.521
6.523
6.471
6.394
6.333
6.267
6.19
6.167
6.199
6.242
6.247
6.215
6.172
6.102
6.013
5.947
5.915
5.891
5.843
5.8
5.788
5.784
5.741
5.705
5.682
5.67
5.664
5.646
5.578
5.437
5.267
5.16
5.085
5.027
5.015
5.045
5.128
5.226
5.274
5.242
5.16
5.054
4.92
4.761
4.609
4.482
4.391
4.339
4.298
4.294
4.296
4.262
4.201
4.189
4.201
4.131
3.974
3.815
3.711
3.677
3.661
3.643
3.618
3.586
3.563
3.547
3.504
3.445
3.341
3.212
3.078
2.974
2.883
2.81
2.744
2.733
2.749
2.744
2.697
2.608
2.527
2.441
2.35
2.286
2.23
2.146
2.069
2.066
2.078
2.03
1.957
1.903
1.86
1.83
1.808
1.774
1.724
1.633
1.519
1.383
1.277
1.238
1.245
1.236
1.204
1.207
1.234
1.229
1.197
1.191
1.193
1.191
1.161
1.116
1.089
1.041
0.955
0.871
0.782
0.655
0.587
0.626
0.717
0.776
0.798
0.844
0.898
0.939
0.946
0.919
0.855
0.769
0.728
0.705
0.651
0.576
0.508
0.483
0.465
0.456
0.479
0.51
0.567
0.621
0.667
0.689
0.689
0.671
0.617
0.551
0.503
0.483
0.442
0.313
0.179
0.127
0.143
0.152
0.131
0.088
0.066
0.127
0.236
0.277
0.195
0.054
-0.023
-0.036
-0.059
-0.122
-0.195
-0.249
-0.286
-0.288
-0.308
-0.424
-0.56
-0.621
-0.608
-0.589
-0.612
-0.655
-0.687
-0.723
-0.778
-0.846
-0.959
-1.141
-1.306
-1.377
-1.327
-1.238
-1.202
-1.261
-1.331
-1.358
-1.358
-1.413
-1.551
-1.712
-1.835
-1.894
-1.912
-1.917
-1.942
-1.942
-1.88
-1.767
-1.651
-1.599
-1.624
-1.697
-1.817
-1.989
-2.148
-2.27
-2.382
-2.468
-2.459
-2.305
-2.055
-1.837
-1.694
-1.594
-1.495
-1.44
-1.513
-1.699
-1.878
-2.007
-2.107
-2.143
-2.123
-2.073
-1.96
-1.774
-1.538
-1.318
-1.225
-1.275
-1.397
-1.558
-1.737
-1.914
-2.071
-2.141
-2.1
-1.953
-1.724
-1.463
-1.245
-1.139
-1.118
-1.121
-1.177
-1.386
-1.703
-1.976
-2.146
-2.196
-2.152
-2.06
-1.917
-1.715
-1.47
-1.25
-1.148
-1.166
-1.277
-1.483
-1.76
-2.023
-2.295
-2.561
-2.672
-2.608
-2.499
-2.413
-2.359
-2.3
-2.223
-2.196
-2.264
-2.382
-2.547
-2.769
-2.956
-3.023
-3.037
-3.066
-3.06
-2.999
-2.962
-2.96
-2.896
-2.826
-2.896
-3.046
-3.171
-3.278
-3.443
-3.681
-3.886
-3.976
-3.99
-3.956
-3.835
-3.697
-3.629
-3.597
-3.523
-3.443
-3.477
-3.641
-3.849
-3.983
-4.08
-4.189
-4.319
-4.373
-4.264
-4.062
-3.956
-3.901
-3.772
-3.659
-3.611
-3.622
-3.715
-3.953
-4.31
-4.609
-4.693
-4.613
-4.552
-4.471
-4.264
-4.024
-3.833
-3.702
-3.656
-3.736
-3.904
-4.087
-4.276
-4.512
-4.729
-4.804
-4.756
-4.62
-4.394
-4.137
-3.91
-3.736
-3.625
-3.602
-3.672
-3.886
-4.187
-4.462
-4.668
-4.756
-4.702
-4.543
-4.339
-4.078
-3.826
-3.636
-3.495
-3.416
-3.486
-3.743
-4.013
-4.146
-4.273
-4.457
-4.525
-4.346
-4.046
-3.754
-3.511
-3.345
-3.289
-3.362
-3.475
-3.584
-3.826
-4.207
-4.459
-4.457
-4.348
-4.219
-4.019
-3.774
-3.556
-3.411
-3.309
-3.284
-3.384
-3.536
-3.725
-3.992
-4.258
-4.473
-4.586
-4.507
-4.246
-3.956
-3.783
-3.725
-3.684
-3.641
-3.665
-3.822
-4.065
-4.389
-4.704
-4.831
-4.725
-4.57
-4.448
-4.278
-3.992
-3.783
-3.758
-3.804
-3.861
-4.105
-4.475
-4.774
-4.967
-5.137
-5.315
-5.342
-5.14
-4.836
-4.584
-4.353
-4.153
-4.119
-4.246
-4.403
-4.607
-4.924
-5.269
-5.507
-5.58
-5.489
-5.296
-5.081
-4.856
-4.6
-4.403
-4.423
-4.616
-4.836
-5.108
-5.398
-5.525
-5.473
-5.394
-5.353
-5.255
-4.999
-4.659
-4.468
-4.489
-4.57
-4.677
-4.863
-5.033
-5.156
-5.312
-5.455
-5.428
-5.16
-4.849
-4.65
-4.486
-4.341
-4.267
-4.316
-4.462
-4.688
-4.943
-5.165
-5.276
-5.242
-5.178
-5.117
-4.986
-4.797
-4.625
-4.457
-4.335
-4.305
-4.344
-4.398
-4.45
-4.503
-4.577
-4.664
-4.695
-4.654
-4.503
-4.337
-4.346
-4.421
-4.337
-4.164
-4.083
-4.14
-4.244
-4.337
-4.434
-4.509
-4.489
-4.457
-4.521
-4.58
-4.523
-4.434
-4.355
-4.289
-4.267
-4.273
-4.319
-4.391
-4.489
-4.62
-4.8
-4.972
-5.013
-4.902
-4.704
-4.575
-4.582
-4.568
-4.448
-4.321
-4.298
-4.366
-4.5
-4.682
-4.847
-4.981
-5.126
-5.271
-5.36
-5.324
-5.131
-4.836
-4.598
-4.437
-4.335
-4.314
-4.376
-4.555
-4.8
-5.049
-5.212
-5.251
-5.156
-4.983
-4.802
-4.595
-4.368
-4.153
-4.053
-4.16
-4.446
-4.747
-4.949
-5.074
-5.215
-5.328
-5.242
-4.979
-4.632
-4.294
-4.042
-3.944
-4.024
-4.192
-4.391
-4.668
-4.999
-5.328
-5.541
-5.532
-5.305
-4.981
-4.664
-4.391
-4.16
-4.033
-4.112
-4.38
-4.759
-5.219
-5.67
-5.995
-6.127
-6.081
-5.918
-5.646
-5.271
-4.909
-4.716
-4.664
-4.722
-4.922
-5.235
-5.605
-5.947
-6.179
-6.229
-6.099
-5.859
-5.566
-5.255
-4.983
-4.813
-4.809
-4.911
-5.101
-5.389
-5.698
-5.915
-6.045
-6.104
-6.052
-5.841
-5.503
-5.201
-4.979
-4.825
-4.795
-4.92
-5.156
-5.448
-5.725
-5.877
-5.87
-5.732
-5.507
-5.251
-4.999
-4.7
-4.441
-4.341
-4.437
-4.643
-4.865
-5.036
-5.181
-5.262
-5.212
-5.036
-4.788
-4.53
-4.298
-4.146
-4.101
-4.151
-4.246
-4.389
-4.58
-4.727
-4.774
-4.779
-4.716
-4.561
-4.335
-4.08
-3.861
-3.715
-3.634
-3.556
-3.518
-3.581
-3.697
-3.801
-3.826
-3.738
-3.572
-3.439
-3.327
-3.223
-3.076
-2.935
-2.899
-2.958
-3.039
-3.08
-3.051
-3.003
-2.978
-2.93
-2.79
-2.581
-2.429
-2.359
-2.332
-2.302
-2.227
-2.17
-2.198
-2.279
-2.268
-2.121
-1.982
-1.901
-1.783
-1.581
-1.374
-1.268
-1.295
-1.424
-1.597
-1.703
-1.579
-1.282
-1.118
-1.141
-1.132
-0.968
-0.719
-0.492
-0.397
-0.54
-0.841
-0.975
-0.735
-0.426
-0.492
-0.882
-1.159
-1.222
-1.234
-1.252
-1.288
-1.472
-1.81
-1.951
-1.631
-1.145
-0.934
-1.05
-1.166
-1.034
-0.825
-0.771
-0.876
-0.998
-1.134
-1.3
-1.401
-1.415
-1.381
-1.379
-1.47
-1.429
-1.043
-0.617
-0.537
-0.676
-0.876
-1.166
-1.409
-1.56
-1.842
-2.4
-2.865
-2.747
-2.207
-1.821
-1.787
-1.824
-1.799
-1.749
-1.728
-1.81
-2
-2.248
-2.413
-2.302
-1.982
-1.764
-1.703
-1.646
-1.554
-1.436
-1.325
-1.325
-1.438
-1.576
-1.703
-1.742
-1.579
-1.401
-1.449
-1.533
-1.354
-1.043
-0.903
-0.952
-1.123
-1.311
-1.422
-1.424
-1.452
-1.592
-1.646
-1.436
-1.066
-0.669
-0.258
0.088
0.263
0.306
0.299
0.272
0.163
-0.011
-0.116
-0.127
-0.063
0.227
0.744
1.229
1.517
1.69
1.805
1.86
1.762
1.527
1.211
0.921
0.798
0.882
1.032
1.175
1.343
1.565
1.819
2.073
2.239
2.338
2.477
2.579
2.536
2.391
2.257
2.205
2.2
2.134
2
1.96
2.121
2.332
2.411
2.391
2.472
2.658
2.781
2.763
2.611
2.402
2.341
2.466
2.55
2.506
2.402
2.284
2.227
2.187
2.114
2.037
2.023
2.105
2.311
2.622
2.971
3.28
3.584
3.91
4.149
4.21
4.214
4.192
4.053
3.874
3.867
3.969
4.058
4.112
4.194
4.368
4.664
4.976
5.244
5.48
5.666
5.811
5.922
5.977
5.94
5.861
5.793
5.757
5.721
5.718
5.877
6.129
6.36
6.594
6.857
7.063
7.195
7.247
7.127
6.893
6.705
6.689
6.825
6.963
7.011
7.016
7.093
7.222
7.247
7.161
7.07
6.977
6.896
6.905
6.923
6.789
6.569
6.405
6.292
6.136
5.947
5.788
5.698
5.639
5.621
5.675
5.752
5.739
5.573
5.348
5.197
5.099
4.963
4.77
4.582
4.432
4.325
4.207
4.015
3.804
3.674
3.679
3.74
3.79
3.806
3.779
3.729
3.711
3.679
3.556
3.33
3.048
2.722
2.429
2.205
2.043
1.971
1.96
1.894
1.801
1.799
1.905
2.041
2.148
2.211
2.232
2.25
2.243
2.114
1.844
1.542
1.327
1.204
1.102
1
0.878
0.83
0.941
1.216
1.492
1.658
1.717
1.699
1.631
1.536
1.409
1.231
1.018
0.862
0.816
0.898
0.998
1.064
1.123
1.209
1.34
1.461
1.499
1.452
1.454
1.565
1.737
1.901
2.014
2.073
2.096
2.114
2.157
2.173
2.1
1.996
1.946
1.98
2.064
2.175
2.338
2.55
2.774
2.978
3.153
3.262
3.287
3.257
3.16
3.035
2.976
2.98
3.021
3.11
3.291
3.577
3.938
4.296
4.6
4.8
4.877
4.865
4.843
4.782
4.629
4.462
4.405
4.489
4.638
4.809
4.986
5.122
5.219
5.324
5.414
5.453
5.444
5.392
5.335
5.31
5.317
5.319
5.305
5.258
5.176
5.137
5.183
5.262
5.337
5.419
5.514
5.659
5.854
5.936
5.848
5.705
5.603
5.534
5.421
5.224
5.017
4.858
4.765
4.707
4.647
4.607
4.623
4.695
4.741
4.736
4.729
4.741
4.731
4.664
4.473
4.164
3.874
3.729
3.704
3.67
3.611
3.636
3.736
3.777
3.734
3.652
3.575
3.52
3.482
3.42
3.343
3.264
3.155
3.062
3.033
3.014
2.924
2.76
2.606
2.527
2.536
2.631
2.806
2.999
3.11
3.157
3.216
3.275
3.273
3.187
3.066
2.976
2.935
2.937
2.994
3.055
3.087
3.171
3.323
3.475
3.616
3.772
3.919
4.015
4.022
3.953
3.838
3.713
3.57
3.429
3.386
3.475
3.634
3.752
3.831
3.956
4.126
4.205
4.171
4.096
4.046
4.005
4.01
4.053
4.126
4.194
4.244
4.312
4.398
4.468
4.534
4.598
4.609
4.634
4.736
4.829
4.883
4.879
4.784
4.652
4.598
4.629
4.643
4.604
4.627
4.761
4.888
4.904
4.849
4.827
4.883
5.013
5.212
5.394
5.5
5.584
5.639
5.682
5.668
5.532
5.371
5.301
5.364
5.521
5.709
5.886
6.074
6.269
6.41
6.494
6.548
6.603
6.628
6.596
6.564
6.587
6.617
6.619
6.651
6.675
6.691
6.741
6.825
6.875
6.929
7.027
7.159
7.24
7.251
7.227
7.177
7.111
7.041
7.032
7.093
7.15
7.172
7.109
6.957
6.877
6.911
6.939
6.9
6.882
6.918
6.995
7.05
7.043
6.948
6.771
6.605
6.49
6.378
6.263
6.215
6.217
6.206
6.211
6.235
6.235
6.208
6.147
6.052
5.947
5.834
5.668
5.416
5.172
4.995
4.877
4.784
4.768
4.861
4.995
5.088
5.14
5.16
5.101
4.94
4.722
4.512
4.396
4.323
4.232
4.183
4.246
4.319
4.346
4.307
4.189
4.053
3.944
3.838
3.713
3.652
3.697
3.781
3.788
3.765
3.799
3.845
3.899
3.931
3.865
3.774
3.713
3.645
3.532
3.414
3.336
3.314
3.343
3.402
3.52
3.668
3.752
3.788
3.783
3.665
3.477
3.323
3.259
3.316
3.436
3.525
3.563
3.652
3.804
3.879
3.835
3.725
3.581
3.402
3.241
3.241
3.368
3.448
3.472
3.566
3.656
3.631
3.547
3.5
3.502
3.475
3.398
3.314
3.232
3.175
3.13
3.064
3.037
3.112
3.169
3.132
3.069
3.003
2.915
2.835
2.781
2.751
2.754
2.715
2.722
2.876
3.074
3.137
3.121
3.094
3.005
2.824
2.606
2.432
2.311
2.259
2.338
2.518
2.72
2.93
3.094
3.144
3.094
2.971
2.794
2.631
2.55
2.518
2.536
2.588
2.629
2.694
2.772
2.826
2.849
2.838
2.749
2.597
2.481
2.395
2.307
2.218
2.18
2.139
2.066
2.064
2.225
2.4
2.468
2.463
2.413
2.309
2.105
1.855
1.637
1.481
1.368
1.32
1.397
1.542
1.674
1.755
1.812
1.812
1.672
1.388
1.043
0.764
0.606
0.54
0.537
0.619
0.748
0.807
0.75
0.683
0.642
0.576
0.481
0.408
0.388
0.379
0.304
0.163
0.072
0.088
0.122
0.193
0.313
0.41
0.485
0.513
0.481
0.358
0.184
-0.002
-0.22
-0.37
-0.313
-0.081
0.188
0.442
0.68
0.853
0.939
0.939
0.864
0.769
0.678
0.617
0.667
0.823
0.962
1.075
