Unnamed: 3
Value
0.944
0.882
0.9
0.903
0.805
0.667
0.608
0.649
0.685
0.671
0.671
0.705
0.746
0.798
0.853
0.835
0.708
0.542
0.422
0.313
0.179
0.059
0.057
0.118
0.127
0.12
0.161
0.215
0.211
0.159
0.125
0.1
0.023
-0.122
-0.297
-0.426
-0.49
-0.512
-0.56
-0.621
-0.615
-0.528
-0.454
-0.429
-0.401
-0.388
-0.42
-0.499
-0.578
-0.674
-0.757
-0.812
-0.837
-0.846
-0.862
-0.871
-0.81
-0.694
-0.633
-0.628
-0.596
-0.531
-0.54
-0.653
-0.739
-0.692
-0.585
-0.544
-0.549
-0.494
-0.429
-0.388
-0.365
-0.345
-0.299
-0.249
-0.24
-0.267
-0.277
-0.284
-0.313
-0.327
-0.308
-0.261
-0.177
-0.054
0.079
0.209
0.32
0.365
0.383
0.349
0.259
0.147
0.077
0.084
0.138
0.145
0.134
0.209
0.345
0.431
0.431
0.408
0.442
0.497
0.481
0.44
0.433
0.386
0.267
0.19
0.206
0.274
0.308
0.284
0.281
0.333
0.376
0.381
0.356
0.313
0.197
0.082
0.068
0.075
-0.011
-0.127
-0.15
-0.12
-0.116
-0.175
-0.245
-0.263
-0.263
-0.288
-0.34
-0.442
-0.578
-0.665
-0.699
-0.717
-0.757
-0.819
-0.873
-0.916
-0.987
-1.08
-1.157
-1.213
-1.302
-1.415
-1.529
-1.629
-1.706
-1.742
-1.756
-1.774
-1.79
-1.749
-1.703
-1.719
-1.787
-1.815
-1.851
-1.985
-2.168
-2.282
-2.345
-2.423
-2.509
-2.556
-2.565
-2.588
-2.629
-2.627
-2.547
-2.466
-2.452
-2.479
-2.488
-2.515
-2.584
-2.667
-2.751
-2.799
-2.819
-2.794
-2.708
-2.599
-2.561
-2.531
-2.45
-2.427
-2.504
-2.611
-2.663
-2.645
-2.611
-2.584
-2.579
-2.561
-2.493
-2.4
-2.35
-2.343
-2.314
-2.259
-2.241
-2.266
-2.245
-2.175
-2.184
-2.286
-2.345
-2.277
-2.162
-2.078
-2.035
-2.025
-2.016
-1.935
-1.817
-1.801
-1.876
-1.944
-1.973
-1.958
-1.951
-2.005
-2.012
-1.892
-1.762
-1.742
-1.799
-1.846
-1.86
-1.901
-2.005
-2.075
-2.098
-2.155
-2.234
-2.25
-2.239
-2.243
-2.243
-2.207
-2.186
-2.186
-2.168
-2.137
-2.13
-2.141
-2.189
-2.314
-2.423
-2.495
-2.624
-2.817
-2.924
-2.922
-2.903
-2.93
-2.958
-2.93
-2.894
-2.953
-3.085
-3.187
-3.239
-3.275
-3.332
-3.42
-3.486
-3.509
-3.538
-3.591
-3.65
-3.697
-3.752
-3.817
-3.876
-3.933
-3.997
-4.024
-3.985
-3.963
-4.031
-4.087
-4.11
-4.115
-4.103
-4.056
-4.017
-4.017
-4.074
-4.128
-4.149
-4.169
-4.237
-4.323
-4.387
-4.366
-4.251
-4.153
-4.164
-4.128
-3.951
-3.802
-3.763
-3.783
-3.799
-3.747
-3.654
-3.568
-3.518
-3.523
-3.536
-3.52
-3.459
-3.312
-3.153
-3.119
-3.148
-3.083
-2.91
-2.754
-2.681
-2.676
-2.683
-2.661
-2.593
-2.504
-2.486
-2.525
-2.466
-2.275
-2.164
-2.196
-2.218
-2.166
-2.08
-2.041
-2.075
-2.119
-2.082
-1.991
-1.948
-1.958
-1.969
-2.005
-2.06
-2.035
-1.942
-1.958
-2.087
-2.202
-2.243
-2.27
-2.32
-2.379
-2.431
-2.479
-2.506
-2.577
-2.697
-2.813
-2.804
-2.731
-2.754
-2.91
-3.049
-3.135
-3.219
-3.284
-3.352
-3.473
-3.638
-3.783
-3.879
-3.926
-3.96
-4.001
-4.053
-4.069
-4.01
-3.985
-4.083
-4.187
-4.228
-4.278
-4.35
-4.466
-4.607
-4.695
-4.716
-4.707
-4.766
-4.897
-4.972
-4.893
-4.797
-4.784
-4.743
-4.623
-4.518
-4.487
-4.459
-4.396
-4.36
-4.389
-4.439
-4.443
-4.387
-4.337
-4.339
-4.325
-4.176
-3.992
-3.938
-3.958
-3.935
-3.836
-3.672
-3.504
-3.402
-3.316
-3.189
-3.026
-2.847
-2.713
-2.651
-2.586
-2.466
-2.357
-2.282
-2.191
-2.107
-2.028
-1.928
-1.844
-1.783
-1.676
-1.504
-1.336
-1.229
-1.125
-0.977
-0.828
-0.678
-0.528
-0.472
-0.512
-0.51
-0.447
-0.399
-0.374
-0.315
-0.2
-0.07
0.027
0.07
0.111
0.147
0.222
0.336
0.376
0.315
0.274
0.311
0.343
0.32
0.302
0.306
0.324
0.345
0.349
0.363
0.417
0.492
0.535
0.497
0.424
0.44
0.456
0.351
0.209
0.141
0.134
0.109
0.047
-0.054
-0.122
-0.134
-0.161
-0.254
-0.408
-0.526
-0.528
-0.458
-0.492
-0.63
-0.703
-0.667
-0.633
-0.66
-0.748
-0.841
-0.91
-0.98
-1.073
-1.204
-1.315
-1.354
-1.361
-1.418
-1.495
-1.531
-1.579
-1.624
-1.654
-1.701
-1.746
-1.753
-1.742
-1.737
-1.749
-1.749
-1.721
-1.708
-1.758
-1.821
-1.824
-1.799
-1.79
-1.785
-1.799
-1.828
-1.815
-1.756
-1.713
-1.683
-1.647
-1.61
-1.617
-1.626
-1.599
-1.545
-1.549
-1.588
-1.608
-1.622
-1.654
-1.649
-1.59
-1.488
-1.368
-1.254
-1.143
-1.059
-0.996
-0.955
-0.916
-0.919
-0.966
-0.975
-0.984
-1.041
-1.109
-1.093
-1.043
-1.032
-1.059
-1.08
-1.034
-0.939
-0.853
-0.783
-0.721
-0.633
-0.517
-0.447
-0.433
-0.365
-0.261
-0.224
-0.27
-0.27
-0.227
-0.236
-0.315
-0.408
-0.458
-0.451
-0.42
-0.413
-0.424
-0.451
-0.469
-0.481
-0.585
-0.699
-0.703
-0.658
-0.68
-0.719
-0.689
-0.626
-0.553
-0.501
-0.517
-0.61
-0.685
-0.717
-0.828
-1.059
-1.22
-1.225
-1.225
-1.306
-1.375
-1.393
-1.365
-1.327
-1.325
-1.384
-1.501
-1.613
-1.708
-1.839
-2.046
-2.259
-2.379
-2.452
-2.495
-2.482
-2.418
-2.343
-2.223
-2.069
-1.944
-1.892
-1.855
-1.839
-1.83
-1.846
-1.923
-2.057
-2.193
-2.268
-2.293
-2.336
-2.402
-2.445
-2.477
-2.495
-2.42
-2.325
-2.28
-2.245
-2.139
-2.012
-1.914
-1.864
-1.81
-1.713
-1.588
-1.477
-1.368
-1.256
-1.225
-1.232
-1.232
-1.277
-1.393
-1.449
-1.427
-1.399
-1.386
-1.322
-1.189
-1.034
-0.887
-0.724
-0.581
-0.472
-0.365
-0.29
-0.27
-0.247
-0.206
-0.197
-0.243
-0.322
-0.42
-0.469
-0.469
-0.474
-0.44
-0.304
-0.104
0.122
0.343
0.469
0.533
0.619
0.696
0.696
0.64
0.571
0.522
0.492
0.438
0.349
0.254
0.24
0.32
0.372
0.313
0.236
0.252
0.356
0.42
0.413
0.408
0.46
0.54
0.59
0.615
0.624
0.592
0.553
0.551
0.54
0.481
0.354
0.215
0.125
0.039
-0.041
-0.07
-0.039
-0.014
-0.011
0.004
0.066
0.113
0.106
0.068
0.029
0.047
0.07
-0.007
-0.143
-0.188
-0.141
-0.072
-0.063
-0.12
-0.202
-0.224
-0.156
-0.095
-0.127
-0.197
-0.168
-0.018
0.145
0.24
0.292
0.383
0.531
0.66
0.71
0.726
0.748
0.789
0.78
0.71
0.737
0.891
1.046
1.161
1.291
1.424
1.52
1.572
1.619
1.706
1.815
1.892
1.969
2.08
2.241
2.436
2.606
2.74
2.844
2.933
3.019
3.103
3.173
3.178
3.135
3.16
3.259
3.316
3.332
3.4
3.514
3.595
3.64
3.665
3.702
3.758
3.833
3.865
3.842
3.817
3.795
3.743
3.711
3.709
3.697
3.652
3.579
3.536
3.557
3.604
3.616
3.577
3.55
3.536
3.523
3.527
3.484
3.398
3.3
3.262
3.255
3.169
3.008
2.903
2.858
2.817
2.747
2.679
2.663
2.681
2.697
2.69
2.692
2.72
2.74
2.779
2.831
2.84
2.817
2.785
2.74
2.713
2.713
2.71
2.667
2.622
2.565
2.502
2.459
2.459
2.466
2.506
2.579
2.722
2.903
3.024
3.06
3.101
3.173
3.182
3.108
3.01
2.944
2.91
2.842
2.747
2.62
2.5
2.445
2.509
2.604
2.59
2.543
2.588
2.679
2.735
2.704
2.636
2.586
2.556
2.515
2.434
2.323
2.266
2.248
2.221
2.2
2.178
2.143
2.078
1.982
1.894
1.824
1.744
1.669
1.665
1.731
1.801
1.851
1.858
1.83
1.81
1.785
1.774
1.744
1.613
1.465
1.397
1.365
1.343
1.304
1.263
1.277
1.322
1.359
1.386
1.404
1.436
1.493
1.549
1.617
1.694
1.81
1.908
1.935
1.937
1.946
1.953
1.912
1.899
1.933
1.951
1.921
1.926
2.021
2.171
2.3
2.438
2.597
2.695
2.742
2.799
2.876
2.908
2.903
2.912
2.944
2.958
2.947
2.992
3.11
3.223
3.296
3.303
3.289
3.309
3.4
3.5
3.504
3.516
3.607
3.715
3.777
3.822
3.879
3.888
3.824
3.736
3.681
3.62
3.534
3.398
3.25
3.137
3.042
2.985
2.974
2.983
2.978
3.028
3.164
3.282
3.336
3.35
3.38
3.42
3.423
3.371
3.296
3.269
3.291
3.3
3.28
3.255
3.262
3.341
3.407
3.45
3.486
3.504
3.482
3.489
3.554
3.57
3.511
3.455
3.425
3.402
3.359
3.305
3.259
3.232
3.241
3.305
3.359
3.398
3.461
3.561
3.672
3.729
3.731
3.747
3.808
3.876
3.908
3.904
3.888
3.876
3.89
3.913
3.872
3.804
3.806
3.829
3.774
3.656
3.591
3.557
3.491
3.418
3.364
3.348
3.334
3.305
3.3
3.314
3.293
3.257
3.232
3.185
3.076
2.962
2.926
2.867
2.745
2.649
2.649
2.706
2.715
2.672
2.615
2.572
2.531
2.488
2.388
2.227
2.039
1.878
1.769
1.654
1.481
1.325
1.245
1.238
1.236
1.202
1.154
1.116
1.118
1.168
1.204
1.202
1.2
1.197
1.166
1.182
1.263
1.334
1.286
1.141
1.057
1.084
1.075
0.955
0.857
0.846
0.889
0.873
0.808
0.751
0.744
0.757
0.719
0.626
0.56
0.547
0.519
0.472
0.41
0.331
0.24
0.202
0.252
0.32
0.338
0.313
0.279
0.227
0.161
0.1
0.059
0.032
-0.009
-0.075
-0.129
-0.181
-0.249
-0.306
-0.379
-0.458
-0.508
-0.537
-0.583
-0.617
-0.601
-0.585
-0.581
-0.601
-0.61
-0.619
-0.642
-0.694
-0.778
-0.875
-0.964
-1.052
-1.107
-1.077
-1.018
-1.003
-1.007
-0.948
-0.812
-0.674
-0.533
-0.361
-0.213
-0.143
-0.136
-0.134
-0.138
-0.195
-0.249
-0.288
-0.336
-0.372
-0.361
-0.349
-0.372
-0.329
-0.186
-0.036
0.084
0.234
0.417
0.608
0.764
0.869
0.93
0.959
0.973
0.962
0.921
0.864
0.805
0.748
0.783
0.894
0.975
1.016
1.118
1.304
1.447
1.547
1.635
1.721
1.79
1.837
1.839
1.796
1.749
1.728
1.708
1.631
1.572
1.595
1.61
1.542
1.495
1.506
1.542
1.554
1.513
1.477
1.472
1.508
1.538
1.501
1.409
1.309
1.229
1.136
0.993
0.828
0.703
0.651
0.63
0.553
0.408
0.315
0.361
0.442
0.433
0.333
0.261
0.254
0.211
0.102
-0.041
-0.168
-0.274
-0.383
-0.501
-0.583
-0.594
-0.601
-0.66
-0.68
-0.592
-0.472
-0.424
-0.463
-0.501
-0.479
-0.465
-0.531
-0.665
-0.816
-0.939
-1.025
-1.118
-1.213
-1.297
-1.336
-1.315
-1.209
-1.061
-0.959
-0.932
-0.923
-0.812
-0.674
-0.619
-0.596
-0.619
-0.732
-0.853
-0.898
-0.921
-1.012
-1.145
-1.223
-1.232
-1.2
-1.13
-1.025
-0.944
-0.839
-0.655
-0.463
-0.363
-0.322
-0.27
-0.19
-0.15
-0.19
-0.29
-0.401
-0.519
-0.621
-0.68
-0.724
-0.764
-0.773
-0.735
-0.637
-0.49
-0.304
-0.141
-0.052
0.063
0.2
0.249
0.186
0.052
-0.1
-0.211
-0.324
-0.499
-0.667
-0.764
-0.785
-0.789
-0.771
-0.721
-0.615
-0.494
-0.399
-0.315
-0.202
-0.104
-0.1
-0.159
-0.243
-0.365
-0.533
-0.751
-1.021
-1.275
-1.472
-1.579
-1.622
-1.647
-1.685
-1.694
-1.604
-1.404
-1.213
-1.154
-1.177
-1.145
-1.059
-1.073
-1.229
-1.477
-1.742
-1.937
-2.119
-2.329
-2.545
-2.638
-2.595
-2.52
-2.484
-2.423
-2.255
-2.089
-2.007
-1.976
-1.926
-1.892
-1.926
-2.007
-2.128
-2.32
-2.556
-2.788
-3.003
-3.212
-3.377
-3.455
-3.455
-3.4
-3.28
-3.137
-2.98
-2.794
-2.599
-2.461
-2.398
-2.366
-2.32
-2.35
-2.477
-2.64
-2.813
-3.039
-3.309
-3.552
-3.702
-3.749
-3.731
-3.688
-3.607
-3.452
-3.214
-3.008
-2.944
-2.926
-2.896
-2.906
-3.001
-3.121
-3.244
-3.402
-3.65
-3.997
-4.341
-4.586
-4.732
-4.852
-4.929
-4.943
-4.872
-4.723
-4.605
-4.487
-4.403
-4.403
-4.478
-4.575
-4.679
-4.825
-5.002
-5.203
-5.442
-5.664
-5.843
-6.002
-6.099
-6.095
-6.018
-5.929
-5.829
-5.666
-5.432
-5.203
-5.065
-5.006
-5.002
-5.038
-5.092
-5.156
-5.231
-5.349
-5.503
-5.657
-5.73
-5.736
-5.741
-5.716
-5.634
-5.446
-5.178
-4.911
-4.688
-4.419
-4.099
-3.831
-3.679
-3.588
-3.473
-3.357
-3.323
-3.346
-3.393
-3.443
-3.457
-3.448
-3.373
-3.228
-3.026
-2.817
-2.62
-2.406
-2.13
-1.871
-1.746
-1.708
-1.669
-1.672
-1.701
-1.701
-1.742
-1.828
-1.908
-1.93
-1.894
-1.815
-1.681
-1.504
-1.256
-0.989
-0.714
-0.431
-0.154
0.095
0.322
0.467
0.469
0.37
0.243
0.113
-0.034
-0.202
-0.343
-0.454
-0.542
-0.592
-0.569
-0.456
-0.297
-0.2
-0.202
-0.229
-0.215
-0.254
-0.383
-0.608
-0.896
-1.161
-1.354
-1.529
-1.713
-1.903
-2.094
-2.196
-2.189
-2.125
-1.966
-1.767
-1.626
-1.501
-1.279
-1.023
-0.855
-0.789
-0.801
-0.887
-1.028
-1.209
-1.434
-1.651
-1.828
-1.951
-2.064
-2.15
-2.193
-2.148
-2.048
-1.921
-1.805
-1.733
-1.71
-1.667
-1.615
-1.592
-1.649
-1.753
-1.858
-1.955
-2.066
-2.184
-2.323
-2.466
-2.568
-2.654
-2.722
-2.699
-2.565
-2.409
-2.282
-2.168
-2.046
-1.912
-1.805
-1.758
-1.765
-1.849
-1.989
-2.148
-2.284
-2.411
-2.549
-2.681
-2.819
-2.901
-2.883
-2.817
-2.735
-2.597
-2.379
-2.123
-1.869
-1.629
-1.372
-1.154
-1.023
-0.964
-0.971
-1.064
-1.15
-1.2
-1.275
-1.375
-1.486
-1.59
-1.647
-1.613
-1.47
-1.293
-1.134
-0.977
-0.862
-0.796
-0.726
-0.628
-0.551
-0.56
-0.703
-0.919
-1.116
-1.248
-1.381
-1.576
-1.751
-1.828
-1.785
-1.647
-1.443
-1.261
-1.086
-0.907
-0.762
-0.678
-0.66
-0.724
-0.832
-1.007
-1.248
-1.536
-1.799
-1.976
-2.096
-2.248
-2.402
-2.488
-2.49
-2.404
-2.28
-2.157
-2.03
-1.883
-1.749
-1.69
-1.692
-1.706
-1.737
-1.839
-2.019
-2.221
-2.391
-2.475
-2.506
-2.54
-2.611
-2.636
-2.543
-2.382
-2.223
-2.087
-2.005
-1.953
-1.887
-1.86
-1.903
-1.971
-2.057
-2.13
-2.211
-2.318
-2.431
-2.477
-2.452
-2.406
-2.406
-2.441
-2.436
-2.314
-2.089
-1.887
-1.721
-1.567
-1.424
-1.279
-1.161
-1.116
-1.102
-1.107
-1.111
-1.107
-1.109
-1.105
-1.066
-1.025
-1.018
-1.018
-0.993
-0.889
-0.737
-0.596
-0.476
-0.367
-0.254
-0.129
-0.052
-0.07
-0.116
-0.093
-0.02
0.032
0.066
0.147
0.32
0.517
0.637
0.671
0.719
0.875
1.086
1.232
1.268
1.254
1.286
1.399
1.501
1.517
1.413
1.3
1.218
1.136
1.057
1.009
0.973
0.991
1.057
1.159
1.325
1.513
1.681
1.785
1.812
1.81
1.828
1.835
1.796
1.683
1.513
1.343
1.252
1.223
1.157
1.043
0.977
1.021
1.091
1.125
1.102
1.068
1.089
1.154
1.216
1.209
1.109
0.955
0.826
0.678
0.517
0.308
0.066
-0.141
-0.215
-0.181
-0.118
-0.034
0.084
0.229
0.367
0.458
0.49
0.506
0.504
0.41
0.202
-0.05
-0.197
-0.288
-0.445
-0.66
-0.821
-0.891
-0.889
-0.88
-0.91
-0.932
-0.864
-0.685
-0.442
-0.263
-0.204
-0.143
-0.034
0.014
-0.095
-0.306
-0.458
-0.49
-0.481
-0.551
-0.699
-0.76
-0.662
-0.504
-0.404
-0.376
-0.311
-0.104
0.15
0.358
0.497
0.615
0.764
0.914
0.984
1.007
1.03
1.043
1.039
1.014
1.021
1.095
1.213
1.354
1.508
1.606
1.665
1.787
2.001
2.209
2.327
2.388
2.488
2.67
2.824
2.874
2.851
2.835
2.851
2.947
3.039
3.003
2.892
2.869
2.99
3.123
3.182
3.207
3.273
3.359
3.484
3.661
3.752
3.697
3.625
3.634
3.684
3.677
3.577
3.464
3.393
3.362
3.325
3.275
3.25
3.241
3.244
3.257
3.312
3.364
3.35
3.373
3.432
3.47
3.475
3.495
3.498
3.455
3.368
3.275
3.198
3.137
3.08
3.014
2.915
2.842
2.885
2.953
2.883
2.742
2.72
2.799
2.842
2.794
2.722
2.679
2.665
2.651
2.62
2.579
2.509
2.445
2.443
2.506
2.538
2.472
2.406
2.443
2.52
2.547
2.547
2.574
2.62
2.681
2.754
2.785
2.747
2.704
2.724
2.731
2.599
2.468
2.536
2.654
2.604
2.493
2.493
2.599
2.69
2.76
2.84
2.924
3.001
3.096
3.244
3.352
3.336
3.246
3.269
3.409
3.489
3.443
3.348
3.259
3.228
3.234
3.216
3.132
3.03
2.996
3.069
3.182
3.25
3.264
3.312
3.398
3.486
3.529
3.482
3.362
3.262
3.212
3.153
3.078
3.051
3.112
3.21
3.23
3.137
3.064
3.121
3.189
3.144
3.069
3.114
3.194
3.205
3.185
3.148
3.089
3.014
2.937
2.849
2.722
2.597
2.504
2.436
2.363
2.291
2.227
2.193
2.202
2.223
2.18
2.132
2.141
2.112
1.976
1.844
1.83
1.869
1.837
1.76
1.694
1.644
1.599
1.585
1.572
1.463
1.377
1.415
1.488
1.458
1.37
1.32
1.336
1.384
1.42
1.443
1.465
1.511
1.549
1.504
1.411
1.375
1.361
1.293
1.238
1.229
1.256
1.306
1.368
1.42
1.493
1.608
1.715
1.758
1.737
1.721
1.783
1.853
1.905
1.951
1.939
1.871
1.864
1.935
1.948
1.883
1.821
1.812
1.883
1.987
2.084
2.1
2.116
2.255
2.425
2.461
2.416
2.384
2.373
2.398
2.434
2.445
2.413
2.406
2.45
2.47
2.409
2.382
2.509
2.649
2.672
2.676
2.756
2.856
2.94
2.951
2.901
2.874
2.933
3.019
3.053
3.033
3.01
2.999
2.999
3.044
3.062
2.955
2.844
2.831
2.804
2.699
2.62
2.638
2.695
2.735
2.792
2.865
2.906
2.93
2.999
3.073
3.087
3.112
3.182
3.2
3.146
3.105
3.108
3.126
3.126
3.062
2.962
2.908
2.935
2.947
2.871
2.813
2.842
2.883
2.894
2.908
2.926
2.976
3.058
3.105
3.083
3.012
2.915
2.833
2.735
2.604
2.561
2.597
2.568
2.504
2.54
2.636
2.683
2.672
2.649
2.613
2.545
2.502
2.486
2.443
2.384
2.379
2.402
2.429
2.461
2.441
2.314
2.18
2.128
2.148
2.148
2.121
2.159
2.236
2.302
2.334
2.334
2.27
2.23
2.273
2.28
2.207
2.153
2.134
2.114
2.123
2.146
2.15
2.141
2.121
2.107
2.103
2.098
2.062
1.982
1.962
2.035
2.062
1.964
1.887
1.885
1.885
1.867
1.855
1.871
1.883
1.899
1.944
1.951
1.899
1.871
1.923
1.917
1.794
1.681
1.615
1.554
1.52
1.517
1.477
1.413
1.413
1.472
1.54
1.617
1.697
1.717
1.749
1.874
2.007
2.003
1.923
1.923
1.973
1.991
1.939
1.81
1.678
1.617
1.613
1.604
1.554
1.595
1.79
1.98
2.012
2.001
2.039
2.062
2.053
2.023
1.946
1.88
1.887
1.917
1.917
1.919
1.953
1.935
1.905
1.935
1.921
1.83
1.792
1.824
1.86
1.88
1.928
1.991
2.016
1.955
1.839
1.749
1.749
1.74
1.608
1.49
1.481
1.511
1.504
1.458
1.42
1.452
1.522
1.583
1.606
1.581
1.529
1.486
1.486
1.424
1.275
1.182
1.207
1.263
1.236
1.134
1.055
1.016
0.989
0.923
0.791
0.692
0.669
0.676
0.696
0.701
0.646
0.61
0.644
0.653
0.569
0.451
0.365
0.313
0.277
0.197
0.093
0.061
0.043
-0.029
-0.082
-0.106
-0.125
-0.125
-0.125
-0.136
-0.175
-0.206
-0.209
-0.222
-0.263
-0.32
-0.379
-0.397
-0.363
-0.361
-0.417
-0.501
-0.542
-0.504
-0.449
-0.458
-0.522
-0.528
-0.451
-0.361
-0.302
-0.329
-0.415
-0.445
-0.404
-0.388
-0.42
-0.467
-0.49
-0.467
-0.451
-0.504
-0.617
-0.66
-0.571
-0.474
-0.429
-0.37
-0.288
-0.259
-0.286
-0.324
-0.345
-0.347
-0.354
-0.358
-0.351
-0.358
-0.381
-0.367
-0.361
-0.429
-0.512
-0.537
-0.535
-0.531
-0.51
-0.458
-0.386
-0.313
-0.267
-0.259
-0.254
-0.243
-0.277
-0.358
-0.426
-0.488
-0.592
-0.68
-0.708
-0.712
-0.728
-0.732
-0.692
-0.587
-0.44
-0.347
-0.331
-0.34
-0.351
-0.37
-0.415
-0.524
-0.646
-0.732
-0.737
-0.73
-0.778
-0.862
-0.93
-0.914
-0.837
-0.81
-0.848
-0.837
-0.769
-0.705
-0.655
-0.646
-0.653
-0.612
-0.578
-0.608
-0.667
-0.721
-0.81
-0.851
-0.882
-0.975
-1.082
-1.095
-1.057
-1
-0.953
-0.923
-0.864
-0.778
-0.719
-0.714
-0.726
-0.746
-0.755
-0.753
-0.751
-0.798
-0.919
-1.016
-1.034
-1.016
-1.043
-1.107
-1.13
-1.091
-1.03
-0.989
-0.948
-0.905
-0.891
-0.903
-0.887
-0.871
-0.921
-1.021
-1.109
-1.166
-1.207
-1.281
-1.368
-1.443
-1.461
-1.395
-1.32
-1.263
-1.232
-1.209
-1.175
-1.136
-1.136
-1.175
-1.213
-1.223
-1.191
-1.209
-1.309
-1.379
-1.377
-1.372
-1.429
-1.504
-1.531
-1.547
-1.579
-1.604
-1.608
-1.572
-1.526
-1.54
-1.604
-1.635
-1.585
-1.497
-1.472
-1.54
-1.667
-1.776
-1.824
-1.855
-1.914
-1.991
-2.039
-2.021
-1.944
-1.878
-1.864
-1.871
-1.851
-1.844
-1.867
-1.917
-1.987
-2.053
-2.105
-2.157
-2.184
-2.191
-2.214
-2.241
-2.252
-2.257
-2.245
-2.266
-2.352
-2.495
-2.629
-2.667
-2.672
-2.717
-2.745
-2.742
-2.706
-2.629
-2.579
-2.597
-2.661
-2.71
-2.735
-2.799
-2.899
-2.969
-2.983
-3.003
-3.039
-3.053
-3.017
-2.98
-3.012
-3.071
-3.098
-3.108
-3.121
-3.144
-3.196
-3.262
-3.336
-3.373
-3.387
-3.441
-3.557
-3.586
-3.502
-3.407
-3.348
-3.35
-3.357
-3.336
-3.318
-3.341
-3.393
-3.459
-3.509
-3.523
-3.514
-3.493
-3.477
-3.484
-3.489
-3.479
-3.468
-3.445
-3.418
-3.402
-3.432
-3.493
-3.511
-3.486
-3.504
-3.57
-3.616
-3.586
-3.534
-3.511
-3.548
-3.613
-3.647
-3.609
-3.557
-3.566
-3.609
-3.622
-3.604
-3.57
-3.541
-3.502
-3.441
-3.373
-3.282
-3.191
-3.116
-3.078
-3.064
-3.094
-3.146
-3.173
-3.194
-3.264
-3.409
-3.5
-3.484
-3.425
-3.371
-3.318
-3.273
-3.18
-3.039
-2.93
-2.899
-2.942
-3.019
-3.076
-3.11
-3.139
-3.155
-3.18
-3.167
-3.078
-2.987
-2.906
-2.826
-2.754
-2.72
-2.679
-2.654
-2.633
-2.643
-2.692
-2.774
-2.808
-2.733
-2.604
-2.552
-2.584
-2.602
-2.574
-2.547
-2.584
-2.658
-2.724
-2.749
-2.679
-2.54
-2.447
-2.466
-2.468
-2.382
-2.307
-2.325
-2.388
-2.447
-2.513
-2.602
-2.674
-2.713
-2.735
-2.751
-2.754
-2.695
-2.588
-2.513
-2.488
-2.488
-2.452
-2.393
-2.37
-2.395
-2.456
-2.554
-2.713
-2.869
-2.93
-2.896
-2.894
-2.926
-2.912
-2.815
-2.679
-2.59
-2.549
-2.536
-2.513
-2.488
-2.49
-2.529
-2.597
-2.686
-2.76
-2.826
-2.828
-2.817
-2.858
-2.896
-2.838
-2.69
-2.554
-2.468
-2.393
-2.316
-2.239
-2.164
-2.164
-2.255
-2.375
-2.416
-2.413
-2.452
-2.574
-2.713
-2.776
-2.742
-2.651
-2.579
-2.529
-2.436
-2.339
-2.307
-2.307
-2.257
-2.221
-2.241
-2.311
-2.361
-2.348
-2.327
-2.375
-2.445
-2.49
-2.497
-2.475
-2.45
-2.418
-2.402
-2.354
-2.241
-2.112
-2.05
-2.064
-2.073
-2.041
-2.044
-2.123
-2.193
-2.266
-2.341
-2.339
-2.261
-2.141
-2.01
-1.892
-1.78
-1.676
-1.56
-1.434
-1.329
-1.331
-1.386
-1.352
-1.304
-1.375
-1.551
-1.753
-1.885
-1.948
-1.971
-1.96
-1.885
-1.765
-1.658
-1.533
-1.386
-1.291
-1.261
-1.248
-1.229
-1.17
-1.157
-1.25
-1.386
-1.493
-1.604
-1.731
-1.858
-2.001
-2.119
-2.175
-2.178
-2.15
-2.155
-2.209
-2.257
-2.239
-2.159
-2.069
-2.055
-2.175
-2.368
-2.477
-2.529
-2.624
-2.754
-2.849
-2.899
-2.894
-2.851
-2.806
-2.788
-2.792
-2.76
-2.715
-2.772
-2.892
-2.978
-3.101
-3.309
-3.516
-3.681
-3.824
-3.933
-3.988
-3.949
-3.797
-3.597
-3.507
-3.5
-3.439
-3.328
-3.212
-3.11
-3.071
-3.092
-3.148
-3.212
-3.293
-3.412
-3.584
-3.706
-3.749
-3.749
-3.675
-3.57
-3.511
-3.475
-3.387
-3.264
-3.13
-3.026
-2.928
-2.819
-2.747
-2.774
-2.824
-2.804
-2.806
-2.867
-2.887
-2.799
-2.674
-2.581
-2.534
-2.468
-2.329
-2.159
-2.023
-1.908
-1.88
-1.914
-1.846
-1.719
-1.667
-1.688
-1.713
-1.683
-1.608
-1.549
-1.556
-1.567
-1.529
-1.458
-1.338
-1.154
-1.028
-1.005
-0.937
-0.728
-0.506
-0.424
-0.467
-0.567
-0.676
-0.771
-0.805
-0.814
-0.905
-0.984
-0.934
-0.835
-0.769
-0.708
-0.671
-0.615
-0.519
-0.395
-0.336
-0.343
-0.42
-0.569
-0.671
-0.703
-0.762
-0.862
-0.964
-1.052
-1.095
-1.105
-1.107
-1.145
-1.229
-1.284
-1.22
-1.107
-1.093
-1.139
-1.195
-1.261
-1.3
-1.3
-1.361
-1.497
-1.592
-1.583
-1.522
-1.488
-1.581
-1.724
-1.721
-1.608
-1.538
-1.529
-1.57
-1.583
-1.529
-1.486
-1.513
-1.581
-1.622
-1.633
-1.644
-1.733
-1.828
-1.858
-1.86
-1.876
-1.855
-1.796
-1.708
-1.615
-1.581
-1.585
-1.526
-1.411
-1.363
-1.372
-1.372
-1.393
-1.406
-1.377
-1.352
-1.388
-1.438
-1.449
-1.42
-1.397
-1.388
-1.356
-1.368
-1.429
-1.37
-1.177
-1.039
-1.012
-0.996
-0.914
-0.776
-0.678
-0.694
-0.742
-0.703
-0.601
-0.542
-0.501
-0.469
-0.528
-0.606
-0.574
-0.454
-0.395
-0.408
-0.433
-0.395
-0.327
-0.279
-0.247
-0.254
-0.272
-0.2
-0.097
-0.075
-0.109
-0.111
-0.068
-0.002
0.066
0.125
0.125
0.102
0.109
0.175
0.224
0.184
0.084
0.004
-0.077
-0.15
-0.181
-0.238
-0.345
-0.399
-0.324
-0.197
-0.131
-0.161
-0.234
-0.274
-0.245
-0.17
-0.159
-0.209
-0.254
-0.274
-0.331
-0.388
-0.41
-0.449
-0.537
-0.624
-0.683
-0.769
-0.896
-1.016
-1.061
-1.03
-0.977
-0.928
-0.875
-0.821
-0.739
-0.694
-0.721
-0.732
-0.721
-0.769
-0.905
-1.032
-1.059
-1.08
-1.173
-1.297
-1.397
-1.443
-1.397
-1.281
-1.173
-1.118
-1.12
-1.107
-0.987
-0.835
-0.803
-0.86
-0.839
-0.687
-0.569
-0.581
-0.649
-0.694
-0.689
-0.658
-0.633
-0.633
-0.637
-0.596
-0.456
-0.274
-0.177
-0.147
-0.125
-0.063
0.023
0.097
0.111
0.084
0.057
0.05
0.091
0.186
0.281
0.363
0.435
0.512
0.585
0.662
0.735
0.748
0.732
0.773
0.871
0.887
0.812
0.769
0.828
0.934
1.018
1.071
1.066
1.046
1.066
1.111
1.136
1.145
1.12
1.116
1.191
1.327
1.458
1.497
1.458
1.434
1.488
1.547
1.551
1.54
1.499
1.44
1.436
1.463
1.477
1.483
1.486
1.474
1.47
1.479
1.447
1.393
1.381
1.409
1.399
1.336
1.302
1.315
1.343
1.381
1.436
1.468
1.454
1.411
1.388
1.406
1.434
1.427
1.356
1.263
1.234
1.284
1.34
1.34
1.309
1.32
1.352
1.359
1.402
1.481
1.531
1.547
1.588
1.66
1.713
1.685
1.599
1.558
1.581
1.57
1.493
1.409
1.359
1.35
1.393
1.524
1.683
1.78
1.839
1.96
2.137
2.255
2.277
2.234
2.168
2.125
2.109
2.089
2.03
1.951
1.926
1.955
1.996
2.053
2.15
2.245
2.339
2.429
2.479
2.47
2.45
2.416
2.375
2.35
2.336
2.293
2.25
2.25
2.277
2.3
2.345
2.377
2.352
2.343
2.382
2.45
2.52
2.563
2.593
2.645
2.717
2.788
2.824
2.788
2.702
2.608
2.522
2.463
2.452
2.456
2.452
2.466
2.522
2.661
2.808
2.867
2.887
2.906
2.917
2.906
2.871
2.779
2.643
2.563
2.577
2.62
2.606
2.552
2.559
2.654
2.756
2.763
2.722
2.708
2.763
2.828
2.831
2.779
2.726
2.692
2.645
2.618
2.631
2.624
2.59
2.59
2.654
2.717
2.774
2.84
2.912
2.937
2.98
3.071
3.11
3.096
3.083
3.067
3.019
2.96
2.856
2.708
2.599
2.556
2.554
2.577
2.629
2.724
2.826
2.942
3.089
3.221
3.289
3.332
3.418
3.509
3.52
3.479
3.432
3.405
3.341
3.212
3.044
2.96
2.969
3.008
3.026
3.049
3.094
3.162
3.207
3.216
3.241
3.275
3.296
3.341
3.418
3.486
3.545
3.591
3.577
3.518
3.448
3.412
3.368
3.298
3.262
3.275
3.312
3.4
3.543
3.665
3.747
3.772
3.747
3.677
3.566
3.432
3.323
3.28
3.282
3.278
3.278
3.312
3.35
3.341
3.314
3.341
3.402
3.434
3.407
3.409
3.523
3.67
3.772
3.802
3.788
3.772
3.754
3.702
3.588
3.448
3.309
3.212
3.132
3.046
3.001
3.064
3.196
3.307
3.412
3.586
3.795
3.933
3.979
3.972
3.967
3.997
4.001
3.904
3.765
3.688
3.677
3.67
3.616
3.534
3.489
3.527
3.632
3.727
3.727
3.706
3.777
3.942
4.085
4.169
4.183
4.144
4.076
4.026
3.965
3.849
3.697
3.62
3.632
3.64
3.64
3.67
3.718
3.772
3.863
3.972
4.076
4.137
4.14
4.128
4.149
4.164
4.085
3.906
3.727
3.593
3.509
3.412
3.307
3.237
3.23
3.287
3.346
3.412
3.489
3.584
3.654
3.718
3.777
3.808
3.756
3.652
3.525
3.377
3.239
3.076
2.917
2.815
2.776
2.785
2.853
2.953
3.028
3.069
3.153
3.262
3.341
3.346
3.296
3.262
3.262
3.219
3.105
2.951
2.831
2.735
2.643
2.604
2.656
2.779
2.958
3.214
3.507
3.729
3.908
4.085
4.223
4.278
4.26
4.203
4.171
4.183
4.194
4.176
4.176
4.212
4.264
4.303
4.35
4.414
4.491
4.521
4.414
4.239
4.162
4.044
3.727
3.475
3.602
3.944
4.067
3.89
3.745
3.765
3.731
3.493
3.191
3.026
3.087
3.362
3.688
3.942
4.212
4.527
4.734
4.727
4.521
4.158
3.695
3.275
2.976
2.697
2.459
2.461
2.638
2.686
2.57
2.556
2.738
2.881
2.883
2.901
3.085
3.391
3.69
3.84
3.811
3.736
3.711
3.588
3.262
2.89
2.674
2.59
2.536
2.538
2.613
2.713
2.806
2.883
2.917
2.878
2.804
2.806
2.867
2.76
2.475
2.273
2.284
2.334
2.27
2.193
2.221
2.307
2.286
2.162
2.087
2.146
2.209
2.123
2.007
2.075
2.289
2.42
2.402
2.388
2.443
2.47
2.406
2.23
1.991
1.785
1.66
1.585
1.52
1.456
1.463
1.581
1.735
1.796
1.737
1.71
1.826
1.919
1.826
1.674
1.613
1.608
1.56
1.431
1.291
1.216
1.232
1.261
1.272
1.338
1.481
1.604
1.638
1.649
1.706
1.735
1.644
1.524
1.447
1.386
1.336
1.334
1.336
1.286
1.232
1.272
1.386
1.422
1.34
1.236
1.209
1.177
1.05
0.941
0.998
1.168
1.331
1.447
1.551
1.683
1.79
1.785
1.672
1.547
1.447
1.345
1.234
1.148
1.125
1.125
1.193
1.336
1.465
1.472
1.377
1.309
1.254
1.111
0.891
0.71
0.644
0.701
0.808
0.898
0.971
1.034
1.082
1.12
1.211
1.266
1.211
1.123
1.136
1.189
1.141
1.025
0.955
0.953
1.003
1.057
1.095
1.105
1.098
1.091
1.102
1.12
1.143
1.157
1.175
1.232
1.325
1.343
1.268
1.213
1.261
1.32
1.306
1.245
1.241
1.32
1.39
1.434
1.481
1.551
1.599
1.629
1.638
1.57
1.468
1.422
1.488
1.606
1.688
1.713
1.74
1.778
1.785
1.724
1.579
1.411
1.279
1.202
1.148
1.114
1.095
1.082
1.132
1.288
1.415
1.406
1.295
1.179
1.114
1.064
0.98
0.875
0.803
0.81
0.864
0.928
1.023
1.114
1.159
1.177
1.182
1.123
0.982
0.851
0.78
0.667
0.501
0.376
0.365
0.454
0.587
0.68
0.689
0.646
0.635
0.642
0.599
0.474
0.279
0.097
0.041
0.106
0.122
0.02
-0.063
-0.018
0.136
0.284
0.351
0.34
0.317
0.381
0.451
0.397
0.256
0.143
0.077
-0.027
-0.136
-0.236
-0.358
-0.44
-0.404
-0.322
-0.277
-0.261
-0.263
-0.308
-0.363
-0.39
-0.41
-0.356
-0.279
-0.259
-0.238
-0.195
-0.172
-0.197
-0.279
-0.449
-0.653
-0.826
-0.948
-1.059
-1.152
-1.164
-1.086
-1.032
-1.003
-0.873
-0.674
-0.522
-0.42
-0.376
-0.388
-0.449
-0.587
-0.844
-1.114
-1.286
-1.415
-1.572
-1.672
-1.717
-1.731
-1.66
-1.468
-1.216
-1.018
-0.891
-0.769
-0.624
-0.551
-0.56
-0.594
-0.703
-0.894
-1.091
-1.261
-1.42
-1.585
-1.756
-1.849
-1.81
-1.694
-1.599
-1.468
-1.297
-1.195
-1.143
-1.105
-1.127
-1.154
-1.157
-1.132
-1.111
-1.114
-1.159
-1.213
-1.334
-1.508
-1.64
-1.731
-1.878
-2.019
-2.071
-2.062
-2.012
-1.874
-1.619
-1.304
-1.098
-1.071
-1.08
-1.003
-1.014
-1.241
-1.515
-1.713
-1.83
-1.926
-2.03
-2.114
-2.116
-1.998
-1.805
-1.597
-1.443
-1.311
-1.13
-0.998
-0.993
-1.046
-1.089
-1.123
-1.13
-1.15
-1.243
-1.338
-1.386
-1.438
-1.508
-1.497
-1.465
-1.449
-1.406
-1.352
-1.293
-1.209
-1.159
-1.17
-1.179
-1.191
-1.256
-1.422
-1.615
-1.692
-1.678
-1.735
-1.835
-1.892
-1.917
-1.926
-1.91
-1.903
-1.91
-1.905
-1.899
-1.905
-1.876
-1.83
-1.885
-1.964
-2.016
-2.132
-2.314
-2.443
-2.497
-2.554
-2.672
-2.779
-2.785
-2.754
-2.731
-2.649
-2.552
-2.513
-2.49
-2.468
-2.504
-2.57
-2.636
-2.697
-2.745
-2.799
-2.901
-2.98
-2.951
-2.91
-2.915
-2.928
-2.908
-2.844
-2.754
-2.706
-2.735
-2.776
-2.742
-2.663
-2.629
-2.676
-2.69
-2.649
-2.71
-2.853
-2.94
-2.944
-2.933
-2.949
-2.955
-2.908
-2.79
-2.674
-2.64
-2.595
-2.479
-2.386
-2.354
-2.339
-2.388
-2.484
-2.556
-2.581
-2.615
-2.663
-2.686
-2.615
-2.497
-2.404
-2.341
-2.311
-2.293
-2.198
-2.098
-2.091
-2.121
-2.134
-2.159
-2.211
-2.268
-2.343
-2.454
-2.554
-2.636
-2.715
-2.731
-2.679
-2.629
-2.577
-2.515
-2.477
-2.431
-2.348
-2.261
-2.236
-2.27
-2.307
-2.3
-2.295
-2.329
-2.391
-2.431
-2.431
-2.472
-2.615
-2.749
-2.806
-2.813
-2.867
-2.96
-2.996
-2.933
-2.817
-2.695
-2.597
-2.506
-2.429
-2.42
-2.495
-2.581
-2.636
-2.665
-2.733
-2.885
-3.058
-3.155
-3.148
-3.076
-3.001
-2.928
-2.838
-2.742
-2.661
-2.606
-2.572
-2.531
-2.515
-2.57
-2.661
-2.729
-2.794
-2.903
-3.049
-3.164
-3.237
-3.257
-3.262
-3.293
-3.291
-3.194
-3.058
-2.996
-3.01
-2.987
-2.863
-2.747
-2.715
-2.726
-2.738
-2.729
-2.745
-2.769
-2.794
-2.815
-2.838
-2.892
-2.942
-2.967
-2.971
-2.947
-2.883
-2.838
-2.815
-2.767
-2.631
-2.445
-2.327
-2.3
-2.314
-2.327
-2.348
-2.406
-2.511
-2.638
-2.688
-2.649
-2.643
-2.676
-2.665
-2.556
-2.411
-2.318
-2.311
-2.327
-2.348
-2.386
-2.436
-2.477
-2.513
-2.552
-2.584
-2.613
-2.661
-2.679
-2.595
-2.518
-2.534
-2.586
-2.597
-2.525
-2.441
-2.416
-2.395
-2.329
-2.266
-2.293
-2.409
-2.515
-2.552
-2.599
-2.738
-2.933
-3.049
-3.033
-2.949
-2.91
-2.91
-2.865
-2.79
-2.688
-2.588
-2.565
-2.613
-2.636
-2.643
-2.733
-2.878
-3.028
-3.123
-3.187
-3.262
-3.375
-3.527
-3.645
-3.718
-3.752
-3.747
-3.754
-3.795
-3.799
-3.802
-3.783
-3.677
-3.593
-3.609
-3.652
-3.684
-3.715
-3.758
-3.87
-4.035
-4.187
-4.312
-4.394
-4.414
-4.375
-4.31
-4.233
-4.164
-4.074
-4.026
-4.04
-4.028
-3.976
-3.976
-4.06
-4.185
-4.258
-4.244
-4.23
-4.294
-4.378
-4.425
-4.437
-4.437
-4.457
-4.466
-4.398
-4.31
-4.226
-4.208
-4.192
-4.103
-3.994
-3.913
-3.87
-3.892
-3.965
-4.015
-4.033
-4.049
-4.051
-4.044
-4.06
-4.072
-4.047
-3.972
-3.863
-3.745
-3.611
-3.493
-3.357
-3.244
-3.173
-3.146
-3.155
-3.194
-3.207
-3.214
-3.223
-3.225
-3.237
-3.23
-3.18
-3.116
-3.11
-3.126
-3.092
-3.017
-2.987
-3.012
-2.999
-2.91
-2.799
-2.72
-2.702
-2.704
-2.667
-2.629
-2.667
-2.754
-2.826
-2.869
-2.89
-2.924
-2.994
-3.073
-3.108
-3.085
-3.053
-3.03
-3.008
-2.996
-2.978
-2.955
-2.974
-3.001
-3.001
-3.037
-3.073
-3.08
-3.062
-3.028
-2.978
-2.947
-2.922
-2.91
-2.978
-3.11
-3.232
-3.289
-3.328
-3.414
-3.482
-3.443
-3.368
-3.318
-3.269
-3.255
-3.241
-3.223
-3.225
-3.246
-3.271
-3.269
-3.244
-3.241
-3.25
-3.223
-3.185
-3.194
-3.21
-3.228
-3.278
-3.339
-3.371
-3.416
-3.455
-3.402
-3.312
-3.259
-3.237
-3.175
-3.042
-2.908
-2.863
-2.899
-2.935
-2.947
-3.021
-3.146
-3.221
-3.196
-3.135
-3.083
-3.035
-2.947
-2.81
-2.663
-2.561
-2.538
-2.565
-2.588
-2.584
-2.586
-2.588
-2.627
-2.676
-2.683
-2.686
-2.726
-2.756
-2.738
-2.726
-2.749
-2.781
-2.758
-2.674
-2.59
-2.525
-2.463
-2.379
-2.293
-2.205
-2.164
-2.164
-2.186
-2.23
-2.307
-2.384
-2.454
-2.515
-2.572
-2.62
-2.593
-2.529
-2.482
-2.431
-2.307
-2.139
-2.01
-1.928
-1.867
-1.828
-1.799
-1.762
-1.721
-1.681
-1.669
-1.688
-1.701
-1.685
-1.669
-1.683
-1.71
-1.744
-1.769
-1.749
-1.66
-1.574
-1.52
-1.486
-1.452
-1.415
-1.379
-1.35
-1.343
-1.295
-1.22
-1.184
-1.202
-1.195
-1.157
-1.141
-1.182
-1.279
-1.359
-1.345
-1.338
-1.386
-1.404
-1.377
-1.35
-1.356
-1.397
-1.474
-1.513
-1.456
-1.381
-1.338
-1.288
-1.2
-1.164
-1.197
-1.22
-1.241
-1.345
-1.461
-1.536
-1.613
-1.69
-1.731
-1.735
-1.744
-1.753
-1.737
-1.672
-1.572
-1.517
-1.506
-1.452
-1.345
-1.266
-1.236
-1.229
-1.22
-1.241
-1.315
-1.402
-1.445
-1.452
-1.472
-1.585
-1.749
-1.805
-1.792
-1.778
-1.758
-1.721
-1.626
-1.477
-1.3
-1.134
-1.041
-1.061
-1.143
-1.209
-1.261
-1.386
-1.531
-1.588
-1.583
-1.556
-1.501
-1.399
-1.313
-1.266
-1.234
-1.2
-1.136
-1.048
-0.98
-0.975
-0.984
-0.93
-0.878
-0.875
-0.9
-0.964
-1.057
-1.139
-1.211
-1.27
-1.318
-1.395
-1.49
-1.468
-1.297
-1.161
-1.102
-1.014
-0.894
-0.787
-0.696
-0.64
-0.642
-0.717
-0.816
-0.894
-0.944
-1.007
-1.116
-1.254
-1.315
-1.25
-1.218
-1.272
-1.291
-1.236
-1.17
-1.139
-1.109
-1.075
-1.032
-1.014
-1.05
-1.048
-0.996
-0.998
-1.03
-0.982
-0.898
-0.891
-0.973
-1.039
-1.052
-1.055
-1.073
-1.068
-1.03
-1
-1.043
-1.084
-0.996
-0.882
-0.837
-0.823
-0.76
-0.655
-0.571
-0.549
-0.547
-0.531
-0.512
-0.528
-0.549
-0.608
-0.63
-0.549
-0.415
-0.327
-0.256
-0.168
-0.066
0.052
0.184
0.29
0.397
0.506
0.563
0.61
0.658
0.705
0.808
0.944
1.007
1.009
1.098
1.266
1.399
1.44
1.415
1.447
1.551
1.656
1.769
1.951
2.103
2.218
2.368
2.586
2.792
2.933
3.049
3.198
3.346
3.416
3.373
3.298
3.255
3.196
3.16
3.203
3.284
3.387
3.5
3.668
3.863
4.033
4.128
4.187
4.237
4.264
4.31
4.339
4.325
4.33
4.371
4.389
4.425
4.509
4.598
4.67
4.757
4.822
4.768
4.677
4.634
4.593
4.505
4.416
4.382
4.407
4.484
4.584
4.668
4.709
4.729
4.738
4.7
4.546
4.416
4.371
4.303
4.217
4.187
4.226
4.244
4.253
4.294
4.371
4.448
4.459
4.423
4.412
4.375
4.223
4.06
3.981
3.944
3.881
3.808
3.768
3.79
3.813
3.808
3.829
3.852
3.797
3.747
3.736
3.709
3.663
3.616
3.577
3.568
3.609
3.652
3.684
3.731
3.704
3.64
3.656
3.704
3.704
3.684
3.661
3.67
3.697
3.695
3.661
3.62
3.595
3.632
3.693
3.684
3.616
3.627
3.663
3.613
3.518
3.441
3.38
3.321
3.305
3.377
3.552
3.747
3.833
3.885
4.019
4.126
4.133
4.124
4.128
4.081
3.988
3.897
3.827
3.754
3.659
3.577
3.561
3.577
3.634
3.761
3.876
3.942
4.003
4.067
4.108
4.117
4.108
4.085
4.103
4.171
4.208
4.194
4.203
4.223
4.253
4.287
4.267
4.196
4.126
4.062
3.983
3.929
3.924
3.944
3.926
3.881
3.938
4.101
4.189
4.162
4.137
4.155
4.155
4.103
4.04
4.001
4.013
4.024
4.028
4.121
4.258
4.314
4.321
4.378
4.475
4.512
4.457
4.31
4.144
3.99
3.842
3.731
3.675
3.663
3.779
3.997
4.214
4.407
4.586
4.747
4.888
4.988
5.02
5.004
4.988
4.988
4.915
4.788
4.711
4.688
4.67
4.668
4.698
4.747
4.761
4.725
4.711
4.713
4.709
4.707
4.738
4.813
4.949
5.163
5.367
5.457
5.505
5.591
5.639
5.616
5.526
5.389
5.231
5.142
5.144
5.097
5.013
4.995
5.042
5.113
5.188
5.228
5.255
5.296
5.337
5.33
5.287
5.222
5.16
5.117
5.035
4.972
5.015
5.061
5.015
4.967
4.983
5.013
5.042
5.031
4.956
4.874
4.831
4.786
4.65
4.484
4.382
4.339
4.346
4.364
4.355
4.321
4.321
4.353
4.384
4.355
4.267
4.183
4.119
4.015
3.854
3.756
3.713
3.62
3.518
3.489
3.525
3.518
3.45
3.407
3.432
3.466
3.45
3.38
3.284
3.198
3.112
3.039
3.017
3.01
2.996
2.976
2.951
2.915
2.858
2.749
2.649
2.593
2.52
2.447
2.459
2.54
2.57
2.54
2.518
2.527
2.552
2.545
2.5
2.47
2.45
2.416
2.314
2.184
2.098
1.998
1.889
1.819
1.828
1.88
1.93
1.951
1.962
2.003
2.057
2.103
2.128
2.098
2.035
2.044
2.128
2.184
2.191
2.168
2.137
2.157
2.214
2.225
2.171
2.134
2.162
2.193
2.198
2.205
2.2
2.159
2.173
2.259
2.341
2.37
2.379
2.404
2.456
2.463
2.379
2.252
2.112
1.998
1.948
1.939
1.917
1.892
1.874
1.889
1.93
1.953
1.905
1.833
1.81
1.819
1.749
1.642
1.585
1.572
1.524
1.443
1.375
1.34
1.331
1.3
1.256
1.216
1.173
1.141
1.105
1.028
0.95
0.987
1.084
1.086
0.991
0.898
0.848
0.828
0.808
0.801
0.769
0.753
0.757
0.744
0.705
0.739
0.835
0.937
1.032
1.095
1.107
1.114
1.123
1.105
1.039
0.928
0.808
0.726
0.646
0.569
0.533
0.519
0.485
0.481
0.519
0.594
0.676
0.737
0.808
0.921
1.077
1.173
1.166
1.095
1.055
1.003
0.905
0.794
0.699
0.637
0.608
0.615
0.628
0.621
0.567
0.544
0.601
0.687
0.719
0.728
0.769
0.835
0.91
0.966
1
1.009
1.005
1.018
1.084
1.166
1.182
1.098
0.98
0.91
0.914
0.925
0.896
0.889
0.93
0.982
1.016
1.023
1.023
1.014
0.975
0.916
0.871
0.83
0.767
0.692
0.667
0.705
0.735
0.701
0.624
0.56
0.558
0.615
0.676
0.696
0.714
0.699
0.683
0.724
0.755
0.699
0.565
0.456
0.435
0.449
0.417
0.345
0.297
0.295
0.267
0.184
0.102
0.061
0.039
0.018
0.014
0.054
0.111
0.129
0.129
0.161
0.206
0.222
0.224
0.211
0.181
0.161
0.15
0.12
0.072
0.027
-0.054
-0.127
-0.159
-0.181
-0.213
-0.22
-0.229
-0.213
-0.179
-0.141
-0.104
-0.066
-0.014
0.039
0.104
0.181
0.231
0.227
0.184
0.197
0.227
0.202
0.143
0.109
0.12
0.195
0.304
0.374
0.426
0.474
0.517
0.531
0.524
0.504
0.463
0.433
0.483
0.592
0.667
0.692
0.692
0.687
0.714
0.762
0.791
0.757
0.696
0.696
0.71
0.732
0.746
0.746
0.755
0.803
0.853
0.894
0.937
0.925
0.869
0.826
0.81
0.742
0.621
0.515
0.467
0.494
0.578
0.66
0.696
0.714
0.726
0.757
0.796
0.808
0.767
0.669
0.549
0.492
0.483
0.456
0.397
0.336
0.306
0.304
0.306
0.295
0.286
0.29
0.297
0.338
0.39
0.376
0.252
0.118
0.088
0.125
0.138
0.109
0.077
0.054
0.066
0.084
0.045
-0.093
-0.281
-0.417
-0.485
-0.51
-0.537
-0.612
-0.68
-0.642
-0.537
-0.424
-0.349
-0.322
-0.333
-0.284
-0.188
-0.168
-0.206
-0.272
-0.381
-0.533
-0.633
-0.642
-0.646
-0.687
-0.696
-0.615
-0.506
-0.449
-0.46
-0.526
-0.563
-0.524
-0.456
-0.474
-0.549
-0.594
-0.553
-0.451
-0.343
-0.324
-0.381
-0.454
-0.476
-0.497
-0.528
-0.61
-0.726
-0.762
-0.737
-0.764
-0.844
-0.878
-0.862
-0.794
-0.669
-0.51
-0.438
-0.476
-0.556
-0.612
-0.667
-0.757
-0.862
-1.009
-1.159
-1.195
-1.118
-1.057
-1.052
-1.03
-0.939
-0.789
-0.667
-0.635
-0.685
-0.757
-0.851
-0.923
-0.912
-0.928
-1.052
-1.17
-1.175
-1.102
-1.039
-0.984
-0.95
-0.975
-1.018
-1.039
-1.055
-1.141
-1.277
-1.336
-1.363
-1.379
-1.35
-1.313
-1.325
-1.345
-1.325
-1.295
-1.32
-1.443
-1.597
-1.713
-1.771
-1.817
-1.851
-1.867
-1.858
-1.835
-1.785
-1.678
-1.588
-1.581
-1.631
-1.658
-1.672
-1.737
-1.874
-2.041
-2.191
-2.295
-2.361
-2.418
-2.454
-2.461
-2.436
-2.354
-2.25
-2.223
-2.264
-2.318
-2.382
-2.398
-2.404
-2.47
-2.568
-2.636
-2.64
-2.599
-2.597
-2.613
-2.586
-2.606
-2.715
-2.794
-2.806
-2.863
-3.008
-3.148
-3.203
-3.196
-3.198
-3.266
-3.341
-3.371
-3.334
-3.234
-3.137
-3.116
-3.164
-3.175
-3.123
-3.112
-3.16
-3.248
-3.332
-3.341
-3.289
-3.225
-3.175
-3.119
-3.028
-2.937
-2.901
-2.871
-2.851
-2.942
-3.128
-3.248
-3.244
-3.214
-3.232
-3.259
-3.223
-3.142
-3.037
-2.935
-2.849
-2.833
-2.847
-2.767
-2.636
-2.638
-2.749
-2.81
-2.776
-2.706
-2.651
-2.645
-2.658
-2.658
-2.638
-2.622
-2.649
-2.697
-2.749
-2.842
-2.951
-2.987
-2.947
-2.953
-3.042
-3.076
-2.974
-2.865
-2.79
-2.772
-2.79
-2.804
-2.745
-2.661
-2.654
-2.758
-2.933
-3.003
-2.947
-2.917
-2.992
-3.044
-3.001
-2.926
-2.894
-2.942
-3.058
-3.151
-3.187
-3.198
-3.248
-3.316
-3.312
-3.278
-3.271
-3.205
-3.014
-2.881
-2.915
-2.98
-2.967
-2.947
-2.96
-3.033
-3.132
-3.234
-3.307
-3.314
-3.3
-3.341
-3.4
-3.366
-3.203
-3.08
-3.087
-3.137
-3.171
-3.207
-3.237
-3.266
-3.336
-3.416
-3.409
-3.352
-3.3
-3.269
-3.228
-3.203
-3.246
-3.273
-3.2
-3.132
-3.212
-3.355
-3.432
-3.459
-3.477
-3.489
-3.514
-3.566
-3.6
-3.579
-3.523
-3.509
-3.586
-3.609
-3.552
-3.563
-3.632
-3.672
-3.706
-3.763
-3.79
-3.763
-3.722
-3.722
-3.734
-3.758
-3.788
-3.793
-3.774
-3.799
-3.888
-3.958
-3.926
-3.899
-3.972
-4.028
-3.983
-3.915
-3.872
-3.817
-3.754
-3.702
-3.672
-3.663
-3.643
-3.659
-3.765
-3.845
-3.84
-3.849
-3.876
-3.815
-3.679
-3.595
-3.559
-3.486
-3.407
-3.366
-3.364
-3.377
-3.366
-3.282
-3.167
-3.116
-3.169
-3.173
-3.012
-2.822
-2.769
-2.774
-2.726
-2.62
-2.52
-2.423
-2.366
-2.345
-2.37
-2.368
-2.304
-2.23
-2.234
-2.234
-2.112
-1.964
-1.853
-1.746
-1.649
-1.626
-1.635
-1.619
-1.563
-1.49
-1.456
-1.447
-1.397
-1.279
-1.173
-1.111
-1.055
-1.032
-1.023
-0.934
-0.796
-0.68
-0.592
-0.519
-0.522
-0.567
-0.601
-0.669
-0.726
-0.751
-0.778
-0.783
-0.726
-0.712
-0.742
-0.744
-0.714
-0.662
-0.59
-0.504
-0.397
-0.331
-0.306
-0.284
-0.263
-0.322
-0.401
-0.445
-0.501
-0.563
-0.594
-0.594
-0.578
-0.569
-0.601
-0.621
-0.576
-0.547
-0.585
-0.626
-0.635
-0.603
-0.578
-0.606
-0.651
-0.683
-0.708
-0.742
-0.785
-0.794
-0.732
-0.689
-0.705
-0.739
-0.748
-0.771
-0.81
-0.837
-0.862
-0.878
-0.866
-0.857
-0.821
-0.769
-0.76
-0.769
-0.748
-0.794
-0.934
-1.066
-1.136
-1.179
-1.238
-1.3
-1.254
-1.164
-1.084
-1
-0.971
-1.036
-1.046
-0.987
-0.977
-1.023
-1.105
-1.179
-1.234
-1.306
-1.449
-1.565
-1.554
-1.488
-1.415
-1.322
-1.225
-1.166
-1.154
-1.189
-1.213
-1.202
-1.175
-1.15
-1.173
-1.22
-1.232
-1.209
-1.232
-1.286
-1.336
-1.368
-1.35
-1.3
-1.304
-1.365
-1.418
-1.474
-1.501
-1.486
-1.449
-1.411
-1.34
-1.243
-1.134
-1.003
-0.871
-0.787
-0.789
-0.83
-0.846
-0.875
-0.975
-1.089
-1.202
-1.354
-1.418
-1.39
-1.393
-1.458
-1.479
-1.381
-1.254
-1.223
-1.3
-1.352
-1.268
-1.191
-1.216
-1.293
-1.356
-1.386
-1.39
-1.397
-1.381
-1.352
-1.329
-1.302
-1.279
-1.268
-1.245
-1.293
-1.418
-1.504
-1.493
-1.472
-1.483
-1.526
-1.533
-1.499
-1.461
-1.465
-1.529
-1.576
-1.583
-1.549
-1.495
-1.474
-1.533
-1.581
-1.545
-1.472
-1.411
-1.422
-1.44
-1.393
-1.3
-1.223
-1.241
-1.343
-1.429
-1.461
-1.49
-1.563
-1.635
-1.649
-1.601
-1.567
-1.567
-1.574
-1.533
-1.486
-1.461
-1.474
-1.49
-1.49
-1.436
-1.386
-1.411
-1.44
-1.404
-1.327
-1.275
-1.234
-1.186
-1.179
-1.218
-1.225
-1.2
-1.207
-1.254
-1.311
-1.379
-1.443
-1.445
-1.445
-1.454
-1.438
-1.386
-1.306
-1.177
-1.084
-1.091
-1.093
-1.03
-0.959
-0.928
-0.939
-0.921
-0.862
-0.787
-0.773
-0.837
-0.882
-0.837
-0.769
-0.783
-0.864
-0.91
-0.905
-0.851
-0.785
-0.737
-0.724
-0.739
-0.692
-0.567
-0.442
-0.424
-0.447
-0.415
-0.356
-0.322
-0.347
-0.42
-0.449
-0.408
-0.343
-0.29
-0.265
-0.222
-0.125
0.023
0.163
0.256
0.29
0.322
0.381
0.429
0.458
0.456
0.386
0.292
0.209
0.177
0.165
0.118
0.082
0.116
0.209
0.297
0.356
0.372
0.386
0.492
0.628
0.671
0.651
0.66
0.769
0.86
0.837
0.755
0.676
0.649
0.699
0.724
0.649
0.542
0.524
0.601
0.676
0.721
0.791
0.912
1.043
1.184
1.279
1.277
1.256
1.3
1.363
1.363
1.288
1.204
1.177
1.2
1.243
1.263
1.302
1.393
1.499
1.615
1.753
1.883
1.942
1.991
2.057
2.157
2.234
2.232
2.18
2.162
2.171
2.15
2.098
2.078
2.157
2.282
2.379
2.413
2.425
2.468
2.561
2.627
2.64
2.59
2.529
2.588
2.754
2.858
2.894
2.942
3.055
3.205
3.284
3.257
3.196
3.162
3.137
3.094
2.992
2.894
2.867
2.901
2.944
2.965
2.965
2.994
3.046
3.13
3.241
3.336
3.359
3.343
3.343
3.384
3.416
3.389
3.291
3.164
3.108
3.142
3.139
3.033
2.947
2.949
2.987
3.037
3.06
3.049
3.042
3.114
3.228
3.28
3.232
3.203
3.278
3.364
3.405
3.395
3.348
3.314
3.332
3.325
3.232
3.096
3.012
3.019
3.076
3.157
3.266
3.377
3.507
3.697
3.847
3.895
3.842
3.777
3.665
3.455
3.2
2.992
2.79
2.599
2.477
2.418
2.354
2.3
2.282
2.345
2.463
2.57
2.633
2.67
2.667
2.667
2.633
2.543
2.413
2.261
2.094
1.923
1.756
1.606
1.456
1.331
1.306
1.347
1.359
1.381
1.458
1.565
1.597
1.549
1.517
1.499
1.406
1.281
1.145
1.023
0.905
0.819
0.821
0.873
0.9
0.905
0.962
1.048
1.118
1.184
1.272
1.336
1.368
1.413
1.483
1.531
1.511
1.452
1.411
1.438
1.477
1.472
1.474
1.565
1.715
1.853
1.953
2.016
2.055
2.078
2.105
2.148
2.153
2.146
2.166
2.186
2.198
2.207
2.225
2.266
2.32
2.37
2.438
2.581
2.745
2.865
2.953
3.055
3.128
3.169
3.178
3.162
3.137
3.116
3.105
3.098
3.089
3.094
3.114
3.167
3.228
3.259
3.312
3.441
3.591
3.681
3.67
3.613
3.554
3.493
3.414
3.303
3.212
3.191
3.219
3.282
3.377
3.47
3.579
3.745
3.919
4.058
4.169
4.294
4.441
4.546
4.541
4.521
4.548
4.518
4.357
4.169
4.072
4.04
4.008
3.999
4.078
4.183
4.28
4.396
4.525
4.627
4.657
4.618
4.548
4.468
4.389
4.296
4.196
4.11
4.013
3.919
3.919
3.994
4.06
4.101
4.178
4.289
4.36
4.357
4.341
4.353
4.353
4.287
4.203
4.135
4.069
3.974
3.831
3.634
3.423
3.269
3.142
2.98
2.806
2.724
2.804
2.969
3.083
3.078
3.042
3.06
3.101
3.067
2.962
2.842
2.724
2.586
2.456
2.359
2.25
2.155
2.123
2.082
1.989
1.944
1.978
2.007
1.987
1.939
1.905
1.871
1.819
1.758
1.674
1.581
1.486
1.368
1.216
1.095
1.012
0.928
0.821
0.762
0.808
0.9
0.955
0.973
1.025
1.148
1.254
1.284
1.256
1.218
1.164
1.091
0.998
0.928
0.88
0.853
0.835
0.832
0.846
0.873
0.923
0.971
0.969
0.916
0.885
0.851
0.778
0.642
0.481
0.34
0.204
0.122
0.131
0.138
0.091
0.054
0.084
0.161
0.197
0.179
0.125
0.07
0.039
0.043
0.043
0.011
-0.091
-0.234
-0.304
-0.308
-0.361
-0.481
-0.596
-0.678
-0.732
-0.794
-0.851
-0.885
-0.923
-0.989
-1.016
-0.991
-0.959
-0.937
-0.894
-0.837
-0.873
-0.932
-0.962
-0.964
-0.975
-1.052
-1.132
-1.125
-1.036
-0.946
-0.914
-0.875
-0.78
-0.676
-0.601
-0.574
-0.531
-0.449
-0.386
-0.388
-0.408
-0.374
-0.327
-0.324
-0.383
-0.417
-0.361
-0.299
-0.252
-0.181
-0.102
-0.027
0.066
0.179
0.272
0.311
0.313
0.32
0.345
0.383
0.426
0.528
0.674
0.76
0.816
0.932
1.077
1.168
1.182
1.173
1.179
1.17
1.125
1.057
0.984
0.946
0.946
0.939
0.91
0.937
1.064
1.17
1.179
1.13
1.141
1.216
1.211
1.091
0.971
0.957
1.003
1.007
0.966
0.889
0.814
0.78
0.748
0.676
0.553
0.46
0.451
0.519
0.612
0.658
0.633
0.696
0.857
0.946
0.894
0.819
0.78
0.712
0.551
0.32
0.07
-0.154
-0.315
-0.426
-0.524
-0.649
-0.66
-0.465
-0.274
-0.197
-0.141
-0.004
0.17
0.297
0.395
0.494
0.612
0.728
0.73
0.578
0.351
0.102
-0.102
-0.247
-0.454
-0.71
-0.846
-0.808
-0.735
-0.737
-0.748
-0.606
-0.311
-0.102
-0.122
-0.152
-0.088
0.002
0.041
-0.054
-0.215
-0.308
-0.374
-0.531
-0.746
-0.86
-0.841
-0.821
-0.835
-0.855
-0.828
-0.655
-0.415
-0.263
-0.263
-0.247
-0.095
0.057
0.016
-0.177
-0.345
-0.431
-0.576
-0.821
-1.032
-1.134
-1.132
-1.089
-1.089
-1.109
-1.043
-0.864
-0.703
-0.633
-0.585
-0.494
-0.379
-0.247
-0.227
-0.338
-0.44
-0.494
-0.571
-0.73
-0.912
-1.068
-1.2
-1.354
-1.538
-1.597
-1.54
-1.468
-1.359
-1.254
-1.191
-1.073
-0.896
-0.764
-0.767
-0.828
-0.855
-0.857
-0.903
-1.075
-1.352
-1.563
-1.635
-1.737
-1.914
-2.01
-1.944
-1.83
-1.751
-1.694
-1.622
-1.531
-1.463
-1.434
-1.427
-1.452
-1.456
-1.39
-1.379
-1.465
-1.567
-1.624
-1.64
-1.665
-1.744
-1.864
-1.923
-1.912
-1.953
-2.121
-2.245
-2.28
-2.28
-2.25
-2.143
-1.978
-1.824
-1.703
-1.642
-1.658
-1.762
-1.939
-2.13
-2.329
-2.529
-2.651
-2.692
-2.742
-2.776
-2.769
-2.754
-2.745
-2.745
-2.749
-2.76
-2.754
-2.729
-2.751
-2.853
-2.94
-3.01
-3.101
-3.203
-3.325
-3.448
-3.527
-3.57
-3.627
-3.706
-3.779
-3.833
-3.897
-4.013
-4.16
-4.264
-4.325
-4.407
-4.496
-4.55
-4.595
-4.648
-4.716
-4.786
-4.87
-4.956
-5.024
-5.142
-5.303
-5.442
-5.544
-5.628
-5.677
-5.675
-5.677
-5.689
-5.682
-5.607
-5.51
-5.446
-5.432
-5.451
-5.544
-5.677
-5.741
-5.793
-5.884
-5.981
-6.015
-5.966
-5.825
-5.628
-5.444
-5.312
-5.151
-4.977
-4.938
-5.017
-5.106
-5.163
-5.165
-5.126
-5.09
-5.045
-4.954
-4.825
-4.661
-4.512
-4.378
-4.214
-4.015
-3.849
-3.738
-3.613
-3.393
-3.175
-3.028
-2.928
-2.797
-2.563
-2.329
-2.162
-2.044
-1.926
-1.812
-1.735
-1.746
-1.824
-1.862
-1.853
-1.885
-1.926
-1.905
-1.815
-1.656
-1.461
-1.272
-1.082
-0.891
-0.735
-0.617
-0.469
-0.329
-0.243
-0.206
-0.206
-0.224
-0.188
-0.109
-0.116
-0.222
-0.32
-0.292
-0.2
-0.156
-0.168
-0.175
-0.116
-0.011
0.072
0.102
0.163
0.311
0.474
0.549
0.51
0.413
0.299
0.102
-0.236
-0.665
-1.046
-1.388
-1.767
-2.121
-2.359
-2.427
-2.332
-2.171
-2.012
-1.858
-1.638
-1.39
-1.227
-1.218
-1.261
-1.259
-1.286
-1.443
-1.69
-1.892
-1.98
-1.982
-1.971
-1.978
-1.969
-1.869
-1.706
-1.563
-1.465
-1.415
-1.37
-1.331
-1.343
-1.363
-1.336
-1.291
-1.329
-1.456
-1.595
-1.685
-1.771
-1.926
-2.128
-2.336
-2.52
-2.633
-2.683
-2.686
-2.651
-2.495
-2.211
-1.88
-1.601
-1.39
-1.225
-1.086
-1.018
-1.036
-1.173
-1.397
-1.635
-1.842
-2.003
-2.105
-2.159
-2.191
-2.162
-2.057
-1.905
-1.787
-1.746
-1.751
-1.744
-1.724
-1.719
-1.715
-1.663
-1.617
-1.583
-1.495
-1.325
-1.13
-0.957
-0.828
-0.789
-0.814
-0.873
-0.937
-1.028
-1.166
-1.302
-1.318
-1.216
-1.109
-1.039
-0.934
-0.708
-0.46
-0.347
-0.395
-0.517
-0.676
-0.864
-1.12
-1.411
-1.658
-1.815
-1.899
-1.908
-1.864
-1.753
-1.619
-1.477
-1.3
-1.111
-0.977
-0.944
-0.966
-1.048
-1.213
-1.411
-1.565
-1.676
-1.819
-1.964
-2.028
-1.982
-1.912
-1.899
-1.951
-2.046
-2.164
-2.28
-2.402
-2.565
-2.756
-2.871
-2.89
-2.847
-2.767
-2.665
-2.572
-2.484
-2.377
-2.295
-2.323
-2.466
-2.613
-2.683
-2.713
-2.781
-2.851
-2.822
-2.702
-2.543
-2.388
-2.261
-2.146
-2.057
-2.062
-2.128
-2.223
-2.363
-2.525
-2.667
-2.742
-2.738
-2.627
-2.47
-2.291
-2.08
-1.871
-1.678
-1.542
-1.481
-1.452
-1.443
-1.483
-1.547
-1.604
-1.613
-1.529
-1.347
-1.123
-0.898
-0.653
-0.395
-0.193
-0.106
-0.131
-0.2
-0.279
-0.395
-0.537
-0.626
-0.592
-0.438
-0.222
0.007
0.224
0.442
0.728
0.991
1.08
1.021
0.971
0.962
0.873
0.71
0.556
0.492
0.585
0.805
1.059
1.248
1.377
1.524
1.71
1.846
1.826
1.697
1.606
1.54
1.445
1.381
1.404
1.49
1.606
1.735
1.853
1.964
2.053
2.109
2.06
1.889
1.731
1.626
1.524
1.402
1.272
1.2
1.229
1.388
1.601
1.733
1.744
1.719
1.765
1.783
1.606
1.288
0.996
0.81
0.665
0.499
0.365
0.286
0.288
0.397
0.556
0.621
0.594
0.565
0.567
0.49
0.333
0.184
0.029
-0.147
-0.306
-0.435
-0.547
-0.621
-0.624
-0.583
-0.553
-0.567
-0.581
-0.553
-0.56
-0.653
-0.751
-0.789
-0.803
-0.787
-0.726
-0.615
-0.463
-0.245
-0.002
0.118
0.075
-0.007
-0.113
-0.315
-0.553
-0.739
-0.9
-1.039
-1.061
-0.889
-0.619
-0.361
-0.079
0.252
0.535
0.776
0.948
0.998
0.916
0.787
0.687
0.644
0.619
0.576
0.576
0.676
0.844
1.086
1.356
1.56
1.681
1.819
1.942
1.976
1.955
1.951
1.96
1.976
2.064
2.223
2.386
2.49
2.615
2.772
2.885
2.949
3.003
3.049
3.017
2.955
2.967
3.069
3.21
3.316
3.382
3.468
3.6
3.713
3.724
3.663
3.577
3.516
3.45
3.259
2.98
2.833
2.838
2.86
2.851
2.924
3.137
3.393
3.602
3.74
3.838
3.895
3.917
3.883
3.734
3.509
3.28
3.049
2.844
2.742
2.676
2.536
2.384
2.361
2.425
2.438
2.366
2.316
2.32
2.343
2.329
2.329
2.395
2.452
2.452
2.49
2.579
2.613
2.556
2.463
2.388
2.304
2.175
2.062
2.001
1.926
1.883
1.871
1.88
1.962
2.128
2.232
2.227
2.243
2.354
2.495
2.536
2.506
2.488
2.495
2.511
2.479
2.413
2.336
2.284
2.359
2.565
2.742
2.817
2.922
3.058
3.187
3.298
3.373
3.341
3.271
3.25
3.253
3.198
3.142
3.203
3.316
3.314
3.278
3.312
3.316
3.259
3.246
3.307
3.425
3.548
3.636
3.702
3.793
3.908
4.003
4.015
3.917
3.758
3.684
3.665
3.536
3.316
3.144
3.021
2.944
2.974
3.046
3.06
3.021
3.073
3.266
3.464
3.541
3.516
3.468
3.47
3.445
3.307
3.182
3.112
3.053
2.999
2.955
2.924
2.876
2.819
2.751
2.67
2.636
2.64
2.565
2.454
2.4
2.357
2.329
2.341
2.325
2.252
2.198
2.205
2.284
2.327
2.216
2.082
2.028
1.951
1.778
1.629
1.524
1.434
1.356
1.313
1.32
1.336
1.34
1.302
1.279
1.34
1.386
1.325
1.272
1.275
1.256
1.2
1.159
1.139
1.139
1.168
1.168
1.116
1.052
1.018
1.034
1.066
1.041
0.989
0.957
0.962
1.003
1.068
1.114
1.152
1.195
1.2
1.145
1.161
1.281
1.356
1.356
1.406
1.511
1.61
1.665
1.697
1.71
1.721
1.769
1.826
1.885
1.928
1.978
2.064
2.143
2.153
2.164
2.216
2.25
2.275
2.332
2.393
2.423
2.406
2.395
2.447
2.561
2.663
2.72
2.794
2.896
3.001
3.112
3.234
3.341
3.427
3.475
3.491
3.489
3.464
3.409
3.387
3.4
3.325
3.207
3.205
3.287
3.328
3.3
3.291
3.357
3.461
3.541
3.579
3.602
3.645
3.67
3.625
3.611
3.668
3.677
3.6
3.527
3.491
3.486
3.507
3.507
3.486
3.448
3.398
3.393
3.418
3.336
3.214
3.203
3.273
3.334
3.362
3.355
3.375
3.436
3.464
3.357
3.148
3.039
3.005
2.962
2.928
2.878
2.79
2.731
2.729
2.742
2.758
2.747
2.71
2.695
2.686
2.676
2.688
2.686
2.568
2.438
2.37
2.352
2.316
2.273
2.236
2.241
2.286
2.314
2.28
2.27
2.284
2.239
2.148
2.094
1.998
1.878
1.796
1.758
1.753
1.767
1.758
1.778
1.853
1.914
1.951
1.951
1.903
1.851
1.851
1.876
1.903
1.942
1.994
2.064
2.123
2.153
2.162
2.139
2.107
2.055
1.926
1.794
1.713
1.608
1.458
1.352
1.286
1.275
1.325
1.438
1.585
1.74
1.867
1.982
2.021
1.933
1.846
1.867
1.903
1.855
1.785
1.751
1.769
1.767
1.694
1.565
1.488
1.526
1.565
1.522
1.501
1.499
1.479
1.486
1.56
1.631
1.64
1.654
1.728
1.819
1.844
1.858
1.871
1.862
1.858
1.839
1.799
1.742
1.733
1.785
1.878
1.944
1.926
1.901
1.955
1.996
1.964
1.88
1.799
1.758
1.769
1.767
1.724
1.708
1.735
1.758
1.713
1.674
1.697
1.703
1.64
1.635
1.737
1.851
1.937
1.962
1.923
1.849
1.787
1.74
1.71
1.64
1.547
1.54
1.574
1.583
1.565
1.529
1.488
1.479
1.456
1.377
1.302
1.306
1.372
1.402
1.413
1.47
1.531
1.538
1.517
1.47
1.463
1.461
1.393
1.241
1.152
1.116
1.014
0.903
0.828
0.783
0.796
0.826
0.812
0.732
0.665
0.655
0.658
0.608
0.531
0.438
0.376
0.392
0.438
0.417
0.381
0.399
0.438
0.431
0.322
0.154
0.05
0.004
-0.091
-0.179
-0.177
-0.143
-0.134
-0.143
-0.131
-0.1
-0.039
0.004
-0.007
-0.054
-0.072
-0.091
-0.161
-0.265
-0.392
-0.504
-0.524
-0.481
-0.474
-0.504
-0.488
-0.39
-0.281
-0.22
-0.227
-0.229
-0.193
-0.188
-0.22
-0.277
-0.349
-0.363
-0.308
-0.261
-0.256
-0.218
-0.102
-0.009
-0.05
-0.184
-0.29
-0.322
-0.381
-0.497
-0.581
-0.558
-0.469
-0.386
-0.333
-0.263
-0.179
-0.116
-0.086
-0.154
-0.267
-0.367
-0.406
-0.399
-0.44
-0.526
-0.56
-0.483
-0.395
-0.372
-0.406
-0.435
-0.404
-0.376
-0.417
-0.458
-0.451
-0.449
-0.528
-0.685
-0.828
-0.914
-0.971
-1.057
-1.152
-1.223
-1.234
-1.191
-1.168
-1.229
-1.281
-1.272
-1.238
-1.25
-1.293
-1.32
-1.338
-1.347
-1.329
-1.318
-1.379
-1.431
-1.402
-1.37
-1.404
-1.508
-1.654
-1.81
-1.939
-2.032
-2.062
-2.103
-2.168
-2.216
-2.196
-2.103
-1.976
-1.855
-1.787
-1.744
-1.678
-1.633
-1.651
-1.771
-1.876
-1.917
-1.933
-1.96
-1.944
-1.892
-1.839
-1.808
-1.826
-1.892
-1.958
-1.976
-1.928
-1.846
-1.812
-1.81
-1.839
-1.885
-1.883
-1.794
-1.681
-1.615
-1.615
-1.635
-1.619
-1.572
-1.533
-1.538
-1.574
-1.617
-1.608
-1.542
-1.506
-1.508
-1.504
-1.463
-1.404
-1.365
-1.334
-1.293
-1.3
-1.309
-1.315
-1.336
-1.354
-1.309
-1.236
-1.209
-1.184
-1.132
-1.105
-1.123
-1.136
-1.125
-1.084
-1.064
-1.114
-1.141
-1.125
-1.091
-1.064
-1.059
-1.08
-1.086
-1.046
-1.007
-0.996
-1.016
-1.109
-1.263
-1.413
-1.538
-1.599
-1.635
-1.69
-1.703
-1.688
-1.674
-1.631
-1.533
-1.483
-1.54
-1.633
-1.678
-1.685
-1.699
-1.735
-1.774
-1.778
-1.78
-1.799
-1.851
-1.93
-1.987
-2.064
-2.173
-2.314
-2.447
-2.529
-2.547
-2.536
-2.525
-2.536
-2.574
-2.57
-2.49
-2.416
-2.436
-2.486
-2.52
-2.563
-2.618
-2.667
-2.699
-2.71
-2.742
-2.794
-2.86
-2.949
-2.996
-2.994
-3.005
-3.078
-3.162
-3.173
-3.064
-2.94
-2.917
-2.987
-3.069
-3.085
-3.039
-3.044
-3.2
-3.377
-3.436
-3.395
-3.368
-3.38
-3.373
-3.289
-3.191
-3.157
-3.21
-3.318
-3.436
-3.511
-3.523
-3.554
-3.629
-3.668
-3.647
-3.597
-3.57
-3.543
-3.543
-3.573
-3.638
-3.69
-3.731
-3.779
-3.831
-3.897
-3.919
-3.838
-3.681
-3.57
-3.566
-3.595
-3.573
-3.523
-3.561
-3.675
-3.74
-3.754
-3.786
-3.781
-3.713
-3.663
-3.65
-3.643
-3.622
-3.602
-3.627
-3.697
-3.745
-3.745
-3.747
-3.736
-3.661
-3.563
-3.445
-3.303
-3.164
-3.092
-3.087
-3.142
-3.198
-3.216
-3.228
-3.271
-3.325
-3.35
-3.269
-3.139
-3.08
-3.06
-3.005
-2.924
-2.901
-2.955
-2.962
-2.944
-2.958
-2.999
-3.014
-2.971
-2.906
-2.844
-2.792
-2.751
-2.745
-2.781
-2.819
-2.808
-2.779
-2.781
-2.779
-2.767
-2.702
-2.59
-2.5
-2.497
-2.538
-2.574
-2.627
-2.692
-2.779
-2.867
-2.93
-2.958
-2.903
-2.794
-2.767
-2.806
-2.756
-2.606
-2.486
-2.502
-2.588
-2.631
-2.597
-2.556
-2.615
-2.769
-2.917
-2.967
-2.933
-2.901
-2.915
-2.951
-2.969
-2.935
-2.876
-2.901
-3.039
-3.148
-3.128
-3.042
-3.033
-3.087
-3.096
-3.03
-2.98
-2.999
-3.024
-3.017
-3.014
-3.021
-2.987
-2.924
-2.894
-2.937
-2.978
-2.951
-2.885
-2.883
-2.944
-3.008
-3.051
-3.089
-3.114
-3.137
-3.151
-3.142
-3.142
-3.121
-2.992
-2.779
-2.615
-2.511
-2.398
-2.298
-2.325
-2.429
-2.488
-2.497
-2.529
-2.581
-2.593
-2.497
-2.366
-2.275
-2.178
-2.109
-2.164
-2.261
-2.257
-2.155
-2.055
-2.028
-2.021
-1.964
-1.812
-1.654
-1.608
-1.667
-1.721
-1.692
-1.692
-1.794
-1.86
-1.828
-1.783
-1.762
-1.71
-1.583
-1.395
-1.216
-1.064
-0.982
-0.984
-1.05
-1.139
-1.329
-1.617
-1.878
-2.028
-2.078
-2.112
-2.075
-1.908
-1.708
-1.617
-1.647
-1.674
-1.572
-1.454
-1.501
-1.697
-1.79
-1.694
-1.572
-1.576
-1.713
-1.919
-2.06
-2.123
-2.266
-2.552
-2.788
-2.826
-2.754
-2.783
-2.924
-3.014
-2.942
-2.806
-2.704
-2.697
-2.747
-2.738
-2.692
-2.754
-2.985
-3.241
-3.359
-3.405
-3.559
-3.793
-3.89
-3.765
-3.611
-3.579
-3.579
-3.518
-3.45
-3.45
-3.532
-3.595
-3.597
-3.579
-3.586
-3.609
-3.613
-3.586
-3.591
-3.64
-3.743
-3.904
-3.979
-3.906
-3.783
-3.72
-3.659
-3.509
-3.291
-3.139
-3.123
-3.142
-3.064
-2.962
-2.933
-2.985
-3.026
-3.017
-3.005
-3.021
-3.03
-2.962
-2.801
-2.615
-2.472
-2.354
-2.223
-2.069
-1.982
-1.964
-1.942
-1.901
-1.871
-1.867
-1.855
-1.776
-1.676
-1.608
-1.57
-1.52
-1.445
-1.347
-1.211
-1.036
-0.957
-0.937
-0.819
-0.619
-0.485
-0.499
-0.556
-0.567
-0.587
-0.696
-0.826
-0.916
-0.95
-0.941
-0.9
-0.846
-0.778
-0.683
-0.54
-0.379
-0.247
-0.125
-0.054
-0.079
-0.186
-0.347
-0.499
-0.655
-0.871
-1.046
-1.134
-1.143
-1.1
-1.025
-0.934
-0.866
-0.837
-0.86
-0.925
-0.996
-1.016
-0.982
-0.966
-1.012
-1.093
-1.145
-1.191
-1.272
-1.418
-1.599
-1.765
-1.885
-1.966
-2.021
-2.048
-2.012
-1.892
-1.751
-1.631
-1.522
-1.402
-1.327
-1.35
-1.456
-1.617
-1.769
-1.939
-2.162
-2.402
-2.579
-2.613
-2.552
-2.441
-2.261
-2.037
-1.815
-1.683
-1.647
-1.608
-1.524
-1.468
-1.504
-1.59
-1.644
-1.658
-1.644
-1.663
-1.765
-1.933
-2.039
-2.066
-2.071
-2.091
-2.078
-1.982
-1.79
-1.551
-1.318
-1.109
-0.932
-0.801
-0.728
-0.712
-0.714
-0.769
-0.871
-1.005
-1.141
-1.236
-1.281
-1.338
-1.427
-1.438
-1.284
-1.032
-0.853
-0.744
-0.626
-0.479
-0.343
-0.231
-0.159
-0.097
-0.063
-0.05
-0.039
-0.077
-0.184
-0.29
-0.32
-0.372
-0.51
-0.626
-0.626
-0.533
-0.433
-0.333
-0.215
-0.1
0.002
0.084
0.109
0.084
0.039
-0.018
-0.12
-0.224
-0.274
-0.299
-0.354
-0.408
-0.397
-0.41
-0.519
-0.653
-0.689
-0.655
-0.653
-0.685
-0.674
-0.619
-0.569
-0.583
-0.626
-0.612
-0.542
-0.476
-0.447
-0.46
-0.528
-0.61
-0.685
-0.798
-0.953
-1.075
-1.141
-1.189
-1.256
-1.322
-1.359
-1.368
-1.361
-1.318
-1.256
-1.193
-1.134
-1.057
-0.982
-0.934
-0.905
-0.853
-0.819
-0.805
-0.819
-0.903
-1.068
-1.241
-1.338
-1.395
-1.49
-1.585
-1.597
-1.554
-1.481
-1.384
-1.241
-1.028
-0.787
-0.583
-0.451
-0.37
-0.308
-0.245
-0.184
-0.202
-0.315
-0.472
-0.608
-0.687
-0.753
-0.814
-0.839
-0.832
-0.769
-0.637
-0.476
-0.345
-0.215
-0.032
0.19
0.39
0.56
0.676
0.703
0.724
0.773
0.739
0.596
0.417
0.284
0.177
0.061
-0.068
-0.145
-0.127
-0.011
0.193
0.408
0.619
0.81
1
1.175
1.318
1.443
1.56
1.617
1.608
1.545
1.472
1.397
1.268
1.077
0.898
0.76
0.635
0.522
0.469
0.531
0.64
0.76
0.925
1.127
1.345
1.558
1.753
1.921
2.048
2.107
2.089
2.039
1.935
1.769
1.613
1.481
1.343
1.168
1.023
0.944
0.9
0.878
0.914
0.993
1.116
1.293
1.488
1.703
1.923
2.098
2.198
2.243
2.25
2.218
2.089
1.874
1.674
1.522
1.334
1.13
0.998
0.946
0.964
1.025
1.114
1.225
1.352
1.479
1.64
1.812
1.982
2.091
2.137
2.157
2.186
2.186
2.134
2.019
1.894
1.778
1.681
1.583
1.477
1.406
1.427
1.56
1.719
1.839
1.978
2.171
2.388
2.588
2.745
2.822
2.853
2.885
2.863
2.797
2.704
2.586
2.466
2.377
2.348
2.348
2.329
2.336
2.402
2.536
2.715
2.874
2.987
3.114
3.271
3.387
3.432
3.43
3.38
3.328
3.271
3.167
3.044
2.937
2.865
2.826
2.794
2.785
2.822
2.922
3.042
3.144
3.241
3.371
3.529
3.636
3.665
3.675
3.697
3.709
3.663
3.541
3.348
3.144
2.976
2.869
2.779
2.699
2.643
2.643
2.738
2.86
2.94
3.005
3.142
3.316
3.441
3.504
3.557
3.566
3.486
3.362
3.257
3.153
3.017
2.844
2.674
2.547
2.484
2.456
2.438
2.484
2.561
2.636
2.785
2.985
3.132
3.198
3.287
3.405
3.461
3.432
3.409
3.423
3.398
3.271
3.076
2.887
2.76
2.706
2.62
2.475
2.425
2.547
2.731
2.824
2.865
2.955
3.119
3.296
3.423
3.477
3.45
3.448
3.482
3.434
3.255
3.058
2.924
2.865
2.813
2.731
2.658
2.64
2.663
2.704
2.774
2.883
3.03
3.164
3.255
3.364
3.477
3.554
3.577
3.527
3.468
3.45
3.4
3.246
3.062
2.951
2.912
2.876
2.833
2.878
3.037
3.255
3.445
3.586
3.645
3.699
3.847
4.003
4.031
3.972
3.963
3.999
3.954
3.758
3.552
3.423
3.348
3.289
3.18
3.042
2.967
3.053
3.21
3.316
3.405
3.588
3.836
4.01
4.09
4.164
4.23
4.196
4.115
4.026
3.947
3.874
3.758
3.577
3.362
3.16
3.044
3.024
2.999
2.962
3.028
3.173
3.321
3.482
3.668
3.829
3.972
4.121
4.212
4.196
4.121
4.038
3.924
3.679
3.416
3.316
3.328
3.296
3.203
3.167
3.219
3.287
3.341
3.457
3.661
3.822
3.944
4.083
4.167
4.199
4.192
4.124
4.001
3.908
3.833
3.727
3.561
3.382
3.273
3.225
3.232
3.291
3.336
3.359
3.475
3.779
4.085
4.201
4.164
4.199
4.341
4.373
4.174
3.908
3.675
3.495
3.371
3.216
3.017
2.883
2.874
2.955
3.055
3.148
3.253
3.364
3.504
3.681
3.847
3.917
3.958
4.04
4.085
3.958
3.695
3.495
3.418
3.289
3.024
2.851
2.853
2.89
2.867
2.858
2.926
3.073
3.25
3.434
3.597
3.772
3.983
4.101
4.049
3.917
3.765
3.593
3.427
3.259
3.103
2.98
2.887
2.883
2.974
3.094
3.203
3.35
3.518
3.629
3.715
3.815
3.885
3.908
3.883
3.827
3.777
3.752
3.681
3.561
3.441
3.298
3.123
3.014
2.999
3.069
3.173
3.248
3.287
3.334
3.43
3.529
3.545
3.477
3.432
3.455
3.427
3.314
3.187
3.039
2.901
2.815
2.772
2.72
2.656
2.679
2.747
2.781
2.826
2.933
3.064
3.169
3.205
3.203
3.194
3.18
3.155
3.055
2.869
2.729
2.733
2.758
2.672
2.497
2.377
2.431
2.627
2.769
2.733
2.645
2.681
2.81
2.883
2.84
2.749
2.72
2.745
2.788
2.781
2.708
2.629
2.593
2.597
2.593
2.543
2.479
2.454
2.411
2.357
2.332
2.359
2.395
2.425
2.461
2.475
2.477
2.504
2.581
2.577
2.45
2.282
2.234
2.282
2.3
2.223
2.128
2.091
2.078
2.053
1.985
1.901
1.824
1.785
1.862
2.021
2.137
2.225
2.336
2.404
2.382
2.332
2.295
2.232
2.139
2.032
1.944
1.858
1.844
1.919
1.962
1.853
1.733
1.78
1.867
1.803
1.644
1.579
1.683
1.885
2.025
2.03
2.001
2.046
2.132
2.178
2.198
2.157
2.028
1.951
1.998
2.044
1.955
1.801
1.688
1.688
1.756
1.785
1.735
1.676
1.724
1.862
1.908
1.79
1.692
1.678
1.658
1.654
1.629
1.547
1.497
1.54
1.581
1.574
1.542
1.536
1.565
1.649
1.756
1.774
1.721
1.746
1.828
1.86
1.833
1.762
1.685
1.615
1.536
1.44
1.336
1.302
1.363
1.404
1.34
1.268
1.268
1.32
1.384
1.436
1.504
1.583
1.665
1.701
1.681
1.638
1.574
1.449
1.315
1.241
1.195
1.105
1.014
0.964
0.928
0.9
0.912
0.971
1.023
1.041
1.055
1.077
1.082
1.139
1.223
1.152
0.998
0.914
0.875
0.755
0.569
0.41
0.347
0.356
0.363
0.343
0.347
0.426
0.522
0.594
0.676
0.699
0.603
0.508
0.492
0.465
0.361
0.234
0.131
0.093
0.086
0.093
0.104
0.118
0.163
0.247
0.272
0.252
0.245
0.245
0.234
0.218
0.22
0.29
0.374
0.37
0.315
0.297
0.295
0.186
0.043
-0.045
-0.125
-0.218
-0.317
-0.379
-0.311
-0.079
0.19
0.374
0.472
0.549
0.637
0.719
0.621
0.361
0.161
0.113
0.014
-0.197
-0.422
-0.544
-0.558
-0.524
-0.49
-0.467
-0.413
-0.281
-0.125
-0.106
-0.147
-0.075
0.07
0.197
0.245
0.236
0.2
0.143
-0.018
-0.243
-0.383
-0.465
-0.569
-0.653
-0.742
-0.837
-0.878
-0.857
-0.798
-0.73
-0.633
-0.46
-0.288
-0.2
-0.156
-0.059
-0.002
-0.043
-0.113
-0.131
-0.113
-0.15
-0.302
-0.488
-0.574
-0.596
-0.633
-0.687
-0.778
-0.855
-0.787
-0.644
-0.59
-0.581
-0.526
-0.404
-0.29
-0.252
-0.331
-0.433
-0.481
-0.467
-0.512
-0.689
-0.875
-0.907
-0.823
-0.737
-0.705
-0.68
-0.665
-0.699
-0.783
-0.841
-0.816
-0.803
-0.894
-0.98
-1.025
-1.055
-1.041
-1.003
-0.975
-0.98
-1.003
-0.993
-0.959
-0.984
-1.039
-1.082
-1.182
-1.32
-1.402
-1.431
-1.427
-1.402
-1.359
-1.304
-1.256
-1.268
-1.325
-1.356
-1.443
-1.576
-1.665
-1.717
-1.785
-1.824
-1.776
-1.731
-1.713
-1.672
-1.601
-1.542
-1.526
-1.517
-1.529
-1.651
-1.794
-1.837
-1.817
-1.808
-1.792
-1.742
-1.71
-1.74
-1.824
-1.914
-1.935
-1.926
-1.976
-2.007
-1.987
-1.973
-1.964
-1.91
-1.821
-1.751
-1.694
-1.663
-1.651
-1.701
-1.771
-1.819
-1.864
-1.894
-1.901
-1.878
-1.846
-1.819
-1.783
-1.756
-1.785
-1.876
-1.971
-2.028
-2.125
-2.275
-2.327
-2.28
-2.205
-2.109
-2.003
-1.878
-1.769
-1.681
-1.663
-1.685
-1.715
-1.674
-1.64
-1.762
-1.946
-2.03
-2.046
-2.053
-2.039
-2.019
-1.982
-1.958
-1.994
-2.094
-2.189
-2.241
-2.25
-2.193
-2.112
-2.082
-2.087
-2.087
-2.075
-2.053
-2.055
-2.069
-2.069
-2.073
-2.098
-2.162
-2.284
-2.386
-2.357
-2.239
-2.166
-2.155
-2.148
-2.141
-2.162
-2.234
-2.391
-2.518
-2.568
-2.586
-2.595
-2.606
-2.633
-2.647
-2.593
-2.482
-2.384
-2.329
-2.309
-2.302
-2.3
-2.266
-2.23
-2.239
-2.243
-2.184
-2.125
-2.119
-2.141
-2.153
-2.191
-2.266
-2.368
-2.488
-2.604
-2.69
-2.742
-2.735
-2.661
-2.561
-2.436
-2.284
-2.109
-1.971
-1.955
-2.035
-2.103
-2.125
-2.155
-2.284
-2.45
-2.518
-2.497
-2.502
-2.547
-2.57
-2.527
-2.431
-2.341
-2.323
-2.363
-2.427
-2.5
-2.556
-2.593
-2.629
-2.692
-2.794
-2.887
-2.917
-2.881
-2.838
-2.853
-2.858
-2.81
-2.731
-2.629
-2.543
-2.497
-2.484
-2.488
-2.506
-2.527
-2.543
-2.588
-2.672
-2.72
-2.763
-2.869
-2.976
-3.035
-3.044
-2.994
-2.969
-3.01
-3.049
-3.021
-2.919
-2.853
-2.881
-2.899
-2.831
-2.683
-2.556
-2.518
-2.549
-2.597
-2.64
-2.71
-2.808
-2.901
-3.008
-3.108
-3.194
-3.278
-3.316
-3.259
-3.08
-2.794
-2.509
-2.316
-2.218
-2.178
-2.137
-2.125
-2.189
-2.406
-2.729
-2.942
-3.012
-3.035
-3.087
-3.103
-2.967
-2.695
-2.436
-2.293
-2.207
-2.112
-2.039
-2.075
-2.214
-2.37
-2.459
-2.479
-2.493
-2.531
-2.588
-2.622
-2.615
-2.574
-2.547
-2.618
-2.754
-2.826
-2.824
-2.774
-2.724
-2.688
-2.638
-2.565
-2.488
-2.427
-2.377
-2.341
-2.357
-2.436
-2.593
-2.794
-2.965
-3.06
-3.087
-3.064
-3.035
-3.024
-3.003
-2.965
-2.892
-2.806
-2.765
-2.756
-2.733
-2.686
-2.715
-2.828
-2.974
-3.114
-3.216
-3.343
-3.468
-3.55
-3.616
-3.693
-3.749
-3.788
-3.793
-3.724
-3.588
-3.461
-3.427
-3.457
-3.502
-3.573
-3.693
-3.838
-3.99
-4.21
-4.466
-4.65
-4.725
-4.691
-4.552
-4.292
-3.981
-3.763
-3.722
-3.718
-3.675
-3.715
-3.983
-4.258
-4.296
-4.16
-4.06
-4.085
-4.076
-3.856
-3.548
-3.45
-3.686
-3.979
-4.015
-3.904
-3.933
-4.053
-3.983
-3.602
-3.164
-2.983
-3.083
-3.207
-3.112
-2.906
-2.892
-3.142
-3.362
-3.234
-2.985
-2.99
-3.196
-3.323
-3.241
-3.071
-3.001
-3.076
-3.139
-3.078
-2.953
-2.896
-2.974
-3.094
-3.058
-2.953
-3.008
-3.16
-3.171
-3.046
-2.949
-2.944
-2.987
-3.051
-3.116
-3.178
-3.216
-3.241
-3.185
-3.058
-2.98
-2.96
-2.924
-2.838
-2.772
-2.813
-2.98
-3.139
-3.194
-3.257
-3.416
-3.579
-3.604
-3.479
-3.328
-3.28
-3.336
-3.38
-3.314
-3.219
-3.289
-3.525
-3.74
-3.779
-3.781
-3.915
-4.067
-4.069
-3.915
-3.761
-3.652
-3.552
-3.448
-3.387
-3.373
-3.439
-3.593
-3.779
-3.879
-3.89
-3.901
-3.94
-3.938
-3.867
-3.754
-3.681
-3.731
-3.856
-3.938
-3.997
-4.092
-4.189
-4.21
-4.105
-3.967
-3.897
-3.885
-3.84
-3.736
-3.64
-3.638
-3.688
-3.722
-3.727
-3.758
-3.815
-3.849
-3.827
-3.743
-3.622
-3.548
-3.541
-3.579
-3.575
-3.509
-3.464
-3.482
-3.486
-3.373
-3.284
-3.289
-3.269
-3.137
-2.996
-2.955
-3.051
-3.187
-3.259
-3.273
-3.293
-3.359
-3.373
-3.185
-2.858
-2.549
-2.277
-2.001
-1.796
-1.71
-1.728
-1.812
-1.944
-2.096
-2.225
-2.307
-2.345
-2.339
-2.248
-2.053
-1.835
-1.746
-1.694
-1.581
-1.522
-1.595
-1.663
-1.667
-1.658
-1.69
-1.744
-1.746
-1.647
-1.506
-1.447
-1.513
-1.619
-1.678
-1.753
-1.944
-2.146
-2.223
-2.218
-2.214
-2.178
-2.064
-1.892
-1.699
-1.547
-1.472
-1.486
-1.556
-1.676
-1.837
-2.041
-2.273
-2.466
-2.556
-2.636
-2.731
-2.801
-2.799
-2.738
-2.706
-2.729
-2.722
-2.679
-2.651
-2.627
-2.608
-2.613
-2.64
-2.667
-2.674
-2.613
-2.586
-2.643
-2.747
-2.847
-2.919
-2.947
-2.976
-3.005
-3.001
-2.93
-2.81
-2.676
-2.525
-2.393
-2.332
-2.343
-2.413
-2.513
-2.62
-2.729
-2.819
-2.863
-2.865
-2.844
-2.758
-2.604
-2.475
-2.409
-2.329
-2.182
-2.057
-2.032
-2.003
-1.86
-1.699
-1.592
-1.517
-1.429
-1.347
-1.27
-1.211
-1.191
-1.211
-1.229
-1.248
-1.277
-1.322
-1.361
-1.311
-1.168
-1.018
-0.871
-0.653
-0.474
-0.374
-0.281
-0.2
-0.215
-0.292
-0.351
-0.408
-0.454
-0.433
-0.308
-0.202
-0.211
-0.186
-0.039
0.066
0.023
-0.095
-0.227
-0.311
-0.34
-0.349
-0.39
-0.435
-0.383
-0.234
-0.116
-0.165
-0.297
-0.365
-0.451
-0.649
-0.832
-0.937
-1.007
-1.041
-1.007
-0.939
-0.907
-0.851
-0.739
-0.692
-0.769
-0.864
-0.959
-1.127
-1.361
-1.513
-1.554
-1.572
-1.597
-1.644
-1.685
-1.676
-1.642
-1.635
-1.69
-1.817
-1.982
-2.069
-2.103
-2.186
-2.264
-2.236
-2.173
-2.153
-2.13
-2.082
-2.089
-2.15
-2.221
-2.286
-2.377
-2.513
-2.613
-2.631
-2.588
-2.466
-2.329
-2.261
-2.184
-2.021
-1.867
-1.815
-1.86
-1.944
-1.994
-1.991
-1.951
-1.88
-1.783
-1.651
-1.52
-1.384
-1.238
-1.161
-1.132
-1.098
-1.077
-1.091
-1.077
-0.969
-0.794
-0.626
-0.501
-0.401
-0.281
-0.154
-0.025
0.075
0.104
0.1
0.147
0.284
0.445
0.556
0.651
0.794
0.95
1.08
1.179
1.238
1.266
1.268
1.256
1.256
1.281
1.334
1.424
1.52
1.676
1.867
2.007
2.103
2.232
2.377
2.456
2.479
2.488
2.475
2.431
2.425
2.515
2.661
2.774
2.815
2.831
2.871
2.926
2.944
2.901
2.84
2.763
2.724
2.824
3.028
3.157
3.223
3.341
3.468
3.514
3.495
3.432
3.371
3.314
3.269
3.219
3.219
3.275
3.346
3.42
3.543
3.67
3.749
3.774
3.786
3.849
3.901
3.867
3.754
3.652
3.611
3.613
3.616
3.602
3.573
3.563
3.625
3.724
3.734
3.663
3.65
3.706
3.779
3.817
3.865
3.926
4.015
4.124
4.183
4.151
4.081
4.015
3.922
3.813
3.734
3.65
3.534
3.477
3.534
3.663
3.822
3.958
4.065
4.149
4.203
4.226
4.162
3.994
3.838
3.756
3.743
3.711
3.638
3.636
3.718
3.774
3.802
3.885
4.015
4.094
4.144
4.171
4.14
4.072
4.069
4.149
4.246
4.323
4.353
4.341
4.346
4.35
4.287
4.178
4.115
4.11
4.108
4.112
4.185
4.305
4.407
4.496
4.58
4.634
4.625
4.541
4.405
4.214
4.006
3.831
3.786
3.856
3.91
3.922
4.008
4.14
4.221
4.244
4.221
4.174
4.126
4.105
4.085
4.035
3.963
3.892
3.854
3.879
3.919
3.863
3.761
3.695
3.695
3.715
3.693
3.643
3.638
3.718
3.849
3.951
3.99
4.008
4.006
3.994
3.958
3.885
3.779
3.702
3.663
3.627
3.607
3.64
3.727
3.842
3.956
4.017
3.972
3.867
3.786
3.731
3.652
3.557
3.493
3.509
3.6
3.724
3.813
3.865
3.929
3.99
4.001
3.976
3.954
3.924
3.87
3.788
3.722
3.684
3.656
3.647
3.665
3.686
3.65
3.582
3.543
3.545
3.536
3.534
3.607
3.758
3.872
3.935
4.026
4.151
4.278
4.373
4.403
4.378
4.346
4.317
4.296
4.273
4.221
4.169
4.189
4.278
4.384
4.503
4.589
4.643
4.704
4.752
4.752
4.729
4.723
4.702
4.673
4.659
4.673
4.754
4.897
5.033
5.133
5.222
5.294
5.321
5.324
5.362
5.412
5.421
5.385
5.367
5.378
5.36
5.33
5.267
5.172
5.079
5.013
4.963
4.952
4.945
4.943
4.983
5.11
5.26
5.346
5.41
5.467
5.512
5.523
5.455
5.262
5.008
4.797
4.636
4.48
4.332
4.246
4.23
4.292
4.403
4.493
4.546
4.614
4.682
4.688
4.641
4.562
4.459
4.346
4.203
4.031
3.901
3.829
3.736
3.591
3.427
3.273
3.178
3.175
3.21
3.225
3.244
3.309
3.387
3.418
3.4
3.371
3.35
3.289
3.162
2.999
2.851
2.726
2.647
2.549
2.466
2.466
2.568
2.681
2.729
2.706
2.643
2.595
2.536
2.438
2.345
2.266
2.159
2.071
2.021
1.964
1.914
1.912
1.951
1.982
1.98
1.971
1.98
2.007
2.048
2.071
2.096
2.137
2.171
2.15
2.084
2.007
1.948
1.883
1.79
1.674
1.601
1.599
1.604
1.604
1.685
1.835
1.969
2.073
2.191
2.27
2.248
2.166
2.064
1.958
1.86
1.808
1.796
1.801
1.826
1.849
1.869
1.908
1.982
2.075
2.139
2.175
2.202
2.227
2.236
2.216
2.166
2.1
2.046
1.991
1.953
1.908
1.837
1.735
1.669
1.654
1.669
1.697
1.749
1.842
1.958
2.048
2.087
2.098
2.125
2.137
2.073
1.951
1.815
1.703
1.64
1.592
1.501
1.406
1.404
1.479
1.54
1.576
1.633
1.674
1.663
1.649
1.619
1.565
1.481
1.415
1.368
1.322
1.293
1.288
1.293
1.295
1.315
1.327
1.338
1.327
1.311
1.336
1.37
1.375
1.361
1.37
1.415
1.436
1.393
1.329
1.286
1.27
1.218
1.059
0.882
0.821
0.916
1.003
0.998
0.987
1.009
1.066
1.15
1.213
1.236
1.218
1.186
1.161
1.134
1.059
0.923
0.78
0.68
0.592
0.51
0.424
0.356
0.343
0.363
0.392
0.451
0.54
0.619
0.678
0.694
0.714
0.744
0.728
0.64
0.535
0.479
0.383
0.209
0.052
0.007
0.02
0.052
0.086
0.138
0.209
0.284
0.331
0.365
0.399
0.46
0.54
0.556
0.533
0.533
0.556
0.587
0.608
0.603
0.574
0.549
0.522
0.458
0.354
0.238
0.19
0.24
0.27
0.234
0.254
0.41
0.601
0.721
0.751
0.742
0.762
0.755
0.662
0.512
0.399
0.358
0.354
0.347
0.333
0.397
0.54
0.694
0.764
0.769
0.783
0.816
0.83
0.801
0.714
0.649
0.64
0.678
0.708
0.678
0.651
0.687
0.773
0.837
0.846
0.803
0.755
0.71
0.676
0.64
0.596
0.606
0.626
0.61
0.594
0.615
0.66
0.685
0.692
0.71
0.724
0.717
0.669
0.615
0.535
0.465
0.458
0.449
0.395
0.333
0.281
0.243
0.229
0.245
0.281
0.311
0.295
0.243
0.197
0.177
0.165
0.111
0.032
-0.016
-0.009
-0.004
0.002
0.039
0.059
0.068
0.052
-0.002
-0.072
-0.125
-0.134
-0.138
-0.181
-0.177
-0.113
-0.054
-0.032
-0.014
0.007
-0.007
-0.025
-0.032
-0.063
-0.147
-0.254
-0.317
-0.331
-0.338
-0.365
-0.376
-0.331
-0.24
-0.177
-0.12
-0.027
0.104
0.17
0.145
0.088
0.029
-0.043
-0.127
-0.186
-0.229
-0.245
-0.222
-0.156
-0.079
0.002
0.113
0.231
0.281
0.245
0.218
0.252
0.265
0.247
0.227
0.222
0.259
0.308
0.356
0.381
0.413
0.46
0.499
0.481
0.417
0.304
0.193
0.145
0.118
0.029
-0.014
0.075
0.204
0.284
0.343
0.374
0.388
0.401
0.397
0.304
0.179
0.102
0.091
0.063
-0.016
-0.057
-0.002
0.039
-0.032
-0.127
-0.145
-0.15
-0.211
-0.292
-0.343
-0.365
-0.392
-0.447
-0.499
-0.519
-0.522
-0.551
-0.578
-0.583
-0.624
-0.705
-0.728
-0.717
-0.789
-0.946
-1.111
-1.213
-1.25
-1.25
-1.241
-1.204
-1.105
-1.014
-0.969
-0.964
-0.959
-0.937
-0.95
-1.068
-1.245
-1.399
-1.549
-1.733
-1.892
-1.971
-1.985
-1.985
-1.998
-2.001
-1.917
-1.769
-1.649
-1.588
-1.531
-1.486
-1.529
-1.585
-1.604
-1.658
-1.742
-1.785
-1.808
-1.855
-1.869
-1.835
-1.796
-1.783
-1.799
-1.842
-1.846
-1.767
-1.69
-1.728
-1.783
-1.71
-1.556
-1.463
-1.452
-1.481
-1.495
-1.449
-1.438
-1.517
-1.694
-1.79
-1.78
-1.833
-1.944
-1.966
-1.921
-1.839
-1.735
-1.656
-1.583
-1.522
-1.486
-1.52
-1.61
-1.701
-1.76
-1.769
-1.821
-1.98
-2.132
-2.15
-2.073
-2.044
-2.03
-1.985
-1.912
-1.849
-1.86
-1.948
-2.035
-2.039
-1.996
-2.046
-2.143
-2.198
-2.218
-2.227
-2.223
-2.236
-2.268
-2.304
-2.352
-2.375
-2.379
-2.382
-2.42
-2.443
-2.463
-2.545
-2.615
-2.568
-2.49
-2.479
-2.49
-2.502
-2.549
-2.627
-2.702
-2.785
-2.896
-2.93
-2.924
-3.003
-3.108
-3.135
-3.119
-3.119
-3.139
-3.137
-3.116
-3.098
-3.083
-3.067
-3.037
-3.019
-3.044
-3.087
-3.108
-3.187
-3.284
-3.318
-3.323
-3.355
-3.427
-3.495
-3.493
-3.402
-3.321
-3.348
-3.405
-3.368
-3.312
-3.328
-3.359
-3.339
-3.316
-3.339
-3.377
-3.395
-3.4
-3.416
-3.432
-3.448
-3.42
-3.375
-3.373
-3.346
-3.264
-3.266
-3.33
-3.334
-3.291
-3.255
-3.23
-3.214
-3.2
-3.173
-3.162
-3.205
-3.289
-3.296
-3.196
-3.121
-3.108
-3.08
-3.021
-2.928
-2.831
-2.788
-2.776
-2.76
-2.74
-2.731
-2.706
-2.676
-2.681
-2.665
-2.604
-2.57
-2.543
-2.513
-2.484
-2.416
-2.334
-2.318
-2.359
-2.4
-2.395
-2.4
-2.445
-2.461
-2.409
-2.37
-2.368
-2.366
-2.373
-2.37
-2.311
-2.245
-2.239
-2.27
-2.311
-2.327
-2.302
-2.311
-2.361
-2.373
-2.388
-2.511
-2.64
-2.699
-2.756
-2.817
-2.842
-2.878
-2.947
-2.996
-2.985
-2.99
-3.069
-3.103
-3.026
-3.01
-3.105
-3.18
-3.205
-3.246
-3.33
-3.445
-3.593
-3.718
-3.783
-3.813
-3.852
-3.913
-3.96
-3.967
-4.013
-4.128
-4.21
-4.242
-4.31
-4.366
-4.373
-4.369
-4.35
-4.332
-4.301
-4.317
-4.373
-4.371
-4.353
-4.437
-4.541
-4.598
-4.625
-4.636
-4.67
-4.732
-4.736
-4.65
-4.532
-4.437
-4.325
-4.208
-4.11
-4.035
-3.988
-4.022
-4.065
-4.062
-4.078
-4.103
-4.087
-4.024
-3.951
-3.845
-3.718
-3.591
-3.518
-3.432
-3.264
-3.108
-3.026
-2.94
-2.799
-2.679
-2.615
-2.552
-2.484
-2.416
-2.314
-2.227
-2.143
-2.032
-1.917
-1.858
-1.769
-1.667
-1.601
-1.556
-1.501
-1.42
-1.322
-1.223
-1.134
-1.043
-0.91
-0.801
-0.78
-0.808
-0.783
-0.71
-0.717
-0.778
-0.757
-0.671
-0.596
-0.553
-0.49
-0.386
-0.249
-0.141
-0.043
0.088
0.224
0.261
0.224
0.175
0.088
-0.025
-0.125
-0.227
-0.32
-0.37
-0.333
-0.247
-0.165
-0.125
-0.118
-0.125
-0.106
-0.05
-0.063
-0.165
-0.224
-0.215
-0.265
-0.383
-0.474
-0.501
-0.492
-0.467
-0.481
-0.526
-0.526
-0.504
-0.571
-0.674
-0.732
-0.816
-0.969
-1.105
-1.184
-1.211
-1.209
-1.177
-1.141
-1.152
-1.168
-1.15
-1.164
-1.25
-1.356
-1.42
-1.474
-1.488
-1.472
-1.483
-1.483
-1.395
-1.272
-1.209
-1.213
-1.234
-1.229
-1.22
-1.275
-1.375
-1.413
-1.399
-1.443
-1.529
-1.574
-1.513
-1.372
-1.229
-1.17
-1.159
-1.093
-0.993
-0.975
-1.082
-1.211
-1.234
-1.195
-1.227
-1.295
-1.331
-1.35
-1.302
-1.213
-1.161
-1.114
-1.028
-0.925
-0.862
-0.821
-0.805
-0.803
-0.803
-0.816
-0.864
-0.887
-0.844
-0.812
-0.828
-0.832
-0.796
-0.764
-0.76
-0.803
-0.88
-0.975
-1
-0.946
-0.921
-0.937
-0.9
-0.812
-0.773
-0.771
-0.757
-0.735
-0.724
-0.744
-0.844
-0.941
-0.937
-0.939
-0.971
-0.984
-1
-1.03
-1.016
-0.946
-0.878
-0.851
-0.812
-0.791
-0.844
-0.948
-1.059
-1.127
-1.193
-1.277
-1.318
-1.313
-1.293
-1.238
-1.189
-1.179
-1.173
-1.141
-1.102
-1.093
-1.118
-1.173
-1.2
-1.209
-1.259
-1.302
-1.327
-1.338
-1.345
-1.361
-1.356
-1.306
-1.254
-1.252
-1.32
-1.422
-1.49
-1.56
-1.676
-1.776
-1.81
-1.771
-1.731
-1.749
-1.753
-1.692
-1.599
-1.56
-1.624
-1.724
-1.769
-1.76
-1.762
-1.79
-1.828
-1.855
-1.844
-1.803
-1.749
-1.71
-1.685
-1.656
-1.606
-1.574
-1.585
-1.615
-1.638
-1.64
-1.66
-1.692
-1.681
-1.615
-1.538
-1.493
-1.47
-1.424
-1.368
-1.354
-1.375
-1.402
-1.404
-1.395
-1.361
-1.272
-1.161
-1.066
-0.957
-0.839
-0.746
-0.739
-0.744
-0.717
-0.699
-0.705
-0.717
-0.744
-0.787
-0.828
-0.851
-0.839
-0.773
-0.669
-0.547
-0.433
-0.37
-0.304
-0.213
-0.136
-0.116
-0.168
-0.179
-0.138
-0.131
-0.177
-0.2
-0.195
-0.186
-0.141
-0.059
0.018
0.086
0.156
0.193
0.172
0.122
0.084
0.066
0.043
0.016
0.011
0.041
0.079
0.131
0.188
0.218
0.229
0.247
0.279
0.295
0.259
0.195
0.136
0.097
0.091
0.118
0.161
0.209
0.249
0.288
0.324
0.313
0.261
0.188
0.118
0.097
0.116
0.156
0.184
0.184
0.213
0.306
0.399
0.46
0.551
0.696
0.805
0.771
0.655
0.587
0.571
0.544
0.488
0.442
0.422
0.472
0.569
0.665
0.717
0.796
0.916
0.998
1.057
1.141
1.177
1.143
1.118
1.145
1.193
1.223
1.261
1.331
1.44
1.54
1.647
1.78
1.855
1.837
1.846
1.935
2.025
2.019
1.958
1.958
2.057
2.143
2.182
2.214
2.259
2.318
2.431
2.559
2.599
2.588
2.615
2.702
2.769
2.817
2.912
3.055
3.18
3.28
3.366
3.412
3.368
3.334
3.382
3.409
3.362
3.312
3.287
3.269
3.269
3.296
3.296
3.278
3.359
3.548
3.688
3.677
3.597
3.573
3.545
3.47
3.395
3.316
3.241
3.144
3.067
3.053
3.051
3.044
3.087
3.148
3.198
3.269
3.341
3.377
3.384
3.391
3.384
3.325
3.253
3.255
3.278
3.219
3.171
3.194
3.228
3.223
3.239
3.3
3.398
3.468
3.511
3.595
3.713
3.74
3.688
3.668
3.745
3.827
3.82
3.754
3.693
3.636
3.554
3.464
3.332
3.182
3.126
3.13
3.103
3.024
2.919
2.869
2.876
2.878
2.871
2.847
2.779
2.715
2.71
2.645
2.431
2.239
2.189
2.157
2.025
1.853
1.717
1.617
1.531
1.458
1.365
1.166
0.973
0.957
1.03
1.055
1.046
1.039
1.068
1.12
1.193
1.232
1.202
1.152
1.157
1.161
1.052
0.839
0.651
0.576
0.542
0.508
0.508
0.571
0.674
0.801
0.948
1.091
1.197
1.293
1.427
1.542
1.574
1.576
1.567
1.572
1.624
1.699
1.735
1.753
1.821
1.951
2.064
2.109
2.128
2.18
2.289
2.436
2.549
2.602
2.64
2.69
2.779
2.908
3.003
3.021
3.005
3.021
3.069
3.103
3.076
3.019
3.026
3.085
3.169
3.232
3.289
3.395
3.591
3.758
3.813
3.808
3.82
3.804
3.704
3.552
3.452
3.377
3.264
3.169
3.167
3.189
3.153
3.126
3.18
3.287
3.4
3.468
3.47
3.448
3.466
3.525
3.554
3.504
3.452
3.541
3.638
3.625
3.604
3.672
3.763
3.799
3.836
3.872
3.881
3.879
3.942
4.035
4.072
4.081
4.124
4.201
4.285
4.328
4.251
4.14
4.115
4.117
4.049
3.919
3.845
3.86
3.874
3.84
3.795
3.802
3.831
3.856
3.901
3.985
4.094
4.167
4.189
4.212
4.23
4.235
4.171
4.028
3.942
3.954
3.988
3.929
3.827
3.802
3.879
3.954
3.922
3.799
3.681
3.629
3.557
3.418
3.234
3.049
2.93
2.899
2.915
2.876
2.785
2.733
2.831
2.987
3.028
3.005
3.024
3.064
3.064
3.003
2.874
2.742
2.633
2.534
2.441
2.341
2.255
2.245
2.25
2.175
2.125
2.141
2.155
2.109
2.057
2.053
2.039
1.987
1.926
1.844
1.701
1.522
1.386
1.302
1.204
1.095
0.998
0.966
1.025
1.152
1.284
1.35
1.44
1.638
1.844
1.93
1.933
1.864
1.726
1.54
1.343
1.141
0.898
0.674
0.508
0.417
0.363
0.315
0.261
0.204
0.193
0.261
0.331
0.317
0.238
0.193
0.209
0.206
0.127
0.002
-0.129
-0.206
-0.288
-0.435
-0.628
-0.794
-0.932
-1.05
-1.095
-1.089
-1.089
-1.132
-1.139
-1.061
-0.982
-0.982
-1.036
-1.136
-1.261
-1.361
-1.47
-1.606
-1.76
-1.883
-1.937
-1.937
-1.887
-1.776
-1.681
-1.663
-1.613
-1.429
-1.22
-1.12
-1.071
-1
-0.91
-0.889
-0.919
-0.939
-0.964
-1.03
-1.043
-0.996
-0.939
-0.864
-0.808
-0.76
-0.667
-0.515
-0.37
-0.331
-0.327
-0.234
-0.1
-0.05
-0.075
-0.113
-0.145
-0.154
-0.109
-0.011
0.097
0.19
0.295
0.426
0.59
0.748
0.835
0.905
0.998
1.055
1.066
1.105
1.166
1.186
1.17
1.148
1.15
1.136
1.073
0.982
0.932
0.91
0.887
0.851
0.798
0.839
1.012
1.173
1.248
1.304
1.368
1.377
1.318
1.2
1.059
0.864
0.64
0.454
0.32
0.188
0.093
0.147
0.292
0.383
0.451
0.565
0.678
0.685
0.585
0.465
0.361
0.231
0.016
-0.209
-0.388
-0.499
-0.61
-0.762
-0.873
-0.88
-0.844
-0.823
-0.791
-0.748
-0.705
-0.653
-0.617
-0.583
-0.544
-0.524
-0.544
-0.599
-0.687
-0.803
-0.907
-1
-1.141
-1.295
-1.363
-1.311
-1.177
-1.03
-0.916
-0.816
-0.678
-0.512
-0.388
-0.358
-0.386
-0.397
-0.46
-0.619
-0.776
-0.891
-1.023
-1.17
-1.286
-1.352
-1.329
-1.193
-1
-0.803
-0.592
-0.356
-0.084
0.165
0.311
0.37
0.415
0.401
0.292
0.154
-0.002
-0.154
-0.29
-0.431
-0.578
-0.637
-0.576
-0.449
-0.299
-0.102
0.161
0.422
0.601
0.748
0.903
0.982
0.95
0.851
0.703
0.492
0.284
0.134
0.007
-0.156
-0.327
-0.406
-0.338
-0.213
-0.093
0.05
0.202
0.363
0.535
0.68
0.728
0.692
0.655
0.596
0.431
0.17
-0.1
-0.358
-0.644
-0.957
-1.261
-1.493
-1.581
-1.504
-1.35
-1.202
-1.023
-0.812
-0.621
-0.508
-0.46
-0.472
-0.567
-0.748
-0.966
-1.202
-1.413
-1.638
-1.871
-2.084
-2.298
-2.49
-2.57
-2.529
-2.447
-2.359
-2.252
-2.107
-1.969
-1.853
-1.774
-1.728
-1.74
-1.846
-2.025
-2.221
-2.363
-2.536
-2.863
-3.262
-3.559
-3.713
-3.783
-3.84
-3.838
-3.709
-3.484
-3.223
-2.999
-2.799
-2.611
-2.438
-2.345
-2.406
-2.615
-2.822
-2.951
-3.085
-3.289
-3.534
-3.711
-3.804
-3.84
-3.849
-3.829
-3.756
-3.613
-3.504
-3.439
-3.325
-3.151
-3.012
-3.033
-3.178
-3.341
-3.443
-3.523
-3.672
-3.897
-4.119
-4.255
-4.312
-4.341
-4.355
-4.335
-4.269
-4.167
-4.133
-4.187
-4.199
-4.151
-4.133
-4.212
-4.382
-4.557
-4.673
-4.784
-4.981
-5.244
-5.446
-5.589
-5.73
-5.82
-5.802
-5.7
-5.553
-5.417
-5.314
-5.217
-5.094
-4.967
-4.89
-4.893
-4.988
-5.129
-5.237
-5.281
-5.362
-5.473
-5.555
-5.607
-5.65
-5.659
-5.63
-5.578
-5.475
-5.337
-5.185
-5.013
-4.859
-4.734
-4.586
-4.459
-4.409
-4.412
-4.403
-4.341
-4.253
-4.18
-4.144
-4.081
-3.972
-3.808
-3.6
-3.35
-3.105
-2.926
-2.79
-2.667
-2.529
-2.366
-2.248
-2.225
-2.25
-2.241
-2.175
-2.116
-2.112
-2.128
-2.155
-2.164
-2.125
-2.021
-1.908
-1.749
-1.522
-1.272
-1.089
-0.941
-0.76
-0.576
-0.485
-0.506
-0.612
-0.685
-0.649
-0.563
-0.524
-0.522
-0.506
-0.451
-0.415
-0.445
-0.506
-0.56
-0.596
-0.669
-0.803
-0.969
-1.098
-1.168
-1.263
-1.456
-1.663
-1.758
-1.731
-1.721
-1.769
-1.778
-1.694
-1.606
-1.551
-1.508
-1.431
-1.313
-1.189
-1.123
-1.184
-1.315
-1.381
-1.34
-1.295
-1.35
-1.481
-1.556
-1.558
-1.526
-1.488
-1.468
-1.456
-1.429
-1.379
-1.381
-1.415
-1.438
-1.452
-1.506
-1.579
-1.608
-1.622
-1.676
-1.742
-1.783
-1.821
-1.86
-1.903
-1.917
-1.826
-1.667
-1.56
-1.556
-1.585
-1.597
-1.599
-1.651
-1.783
-1.978
-2.182
-2.323
-2.395
-2.468
-2.54
-2.561
-2.531
-2.486
-2.475
-2.466
-2.411
-2.334
-2.259
-2.191
-2.096
-1.985
-1.885
-1.774
-1.633
-1.504
-1.477
-1.522
-1.538
-1.481
-1.379
-1.34
-1.402
-1.508
-1.556
-1.542
-1.554
-1.581
-1.59
-1.588
-1.565
-1.52
-1.438
-1.347
-1.284
-1.284
-1.311
-1.352
-1.409
-1.443
-1.513
-1.651
-1.774
-1.776
-1.697
-1.624
-1.581
-1.511
-1.375
-1.216
-1.093
-0.973
-0.853
-0.767
-0.717
-0.726
-0.826
-1.028
-1.241
-1.399
-1.547
-1.719
-1.844
-1.908
-1.958
-1.996
-1.946
-1.815
-1.715
-1.667
-1.633
-1.547
-1.413
-1.286
-1.245
-1.27
-1.261
-1.202
-1.177
-1.254
-1.39
-1.49
-1.504
-1.506
-1.57
-1.635
-1.604
-1.508
-1.458
-1.468
-1.483
-1.44
-1.327
-1.195
-1.118
-1.141
-1.207
-1.236
-1.254
-1.334
-1.438
-1.542
-1.642
-1.71
-1.726
-1.683
-1.563
-1.377
-1.175
-0.98
-0.819
-0.726
-0.665
-0.585
-0.583
-0.667
-0.751
-0.805
-0.848
-0.898
-0.925
-0.88
-0.814
-0.801
-0.73
-0.544
-0.361
-0.254
-0.19
-0.161
-0.168
-0.179
-0.152
-0.125
-0.113
-0.039
0.079
0.165
0.245
0.345
0.37
0.315
0.279
0.315
0.397
0.456
0.519
0.599
0.687
0.696
0.667
0.712
0.862
0.984
1.043
1.091
1.141
1.168
1.154
1.1
1.025
0.953
0.91
0.866
0.796
0.773
0.789
0.803
0.871
0.982
1.066
1.118
1.193
1.27
1.268
1.191
1.098
1.059
1.05
0.946
0.751
0.601
0.506
0.456
0.431
0.438
0.522
0.635
0.735
0.773
0.762
0.767
0.771
0.674
0.506
0.367
0.238
0.127
0.032
-0.027
-0.023
-0.014
-0.061
-0.125
-0.134
-0.147
-0.17
-0.179
-0.243
-0.349
-0.367
-0.32
-0.306
-0.338
-0.327
-0.234
-0.134
-0.066
-0.025
-0.066
-0.172
-0.281
-0.395
-0.531
-0.653
-0.744
-0.814
-0.857
-0.88
-0.873
-0.764
-0.617
-0.504
-0.41
-0.32
-0.236
-0.147
-0.093
-0.102
-0.116
-0.072
0.029
0.095
0.088
0.131
0.227
0.238
0.202
0.206
0.259
0.343
0.401
0.429
0.479
0.585
0.667
0.732
0.832
0.946
1.098
1.263
1.375
1.42
1.495
1.633
1.785
1.892
1.971
2.066
2.128
2.189
2.3
2.343
2.316
2.339
2.459
2.608
2.697
2.779
2.89
3.001
3.026
3.024
3.06
3.094
3.069
3.064
3.071
3.021
2.967
2.994
3.046
3.067
3.128
3.234
3.291
3.332
3.448
3.559
3.514
3.384
3.273
3.207
3.162
3.121
3.062
2.992
2.917
2.906
2.985
3.053
3.044
3.021
3.028
3.026
3.024
3.014
2.978
2.917
2.878
2.912
2.971
2.96
2.915
2.903
2.863
2.81
2.756
2.679
2.618
2.599
2.604
2.608
2.572
2.511
2.568
2.735
2.847
2.89
2.976
3.021
2.983
2.93
2.878
2.815
2.726
2.665
2.638
2.568
2.477
2.509
2.554
2.502
2.427
2.4
2.418
2.482
2.549
2.606
2.674
2.733
2.819
2.974
3.076
3.103
3.139
3.169
3.11
3.024
2.974
2.953
2.919
2.887
2.91
2.947
2.971
3.092
3.264
3.314
3.257
3.207
3.214
3.234
3.207
3.155
3.151
3.157
3.083
2.983
2.951
2.983
3.035
3.116
3.196
3.216
3.241
3.289
3.314
3.321
3.321
3.303
3.262
3.248
3.346
3.5
3.507
3.38
3.33
3.375
3.359
3.255
3.21
3.212
3.049
2.742
2.633
2.813
2.947
2.887
2.828
2.851
2.912
3.03
3.119
3.062
3.005
3.073
3.214
3.255
3.205
3.096
2.942
2.76
2.622
2.509
2.307
2.1
2.048
2.125
2.205
2.266
2.275
2.143
2.064
2.141
2.196
2.103
1.935
1.79
1.731
1.749
1.762
1.717
1.626
1.579
1.644
1.71
1.74
1.726
1.54
1.288
1.252
1.281
1.164
1.025
1.003
1.048
1.143
1.229
1.254
1.325
1.486
1.585
1.531
1.427
1.413
1.404
1.284
1.193
1.275
1.413
1.404
1.331
1.34
1.44
1.608
1.703
1.581
1.44
1.511
1.66
1.756
1.776
1.758
1.742
1.801
1.871
1.878
1.885
1.91
2.075
2.368
2.568
2.663
2.747
2.819
2.835
2.76
2.602
2.495
2.486
2.511
2.554
2.595
2.622
2.735
2.922
3.049
3.137
3.198
3.21
3.203
3.219
3.216
3.196
3.216
3.291
3.375
3.468
3.538
3.568
3.622
3.697
3.729
3.734
3.749
3.738
3.672
3.588
3.529
3.461
3.316
3.189
3.225
3.328
3.346
3.321
3.332
3.375
3.423
3.395
3.307
3.334
3.452
3.484
3.434
3.389
3.409
3.445
3.432
3.343
3.221
3.105
3.06
3.085
3.062
2.967
2.867
2.824
2.828
2.853
2.838
2.788
2.749
2.79
2.849
2.831
2.785
2.76
2.794
2.817
2.717
2.613
2.608
2.606
2.536
2.42
2.248
2.146
2.159
2.175
2.162
2.107
2.082
2.164
2.289
2.366
2.404
2.411
2.384
2.334
2.23
2.073
1.955
1.874
1.737
1.613
1.59
1.624
1.708
1.817
1.887
1.903
1.935
2.005
2.064
2.041
1.942
1.874
1.867
1.812
1.717
1.61
1.508
1.508
1.572
1.576
1.515
1.486
1.549
1.642
1.633
1.529
1.465
1.52
1.604
1.669
1.735
1.767
1.758
1.74
1.708
1.64
1.549
1.468
1.424
1.418
1.431
1.429
1.458
1.583
1.746
1.83
1.846
1.885
1.973
2.062
2.089
2.094
2.096
2.078
2.071
2.116
2.186
2.202
2.15
2.1
2.069
2.007
1.96
1.96
1.976
2.01
2.091
2.2
2.311
2.423
2.549
2.645
2.656
2.597
2.459
2.28
2.148
2.08
2.001
1.903
1.874
1.958
2.112
2.241
2.32
2.35
2.329
2.316
2.295
2.214
2.066
1.901
1.774
1.728
1.701
1.647
1.624
1.647
1.699
1.728
1.699
1.61
1.533
1.486
1.452
1.434
1.431
1.458
1.504
1.554
1.642
1.706
1.697
1.595
1.424
1.259
1.098
0.944
0.778
0.651
0.59
0.585
0.587
0.574
0.553
0.583
0.655
0.694
0.628
0.524
0.483
0.528
0.581
0.553
0.438
0.34
0.333
0.37
0.306
0.129
-0.023
-0.059
-0.057
-0.106
-0.213
-0.322
-0.338
-0.252
-0.147
-0.113
-0.141
-0.141
-0.066
0.041
0.047
-0.077
-0.195
-0.245
-0.263
-0.274
-0.267
-0.261
-0.272
-0.236
-0.147
-0.084
-0.091
-0.131
-0.19
-0.302
-0.433
-0.512
-0.531
-0.508
-0.458
-0.426
-0.399
-0.32
-0.197
-0.093
-0.072
-0.088
-0.104
-0.12
-0.177
-0.243
-0.277
-0.254
-0.206
-0.129
-0.106
-0.163
-0.202
-0.165
-0.175
-0.288
-0.449
-0.556
-0.603
-0.626
-0.646
-0.642
-0.567
-0.417
-0.279
-0.19
-0.12
-0.029
0.025
-0.041
-0.188
-0.329
-0.399
-0.397
-0.39
-0.429
-0.465
-0.485
-0.472
-0.451
-0.479
-0.585
-0.735
-0.864
-1
-1.148
-1.245
-1.27
-1.25
-1.202
-1.173
-1.157
-1.12
-1.071
-1.082
-1.175
-1.268
-1.356
-1.449
-1.499
-1.481
-1.399
-1.315
-1.27
-1.259
-1.275
-1.315
-1.409
-1.572
-1.744
-1.903
-2.032
-2.089
-2.1
-2.1
-2.03
-1.837
-1.651
-1.581
-1.574
-1.529
-1.49
-1.536
-1.622
-1.674
-1.669
-1.624
-1.542
-1.477
-1.438
-1.39
-1.331
-1.304
-1.329
-1.386
-1.468
-1.554
-1.649
-1.726
-1.769
-1.78
-1.778
-1.697
-1.54
-1.42
-1.363
-1.327
-1.313
-1.34
-1.415
-1.515
-1.617
-1.706
-1.731
-1.706
-1.721
-1.721
-1.654
-1.529
-1.436
-1.402
-1.424
-1.49
-1.531
-1.536
-1.583
-1.688
-1.733
-1.672
-1.576
-1.526
-1.536
-1.556
-1.567
-1.554
-1.551
-1.613
-1.699
-1.737
-1.717
-1.663
-1.606
-1.56
-1.497
-1.42
-1.34
-1.277
-1.268
-1.361
-1.545
-1.751
-1.878
-1.917
-1.919
-1.935
-1.978
-1.973
-1.837
-1.638
-1.501
-1.483
-1.504
-1.495
-1.508
-1.604
-1.726
-1.815
-1.86
-1.892
-1.88
-1.833
-1.83
-1.86
-1.858
-1.864
-1.926
-2.064
-2.198
-2.298
-2.35
-2.339
-2.273
-2.198
-2.159
-2.082
-1.987
-1.919
-1.864
-1.835
-1.905
-2.091
-2.27
-2.361
-2.434
-2.506
-2.531
-2.466
-2.368
-2.295
-2.248
-2.211
-2.193
-2.25
-2.402
-2.588
-2.715
-2.824
-2.903
-2.922
-2.901
-2.869
-2.788
-2.674
-2.602
-2.581
-2.59
-2.658
-2.794
-2.949
-3.028
-2.999
-2.953
-2.922
-2.863
-2.799
-2.799
-2.86
-2.942
-3.049
-3.191
-3.336
-3.495
-3.632
-3.695
-3.699
-3.64
-3.511
-3.359
-3.262
-3.2
-3.108
-3.049
-3.08
-3.175
-3.273
-3.368
-3.439
-3.464
-3.468
-3.466
-3.479
-3.47
-3.436
-3.45
-3.509
-3.536
-3.579
-3.693
-3.808
-3.84
-3.82
-3.772
-3.675
-3.563
-3.443
-3.323
-3.232
-3.198
-3.212
-3.241
-3.278
-3.316
-3.375
-3.445
-3.477
-3.405
-3.273
-3.21
-3.194
-3.123
-3.008
-2.928
-2.93
-3.008
-3.126
-3.214
-3.221
-3.178
-3.178
-3.205
-3.151
-2.971
-2.783
-2.704
-2.695
-2.649
-2.572
-2.565
-2.638
-2.71
-2.738
-2.676
-2.602
-2.531
-2.47
-2.398
-2.341
-2.302
-2.3
-2.375
-2.486
-2.586
-2.676
-2.781
-2.81
-2.726
-2.606
-2.54
-2.513
-2.459
-2.345
-2.214
-2.182
-2.259
-2.373
-2.436
-2.447
-2.484
-2.595
-2.686
-2.658
-2.554
-2.452
-2.402
-2.418
-2.459
-2.472
-2.504
-2.568
-2.638
-2.665
-2.658
-2.611
-2.49
-2.42
-2.447
-2.461
-2.42
-2.429
-2.475
-2.534
-2.633
-2.769
-2.89
-2.924
-2.869
-2.815
-2.801
-2.749
-2.663
-2.645
-2.679
-2.715
-2.804
-2.974
-3.092
-3.11
-3.153
-3.225
-3.255
-3.232
-3.162
-3.078
-2.978
-2.894
-2.881
-2.899
-2.901
-2.896
-2.996
-3.146
-3.21
-3.151
-3.092
-3.067
-3.03
-2.99
-3.001
-3.062
-3.146
-3.21
-3.228
-3.234
-3.223
-3.194
-3.094
-2.915
-2.742
-2.656
-2.606
-2.5
-2.42
-2.418
-2.504
-2.681
-2.858
-2.906
-2.835
-2.733
-2.667
-2.631
-2.5
-2.275
-2.096
-2.046
-2.035
-2.003
-2.016
-2.064
-2.141
-2.214
-2.25
-2.259
-2.243
-2.214
-2.153
-2.032
-1.894
-1.826
-1.83
-1.835
-1.839
-1.887
-1.903
-1.824
-1.719
-1.626
-1.547
-1.513
-1.542
-1.59
-1.644
-1.66
-1.706
-1.796
-1.871
-1.878
-1.855
-1.86
-1.837
-1.746
-1.688
-1.669
-1.635
-1.606
-1.624
-1.69
-1.792
-1.951
-2.119
-2.239
-2.3
-2.368
-2.472
-2.525
-2.52
-2.552
-2.565
-2.522
-2.531
-2.595
-2.638
-2.713
-2.847
-2.996
-3.06
-3.046
-3.017
-3.01
-3.003
-2.994
-3.051
-3.198
-3.323
-3.418
-3.52
-3.643
-3.752
-3.831
-3.863
-3.842
-3.815
-3.806
-3.822
-3.827
-3.824
-3.867
-3.944
-3.999
-4.04
-4.103
-4.112
-4.044
-3.999
-3.954
-3.858
-3.74
-3.672
-3.654
-3.64
-3.604
-3.582
-3.622
-3.686
-3.677
-3.607
-3.552
-3.511
-3.393
-3.28
-3.219
-3.148
-3.101
-3.11
-3.098
-3.055
-3.037
-3.003
-2.926
-2.785
-2.613
-2.479
-2.334
-2.189
-2.084
-1.985
-1.849
-1.774
-1.767
-1.703
-1.64
-1.631
-1.649
-1.608
-1.501
-1.352
-1.197
-1.08
-0.977
-0.887
-0.851
-0.851
-0.805
-0.757
-0.705
-0.644
-0.59
-0.528
-0.424
-0.297
-0.224
-0.227
-0.252
-0.286
-0.358
-0.469
-0.553
-0.563
-0.515
-0.406
-0.245
-0.12
-0.07
-0.023
0.034
0.057
-0.009
-0.12
-0.231
-0.34
-0.451
-0.551
-0.624
-0.689
-0.762
-0.78
-0.751
-0.726
-0.73
-0.748
-0.789
-0.832
-0.864
-0.921
-1.018
-1.111
-1.154
-1.211
-1.288
-1.361
-1.445
-1.558
-1.708
-1.828
-1.867
-1.955
-2.103
-2.211
-2.27
-2.27
-2.205
-2.139
-2.121
-2.109
-2.062
-2.046
-2.08
-2.157
-2.273
-2.352
-2.373
-2.398
-2.456
-2.475
-2.429
-2.373
-2.325
-2.311
-2.314
-2.302
-2.266
-2.243
-2.282
-2.352
-2.363
-2.327
-2.329
-2.3
-2.171
-2.001
-1.83
-1.665
-1.513
-1.415
-1.343
-1.254
-1.2
-1.207
-1.173
-1.057
-0.969
-0.955
-0.903
-0.796
-0.751
-0.728
-0.703
-0.699
-0.712
-0.678
-0.596
-0.535
-0.522
-0.49
-0.37
-0.177
-0.043
0.02
0.095
0.161
0.197
0.243
0.238
0.172
0.104
0.088
0.095
0.122
0.184
0.193
0.143
0.163
0.234
0.249
0.2
0.134
0.068
0.029
0.009
-0.007
-0.023
-0.063
-0.088
-0.052
-0.016
-0.025
-0.02
0.011
0
-0.045
-0.093
-0.138
-0.175
-0.218
-0.256
-0.234
-0.161
-0.122
-0.2
-0.336
-0.463
-0.596
-0.696
-0.739
-0.776
-0.81
-0.785
-0.742
-0.739
-0.773
-0.819
-0.823
-0.778
-0.785
-0.839
-0.866
-0.869
-0.88
-0.905
-0.957
-1.018
-1.041
-0.984
-0.975
-1.055
-1.148
-1.17
-1.197
-1.232
-1.266
-1.275
-1.211
-1.12
-1.052
-1.007
-0.962
-0.905
-0.808
-0.753
-0.787
-0.851
-0.882
-0.887
-0.907
-0.932
-0.923
-0.841
-0.721
-0.578
-0.456
-0.338
-0.229
-0.134
-0.034
0.047
0.15
0.267
0.331
0.279
0.175
0.156
0.213
0.267
0.27
0.254
0.274
0.338
0.386
0.37
0.336
0.313
0.367
0.515
0.678
0.794
0.9
1.064
1.225
1.3
1.293
1.286
1.32
1.313
1.248
1.168
1.084
1.005
0.923
0.875
0.9
0.996
1.111
1.2
1.243
1.248
1.291
1.338
1.363
1.356
1.334
1.334
1.379
1.427
1.431
1.406
1.368
1.336
1.304
1.291
1.291
1.334
1.399
1.427
1.415
1.427
1.474
1.481
1.481
1.513
1.57
1.59
1.545
1.481
1.445
1.397
1.306
1.223
1.152
1.125
1.17
1.245
1.295
1.32
1.347
1.381
1.406
1.449
1.493
1.513
1.526
1.572
1.619
1.622
1.599
1.592
1.613
1.649
1.681
1.669
1.635
1.606
1.579
1.579
1.585
1.567
1.533
1.524
1.531
1.601
1.699
1.735
1.758
1.833
1.953
2.03
2.069
2.105
2.155
2.193
2.252
2.325
2.37
2.359
2.295
2.282
2.325
2.345
2.293
2.239
2.234
2.257
2.273
2.284
2.293
2.307
2.332
2.391
2.484
2.565
2.602
2.62
2.674
2.756
2.835
2.883
2.867
2.817
2.776
2.779
2.817
2.79
2.686
2.588
2.57
2.624
2.667
2.654
2.649
2.706
2.797
2.863
2.867
2.797
2.704
2.663
2.69
2.713
2.67
2.597
2.584
2.645
2.695
2.726
2.765
2.779
2.772
2.783
2.769
2.717
2.638
2.529
2.443
2.395
2.368
2.379
2.431
2.5
2.529
2.59
2.708
2.797
2.819
2.81
2.808
2.819
2.799
2.756
2.71
2.679
2.702
2.779
2.874
2.894
2.851
2.824
2.869
2.951
2.967
2.853
2.749
2.776
2.876
2.951
2.96
2.983
3.085
3.198
3.273
3.278
3.271
3.257
3.246
3.239
3.214
3.151
3.085
3.067
3.101
3.185
3.253
3.318
3.441
3.525
3.504
3.473
3.489
3.509
3.441
3.346
3.289
3.296
3.316
3.321
3.3
3.269
3.33
3.461
3.545
3.536
3.479
3.436
3.479
3.532
3.493
3.452
3.473
3.52
3.595
3.656
3.656
3.645
3.65
3.693
3.781
3.829
3.774
3.69
3.65
3.636
3.616
3.591
3.588
3.559
3.548
3.625
3.738
3.774
3.763
3.768
3.804
3.856
3.847
3.79
3.74
3.72
3.738
3.772
3.774
3.74
3.711
3.727
3.82
3.924
3.954
3.906
3.881
3.91
3.929
3.897
3.849
3.827
3.802
3.752
3.747
3.799
3.854
3.888
3.949
3.997
3.979
4.013
4.133
4.174
4.078
4.019
4.081
4.174
4.208
4.155
4.085
4.085
4.158
4.194
4.105
3.954
3.84
3.77
3.693
3.638
3.643
3.686
3.754
3.854
3.992
4.094
4.149
4.205
4.271
4.28
4.221
4.126
4.001
3.831
3.668
3.591
3.55
3.538
3.529
3.5
3.566
3.718
3.833
3.849
3.845
3.917
4.008
4.01
3.933
3.842
3.758
3.67
3.575
3.525
3.516
3.498
3.461
3.398
3.321
3.289
3.289
3.23
3.108
3.062
3.128
3.178
3.182
3.221
3.3
3.366
3.377
3.355
3.305
3.216
3.076
2.926
2.801
2.72
2.676
2.686
2.749
2.835
2.881
2.887
2.94
3.051
3.112
3.085
3.037
3.021
2.978
2.819
2.579
2.423
2.425
2.488
2.49
2.463
2.525
2.751
3.001
3.089
3.049
2.996
2.951
2.933
2.922
2.856
2.731
2.64
2.667
2.783
2.924
3.028
3.062
3.037
3.087
3.257
3.35
3.278
3.189
3.203
3.266
3.314
3.314
3.259
3.194
3.108
3.019
3.003
3.008
2.926
2.878
2.967
3.119
3.25
3.323
3.348
3.373
3.434
3.514
3.561
3.525
3.466
3.466
3.484
3.464
3.395
3.237
3.044
2.928
2.878
2.853
2.797
2.708
2.686
2.833
3.044
3.196
3.266
3.278
3.275
3.332
3.405
3.35
3.121
2.828
2.599
2.49
2.434
2.379
2.28
2.155
2.175
2.37
2.552
2.615
2.627
2.686
2.79
2.865
2.801
2.647
2.527
2.447
2.418
2.431
2.377
2.184
1.953
1.808
1.771
1.774
1.753
1.713
1.694
1.771
1.955
2.128
2.166
2.171
2.221
2.332
2.436
2.441
2.318
2.139
1.93
1.713
1.533
1.39
1.207
1.055
1.028
1.109
1.261
1.461
1.64
1.794
1.98
2.184
2.336
2.357
2.264
2.173
2.055
1.858
1.667
1.515
1.356
1.227
1.209
1.277
1.343
1.334
1.32
1.431
1.617
1.746
1.808
1.889
1.991
2.084
2.109
2.098
2.069
1.982
1.846
1.678
1.495
1.372
1.302
1.173
1.107
1.207
1.393
1.622
1.874
2.075
2.164
2.232
2.28
2.255
2.175
2.019
1.824
1.669
1.517
1.304
1.082
0.925
0.86
0.887
0.989
1.152
1.313
1.436
1.57
1.721
1.846
1.966
2.035
1.969
1.817
1.678
1.547
1.338
1.052
0.739
0.522
0.456
0.456
0.51
0.637
0.794
0.975
1.207
1.427
1.563
1.599
1.595
1.588
1.495
1.311
1.173
1.043
0.86
0.701
0.583
0.492
0.435
0.431
0.501
0.646
0.776
0.864
0.998
1.184
1.331
1.445
1.551
1.592
1.515
1.363
1.159
0.939
0.751
0.574
0.361
0.136
0.054
0.163
0.295
0.39
0.547
0.764
1
1.191
1.295
1.334
1.34
1.266
1.098
0.928
0.746
0.522
0.343
0.229
0.122
0.029
-0.025
-0.061
-0.052
0.047
0.218
0.417
0.587
0.687
0.805
1.007
1.139
1.148
1.061
0.894
0.696
0.549
0.42
0.218
-0.043
-0.259
-0.317
-0.295
-0.227
-0.1
0.02
0.113
0.259
0.438
0.519
0.531
0.551
0.558
0.517
0.415
0.277
0.15
0.068
0.002
-0.041
-0.016
0.043
0.018
-0.059
-0.036
0.1
0.206
0.202
0.127
0.095
0.131
0.179
0.143
-0.009
-0.159
-0.197
-0.209
-0.29
-0.361
-0.404
-0.454
-0.465
-0.415
-0.345
-0.304
-0.247
-0.125
0.047
0.175
0.181
0.116
0.093
0.091
-0.029
-0.229
-0.376
-0.451
-0.51
-0.542
-0.56
-0.54
-0.501
-0.465
-0.488
-0.547
-0.537
-0.429
-0.361
-0.406
-0.447
-0.44
-0.474
-0.549
-0.637
-0.739
-0.857
-0.982
-1.064
-1.132
-1.2
-1.223
-1.218
-1.159
-1.068
-1
-0.914
-0.798
-0.748
-0.819
-0.95
-1.086
-1.227
-1.397
-1.576
-1.746
-1.88
-1.958
-1.937
-1.851
-1.79
-1.685
-1.556
-1.529
-1.606
-1.658
-1.633
-1.613
-1.644
-1.708
-1.731
-1.69
-1.651
-1.685
-1.753
-1.808
-1.91
-2.055
-2.18
-2.214
-2.209
-2.189
-2.205
-2.225
-2.209
-2.082
-1.885
-1.742
-1.719
-1.751
-1.787
-1.853
-1.933
-2.014
-2.1
-2.184
-2.234
-2.259
-2.255
-2.216
-2.119
-1.969
-1.839
-1.815
-1.885
-1.896
-1.808
-1.771
-1.844
-1.908
-1.901
-1.858
-1.819
-1.805
-1.794
-1.817
-1.896
-1.987
-2.048
-2.048
-1.951
-1.844
-1.828
-1.824
-1.744
-1.608
-1.508
-1.449
-1.44
-1.504
-1.624
-1.742
-1.853
-1.973
-2.082
-2.141
-2.134
-2.091
-2.062
-2.028
-1.935
-1.815
-1.726
-1.701
-1.706
-1.697
-1.706
-1.758
-1.821
-1.912
-2.023
-2.112
-2.148
-2.166
-2.148
-2.119
-2.171
-2.318
-2.456
-2.502
-2.42
-2.304
-2.259
-2.252
-2.184
-2.041
-1.896
-1.78
-1.76
-1.864
-2.03
-2.189
-2.341
-2.511
-2.702
-2.84
-2.874
-2.819
-2.751
-2.69
-2.611
-2.493
-2.363
-2.273
-2.266
-2.304
-2.329
-2.375
-2.463
-2.561
-2.643
-2.706
-2.749
-2.769
-2.751
-2.706
-2.706
-2.738
-2.726
-2.697
-2.702
-2.76
-2.817
-2.84
-2.801
-2.697
-2.57
-2.441
-2.298
-2.214
-2.245
-2.348
-2.452
-2.515
-2.595
-2.695
-2.765
-2.756
-2.731
-2.722
-2.681
-2.572
-2.438
-2.311
-2.186
-2.098
-2.073
-2.096
-2.119
-2.109
-2.096
-2.105
-2.141
-2.168
-2.148
-2.137
-2.241
-2.393
-2.472
-2.434
-2.398
-2.393
-2.409
-2.431
-2.418
-2.359
-2.298
-2.216
-2.128
-2.06
-2.012
-2.014
-2.048
-2.069
-2.096
-2.155
-2.243
-2.302
-2.291
-2.243
-2.189
-2.186
-2.241
-2.309
-2.339
-2.309
-2.261
-2.248
-2.214
-2.107
-1.982
-1.894
-1.817
-1.749
-1.694
-1.678
-1.746
-1.912
-2.114
-2.25
-2.363
-2.49
-2.581
-2.552
-2.418
-2.225
-2.023
-1.869
-1.776
-1.751
-1.794
-1.919
-2.066
-2.205
-2.323
-2.4
-2.47
-2.525
-2.552
-2.486
-2.323
-2.198
-2.141
-2.121
-2.13
-2.189
-2.291
-2.4
-2.475
-2.493
-2.49
-2.552
-2.674
-2.729
-2.661
-2.556
-2.513
-2.545
-2.613
-2.69
-2.769
-2.86
-2.935
-2.947
-2.915
-2.828
-2.692
-2.527
-2.37
-2.28
-2.284
-2.325
-2.409
-2.561
-2.774
-3.003
-3.157
-3.241
-3.314
-3.382
-3.373
-3.253
-3.116
-3.058
-3.058
-3.055
