Unnamed: 3
Value
-1.093
-1.338
-1.542
-1.599
-1.52
-1.406
-1.354
-1.352
-1.331
-1.363
-1.488
-1.583
-1.631
-1.751
-1.896
-1.921
-1.837
-1.762
-1.733
-1.701
-1.64
-1.533
-1.424
-1.379
-1.513
-1.769
-2.005
-2.216
-2.481
-2.758
-2.974
-3.094
-3.044
-2.772
-2.366
-2.03
-1.821
-1.658
-1.538
-1.515
-1.544
-1.554
-1.588
-1.653
-1.676
-1.671
-1.669
-1.64
-1.576
-1.563
-1.617
-1.699
-1.769
-1.787
-1.73
-1.642
-1.588
-1.524
-1.399
-1.2
-1.059
-1.034
-1.041
-1.018
-1.032
-1.077
-1.05
-0.968
-0.898
-0.791
-0.612
-0.424
-0.263
-0.107
0.041
0.206
0.37
0.467
0.506
0.533
0.594
0.708
0.764
0.687
0.556
0.41
0.281
0.315
0.533
0.628
0.451
0.231
0.263
0.508
0.719
0.787
0.869
1.08
1.404
1.796
2.105
2.243
2.298
2.334
2.302
2.214
2.039
1.796
1.544
1.329
1.163
1.077
1.036
0.968
0.912
0.893
0.891
0.9
0.871
0.766
0.651
0.563
0.499
0.449
0.379
0.34
0.415
0.563
0.68
0.798
0.941
1.041
0.971
0.724
0.401
0.115
-0.143
-0.533
-1.082
-1.554
-1.771
-1.778
-1.805
-2.018
-2.334
-2.529
-2.611
-2.697
-2.865
-3.046
-3.135
-3.112
-3.005
-2.801
-2.527
-2.302
-2.22
-2.339
-2.536
-2.554
-2.416
-2.497
-2.924
-3.327
-3.359
-3.132
-3.085
-3.393
-3.808
-3.972
-3.87
-3.858
-4.171
-4.573
-4.645
-4.373
-4.126
-4.16
-4.264
-4.04
-3.47
-2.953
-2.774
-2.817
-2.785
-2.629
-2.552
-2.654
-2.801
-2.822
-2.638
-2.438
-2.411
-2.515
-2.57
-2.515
-2.488
-2.613
-2.81
-2.828
-2.629
-2.463
-2.586
-2.781
-2.681
-2.245
-1.742
-1.422
-1.207
-0.964
-0.717
-0.59
-0.569
-0.581
-0.585
-0.501
-0.354
-0.308
-0.417
-0.456
-0.245
0.041
0.159
0.197
0.349
0.519
0.558
0.431
0.238
0.188
0.349
0.549
0.664
0.787
1.05
1.307
1.327
1.234
1.159
1.068
0.975
0.968
0.98
0.896
0.78
0.692
0.628
0.488
0.342
0.32
0.39
0.392
0.297
0.265
0.413
0.599
0.569
0.388
0.24
0.147
0.048
-0.165
-0.392
-0.463
-0.395
-0.41
-0.583
-0.803
-0.984
-1.184
-1.454
-1.678
-1.751
-1.708
-1.608
-1.479
-1.388
-1.413
-1.542
-1.681
-1.74
-1.751
-1.798
-1.837
-1.794
-1.749
-1.776
-1.828
-1.846
-1.914
-2.096
-2.313
-2.436
-2.461
-2.472
-2.508
-2.577
-2.611
-2.593
-2.547
-2.477
-2.37
-2.252
-2.148
-2.03
-1.901
-1.785
-1.678
-1.588
-1.52
-1.447
-1.361
-1.293
-1.241
-1.136
-0.959
-0.766
-0.576
-0.415
-0.406
-0.649
-0.971
-1.089
-1.071
-1.141
-1.302
-1.404
-1.365
-1.302
-1.32
-1.44
-1.585
-1.61
-1.481
-1.304
-1.213
-1.27
-1.383
-1.359
-1.211
-1.168
-1.343
-1.64
-1.844
-1.966
-2.178
-2.495
-2.788
-3.042
-3.357
-3.718
-4.015
-4.219
-4.348
-4.412
-4.496
-4.557
-4.477
-4.319
-4.244
-4.278
-4.369
-4.464
-4.498
-4.507
-4.555
-4.552
-4.369
-4.024
-3.786
-3.89
-4.219
-4.505
-4.77
-5.104
-5.441
-5.7
-5.818
-5.807
-5.73
-5.662
-5.564
-5.416
-5.326
-5.285
-5.122
-4.768
-4.366
-4.044
-3.822
-3.57
-3.244
-2.98
-2.862
-2.772
-2.631
-2.559
-2.595
-2.645
-2.608
-2.484
-2.366
-2.359
-2.461
-2.538
-2.472
-2.252
-2.053
-1.946
-1.778
-1.44
-1.034
-0.685
-0.422
-0.218
0.061
0.424
0.676
0.719
0.76
1.036
1.422
1.629
1.613
1.542
1.542
1.599
1.649
1.703
1.764
1.891
2.127
2.398
2.556
2.64
2.776
3.021
3.303
3.629
4.108
4.693
5.181
5.469
5.7
5.965
6.129
6.126
6.061
6.024
6.033
6.058
6.074
6.047
5.97
5.836
5.707
5.58
5.444
5.439
5.725
6.201
6.687
7.134
7.59
8.082
8.635
9.189
9.638
10.037
10.445
10.749
10.81
10.647
10.384
10.169
10.012
9.792
9.481
9.143
8.826
8.563
8.358
8.159
7.998
8.048
8.331
8.676
8.898
8.993
9.085
9.184
9.195
9.168
9.234
9.336
9.332
9.159
8.864
8.533
8.347
8.281
8.057
7.587
7.186
7.038
6.895
6.521
6.009
5.6
5.398
5.262
4.992
4.593
4.264
4.171
4.164
3.979
3.654
3.532
3.665
3.697
3.432
3.049
2.817
2.799
2.779
2.534
2.125
1.833
1.753
1.683
1.501
1.284
1.111
1.02
1
0.978
0.891
0.803
0.817
0.909
0.873
0.724
0.728
0.817
0.687
0.299
0.034
0.211
0.567
0.633
0.383
0.179
0.34
0.828
1.057
0.422
-0.605
-0.646
0.512
1.284
0.848
0.66
2.164
4.167
4.228
2.257
0.807
1.445
2.661
2.164
0.122
-1.086
0.07
2.305
3.012
1.742
0.751
1.54
2.862
3.042
2.205
1.744
2.574
4.065
4.598
3.999
3.947
5.113
5.823
4.754
3.098
2.881
3.924
4.264
3.293
2.461
2.96
4.171
4.593
3.79
2.994
3.43
4.586
4.906
3.983
3.148
3.466
4.26
4.208
3.257
2.635
3.11
3.84
3.688
3.028
2.985
3.529
3.618
2.715
1.411
0.728
1.005
1.268
0.558
-0.497
-0.585
0.256
0.667
-0.175
-1.438
-1.798
-1.268
-1.143
-1.953
-2.676
-2.261
-1.175
-0.769
-1.422
-2.209
-2.266
-1.819
-1.815
-2.674
-3.697
-3.979
-3.632
-3.47
-3.876
-4.425
-4.555
-4.409
-4.648
-5.314
-5.652
-5.258
-4.702
-4.759
-5.289
-5.537
-5.253
-4.933
-5.158
-5.904
-6.458
-6.211
-5.596
-5.326
-5.414
-5.358
-5.011
-4.697
-4.664
-4.657
-4.407
-4.015
-3.745
-3.625
-3.461
-3.171
-2.881
-2.892
-3.237
-3.568
-3.609
-3.52
-3.622
-3.931
-4.171
-4.167
-4.119
-4.267
-4.487
-4.469
-4.126
-3.645
-3.289
-3.062
-2.606
-1.79
-1.08
-0.909
-1.032
-0.905
-0.426
0.02
0.143
0.056
0.068
0.347
0.612
0.397
-0.347
-1.234
-1.898
-2.363
-2.865
-3.364
-3.609
-3.557
-3.364
-3.146
-2.958
-2.799
-2.663
-2.563
-2.474
-2.261
-1.883
-1.483
-1.173
-0.919
-0.637
-0.272
0.141
0.431
0.519
0.463
0.417
0.426
0.276
-0.159
-0.708
-1.181
-1.542
-1.819
-2.03
-2.198
-2.293
-2.273
-2.243
-2.347
-2.522
-2.572
-2.44
-2.323
-2.295
-2.15
-1.74
-1.159
-0.569
-0.075
0.202
0.279
0.272
0.179
-0.041
-0.279
-0.44
-0.436
-0.215
0.102
0.322
0.356
0.336
0.354
0.236
-0.115
-0.46
-0.574
-0.592
-0.69
-0.841
-0.882
-0.764
-0.569
-0.526
-0.81
-1.188
-1.275
-1.03
-0.755
-0.671
-0.653
-0.376
0.2
0.8
1.198
1.406
1.579
1.871
2.214
2.386
2.336
2.125
1.801
1.381
0.975
0.748
0.719
0.742
0.782
0.948
1.313
1.733
2.046
2.218
2.243
2.243
2.361
2.645
3.035
3.448
3.894
4.33
4.688
4.995
5.24
5.396
5.451
5.469
5.532
5.766
6.14
6.465
6.571
6.514
6.478
6.478
6.369
6.099
5.811
5.755
5.923
6.043
5.988
5.893
5.893
6.004
6.056
5.986
5.886
5.941
6.181
6.401
6.399
6.233
6.095
5.995
5.761
5.274
4.718
4.314
4.069
3.854
3.597
3.287
2.928
2.622
2.359
2.003
1.538
1.129
0.882
0.724
0.492
0.138
-0.24
-0.56
-0.914
-1.422
-1.966
-2.347
-2.559
-2.779
-3.176
-3.699
-4.047
-4.106
-4.124
-4.269
-4.373
-4.23
-3.829
-3.411
-3.184
-3.091
-3.012
-3.015
-3.303
-3.849
-4.321
-4.493
-4.568
-4.822
-5.231
-5.457
-5.344
-5.094
-5.067
-5.38
-5.65
-5.473
-5.008
-4.682
-4.6
-4.459
-4.01
-3.325
-2.701
-2.309
-2.091
-1.891
-1.592
-1.288
-1.173
-1.261
-1.372
-1.429
-1.492
-1.495
-1.386
-1.304
-1.295
-1.275
-1.268
-1.32
-1.372
-1.374
-1.37
-1.252
-0.81
-0.149
0.395
0.773
1.168
1.631
1.944
1.966
1.846
1.787
1.815
1.896
1.948
1.903
1.885
1.928
1.842
1.517
1.095
0.764
0.522
0.242
-0.022
-0.156
-0.161
-0.125
-0.02
0.141
0.29
0.492
0.776
1.039
1.25
1.399
1.438
1.397
1.286
1.098
0.796
0.383
-0.036
-0.365
-0.599
-0.705
-0.683
-0.694
-0.76
-0.773
-0.807
-1.009
-1.395
-1.79
-2.069
-2.305
-2.586
-2.865
-3.035
-3.114
-3.225
-3.43
-3.561
-3.452
-3.246
-3.207
-3.246
-3.08
-2.672
-2.252
-2.021
-1.976
-1.996
-2.084
-2.293
-2.629
-2.985
-3.314
-3.629
-3.94
-4.282
-4.691
-5.047
-5.24
-5.231
-5.058
-4.899
-4.87
-4.825
-4.645
-4.462
-4.469
-4.711
-4.995
-5.187
-5.364
-5.482
-5.278
-4.836
-4.5
-4.271
-3.913
-3.386
-2.924
-2.735
-2.79
-2.837
-2.731
-2.529
-2.377
-2.325
-2.327
-2.325
-2.398
-2.622
-2.888
-3.144
-3.457
-3.697
-3.693
-3.504
-3.368
-3.309
-3.153
-2.817
-2.381
-1.942
-1.579
-1.368
-1.311
-1.3
-1.29
-1.297
-1.268
-1.245
-1.329
-1.449
-1.569
-1.733
-1.971
-2.22
-2.35
-2.4
-2.529
-2.608
-2.495
-2.375
-2.454
-2.64
-2.733
-2.704
-2.658
-2.726
-2.901
-3.091
-3.221
-3.264
-3.262
-3.287
-3.341
-3.287
-3.042
-2.701
-2.425
-2.234
-1.991
-1.653
-1.37
-1.304
-1.381
-1.325
-1.154
-1.109
-1.304
-1.544
-1.565
-1.404
-1.295
-1.361
-1.44
-1.343
-1.152
-1.048
-1.071
-1.184
-1.343
-1.424
-1.349
-1.302
-1.42
-1.513
-1.338
-0.996
-0.635
-0.349
-0.122
0.159
0.485
0.658
0.603
0.501
0.451
0.374
0.172
-0.059
-0.154
-0.084
-0.048
-0.188
-0.383
-0.485
-0.483
-0.451
-0.381
-0.338
-0.308
-0.161
0.154
0.458
0.626
0.81
1.105
1.458
1.724
1.753
1.613
1.526
1.554
1.563
1.535
1.529
1.574
1.701
1.905
2.127
2.347
2.549
2.663
2.726
2.894
3.18
3.318
3.257
3.216
3.337
3.613
3.86
3.883
3.743
3.702
3.77
3.847
3.928
4.049
4.237
4.568
4.995
5.262
5.292
5.249
5.178
4.99
4.659
4.278
4.042
3.901
3.606
3.101
2.676
2.695
3.094
3.398
3.282
3.076
3.277
3.826
4.214
4.153
3.924
3.92
4.06
3.944
3.445
2.774
2.225
1.932
1.756
1.515
1.254
1.082
0.966
0.864
0.825
0.885
1.05
1.27
1.424
1.463
1.465
1.554
1.622
1.411
0.9
0.381
0.027
-0.268
-0.673
-1.139
-1.449
-1.576
-1.542
-1.32
-0.986
-0.671
-0.34
0.079
0.569
0.973
1.166
1.123
0.844
0.376
-0.134
-0.54
-0.859
-1.12
-1.181
-0.944
-0.664
-0.694
-1.025
-1.32
-1.417
-1.52
-1.629
-1.424
-0.835
-0.168
0.229
0.383
0.454
0.304
-0.317
-1.34
-2.359
-3.173
-3.706
-3.826
-3.525
-2.944
-2.127
-1.132
-0.172
0.385
0.315
0
0.056
0.342
0.236
-0.209
-0.499
-0.556
-0.683
-1.216
-2.178
-3.191
-3.763
-3.904
-3.947
-3.906
-3.527
-2.676
-1.554
-0.624
-0.224
-0.177
-0.073
0.145
0.22
-0.034
-0.456
-0.787
-0.993
-1.279
-1.83
-2.559
-3.166
-3.373
-3.135
-2.661
-2.211
-1.742
-1.266
-0.968
-0.835
-0.69
-0.574
-0.61
-0.746
-0.885
-1.046
-1.243
-1.497
-1.844
-2.286
-2.744
-3.062
-3.189
-3.2
-3.039
-2.62
-1.971
-1.245
-0.567
-0.043
0.279
0.376
0.29
0.136
-0.048
-0.329
-0.744
-1.161
-1.408
-1.51
-1.769
-2.295
-2.765
-2.903
-2.871
-2.806
-2.565
-2.05
-1.417
-0.853
-0.395
-0.095
-0.007
0.002
0.045
-0.014
-0.306
-0.608
-0.59
-0.345
-0.188
-0.179
-0.227
-0.265
-0.258
-0.236
-0.279
-0.422
-0.528
-0.508
-0.467
-0.533
-0.635
-0.676
-0.669
-0.63
-0.51
-0.331
-0.218
-0.263
-0.397
-0.517
-0.587
-0.646
-0.708
-0.73
-0.608
-0.288
0.111
0.322
0.252
0.029
-0.227
-0.463
-0.739
-1.154
-1.576
-1.692
-1.495
-1.225
-1.046
-0.873
-0.646
-0.585
-0.864
-1.308
-1.59
-1.647
-1.733
-2.018
-2.332
-2.343
-2.069
-1.837
-1.76
-1.633
-1.354
-1.02
-0.817
-0.787
-0.78
-0.633
-0.442
-0.404
-0.571
-0.78
-0.873
-0.998
-1.399
-1.996
-2.466
-2.683
-2.847
-3.18
-3.566
-3.665
-3.377
-2.967
-2.71
-2.481
-2.073
-1.54
-1.123
-0.934
-0.909
-0.959
-1.077
-1.34
-1.717
-2.01
-2.114
-2.162
-2.291
-2.49
-2.701
-2.783
-2.769
-2.906
-3.218
-3.343
-3.055
-2.622
-2.393
-2.345
-2.152
-1.796
-1.52
-1.456
-1.533
-1.592
-1.538
-1.449
-1.486
-1.554
-1.456
-1.336
-1.388
-1.547
-1.583
-1.465
-1.388
-1.488
-1.669
-1.751
-1.651
-1.438
-1.356
-1.579
-1.905
-1.955
-1.676
-1.39
-1.327
-1.402
-1.51
-1.608
-1.751
-1.987
-2.243
-2.339
-2.239
-2.098
-2.01
-1.948
-1.903
-1.891
-1.969
-2.168
-2.411
-2.567
-2.656
-2.747
-2.835
-2.828
-2.674
-2.436
-2.329
-2.443
-2.527
-2.366
-2.087
-1.937
-1.987
-2.041
-1.93
-1.699
-1.569
-1.688
-2.028
-2.393
-2.647
-2.803
-2.896
-2.849
-2.663
-2.434
-2.186
-1.914
-1.588
-1.186
-0.819
-0.601
-0.454
-0.252
-0.011
0.163
0.163
-0.004
-0.147
-0.177
-0.19
-0.245
-0.372
-0.551
-0.646
-0.553
-0.324
-0.122
-0.077
-0.077
0.129
0.524
0.841
1
1.116
1.281
1.561
1.828
1.88
1.703
1.54
1.599
1.787
1.887
1.88
1.921
2.107
2.345
2.44
2.354
2.298
2.361
2.398
2.334
2.261
2.277
2.35
2.323
2.168
2.007
1.989
2.091
2.152
2.096
2.018
2.118
2.438
2.726
2.731
2.583
2.608
2.91
3.218
3.21
2.93
2.715
2.717
2.704
2.44
2.03
1.871
2.053
2.25
2.189
2.012
2.005
2.159
2.22
2.098
1.962
1.966
2.018
1.955
1.762
1.574
1.497
1.501
1.434
1.261
1.114
1.071
1.084
1.095
1.177
1.39
1.633
1.746
1.651
1.456
1.315
1.177
0.871
0.41
0.054
-0.041
-0.011
-0.134
-0.422
-0.565
-0.417
-0.177
-0.07
-0.045
0.018
0.109
0.138
0.156
0.197
0.183
0.095
-0.032
-0.181
-0.32
-0.492
-0.807
-1.216
-1.533
-1.61
-1.506
-1.468
-1.59
-1.692
-1.588
-1.345
-1.157
-1.023
-0.832
-0.563
-0.385
-0.436
-0.574
-0.694
-0.853
-1.179
-1.61
-1.887
-1.849
-1.719
-1.792
-2.05
-2.22
-2.039
-1.685
-1.597
-1.842
-1.98
-1.767
-1.386
-1.168
-1.254
-1.377
-1.243
-0.962
-0.803
-0.81
-0.839
-0.667
-0.401
-0.381
-0.608
-0.703
-0.542
-0.272
-0.113
-0.202
-0.37
-0.415
-0.437
-0.556
-0.703
-0.746
-0.628
-0.465
-0.365
-0.286
-0.272
-0.367
-0.44
-0.433
-0.431
-0.437
-0.424
-0.497
-0.69
-0.882
-0.905
-0.746
-0.617
-0.556
-0.437
-0.234
-0.041
-0.05
-0.331
-0.603
-0.626
-0.574
-0.746
-1.08
-1.343
-1.461
-1.533
-1.635
-1.722
-1.724
-1.64
-1.449
-1.225
-1.116
-1.141
-1.147
-1.075
-0.993
-0.921
-0.841
-0.776
-0.701
-0.649
-0.683
-0.789
-0.844
-0.844
-0.905
-1.059
-1.159
-1.102
-0.975
-0.889
-0.828
-0.621
-0.175
0.276
0.44
0.306
0.149
0.163
0.188
-0.025
-0.374
-0.537
-0.522
-0.531
-0.658
-0.817
-0.932
-0.812
-0.469
-0.238
-0.313
-0.463
-0.456
-0.313
-0.19
-0.168
-0.206
-0.236
-0.238
-0.297
-0.51
-0.68
-0.54
-0.252
-0.195
-0.349
-0.417
-0.272
-0.134
-0.17
-0.229
-0.115
0.038
0.056
-0.163
-0.542
-0.88
-1.125
-1.461
-1.905
-2.125
-1.948
-1.66
-1.554
-1.529
-1.383
-1.082
-0.667
-0.261
-0.018
0.145
0.399
0.696
0.817
0.721
0.68
0.785
0.764
0.472
0.24
0.297
0.483
0.499
0.263
-0.034
-0.129
-0.066
-0.183
-0.61
-0.959
-0.873
-0.626
-0.615
-0.737
-0.61
-0.141
0.41
0.683
0.608
0.444
0.433
0.537
0.537
0.363
0.327
0.578
0.771
0.608
0.234
-0.043
-0.115
-0.175
-0.395
-0.662
-0.687
-0.424
-0.17
-0.22
-0.358
-0.2
0.129
0.188
-0.081
-0.32
-0.358
-0.39
-0.619
-0.993
-1.195
-1.05
-0.744
-0.563
-0.537
-0.449
-0.147
0.17
0.261
0.252
0.406
0.705
0.927
0.925
0.791
0.764
0.798
0.612
0.19
-0.104
-0.059
0.041
-0.218
-0.71
-0.971
-0.905
-0.817
-0.885
-0.966
-0.889
-0.662
-0.458
-0.322
-0.197
-0.054
0.093
0.141
0.097
0.122
0.29
0.404
0.268
0.1
0.206
0.454
0.399
-0.113
-0.685
-0.882
-0.785
-0.817
-1.139
-1.434
-1.297
-0.807
-0.483
-0.512
-0.413
0.097
0.646
0.805
0.615
0.392
0.361
0.544
0.701
0.626
0.54
0.71
0.735
0.011
-0.819
-0.664
-0.077
-0.37
-1.275
-1.488
-0.791
-0.227
-0.413
-0.819
-0.855
-0.506
0.036
0.302
0.022
-0.181
0.297
0.882
0.61
-0.354
-0.978
-0.934
-0.821
-1.207
-1.887
-2.059
-1.225
-0.12
0.027
-0.603
-0.63
0.165
0.635
0.165
-0.483
-0.424
0.075
0.177
-0.272
-0.735
-0.794
-0.531
-0.454
-0.782
-1.039
-0.859
-0.608
-0.789
-1.252
-1.431
-1.241
-1.159
-1.461
-1.976
-2.295
-2.003
-1.313
-1.014
-1.318
-1.501
-1.023
-0.422
-0.444
-0.964
-1.218
-0.923
-0.592
-0.758
-1.163
-1.166
-0.823
-0.9
-1.592
-2.13
-1.982
-1.549
-1.529
-1.833
-1.883
-1.524
-1.107
-0.932
-1.068
-1.288
-1.266
-1.043
-1.016
-1.331
-1.619
-1.49
-1.123
-1.018
-1.411
-1.998
-2.243
-2.053
-2.03
-2.583
-3.132
-2.955
-2.254
-1.849
-2.039
-2.257
-1.989
-1.476
-1.238
-1.365
-1.531
-1.542
-1.479
-1.579
-1.914
-2.232
-2.25
-2.073
-2.025
-2.184
-2.252
-2.075
-1.867
-1.928
-2.375
-2.935
-3.237
-3.323
-3.632
-4.196
-4.489
-4.21
-3.686
-3.305
-3.06
-2.749
-2.216
-1.549
-1.109
-1.059
-1.207
-1.245
-1.111
-1.025
-1.279
-1.778
-2.125
-2.164
-2.164
-2.341
-2.574
-2.597
-2.45
-2.404
-2.456
-2.305
-1.853
-1.413
-1.307
-1.34
-1.109
-0.549
-0.029
0.081
-0.131
-0.186
0.086
0.2
-0.154
-0.642
-0.835
-0.769
-0.823
-1.116
-1.365
-1.198
-0.508
0.306
0.703
0.667
0.712
1.107
1.522
1.583
1.308
1.046
1.025
1.054
0.869
0.592
0.501
0.608
0.671
0.612
0.615
0.905
1.302
1.452
1.313
1.308
1.569
1.746
1.59
1.295
1.259
1.533
1.853
1.982
1.96
2.012
2.259
2.554
2.683
2.631
2.559
2.611
2.735
2.688
2.404
2.15
2.13
2.214
2.214
2.146
2.15
2.23
2.196
2
1.862
1.862
1.905
1.91
1.862
1.894
2.062
2.268
2.445
2.633
2.853
3.053
3.135
3.057
2.91
2.801
2.638
2.341
1.998
1.696
1.445
1.209
1.034
0.964
1.012
1.202
1.558
1.919
2.044
1.991
1.971
1.898
1.538
0.984
0.655
0.703
0.9
0.964
0.955
1.084
1.331
1.547
1.626
1.517
1.295
1.173
1.204
1.236
1.102
0.841
0.662
0.746
0.898
0.873
0.841
1.039
1.436
1.778
1.887
1.828
1.74
1.572
1.275
0.957
0.719
0.68
0.878
1.177
1.354
1.402
1.427
1.497
1.481
1.218
0.885
0.753
0.893
1.127
1.245
1.181
1.111
1.238
1.445
1.438
1.218
1.036
1.02
1.046
0.975
0.891
0.912
1.012
1.048
0.909
0.676
0.565
0.724
1.016
1.295
1.563
1.855
2.166
2.409
2.395
2.023
1.565
1.438
1.653
1.726
1.424
1.125
1.211
1.547
1.787
1.864
1.88
1.973
2.236
2.559
2.688
2.597
2.556
2.72
2.853
2.715
2.427
2.227
2.266
2.488
2.735
2.924
3.114
3.327
3.527
3.74
3.997
4.216
4.296
4.246
4.239
4.348
4.503
4.582
4.469
4.223
4.076
4.144
4.262
4.248
4.212
4.287
4.503
4.713
4.727
4.609
4.582
4.836
5.235
5.426
5.276
5.058
5.024
5.058
4.97
4.863
4.877
4.865
4.772
4.784
5.087
5.625
6.156
6.451
6.544
6.723
7.118
7.533
7.678
7.538
7.381
7.385
7.415
7.258
6.846
6.433
6.351
6.56
6.705
6.551
6.297
6.238
6.353
6.442
6.346
6.163
6.047
6.09
6.219
6.374
6.553
6.757
6.893
6.927
6.907
6.875
6.753
6.396
5.891
5.469
5.242
5.147
5.133
5.133
5.035
4.815
4.695
4.781
4.863
4.759
4.623
4.682
4.791
4.654
4.294
3.935
3.74
3.652
3.532
3.307
3.037
2.833
2.84
3.026
3.171
3.13
2.985
2.892
2.881
2.86
2.788
2.676
2.581
2.552
2.488
2.336
2.214
2.171
2.137
2.017
1.908
1.889
1.939
1.985
2
1.991
1.912
1.717
1.436
1.129
0.814
0.528
0.327
0.227
0.224
0.165
-0.032
-0.218
-0.213
-0.134
-0.127
-0.138
-0.002
0.229
0.331
0.213
0.032
-0.059
-0.118
-0.302
-0.615
-0.998
-1.336
-1.513
-1.613
-1.792
-2.107
-2.418
-2.52
-2.484
-2.57
-2.722
-2.717
-2.54
-2.327
-2.164
-2.064
-1.857
-1.463
-1.179
-1.343
-1.719
-1.803
-1.54
-1.429
-1.733
-2.069
-1.985
-1.52
-1.127
-1.057
-1.134
-1.109
-0.98
-0.984
-1.277
-1.706
-1.946
-1.926
-1.837
-1.921
-2.13
-2.178
-1.969
-1.728
-1.764
-1.964
-1.898
-1.474
-1.154
-1.179
-1.198
-0.859
-0.329
-0.075
-0.236
-0.515
-0.669
-0.739
-0.905
-1.252
-1.649
-1.891
-1.935
-1.914
-1.935
-1.962
-1.962
-1.914
-1.826
-1.76
-1.735
-1.692
-1.517
-1.243
-1.039
-0.964
-0.905
-0.76
-0.597
-0.501
-0.374
-0.131
0.073
0.077
-0.004
0.084
0.336
0.447
0.2
-0.231
-0.469
-0.39
-0.222
-0.179
-0.24
-0.329
-0.431
-0.419
-0.299
-0.247
-0.268
-0.138
0.193
0.542
0.742
0.875
1.145
1.481
1.676
1.726
1.783
1.942
2.057
1.971
1.762
1.565
1.308
0.88
0.361
0.009
-0.073
-0.063
-0.1
-0.107
0.038
0.358
0.751
1.061
1.191
1.2
1.188
1.2
1.181
1.048
0.859
0.766
0.821
0.848
0.649
0.279
0.009
-0.075
-0.175
-0.433
-0.726
-0.825
-0.81
-0.878
-1.014
-1.043
-0.959
-0.88
-0.898
-1.064
-1.29
-1.449
-1.544
-1.647
-1.833
-2.073
-2.273
-2.343
-2.289
-2.198
-2.137
-2.087
-2.012
-1.955
-1.973
-2.071
-2.168
-2.248
-2.368
-2.563
-2.733
-2.792
-2.806
-2.862
-2.996
-3.132
-3.234
-3.4
-3.665
-3.888
-3.858
-3.629
-3.45
-3.407
-3.359
-3.259
-3.166
-3.08
-2.889
-2.635
-2.545
-2.466
-2.098
-1.79
-2.08
-2.543
-2.538
-2.395
-2.688
-3.019
-2.674
-1.901
-1.42
-1.345
-1.361
-1.263
-1.163
-1.329
-1.821
-2.22
-2.066
-1.529
-1.107
-0.855
-0.483
-0.068
0.115
0.136
0.145
0.102
0.145
0.492
0.907
0.841
0.476
0.485
0.746
0.485
-0.302
-0.782
-0.603
-0.209
-0.004
0.011
0.066
0.379
0.819
0.939
0.639
0.436
0.649
0.846
0.635
0.361
0.39
0.512
0.34
-0.077
-0.512
-0.898
-1.03
-0.769
-0.404
-0.22
-0.068
0.24
0.451
0.254
-0.279
-0.814
-1.129
-1.279
-1.474
-1.703
-1.73
-1.427
-1.123
-1.236
-1.51
-1.554
-1.544
-1.728
-1.86
-1.683
-1.388
-1.225
-1.129
-0.98
-0.893
-0.848
-0.789
-0.889
-1.179
-1.406
-1.402
-1.347
-1.363
-1.465
-1.712
-2.082
-2.411
-2.597
-2.624
-2.484
-2.116
-1.649
-1.245
-0.919
-0.626
-0.451
-0.481
-0.574
-0.664
-0.776
-0.905
-0.993
-1.052
-1.125
-1.261
-1.483
-1.787
-2.057
-2.134
-2.096
-2.075
-1.971
-1.644
-1.277
-1.098
-0.971
-0.785
-0.673
-0.742
-0.835
-0.821
-0.692
-0.574
-0.649
-0.93
-1.302
-1.619
-1.853
-2.041
-2.205
-2.259
-2.175
-1.957
-1.699
-1.59
-1.753
-2.123
-2.425
-2.565
-2.772
-3.194
-3.674
-4.019
-4.242
-4.4
-4.548
-4.72
-4.947
-5.201
-5.394
-5.446
-5.453
-5.505
-5.557
-5.464
-5.196
-4.929
-4.815
-4.847
-4.96
-5.081
-5.181
-5.276
-5.344
-5.392
-5.571
-5.902
-6.222
-6.417
-6.505
-6.553
-6.528
-6.378
-6.17
-6.018
-5.902
-5.797
-5.759
-5.793
-5.802
-5.752
-5.616
-5.457
-5.231
-4.793
-4.155
-3.581
-3.171
-2.803
-2.459
-2.243
-2.209
-2.241
-2.25
-2.234
-2.23
-2.275
-2.311
-2.266
-2.223
-2.218
-2.184
-2.109
-2.037
-1.932
-1.74
-1.499
-1.295
-1.043
-0.563
0.061
0.574
0.898
1.179
1.501
1.71
1.64
1.42
1.365
1.54
1.651
1.572
1.556
1.783
2.164
2.463
2.613
2.728
2.903
3.053
3.203
3.445
3.647
3.756
3.949
4.362
4.815
5.058
5.06
5.056
5.149
5.267
5.301
5.235
5.253
5.396
5.535
5.623
5.802
6.167
6.551
6.791
6.986
7.243
7.44
7.56
7.739
7.957
8.032
7.968
7.984
8.12
8.241
8.352
8.522
8.703
8.853
8.871
8.78
8.776
8.946
9.075
9.007
8.978
9.18
9.361
9.161
8.79
8.626
8.603
8.497
8.347
8.338
8.411
8.42
8.349
8.193
7.937
7.741
7.703
7.739
7.753
7.671
7.492
7.313
7.263
7.256
7.054
6.641
6.326
6.274
6.297
6.235
6.115
6.047
6.068
6.043
5.861
5.582
5.283
4.931
4.523
4.115
3.774
3.523
3.334
3.155
2.958
2.813
2.81
2.888
2.862
2.683
2.586
2.831
3.273
3.588
3.677
3.736
3.951
4.21
4.219
3.949
3.663
3.561
3.523
3.284
2.851
2.436
2.075
1.665
1.32
1.275
1.386
1.438
1.472
1.601
1.803
1.966
2.035
2.041
2.005
1.996
2.078
2.118
2.055
1.957
1.919
1.939
1.932
1.778
1.601
1.613
1.769
1.873
1.857
1.846
1.919
2.082
2.164
1.985
1.667
1.529
1.626
1.667
1.524
1.374
1.374
1.445
1.551
1.735
1.921
2.087
2.388
2.822
3.153
3.2
3.153
3.23
3.384
3.371
3.157
3.005
3.057
3.069
2.813
2.434
2.248
2.381
2.529
2.334
1.96
1.928
2.275
2.493
2.325
2.091
2.164
2.454
2.611
2.497
2.209
1.919
1.76
1.635
1.349
0.989
0.807
0.764
0.597
0.292
0.134
0.227
0.363
0.268
0.029
-0.007
0.197
0.227
-0.265
-0.982
-1.399
-1.486
-1.699
-2.254
-2.772
-2.842
-2.645
-2.595
-2.776
-2.858
-2.64
-2.309
-2.225
-2.363
-2.323
-2.023
-1.853
-2.091
-2.522
-2.767
-2.801
-2.971
-3.457
-4.015
-4.291
-4.298
-4.337
-4.591
-4.924
-4.972
-4.695
-4.425
-4.4
-4.489
-4.464
-4.264
-4.094
-4.119
-4.237
-4.155
-3.852
-3.702
-3.856
-3.997
-3.813
-3.502
-3.448
-3.618
-3.699
-3.586
-3.448
-3.457
-3.529
-3.423
-3.123
-2.835
-2.735
-2.724
-2.658
-2.601
-2.631
-2.722
-2.903
-3.164
-3.323
-3.334
-3.359
-3.498
-3.604
-3.525
-3.339
-3.228
-3.218
-3.194
-3.089
-2.885
-2.672
-2.525
-2.436
-2.377
-2.384
-2.454
-2.513
-2.49
-2.425
-2.329
-2.239
-2.175
-2.171
-2.25
-2.388
-2.522
-2.72
-2.96
-3.157
-3.277
-3.311
-3.273
-3.166
-3.008
-2.888
-2.81
-2.661
-2.409
-2.171
-2.023
-1.944
-1.873
-1.749
-1.703
-1.86
-2.055
-2.044
-1.817
-1.644
-1.671
-1.776
-1.864
-1.912
-1.946
-2.012
-2.08
-2
-1.785
-1.629
-1.531
-1.397
-1.216
-1.077
-0.978
-0.846
-0.739
-0.773
-0.859
-0.869
-0.853
-0.893
-0.962
-0.946
-0.837
-0.694
-0.608
-0.599
-0.635
-0.628
-0.494
-0.193
0.22
0.594
0.825
0.986
1.134
1.202
1.188
1.098
0.937
0.694
0.474
0.44
0.549
0.642
0.658
0.696
0.887
1.211
1.434
1.468
1.515
1.787
2.2
2.427
2.373
2.205
2.178
2.341
2.506
2.611
2.738
2.924
3.094
3.196
3.296
3.432
3.616
3.856
4.151
4.446
4.759
5.026
5.153
5.181
5.283
5.451
5.464
5.224
4.967
4.856
4.847
4.872
4.865
4.865
5.035
5.403
5.693
5.748
5.777
6.05
6.437
6.573
6.431
6.353
6.505
6.719
6.771
6.587
6.342
6.269
6.328
6.287
6.004
5.643
5.473
5.523
5.521
5.271
4.922
4.784
4.806
4.636
4.135
3.511
3.044
2.751
2.302
1.506
0.69
0.274
0.283
0.336
0.156
-0.12
-0.211
-0.113
-0.138
-0.492
-1.071
-1.561
-1.824
-2.105
-2.574
-2.901
-2.731
-2.511
-2.794
-3.271
-3.303
-3.073
-3.269
-4.015
-4.723
-4.711
-4.031
-3.509
-3.749
-4.244
-4.106
-3.484
-3.461
-4.466
-5.578
-5.895
-5.584
-5.389
-5.711
-6.226
-5.984
-4.757
-3.718
-3.74
-4.128
-3.879
-3.116
-2.554
-2.422
-2.504
-2.484
-2.184
-1.808
-1.703
-1.821
-1.878
-1.889
-1.964
-2.109
-2.141
-1.971
-1.76
-1.624
-1.474
-1.234
-0.753
-0.188
-0.075
-0.379
-0.388
0.127
0.429
-0.014
-0.54
-0.347
0.188
0.317
0.17
0.172
0.44
0.927
1.417
1.551
1.381
1.347
1.756
2.218
2.164
1.787
1.61
1.785
1.985
1.792
1.222
0.735
0.644
0.692
0.481
-0.02
-0.458
-0.556
-0.553
-0.771
-1.005
-0.807
-0.222
0.095
-0.156
-0.433
-0.163
0.431
0.628
0.111
-0.447
-0.395
0.091
0.31
-0.097
-0.78
-1.034
-0.724
-0.49
-0.823
-1.49
-1.919
-1.828
-1.59
-1.658
-2.057
-2.368
-2.332
-2.309
-2.779
-3.477
-3.799
-3.715
-3.674
-3.874
-3.951
-3.518
-2.762
-2.216
-2.157
-2.345
-2.305
-1.994
-1.923
-2.4
-3.139
-3.593
-3.461
-3.137
-3.25
-3.881
-4.527
-4.804
-4.838
-5.031
-5.371
-5.512
-5.389
-5.117
-4.775
-4.48
-4.228
-3.938
-3.711
-3.611
-3.602
-3.597
-3.629
-3.908
-4.342
-4.505
-4.378
-4.323
-4.443
-4.493
-4.248
-3.756
-3.375
-3.234
-3.2
-3.103
-2.767
-2.309
-2.144
-2.341
-2.529
-2.352
-1.903
-1.674
-1.794
-1.994
-2.159
-2.361
-2.627
-2.955
-3.241
-3.318
-3.173
-2.937
-2.738
-2.416
-1.846
-1.359
-1.295
-1.474
-1.517
-1.449
-1.449
-1.576
-1.73
-1.735
-1.529
-1.159
-0.837
-0.746
-0.812
-0.885
-0.959
-1.127
-1.44
-1.819
-2.162
-2.429
-2.645
-2.794
-2.871
-2.831
-2.769
-2.792
-2.772
-2.527
-2.198
-1.994
-1.914
-1.833
-1.599
-1.222
-0.898
-0.821
-1.005
-1.184
-1.15
-1.075
-1.198
-1.515
-1.908
-2.148
-2.159
-2.071
-2.041
-2.05
-1.919
-1.635
-1.345
-1.161
-1.068
-1.114
-1.243
-1.318
-1.322
-1.307
-1.345
-1.447
-1.606
-1.699
-1.651
-1.495
-1.388
-1.406
-1.359
-1.207
-1.064
-0.975
-0.791
-0.485
-0.188
0.002
0.172
0.376
0.478
0.451
0.324
0.141
-0.009
-0.027
0.016
-0.041
-0.186
-0.22
0.05
0.488
0.859
1.105
1.345
1.724
2.191
2.522
2.615
2.658
2.86
3.101
3.123
2.964
2.903
2.94
2.908
2.824
2.847
3.06
3.427
3.731
3.886
3.892
3.899
4.067
4.321
4.403
4.235
4.049
4.094
4.357
4.55
4.5
4.4
4.507
4.85
5.099
5.017
4.747
4.564
4.527
4.568
4.641
4.713
4.729
4.643
4.521
4.382
4.155
3.845
3.529
3.255
3.051
2.953
2.964
3.044
3.105
3.139
3.198
3.339
3.577
3.77
3.656
3.293
3.037
2.971
2.853
2.552
2.139
1.78
1.51
1.336
1.209
1.039
0.78
0.49
0.256
0.073
-0.077
-0.19
-0.29
-0.379
-0.363
-0.17
0.104
0.299
0.354
0.272
0.077
-0.147
-0.361
-0.61
-0.914
-1.186
-1.284
-1.17
-0.975
-0.859
-0.837
-0.807
-0.721
-0.583
-0.563
-0.764
-1.068
-1.238
-1.259
-1.3
-1.434
-1.585
-1.624
-1.533
-1.472
-1.547
-1.642
-1.617
-1.447
-1.179
-0.905
-0.678
-0.533
-0.456
-0.372
-0.336
-0.454
-0.669
-0.927
-1.218
-1.431
-1.549
-1.703
-1.935
-2.098
-2.055
-1.783
-1.468
-1.232
-1.007
-0.782
-0.605
-0.485
-0.474
-0.651
-0.959
-1.263
-1.476
-1.649
-1.883
-2.062
-2.082
-2.03
-2.055
-2.159
-2.209
-2.127
-2.032
-2.007
-1.976
-1.828
-1.524
-1.198
-1.016
-1.025
-1.116
-1.216
-1.37
-1.66
-2.039
-2.388
-2.701
-2.91
-2.955
-2.878
-2.749
-2.552
-2.236
-1.833
-1.429
-1.125
-0.946
-0.9
-0.898
-0.907
-1.005
-1.247
-1.613
-1.883
-1.887
-1.792
-1.851
-1.998
-1.969
-1.663
-1.241
-0.855
-0.553
-0.281
0.014
0.247
0.406
0.533
0.639
0.651
0.433
0.084
-0.118
-0.163
-0.351
-0.708
-0.946
-0.909
-0.753
-0.628
-0.56
-0.499
-0.351
-0.029
0.406
0.692
0.69
0.669
0.919
1.284
1.427
1.143
0.605
0.195
0.059
-0.048
-0.349
-0.685
-0.821
-0.8
-0.766
-0.751
-0.664
-0.603
-0.612
-0.56
-0.345
-0.122
-0.027
0.002
0.043
0.007
-0.236
-0.594
-0.912
-1.193
-1.531
-1.889
-2.08
-2.037
-1.978
-2.093
-2.266
-2.271
-2.107
-2.032
-2.096
-2.05
-1.769
-1.554
-1.579
-1.699
-1.815
-1.978
-2.123
-2.127
-2.155
-2.347
-2.531
-2.534
-2.454
-2.479
-2.586
-2.652
-2.663
-2.708
-2.744
-2.733
-2.681
-2.599
-2.429
-2.137
-1.812
-1.551
-1.517
-1.706
-1.921
-1.973
-1.908
-1.873
-1.903
-1.873
-1.79
-1.692
-1.508
-1.331
-1.395
-1.724
-2.021
-2.075
-1.982
-1.962
-2.13
-2.386
-2.529
-2.443
-2.234
-2.089
-2.103
-2.137
-2.053
-1.835
-1.701
-1.774
-1.982
-2.125
-1.987
-1.567
-1.15
-0.95
-0.855
-0.676
-0.361
-0.043
0.093
0.016
-0.254
-0.619
-0.889
-0.944
-0.916
-1.005
-1.207
-1.329
-1.279
-1.204
-1.261
-1.413
-1.486
-1.408
-1.198
-0.857
-0.519
-0.256
-0.029
0.261
0.587
0.73
0.61
0.401
0.213
-0.095
-0.574
-1.132
-1.685
-2.189
-2.627
-3.012
-3.359
-3.568
-3.538
-3.337
-2.996
-2.549
-2.109
-1.756
-1.481
-1.293
-1.232
-1.313
-1.479
-1.633
-1.83
-2.173
-2.676
-3.214
-3.647
-3.965
-4.246
-4.455
-4.48
-4.294
-3.967
-3.654
-3.434
-3.225
-2.983
-2.762
-2.642
-2.67
-2.888
-3.25
-3.579
-3.713
-3.729
-3.797
-3.92
-3.949
-3.788
-3.488
-3.153
-2.874
-2.74
-2.606
-2.252
-1.742
-1.334
-1.157
-1.061
-0.869
-0.592
-0.474
-0.585
-0.76
-0.869
-0.978
-1.107
-1.213
-1.22
-1.082
-0.862
-0.626
-0.283
0.32
1.068
1.767
2.375
2.967
3.511
3.87
4.026
4.042
3.992
3.938
3.817
3.5
3.078
2.67
2.252
1.851
1.597
1.501
1.483
1.701
2.418
3.327
3.801
3.686
3.368
3.316
3.808
4.57
4.675
3.765
2.899
3.189
4.119
4.307
3.572
3.057
3.516
4.235
4.216
3.538
2.958
2.779
2.754
2.708
2.801
3.321
3.967
4.121
3.72
3.368
3.307
3.184
2.681
1.66
0.367
-0.234
0.422
1.277
1.123
0.44
0.551
1.486
1.944
1.3
0.447
0.327
0.646
0.664
0.333
0.261
0.642
0.887
0.508
-0.038
-0.077
0.077
-0.252
-1.012
-1.658
-1.88
-1.706
-1.356
-1.211
-1.399
-1.549
-1.42
-1.275
-1.3
-1.417
-1.499
-1.483
-1.383
-1.413
-1.694
-1.891
-1.724
-1.483
-1.526
-1.569
-1.123
-0.531
-0.483
-0.921
-1.12
-0.832
-0.583
-0.821
-1.207
-1.125
-0.671
-0.476
-0.794
-1.222
-1.365
-1.32
-1.434
-1.792
-2.078
-2.018
-1.581
-0.996
-0.599
-0.592
-0.694
-0.476
-0.043
0.022
-0.436
-0.848
-0.744
-0.383
-0.281
-0.388
-0.247
0.202
0.424
0.097
-0.338
-0.365
-0.188
-0.317
-0.787
-1.061
-0.744
-0.115
0.249
0.093
-0.345
-0.59
-0.379
0.073
0.272
0.091
-0.079
0.086
0.39
0.329
-0.186
-0.621
-0.649
-0.508
-0.508
-0.658
-0.671
-0.437
-0.249
-0.308
-0.345
-0.05
0.31
0.247
-0.247
-0.703
-0.841
-0.841
-1.016
-1.334
-1.535
-1.463
-1.227
-1.002
-0.957
-1.159
-1.379
-1.356
-1.225
-1.302
-1.535
-1.683
-1.778
-2.069
-2.466
-2.461
-1.928
-1.411
-1.395
-1.64
-1.676
-1.408
-1.198
-1.526
-2.232
-2.586
-2.313
-1.883
-1.658
-1.569
-1.388
-1.007
-0.587
-0.399
-0.574
-0.934
-1.211
-1.288
-1.397
-1.637
-1.767
-1.599
-1.281
-1.068
-0.975
-0.787
-0.429
-0.195
-0.338
-0.558
-0.406
0.032
0.304
0.322
0.349
0.571
0.889
0.984
0.696
0.299
0.19
0.302
0.276
-0.027
-0.431
-0.655
-0.524
-0.149
0.095
-0.007
-0.159
0.061
0.497
0.61
0.315
0.034
0.12
0.467
0.78
0.907
0.982
1.018
0.887
0.61
0.365
0.154
-0.172
-0.615
-1.064
-1.315
-1.343
-1.25
-1.08
-0.871
-0.633
-0.44
-0.302
-0.252
-0.299
-0.406
-0.426
-0.263
0.038
0.363
0.594
0.698
0.769
0.912
1.071
1.123
0.993
0.692
0.342
0.004
-0.32
-0.639
-0.921
-1.111
-1.114
-0.934
-0.683
-0.467
-0.299
-0.263
-0.385
-0.494
-0.385
-0.07
0.152
0.12
0.054
0.22
0.481
0.533
0.317
0.068
-0.05
-0.088
-0.213
-0.454
-0.703
-0.864
-0.944
-0.984
-0.98
-0.853
-0.678
-0.599
-0.597
-0.551
-0.463
-0.395
-0.358
-0.37
-0.494
-0.619
-0.692
-0.88
-1.261
-1.592
-1.561
-1.247
-1.059
-1.195
-1.361
-1.202
-0.785
-0.46
-0.365
-0.258
0.011
0.347
0.467
0.256
-0.063
-0.206
-0.181
-0.186
-0.236
-0.245
-0.245
-0.313
-0.437
-0.571
-0.597
-0.478
-0.372
-0.399
-0.476
-0.41
-0.165
0.032
0.022
-0.011
0.107
0.333
0.429
0.254
-0.004
-0.1
-0.073
-0.084
-0.097
0.075
0.44
0.782
0.957
0.978
0.925
0.891
0.9
0.807
0.512
0.209
0.125
0.181
0.145
-0.102
-0.426
-0.585
-0.612
-0.746
-0.975
-1.105
-1.043
-0.853
-0.642
-0.419
-0.147
0.268
0.737
1.018
1
0.735
0.433
0.234
0.018
-0.338
-0.617
-0.585
-0.349
-0.19
-0.227
-0.34
-0.304
-0.186
-0.322
-0.762
-1.093
-1.041
-0.825
-0.724
-0.73
-0.653
-0.46
-0.222
-0.07
-0.111
-0.224
-0.234
-0.234
-0.415
-0.678
-0.744
-0.601
-0.506
-0.481
-0.31
0.061
0.365
0.397
0.168
-0.186
-0.499
-0.708
-0.921
-1.216
-1.461
-1.427
-1.209
-1.118
-1.288
-1.506
-1.579
-1.445
-1.286
-1.307
-1.372
-1.272
-1.041
-0.916
-1.03
-1.193
-1.147
-1.014
-0.941
-0.896
-0.907
-1.039
-1.225
-1.404
-1.585
-1.728
-1.69
-1.47
-1.268
-1.213
-1.236
-1.238
-1.225
-1.263
-1.37
-1.572
-1.724
-1.642
-1.481
-1.442
-1.486
-1.458
-1.311
-1.143
-0.996
-0.932
-1.073
-1.354
-1.588
-1.674
-1.706
-1.833
-2.007
-2.062
-2.023
-2.041
-2.168
-2.363
-2.495
-2.522
-2.502
-2.466
-2.345
-2.178
-2.075
-1.994
-1.83
-1.66
-1.61
-1.617
-1.567
-1.468
-1.406
-1.449
-1.608
-1.862
-2.137
-2.375
-2.581
-2.765
-2.86
-2.797
-2.656
-2.552
-2.422
-2.168
-1.849
-1.572
-1.402
-1.29
-1.116
-0.948
-0.95
-1.091
-1.225
-1.225
-1.086
-0.968
-0.968
-1.009
-0.875
-0.542
-0.297
-0.345
-0.494
-0.49
-0.354
-0.295
-0.413
-0.546
-0.465
-0.179
0.091
0.125
-0.034
-0.1
0.032
0.029
-0.317
-0.732
-0.882
-0.796
-0.687
-0.637
-0.563
-0.34
0.048
0.408
0.594
0.771
1.129
1.44
1.345
0.993
0.81
0.851
0.875
0.78
0.696
0.717
0.848
1.03
1.061
0.859
0.649
0.633
0.703
0.574
0.32
0.276
0.585
1.016
1.345
1.531
1.617
1.719
1.846
1.73
1.318
0.971
0.991
1.259
1.427
1.415
1.463
1.64
1.767
1.685
1.449
1.322
1.413
1.531
1.454
1.315
1.429
1.744
1.957
1.912
1.749
1.703
1.905
2.184
2.164
1.833
1.681
1.953
2.252
2.18
1.81
1.644
1.926
2.284
2.316
2.057
1.894
1.942
1.919
1.601
1.263
1.286
1.585
1.774
1.735
1.744
1.989
2.3
2.291
1.944
1.656
1.658
1.796
1.699
1.256
0.803
0.855
1.386
1.78
1.66
1.295
1.168
1.297
1.37
1.245
1.127
1.211
1.424
1.561
1.529
1.438
1.526
1.812
1.996
1.939
1.912
2.125
2.411
2.474
2.329
2.243
2.339
2.436
2.377
2.23
2.132
2.152
2.186
2.082
1.851
1.667
1.561
1.365
0.991
0.528
0.152
-0.086
-0.288
-0.585
-0.787
-0.705
-0.537
-0.451
-0.218
0.331
0.962
1.295
1.343
1.438
1.576
1.47
1.211
1.168
1.368
1.544
1.486
1.331
1.468
1.862
1.946
1.42
0.812
0.696
0.755
0.388
-0.252
-0.587
-0.419
-0.048
0.168
0.245
0.508
1.184
2.064
2.581
2.515
2.488
3.071
3.849
3.994
3.586
3.409
3.813
4.391
4.566
4.21
3.74
3.72
4.001
3.931
3.318
2.747
2.747
3.132
3.357
3.289
3.284
3.572
3.981
4.158
4.069
4.121
4.634
5.323
5.657
5.628
5.687
6.029
6.367
6.374
5.968
5.426
5.253
5.448
5.433
4.995
4.657
4.899
5.435
5.709
5.636
5.503
5.555
5.807
6.029
5.99
5.87
5.972
6.256
6.378
6.315
6.265
6.245
6.138
5.99
5.97
6.09
6.272
6.387
6.369
6.31
6.406
6.694
6.959
7.038
7.127
7.388
7.703
7.844
7.689
7.245
6.65
6.133
5.732
5.278
4.747
4.473
4.666
5.042
5.289
5.514
5.906
6.312
6.551
6.705
6.95
7.247
7.469
7.501
7.299
6.943
6.644
6.322
5.795
5.176
4.636
4.23
3.987
3.865
3.661
3.398
3.311
3.482
3.652
3.597
3.5
3.64
3.942
4.144
4.16
4.117
4.171
4.291
4.355
4.282
3.994
3.593
3.296
3.08
2.892
2.79
2.708
2.561
2.327
2.071
1.91
1.912
1.932
1.808
1.665
1.649
1.622
1.47
1.268
1.084
0.984
1.066
1.261
1.424
1.522
1.551
1.576
1.651
1.671
1.526
1.279
1.025
0.821
0.692
0.531
0.29
0.041
-0.149
-0.292
-0.374
-0.488
-0.753
-1.089
-1.334
-1.404
-1.336
-1.302
-1.422
-1.529
-1.474
-1.438
-1.576
-1.833
-2.032
-2.087
-2.091
-2.171
-2.313
-2.497
-2.656
-2.647
-2.44
-2.196
-2.025
-1.942
-1.885
-1.842
-1.894
-2.071
-2.3
-2.429
-2.486
-2.638
-2.951
-3.255
-3.359
-3.309
-3.307
-3.425
-3.532
-3.493
-3.339
-3.121
-2.862
-2.536
-2.182
-1.917
-1.79
-1.76
-1.808
-1.942
-2.105
-2.3
-2.567
-2.794
-2.824
-2.74
-2.738
-2.819
-2.817
-2.661
-2.44
-2.279
-2.209
-2.152
-1.994
-1.78
-1.692
-1.733
-1.674
-1.42
-1.216
-1.254
-1.424
-1.49
-1.402
-1.284
-1.272
-1.352
-1.406
-1.379
-1.272
-1.181
-1.109
-0.964
-0.603
-0.161
0.048
-0.011
-0.081
-0.032
0
-0.147
-0.401
-0.465
-0.297
-0.104
0
0.025
0.086
0.261
0.465
0.612
0.739
0.837
0.859
0.819
0.814
0.934
1.082
1.073
0.862
0.54
0.276
0.215
0.265
0.276
0.19
0.093
0.211
0.515
0.667
0.488
0.249
0.252
0.442
0.59
0.569
0.451
0.347
0.34
0.408
0.385
0.27
0.183
0.188
0.242
0.286
0.286
0.218
0.107
0.032
0.068
0.084
-0.073
-0.308
-0.481
-0.669
-0.934
-1.216
-1.454
-1.685
-2.021
-2.391
-2.574
-2.531
-2.359
-2.112
-1.903
-1.833
-1.812
-1.724
-1.615
-1.619
-1.735
-1.839
-1.901
-1.987
-2.182
-2.538
-2.94
-3.137
-3.08
-2.989
-3.089
-3.289
-3.325
-3.146
-2.946
-2.808
-2.708
-2.615
-2.488
-2.32
-2.211
-2.223
-2.275
-2.191
-2.032
-2.012
-2.137
-2.25
-2.268
-2.191
-2.037
-1.883
-1.76
-1.574
-1.331
-1.143
-1.093
-1.15
-1.188
-1.218
-1.32
-1.411
-1.343
-1.143
-1.014
-1.036
-1.102
-1.036
-0.81
-0.54
-0.41
-0.436
-0.447
-0.276
0.045
0.252
0.17
0.004
0.014
0.122
0.043
-0.331
-0.746
-0.857
-0.658
-0.44
-0.395
-0.406
-0.238
0.127
0.467
0.639
0.728
0.898
1.152
1.354
1.327
1.075
0.839
0.758
0.717
0.546
0.279
0.091
0.05
0.052
-0.068
-0.254
-0.363
-0.39
-0.46
-0.528
-0.419
-0.193
-0.043
-0.061
-0.159
-0.2
-0.222
-0.32
-0.528
-0.853
-1.188
-1.37
-1.327
-1.218
-1.315
-1.59
-1.712
-1.538
-1.256
-1.159
-1.272
-1.402
-1.458
-1.572
-1.835
-2.075
-2.15
-2.193
-2.409
-2.706
-2.892
-2.949
-2.93
-2.851
-2.647
-2.332
-1.944
-1.533
-1.232
-1.147
-1.175
-1.184
-1.157
-1.207
-1.356
-1.52
-1.658
-1.778
-1.849
-1.88
-1.887
-1.864
-1.798
-1.717
-1.629
-1.52
-1.34
-1.175
-1.116
-1.08
-0.878
-0.571
-0.358
-0.317
-0.288
-0.088
0.163
0.249
0.134
-0.043
-0.136
-0.17
-0.206
-0.286
-0.447
-0.651
-0.796
-0.875
-1.03
-1.3
-1.579
-1.835
-2.137
-2.481
-2.781
-3.019
-3.218
-3.393
-3.47
-3.427
-3.3
-3.16
-3.083
-3.146
-3.269
-3.269
-3.239
-3.389
-3.634
-3.731
-3.781
-3.981
-4.378
-4.818
-5.219
-5.634
-5.986
-6.208
-6.392
-6.558
-6.626
-6.58
-6.483
-6.358
-6.251
-6.174
-6.108
-5.972
-5.784
-5.689
-5.748
-5.902
-6.022
-6.027
-5.924
-5.779
-5.739
-5.829
-5.807
-5.489
-5.101
-5.017
-5.167
-5.133
-4.806
-4.412
-4.23
-4.282
-4.335
-4.237
-4.119
-4.106
-4.117
-4.026
-3.833
-3.597
-3.411
-3.241
-3.008
-2.706
-2.425
-2.254
-2.084
-1.737
-1.281
-0.944
-0.81
-0.664
-0.32
0.181
0.633
0.823
0.787
0.887
1.277
1.551
1.349
0.998
1.02
1.402
1.696
1.688
1.626
1.76
1.987
2.112
2.075
1.978
2.057
2.359
2.674
2.928
3.234
3.62
3.915
4.026
4.078
4.269
4.627
4.981
5.172
5.242
5.451
5.838
6.145
6.088
5.829
5.791
6.031
6.181
6.015
5.702
5.616
5.863
6.249
6.51
6.596
6.703
6.993
7.385
7.631
7.614
7.59
7.805
8.118
8.248
8.109
7.903
7.839
7.925
8.018
8.095
8.27
8.544
8.792
8.914
8.926
8.873
8.824
8.864
8.932
8.898
8.805
8.819
8.971
9.039
8.88
8.629
8.465
8.39
8.311
8.122
7.803
7.483
7.277
7.077
6.816
6.576
6.412
6.324
6.285
6.272
6.231
6.117
5.936
5.691
5.394
5.06
4.725
4.503
4.425
4.332
4.176
4.106
4.228
4.36
4.267
4.071
4.065
4.21
4.076
3.523
2.962
2.679
2.395
1.724
0.887
0.549
0.771
0.885
0.556
0.213
0.324
0.848
1.213
1.03
0.837
1.198
1.719
1.708
1.297
1.275
1.83
2.207
1.86
1.161
0.746
0.798
0.898
0.535
-0.19
-0.506
-0.061
0.567
0.724
0.526
0.565
1.005
1.533
1.837
1.824
1.696
1.749
1.891
1.774
1.338
0.934
0.835
0.817
0.705
0.739
1.188
1.842
2.323
2.629
3.087
3.84
4.464
4.586
4.487
4.772
5.396
5.662
5.335
4.983
5.094
5.337
5.113
4.509
4.162
4.264
4.328
4.06
3.779
3.845
4.33
4.888
4.99
4.682
4.523
4.754
5.051
4.94
4.378
3.931
4.06
4.412
4.294
3.597
2.98
2.903
3.057
2.888
2.4
2.107
2.359
2.785
2.803
2.488
2.313
2.388
2.4
2.155
1.73
1.293
0.825
0.213
-0.576
-1.458
-2.205
-2.762
-3.293
-3.813
-4.13
-4.271
-4.307
-4.285
-4.248
-4.189
-3.997
-3.711
-3.498
-3.407
-3.366
-3.275
-3.135
-3.051
-3.144
-3.545
-4.155
-4.754
-5.244
-5.605
-5.975
-6.544
-7.211
-7.655
-7.726
-7.587
-7.574
-7.717
-7.678
-7.204
-6.592
-6.26
-6.222
-6.068
-5.646
-5.214
-5.045
-5.079
-5.085
-4.865
-4.53
-4.389
-4.482
-4.473
-4.133
-3.643
-3.332
-3.273
-3.21
-2.894
-2.436
-2.171
-2.175
-2.141
-1.846
-1.547
-1.547
-1.751
-1.846
-1.633
-1.39
-1.458
-1.629
-1.449
-0.952
-0.524
-0.376
-0.286
0.056
0.619
1.175
1.579
1.815
2.007
2.223
2.336
2.236
1.926
1.588
1.359
1.098
0.581
-0.056
-0.499
-0.708
-0.891
-1.175
-1.445
-1.595
-1.644
-1.696
-1.769
-1.857
-1.926
-1.935
-1.921
-1.917
-1.878
-1.808
-1.787
-1.873
-1.944
-1.842
-1.619
-1.47
-1.465
-1.567
-1.631
-1.581
-1.499
-1.542
-1.733
-1.994
-2.25
-2.5
-2.835
-3.221
-3.563
-3.752
-3.797
-3.84
-3.985
-4.153
-4.201
-4.074
-3.883
-3.725
-3.568
-3.438
-3.366
-3.21
-2.989
-2.885
-2.91
-2.824
-2.459
-1.921
-1.499
-1.295
-1.125
-0.887
-0.569
-0.272
-0.145
-0.141
-0.175
-0.281
-0.379
-0.356
-0.308
-0.401
-0.59
-0.841
-1.177
-1.504
-1.719
-1.833
-1.891
-1.746
-1.218
-0.499
0.081
0.472
0.825
1.236
1.622
1.885
2.028
2.166
2.395
2.776
3.212
3.502
3.634
3.786
4.069
4.348
4.378
4.18
4.069
4.192
4.421
4.557
4.511
4.448
4.459
4.448
4.298
4.074
3.886
3.872
4.124
4.43
4.598
4.85
5.392
6.072
6.668
7.183
7.646
8.05
8.429
8.803
8.996
8.876
8.592
8.315
8.073
7.76
7.367
7.068
6.921
6.777
6.578
6.378
6.217
6.108
6.047
5.911
5.739
5.666
5.7
5.711
5.557
5.262
5.022
4.868
4.672
4.298
3.752
3.194
2.762
2.484
2.196
1.769
1.334
1.016
0.782
0.437
-0.054
-0.535
-0.912
-1.247
-1.663
-2.184
-2.663
-2.955
-3.139
-3.396
-3.715
-3.972
-4.055
-4.037
-4.028
-4.092
-4.246
-4.389
-4.398
-4.403
-4.573
-4.775
-4.886
-5.024
-5.278
-5.569
-5.857
-6.031
-5.981
-5.923
-6.149
-6.469
-6.451
-6.113
-5.886
-5.972
-6.061
-5.818
-5.342
-4.929
-4.713
-4.623
-4.421
-3.972
-3.523
-3.45
-3.722
-3.908
-3.838
-3.686
-3.55
-3.384
-3.13
-2.722
-2.171
-1.59
-1.125
-0.839
-0.651
-0.424
-0.088
0.229
0.417
0.465
0.46
0.46
0.41
0.283
0.195
0.163
0.141
0.213
0.454
0.844
1.32
1.81
2.313
2.799
3.107
3.216
3.355
3.584
3.759
3.811
3.824
3.854
3.743
3.327
2.672
2.053
1.733
1.66
1.497
1.147
0.869
0.866
1.177
1.59
1.783
1.742
1.722
1.846
1.987
1.871
1.472
1.173
1.211
1.295
1.052
0.476
-0.063
-0.313
-0.476
-0.817
-1.261
-1.529
-1.551
-1.588
-1.903
-2.411
-2.81
-2.928
-2.946
-3.135
-3.45
-3.713
-3.917
-4.253
-4.686
-5.026
-5.169
-5.192
-5.231
-5.335
-5.394
-5.303
-5.069
-4.861
-4.829
-4.899
-4.986
-5.117
-5.323
-5.532
-5.564
-5.371
-5.101
-4.96
-4.952
-4.843
-4.557
-4.403
-4.668
-5.097
-5.213
-5.015
-4.89
-5.097
-5.462
-5.6
-5.433
-5.255
-5.289
-5.38
-5.221
-4.777
-4.298
-3.951
-3.665
-3.176
-2.398
-1.626
-1.198
-1.057
-0.864
-0.395
0.104
0.274
0.091
-0.138
-0.211
-0.242
-0.415
-0.721
-0.939
-0.916
-0.753
-0.683
-0.794
-1.012
-1.202
-1.356
-1.569
-1.735
-1.694
-1.488
-1.331
-1.331
-1.379
-1.293
-1.08
-0.93
-0.934
-0.998
-0.955
-0.764
-0.528
-0.37
-0.358
-0.413
-0.422
-0.401
-0.569
-0.978
-1.51
-2.046
-2.534
-2.944
-3.339
-3.711
-4.055
-4.384
-4.62
-4.691
-4.589
-4.353
-3.999
-3.593
-3.184
-2.762
-2.311
-1.914
-1.665
-1.561
-1.515
-1.397
-1.245
-1.313
-1.74
-2.236
-2.484
-2.481
-2.479
-2.697
-2.985
-2.976
-2.583
-2.069
-1.708
-1.529
-1.361
-1.15
-1.034
-1.139
-1.44
-1.776
-1.964
-1.953
-1.957
-2.209
-2.547
-2.601
-2.377
-2.173
-2.021
-1.769
-1.374
-0.909
-0.39
0.1
0.433
0.635
0.817
1.036
1.229
1.179
0.837
0.408
0.159
0.086
-0.016
-0.238
-0.515
-0.68
-0.624
-0.401
-0.077
0.345
0.81
1.241
1.669
2.064
2.305
2.42
2.593
2.858
3.123
3.269
3.341
3.405
3.416
3.357
3.289
3.28
3.377
3.584
3.833
4.087
4.319
4.536
4.775
4.972
5.015
4.868
4.584
4.346
4.246
4.198
4.142
4.06
3.99
4.019
4.148
4.208
4.087
3.994
4.115
4.298
4.425
4.604
4.931
5.308
5.498
5.453
5.312
5.147
4.913
4.518
4.026
3.586
3.21
2.86
2.486
2.084
1.69
1.417
1.331
1.365
1.411
1.417
1.454
1.626
1.81
1.833
1.74
1.678
1.663
1.599
1.585
1.853
2.239
2.198
1.581
0.882
0.617
0.587
0.19
-0.499
-0.653
0.143
1.145
1.408
0.95
0.578
0.678
0.81
0.456
-0.274
-0.844
-0.825
-0.295
0.097
-0.154
-0.694
-0.753
-0.379
-0.295
-0.769
-1.322
-1.302
-0.703
-0.143
-0.056
-0.141
0.115
0.597
0.683
0.324
0.109
0.286
0.463
0.213
-0.351
-0.844
-1.17
-1.49
-1.826
-2.023
-2.082
-2.048
-1.873
-1.565
-1.297
-1.254
-1.363
-1.397
-1.207
-0.905
-0.746
-0.791
-0.844
-0.789
-0.664
-0.563
-0.724
-1.361
-2.2
-2.663
-2.665
-2.649
-2.881
-2.98
-2.511
-1.681
-1.109
-1.095
-1.345
-1.32
-0.98
-0.873
-1.275
-1.746
-1.828
-1.774
-2.075
-2.74
-3.393
-3.747
-3.783
-3.733
-3.788
-3.801
-3.434
-2.567
-1.683
-1.279
-1.279
-1.123
-0.68
-0.379
-0.515
-0.853
-0.964
-0.812
-0.762
-1.095
-1.658
-2.144
-2.47
-2.806
-3.166
-3.289
-3.069
-2.792
-2.642
-2.404
-1.914
-1.406
-1.084
-0.837
-0.526
-0.129
0.283
0.542
0.492
0.206
-0.154
-0.463
-0.755
-1.211
-1.733
-2.007
-1.935
-1.688
-1.504
-1.379
-1.15
-0.83
-0.658
-0.714
-0.823
-0.855
-0.825
-0.81
-0.825
-0.794
-0.594
-0.31
-0.145
-0.204
-0.29
-0.118
0.209
0.376
0.338
0.281
0.297
0.322
0.315
0.215
0
-0.206
-0.288
-0.302
-0.444
-0.687
-0.776
-0.601
-0.404
-0.451
-0.655
-0.714
-0.544
-0.356
-0.358
-0.542
-0.662
-0.599
-0.436
-0.349
-0.431
-0.542
-0.469
-0.222
0.009
0.068
-0.043
-0.17
-0.236
-0.397
-0.744
-1.089
-1.29
-1.436
-1.626
-1.783
-1.808
-1.769
-1.812
-1.962
-2.109
-2.23
-2.409
-2.667
-2.801
-2.642
-2.227
-1.74
-1.379
-1.125
-0.88
-0.649
-0.467
-0.422
-0.646
-1.12
-1.653
-2.18
-2.706
-3.234
-3.625
-3.715
-3.62
-3.611
-3.674
-3.57
-3.228
-2.792
-2.484
-2.277
-2.073
-1.821
-1.563
-1.399
-1.347
-1.363
-1.422
-1.524
-1.708
-2.096
-2.672
-3.225
-3.445
-3.289
-3.101
-3.132
-3.184
-2.881
-2.241
-1.703
-1.529
-1.408
-0.98
-0.288
0.295
0.454
0.304
0.211
0.238
0.188
-0.086
-0.571
-1.107
-1.452
-1.513
-1.481
-1.574
-1.674
-1.529
-1.12
-0.705
-0.454
-0.327
-0.197
-0.045
0.07
0.073
-0.027
-0.188
-0.431
-0.683
-0.744
-0.59
-0.392
-0.252
-0.152
-0.004
0.181
0.249
0.048
-0.304
-0.601
-0.885
-1.327
-1.871
-2.293
-2.502
-2.627
-2.856
-3.125
-3.25
-3.212
-3.119
-3.028
-2.903
-2.665
-2.284
-1.955
-1.81
-1.737
-1.588
-1.377
-1.3
-1.479
-1.783
-1.964
-2.055
-2.295
-2.76
-3.275
-3.629
-3.829
-4.051
-4.394
-4.65
-4.582
-4.21
-3.815
-3.575
-3.327
-2.849
-2.227
-1.815
-1.674
-1.551
-1.315
-1.127
-1.181
-1.404
-1.52
-1.34
-1.071
-1.043
-1.232
-1.307
-1.141
-0.914
-0.859
-0.996
-1.068
-0.952
-0.844
-0.903
-1.012
-0.934
-0.585
-0.154
0.111
0.313
0.626
0.978
1.173
1.225
1.288
1.517
1.855
2.078
2.261
2.54
2.86
3.067
3.142
3.148
3.207
3.318
3.371
3.282
3.101
2.951
2.922
2.924
2.781
2.504
2.307
2.316
2.518
2.728
2.772
2.708
2.744
2.876
2.919
2.801
2.699
2.788
3.064
3.348
3.432
3.393
3.391
3.409
3.371
3.252
3.064
2.871
2.747
2.622
2.375
2.023
1.619
1.27
1.036
0.798
0.546
0.442
0.519
0.68
0.869
1.075
1.349
1.676
1.926
2.046
2.105
2.107
1.928
1.567
1.216
0.982
0.807
0.531
0.109
-0.297
-0.531
-0.701
-0.903
-1.08
-1.071
-0.862
-0.612
-0.476
-0.422
-0.34
-0.218
-0.054
0.154
0.299
0.288
0.138
-0.025
-0.163
-0.39
-0.828
-1.383
-1.878
-2.275
-2.538
-2.593
-2.445
-2.264
-2.109
-1.914
-1.583
-1.202
-0.955
-0.95
-1.143
-1.288
-1.318
-1.381
-1.567
-1.805
-2.028
-2.178
-2.264
-2.35
-2.432
-2.434
-2.277
-2.053
-1.903
-1.871
-1.851
-1.758
-1.647
-1.647
-1.801
-1.96
-1.994
-2.007
-2.141
-2.332
-2.497
-2.613
-2.706
-2.813
-2.844
-2.663
-2.268
-1.842
-1.54
-1.229
-0.828
-0.454
-0.229
-0.138
-0.186
-0.356
-0.585
-0.857
-1.134
-1.42
-1.667
-1.787
-1.851
-1.964
-2.012
-1.815
-1.431
-1.068
-0.817
-0.583
-0.256
0.054
0.204
0.2
0.163
0.163
0.141
0.018
-0.188
-0.383
-0.49
-0.585
-0.83
-1.12
-1.139
-0.862
-0.569
-0.433
-0.361
-0.181
0.156
0.417
0.376
0.068
-0.242
-0.297
-0.22
-0.399
-0.835
-1.1
-0.964
-0.692
-0.671
-0.93
-1.091
-0.823
-0.361
-0.268
-0.497
-0.519
-0.149
0.202
0.111
-0.322
-0.703
-0.878
-0.989
-1.15
-1.236
-1.098
-0.778
-0.522
-0.472
-0.449
-0.22
0.061
0.156
0.07
0.052
0.268
0.558
0.551
0.195
-0.141
-0.215
-0.188
-0.29
-0.456
-0.419
-0.195
-0.029
-0.081
-0.122
0.113
0.517
0.73
0.628
0.442
0.437
0.567
0.601
0.478
0.354
0.383
0.451
0.395
0.161
-0.093
-0.118
0.045
0.111
-0.004
-0.091
0.018
0.159
0.122
-0.081
-0.24
-0.127
0.156
0.283
0.141
-0.129
-0.338
-0.392
-0.481
-0.771
-1.03
-0.971
-0.592
-0.234
-0.127
-0.091
0.138
0.478
0.685
0.703
0.594
0.449
0.358
0.358
0.374
0.317
0.252
0.231
0.254
0.227
0.095
-0.095
-0.195
-0.134
0.011
0.227
0.49
0.662
0.673
0.66
0.773
0.966
1.107
1.157
1.157
1.08
0.968
0.776
0.447
0.127
0.014
0.07
0.056
-0.097
-0.202
-0.154
-0.034
0.095
0.204
0.315
0.474
0.63
0.653
0.587
0.655
0.821
0.88
0.771
0.619
0.517
0.347
0.034
-0.313
-0.658
-0.964
-1.039
-0.798
-0.472
-0.338
-0.29
-0.061
0.356
0.766
0.966
0.964
1.018
1.377
1.905
2.264
2.189
1.64
1.002
0.621
0.274
-0.365
-0.934
-0.719
0.358
1.436
1.513
0.726
0.036
-0.193
-0.44
-1.204
-2.178
-2.527
-1.88
-0.812
-0.084
0.297
0.735
1.071
0.764
-0.161
-1.254
-2.053
-2.139
-1.726
-1.492
-1.42
-0.959
-0.159
0.245
-0.2
-1.041
-1.449
-1.329
-1.266
-1.544
-1.855
-1.674
-1.107
-0.871
-1.234
-1.671
-1.717
-1.526
-1.549
-1.846
-2.017
-1.817
-1.495
-1.408
-1.656
-1.891
-1.792
-1.472
-1.173
-0.93
-0.692
-0.406
-0.063
-0.016
-0.478
-1.007
-1.179
-1.163
-1.256
-1.415
-1.383
-1.152
-0.957
-0.978
-1.184
-1.402
-1.592
-1.912
-2.327
-2.522
-2.266
-1.658
-1.057
-0.76
-0.748
-0.744
-0.56
-0.374
-0.417
-0.528
-0.433
-0.045
0.406
0.565
0.385
0.095
-0.104
-0.324
-0.785
-1.42
-1.887
-1.889
-1.556
-1.388
-1.615
-1.88
-1.796
-1.554
-1.629
-1.905
-1.853
-1.347
-0.692
-0.274
-0.242
-0.397
-0.458
-0.519
-0.782
-1.166
-1.343
-1.173
-0.971
-1.118
-1.517
-1.753
-1.678
-1.574
-1.746
-2.078
-2.127
-1.805
-1.447
-1.29
-1.288
-1.218
-1.023
-0.896
-1.002
-1.195
-1.207
-1.073
-1.05
-1.204
-1.438
-1.703
-2.044
-2.352
-2.527
-2.635
-2.72
-2.756
-2.688
-2.411
-1.932
-1.442
-1.143
-1.12
-1.383
-1.742
-1.987
-2.148
-2.261
-2.257
-2.05
-1.622
-1.161
-0.939
-1.046
-1.266
-1.479
-1.783
-2.22
-2.658
-2.946
-3.169
-3.393
-3.547
-3.488
-3.162
-2.672
-2.234
-1.855
-1.395
-0.964
-0.753
-0.78
-0.939
-1.139
-1.325
-1.434
-1.454
-1.307
-0.912
-0.424
-0.134
-0.118
-0.247
-0.463
-0.744
-1.027
-1.361
-1.756
-2.037
-2.112
-1.985
-1.651
-1.238
-0.916
-0.762
-0.791
-0.893
-0.927
-0.93
-1.002
-0.996
-0.705
-0.145
0.488
0.925
1.05
1.089
1.27
1.517
1.567
1.452
1.402
1.561
1.764
1.783
1.515
1.111
0.823
0.626
0.274
-0.175
-0.494
-0.576
-0.456
-0.236
-0.009
0.338
0.855
1.322
1.656
2.032
2.488
2.851
2.946
2.794
2.601
2.525
2.545
2.522
2.325
2.059
1.98
2.13
2.318
2.375
2.318
2.354
2.504
2.508
2.227
1.891
1.756
1.821
1.883
1.812
1.69
1.671
1.653
1.495
1.266
1.181
1.338
1.572
1.681
1.692
1.901
2.416
2.944
3.198
3.266
3.43
3.715
3.931
3.847
3.479
3.087
2.842
2.692
2.411
1.885
1.297
0.95
0.927
1.08
1.186
1.198
1.211
1.325
1.445
1.454
1.411
1.397
1.356
1.209
1.032
0.952
0.978
0.927
0.685
0.437
0.51
0.889
1.159
1.059
0.835
0.817
0.952
1.03
0.991
0.873
0.776
0.887
1.284
1.642
1.622
1.334
1.093
0.955
0.773
0.463
0.075
-0.231
-0.263
0.004
0.27
0.336
0.333
0.472
0.789
1.177
1.581
1.815
1.758
1.706
2.01
2.497
2.708
2.545
2.295
2.307
2.547
2.638
2.398
1.982
1.685
1.61
1.538
1.297
0.934
0.639
0.506
0.497
0.576
0.742
0.966
1.166
1.261
1.225
1.181
1.225
1.234
1.098
0.907
0.83
0.957
1.32
1.699
1.749
1.572
1.533
1.762
2.018
2.13
2.13
2.146
2.25
2.488
2.722
2.706
2.47
2.252
2.182
2.071
1.785
1.499
1.42
1.517
1.629
1.722
1.837
2.037
2.295
2.508
2.593
2.726
3.114
3.643
4.031
4.221
4.498
4.929
5.278
5.401
5.321
5.115
4.926
4.818
4.664
4.319
3.908
3.731
3.817
3.906
3.874
3.91
4.153
4.464
4.709
4.886
4.986
5.008
4.977
4.845
4.589
4.364
4.35
4.509
4.675
4.847
5.049
5.233
5.378
5.537
5.702
5.843
6.015
6.222
6.408
6.555
6.61
6.514
6.356
6.222
6.117
6.029
5.988
5.961
5.924
5.952
6.077
6.179
6.145
6.088
6.099
6.088
6.02
5.988
6.002
6.02
6.024
5.988
5.825
5.598
5.509
5.562
5.6
5.591
5.618
5.721
5.859
6.029
6.215
6.333
6.322
6.299
6.315
6.274
6.177
6.052
5.854
5.618
5.394
5.056
4.579
4.169
3.985
3.999
4.035
3.985
3.926
3.987
4.196
4.398
4.369
4.133
3.965
3.979
4.031
3.985
3.879
3.706
3.509
3.341
3.114
2.799
2.534
2.313
2.082
1.878
1.778
1.762
1.749
1.76
1.853
2.035
2.259
2.447
2.513
2.354
2.078
1.951
2
1.928
1.561
1.039
0.612
0.39
0.299
0.19
-0.018
-0.143
-0.036
0.215
0.404
0.363
0.161
0.004
-0.022
0
0.011
-0.038
-0.17
-0.279
-0.252
-0.172
-0.258
-0.467
-0.569
-0.533
-0.635
-0.984
-1.374
-1.66
-1.824
-1.851
-1.808
-1.805
-1.928
-2.155
-2.391
-2.493
-2.495
-2.525
-2.581
-2.622
-2.62
-2.588
-2.574
-2.543
-2.443
-2.341
-2.323
-2.293
-2.162
-2.028
-2.055
-2.234
-2.42
-2.567
-2.665
-2.794
-2.996
-3.2
-3.262
-3.178
-3.094
-3.11
-3.21
-3.232
-3.03
-2.735
-2.611
-2.701
-2.835
-2.871
-2.817
-2.883
-3.139
-3.366
-3.393
-3.3
-3.228
-3.205
-3.13
-2.912
-2.622
-2.381
-2.2
-1.919
-1.615
-1.463
-1.47
-1.524
-1.569
-1.615
-1.696
-1.833
-1.93
-1.908
-1.753
-1.554
-1.399
-1.3
-1.161
-0.907
-0.597
-0.365
-0.236
-0.1
0.102
0.263
0.306
0.308
0.426
0.594
0.637
0.533
0.454
0.506
0.59
0.563
0.444
0.37
0.433
0.615
0.762
0.78
0.758
0.848
1.086
1.429
1.767
1.966
2.018
2.08
2.141
2.025
1.733
1.488
1.413
1.417
1.379
1.288
1.245
1.32
1.447
1.549
1.547
1.429
1.268
1.139
1.016
0.862
0.683
0.54
0.526
0.671
0.885
1.012
1.002
0.948
0.882
0.758
0.612
0.497
0.397
0.231
-0.038
-0.308
-0.426
-0.442
-0.612
-0.903
-1.02
-0.941
-0.982
-1.261
-1.526
-1.649
-1.751
-1.91
-2.109
-2.32
-2.254
-1.819
-1.542
-1.615
-1.386
-0.615
-0.258
-1.114
-2.529
-3.23
-3.046
-2.989
-3.706
-4.672
-5.035
-4.527
-3.606
-3.264
-3.924
-4.736
-4.636
-3.894
-3.541
-3.931
-4.425
-4.117
-3.005
-2.159
-2.3
-2.794
-2.704
-2.25
-2.323
-3.062
-3.636
-3.529
-3.157
-3.11
-3.314
-3.311
-3.01
-2.69
-2.629
-2.819
-2.924
-2.631
-2.118
-1.876
-2.091
-2.35
-2.184
-1.676
-1.277
-1.168
-1.054
-0.66
-0.079
0.358
0.515
0.506
0.522
0.533
0.424
0.351
0.592
0.964
1.071
0.98
0.957
1.005
0.914
0.597
0.302
0.308
0.533
0.696
0.839
1.159
1.669
2.171
2.552
2.831
2.946
2.874
2.828
2.942
2.892
2.47
1.985
1.812
1.857
1.728
1.307
0.919
0.83
0.857
0.773
0.651
0.651
0.773
0.851
0.794
0.701
0.624
0.51
0.413
0.345
0.254
0.149
0.002
-0.245
-0.488
-0.71
-1.014
-1.365
-1.644
-1.776
-1.846
-1.93
-1.957
-1.86
-1.792
-1.855
-1.953
-2.066
-2.189
-2.254
-2.341
-2.559
-2.824
-3.028
-3.166
-3.259
-3.4
-3.559
-3.488
-3.15
-2.747
-2.538
-2.579
-2.672
-2.697
-2.806
-3.153
-3.602
-3.87
-3.856
-3.674
-3.538
-3.509
-3.461
-3.277
-2.98
-2.779
-2.819
-3.015
-3.119
-2.987
-2.758
-2.762
-2.996
-3.112
-2.917
-2.534
-2.268
-2.257
-2.388
-2.479
-2.493
-2.559
-2.652
-2.608
-2.459
-2.345
-2.268
-2.091
-1.83
-1.665
-1.674
-1.742
-1.801
-1.923
-2.2
-2.606
-3.039
-3.402
-3.654
-3.765
-3.74
-3.599
-3.445
-3.337
-3.237
-3.196
-3.262
-3.348
-3.309
-3.16
-3.001
-2.926
-2.889
-2.851
-2.885
-3.057
-3.375
-3.786
-4.257
-4.734
-5.131
-5.353
-5.435
-5.451
-5.405
-5.194
-4.874
-4.693
-4.668
-4.566
-4.303
-4.071
-4.047
-4.192
-4.337
-4.364
-4.418
-4.659
-4.936
-5.001
-4.822
-4.602
-4.559
-4.716
-4.856
-4.777
-4.452
-4.174
-4.094
-3.967
-3.577
-3.076
-2.747
-2.67
-2.631
-2.42
-2.13
-2.059
-2.282
-2.49
-2.474
-2.44
-2.586
-2.692
-2.434
-1.876
-1.349
-1.064
-0.9
-0.712
-0.483
-0.336
-0.34
-0.317
-0.113
0.258
0.635
0.873
0.993
1.12
1.347
1.538
1.52
1.429
1.513
1.805
2.18
2.454
2.635
2.862
3.2
3.57
3.793
3.867
3.92
3.997
4.067
4.096
4.053
3.931
3.811
3.79
3.901
4.121
4.466
4.938
5.48
6.006
6.442
6.755
7.07
7.49
7.8
7.792
7.594
7.44
7.417
7.522
7.699
7.866
7.95
8.086
8.429
8.719
8.658
8.51
8.656
9.03
9.329
9.472
9.563
9.649
9.751
9.801
9.772
9.765
9.837
9.86
9.758
9.64
9.588
9.549
9.407
9.198
9.112
9.232
9.47
9.642
9.631
9.452
9.264
9.114
8.948
8.697
8.343
8.07
7.966
7.794
7.41
7.061
7.007
7.088
6.921
6.48
6.092
5.97
5.954
5.745
5.317
4.958
4.915
4.999
4.918
4.625
4.278
3.983
3.754
3.541
3.223
2.813
2.538
2.488
2.504
2.352
2.084
1.914
1.962
2.082
2.007
1.778
1.651
1.64
1.472
1.014
0.506
0.254
0.224
0.075
-0.276
-0.599
-0.746
-0.751
-0.755
-0.887
-1.068
-1.114
-0.984
-0.778
-0.626
-0.585
-0.501
-0.211
0.081
0.102
-0.063
-0.02
0.308
0.508
0.292
-0.016
-0.014
0.272
0.458
0.401
0.372
0.621
1.05
1.374
1.504
1.588
1.722
1.783
1.699
1.678
1.919
2.268
2.466
2.549
2.713
2.994
3.332
3.57
3.647
3.69
3.944
4.378
4.731
4.854
4.861
5.015
5.337
5.623
5.689
5.636
5.668
5.675
5.34
4.677
4.153
4.049
4.137
4.092
4.006
4.144
4.443
4.638
4.709
4.704
4.616
4.452
4.273
4.031
3.67
3.325
3.076
2.847
2.545
2.198
1.88
1.635
1.406
1.134
0.887
0.732
0.639
0.517
0.336
0.125
-0.063
-0.274
-0.61
-1.075
-1.454
-1.674
-1.962
-2.443
-2.994
-3.42
-3.697
-3.974
-4.291
-4.664
-4.997
-5.174
-5.217
-5.26
-5.287
-5.237
-5.108
-4.965
-4.965
-5.181
-5.528
-5.854
-6.015
-6.029
-6.111
-6.317
-6.437
-6.279
-5.988
-5.843
-5.891
-5.945
-5.895
-5.797
-5.739
-5.802
-5.961
-6.097
-6.133
-6.149
-6.226
-6.297
-6.285
-6.183
-6.074
-5.911
-5.609
-5.228
-4.874
-4.548
-4.244
-3.89
-3.434
-2.955
-2.667
-2.617
-2.559
-2.345
-2.123
-2.107
-2.289
-2.35
-2.089
-1.78
-1.708
-1.73
-1.603
-1.3
-0.998
-0.855
-0.885
-0.939
-0.839
-0.667
-0.744
-1.073
-1.325
-1.288
-1.12
-1.098
-1.241
-1.288
-1.114
-0.934
-0.937
-1.014
-0.996
-0.782
-0.413
-0.091
0.086
0.231
0.404
0.531
0.54
0.44
0.272
-0.002
-0.417
-0.844
-1.188
-1.402
-1.504
-1.576
-1.653
-1.592
-1.286
-0.966
-0.871
-0.937
-0.893
-0.751
-0.667
-0.69
-0.844
-1.03
-1.089
-0.982
-0.952
-1.188
-1.472
-1.517
-1.458
-1.601
-1.932
-2.225
-2.341
-2.291
-2.159
-2.089
-2.03
-1.753
-1.198
-0.653
-0.395
-0.304
-0.143
0.095
0.165
-0.081
-0.522
-0.916
-1.111
-1.236
-1.476
-1.778
-1.942
-1.96
-2.025
-2.121
-2.03
-1.758
-1.51
-1.354
-1.152
-0.846
-0.469
-0.118
0.186
0.447
0.66
0.823
0.866
0.762
0.597
0.485
0.44
0.374
0.338
0.451
0.728
1.089
1.461
1.722
1.86
2.071
2.456
2.851
3.142
3.4
3.718
4.067
4.323
4.43
4.477
4.568
4.598
4.457
4.228
4.112
4.171
4.287
4.448
4.693
4.974
5.312
5.7
6.02
6.226
6.383
6.553
6.748
6.9
6.993
7.031
6.989
6.873
6.841
6.995
7.147
7.043
6.88
7.086
7.678
8.145
8.093
7.608
7.088
6.757
6.465
5.972
5.482
5.543
6.192
6.721
6.594
6.179
5.95
5.607
4.686
3.438
2.347
1.463
0.762
0.49
0.651
0.862
0.946
1.08
1.245
1.109
0.646
0.236
-0.036
-0.44
-0.841
-0.996
-0.986
-0.973
-1.193
-1.819
-2.656
-3.239
-3.572
-4.148
-5.001
-5.569
-5.441
-4.931
-4.582
-4.552
-4.7
-4.899
-5.087
-5.328
-5.628
-5.725
-5.455
-4.99
-4.716
-4.75
-4.952
-5.237
-5.489
-5.519
-5.317
-5.042
-4.793
-4.505
-4.155
-3.949
-3.922
-3.829
-3.661
-3.513
-3.343
-3.119
-3.033
-3.121
-3.191
-3.069
-2.912
-2.953
-3.148
-3.309
-3.359
-3.246
-2.951
-2.5
-1.937
-1.268
-0.526
0.195
0.692
0.914
1.116
1.533
2.066
2.341
2.205
1.991
1.969
1.939
1.663
1.184
0.619
0.02
-0.431
-0.567
-0.422
-0.125
0.299
0.782
1.229
1.651
2.005
2.084
1.946
1.991
2.375
2.856
3.166
3.28
3.098
2.472
1.551
0.737
0.1
-0.628
-1.325
-1.619
-1.44
-1.041
-0.592
-0.122
0.367
0.889
1.388
1.608
1.442
1.198
0.993
0.696
0.308
-0.07
-0.503
-1.089
-1.722
-2.157
-2.513
-3.091
-3.767
-4.201
-4.364
-4.325
-4.092
-3.772
-3.459
-3.087
-2.54
-1.801
-1.082
-0.701
-0.703
-0.944
-1.247
-1.644
-2.295
-3.128
-3.86
-4.382
-4.711
-4.845
-4.791
-4.573
-4.26
-3.983
-3.858
-3.89
-4.026
-4.219
-4.593
-5.115
-5.412
-5.31
-5.144
-5.131
-5.151
-5.033
-4.777
-4.505
-4.328
-4.335
-4.428
-4.353
-4.026
-3.69
-3.502
-3.289
-2.924
-2.534
-2.293
-2.189
-2.202
-2.354
-2.631
-2.985
-3.434
-3.858
-4.037
-4.074
-4.135
-4.121
-3.813
-3.259
-2.708
-2.354
-2.175
-2.035
-1.878
-1.665
-1.497
-1.44
-1.402
-1.295
-1.179
-1.188
-1.286
-1.393
-1.533
-1.722
-1.896
-1.976
-1.966
-1.946
-1.942
-1.826
-1.544
-1.227
-1.066
-1.173
-1.449
-1.629
-1.669
-1.819
-2.166
-2.543
-2.744
-2.762
-2.74
-2.799
-2.833
-2.681
-2.313
-1.86
-1.538
-1.395
-1.325
-1.311
-1.327
-1.34
-1.388
-1.483
-1.535
-1.579
-1.717
-1.885
-1.985
-2.066
-2.236
-2.508
-2.724
-2.704
-2.443
-2.109
-1.898
-1.78
-1.647
-1.411
-1.163
-1.08
-1.125
-1.166
-1.132
-1.034
-0.952
-1.023
-1.318
-1.649
-1.762
-1.656
-1.535
-1.533
-1.483
-1.132
-0.535
-0.022
0.215
0.322
0.519
0.776
0.857
0.705
0.503
0.41
0.46
0.563
0.617
0.692
0.832
0.944
0.903
0.742
0.624
0.637
0.771
0.968
1.159
1.39
1.717
2.152
2.595
2.94
3.191
3.386
3.52
3.563
3.525
3.434
3.327
3.252
3.266
3.389
3.586
3.69
3.659
3.632
3.672
3.636
3.384
3.08
2.998
3.142
3.266
3.305
3.493
3.935
4.487
4.986
5.344
5.509
5.501
5.485
5.498
5.394
5.049
4.568
4.223
4.115
4.042
3.838
3.57
3.441
3.461
3.475
3.345
3.125
2.942
2.858
2.851
2.822
2.813
2.987
3.357
3.738
3.926
3.826
3.518
3.155
2.831
2.522
2.127
1.656
1.256
1.039
0.944
0.903
0.855
0.835
0.885
0.859
0.673
0.494
0.467
0.508
0.483
0.401
0.361
0.465
0.549
0.367
-0.059
-0.41
-0.553
-0.61
-0.73
-0.889
-0.975
-0.959
-0.837
-0.694
-0.639
-0.608
-0.429
-0.175
-0.059
-0.136
-0.329
-0.551
-0.69
-0.732
-0.78
-0.866
-0.966
-1.059
-1.12
-1.109
-1.082
-1.098
-1.129
-1.132
-1.093
-1.073
-1.089
-1.086
-0.993
-0.814
-0.698
-0.778
-0.982
-1.073
-1.036
-0.962
-0.95
-1.041
-1.177
-1.281
-1.327
-1.368
-1.399
-1.349
-1.2
-0.957
-0.694
-0.524
-0.465
-0.465
-0.587
-0.88
-1.207
-1.436
-1.606
-1.817
-2.021
-2.132
-2.157
-2.105
-1.942
-1.751
-1.622
-1.488
-1.359
-1.308
-1.259
-1.118
-1.009
-1.141
-1.381
-1.436
-1.297
-1.281
-1.629
-2.13
-2.388
-2.307
-2.166
-2.214
-2.472
-2.686
-2.629
-2.363
-2.173
-2.159
-2.08
-1.753
-1.322
-1.043
-0.98
-1.014
-1.05
-1.086
-1.22
-1.513
-1.824
-1.946
-1.891
-1.844
-1.803
-1.642
-1.374
-1.143
-1.018
-0.952
-0.873
-0.68
-0.381
-0.129
-0.095
-0.224
-0.358
-0.39
-0.426
-0.517
-0.635
-0.78
-0.923
-1.027
-1.007
-0.88
-0.848
-1.002
-1.1
-0.957
-0.701
-0.597
-0.73
-0.921
-0.93
-0.821
-0.841
-1.127
-1.479
-1.635
-1.574
-1.522
-1.619
-1.785
-1.778
-1.513
-1.17
-1.05
-1.159
-1.245
-1.254
-1.308
-1.39
-1.452
-1.608
-1.857
-2.087
-2.273
-2.445
-2.531
-2.556
-2.62
-2.735
-2.744
-2.515
-2.232
-2.039
-1.86
-1.633
-1.411
-1.27
-1.256
-1.349
-1.463
-1.551
-1.629
-1.712
-1.835
-2.08
-2.393
-2.57
-2.463
-2.273
-2.3
-2.463
-2.49
-2.268
-1.969
-1.855
-1.982
-2.055
-1.849
-1.501
-1.198
-0.998
-0.964
-0.984
-0.821
-0.535
-0.546
-0.885
-1.111
-0.984
-0.851
-1.043
-1.377
-1.486
-1.315
-1.105
-1.036
-1.089
-1.095
-0.986
-0.821
-0.771
-0.832
-0.912
-0.948
-0.898
-0.805
-0.769
-0.798
-0.817
-0.719
-0.571
-0.553
-0.694
-0.846
-0.95
-1.102
-1.379
-1.635
-1.776
-1.914
-2.118
-2.225
-2.118
-1.932
-1.855
-1.842
-1.767
-1.622
-1.515
-1.479
-1.422
-1.417
-1.533
-1.717
-1.833
-1.828
-1.842
-2.017
-2.282
-2.411
-2.354
-2.279
-2.32
-2.443
-2.559
-2.652
-2.704
-2.665
-2.5
-2.409
-2.484
-2.506
-2.284
-2.003
-1.928
-2.01
-2.091
-2.15
-2.277
-2.531
-2.842
-3.083
-3.246
-3.337
-3.327
-3.2
-3.019
-2.822
-2.595
-2.4
-2.361
-2.452
-2.456
-2.313
-2.159
-2.132
-2.241
-2.339
-2.241
-2.057
-2.055
-2.236
-2.35
-2.343
-2.368
-2.481
-2.463
-2.225
-1.98
-1.912
-1.948
-1.948
-1.839
-1.71
-1.708
-1.857
-2.007
-1.985
-1.794
-1.583
-1.486
-1.481
-1.415
-1.159
-0.753
-0.365
-0.247
-0.463
-0.76
-0.805
-0.68
-0.803
-1.236
-1.479
-1.027
-0.129
0.581
0.914
1.222
1.801
2.404
2.504
2.012
1.51
1.463
1.688
1.606
1.127
0.832
1.109
1.613
1.454
0.304
-0.803
-0.639
0.437
1.066
1.002
1.315
2.52
3.797
4.403
4.598
4.856
5.056
4.972
4.7
4.418
4.144
3.563
2.402
1.059
0.469
0.742
0.93
0.456
-0.07
0.263
1.563
2.924
3.321
2.79
2.49
3.232
4.282
4.366
3.552
2.998
3.203
3.364
2.708
1.54
0.782
0.676
0.556
-0.05
-0.61
-0.295
0.773
1.535
1.54
1.472
1.962
2.593
2.518
1.712
1.043
1.039
1.245
0.889
-0.002
-0.558
-0.147
0.619
0.594
-0.29
-0.873
-0.206
1.15
1.805
1.325
0.701
0.939
1.767
1.987
1.102
0.011
-0.322
-0.113
-0.159
-0.624
-1
-0.937
-0.701
-0.696
-0.898
-0.909
-0.544
-0.093
0.104
0.206
0.546
1.068
1.368
1.181
0.671
0.154
-0.168
-0.322
-0.59
-1.086
-1.533
-1.696
-1.726
-1.873
-2.125
-2.2
-1.857
-1.347
-0.973
-0.698
-0.315
0.222
0.626
0.592
0.24
0.029
0.056
0
-0.365
-0.88
-1.284
-1.583
-1.93
-2.384
-2.862
-3.212
-3.291
-3.13
-2.889
-2.692
-2.4
-1.798
-1.027
-0.447
-0.141
-0.05
-0.195
-0.506
-0.814
-1.046
-1.277
-1.613
-1.964
-2.134
-2.05
-1.921
-2.014
-2.309
-2.583
-2.681
-2.649
-2.617
-2.638
-2.554
-2.347
-2.22
-2.271
-2.182
-1.808
-1.458
-1.447
-1.703
-1.912
-1.917
-1.846
-1.864
-2.041
-2.245
-2.23
-1.964
-1.719
-1.651
-1.603
-1.402
-1.173
-1.177
-1.472
-1.851
-2.01
-1.987
-2.152
-2.629
-2.989
-2.767
-2.159
-1.803
-1.912
-2.01
-1.735
-1.281
-0.973
-0.871
-0.841
-0.726
-0.512
-0.39
-0.454
-0.549
-0.544
-0.526
-0.685
-0.989
-1.243
-1.361
-1.404
-1.476
-1.554
-1.47
-1.071
-0.465
0.002
0.188
0.304
0.49
0.649
0.676
0.605
0.542
0.522
0.494
0.429
0.388
0.404
0.388
0.252
0.009
-0.168
-0.172
-0.125
-0.131
-0.109
0.007
0.222
0.49
0.69
0.719
0.662
0.63
0.626
0.626
0.544
0.295
0
-0.177
-0.306
-0.526
-0.773
-0.864
-0.68
-0.385
-0.222
-0.138
0.018
0.215
0.313
0.242
0.095
-0.004
-0.034
-0.032
-0.022
-0.009
-0.022
0.002
0.079
-0.027
-0.397
-0.789
-0.934
-0.823
-0.653
-0.639
-0.726
-0.601
-0.2
0.177
0.249
0.147
0.177
0.433
0.671
0.673
0.553
0.546
0.651
0.71
0.626
0.524
0.565
0.728
0.837
0.848
0.932
1.216
1.554
1.681
1.499
1.207
1.025
0.914
0.721
0.531
0.517
0.678
0.841
0.835
0.63
0.336
0.093
-0.109
-0.347
-0.546
-0.519
-0.249
0.018
0.181
0.41
0.769
1.073
1.207
1.229
1.232
1.293
1.415
1.492
1.452
1.456
1.624
1.764
1.744
1.622
1.517
1.456
1.3
0.919
0.426
0.022
-0.281
-0.605
-0.919
-1.086
-1.02
-0.83
-0.724
-0.732
-0.651
-0.338
0.007
0.172
0.247
0.442
0.823
1.266
1.551
1.585
1.533
1.574
1.615
1.404
1
0.678
0.465
0.177
-0.211
-0.585
-0.805
-0.726
-0.488
-0.424
-0.546
-0.553
-0.347
-0.138
-0.048
0.029
0.097
0.093
0.009
-0.122
-0.247
-0.272
-0.222
-0.168
-0.041
0.202
0.46
0.624
0.658
0.628
0.608
0.68
0.875
1.061
1.08
0.964
0.88
0.903
0.848
0.522
-0.002
-0.515
-0.903
-1.143
-1.304
-1.49
-1.64
-1.626
-1.522
-1.47
-1.415
-1.261
-1.071
-0.998
-1.052
-1.05
-0.9
-0.662
-0.465
-0.447
-0.619
-0.701
-0.526
-0.327
-0.29
-0.317
-0.27
-0.202
-0.236
-0.349
-0.478
-0.63
-0.828
-1.025
-1.216
-1.322
-1.227
-1.054
-1.043
-1.229
-1.379
-1.449
-1.642
-2.084
-2.522
-2.606
-2.354
-2.084
-2.01
-1.962
-1.678
-1.136
-0.685
-0.619
-0.828
-0.923
-0.782
-0.669
-0.794
-0.968
-0.93
-0.728
-0.603
-0.644
-0.785
-0.957
-1.193
-1.544
-1.926
-2.159
-2.261
-2.472
-2.788
-2.951
-2.84
-2.593
-2.413
-2.413
-2.47
-2.411
-2.257
-2.155
-2.168
-2.148
-1.953
-1.674
-1.495
-1.39
-1.238
-0.975
-0.732
-0.673
-0.823
-1.1
-1.397
-1.715
-2.105
-2.474
-2.658
-2.688
-2.74
-2.928
-3.189
-3.327
-3.321
-3.357
-3.504
-3.579
-3.511
-3.393
-3.345
-3.425
-3.518
-3.391
-3.067
-2.754
-2.593
-2.543
-2.406
-2.059
-1.724
-1.74
-2.014
-2.127
-1.951
-1.846
-2.141
-2.556
-2.547
-2.132
-1.894
-2.057
-2.325
-2.35
-2.127
-2.053
-2.275
-2.504
-2.466
-2.236
-2.044
-1.937
-1.819
-1.678
-1.561
-1.535
-1.637
-1.701
-1.576
-1.352
-1.195
-1.123
-0.944
-0.581
-0.222
0
0.145
0.29
0.447
0.567
0.615
0.594
0.585
0.642
0.692
0.66
0.583
0.449
0.213
-0.014
-0.054
0.061
0.161
0.159
0.127
0.136
0.2
0.261
0.331
0.506
0.841
1.288
1.667
1.891
2.044
2.168
2.157
2.066
1.957
1.803
1.544
1.263
1.134
1.234
1.458
1.678
1.821
1.878
1.889
1.867
1.758
1.513
1.143
0.857
0.794
0.839
0.814
0.751
0.787
0.952
1.134
1.297
1.474
1.565
1.574
1.653
1.857
2.087
2.268
2.429
2.601
2.742
2.833
2.889
2.874
2.871
2.878
2.769
2.481
2.105
1.808
1.712
1.737
1.758
1.805
1.946
2.223
2.534
2.733
2.756
2.665
2.572
2.513
2.443
2.268
2.064
1.964
1.991
2.107
2.207
2.225
2.173
2.114
2.066
2.007
1.985
2.093
2.271
2.409
2.57
2.851
3.135
3.221
3.189
3.137
2.989
2.663
2.234
1.701
1.154
0.649
0.102
-0.597
-1.336
-1.78
-1.452
-0.404
0.585
1.002
1.159
1.592
2.184
2.298
1.74
1.247
1.826
3.348
4.496
4.609
4.548
5.208
5.965
5.607
4.083
2.443
1.61
1.624
1.857
1.835
1.79
2.366
3.391
3.702
2.708
1.313
0.73
1.025
1.354
1.252
1.198
1.767
2.799
3.5
3.357
2.71
2.411
2.697
2.958
2.797
2.59
2.915
3.575
3.958
3.904
3.647
3.355
3.11
2.769
2.166
1.551
1.331
1.497
1.665
1.517
1.173
0.798
0.376
0.109
0.261
0.646
0.98
1.22
1.397
1.626
1.91
2.105
2.141
2.03
1.937
2.037
2.114
1.946
1.891
2.307
2.933
3.18
2.826
2.363
2.298
2.459
2.422
1.996
1.388
0.984
0.916
0.975
0.88
0.653
0.585
0.846
1.259
1.613
1.876
2.137
2.466
2.645
2.522
2.357
2.432
2.756
3.269
3.813
4.223
4.491
4.702
4.979
5.294
5.471
5.405
5.142
4.797
4.573
4.616
4.793
4.929
4.967
4.983
5.053
5.117
5.065
4.877
4.675
4.657
4.906
5.287
5.673
6.097
6.544
6.961
7.406
7.875
8.329
8.631
8.61
8.402
8.277
8.288
8.356
8.377
8.34
8.381
8.49
8.538
8.375
7.995
7.676
7.517
7.313
6.909
6.306
5.748
5.548
5.67
5.757
5.666
5.639
5.956
6.421
6.555
6.269
5.931
5.829
5.893
5.927
5.893
5.979
6.199
6.356
6.292
6.068
5.859
5.625
5.135
4.242
3.157
2.279
1.905
1.839
1.671
1.399
1.354
1.617
1.942
2.071
2.023
1.951
1.853
1.658
1.336
0.939
0.651
0.619
0.662
0.492
0.143
-0.138
-0.197
-0.118
-0.113
-0.195
-0.227
-0.197
-0.125
-0.043
-0.009
0.079
0.274
0.483
0.531
0.345
-0.004
-0.408
-0.871
-1.374
-1.79
-2.171
-2.543
-2.699
-2.466
-1.982
-1.522
-1.247
-1.075
-0.814
-0.454
-0.179
-0.152
-0.29
-0.324
-0.091
0.229
0.329
0.236
0.102
-0.027
-0.2
-0.454
-0.751
-0.978
-1.061
-1.08
-1.105
-1.073
-0.873
-0.603
-0.483
-0.574
-0.653
-0.54
-0.327
-0.224
-0.338
-0.531
-0.608
-0.544
-0.524
-0.667
-0.946
-1.166
-1.173
-0.98
-0.676
-0.367
-0.107
-0.011
-0.204
-0.685
-1.216
-1.538
-1.742
-1.971
-2.18
-2.245
-2.132
-1.953
-1.889
-1.962
-2.1
-2.279
-2.493
-2.701
-2.797
-2.699
-2.486
-2.359
-2.357
-2.35
-2.32
-2.345
-2.363
-2.311
-2.325
-2.502
-2.722
-2.803
-2.744
-2.797
-3.005
-3.148
-3.073
-2.889
-2.688
-2.416
-2.078
-1.756
-1.565
-1.588
-1.801
-2.155
-2.567
-2.971
-3.266
-3.325
-3.137
-2.792
-2.386
-2.084
-1.912
-1.778
-1.608
-1.479
-1.504
-1.676
-1.719
-1.37
-0.8
-0.442
-0.404
-0.437
-0.419
-0.429
-0.587
-0.844
-1
-0.927
-0.676
-0.41
-0.206
-0.007
0.211
0.415
0.576
0.71
0.944
1.266
1.452
1.363
1.2
1.141
1.141
1.073
0.941
0.893
1.127
1.617
2.039
2.223
2.347
2.593
2.862
2.926
2.71
2.422
2.293
2.318
2.375
2.425
2.456
2.413
2.234
1.887
1.445
1.098
0.991
1.032
0.998
0.925
1
1.259
1.486
1.454
1.179
0.912
0.812
0.73
0.488
0.07
-0.306
-0.49
-0.553
-0.624
-0.764
-0.864
-0.789
-0.635
-0.644
-0.905
-1.256
-1.492
-1.671
-2.041
-2.642
-3.157
-3.316
-3.218
-3.155
-3.223
-3.277
-3.205
-3.105
-3.162
-3.368
-3.509
-3.443
-3.3
-3.21
-3.16
-3.123
-3.067
-3.015
-3.067
-3.259
-3.475
-3.604
-3.645
-3.713
-3.947
-4.251
-4.455
-4.516
-4.482
-4.316
-4.062
-3.795
-3.545
-3.214
-2.754
-2.32
-2.114
-2.2
-2.352
-2.339
-2.254
-2.325
-2.534
-2.654
-2.552
-2.309
-2.048
-1.796
-1.592
-1.461
-1.347
-1.211
-1.077
-1.052
-1.123
-1.064
-0.851
-0.73
-0.705
-0.558
-0.331
-0.183
-0.159
-0.091
0.145
0.454
0.692
0.887
1.147
1.465
1.681
1.678
1.544
1.495
1.64
1.855
1.964
1.942
1.851
1.774
1.683
1.497
1.256
1.066
1.012
1.123
1.247
1.259
1.25
1.386
1.653
1.837
1.812
1.719
1.706
1.699
1.66
1.556
1.386
1.241
1.154
1.057
0.812
0.463
0.1
-0.27
-0.567
-0.748
-0.905
-1.005
-0.93
-0.692
-0.46
-0.401
-0.528
-0.68
-0.862
-1.175
-1.565
-1.91
-2.186
-2.411
-2.565
-2.611
-2.586
-2.572
-2.574
-2.554
-2.536
-2.629
-2.806
-3.019
-3.275
-3.554
-3.747
-3.849
-3.92
-3.974
-4.001
-3.954
-3.892
-3.99
-4.228
-4.441
-4.552
-4.609
-4.641
-4.586
-4.421
-4.185
-3.94
-3.793
-3.797
-3.874
-3.965
-4.047
-4.128
-4.298
-4.555
-4.772
-4.918
-5.042
-5.162
-5.278
-5.328
-5.253
-5.065
-4.89
-4.809
-4.804
-4.775
-4.693
-4.555
-4.418
-4.38
-4.421
-4.428
-4.369
-4.323
-4.339
-4.366
-4.434
-4.575
-4.757
-4.884
-4.922
-4.942
-4.999
-4.983
-4.843
-4.672
-4.527
-4.428
-4.414
-4.471
-4.418
-4.212
-4.042
-4.062
-4.155
-4.106
-3.91
-3.713
-3.557
-3.475
-3.523
-3.597
-3.599
-3.581
-3.606
-3.588
-3.482
-3.357
-3.266
-3.223
-3.142
-2.94
-2.635
-2.343
-2.144
-2.035
-1.889
-1.66
-1.442
-1.42
-1.495
-1.465
-1.383
-1.434
-1.629
-1.842
-1.969
-1.953
-1.849
-1.726
-1.567
-1.374
-1.2
-1.018
-0.78
-0.483
-0.163
0.136
0.406
0.612
0.805
0.971
1.111
1.216
1.245
1.207
1.154
1.116
1.036
0.851
0.717
0.821
1.091
1.406
1.724
2.035
2.266
2.447
2.726
3.105
3.479
3.811
4.128
4.405
4.602
4.716
4.77
4.795
4.838
4.936
5.06
5.149
5.221
5.416
5.763
6.111
6.451
6.941
7.553
8.018
8.256
8.411
8.529
8.549
8.474
8.306
8.129
8.016
7.95
7.957
8.095
8.293
8.506
8.762
9.003
9.127
9.107
8.978
8.839
8.624
8.184
7.81
7.875
8.193
8.213
7.76
7.165
6.927
7.05
6.873
5.891
4.977
5.902
8.497
9.837
8.331
6.685
7.726
9.715
9.282
6.766
5.548
6.88
8.622
8.771
7.887
7.487
7.764
7.633
6.408
4.731
3.801
3.858
4.06
3.801
3.591
4.348
5.965
6.955
5.968
3.951
3.486
4.924
5.512
3.772
2.089
3.005
5.269
5.718
3.969
2.701
3.398
4.38
3.777
2.241
1.776
2.862
3.876
3.491
2.352
1.878
2.3
2.513
1.733
0.66
0.542
1.495
2.271
1.932
1.168
1.093
1.579
1.603
0.882
0.29
0.701
1.896
2.529
1.853
1.005
1.535
2.862
2.917
1.424
0.485
1.449
2.953
3.021
1.944
1.59
2.522
3.234
2.488
1.1
0.646
1.386
2.248
2.361
1.969
1.839
2.323
2.946
2.903
2.098
1.461
1.912
2.953
3.339
2.955
3.003
4.065
4.99
4.643
3.588
3.178
3.581
3.688
3.021
2.443
2.808
3.647
3.845
3.114
2.42
2.615
3.223
3.205
2.559
2.175
2.674
3.697
4.253
3.854
2.888
2.182
2.218
2.538
2.329
1.637
1.227
1.37
1.563
1.272
0.558
-0.041
-0.261
-0.351
-0.451
-0.338
0.045
0.234
-0.156
-0.719
-0.755
-0.381
-0.322
-0.828
-1.395
-1.47
-1.202
-1.286
-1.919
-2.658
-3.15
-3.477
-3.838
-4.246
-4.559
-4.648
-4.452
-4.065
-3.72
-3.468
-3.155
-2.869
-2.885
-3.252
-3.711
-3.947
-4.006
-4.192
-4.62
-4.997
-4.936
-4.584
-4.489
-4.763
-4.895
-4.643
-4.307
-4.214
-4.28
-4.201
-3.972
-3.831
-3.829
-3.829
-3.752
-3.534
-3.234
-2.98
-2.858
-2.915
-3.039
-3.221
-3.547
-3.985
-4.271
-4.216
-3.949
-3.761
-3.613
-3.194
-2.608
-2.257
-2.313
-2.47
-2.425
-2.214
-2.121
-2.186
-2.193
-2.066
-1.914
-1.894
-2.021
-2.243
-2.593
-3.03
-3.35
-3.361
-3.198
-3.096
-3.101
-3.067
-2.958
-2.803
-2.604
-2.413
-2.341
-2.339
-2.25
-2.096
-1.976
-1.937
-2.021
-2.103
-2.018
-1.844
-1.776
-1.844
-1.914
-1.878
-1.891
-2.05
-2.182
-2.225
-2.402
-2.726
-2.86
-2.692
-2.579
-2.767
-2.951
-2.772
-2.436
-2.279
-2.404
-2.722
-3.01
-3.103
-2.98
-2.722
-2.454
-2.259
-2
-1.626
-1.325
-1.227
-1.202
-1.046
-0.755
-0.501
-0.381
-0.24
0.022
0.12
-0.147
-0.512
-0.563
-0.345
-0.195
-0.163
-0.007
0.315
0.578
0.696
0.703
0.658
0.66
0.708
0.676
0.565
0.571
0.748
0.978
1.168
1.209
1.116
1.08
1.181
1.331
1.424
1.476
1.685
2.046
2.363
2.567
2.708
2.867
3.035
3.042
2.862
2.76
2.813
2.84
2.742
2.572
2.373
2.15
2.05
2.141
2.318
2.477
2.622
2.817
3.125
3.461
3.69
3.706
3.632
3.697
4.028
4.505
4.877
5.024
5.11
5.262
5.31
5.094
4.723
4.364
4.148
4.108
4.108
4.037
4.101
4.459
4.845
5.031
5.126
5.221
5.283
5.296
5.301
5.312
5.255
5.142
5.09
5.126
5.149
5.119
5.045
4.988
5.017
5.026
4.902
4.65
4.355
4.112
3.949
3.826
3.708
3.665
3.693
3.767
3.795
3.693
3.461
3.101
2.583
1.957
1.365
0.807
0.222
-0.37
-0.864
-1.218
-1.492
-1.613
-1.588
-1.603
-1.737
-1.794
-1.735
-1.635
-1.495
-1.302
-1.179
-1.163
-1.202
-1.349
-1.746
-2.275
-2.717
-3.087
-3.5
-3.856
-4.021
-4.112
-4.362
-4.702
-4.926
-4.983
-4.913
-4.757
-4.6
-4.493
-4.321
-4.017
-3.74
-3.674
-3.747
-3.679
-3.407
-3.135
-3.003
-3.042
-3.085
-2.917
-2.611
-2.461
-2.554
-2.547
-2.234
-1.898
-1.889
-2.023
-1.942
-1.626
-1.275
-1.084
-1.061
-1.105
-1.118
-1.068
-1.009
-0.909
-0.698
-0.388
-0.038
0.304
0.597
0.803
0.968
1.2
1.452
1.658
1.869
2.096
2.18
2.023
1.785
1.669
1.676
1.629
1.47
1.406
1.653
2.139
2.44
2.377
2.273
2.325
2.248
1.86
1.429
1.161
0.971
0.776
0.658
0.603
0.522
0.447
0.451
0.469
0.492
0.71
1.132
1.431
1.449
1.372
1.37
1.37
1.222
0.927
0.565
0.24
0.118
0.07
-0.263
-0.862
-1.336
-1.615
-1.964
-2.456
-2.826
-2.91
-2.826
-2.656
-2.398
-2.105
-1.876
-1.733
-1.712
-1.867
-2.152
-2.4
-2.531
-2.672
-2.892
-3.046
-3.03
-2.937
-2.912
-2.994
-3.114
-3.23
-3.318
-3.452
-3.693
-4.015
-4.289
-4.434
-4.602
-4.908
-5.206
-5.335
-5.271
-5.101
-4.892
-4.682
-4.543
-4.487
-4.389
-4.198
-3.992
-3.815
-3.699
-3.618
-3.502
-3.325
-3.166
-3.125
-3.132
-3.039
-2.935
-2.949
-3.039
-3.046
-2.94
-2.833
-2.758
-2.679
-2.676
-2.822
-2.94
-2.833
-2.583
-2.411
-2.325
-2.098
-1.735
-1.404
-1.229
-1.213
-1.288
-1.424
-1.565
-1.696
-1.846
-1.989
-2.028
-1.942
-1.767
-1.542
-1.383
-1.295
-1.27
-1.2
-1.052
-0.989
-1.091
-1.207
-1.216
-1.195
-1.281
-1.506
-1.821
-2.15
-2.373
-2.488
-2.581
-2.683
-2.735
-2.633
-2.445
-2.354
-2.418
-2.459
-2.361
-2.239
-2.207
-2.209
-2.141
-2.014
-1.942
-2.012
-2.087
-2.044
-1.928
-1.883
-1.942
-2.014
-2.012
-1.955
-1.946
-1.991
-2.003
-1.923
-1.762
-1.656
-1.658
-1.656
-1.601
-1.522
-1.476
-1.549
-1.798
-2.152
-2.484
-2.747
-2.889
-2.822
-2.613
-2.391
-2.078
-1.572
-0.959
-0.54
-0.413
-0.39
-0.304
-0.163
-0.113
-0.24
-0.463
-0.612
-0.583
-0.494
-0.531
-0.739
-1.059
-1.374
-1.526
-1.427
-1.15
-0.821
-0.51
-0.154
0.252
0.619
0.912
1.132
1.245
1.247
1.29
1.465
1.676
1.762
1.715
1.708
1.876
2.157
2.316
2.259
2.155
2.209
2.504
2.889
3.119
3.182
3.244
3.493
3.901
4.26
4.423
4.437
4.389
4.28
4.121
3.949
3.725
3.368
2.974
2.701
2.615
2.733
3.015
3.325
3.64
4.044
4.294
4.18
3.976
3.983
4.223
4.509
4.611
4.625
4.96
5.573
5.938
5.727
5.108
4.471
4.196
4.276
4.257
3.838
3.107
2.398
1.982
1.905
1.928
1.876
1.758
1.658
1.658
1.842
2.184
2.445
2.404
2.186
2.175
2.486
2.767
2.565
1.928
1.356
1.209
1.393
1.429
0.989
0.186
-0.478
-0.69
-0.512
-0.329
-0.526
-0.916
-0.984
-0.578
-0.077
0.183
0.095
-0.31
-0.76
-0.9
-0.746
-0.649
-0.814
-1.191
-1.619
-1.801
-1.597
-1.349
-1.472
-1.851
-2.13
-2.023
-1.601
-1.243
-1.234
-1.393
-1.381
-1.139
-0.905
-0.871
-1.007
-1.159
-1.177
-1.109
-1.277
-1.722
-2.064
-2.057
-1.939
-1.969
-2.157
-2.277
-2.259
-2.241
-2.243
-2.096
-1.794
-1.574
-1.551
-1.558
-1.361
-0.991
-0.785
-0.932
-1.247
-1.458
-1.417
-1.222
-1.168
-1.336
-1.619
-1.891
-2.017
-1.887
-1.712
-1.756
-1.93
-1.994
-1.857
-1.54
-1.175
-0.916
-0.862
-1.046
-1.209
-1.1
-0.955
-1.152
-1.651
-2.109
-2.259
-2.127
-2.053
-2.259
-2.567
-2.631
-2.323
-1.869
-1.622
-1.663
-1.726
-1.585
-1.256
-0.882
-0.603
-0.429
-0.218
0.104
0.376
0.367
-0.038
-0.676
-1.163
-1.302
-1.359
-1.706
-2.311
-2.878
-3.089
-2.808
-2.282
-1.873
-1.706
-1.615
-1.363
-0.959
-0.748
-0.857
-1.007
-0.98
-0.832
-0.676
-0.585
-0.574
-0.597
-0.696
-0.869
-0.98
-0.959
-0.914
-1.034
-1.465
-1.93
-2.114
-2.039
-1.83
-1.556
-1.311
-1.161
-1.073
-0.971
-0.887
-0.905
-0.996
-1.018
-1.048
-1.213
-1.388
-1.315
-1.134
-1.127
-1.236
-1.188
-0.952
-0.751
-0.794
-1.027
-1.179
-1.089
-0.916
-0.955
-1.093
-1.041
-0.812
-0.742
-0.946
-1.191
-1.27
-1.25
-1.243
-1.279
-1.336
-1.336
-1.25
-1.2
-1.261
-1.352
-1.37
-1.436
-1.671
-1.928
-1.96
-1.783
-1.656
-1.699
-1.678
-1.395
-0.957
-0.642
-0.59
-0.69
-0.771
-0.764
-0.737
-0.814
-1.005
-1.22
-1.436
-1.751
-2.053
-2.186
-2.134
-2.082
-2.105
-2.141
-2.025
-1.803
-1.676
-1.751
-1.869
-1.78
-1.381
-0.932
-0.853
-1.141
-1.408
-1.442
-1.429
-1.651
-2.087
-2.47
-2.629
-2.706
-2.867
-3.112
-3.325
-3.361
-3.205
-2.964
-2.726
-2.513
-2.354
-2.22
-2.03
-1.771
-1.474
-1.27
-1.343
-1.647
-1.889
-1.91
-1.849
-1.91
-2.171
-2.406
-2.284
-1.851
-1.549
-1.615
-1.839
-1.891
-1.735
-1.599
-1.629
-1.728
-1.798
-1.833
-1.867
-1.96
-2.08
-2.184
-2.305
-2.468
-2.581
-2.506
-2.22
-1.944
-1.885
-2.003
-2.025
-1.76
-1.374
-1.325
-1.671
-1.976
-2.007
-1.982
-2.2
-2.583
-2.867
-2.985
-3.049
-3.155
-3.241
-3.148
-2.899
-2.728
-2.724
-2.726
-2.631
-2.579
-2.762
-3.114
-3.357
-3.371
-3.28
-3.244
-3.327
-3.323
-3.003
-2.536
-2.359
-2.604
-2.849
-2.611
-2.048
-1.753
-1.96
-2.248
-2.15
-1.751
-1.579
-1.867
-2.309
-2.522
-2.461
-2.316
-2.291
-2.379
-2.452
-2.436
-2.273
-1.994
-1.681
-1.458
-1.334
-1.211
-1.02
-0.753
-0.456
-0.17
-0.018
-0.002
0.007
0.107
0.22
0.143
-0.122
-0.372
-0.406
-0.234
-0.016
0.122
0.213
0.361
0.583
0.875
1.188
1.434
1.563
1.64
1.708
1.774
1.776
1.676
1.52
1.481
1.692
1.982
2.191
2.354
2.572
2.774
2.878
3.015
3.214
3.275
3.119
3.033
3.176
3.361
3.343
3.196
3.103
3.101
3.057
2.917
2.754
2.633
2.522
2.477
2.522
2.574
2.624
2.722
2.824
2.826
2.758
2.783
2.878
2.867
2.658
2.309
1.951
1.683
1.497
1.295
1.034
0.882
0.916
0.973
0.887
0.83
1
1.254
1.388
1.442
1.52
1.569
1.476
1.216
0.934
0.728
0.492
0.129
-0.17
-0.317
-0.463
-0.717
-0.952
-0.957
-0.726
-0.392
-0.125
0.016
0.059
0.12
0.188
0.125
-0.045
-0.17
-0.238
-0.381
-0.61
-0.871
-1.098
-1.238
-1.356
-1.603
-1.878
-1.93
-1.756
-1.588
-1.61
-1.71
-1.61
-1.263
-0.996
-1.048
-1.22
-1.177
-0.962
-0.828
-0.862
-0.932
-0.925
-0.841
-0.76
-0.791
-0.941
-1.064
-1.077
-1.086
-1.191
-1.315
-1.361
-1.402
-1.544
-1.774
-1.935
-1.928
-1.862
-1.944
-2.139
-2.252
-2.146
-1.923
-1.796
-1.796
-1.728
-1.47
-1.186
-1.082
-1.064
-0.864
-0.506
-0.258
-0.274
-0.39
-0.342
-0.102
0.043
-0.068
-0.306
-0.503
-0.531
-0.449
-0.49
-0.748
-0.989
-1.025
-0.932
-0.903
-0.9
-0.773
-0.517
-0.292
-0.177
-0.113
-0.036
0.075
0.17
0.2
0.2
0.268
0.458
0.694
0.93
1.125
1.263
1.354
1.452
1.531
1.406
1.014
0.61
0.41
0.286
0.043
-0.306
-0.528
-0.474
-0.313
-0.29
-0.429
-0.526
-0.388
-0.125
-0.079
-0.263
-0.349
-0.145
0.159
0.304
0.256
0.177
0.136
0.022
-0.234
-0.615
-0.991
-1.25
-1.397
-1.551
-1.769
-1.937
-1.921
-1.688
-1.368
-1.125
-0.932
-0.717
-0.594
-0.612
-0.714
-0.862
-1.052
-1.234
-1.379
-1.531
-1.726
-1.928
-2.078
-2.15
-2.168
-2.093
-1.955
-1.833
-1.703
-1.492
-1.241
-1.054
-0.885
-0.608
-0.313
-0.265
-0.494
-0.746
-0.857
-0.873
-0.912
-1.043
-1.17
-1.145
-0.952
-0.728
-0.705
-0.853
-0.909
-0.853
-0.866
-0.998
-1.193
-1.383
-1.504
-1.481
-1.32
-1.177
-1.157
-1.134
-1.03
-0.898
-0.719
-0.467
-0.224
-0.048
0.134
0.361
0.553
0.619
0.667
0.782
0.882
0.855
0.732
0.576
0.399
0.209
0.027
-0.129
-0.218
-0.256
-0.279
-0.31
-0.365
-0.345
-0.19
0.138
0.626
1.059
1.225
1.216
1.259
1.284
1.093
0.762
0.578
0.692
0.916
0.966
0.739
0.474
0.372
0.254
0.034
-0.152
-0.247
-0.381
-0.658
-0.844
-0.762
-0.569
-0.44
-0.297
0.025
0.437
0.612
0.426
0.279
0.492
0.762
0.88
1.229
1.737
1.76
1.315
1.071
1.08
0.887
0.515
0.272
0.145
-0.029
-0.258
-0.488
-0.581
-0.553
-0.528
-0.488
-0.39
-0.254
0.027
0.299
0.238
0.079
0.408
1.098
1.603
1.699
1.508
1.268
1.147
1.052
0.578
-0.279
-0.905
-0.907
-0.676
-0.753
-1.082
-1.3
-1.259
-1.012
-0.662
-0.417
-0.295
0.073
0.753
1.238
1.308
1.334
1.49
1.47
1.2
0.914
0.578
0.234
0.161
0.231
0.107
-0.129
-0.143
0.1
0.447
0.73
0.9
1.052
1.256
1.513
1.839
2.073
2.166
2.207
2.087
1.796
1.531
1.281
0.932
0.508
0.107
-0.143
-0.245
-0.274
-0.211
-0.077
0.143
0.567
1.12
1.508
1.694
1.894
2.171
2.305
2.146
1.835
1.542
1.166
0.69
0.356
0.242
0.283
0.347
0.236
-0.093
-0.363
-0.408
-0.506
-0.848
-1.211
-1.209
-0.724
-0.073
0.329
0.429
0.463
0.594
0.769
0.73
0.354
-0.088
-0.399
-0.746
-1.207
-1.642
-1.964
-2.162
-2.307
-2.486
-2.534
-2.309
-1.966
-1.669
-1.547
-1.558
-1.368
-0.948
-0.696
-0.762
-0.887
-0.857
-0.782
-0.973
-1.436
-1.774
-1.803
-1.78
-2.096
-2.722
-3.187
-3.144
-2.883
-2.888
-3.135
-3.148
-2.679
-2.118
-1.928
-2.044
-2.073
-1.871
-1.615
-1.561
-1.658
-1.533
-1.109
-0.776
-0.923
-1.454
-1.894
-2.012
-2.066
-2.447
-3.028
-3.271
-3.033
-2.726
-2.613
-2.601
-2.511
-2.268
-2.01
-1.946
-2.023
-1.921
-1.588
-1.431
-1.617
-1.815
-1.69
-1.456
-1.47
-1.681
-1.815
-1.756
-1.663
-1.815
-2.191
-2.52
-2.713
-2.856
-2.983
-3.057
-2.928
-2.593
-2.243
-1.96
-1.656
-1.39
-1.256
-1.159
-0.927
-0.592
-0.497
-0.762
-1.127
-1.359
-1.565
-1.857
-2.132
-2.295
-2.375
-2.402
-2.411
-2.354
-2.209
-1.991
-1.717
-1.404
-1.102
-0.893
-0.848
-0.93
-0.996
-0.941
-0.9
-1.027
-1.166
-1.225
-1.311
-1.517
-1.758
-1.853
-1.692
-1.338
-0.927
-0.497
-0.075
0.202
0.283
0.252
0.24
0.238
0.2
0.211
0.345
0.417
0.2
-0.156
-0.363
-0.431
-0.535
-0.664
-0.708
-0.597
-0.302
0.115
0.451
0.68
0.927
1.227
1.483
1.592
1.706
1.985
2.236
2.248
2.144
2.082
1.996
1.805
1.617
1.488
1.402
1.452
1.683
1.98
2.159
2.164
2.216
2.416
2.572
2.477
2.268
2.186
2.334
2.615
2.79
2.79
2.831
3.042
3.262
3.293
3.178
3.137
3.291
3.495
3.577
3.611
3.69
3.731
3.625
3.366
3.114
3.017
3.087
3.176
3.112
2.953
3.01
3.366
3.661
3.545
3.262
3.291
3.591
3.747
3.647
3.532
3.504
3.416
3.196
2.862
2.474
2.132
1.969
1.88
1.703
1.565
1.681
1.889
1.844
1.706
1.842
2.23
2.518
2.645
2.783
2.933
3.028
3.139
3.087
2.642
2.08
1.833
1.824
1.563
0.964
0.431
0.249
0.229
0.1
-0.088
-0.141
0.095
0.499
0.782
0.866
1.036
1.454
1.901
2.078
1.994
1.948
2.098
2.313
2.381
2.254
2.112
2.137
2.275
2.202
1.776
1.259
1.025
1.007
0.891
0.628
0.399
0.397
0.558
0.56
0.345
0.247
0.49
0.882
1.116
1.107
1.136
1.445
1.853
2.017
1.903
1.787
1.91
2.114
2.037
1.699
1.522
1.71
2.003
1.987
1.592
1.259
1.325
1.599
1.671
1.422
1.179
1.293
1.656
1.805
1.572
1.313
1.318
1.429
1.427
1.345
1.44
1.91
2.474
2.735
2.708
2.79
3.103
3.341
3.214
2.842
2.674
2.806
2.915
2.817
2.64
2.581
2.794
3.11
3.23
3.169
3.273
3.665
4.047
4.126
3.999
4.055
4.437
4.777
4.745
4.396
4.155
4.271
4.469
4.373
4.117
4.121
4.443
4.657
4.541
4.337
4.443
4.843
5.135
5.035
4.825
4.956
5.376
5.639
5.539
5.335
5.374
5.714
6.072
6.185
6.16
6.312
6.664
6.846
6.619
6.299
6.396
6.83
7
6.691
6.331
6.267
6.356
6.219
5.793
5.467
5.532
5.825
5.916
5.7
5.509
5.675
5.999
6.09
5.893
5.741
5.875
6.136
6.245
6.133
5.963
5.999
6.183
6.074
5.546
5.02
4.892
5.008
4.938
4.693
4.688
5.047
5.38
5.34
5.056
4.915
5.031
5.151
5.038
4.727
4.418
4.244
4.13
3.926
3.661
3.425
3.248
3.137
3.073
2.994
2.892
2.853
2.944
3.008
2.851
2.647
2.552
2.409
2.114
1.908
1.962
2.048
1.837
1.461
1.225
1.116
0.986
0.8
0.585
0.363
0.204
0.141
0.122
0.068
-0.034
-0.131
-0.204
-0.227
-0.27
-0.424
-0.571
-0.585
-0.601
-0.678
-0.628
-0.392
-0.188
-0.143
-0.113
0.02
0.075
-0.102
-0.374
-0.594
-0.762
-0.984
-1.336
-1.758
-2.053
-2.148
-2.214
-2.395
-2.601
-2.645
-2.513
-2.293
-2.073
-1.944
-1.867
-1.685
-1.354
-1.059
-1.036
-1.359
-1.71
-1.83
-1.891
-2.13
-2.54
-2.971
-3.269
-3.323
-3.273
-3.287
-3.325
-3.223
-2.958
-2.742
-2.62
-2.518
-2.409
-2.266
-2.118
-2.109
-2.325
-2.608
-2.788
-2.894
-3.069
-3.189
-3.166
-3.112
-3.105
-3.155
-3.196
-3.135
-2.946
-2.72
-2.552
-2.45
-2.334
-2.196
-2.152
-2.302
-2.574
-2.765
-2.817
-2.831
-2.899
-3.049
-3.166
-3.13
-2.953
-2.756
-2.549
-2.241
-1.951
-1.742
-1.495
-1.181
-0.932
-0.803
-0.724
-0.687
-0.737
-0.905
-1.173
-1.456
-1.608
-1.558
-1.361
-1.145
-0.996
-0.896
-0.737
-0.522
-0.32
-0.195
-0.125
-0.016
0.188
0.367
0.374
0.286
0.249
0.234
0.181
0.088
-0.043
-0.2
-0.29
-0.236
-0.102
0.043
0.224
0.488
0.839
1.204
1.368
1.12
0.732
0.687
0.866
0.714
0.177
-0.086
0.315
0.844
0.794
0.41
0.401
0.925
1.497
1.663
1.497
1.456
1.678
1.728
1.368
0.771
0.395
0.519
0.753
0.385
-0.503
-1.102
-0.848
-0.156
-0.045
-0.646
-1.002
-0.603
-0.034
0.159
0.102
0.247
0.755
1.247
1.279
0.796
0.075
-0.567
-1.02
-1.404
-1.798
-2.162
-2.445
-2.747
-3.255
-3.854
-4.16
-3.976
-3.518
-3.132
-2.871
-2.454
-1.908
-1.651
-1.867
-2.218
-2.293
-2.112
-2.017
-2.239
-2.697
-3.196
-3.629
-3.994
-4.296
-4.348
-4.053
-3.629
-3.416
-3.35
-3.132
-2.715
-2.4
-2.309
-2.22
-2.025
-1.824
-1.722
-1.889
-2.332
-2.683
-2.667
-2.359
-2.1
-2.184
-2.339
-2.141
-1.778
-1.642
-1.73
-1.706
-1.308
-0.692
-0.265
-0.204
-0.304
-0.306
-0.183
-0.061
0.032
0.068
0.102
0.256
0.433
0.401
0.222
0.086
0.018
-0.068
-0.179
-0.261
-0.224
0.014
0.308
0.528
0.732
1.036
1.386
1.635
1.681
1.572
1.633
1.923
2.137
2.064
1.792
1.54
1.44
1.42
1.263
1.009
0.825
0.803
0.882
0.891
0.694
0.374
0.186
0.258
0.44
0.437
0.274
0.218
0.308
0.322
0.163
-0.109
-0.336
-0.442
-0.544
-0.671
-0.724
-0.726
-0.73
-0.737
-0.828
-1.105
-1.504
-1.878
-2.103
-2.248
-2.49
-2.792
-2.908
-2.767
-2.529
-2.438
-2.549
-2.674
-2.658
-2.586
-2.64
-2.892
-3.139
-3.155
-2.992
-2.896
-2.987
-3.137
-3.125
-2.889
-2.697
-2.813
-3.071
-3.114
-2.908
-2.799
-2.983
-3.182
-3.101
-2.849
-2.722
-2.767
-2.81
-2.774
-2.697
-2.765
-3.003
-3.169
-3.13
-3.049
-3.03
-3.012
-2.933
-2.749
-2.522
-2.363
-2.268
-2.141
-1.91
-1.671
-1.71
-2.025
-2.277
-2.236
-2.075
-2.15
-2.536
-2.881
-3.012
-3.101
-3.287
-3.523
-3.618
-3.602
-3.629
-3.752
-3.879
-3.935
-3.979
-4.076
-4.192
-4.16
-4.003
-3.901
-3.94
-4.053
-4.119
-4.106
-4.065
-4.085
-4.205
-4.382
-4.487
-4.518
-4.618
-4.829
-5.067
-5.28
-5.444
-5.652
-5.999
-6.322
-6.38
-6.224
-6.068
-6.002
-5.945
-5.827
-5.684
-5.503
-5.278
-5.079
-4.986
-4.97
-4.911
-4.781
-4.772
-4.865
-4.761
-4.394
-4.037
-3.888
-3.865
-3.731
-3.438
-3.135
-2.865
-2.665
-2.617
-2.726
-2.858
-2.96
-3.01
-3.039
-3.039
-2.949
-2.683
-2.318
-1.969
-1.658
-1.402
-1.247
-1.118
-0.782
-0.29
0.084
0.242
0.37
0.599
0.971
1.338
1.556
1.635
1.701
1.83
1.953
1.96
1.917
1.962
2.155
2.379
2.574
2.754
2.94
3.116
3.316
3.622
3.969
4.194
4.291
4.452
4.777
5.074
5.172
5.246
5.537
5.952
6.292
6.535
6.791
7.093
7.351
7.506
7.639
7.848
8.012
8.086
8.182
8.354
8.57
8.801
8.951
8.959
8.912
8.982
9.166
9.275
9.205
9.155
9.3
9.527
9.631
9.568
9.397
9.332
9.479
9.64
9.604
9.481
9.434
9.434
9.339
9.103
8.878
8.801
8.769
8.624
8.481
8.495
8.583
8.544
8.259
7.832
7.58
7.585
7.599
7.469
7.281
7.15
7.136
7.188
7.09
6.668
6.097
5.691
5.469
5.181
4.741
4.319
4.106
4.006
3.781
3.441
3.216
3.205
3.216
3.06
2.822
2.701
2.697
2.633
2.463
2.339
2.305
2.273
2.118
1.826
1.481
1.211
1.093
1.059
1.036
1.014
1.084
1.277
1.397
1.259
0.982
0.823
0.841
0.912
0.916
0.844
0.755
0.649
0.478
0.31
0.37
0.599
0.678
0.624
0.787
1.232
1.522
1.39
1.263
1.606
2.207
2.54
2.484
2.373
2.481
2.738
2.842
2.728
2.617
2.726
3.042
3.325
3.436
3.434
3.454
3.593
3.835
4.033
4.099
4.16
4.303
4.391
4.319
4.316
4.668
5.165
5.38
5.278
5.203
5.414
5.65
5.523
5.178
5.074
5.299
5.487
5.444
5.333
5.389
5.53
5.516
5.355
5.217
5.142
5.094
5.06
4.945
4.784
4.672
4.564
4.323
3.931
3.557
3.3
3.015
2.629
2.211
1.837
1.59
1.374
1.02
0.612
0.356
0.304
0.197
-0.034
-0.141
-0.036
0.05
-0.05
-0.317
-0.594
-0.791
-0.978
-1.318
-1.824
-2.291
-2.642
-2.985
-3.418
-3.901
-4.273
-4.487
-4.65
-4.815
-5.045
-5.296
-5.485
-5.541
-5.435
-5.244
-5.135
-5.117
-5.067
-4.952
-4.836
-4.822
-4.865
-4.825
-4.7
-4.634
-4.741
-4.947
-5.101
-5.165
-5.079
-4.858
-4.686
-4.672
-4.654
-4.509
-4.389
-4.4
-4.466
-4.539
-4.618
-4.596
-4.394
-4.158
-4.089
-4.14
-4.176
-4.167
-4.117
-4.006
-3.852
-3.579
-3.162
-2.726
-2.45
-2.32
-2.159
-1.889
-1.633
-1.399
-1.132
-0.859
-0.637
-0.512
-0.512
-0.576
-0.563
-0.451
-0.374
-0.392
-0.39
-0.32
-0.29
-0.422
-0.705
-1.002
-1.157
-1.177
-1.325
-1.787
-2.35
-2.686
-2.781
-2.942
-3.275
-3.529
-3.466
-3.166
-2.881
-2.699
-2.52
-2.164
-1.696
-1.347
-1.191
-1.075
-0.919
-0.832
-0.853
-0.905
-1.014
-1.297
-1.701
-2.069
-2.368
-2.599
-2.799
-3.137
-3.661
-4.133
-4.26
-4.146
-4.078
-4.076
-3.965
-3.715
-3.393
-3.021
-2.726
-2.665
-2.642
-2.411
-2.041
-1.753
-1.549
-1.349
-1.177
-0.966
-0.708
-0.571
-0.61
-0.646
-0.571
-0.483
-0.465
-0.478
-0.467
-0.451
-0.546
-0.735
-0.855
-0.869
-0.889
-1.02
-1.236
-1.347
-1.263
-1.207
-1.307
-1.361
-1.127
-0.644
-0.125
0.286
0.563
0.812
1.161
1.551
1.792
1.819
1.71
1.592
1.563
1.531
1.402
1.247
1.2
1.266
1.42
1.558
1.622
1.706
1.896
2.184
2.456
2.686
2.869
3.06
3.266
3.454
3.593
3.756
4.047
4.437
4.813
5.104
5.439
6.006
6.603
6.571
5.657
5.058
5.9
7.183
7.116
6.129
6.451
8.585
10.221
9.35
7.172
6.403
7.526
8.379
7.045
4.518
3.67
5.405
7.317
7.013
5.385
5.106
6.641
7.887
7.34
5.993
5.641
6.739
8.018
7.903
6.725
6.392
7.41
7.903
6.646
4.956
4.65
5.437
5.573
4.421
3.005
2.611
3.4
4.001
3.13
1.549
0.98
1.513
1.603
0.546
-0.535
-0.556
-0.066
-0.104
-0.739
-1.329
-1.361
-1.08
-1.184
-1.982
-2.876
-3.08
-2.797
-2.958
-3.829
-4.505
-4.303
-3.693
-3.482
-3.772
-3.99
-3.611
-3.017
-3.089
-3.917
-4.425
-4.096
-3.865
-4.57
-5.673
-6.145
-5.818
-5.34
-5.491
-6.253
-6.623
-5.997
-5.119
-5.099
-5.662
-5.641
-4.822
-4.112
-3.979
-4.101
-4.042
-3.591
-2.91
-2.495
-2.588
-2.749
-2.552
-2.252
-2.259
-2.413
-2.298
-1.942
-1.803
-1.982
-2.048
-1.688
-1.05
-0.612
-0.635
-0.855
-0.685
0
0.576
0.442
-0.088
-0.308
-0.041
0.324
0.463
0.324
0.206
0.567
1.417
2.152
2.44
2.642
3.046
3.357
3.121
2.425
1.796
1.522
1.531
1.538
1.465
1.556
1.948
2.318
2.339
2.098
1.808
1.52
1.25
1.012
0.748
0.551
0.583
0.782
0.941
0.952
0.962
1.082
1.084
0.746
0.141
-0.424
-0.601
-0.463
-0.44
-0.678
-0.76
-0.379
0.113
0.313
0.204
0.081
0.125
0.154
-0.172
-0.941
-1.796
-2.216
-2.211
-2.343
-2.813
-3.23
-3.298
-3.189
-3.248
-3.52
-3.763
-3.761
-3.432
-3.103
-3.173
-3.414
-3.287
-2.876
-2.649
-2.742
-2.987
-3.244
-3.523
-3.849
-4.203
-4.505
-4.661
-4.589
-4.423
-4.403
-4.48
-4.477
-4.464
-4.573
-4.7
-4.799
-4.847
-4.784
-4.634
-4.505
-4.412
-4.208
-3.997
-4.017
-4.237
-4.382
-4.276
-4.103
-4.106
-4.192
-4.085
-3.725
-3.284
-2.992
-2.803
-2.522
-2.137
-1.896
-1.903
-1.962
-1.98
-1.946
-1.93
-2.112
-2.529
-2.876
-2.869
-2.647
-2.588
-2.772
-2.858
-2.536
-2.01
-1.767
-1.982
-2.273
-2.273
-2.091
-2.087
-2.252
-2.196
-1.778
-1.417
-1.377
-1.377
-1.118
-0.676
-0.388
-0.485
-0.837
-1.195
-1.368
-1.431
-1.663
-2.075
-2.393
-2.49
-2.508
-2.613
-2.697
-2.54
-2.125
-1.74
-1.653
-1.753
-1.767
-1.647
-1.597
-1.663
-1.649
-1.481
-1.331
-1.302
-1.356
-1.404
-1.343
-1.29
-1.463
-1.815
-2.182
-2.468
-2.656
-2.765
-2.785
-2.681
-2.409
-1.982
-1.565
-1.352
-1.297
-1.195
-1.034
-1.002
-1.225
-1.574
-1.749
-1.667
-1.619
-1.78
-1.98
-1.978
-1.683
-1.308
-1.191
-1.334
-1.434
-1.318
-1.136
-1.061
-1.057
-0.898
-0.512
-0.068
0.175
0.197
0.231
0.424
0.544
0.422
0.206
0.122
0.245
0.497
0.683
0.762
0.975
1.44
1.873
2.055
2.014
1.891
1.801
1.796
1.839
1.864
1.86
1.957
2.189
2.398
2.511
2.536
2.502
2.638
3.01
3.414
3.763
4.115
4.509
4.902
5.203
5.355
5.342
5.192
4.895
4.448
3.987
3.643
3.479
3.568
3.77
3.833
3.759
3.845
4.155
4.439
4.591
4.736
4.899
5.058
5.144
5.108
4.947
4.84
4.827
4.729
4.518
4.36
4.269
4.044
3.695
3.441
3.4
3.472
3.488
3.309
3.01
2.833
2.881
2.922
2.722
2.45
2.359
2.386
2.257
1.842
1.266
0.762
0.465
0.247
0.032
-0.088
0.048
0.413
0.773
0.962
1.08
1.272
1.47
1.501
1.256
0.787
0.299
-0.018
-0.333
-0.921
-1.726
-2.398
-2.713
-2.835
-2.953
-3.033
-2.944
-2.69
-2.413
-2.205
-2.069
-1.855
-1.574
-1.434
-1.486
-1.472
-1.295
-1.293
-1.622
-1.96
-2
-1.935
-2.08
-2.37
-2.601
-2.661
-2.57
-2.445
-2.395
-2.391
-2.277
-2.078
-1.955
-2.055
-2.268
-2.37
-2.311
-2.186
-2.134
-2.279
-2.486
-2.488
-2.259
-2.012
-1.912
-1.837
-1.631
-1.383
-1.207
-1.077
-0.982
-1.014
-1.129
-1.263
-1.404
-1.588
-1.787
-1.932
-2.01
-2.046
-2.1
-2.159
-2.098
-1.953
-1.926
-1.989
-1.919
-1.64
-1.404
-1.406
-1.535
-1.554
-1.393
-1.263
-1.374
-1.629
-1.812
-1.826
-1.751
-1.756
-1.908
-2.005
-1.839
-1.538
-1.347
-1.325
-1.325
-1.284
-1.193
-1.107
-1.139
-1.234
-1.268
-1.272
-1.334
-1.472
-1.572
-1.524
-1.495
-1.719
-2.059
-2.191
-1.96
-1.606
-1.44
-1.408
-1.229
-0.853
-0.478
-0.306
-0.279
-0.254
-0.29
-0.463
-0.696
-0.896
-1.066
-1.209
-1.261
-1.161
-0.93
-0.701
-0.553
-0.54
-0.637
-0.696
-0.637
-0.626
-0.805
-1.043
-1.109
-0.989
-0.9
-0.966
-1.1
-1.107
-0.864
-0.556
-0.476
-0.615
-0.701
-0.603
-0.456
-0.44
-0.576
-0.621
-0.406
-0.048
0.159
0.063
-0.186
-0.333
-0.385
-0.54
-0.823
-1.032
-1.009
-0.914
-0.998
-1.229
-1.325
-1.211
-1.064
-1.098
-1.123
-0.944
-0.701
-0.66
-0.907
-1.286
-1.47
-1.37
-1.272
-1.345
-1.551
-1.74
-1.778
-1.751
-1.774
-1.844
-1.937
-1.971
-1.898
-1.833
-1.86
-1.919
-1.885
-1.778
-1.742
-1.767
-1.733
-1.671
-1.699
-1.79
-1.894
-1.96
-1.976
-2.041
-2.175
-2.243
-2.184
-2.178
-2.343
-2.547
-2.59
-2.513
-2.445
-2.37
-2.234
-2.053
-1.81
-1.556
-1.411
-1.434
-1.551
-1.676
-1.812
-1.896
-1.83
-1.71
-1.708
-1.835
-1.937
-1.957
-1.88
-1.826
-1.919
-2.125
-2.236
-2.168
-2.037
-2.05
-2.175
-2.2
-2.062
-1.855
-1.663
-1.508
-1.377
-1.241
-1.077
-0.993
-1.093
-1.32
-1.504
-1.592
-1.633
-1.685
-1.769
-1.817
-1.785
-1.676
-1.579
-1.583
-1.66
-1.663
-1.576
-1.572
-1.742
-1.96
-2.107
-2.196
-2.279
-2.386
-2.531
-2.695
-2.794
-2.769
-2.697
-2.633
-2.529
-2.302
-2.014
-1.86
-1.953
-2.211
-2.447
-2.504
-2.425
-2.354
-2.345
-2.361
-2.357
-2.341
-2.411
-2.599
-2.774
-2.783
-2.658
-2.49
-2.329
-2.273
-2.191
-1.853
-1.538
-1.647
-1.712
-1.127
-0.272
-0.113
-0.751
-1.288
-1.383
-1.66
-2.556
-3.584
-4.092
-3.947
-3.382
-2.815
-2.538
-2.352
-1.921
-1.34
-1.023
-1.143
-1.463
-1.626
-1.411
-1.127
-1.238
-1.465
-1.2
-0.673
-0.592
-0.964
-1.195
-1.129
-1.234
-1.544
-1.563
-1.129
-0.644
-0.399
-0.361
-0.363
-0.286
-0.193
-0.177
-0.227
-0.179
0.036
0.297
0.413
0.356
0.261
0.242
0.356
0.59
0.887
1.181
1.427
1.708
2.032
2.18
2.109
2.152
2.409
2.561
2.49
2.554
2.883
3.055
2.788
2.343
2.114
2.1
2.032
1.835
1.778
2.082
2.556
2.906
3.173
3.373
3.423
3.287
3.067
2.856
2.681
2.64
2.844
3.148
3.309
3.311
3.321
3.352
3.259
2.96
2.563
2.266
2.087
1.817
1.438
1.188
1.175
1.259
1.259
1.107
0.837
0.628
0.608
0.791
1.095
1.434
1.694
1.798
1.837
1.839
1.688
1.354
0.975
0.717
0.621
0.528
0.288
-0.032
-0.397
-0.812
-1.168
-1.259
-1.089
-0.944
-1.002
-1.086
-1.005
-0.866
-0.837
-0.839
-0.751
-0.592
-0.39
-0.19
-0.077
-0.113
-0.252
-0.51
-0.93
-1.37
-1.685
-1.864
-1.951
-1.903
-1.769
-1.617
-1.434
-1.209
-1.057
-1.186
-1.49
-1.579
-1.44
-1.463
-1.724
-1.932
-1.842
-1.549
-1.315
-1.279
-1.279
-1.068
-0.785
-0.732
-0.934
-1.141
-1.086
-0.837
-0.771
-0.952
-1.05
-0.986
-0.909
-0.948
-1.147
-1.395
-1.429
-1.175
-0.912
-0.905
-1.039
-0.944
-0.569
-0.263
-0.209
-0.24
-0.17
-0.066
-0.066
-0.22
-0.417
-0.558
-0.68
-0.889
-1.023
-0.968
-0.891
-0.955
-1.086
-1.163
-1.145
-0.991
-0.755
-0.535
-0.315
-0.018
0.354
0.626
0.698
0.673
0.705
0.694
0.483
0.045
-0.444
-0.719
-0.744
-0.735
-0.832
-0.862
-0.78
-0.705
-0.673
-0.61
-0.526
-0.431
-0.276
-0.127
-0.052
-0.1
-0.234
-0.315
-0.249
-0.068
0.091
0.091
-0.063
-0.138
-0.034
0.038
-0.061
-0.183
-0.181
-0.054
0.029
-0.102
-0.331
-0.437
-0.442
-0.429
-0.385
-0.356
-0.39
-0.481
-0.694
-0.966
-1.105
-0.978
-0.633
-0.324
-0.206
-0.093
0.249
0.601
0.644
0.358
0.061
0.056
0.202
0.131
-0.12
-0.229
-0.168
-0.186
-0.361
-0.576
-0.744
-0.844
-0.873
-0.912
-0.925
-0.794
-0.526
-0.195
0
-0.036
-0.147
-0.136
-0.109
-0.279
-0.546
-0.678
-0.646
-0.624
-0.782
-0.932
-0.807
-0.535
-0.494
-0.737
-0.919
-0.742
-0.363
-0.188
-0.265
-0.322
-0.163
0.059
0.102
-0.141
-0.444
-0.488
-0.268
-0.12
-0.156
-0.193
-0.091
0.088
0.193
0.172
0.179
0.304
0.458
0.512
0.497
0.54
0.619
0.565
0.317
0.154
0.256
0.39
0.336
0.183
0.177
0.376
0.619
0.587
0.31
0.179
0.306
0.469
0.426
0.263
0.227
0.483
0.803
0.798
0.442
0.022
-0.234
-0.379
-0.506
-0.556
-0.492
-0.358
-0.149
0.056
0.091
0.036
0.043
0.05
0.018
0.016
0.05
0.045
-0.1
-0.415
-0.694
-0.803
-0.796
-0.882
-1.111
-1.272
-1.157
-0.814
-0.465
-0.22
0.05
0.437
0.817
0.982
0.864
0.617
0.46
0.46
0.499
0.381
0.104
-0.186
-0.361
-0.515
-0.728
-0.869
-0.796
-0.576
-0.365
-0.215
-0.12
-0.068
0.007
0.177
0.32
0.356
0.492
0.821
1.093
1.095
0.927
0.841
0.739
0.331
-0.299
-0.807
-0.991
-0.916
-0.794
-0.685
-0.531
-0.27
0.097
0.44
0.639
0.639
0.546
0.56
0.721
0.875
0.862
0.687
0.478
0.349
0.331
0.39
0.365
0.161
-0.034
-0.091
-0.066
-0.002
0.084
0.156
0.172
0.147
0.154
0.229
0.395
0.637
0.844
0.896
0.785
0.603
0.46
0.374
0.215
-0.05
-0.17
-0.027
0.118
0.073
-0.054
-0.054
0.059
0.159
0.195
0.24
0.331
0.481
0.687
0.864
1.02
1.109
1.052
0.848
0.617
0.408
0.147
-0.224
-0.583
-0.739
-0.721
-0.758
-0.955
-1.168
-1.307
-1.438
-1.574
-1.61
-1.517
-1.422
-1.393
-1.363
-1.286
-1.186
-1.082
-0.973
-0.837
-0.669
-0.542
-0.494
-0.51
-0.581
-0.685
-0.753
-0.762
-0.878
-1.145
-1.442
-1.656
-1.776
-1.885
-1.942
-1.932
-1.935
-1.991
-2.057
-2.109
-2.112
-2.082
-2.1
-2.073
-1.808
-1.415
-1.213
-1.281
-1.399
-1.365
-1.232
-1.163
-1.227
-1.343
-1.311
-1.111
-1.027
-1.247
-1.535
-1.626
-1.542
-1.499
-1.676
-1.978
-2.159
-2.178
-2.25
-2.527
-2.826
-2.958
-2.955
-2.94
-2.953
-2.93
-2.842
-2.713
-2.679
-2.649
-2.454
-2.186
-2.127
-2.323
-2.556
-2.613
-2.588
-2.701
-2.922
-3.01
-2.844
-2.593
-2.511
-2.665
-2.794
-2.654
-2.391
-2.273
-2.345
-2.381
-2.159
-1.815
-1.653
-1.78
-2.005
-2.082
-2.023
-2.073
-2.384
-2.758
-2.922
-2.86
-2.797
-2.762
-2.554
-2.123
-1.665
-1.252
-0.814
-0.32
0.202
0.619
0.878
1.002
1.005
0.88
0.705
0.492
0.17
-0.206
-0.478
-0.535
-0.537
-0.612
-0.655
-0.499
-0.163
0.195
0.442
0.655
0.955
1.295
1.526
1.647
1.801
1.964
1.969
1.81
1.563
1.356
1.247
1.154
0.993
0.891
1.016
1.379
1.751
1.93
1.955
2.032
2.268
2.527
2.561
2.44
2.37
2.416
2.429
2.223
1.864
1.629
1.551
1.463
1.293
1.177
1.125
1.057
0.959
0.891
0.914
1.071
1.393
1.722
1.939
2.116
2.311
2.406
2.277
2.018
1.769
1.649
1.629
1.454
1.005
0.599
0.633
0.968
1.114
0.916
0.851
1.286
1.889
2.025
1.671
1.365
1.506
1.762
