Unnamed: 3
Value
-1.529
-1.54
-1.552
-1.59
-1.651
-1.701
-1.728
-1.74
-1.713
-1.638
-1.585
-1.61
-1.633
-1.579
-1.508
-1.508
-1.552
-1.583
-1.576
-1.59
-1.635
-1.638
-1.595
-1.565
-1.556
-1.54
-1.536
-1.531
-1.536
-1.536
-1.504
-1.452
-1.422
-1.452
-1.504
-1.531
-1.522
-1.504
-1.488
-1.486
-1.499
-1.508
-1.474
-1.397
-1.356
-1.42
-1.483
-1.452
-1.381
-1.37
-1.427
-1.483
-1.454
-1.37
-1.286
-1.268
-1.286
-1.316
-1.32
-1.297
-1.272
-1.259
-1.295
-1.334
-1.318
-1.257
-1.247
-1.286
-1.3
-1.245
-1.145
-1.061
-1.066
-1.159
-1.25
-1.275
-1.227
-1.136
-1.098
-1.136
-1.175
-1.139
-1.082
-1.093
-1.143
-1.191
-1.218
-1.225
-1.216
-1.218
-1.266
-1.311
-1.316
-1.234
-1.121
-1.055
-1.05
-1.028
-1
-0.98
-1
-1.066
-1.148
-1.207
-1.241
-1.236
-1.184
-1.157
-1.184
-1.159
-1.037
-0.912
-0.88
-0.925
-0.957
-0.95
-0.935
-0.935
-0.937
-0.987
-1.066
-1.118
-1.105
-1.08
-1.098
-1.157
-1.175
-1.077
-0.969
-0.948
-0.989
-0.998
-0.95
-0.9
-0.871
-0.871
-0.88
-0.907
-0.919
-0.907
-0.885
-0.914
-0.964
-0.993
-0.966
-0.889
-0.807
-0.773
-0.764
-0.712
-0.665
-0.683
-0.726
-0.739
-0.76
-0.769
-0.699
-0.587
-0.544
-0.562
-0.599
-0.612
-0.594
-0.615
-0.708
-0.776
-0.769
-0.71
-0.667
-0.671
-0.674
-0.608
-0.517
-0.445
-0.381
-0.34
-0.365
-0.429
-0.435
-0.411
-0.433
-0.492
-0.515
-0.519
-0.51
-0.481
-0.438
-0.426
-0.433
-0.381
-0.304
-0.274
-0.306
-0.331
-0.347
-0.37
-0.333
-0.252
-0.238
-0.274
-0.279
-0.268
-0.288
-0.363
-0.458
-0.492
-0.465
-0.438
-0.42
-0.415
-0.415
-0.361
-0.265
-0.193
-0.147
-0.118
-0.138
-0.186
-0.211
-0.225
-0.261
-0.327
-0.363
-0.354
-0.318
-0.279
-0.261
-0.247
-0.204
-0.116
-0.034
-0.009
-0.043
-0.054
-0.039
-0.045
-0.043
-0.027
-0.029
-0.039
-0.018
0
-0.036
-0.095
-0.116
-0.057
0.029
0.059
0.025
0
0.034
0.104
0.145
0.134
0.138
0.184
0.19
0.138
0.088
0.077
0.097
0.097
0.07
0.077
0.132
0.179
0.15
0.147
0.229
0.279
0.268
0.238
0.227
0.261
0.29
0.277
0.268
0.306
0.329
0.327
0.304
0.299
0.279
0.209
0.154
0.19
0.279
0.311
0.252
0.193
0.202
0.249
0.265
0.254
0.283
0.329
0.327
0.283
0.259
0.261
0.272
0.274
0.288
0.342
0.365
0.327
0.283
0.293
0.338
0.39
0.426
0.426
0.395
0.365
0.376
0.397
0.429
0.46
0.479
0.488
0.506
0.528
0.476
0.342
0.247
0.252
0.315
0.352
0.315
0.265
0.272
0.32
0.347
0.322
0.315
0.39
0.46
0.472
0.46
0.469
0.465
0.447
0.46
0.504
0.544
0.567
0.574
0.572
0.592
0.66
0.714
0.653
0.567
0.574
0.606
0.615
0.628
0.658
0.669
0.66
0.665
0.694
0.671
0.587
0.535
0.524
0.535
0.538
0.526
0.494
0.522
0.633
0.739
0.749
0.71
0.717
0.758
0.769
0.778
0.814
0.851
0.869
0.864
0.821
0.751
0.78
0.848
0.821
0.769
0.783
0.778
0.703
0.667
0.703
0.78
0.837
0.876
0.91
0.925
0.903
0.889
0.876
0.832
0.769
0.68
0.615
0.597
0.669
0.742
0.739
0.78
0.871
0.925
0.925
0.907
0.914
0.91
0.871
0.83
0.819
0.835
0.898
0.935
0.864
0.789
0.801
0.805
0.762
0.739
0.762
0.778
0.737
0.694
0.73
0.812
0.851
0.869
0.91
0.912
0.866
0.835
0.796
0.778
0.81
0.83
0.787
0.755
0.78
0.801
0.776
0.764
0.842
0.959
0.984
0.962
0.982
1.043
1.073
1.028
0.937
0.912
0.93
0.9
0.842
0.839
0.878
0.912
0.923
0.894
0.885
0.889
0.873
0.871
0.939
1.012
1.007
0.975
0.966
0.989
1.014
0.991
0.944
0.957
1.007
1.028
0.996
0.939
0.925
0.937
0.914
0.889
0.95
1.039
1.086
1.066
1.03
1.059
1.059
0.991
0.941
0.93
0.941
0.948
0.919
0.891
0.873
0.871
0.835
0.767
0.728
0.723
0.712
0.717
0.744
0.816
0.937
1.003
0.987
0.946
0.887
0.807
0.735
0.73
0.771
0.771
0.723
0.708
0.771
0.873
0.932
0.891
0.83
0.844
0.853
0.823
0.839
0.866
0.851
0.792
0.76
0.807
0.862
0.855
0.798
0.764
0.785
0.803
0.742
0.619
0.526
0.547
0.674
0.778
0.814
0.837
0.876
0.916
0.939
0.932
0.898
0.783
0.64
0.597
0.651
0.721
0.762
0.723
0.696
0.753
0.794
0.769
0.778
0.821
0.835
0.832
0.842
0.864
0.846
0.801
0.776
0.823
0.91
0.905
0.805
0.714
0.685
0.751
0.839
0.835
0.789
0.798
0.826
0.853
0.903
0.959
0.984
0.996
1.021
1.052
1.061
1.043
1
0.882
0.803
0.839
0.885
0.876
0.844
0.828
0.862
0.9
0.957
1.028
1.071
1.061
1.034
1.052
1.075
1.023
0.891
0.796
0.783
0.837
0.851
0.769
0.705
0.751
0.821
0.846
0.869
0.878
0.896
0.921
0.971
1.018
1.046
1.034
0.978
0.891
0.832
0.819
0.801
0.778
0.789
0.792
0.812
0.869
0.916
0.957
0.95
0.866
0.814
0.828
0.83
0.792
0.78
0.778
0.803
0.878
0.869
0.778
0.726
0.728
0.705
0.676
0.692
0.717
0.746
0.755
0.751
0.828
0.964
1.052
1.012
0.93
0.873
0.828
0.778
0.735
0.665
0.606
0.603
0.662
0.73
0.78
0.796
0.778
0.801
0.864
0.889
0.828
0.71
0.635
0.669
0.699
0.656
0.599
0.597
0.649
0.701
0.721
0.728
0.73
0.739
0.721
0.699
0.737
0.83
0.851
0.78
0.742
0.746
0.771
0.816
0.837
0.794
0.742
0.717
0.694
0.703
0.719
0.717
0.705
0.687
0.712
0.78
0.794
0.753
0.801
0.93
0.991
0.966
0.919
0.853
0.807
0.816
0.832
0.812
0.805
0.839
0.903
0.969
1.068
1.148
1.107
0.998
0.903
0.86
0.86
0.894
0.921
0.978
1.023
1.052
1.107
1.145
1.148
1.118
1.089
1.057
1.055
1.048
0.959
0.894
0.959
1.075
1.148
1.179
1.22
1.268
1.325
1.356
1.363
1.365
1.35
1.304
1.259
1.279
1.368
1.375
1.35
1.334
1.322
1.361
1.436
1.449
1.399
1.365
1.39
1.422
1.454
1.502
1.542
1.561
1.561
1.556
1.579
1.552
1.479
1.474
1.526
1.549
1.531
1.495
1.449
1.452
1.52
1.62
1.713
1.776
1.792
1.778
1.808
1.908
1.914
1.808
1.694
1.626
1.633
1.674
1.663
1.613
1.606
1.642
1.703
1.767
1.794
1.774
1.765
1.787
1.817
1.84
1.815
1.717
1.676
1.724
1.794
1.828
1.783
1.715
1.697
1.737
1.796
1.83
1.826
1.803
1.781
1.803
1.93
2.012
1.948
1.894
1.905
1.926
1.967
1.976
1.946
1.899
1.858
1.851
1.878
1.883
1.864
1.853
1.876
1.928
1.976
2.016
2.007
2.016
2.082
2.134
2.157
2.141
2.071
1.992
1.976
2.012
2.053
2.078
2.089
2.087
2.134
2.246
2.311
2.289
2.223
2.153
2.153
2.216
2.246
2.216
2.162
2.119
2.119
2.143
2.153
2.112
2.053
2.044
2.062
2.073
2.121
2.178
2.159
2.109
2.132
2.205
2.241
2.214
2.153
2.105
2.107
2.137
2.198
2.239
2.214
2.153
2.153
2.173
2.178
2.157
2.1
2.053
2.071
2.114
2.121
2.085
2.053
2.053
2.055
2.087
2.112
2.041
1.973
2.026
2.1
2.114
2.08
2.014
1.96
1.935
1.964
2.041
2.069
2.014
1.955
1.998
2.085
2.114
2.134
2.1
2.014
1.982
2.044
2.103
2.094
2.048
2.01
1.994
1.987
1.964
1.899
1.821
1.771
1.758
1.803
1.942
2.05
2.053
2.023
2.039
2.08
2.107
2.069
1.971
1.901
1.889
1.921
1.976
1.987
1.908
1.821
1.799
1.815
1.878
1.905
1.878
1.869
1.926
1.989
1.982
1.948
1.919
1.899
1.874
1.842
1.817
1.774
1.776
1.806
1.808
1.819
1.833
1.828
1.821
1.849
1.901
1.93
1.951
1.964
1.967
1.987
1.957
1.905
1.896
1.889
1.853
1.84
1.84
1.833
1.801
1.762
1.722
1.708
1.726
1.753
1.758
1.742
1.744
1.731
1.769
1.867
1.889
1.821
1.742
1.692
1.674
1.681
1.669
1.617
1.552
1.513
1.542
1.626
1.654
1.583
1.52
1.513
1.576
1.631
1.626
1.576
1.531
1.504
1.481
1.452
1.404
1.361
1.352
1.336
1.322
1.284
1.245
1.277
1.311
1.34
1.393
1.418
1.39
1.347
1.322
1.297
1.3
1.309
1.313
1.352
1.375
1.347
1.313
1.286
1.261
1.227
1.182
1.173
1.211
1.241
1.254
1.234
1.225
1.247
1.282
1.291
1.268
1.207
1.166
1.223
1.288
1.268
1.182
1.125
1.143
1.218
1.279
1.259
1.182
1.136
1.189
1.304
1.372
1.345
1.293
1.266
1.268
1.297
1.27
1.204
1.177
1.214
1.236
1.227
1.184
1.168
1.204
1.216
1.189
1.143
1.127
1.164
1.225
1.252
1.243
1.193
1.141
1.13
1.148
1.152
1.116
1.077
1.091
1.157
1.191
1.17
1.125
1.052
1.009
1.028
1.071
1.046
0.98
0.962
1.016
1.073
1.073
1.046
1.016
0.989
0.962
0.975
0.962
0.876
0.823
0.832
0.862
0.866
0.855
0.876
0.912
0.93
0.939
0.932
0.898
0.885
0.878
0.866
0.828
0.764
0.717
0.699
0.68
0.635
0.594
0.572
0.565
0.567
0.544
0.515
0.567
0.651
0.676
0.653
0.61
0.56
0.524
0.522
0.499
0.449
0.397
0.417
0.445
0.411
0.349
0.293
0.252
0.268
0.308
0.322
0.295
0.243
0.2
0.204
0.231
0.197
0.104
0.07
0.1
0.193
0.22
0.127
0.043
0.041
0.048
0.034
0.009
-0.02
-0.05
-0.007
0.116
0.181
0.1
-0.025
-0.086
-0.075
-0.066
-0.107
-0.156
-0.152
-0.118
-0.109
-0.132
-0.172
-0.213
-0.249
-0.265
-0.295
-0.302
-0.293
-0.281
-0.256
-0.24
-0.256
-0.261
-0.234
-0.215
-0.202
-0.211
-0.215
-0.206
-0.225
-0.245
-0.274
-0.329
-0.363
-0.358
-0.338
-0.318
-0.324
-0.363
-0.372
-0.315
-0.256
-0.27
-0.315
-0.376
-0.374
-0.311
-0.281
-0.299
-0.32
-0.327
-0.315
-0.311
-0.304
-0.304
-0.283
-0.229
-0.125
-0.091
-0.141
-0.19
-0.211
-0.209
-0.222
-0.231
-0.229
-0.227
-0.229
-0.229
-0.211
-0.19
-0.204
-0.213
-0.195
-0.168
-0.136
-0.152
-0.177
-0.161
-0.132
-0.152
-0.188
-0.184
-0.156
-0.129
-0.095
-0.052
-0.063
-0.113
-0.127
-0.129
-0.17
-0.238
-0.268
-0.222
-0.181
-0.193
-0.236
-0.272
-0.265
-0.263
-0.293
-0.347
-0.376
-0.342
-0.324
-0.327
-0.352
-0.397
-0.458
-0.483
-0.488
-0.494
-0.515
-0.524
-0.492
-0.474
-0.488
-0.519
-0.565
-0.612
-0.642
-0.656
-0.68
-0.71
-0.728
-0.751
-0.794
-0.842
-0.885
-0.912
-0.946
-0.941
-0.907
-0.88
-0.9
-0.905
-0.898
-0.898
-0.923
-0.944
-0.969
-0.996
-0.984
-0.95
-0.964
-1.023
-1.046
-1.061
-1.08
-1.086
-1.102
-1.114
-1.082
-1.028
-1.037
-1.105
-1.15
-1.161
-1.2
-1.257
-1.257
-1.207
-1.209
-1.263
-1.263
-1.223
-1.223
-1.234
-1.216
-1.204
-1.236
-1.254
-1.241
-1.247
-1.241
-1.234
-1.232
-1.236
-1.3
-1.372
-1.397
-1.363
-1.35
-1.386
-1.422
-1.433
-1.431
-1.44
-1.447
-1.42
-1.372
-1.377
-1.427
-1.433
-1.452
-1.529
-1.545
-1.511
-1.517
-1.57
-1.581
-1.552
-1.558
-1.601
-1.588
-1.504
-1.422
-1.429
-1.479
-1.472
-1.422
-1.427
-1.52
-1.59
-1.61
-1.647
-1.681
-1.678
-1.626
-1.54
-1.479
-1.443
-1.404
-1.402
-1.447
-1.513
-1.542
-1.592
-1.685
-1.737
-1.697
-1.635
-1.581
-1.52
-1.438
-1.37
-1.381
-1.436
-1.438
-1.431
-1.465
-1.517
-1.545
-1.554
-1.57
-1.576
-1.538
-1.44
-1.361
-1.311
-1.297
-1.331
-1.37
-1.377
-1.399
-1.443
-1.483
-1.517
-1.526
-1.52
-1.504
-1.47
-1.418
-1.356
-1.352
-1.377
-1.379
-1.422
-1.454
-1.42
-1.399
-1.44
-1.477
-1.461
-1.427
-1.42
-1.397
-1.368
-1.345
-1.363
-1.384
-1.35
-1.316
-1.311
-1.338
-1.347
-1.327
-1.365
-1.447
-1.474
-1.456
-1.431
-1.386
-1.338
-1.316
-1.322
-1.379
-1.404
-1.386
-1.399
-1.47
-1.576
-1.604
-1.565
-1.549
-1.526
-1.465
-1.406
-1.431
-1.488
-1.488
-1.47
-1.508
-1.545
-1.563
-1.567
-1.576
-1.585
-1.588
-1.576
-1.558
-1.531
-1.495
-1.522
-1.595
-1.622
-1.61
-1.645
-1.708
-1.758
-1.781
-1.783
-1.819
-1.83
-1.76
-1.642
-1.601
-1.654
-1.717
-1.76
-1.835
-1.946
-1.989
-1.985
-1.989
-2.021
-1.98
-1.899
-1.871
-1.905
-1.892
-1.817
-1.776
-1.83
-1.91
-1.919
-1.896
-1.939
-2.026
-2.1
-2.146
-2.153
-2.123
-2.085
-2.032
-1.989
-1.957
-1.935
-1.948
-1.989
-2.053
-2.089
-2.125
-2.2
-2.286
-2.302
-2.239
-2.182
-2.141
-2.109
-2.071
-2.039
-2.039
-2.041
-2.037
-2.073
-2.139
-2.175
-2.13
-2.048
-2.03
-2.055
-2.046
-2.01
-1.982
-2.003
-2.071
-2.125
-2.105
-2.08
-2.103
-2.107
-2.066
-2.035
-2.019
-2.003
-1.973
-1.969
-2.01
-2.06
-2.057
-2.032
-2.069
-2.153
-2.18
-2.141
-2.119
-2.107
-2.055
-1.967
-1.905
-1.914
-1.953
-1.962
-1.937
-1.923
-1.919
-1.871
-1.835
-1.908
-1.996
-2.005
-1.951
-1.935
-1.942
-1.926
-1.912
-1.942
-1.971
-1.964
-1.964
-2.023
-2.048
-1.953
-1.826
-1.794
-1.83
-1.821
-1.758
-1.735
-1.817
-1.908
-1.926
-1.908
-1.867
-1.808
-1.758
-1.771
-1.824
-1.828
-1.747
-1.645
-1.613
-1.638
-1.61
-1.606
-1.688
-1.79
-1.849
-1.874
-1.849
-1.801
-1.744
-1.71
-1.694
-1.669
-1.617
-1.561
-1.522
-1.502
-1.486
-1.472
-1.479
-1.495
-1.513
-1.554
-1.613
-1.667
-1.688
-1.667
-1.633
-1.588
-1.529
-1.495
-1.536
-1.613
-1.663
-1.638
-1.57
-1.492
-1.459
-1.481
-1.545
-1.592
-1.606
-1.601
-1.601
-1.592
-1.574
-1.531
-1.488
-1.488
-1.552
-1.631
-1.672
-1.649
-1.599
-1.59
-1.608
-1.597
-1.57
-1.561
-1.583
-1.654
-1.756
-1.803
-1.753
-1.669
-1.615
-1.61
-1.624
-1.651
-1.669
-1.654
-1.622
-1.617
-1.61
-1.563
-1.522
-1.549
-1.629
-1.701
-1.688
-1.654
-1.663
-1.688
-1.703
-1.708
-1.699
-1.676
-1.66
-1.651
-1.64
-1.645
-1.651
-1.617
-1.581
-1.597
-1.647
-1.69
-1.694
-1.667
-1.645
-1.629
-1.563
-1.481
-1.459
-1.492
-1.538
-1.533
-1.499
-1.515
-1.567
-1.59
-1.604
-1.672
-1.726
-1.699
-1.635
-1.622
-1.624
-1.57
-1.479
-1.449
-1.511
-1.561
-1.538
-1.511
-1.547
-1.576
-1.567
-1.511
-1.427
-1.336
-1.27
-1.286
-1.397
-1.502
-1.531
-1.529
-1.552
-1.567
-1.547
-1.524
-1.499
-1.452
-1.44
-1.431
-1.413
-1.37
-1.313
-1.307
-1.384
-1.468
-1.495
-1.502
-1.526
-1.542
-1.495
-1.402
-1.304
-1.245
-1.209
-1.211
-1.229
-1.218
-1.209
-1.263
-1.313
-1.329
-1.322
-1.309
-1.297
-1.325
-1.368
-1.359
-1.316
-1.307
-1.295
-1.282
-1.272
-1.27
-1.277
-1.259
-1.198
-1.134
-1.066
-0.989
-0.971
-1.014
-1.068
-1.102
-1.111
-1.111
-1.145
-1.182
-1.191
-1.186
-1.164
-1.114
-1.061
-1.052
-1.066
-1.034
-0.959
-0.912
-0.914
-0.923
-0.923
-0.962
-1.009
-1.018
-0.991
-0.969
-0.914
-0.789
-0.705
-0.742
-0.839
-0.862
-0.789
-0.76
-0.816
-0.844
-0.819
-0.776
-0.71
-0.633
-0.619
-0.714
-0.783
-0.742
-0.646
-0.615
-0.683
-0.753
-0.753
-0.721
-0.685
-0.662
-0.644
-0.624
-0.585
-0.513
-0.442
-0.411
-0.449
-0.474
-0.451
-0.479
-0.583
-0.669
-0.687
-0.68
-0.653
-0.565
-0.463
-0.415
-0.465
-0.526
-0.499
-0.445
-0.454
-0.497
-0.558
-0.628
-0.646
-0.601
-0.535
-0.492
-0.488
-0.499
-0.499
-0.49
-0.469
-0.474
-0.501
-0.51
-0.485
-0.438
-0.424
-0.411
-0.37
-0.322
-0.274
-0.245
-0.259
-0.299
-0.361
-0.404
-0.406
-0.42
-0.447
-0.449
-0.451
-0.44
-0.365
-0.252
-0.186
-0.186
-0.211
-0.204
-0.197
-0.238
-0.322
-0.356
-0.365
-0.392
-0.381
-0.297
-0.195
-0.145
-0.159
-0.19
-0.168
-0.111
-0.07
-0.057
-0.066
-0.107
-0.118
-0.107
-0.102
-0.104
-0.075
0.016
0.068
0.011
-0.048
-0.039
-0.014
-0.002
0.004
0.029
0.034
0.036
0.077
0.15
0.243
0.293
0.299
0.288
0.225
0.104
0.048
0.043
0.02
-0.007
-0.023
-0.004
0.088
0.222
0.361
0.438
0.431
0.411
0.429
0.451
0.408
0.318
0.211
0.147
0.134
0.152
0.234
0.347
0.372
0.37
0.447
0.569
0.635
0.606
0.506
0.424
0.372
0.318
0.288
0.286
0.32
0.42
0.526
0.544
0.515
0.538
0.535
0.488
0.492
0.515
0.469
0.401
0.39
0.46
0.597
0.717
0.76
0.755
0.737
0.723
0.703
0.646
0.597
0.544
0.494
0.501
0.531
0.553
0.617
0.721
0.842
0.916
0.923
0.864
0.789
0.73
0.683
0.633
0.558
0.535
0.562
0.612
0.626
0.671
0.785
0.882
0.907
0.903
0.88
0.871
0.853
0.81
0.758
0.746
0.758
0.755
0.796
0.907
1.005
1.03
0.987
0.966
0.973
0.964
0.921
0.869
0.801
0.778
0.823
0.912
0.991
1.043
1.048
1.041
1.032
1.007
0.982
0.955
0.941
0.93
0.914
0.896
0.914
0.98
1.039
1.084
1.105
1.086
1.068
1.057
1.025
0.959
0.9
0.891
0.894
0.907
0.973
1.068
1.152
1.202
1.263
1.291
1.225
1.145
1.084
1.012
0.957
0.939
0.93
0.959
1.005
1.057
1.121
1.159
1.148
1.111
1.093
1.109
1.123
1.093
1.012
0.98
1.048
1.066
1.032
1.032
1.066
1.084
1.089
1.043
0.969
0.91
0.9
0.932
0.955
0.998
1.089
1.186
1.257
1.32
1.384
1.338
1.2
1.064
1.003
0.962
0.907
0.88
0.907
0.959
0.993
1.037
1.109
1.157
1.198
1.238
1.27
1.309
1.268
1.164
1.111
1.121
1.127
1.105
1.096
1.13
1.204
1.279
1.302
1.282
1.275
1.263
1.223
1.202
1.204
1.207
1.257
1.34
1.431
1.495
1.49
1.427
1.356
1.272
1.195
1.145
1.107
1.116
1.148
1.168
1.2
1.266
1.356
1.424
1.468
1.511
1.547
1.54
1.495
1.438
1.413
1.377
1.277
1.223
1.238
1.297
1.361
1.402
1.409
1.375
1.338
1.347
1.34
1.268
1.223
1.27
1.338
1.402
1.447
1.463
1.454
1.422
1.388
1.37
1.316
1.236
1.204
1.195
1.202
1.229
1.336
1.443
1.443
1.409
1.454
1.533
1.545
1.461
1.343
1.25
1.164
1.121
1.13
1.127
1.13
1.209
1.334
1.424
1.483
1.492
1.468
1.411
1.331
1.286
1.261
1.238
1.243
1.288
1.356
1.395
1.459
1.536
1.561
1.545
1.515
1.472
1.411
1.336
1.266
1.216
1.229
1.284
1.343
1.388
1.427
1.483
1.492
1.461
1.431
1.393
1.331
1.261
1.225
1.22
1.218
1.254
1.318
1.375
1.404
1.468
1.506
1.488
1.42
1.338
1.297
1.268
1.214
1.198
1.227
1.261
1.293
1.356
1.404
1.361
1.247
1.175
1.164
1.13
1.098
1.086
1.08
1.08
1.114
1.189
1.259
1.297
1.295
1.257
1.227
1.218
1.179
1.114
1.025
0.95
0.941
0.964
0.978
0.998
1.034
1.057
1.064
1.089
1.096
1.032
0.9
0.823
0.816
0.798
0.771
0.767
0.778
0.796
0.819
0.851
0.873
0.866
0.86
0.846
0.816
0.783
0.78
0.805
0.816
0.776
0.708
0.662
0.644
0.644
0.658
0.662
0.649
0.649
0.653
0.649
0.61
0.56
0.551
0.592
0.653
0.671
0.656
0.612
0.578
0.576
0.583
0.594
0.603
0.633
0.651
0.665
0.68
0.705
0.708
0.737
0.785
0.749
0.671
0.653
0.699
0.739
0.769
0.805
0.819
0.755
0.674
0.635
0.612
0.601
0.617
0.628
0.592
0.578
0.658
0.749
0.819
0.864
0.853
0.821
0.803
0.771
0.687
0.587
0.533
0.524
0.531
0.517
0.504
0.533
0.61
0.701
0.73
0.735
0.723
0.599
0.458
0.397
0.37
0.352
0.367
0.397
0.404
0.379
0.338
0.279
0.229
0.204
0.19
0.143
0.027
-0.002
0.077
0.141
0.184
0.243
0.279
0.27
0.22
0.17
0.152
0.132
0.073
-0.011
-0.082
-0.138
-0.179
-0.168
-0.118
-0.063
0.016
0.152
0.202
0.084
-0.036
-0.063
-0.097
-0.143
-0.161
-0.181
-0.168
-0.138
-0.122
-0.125
-0.127
-0.111
-0.122
-0.197
-0.304
-0.313
-0.274
-0.268
-0.229
-0.134
-0.05
-0.014
0
0.011
0
-0.032
-0.059
-0.102
-0.22
-0.374
-0.474
-0.467
-0.397
-0.318
-0.247
-0.134
-0.02
0.007
0.009
0.007
-0.029
-0.111
-0.186
-0.277
-0.383
-0.483
-0.547
-0.569
-0.528
-0.431
-0.356
-0.363
-0.39
-0.315
-0.247
-0.268
-0.299
-0.329
-0.399
-0.49
-0.565
-0.615
-0.631
-0.626
-0.585
-0.565
-0.59
-0.601
-0.597
-0.61
-0.601
-0.558
-0.535
-0.54
-0.608
-0.687
-0.701
-0.703
-0.728
-0.733
-0.714
-0.735
-0.771
-0.787
-0.805
-0.855
-0.885
-0.891
-0.919
-0.996
-1.057
-1.034
-0.984
-0.957
-0.891
-0.851
-0.864
-0.9
-0.937
-0.991
-1.043
-1.08
-1.086
-1.093
-1.1
-1.089
-1.075
-1.066
-1.048
-1.018
-0.948
-0.88
-0.932
-1.023
-1.048
-1.055
-1.084
-1.096
-1.105
-1.143
-1.161
-1.154
-1.121
-1.052
-0.996
-0.982
-0.996
-1.028
-1.052
-1.023
-1.025
-1.048
-1.021
-1.005
-1.023
-1.048
-1.077
-1.109
-1.105
-1.061
-1.018
-1.016
-1.048
-1.064
-1.043
-1.021
-1.012
-1.034
-1.03
-0.993
-1.032
-1.089
-1.064
-1.037
-1.03
-1.007
-0.996
-1.041
-1.116
-1.164
-1.177
-1.15
-1.132
-1.139
-1.179
-1.254
-1.272
-1.211
-1.186
-1.184
-1.143
-1.114
-1.13
-1.15
-1.164
-1.193
-1.232
-1.236
-1.227
-1.272
-1.304
-1.266
-1.245
-1.257
-1.259
-1.297
-1.329
-1.325
-1.307
-1.286
-1.266
-1.254
-1.241
-1.22
-1.218
-1.304
-1.429
-1.483
-1.474
-1.452
-1.433
-1.436
-1.452
-1.431
-1.372
-1.309
-1.277
-1.279
-1.259
-1.236
-1.236
-1.272
-1.368
-1.488
-1.517
-1.463
-1.443
-1.452
-1.424
-1.39
-1.379
-1.363
-1.352
-1.413
-1.472
-1.474
-1.44
-1.424
-1.44
-1.427
-1.359
-1.295
-1.268
-1.254
-1.25
-1.261
-1.259
-1.25
-1.263
-1.325
-1.418
-1.486
-1.486
-1.47
-1.411
-1.309
-1.2
-1.13
-1.089
-1.059
-1.098
-1.216
-1.272
-1.263
-1.277
-1.295
-1.3
-1.3
-1.27
-1.22
-1.166
-1.123
-1.105
-1.089
-1.037
-1.012
-1.025
-1.046
-1.077
-1.08
-1.043
-1.032
-1.041
-1.025
-0.998
-0.975
-0.975
-1.005
-1.089
-1.173
-1.2
-1.189
-1.189
-1.182
-1.17
-1.139
-1.1
-1.082
-1.041
-0.975
-0.941
-0.944
-0.95
-0.964
-0.993
-1.082
-1.211
-1.288
-1.291
-1.266
-1.257
-1.25
-1.279
-1.322
-1.327
-1.266
-1.229
-1.223
-1.216
-1.211
-1.198
-1.198
-1.223
-1.279
-1.343
-1.386
-1.406
-1.404
-1.393
-1.352
-1.304
-1.266
-1.238
-1.25
-1.275
-1.293
-1.309
-1.304
-1.291
-1.309
-1.311
-1.304
-1.352
-1.424
-1.436
-1.356
-1.263
-1.191
-1.148
-1.15
-1.166
-1.179
-1.182
-1.179
-1.179
-1.2
-1.198
-1.118
-1.009
-0.93
-0.907
-0.898
-0.869
-0.853
-0.862
-0.873
-0.9
-0.95
-0.984
-0.975
-0.925
-0.935
-0.964
-0.946
-0.862
-0.744
-0.667
-0.649
-0.658
-0.653
-0.676
-0.73
-0.778
-0.787
-0.758
-0.694
-0.59
-0.501
-0.504
-0.558
-0.567
-0.549
-0.551
-0.578
-0.633
-0.674
-0.703
-0.721
-0.746
-0.749
-0.701
-0.626
-0.549
-0.49
-0.481
-0.517
-0.56
-0.594
-0.628
-0.667
-0.705
-0.717
-0.665
-0.578
-0.542
-0.587
-0.667
-0.687
-0.667
-0.708
-0.755
-0.76
-0.746
-0.733
-0.717
-0.714
-0.776
-0.832
-0.805
-0.721
-0.66
-0.646
-0.69
-0.737
-0.78
-0.851
-0.928
-0.957
-0.923
-0.851
-0.776
-0.703
-0.637
-0.569
-0.556
-0.583
-0.619
-0.703
-0.837
-0.907
-0.903
-0.866
-0.828
-0.773
-0.699
-0.626
-0.603
-0.619
-0.61
-0.59
-0.619
-0.667
-0.701
-0.719
-0.773
-0.823
-0.767
-0.628
-0.558
-0.526
-0.472
-0.411
-0.381
-0.401
-0.467
-0.524
-0.565
-0.583
-0.572
-0.517
-0.442
-0.342
-0.256
-0.193
-0.152
-0.116
-0.116
-0.175
-0.231
-0.283
-0.342
-0.379
-0.363
-0.274
-0.166
-0.084
-0.054
-0.052
-0.054
-0.016
0.023
0.004
-0.057
-0.091
-0.1
-0.097
-0.113
-0.154
-0.138
-0.034
0.039
0.034
0.054
0.116
0.138
0.116
0.054
-0.011
-0.057
-0.095
-0.102
-0.059
0.016
0.086
0.116
0.141
0.177
0.197
0.163
0.082
0.016
0.007
-0.043
-0.12
-0.152
-0.122
-0.063
0
0.036
0.029
0.016
0.023
0.039
0.05
0.036
0.007
-0.02
-0.043
-0.075
-0.12
-0.161
-0.159
-0.12
-0.097
-0.039
0.045
0.095
0.082
0.036
0.029
0.043
0.039
0.029
0.027
0.023
0.029
0.052
0.077
0.075
0.059
0.068
0.102
0.122
0.12
0.088
0.061
0.097
0.168
0.179
0.17
0.163
0.159
0.125
0.1
0.102
0.118
0.127
0.143
0.177
0.236
0.293
0.327
0.336
0.342
0.347
0.318
0.293
0.288
0.279
0.238
0.204
0.24
0.315
0.406
0.481
0.51
0.522
0.549
0.599
0.633
0.635
0.619
0.567
0.519
0.531
0.562
0.562
0.524
0.533
0.628
0.723
0.719
0.674
0.631
0.587
0.562
0.583
0.606
0.615
0.642
0.746
0.864
0.91
0.862
0.762
0.699
0.658
0.599
0.524
0.479
0.46
0.472
0.54
0.608
0.646
0.703
0.789
0.855
0.894
0.903
0.866
0.816
0.764
0.674
0.603
0.578
0.581
0.617
0.66
0.669
0.653
0.678
0.735
0.764
0.742
0.685
0.61
0.562
0.567
0.585
0.617
0.667
0.73
0.767
0.794
0.807
0.739
0.624
0.556
0.542
0.524
0.472
0.413
0.408
0.499
0.631
0.73
0.803
0.864
0.896
0.9
0.891
0.846
0.742
0.646
0.61
0.612
0.621
0.644
0.671
0.746
0.848
0.889
0.869
0.864
0.896
0.928
0.898
0.828
0.771
0.726
0.717
0.755
0.801
0.869
0.923
0.955
0.98
0.989
0.941
0.864
0.839
0.832
0.803
0.785
0.769
0.785
0.837
0.891
0.966
1.039
1.068
1.059
1.052
1.039
0.982
0.903
0.878
0.921
0.98
0.975
0.937
0.944
0.993
1.032
1.057
1.082
1.086
1.05
0.984
0.939
0.928
0.876
0.819
0.826
0.928
1.052
1.093
1.071
1.089
1.154
1.177
1.145
1.1
1.077
1.061
1.034
1.032
1.052
1.064
1.041
1.012
1.018
1.034
1.03
1.043
1.093
1.123
1.098
1.025
0.993
1.023
1.037
1.014
0.996
1.034
1.059
1.043
1
0.987
0.98
0.953
0.921
0.896
0.896
0.905
0.932
1.014
1.098
1.121
1.068
1.014
1.012
1.034
1.046
1.055
1.082
1.068
0.996
0.923
0.894
0.88
0.842
0.776
0.749
0.812
0.903
0.971
1.016
1.057
1.059
1.041
1.037
1.046
1.046
1.023
1.039
1.091
1.123
1.086
1.005
0.95
0.955
0.98
0.975
0.975
0.991
0.989
0.971
1.007
1.075
1.091
1.039
1
1.057
1.164
1.227
1.245
1.254
1.243
1.175
1.093
1.061
1.066
1.077
1.084
1.148
1.259
1.3
1.286
1.309
1.361
1.37
1.309
1.218
1.189
1.204
1.216
1.2
1.193
1.22
1.238
1.189
1.132
1.148
1.204
1.245
1.25
1.214
1.161
1.107
1.118
1.207
1.286
1.266
1.232
1.282
1.363
1.368
1.291
1.2
1.159
1.127
1.073
1.032
1.032
1.075
1.116
1.143
1.154
1.143
1.1
1.066
1.064
1.073
1.059
1.016
0.964
0.962
0.962
0.948
0.975
1.08
1.186
1.232
1.225
1.216
1.195
1.141
1.071
0.996
0.937
0.905
0.889
0.91
0.982
1.048
1.037
0.978
0.98
1.046
1.064
0.973
0.898
0.955
1.082
1.127
1.118
1.114
1.086
1.048
1.091
1.157
1.145
1.037
0.966
1.007
1.048
1.028
0.991
0.975
1
1.098
1.218
1.297
1.375
1.438
1.429
1.334
1.232
1.17
1.093
0.975
0.9
0.946
1.039
1.114
1.189
1.243
1.243
1.218
1.266
1.377
1.454
1.406
1.347
1.365
1.406
1.406
1.39
1.386
1.388
1.372
1.359
1.359
1.347
1.279
1.17
1.091
1.073
1.084
1.068
1.073
1.193
1.384
1.492
1.522
1.561
1.585
1.545
1.468
1.418
1.397
1.327
1.211
1.1
1.064
1.105
1.159
1.198
1.252
1.331
1.402
1.44
1.468
1.468
1.438
1.37
1.277
1.238
1.238
1.22
1.17
1.177
1.236
1.27
1.261
1.254
1.234
1.173
1.168
1.293
1.418
1.39
1.259
1.198
1.259
1.336
1.361
1.347
1.343
1.35
1.347
1.327
1.297
1.241
1.141
1.057
1.068
1.141
1.157
1.111
1.114
1.209
1.343
1.454
1.517
1.574
1.595
1.617
1.633
1.622
1.57
1.44
1.295
1.277
1.352
1.409
1.431
1.47
1.533
1.585
1.606
1.617
1.62
1.613
1.663
1.74
1.751
1.699
1.624
1.542
1.513
1.561
1.676
1.749
1.806
1.903
1.96
1.917
1.874
1.892
1.896
1.828
1.744
1.719
1.767
1.842
1.903
1.962
2.019
2.03
1.985
1.96
1.996
2.023
1.978
1.914
1.901
1.894
1.851
1.826
1.892
2.028
2.162
2.264
2.307
2.305
2.291
2.264
2.259
2.277
2.214
2.046
1.894
1.867
1.942
2.003
2.032
2.119
2.236
2.359
2.488
2.561
2.529
2.441
2.379
2.325
2.257
2.15
2.048
2.053
2.218
2.423
2.525
2.536
2.527
2.495
2.459
2.436
2.432
2.429
2.409
2.341
2.264
2.259
2.3
2.307
2.334
2.454
2.602
2.667
2.643
2.615
2.577
2.497
2.395
2.32
2.268
2.234
2.273
2.375
2.477
2.599
2.697
2.695
2.64
2.618
2.583
2.497
2.411
2.323
2.232
2.141
2.105
2.166
2.261
2.352
2.479
2.581
2.599
2.543
2.479
2.452
2.427
2.343
2.286
2.293
2.316
2.289
2.266
2.339
2.452
2.502
2.5
2.491
2.452
2.373
2.282
2.198
2.128
2.064
1.992
1.944
2.007
2.184
2.327
2.359
2.361
2.384
2.348
2.23
2.112
2.028
1.976
1.96
2.028
2.08
2.087
2.082
2.08
2.085
2.103
2.123
2.1
2.019
1.942
1.914
1.914
1.899
1.864
1.846
1.796
1.765
1.858
1.976
1.976
1.905
1.892
1.901
1.853
1.74
1.656
1.635
1.62
1.658
1.715
1.719
1.683
1.64
1.651
1.706
1.722
1.669
1.631
1.601
1.565
1.538
1.531
1.511
1.452
1.39
1.359
1.39
1.424
1.399
1.359
1.309
1.275
1.257
1.211
1.182
1.198
1.261
1.37
1.433
1.363
1.247
1.177
1.166
1.2
1.207
1.168
1.121
1.064
0.987
0.923
0.9
0.853
0.798
0.805
0.835
0.882
0.916
0.932
0.962
0.966
0.923
0.869
0.814
0.767
0.751
0.789
0.855
0.864
0.78
0.699
0.626
0.576
0.549
0.549
0.551
0.558
0.569
0.572
0.583
0.61
0.621
0.61
0.572
0.538
0.556
0.583
0.562
0.535
0.508
0.445
0.363
0.333
0.336
0.347
0.388
0.497
0.585
0.59
0.581
0.549
0.474
0.408
0.386
0.365
0.302
0.254
0.27
0.29
0.288
0.295
0.304
0.259
0.227
0.272
0.315
0.272
0.206
0.218
0.249
0.238
0.227
0.225
0.24
0.256
0.324
0.395
0.374
0.32
0.27
0.206
0.152
0.12
0.086
0.043
-0.011
-0.025
-0.002
0.059
0.118
0.159
0.168
0.152
0.17
0.197
0.136
0.025
-0.048
-0.079
-0.125
-0.161
-0.147
-0.102
-0.025
0.116
0.24
0.229
0.168
0.102
0.027
-0.052
-0.12
-0.181
-0.245
-0.311
-0.338
-0.304
-0.225
-0.143
-0.086
-0.073
-0.111
-0.102
-0.077
-0.145
-0.254
-0.329
-0.386
-0.435
-0.422
-0.358
-0.274
-0.163
-0.039
0.034
0.002
-0.068
-0.175
-0.315
-0.438
-0.515
-0.562
-0.599
-0.601
-0.538
-0.413
-0.265
-0.161
-0.125
-0.134
-0.19
-0.236
-0.283
-0.415
-0.558
-0.651
-0.708
-0.719
-0.669
-0.592
-0.513
-0.401
-0.256
-0.177
-0.2
-0.254
-0.342
-0.485
-0.612
-0.671
-0.717
-0.739
-0.678
-0.576
-0.481
-0.422
-0.401
-0.392
-0.42
-0.476
-0.522
-0.576
-0.694
-0.816
-0.871
-0.864
-0.805
-0.708
-0.597
-0.506
-0.435
-0.361
-0.268
-0.263
-0.347
-0.458
-0.619
-0.792
-0.923
-0.987
-0.998
-0.946
-0.828
-0.705
-0.644
-0.619
-0.594
-0.594
-0.615
-0.68
-0.796
-0.898
-0.975
-1.048
-1.064
-1.021
-0.959
-0.903
-0.848
-0.805
-0.783
-0.787
-0.776
-0.778
-0.873
-1.021
-1.173
-1.282
-1.295
-1.252
-1.186
-1.093
-0.98
-0.898
-0.88
-0.887
-0.914
-0.969
-1.052
-1.186
-1.379
-1.504
-1.502
-1.456
-1.393
-1.325
-1.268
-1.204
-1.15
-1.123
-1.139
-1.184
-1.209
-1.198
-1.263
-1.427
-1.54
-1.572
-1.552
-1.511
-1.443
-1.356
-1.27
-1.238
-1.27
-1.318
-1.377
-1.431
-1.549
-1.715
-1.853
-1.896
-1.79
-1.62
-1.515
-1.474
-1.42
-1.354
-1.318
-1.343
-1.411
-1.492
-1.597
-1.701
-1.756
-1.781
-1.826
-1.824
-1.767
-1.651
-1.549
-1.497
-1.474
-1.479
-1.517
-1.563
-1.622
-1.699
-1.815
-1.939
-2.005
-2.021
-1.96
-1.803
-1.672
-1.633
-1.615
-1.597
-1.617
-1.676
-1.753
-1.833
-1.944
-2.055
-2.057
-1.982
-1.969
-1.96
-1.887
-1.781
-1.715
-1.701
-1.703
-1.76
-1.858
-1.937
-1.998
-2.123
-2.252
-2.286
-2.255
-2.187
-2.107
-1.987
-1.88
-1.869
-1.871
-1.867
-1.93
-2.05
-2.157
-2.23
-2.311
-2.35
-2.28
-2.141
-2.05
-2.026
-1.962
-1.883
-1.919
-2.037
-2.13
-2.175
-2.243
-2.357
-2.454
-2.502
-2.47
-2.357
-2.225
-2.143
-2.114
-2.103
-2.062
-2.057
-2.132
-2.198
-2.232
-2.302
-2.379
-2.404
-2.368
-2.311
-2.239
-2.171
-2.073
-1.992
-2.001
-2.071
-2.178
-2.277
-2.298
-2.273
-2.293
-2.354
-2.366
-2.314
-2.209
-2.109
-2.057
-2.028
-2.026
-2.096
-2.196
-2.214
-2.218
-2.257
-2.293
-2.316
-2.307
-2.261
-2.189
-2.096
-2.012
-1.944
-1.878
-1.812
-1.837
-1.967
-2.089
-2.153
-2.148
-2.114
-2.137
-2.214
-2.234
-2.162
-2.082
-2.03
-2.003
-2.005
-2.037
-2.087
-2.157
-2.175
-2.094
-2.044
-2.044
-2.035
-2.032
-2.05
-2.037
-1.976
-1.93
-1.919
-1.933
-1.923
-1.948
-2.046
-2.114
-2.078
-2.039
-2.023
-2.003
-2.019
-2.057
-2.057
-2.016
-1.964
-1.948
-1.982
-2.048
-2.123
-2.173
-2.18
-2.105
-1.989
-1.953
-1.98
-2.023
-2.085
-2.132
-2.134
-2.089
-2.057
-2.073
-2.087
-2.048
-1.96
-1.901
-1.923
-1.98
-2.021
-2.057
-2.119
-2.212
-2.3
-2.323
-2.266
-2.214
-2.171
-2.128
-2.073
-2.014
-1.967
-1.96
-1.962
-1.996
-2.078
-2.155
-2.257
-2.366
-2.4
-2.341
-2.255
-2.191
-2.148
-2.053
-1.935
-1.855
-1.835
-1.84
-1.846
-1.914
-2.053
-2.178
-2.284
-2.343
-2.316
-2.225
-2.134
-2.06
-1.98
-1.896
-1.824
-1.792
-1.828
-1.908
-2.023
-2.159
-2.257
-2.307
-2.293
-2.187
-2.048
-1.96
-1.876
-1.762
-1.697
-1.688
-1.717
-1.781
-1.864
-1.976
-2.082
-2.13
-2.116
-2.096
-2.064
-1.973
-1.876
-1.817
-1.74
-1.649
-1.572
-1.547
-1.588
-1.688
-1.792
-1.896
-1.989
-2.035
-2.066
-2.073
-2.023
-1.944
-1.801
-1.61
-1.506
-1.511
-1.533
-1.558
-1.622
-1.708
-1.776
-1.817
-1.824
-1.84
-1.853
-1.81
-1.708
-1.615
-1.576
-1.531
-1.504
-1.515
-1.574
-1.663
-1.74
-1.767
-1.767
-1.799
-1.862
-1.876
-1.819
-1.708
-1.595
-1.511
-1.463
-1.488
-1.529
-1.531
-1.572
-1.667
-1.747
-1.79
-1.821
-1.817
-1.806
-1.806
-1.787
-1.717
-1.585
-1.449
-1.377
-1.388
-1.449
-1.511
-1.552
-1.574
-1.59
-1.665
-1.765
-1.817
-1.808
-1.785
-1.747
-1.64
-1.515
-1.463
-1.486
-1.533
-1.563
-1.595
-1.59
-1.547
-1.563
-1.601
-1.64
-1.708
-1.753
-1.71
-1.574
-1.44
-1.386
-1.395
-1.395
-1.356
-1.297
-1.257
-1.27
-1.34
-1.424
-1.463
-1.495
-1.552
-1.579
-1.506
-1.386
-1.277
-1.211
-1.173
-1.157
-1.17
-1.216
-1.243
-1.247
-1.268
-1.284
-1.286
-1.309
-1.307
-1.247
-1.157
-1.089
-1.066
-1.055
-1.032
-1
-0.973
-0.975
-1.007
-1.018
-1.043
-1.077
-1.118
-1.191
-1.204
-1.096
-0.975
-0.907
-0.898
-0.898
-0.887
-0.885
-0.891
-0.889
-0.948
-1.093
-1.209
-1.216
-1.164
-1.077
-0.962
-0.876
-0.823
-0.769
-0.728
-0.719
-0.73
-0.737
-0.769
-0.814
-0.885
-0.937
-0.971
-0.971
-0.935
-0.871
-0.787
-0.717
-0.701
-0.685
-0.66
-0.683
-0.735
-0.744
-0.755
-0.844
-0.921
-0.896
-0.839
-0.851
-0.88
-0.86
-0.783
-0.665
-0.572
-0.59
-0.683
-0.78
-0.844
-0.844
-0.816
-0.81
-0.814
-0.796
-0.723
-0.567
-0.445
-0.454
-0.483
-0.458
-0.458
-0.553
-0.667
-0.744
-0.814
-0.844
-0.778
-0.662
-0.608
-0.61
-0.608
-0.528
-0.395
-0.318
-0.324
-0.383
-0.456
-0.517
-0.572
-0.626
-0.633
-0.59
-0.494
-0.372
-0.27
-0.236
-0.27
-0.32
-0.311
-0.254
-0.279
-0.413
-0.517
-0.517
-0.479
-0.472
-0.449
-0.381
-0.311
-0.22
-0.097
-0.025
-0.057
-0.147
-0.206
-0.222
-0.277
-0.386
-0.465
-0.445
-0.293
-0.102
0.023
0.084
0.134
0.17
0.154
0.093
0.036
-0.002
-0.077
-0.218
-0.336
-0.374
-0.372
-0.342
-0.175
0.082
0.27
0.336
0.349
0.342
0.245
0.116
0.054
0.041
-0.002
-0.086
-0.138
-0.138
-0.093
-0.027
0.079
0.222
0.356
0.424
0.406
0.322
0.227
0.136
0.018
-0.077
-0.111
-0.057
0
0.029
0.118
0.245
0.302
0.263
0.261
0.306
0.279
0.181
0.134
0.127
0.088
0.011
0.011
0.093
0.193
0.252
0.297
0.336
0.354
0.329
0.265
0.175
0.093
0.061
0.079
0.104
0.136
0.179
0.206
0.225
0.274
0.354
0.379
0.354
0.395
0.49
0.476
0.324
0.211
0.215
0.247
0.254
0.263
0.304
0.331
0.376
0.465
0.483
0.406
0.324
0.283
0.315
0.352
0.356
0.376
0.447
0.549
0.624
0.635
0.637
0.662
0.68
0.683
0.669
0.626
0.549
0.476
0.472
0.556
0.644
0.685
0.685
0.733
0.835
0.869
0.789
0.703
0.692
0.735
0.758
0.735
0.742
0.773
0.805
0.842
0.905
0.959
0.978
1.005
1.057
1.055
0.969
0.839
0.773
0.821
0.919
0.978
1.009
1.084
1.148
1.121
1.028
0.941
0.887
0.869
0.866
0.86
0.846
0.876
0.914
0.957
1.018
1.089
1.152
1.193
1.216
1.22
1.17
1.055
0.907
0.801
0.789
0.839
0.91
0.966
1.014
1.086
1.177
1.227
1.189
1.096
1.028
1.037
1.032
0.941
0.857
0.853
0.873
0.891
0.932
1.048
1.166
1.193
1.164
1.173
1.198
1.148
1.055
0.998
0.946
0.896
0.876
0.878
0.919
1.009
1.086
1.134
1.191
1.234
1.198
1.08
0.989
0.969
0.971
0.948
0.907
0.905
0.991
1.114
1.2
1.232
1.243
1.277
1.309
1.3
1.268
1.232
1.166
1.102
1.089
1.118
1.189
1.225
1.247
1.316
1.415
1.459
1.415
1.37
1.359
1.347
1.34
1.307
1.257
1.209
1.189
1.236
1.329
1.424
1.472
1.468
1.445
1.459
1.495
1.486
1.427
1.39
1.402
1.413
1.377
1.377
1.422
1.481
1.547
1.613
1.647
1.629
1.601
1.626
1.651
1.597
1.486
1.413
1.406
1.456
1.54
1.583
1.588
1.595
1.606
1.645
1.638
1.558
1.495
1.492
1.511
1.463
1.395
1.381
1.429
1.513
1.579
1.592
1.576
1.579
1.581
1.54
1.497
1.47
1.449
1.427
1.415
1.433
1.424
1.422
1.477
1.583
1.651
1.606
1.504
1.443
1.431
1.402
1.331
1.284
1.325
1.415
1.463
1.486
1.513
1.529
1.52
1.465
1.379
1.304
1.241
1.209
1.257
1.365
1.418
1.402
1.404
1.454
1.504
1.502
1.461
1.438
1.447
1.452
1.44
1.406
1.404
1.465
1.542
1.601
1.608
1.57
1.515
1.483
1.499
1.538
1.522
1.429
1.363
1.384
1.456
1.533
1.572
1.601
1.638
1.688
1.733
1.694
1.554
1.44
1.397
1.388
1.372
1.399
1.474
1.576
1.692
1.803
1.885
1.889
1.833
1.753
1.683
1.629
1.576
1.508
1.486
1.481
1.508
1.599
1.706
1.776
1.837
1.846
1.737
1.613
1.549
1.522
1.461
1.384
1.35
1.361
1.42
1.529
1.667
1.781
1.81
1.771
1.715
1.629
1.513
1.368
1.225
1.154
1.223
1.336
1.404
1.44
1.504
1.633
1.74
1.717
1.588
1.436
1.284
1.189
1.159
1.13
1.116
1.159
1.223
1.322
1.452
1.526
1.479
1.379
1.291
1.214
1.093
0.966
0.923
0.959
1.043
1.17
1.284
1.338
1.388
1.447
1.431
1.354
1.263
1.173
1.073
0.971
0.907
0.907
0.966
1.082
1.252
1.418
1.495
1.456
1.404
1.35
1.279
1.179
1.1
1.055
1.025
1.059
1.13
1.2
1.263
1.368
1.461
1.433
1.311
1.227
1.209
1.204
1.216
1.204
1.179
1.195
1.261
1.34
1.424
1.472
1.452
1.411
1.399
1.381
1.309
1.223
1.214
1.286
1.347
1.365
1.404
1.465
1.477
1.488
1.508
1.504
1.445
1.35
1.293
1.293
1.282
1.232
1.236
1.322
1.429
1.459
1.456
1.443
1.393
1.338
1.3
1.266
1.207
1.157
1.164
1.227
1.311
1.37
1.413
1.436
1.427
1.356
1.254
1.184
1.161
1.114
1.009
0.973
1.032
1.089
1.136
1.218
1.325
1.402
1.361
1.252
1.161
1.046
0.896
0.807
0.792
0.769
0.699
0.678
0.746
0.848
0.939
1.009
1.059
1.064
0.991
0.882
0.783
0.721
0.71
0.705
0.674
0.644
0.644
0.685
0.744
0.789
0.785
0.751
0.728
0.705
0.674
0.694
0.744
0.744
0.714
0.696
0.687
0.699
0.678
0.635
0.66
0.719
0.685
0.608
0.612
0.68
0.742
0.764
0.762
0.762
0.762
0.714
0.658
0.665
0.703
0.721
0.728
0.749
0.735
0.69
0.714
0.851
0.95
0.912
0.866
0.873
0.855
0.798
0.773
0.805
0.816
0.832
0.919
1.032
1.057
1.014
1.009
1.057
1.052
0.919
0.785
0.792
0.846
0.891
0.964
1.025
1.05
1.061
1.068
1.091
1.123
1.107
1.016
0.894
0.801
0.749
0.708
0.728
0.798
0.873
0.93
0.978
1.009
0.987
0.966
0.989
0.98
0.9
0.785
0.662
0.594
0.569
0.56
0.599
0.71
0.796
0.796
0.767
0.785
0.814
0.755
0.628
0.547
0.504
0.458
0.374
0.374
0.492
0.574
0.538
0.519
0.535
0.49
0.376
0.302
0.29
0.268
0.184
0.109
0.118
0.132
0.138
0.204
0.311
0.395
0.365
0.247
0.156
0.127
0.088
0.054
0.061
0.004
-0.093
-0.079
0.016
0.093
0.125
0.17
0.249
0.279
0.234
0.186
0.179
0.141
0.093
0.111
0.161
0.143
0.086
0.12
0.204
0.225
0.204
0.197
0.211
0.234
0.24
0.234
0.24
0.265
0.27
0.243
0.225
0.24
0.27
0.293
0.324
0.347
0.302
0.22
0.259
0.349
0.372
0.376
0.411
0.458
0.483
0.463
0.433
0.451
0.483
0.499
0.492
0.499
0.508
0.49
0.472
0.531
0.631
0.685
0.626
0.533
0.526
0.565
0.585
0.572
0.553
0.51
0.454
0.422
0.417
0.365
0.297
0.311
0.37
0.433
0.467
0.438
0.424
0.472
0.519
0.54
0.515
0.429
0.331
0.313
0.331
0.308
0.236
0.141
0.093
0.1
0.127
0.147
0.154
0.141
0.122
0.111
0.107
0.018
-0.104
-0.097
0
0.048
0.018
-0.059
-0.097
-0.093
-0.104
-0.156
-0.24
-0.308
-0.365
-0.347
-0.288
-0.272
-0.293
-0.304
-0.304
-0.29
-0.279
-0.302
-0.297
-0.254
-0.22
-0.272
-0.392
-0.519
-0.617
-0.656
-0.635
-0.626
-0.603
-0.542
-0.483
-0.44
-0.408
-0.395
-0.392
-0.408
-0.401
-0.417
-0.481
-0.499
-0.426
-0.329
-0.324
-0.379
-0.388
-0.367
-0.329
-0.304
-0.308
-0.365
-0.417
-0.424
-0.449
-0.51
-0.538
-0.488
-0.399
-0.313
-0.252
-0.229
-0.206
-0.156
-0.097
-0.05
-0.057
-0.118
-0.145
-0.109
-0.057
-0.02
-0.057
-0.138
-0.136
-0.073
-0.066
-0.102
-0.134
-0.147
-0.159
-0.193
-0.225
-0.263
-0.274
-0.181
-0.034
0.063
0.104
0.082
0.048
0.023
0
-0.036
-0.093
-0.168
-0.229
-0.234
-0.222
-0.193
-0.163
-0.202
-0.254
-0.236
-0.195
-0.166
-0.154
-0.141
-0.125
-0.127
-0.17
-0.252
-0.358
-0.438
-0.454
-0.463
-0.467
-0.485
-0.533
-0.567
-0.581
-0.601
-0.61
-0.642
-0.701
-0.71
-0.653
-0.585
-0.522
-0.504
-0.562
-0.624
-0.644
-0.674
-0.737
-0.807
-0.864
-0.928
-0.991
-1.021
-1.018
-1.028
-1.037
-1.055
-1.089
-1.066
-1.043
-1.071
-1.107
-1.109
-1.098
-1.061
-1.012
-1.003
-1.034
-1.046
-0.987
-0.907
-0.946
-1.093
-1.179
-1.154
-1.13
-1.148
-1.191
-1.227
-1.266
-1.3
-1.268
-1.218
-1.204
-1.164
-1.086
-1.016
-0.975
-0.98
-0.998
-1.003
-0.987
-0.987
-0.978
-0.969
-0.973
-0.971
-0.923
-0.885
-0.871
-0.925
-1.041
-1.114
-1.093
-1.046
-0.993
-0.957
-0.928
-0.889
-0.826
-0.78
-0.776
-0.805
-0.812
-0.749
-0.742
-0.819
-0.88
-0.91
-0.953
-0.996
-1.025
-1.037
-1.05
-1.03
-0.937
-0.805
-0.692
-0.626
-0.583
-0.567
-0.621
-0.703
-0.753
-0.792
-0.805
-0.783
-0.78
-0.801
-0.798
-0.769
-0.73
-0.737
-0.814
-0.887
-0.885
-0.866
-0.844
-0.821
-0.846
-0.837
-0.789
-0.751
-0.739
-0.696
-0.617
-0.535
-0.483
-0.465
-0.485
-0.528
-0.628
-0.785
-0.871
-0.882
-0.891
-0.91
-0.869
-0.807
-0.783
-0.758
-0.71
-0.674
-0.73
-0.807
-0.826
-0.821
-0.832
-0.828
-0.803
-0.778
-0.796
-0.805
-0.792
-0.798
-0.83
-0.857
-0.88
-0.921
-0.966
-0.991
-0.98
-0.998
-1.05
-1.064
-0.998
-0.935
-0.903
-0.891
-0.869
-0.835
-0.832
-0.905
-1.034
-1.173
-1.263
-1.325
-1.365
-1.352
-1.307
-1.277
-1.227
-1.141
-1.086
-1.08
-1.105
-1.145
-1.186
-1.2
-1.198
-1.216
-1.227
-1.225
-1.243
-1.216
-1.15
-1.13
-1.145
-1.127
-1.118
-1.159
-1.225
-1.293
-1.35
-1.409
-1.461
-1.438
-1.39
-1.3
-1.191
-1.145
-1.139
-1.111
-1.116
-1.148
-1.164
-1.161
-1.195
-1.234
-1.225
-1.166
-1.073
-0.998
-0.978
-1
-1.003
-0.998
-1.021
-1.057
-1.093
-1.116
-1.102
-1.082
-1.093
-1.114
-1.111
-1.039
-0.903
-0.798
-0.746
-0.742
-0.789
-0.844
-0.871
-0.919
-1
-1.039
-1.025
-1.003
-0.978
-0.919
-0.832
-0.735
-0.717
-0.785
-0.835
-0.887
-0.966
-1.021
-1.03
-1.034
-1.043
-1.043
-1.039
-1.039
-1.066
-1.127
-1.136
-1.132
-1.168
-1.236
-1.32
-1.422
-1.474
-1.465
-1.445
-1.411
-1.365
-1.322
-1.277
-1.204
-1.145
-1.141
-1.17
-1.266
-1.415
-1.547
-1.649
-1.71
-1.713
-1.706
-1.69
-1.658
-1.647
-1.674
-1.699
-1.717
-1.69
-1.654
-1.678
-1.703
-1.708
-1.724
-1.715
-1.658
-1.626
-1.645
-1.624
-1.59
-1.617
-1.699
-1.753
-1.785
-1.819
-1.88
-1.953
-1.982
-1.946
-1.867
-1.744
-1.651
-1.61
-1.585
-1.556
-1.552
-1.604
-1.722
-1.871
-1.953
-1.964
-1.946
-1.921
-1.908
-1.88
-1.799
-1.719
-1.678
-1.663
-1.642
-1.654
-1.715
-1.771
-1.76
-1.747
-1.74
-1.685
-1.642
-1.622
-1.556
-1.477
-1.431
-1.409
-1.402
-1.413
-1.447
-1.529
-1.624
-1.685
-1.706
-1.719
-1.688
-1.574
-1.454
-1.37
-1.261
-1.152
-1.089
-1.075
-1.082
-1.123
-1.209
-1.297
-1.322
-1.286
-1.243
-1.202
-1.141
-1.082
-1.012
-0.957
-0.937
-0.937
-0.925
-0.919
-0.939
-1.007
-1.089
-1.109
-1.041
-0.955
-0.885
-0.816
-0.783
-0.81
-0.821
-0.733
-0.66
-0.662
-0.685
-0.744
-0.816
-0.887
-0.889
-0.814
-0.71
-0.61
-0.533
-0.485
-0.438
-0.39
-0.356
-0.349
-0.333
-0.354
-0.467
-0.567
-0.59
-0.565
-0.535
-0.492
-0.411
-0.329
-0.297
-0.311
-0.313
-0.288
-0.268
-0.327
-0.426
-0.442
-0.397
-0.367
-0.32
-0.27
-0.2
-0.109
-0.057
-0.032
-0.004
-0.011
-0.059
-0.093
-0.129
-0.2
-0.243
-0.229
-0.172
-0.147
-0.2
-0.195
-0.097
-0.016
-0.007
-0.016
0.004
0.027
0.029
-0.002
-0.054
-0.125
-0.172
-0.222
-0.283
-0.288
-0.234
-0.138
-0.052
-0.027
-0.041
-0.075
-0.107
-0.093
-0.088
-0.129
-0.181
-0.19
-0.179
-0.15
-0.136
-0.118
-0.073
-0.066
-0.129
-0.186
-0.204
-0.24
-0.281
-0.288
-0.261
-0.254
-0.254
-0.243
-0.247
-0.243
-0.229
-0.247
-0.249
-0.211
-0.202
-0.193
-0.159
-0.147
-0.161
-0.154
-0.138
-0.127
-0.136
-0.193
-0.256
-0.254
-0.209
-0.177
-0.195
-0.204
-0.175
-0.184
-0.231
-0.227
-0.17
-0.127
-0.127
-0.095
-0.032
-0.014
-0.043
-0.043
-0.016
0.004
-0.018
-0.097
-0.104
0.004
0.113
0.15
0.161
0.168
0.168
0.161
0.188
0.236
0.277
0.29
0.324
0.395
0.435
0.46
0.524
0.594
0.612
0.547
0.465
0.463
0.499
0.476
0.447
0.451
0.479
0.49
0.481
0.456
0.458
0.513
0.572
0.551
0.535
0.558
0.565
0.569
0.574
0.556
0.519
0.501
0.519
0.556
0.574
0.54
0.483
0.465
0.492
0.524
0.528
0.497
0.449
0.392
0.338
0.345
0.39
0.401
0.379
0.367
0.399
0.456
0.456
0.367
0.288
0.308
0.308
0.213
0.127
0.097
0.088
0.104
0.143
0.147
0.12
0.102
0.132
0.234
0.354
0.352
0.234
0.175
0.229
0.302
0.322
0.256
0.172
0.147
0.186
0.229
0.227
0.161
0.118
0.17
0.295
0.395
0.383
0.243
0.181
0.322
0.465
0.513
0.501
0.51
0.549
0.61
0.68
0.758
0.796
0.798
0.857
0.982
1.061
1.018
0.914
0.871
0.939
1.043
1.123
1.191
1.282
1.377
1.463
1.554
1.633
1.62
1.552
1.558
1.635
1.728
1.771
1.726
1.735
1.86
1.971
1.978
1.989
2.066
2.139
2.196
2.273
2.352
2.373
2.305
2.275
2.377
2.486
2.5
2.463
2.461
2.506
2.559
2.604
2.588
2.502
2.443
2.459
2.502
2.516
2.513
2.488
2.472
2.527
2.599
2.581
2.468
2.416
2.491
2.561
2.583
2.574
2.538
2.454
2.395
2.402
2.429
2.407
2.318
2.246
2.234
2.209
2.116
1.973
1.86
1.853
1.905
1.926
1.88
1.828
1.787
1.749
1.724
1.724
1.701
1.613
1.497
1.495
1.57
1.531
1.397
1.297
1.282
1.27
1.216
1.164
1.161
1.157
1.111
1.075
1.082
1.037
0.876
0.744
0.796
0.9
0.919
0.855
0.81
0.787
0.785
0.762
0.717
0.633
0.547
0.485
0.469
0.504
0.524
0.488
0.424
0.435
0.524
0.547
0.469
0.426
0.492
0.56
0.553
0.51
0.481
0.426
0.379
0.386
0.438
0.451
0.426
0.413
0.454
0.492
0.467
0.401
0.39
0.44
0.49
0.504
0.533
0.578
0.597
0.578
0.587
0.619
0.612
0.585
0.547
0.544
0.585
0.576
0.533
0.515
0.533
0.56
0.585
0.628
0.705
0.758
0.776
0.778
0.773
0.742
0.705
0.735
0.823
0.903
0.912
0.878
0.857
0.851
0.828
0.805
0.812
0.816
0.801
0.796
0.792
0.771
0.746
0.739
0.744
0.76
0.805
0.837
0.839
0.873
0.937
0.971
0.914
0.826
0.785
0.767
0.733
0.701
0.699
0.685
0.656
0.644
0.649
0.66
0.685
0.685
0.66
0.64
0.615
0.585
0.535
0.481
0.442
0.406
0.365
0.354
0.376
0.379
0.347
0.349
0.39
0.376
0.283
0.211
0.19
0.204
0.252
0.286
0.286
0.261
0.24
0.247
0.265
0.252
0.209
0.161
0.134
0.145
0.147
0.075
-0.027
-0.07
-0.034
0.023
0.082
0.088
0.079
0.091
0.109
0.132
0.166
0.15
0.095
0.109
0.179
0.2
0.136
0.048
0.014
0.045
0.1
0.125
0.134
0.163
0.193
0.213
0.206
0.177
0.145
0.132
0.161
0.211
0.236
0.218
0.202
0.268
0.363
0.401
0.401
0.46
0.533
0.54
0.485
0.429
0.417
0.395
0.356
0.367
0.413
0.426
0.438
0.494
0.508
0.46
0.435
0.476
0.533
0.569
0.553
0.515
0.485
0.501
0.535
0.551
0.556
0.61
0.653
0.66
0.635
0.597
0.517
0.422
0.363
0.347
0.329
0.324
0.322
0.318
0.288
0.272
0.281
0.306
0.338
0.358
0.347
0.288
0.215
0.163
0.118
0.066
0.059
0.12
0.202
0.218
0.152
0.079
0.059
0.063
0.036
0.014
-0.004
-0.041
-0.093
-0.138
-0.197
-0.311
-0.39
-0.349
-0.238
-0.195
-0.254
-0.308
-0.299
-0.299
-0.34
-0.374
-0.376
-0.374
-0.338
-0.295
-0.299
-0.365
-0.445
-0.447
-0.37
-0.288
-0.268
-0.288
-0.252
-0.156
-0.125
-0.236
-0.367
-0.392
-0.367
-0.379
-0.379
-0.329
-0.306
-0.363
-0.365
-0.254
-0.134
-0.095
-0.05
0.048
0.088
0.016
-0.093
-0.093
-0.007
0.032
0.029
0.066
0.132
0.159
0.154
0.161
0.186
0.236
0.322
0.399
0.404
0.365
0.354
0.381
0.401
0.44
0.49
0.547
0.635
0.755
0.826
0.785
0.671
0.61
0.667
0.769
0.803
0.758
0.717
0.751
0.828
0.835
0.76
0.723
0.798
0.941
1.028
1.023
0.989
0.941
0.914
0.959
1.032
1.021
0.95
0.959
1.075
1.136
1.071
0.98
0.941
0.932
0.928
0.923
0.871
0.796
0.719
0.692
0.712
0.751
0.778
0.805
0.81
0.814
0.83
0.798
0.71
0.651
0.631
0.628
0.626
0.606
0.583
0.553
0.51
0.517
0.597
0.658
0.635
0.583
0.533
0.472
0.399
0.293
0.188
0.097
0.073
0.188
0.315
0.367
0.381
0.413
0.451
0.467
0.451
0.372
0.247
0.136
0.095
0.15
0.243
0.288
0.322
0.367
0.417
0.456
0.474
0.458
0.435
0.395
0.347
0.297
0.263
0.243
0.256
0.315
0.383
0.447
0.474
0.458
0.504
0.558
0.526
0.463
0.431
0.401
0.374
0.386
0.442
0.538
0.61
0.658
0.705
0.758
0.771
0.726
0.66
0.606
0.603
0.606
0.569
0.553
0.574
0.617
0.687
0.758
0.778
0.771
0.749
0.699
0.656
0.64
0.585
0.508
0.499
0.551
0.59
0.576
0.572
0.628
0.665
0.662
0.651
0.624
0.553
0.492
0.433
0.37
0.338
0.363
0.417
0.454
0.494
0.574
0.601
0.524
0.458
0.483
0.458
0.327
0.206
0.163
0.163
0.193
0.234
0.293
0.327
0.281
0.204
0.168
0.161
0.12
0.059
0.02
0.002
-0.036
-0.088
-0.118
-0.143
-0.116
-0.041
-0.043
-0.113
-0.156
-0.179
-0.234
-0.261
-0.245
-0.265
-0.311
-0.324
-0.295
-0.247
-0.252
-0.268
-0.238
-0.234
-0.333
-0.435
-0.481
-0.531
-0.549
-0.524
-0.481
-0.44
-0.422
-0.435
-0.456
-0.458
-0.472
-0.519
-0.562
-0.597
-0.624
-0.635
-0.633
-0.603
-0.587
-0.551
-0.519
-0.54
-0.562
-0.567
-0.553
-0.508
-0.465
-0.472
-0.513
-0.504
-0.442
-0.42
-0.408
-0.383
-0.354
-0.338
-0.354
-0.379
-0.397
-0.42
-0.445
-0.426
-0.397
-0.358
-0.286
-0.193
-0.17
-0.227
-0.297
-0.308
-0.311
-0.324
-0.313
-0.29
-0.281
-0.279
-0.286
-0.254
-0.166
-0.102
-0.109
-0.163
-0.245
-0.304
-0.327
-0.352
-0.349
-0.288
-0.204
-0.113
-0.05
-0.009
0.004
-0.007
-0.057
-0.193
-0.354
-0.469
-0.528
-0.513
-0.458
-0.408
-0.345
-0.311
-0.32
-0.356
-0.388
-0.447
-0.544
-0.608
-0.61
-0.646
-0.758
-0.848
-0.862
-0.871
-0.873
-0.887
-0.912
-0.935
-0.941
-0.975
-1.039
-1.091
-1.166
-1.234
-1.225
-1.159
-1.1
-1.086
-1.066
-1.007
-0.95
-1.05
-1.236
-1.359
-1.409
-1.477
-1.526
-1.52
-1.418
-1.32
-1.3
-1.304
-1.291
-1.302
-1.377
-1.449
-1.47
-1.479
-1.526
-1.561
-1.495
-1.422
-1.388
-1.359
-1.32
-1.259
-1.175
-1.204
-1.311
-1.368
-1.381
-1.422
-1.463
-1.436
-1.345
-1.272
-1.191
-1.041
-0.857
-0.737
-0.733
-0.816
-0.866
-0.891
-1.003
-1.114
-1.098
-1.016
-0.953
-0.903
-0.839
-0.735
-0.64
-0.587
-0.574
-0.54
-0.542
-0.608
-0.66
-0.642
-0.606
-0.601
-0.587
-0.547
-0.504
-0.431
-0.361
-0.349
-0.39
-0.485
-0.565
-0.581
-0.556
-0.542
-0.519
-0.429
-0.311
-0.238
-0.222
-0.268
-0.327
-0.365
-0.381
-0.422
-0.526
-0.628
-0.651
-0.676
-0.733
-0.735
-0.694
-0.646
-0.576
-0.501
-0.504
-0.603
-0.699
-0.723
-0.753
-0.83
-0.919
-0.962
-0.953
-0.928
-0.925
-0.919
-0.925
-1.012
-1.125
-1.145
-1.13
-1.175
-1.254
-1.275
-1.232
-1.207
-1.227
-1.243
-1.232
-1.209
-1.225
-1.325
-1.415
-1.447
-1.472
-1.526
-1.531
-1.522
-1.567
-1.59
-1.552
-1.506
-1.477
-1.454
-1.433
-1.409
-1.39
-1.422
-1.492
-1.549
-1.542
-1.499
-1.506
-1.579
-1.642
-1.645
-1.64
-1.678
-1.697
-1.635
-1.581
-1.572
-1.477
-1.291
-1.214
-1.234
-1.227
-1.186
-1.186
-1.25
-1.313
-1.322
-1.291
-1.263
-1.238
-1.198
-1.177
-1.164
-1.107
-1
-0.88
-0.846
-0.91
-0.887
-0.805
-0.801
-0.816
-0.816
-0.801
-0.735
-0.667
-0.667
-0.703
-0.73
-0.767
-0.796
-0.803
-0.801
-0.789
-0.76
-0.701
-0.646
-0.592
-0.538
-0.56
-0.594
-0.544
-0.519
-0.59
-0.696
-0.758
-0.746
-0.719
-0.726
-0.717
-0.678
-0.649
-0.631
-0.597
-0.592
-0.64
-0.69
-0.685
-0.646
-0.646
-0.767
-0.876
-0.864
-0.848
-0.903
-0.955
-0.975
-0.987
-1.023
-1.055
-1.082
-1.096
-1.109
-1.136
-1.164
-1.166
-1.173
-1.168
-1.132
-1.123
-1.214
-1.343
-1.454
-1.558
-1.599
-1.572
-1.572
-1.583
-1.592
-1.556
-1.492
-1.406
-1.368
-1.384
-1.418
-1.431
-1.445
-1.477
-1.533
-1.57
-1.54
-1.481
-1.483
-1.561
-1.635
-1.62
-1.572
-1.601
-1.645
-1.629
-1.579
-1.522
-1.433
-1.336
-1.307
-1.325
-1.297
-1.252
-1.266
-1.302
-1.325
-1.307
-1.293
-1.336
-1.399
-1.395
-1.363
-1.35
-1.266
-1.15
-1.075
-1.034
-1.005
-0.991
-0.975
-0.962
-0.941
-0.9
-0.842
-0.819
-0.848
-0.887
-0.866
-0.792
-0.749
-0.749
-0.792
-0.855
-0.864
-0.789
-0.753
-0.764
-0.744
-0.683
-0.621
-0.574
-0.562
-0.574
-0.59
-0.599
-0.592
-0.594
-0.633
-0.674
-0.66
-0.628
-0.628
-0.637
-0.685
-0.764
-0.762
-0.705
-0.712
-0.771
-0.812
-0.812
-0.762
-0.699
-0.667
-0.671
-0.676
-0.658
-0.637
-0.66
-0.714
-0.762
-0.78
-0.764
-0.785
-0.894
-0.975
-1
-1.012
-1.016
-1.012
-1.021
-1.048
-1.057
-1.046
-1.043
-1.039
-1.034
-1.032
-1.014
-1.009
-1.025
-1.037
-1.039
-1.052
-1.091
-1.182
-1.284
-1.313
-1.331
-1.361
-1.379
-1.352
-1.284
-1.179
-1.071
-0.984
-0.946
-0.93
-0.916
-0.91
-0.944
-1.043
-1.152
-1.198
-1.175
-1.15
-1.121
-1.061
-1.057
-1.107
-1.111
-1.082
-1.082
-1.125
-1.161
-1.121
-1.003
-0.896
-0.864
-0.837
-0.776
-0.69
-0.612
-0.603
-0.678
-0.762
-0.796
-0.871
-0.953
-0.971
-1.003
-1.007
-0.912
-0.762
-0.637
-0.54
-0.46
-0.358
-0.293
-0.293
-0.338
-0.379
-0.424
-0.483
-0.508
-0.456
-0.383
-0.374
-0.358
-0.297
-0.318
-0.415
-0.476
-0.472
-0.449
-0.431
-0.449
-0.472
-0.447
-0.381
-0.299
-0.222
-0.181
-0.159
-0.129
-0.129
-0.181
-0.259
-0.354
-0.49
-0.558
-0.51
-0.49
-0.506
-0.467
-0.379
-0.288
-0.243
-0.236
-0.263
-0.295
-0.306
-0.32
-0.342
-0.365
-0.365
-0.324
-0.206
-0.132
-0.202
-0.268
-0.254
-0.265
-0.333
-0.429
-0.517
-0.565
-0.556
-0.538
-0.533
-0.538
-0.538
-0.508
-0.426
-0.342
-0.32
-0.324
-0.331
-0.356
-0.388
-0.451
-0.56
-0.581
-0.531
-0.533
-0.562
-0.558
-0.535
-0.506
-0.46
-0.433
-0.447
-0.483
-0.483
-0.435
-0.388
-0.361
-0.333
-0.286
-0.202
-0.145
-0.161
-0.175
-0.204
-0.274
-0.32
-0.32
-0.342
-0.361
-0.349
-0.313
-0.234
-0.184
-0.195
-0.222
-0.197
-0.111
-0.011
0.059
0.057
0.036
0.066
0.118
0.127
0.17
0.193
0.152
0.097
0.086
0.075
0.082
0.113
0.147
0.175
0.177
0.179
0.229
0.374
0.542
0.612
0.592
0.549
0.549
0.574
0.569
0.519
0.474
0.431
0.397
0.365
0.333
0.32
0.327
0.363
0.426
0.442
0.39
0.358
0.411
0.519
0.624
0.665
0.603
0.551
0.626
0.699
0.665
0.576
0.463
0.37
0.308
0.29
0.283
0.259
0.206
0.175
0.2
0.236
0.234
0.206
0.281
0.397
0.465
0.417
0.306
0.206
0.17
0.152
0.12
0.109
0.134
0.154
0.136
0.12
0.125
0.109
0.057
0.018
0.014
0
-0.023
-0.007
0.05
0.07
0.018
-0.014
0.063
0.188
0.222
0.177
0.154
0.161
0.143
0.095
0.079
0.095
0.125
0.168
0.177
0.193
0.222
0.247
0.265
0.295
0.29
0.259
0.24
0.268
0.288
0.279
0.281
0.304
0.354
0.42
0.474
0.504
0.517
0.517
0.492
0.467
0.46
0.494
0.59
0.696
0.717
0.678
0.644
0.651
0.71
0.776
0.803
0.814
0.844
0.866
0.855
0.823
0.819
0.814
0.789
0.807
0.864
0.9
0.914
0.932
0.95
0.948
0.905
0.846
0.835
0.914
1.005
1.061
1.071
1.037
1.012
1.007
0.987
0.939
0.923
0.912
0.871
0.835
0.789
0.733
0.696
0.703
0.762
0.78
0.753
0.751
0.76
0.789
0.814
0.828
0.814
0.828
0.878
0.885
0.828
0.726
0.621
0.587
0.587
0.565
0.513
0.49
0.522
0.528
0.49
0.451
0.44
0.449
0.506
0.585
0.61
0.553
0.44
0.352
0.363
0.401
0.376
0.331
0.361
0.415
0.404
0.352
0.347
0.401
0.435
0.411
0.361
0.324
0.329
0.345
0.349
0.381
0.404
0.361
0.349
0.42
0.467
0.42
0.338
0.302
0.308
0.324
0.372
0.447
0.556
0.66
0.678
0.642
0.633
0.656
0.665
0.644
0.621
0.612
0.615
0.592
0.572
0.597
0.637
0.635
0.678
0.807
0.889
0.891
0.903
0.907
0.862
0.828
0.844
0.885
0.957
1.064
1.132
1.143
1.086
1.016
0.993
0.987
0.948
0.896
0.889
0.946
1.025
1.093
1.15
1.218
1.316
1.449
1.508
1.422
1.322
1.257
1.216
1.186
1.164
1.139
1.136
1.191
1.318
1.436
1.508
1.558
1.592
1.581
1.533
1.472
1.44
1.47
1.502
1.515
1.536
1.583
1.647
1.706
1.735
1.699
1.626
1.572
1.54
1.513
1.515
1.529
1.592
1.713
1.846
1.935
1.998
2.066
2.143
2.236
2.248
2.1
1.942
1.862
1.821
1.815
1.874
1.971
2.021
2.06
2.141
2.232
2.264
2.241
2.221
2.209
2.18
2.139
2.157
2.268
2.407
2.497
2.563
2.588
2.577
2.55
2.502
2.441
2.4
2.366
2.35
2.384
2.463
2.563
2.658
2.724
2.806
2.888
2.899
2.863
2.817
2.788
2.747
2.683
2.62
2.602
2.62
2.663
2.717
2.745
2.79
2.86
2.869
2.819
2.747
2.69
2.683
2.686
2.672
2.702
2.801
2.906
3.021
3.119
3.107
3.003
2.874
2.747
2.645
2.586
2.534
2.511
2.522
2.57
2.636
2.704
2.77
2.808
2.817
2.749
2.622
2.559
2.545
2.495
2.443
2.438
2.463
2.502
2.522
2.506
2.47
2.425
2.377
2.352
2.334
2.243
2.109
2.037
2.06
2.109
2.128
2.137
2.18
2.218
2.212
2.155
2.055
1.942
1.835
1.713
1.633
1.651
1.733
1.819
1.871
1.894
1.894
1.858
1.794
1.722
1.626
1.52
1.422
1.375
1.456
1.622
1.692
1.694
1.706
1.731
1.724
1.669
1.576
1.492
1.427
1.347
1.295
1.288
1.32
1.359
1.375
1.406
1.477
1.504
1.481
1.433
1.388
1.375
1.354
1.316
1.288
1.334
1.443
1.533
1.597
1.656
1.703
1.715
1.651
1.52
1.395
1.313
1.263
1.238
1.288
1.39
1.492
1.613
1.771
1.878
1.876
1.799
1.699
1.608
1.547
1.511
1.474
1.463
1.504
1.572
1.645
1.731
1.824
1.858
1.815
1.733
1.688
1.685
1.694
1.685
1.703
1.744
1.767
1.79
1.842
1.921
1.987
1.969
1.899
1.828
1.771
1.701
1.604
1.495
1.452
1.488
1.59
1.733
1.842
1.905
1.919
1.887
1.871
1.88
1.837
1.74
1.654
1.651
1.708
1.753
1.744
1.715
1.717
1.742
1.751
1.74
1.735
1.724
1.701
1.683
1.694
1.692
1.672
1.667
1.703
1.744
1.774
1.776
1.726
1.667
1.64
1.626
1.599
1.581
1.629
1.706
1.747
1.726
1.694
1.676
1.685
1.715
1.722
1.71
1.694
1.656
1.624
1.599
1.583
1.563
1.545
1.547
1.579
1.613
1.608
1.597
1.579
1.579
1.599
1.62
1.617
1.638
1.719
1.758
1.722
1.678
1.638
1.604
1.57
1.533
1.502
1.481
1.456
1.438
1.436
1.402
1.375
1.402
1.474
1.581
1.647
1.633
1.579
1.54
1.502
1.459
1.406
1.316
1.254
1.284
1.316
1.288
1.25
1.259
1.307
1.35
1.361
1.372
1.399
1.386
1.322
1.229
1.127
1.043
0.984
0.987
1.037
1.064
1.052
1.048
1.071
1.114
1.139
1.114
1.082
1.066
1.064
1.048
1.016
0.95
0.919
0.937
0.955
0.953
0.953
0.939
0.905
0.887
0.86
0.764
0.642
0.574
0.587
0.644
0.676
0.678
0.69
0.714
0.751
0.796
0.826
0.835
0.832
0.848
0.846
0.751
0.597
0.479
0.476
0.528
0.56
0.54
0.524
0.538
0.567
0.599
0.583
0.513
0.454
0.483
0.567
0.594
0.567
0.544
0.551
0.569
0.547
0.492
0.472
0.528
0.621
0.651
0.603
0.528
0.476
0.476
0.526
0.565
0.569
0.562
0.592
0.621
0.59
0.508
0.411
0.379
0.411
0.447
0.449
0.456
0.485
0.522
0.56
0.551
0.513
0.494
0.517
0.556
0.562
0.515
0.433
0.376
0.406
0.492
0.587
0.628
0.612
0.601
0.565
0.481
0.365
0.263
0.211
0.229
0.268
0.277
0.286
0.352
0.472
0.578
0.612
0.587
0.558
0.56
0.547
0.488
0.411
0.313
0.245
0.24
0.281
0.347
0.415
0.483
0.56
0.603
0.574
0.447
0.315
0.274
0.274
0.277
0.243
0.231
0.293
0.361
0.415
0.469
0.501
0.501
0.506
0.497
0.445
0.383
0.302
0.243
0.24
0.277
0.342
0.388
0.397
0.438
0.494
0.485
0.392
0.283
0.229
0.231
0.254
0.263
0.249
0.27
0.315
0.374
0.431
0.447
0.431
0.374
0.306
0.261
0.243
0.197
0.152
0.127
0.134
0.17
0.218
0.234
0.234
0.256
0.277
0.211
0.068
-0.061
-0.111
-0.118
-0.129
-0.152
-0.152
-0.143
-0.122
-0.088
-0.068
-0.093
-0.154
-0.238
-0.304
-0.345
-0.422
-0.513
-0.531
-0.442
-0.338
-0.308
-0.322
-0.308
-0.261
-0.272
-0.372
-0.499
-0.592
-0.635
-0.68
-0.76
-0.805
-0.753
-0.671
-0.585
-0.526
-0.51
-0.558
-0.608
-0.656
-0.751
-0.887
-1.028
-1.1
-1.075
-0.993
-0.932
-0.914
-0.896
-0.826
-0.714
-0.699
-0.837
-0.993
-1.08
-1.109
-1.136
-1.17
-1.175
-1.098
-0.971
-0.851
-0.792
-0.792
-0.812
-0.803
-0.814
-0.889
-1.059
-1.263
-1.365
-1.309
-1.189
-1.08
-1.009
-0.907
-0.746
-0.651
-0.705
-0.857
-1.005
-1.091
-1.143
-1.218
-1.322
-1.35
-1.234
-1.046
-0.851
-0.712
-0.68
-0.694
-0.71
-0.753
-0.844
-1.014
-1.179
-1.259
-1.218
-1.118
-1.039
-0.973
-0.832
-0.646
-0.56
-0.583
-0.646
-0.771
-0.919
-1.009
-1.052
-1.121
-1.166
-1.114
-0.982
-0.839
-0.723
-0.628
-0.576
-0.597
-0.662
-0.742
-0.866
-1.039
-1.123
-1.1
-1.041
-0.964
-0.88
-0.773
-0.635
-0.556
-0.574
-0.631
-0.685
-0.751
-0.832
-0.907
-0.989
-1.021
-0.975
-0.869
-0.723
-0.594
-0.508
-0.504
-0.578
-0.633
-0.646
-0.71
-0.828
-0.923
-0.941
-0.912
-0.9
-0.876
-0.785
-0.674
-0.621
-0.619
-0.651
-0.728
-0.823
-0.866
-0.876
-0.896
-0.937
-0.98
-0.955
-0.86
-0.778
-0.733
-0.701
-0.665
-0.676
-0.73
-0.823
-0.935
-1.005
-1.016
-0.998
-0.987
-0.941
-0.828
-0.742
-0.733
-0.728
-0.758
-0.828
-0.907
-0.98
-1.039
-1.105
-1.179
-1.245
-1.25
-1.218
-1.175
-1.118
-1.091
-1.139
-1.157
-1.105
-1.096
-1.145
-1.218
-1.322
-1.404
-1.429
-1.447
-1.431
-1.329
-1.202
-1.154
-1.177
-1.225
-1.257
-1.295
-1.354
-1.415
-1.459
-1.456
-1.429
-1.424
-1.433
-1.395
-1.361
-1.343
-1.316
-1.268
-1.259
-1.322
-1.404
-1.47
-1.538
-1.606
-1.676
-1.701
-1.676
-1.654
-1.581
-1.461
-1.363
-1.32
-1.345
-1.404
-1.445
-1.481
-1.547
-1.595
-1.581
-1.554
-1.583
-1.651
-1.683
-1.647
-1.601
-1.608
-1.647
-1.613
-1.572
-1.588
-1.617
-1.624
-1.599
-1.565
-1.552
-1.572
-1.574
-1.561
-1.563
-1.574
-1.595
-1.683
-1.842
-1.88
-1.835
-1.824
-1.83
-1.79
-1.717
-1.613
-1.558
-1.554
-1.563
-1.57
-1.549
-1.517
-1.508
-1.549
-1.615
-1.683
-1.694
-1.697
-1.776
-1.858
-1.864
-1.817
-1.722
-1.606
-1.533
-1.526
-1.529
-1.549
-1.599
-1.617
-1.604
-1.638
-1.703
-1.708
-1.669
-1.669
-1.703
-1.728
-1.744
-1.771
-1.819
-1.844
-1.799
-1.713
-1.651
-1.645
-1.663
-1.624
-1.545
-1.504
-1.436
-1.37
-1.402
-1.492
-1.554
-1.613
-1.706
-1.806
-1.876
-1.896
-1.869
-1.803
-1.706
-1.61
-1.547
-1.517
-1.508
-1.513
-1.52
-1.497
-1.49
-1.542
-1.613
-1.674
-1.708
-1.742
-1.771
-1.787
-1.778
-1.774
-1.728
-1.626
-1.536
-1.533
-1.558
-1.57
-1.588
-1.595
-1.572
-1.536
-1.529
-1.563
-1.581
-1.572
-1.579
-1.635
-1.71
-1.781
-1.86
-1.894
-1.828
-1.744
-1.713
-1.672
-1.61
-1.558
-1.506
-1.456
-1.443
-1.468
-1.474
-1.492
-1.567
-1.651
-1.685
-1.717
-1.769
-1.799
-1.79
-1.796
-1.79
-1.69
-1.608
-1.604
-1.61
-1.579
-1.531
-1.536
-1.561
-1.588
-1.635
-1.688
-1.79
-1.867
-1.88
-1.903
-1.908
-1.855
-1.806
-1.774
-1.765
-1.769
-1.769
-1.735
-1.694
-1.654
-1.608
-1.567
-1.536
-1.536
-1.563
-1.561
-1.576
-1.694
-1.837
-1.908
-1.914
-1.908
-1.876
-1.796
-1.719
-1.685
-1.658
-1.592
-1.49
-1.459
-1.552
-1.615
-1.615
-1.651
-1.694
-1.756
-1.855
-1.942
-1.96
-1.919
-1.853
-1.785
-1.708
-1.638
-1.579
-1.524
-1.483
-1.502
-1.567
-1.579
-1.622
-1.722
-1.79
-1.812
-1.844
-1.871
-1.871
-1.855
-1.842
-1.86
-1.858
-1.794
-1.719
-1.713
-1.79
-1.803
-1.76
-1.717
-1.658
-1.615
-1.629
-1.663
-1.678
-1.713
-1.785
-1.864
-1.912
-1.923
-1.901
-1.849
-1.778
-1.724
-1.672
-1.622
-1.626
-1.64
-1.606
-1.599
-1.647
-1.708
-1.733
-1.726
-1.706
-1.672
-1.626
-1.617
-1.663
-1.735
-1.751
-1.731
-1.742
-1.744
-1.708
-1.66
-1.629
-1.595
-1.552
-1.517
-1.474
-1.429
-1.395
-1.397
-1.454
-1.517
-1.545
-1.572
-1.64
-1.654
-1.604
-1.547
-1.472
-1.397
-1.343
-1.307
-1.277
-1.25
-1.254
-1.311
-1.395
-1.454
-1.483
-1.502
-1.502
-1.508
-1.483
-1.384
-1.309
-1.284
-1.279
-1.311
-1.356
-1.395
-1.429
-1.438
-1.42
-1.384
-1.347
-1.286
-1.211
-1.179
-1.216
-1.229
-1.227
-1.259
-1.297
-1.363
-1.433
-1.431
-1.361
-1.272
-1.204
-1.152
-1.111
-1.055
-1.021
-1.059
-1.164
-1.252
-1.288
-1.302
-1.356
-1.386
-1.311
-1.223
-1.157
-1.086
-1.043
-1.046
-1.066
-1.08
-1.1
-1.134
-1.186
-1.236
-1.229
-1.15
-1.039
-0.973
-0.925
-0.896
-0.923
-0.971
-1.048
-1.182
-1.286
-1.318
-1.309
-1.25
-1.17
-1.098
-1.025
-0.928
-0.839
-0.81
-0.864
-0.993
-1.15
-1.304
-1.399
-1.399
-1.359
-1.307
-1.209
-1.105
-0.996
-0.896
-0.848
-0.855
-0.853
-0.857
-0.928
-1.012
-1.093
-1.15
-1.145
-1.08
-0.98
-0.885
-0.796
-0.773
-0.81
-0.851
-0.907
-1.018
-1.114
-1.139
-1.114
-1.064
-1.014
-0.971
-0.882
-0.742
-0.64
-0.64
-0.726
-0.794
-0.819
-0.862
-0.93
-0.971
-1.032
-1.046
-0.957
-0.814
-0.705
-0.669
-0.642
-0.612
-0.599
-0.621
-0.708
-0.794
-0.805
-0.78
-0.789
-0.717
-0.635
-0.646
-0.678
-0.644
-0.569
-0.542
-0.617
-0.733
-0.801
-0.796
-0.796
-0.796
-0.769
-0.73
-0.705
-0.667
-0.594
-0.488
-0.494
-0.576
-0.599
-0.594
-0.633
-0.696
-0.76
-0.78
-0.728
-0.631
-0.551
-0.51
-0.497
-0.515
-0.517
-0.463
-0.442
-0.528
-0.601
-0.587
-0.533
-0.494
-0.483
-0.481
-0.445
-0.422
-0.422
-0.415
-0.435
-0.535
-0.653
-0.662
-0.567
-0.476
-0.49
-0.494
-0.386
-0.263
-0.188
-0.154
-0.202
-0.274
-0.322
-0.349
-0.376
-0.388
-0.404
-0.438
-0.395
-0.277
-0.17
-0.141
-0.122
-0.063
-0.041
-0.057
-0.116
-0.193
-0.245
-0.259
-0.243
-0.186
-0.12
-0.079
-0.05
-0.009
-0.018
-0.07
-0.129
-0.141
-0.129
-0.15
-0.184
-0.159
-0.104
-0.05
0.032
0.1
0.129
0.129
0.104
0.063
0.05
0.007
-0.077
-0.127
-0.073
0.036
0.134
0.209
0.299
0.338
0.283
0.243
0.252
0.193
0.075
0.039
0.102
0.154
0.152
0.147
0.168
0.19
0.211
0.234
0.218
0.197
0.231
0.256
0.227
0.179
0.152
0.147
0.177
0.256
0.342
0.374
0.367
0.392
0.44
0.454
0.352
0.222
0.161
0.145
0.152
0.197
0.256
0.274
0.308
0.381
0.429
0.386
0.283
0.272
0.322
0.361
0.379
0.363
0.338
0.308
0.288
0.311
0.392
0.481
0.504
0.479
0.515
0.597
0.635
0.606
0.497
0.426
0.456
0.515
0.54
0.547
0.54
0.513
0.526
0.562
0.587
0.556
0.49
0.508
0.592
0.662
0.69
0.662
0.631
0.662
0.73
0.746
0.692
0.651
0.644
0.619
0.635
0.714
0.785
0.792
0.792
0.819
0.876
0.889
0.837
0.81
0.805
0.76
0.726
0.717
0.683
0.66
0.656
0.69
0.739
0.771
0.783
0.814
0.855
0.876
0.864
0.866
0.894
0.925
0.928
0.912
0.912
0.923
0.907
0.896
0.9
0.864
0.785
0.71
0.69
0.733
0.83
0.916
0.946
0.966
1.014
1.037
0.993
0.946
0.925
0.857
0.778
0.751
0.769
0.778
0.773
0.81
0.914
1.005
1.043
1.059
1.05
1.043
1.08
1.152
1.15
1.041
0.959
0.978
0.991
1.007
1.048
1.08
1.064
1.025
1.009
0.966
0.903
0.891
0.953
0.991
1.034
1.125
1.189
1.157
1.145
1.2
1.195
1.098
1.032
1.05
1.057
0.998
0.987
1.098
1.166
1.121
1.123
1.189
1.216
1.214
1.257
1.257
1.166
1.068
1.064
1.1
1.093
1.073
1.093
1.109
1.118
1.143
1.134
1.037
0.993
1.071
1.152
1.154
1.152
1.2
1.236
1.268
1.34
1.422
1.363
1.2
1.107
1.089
1.025
0.959
0.98
1.007
0.989
0.998
1.118
1.257
1.302
1.304
1.359
1.368
1.309
1.282
1.25
1.109
0.975
0.98
1.039
1.041
1.009
1.007
1.034
1.111
1.234
1.307
1.286
1.297
1.338
1.293
1.204
1.177
1.195
1.161
1.086
1.061
1.096
1.098
1.071
1.077
1.091
1.059
1.014
1.007
1.05
1.08
1.109
1.198
1.286
1.266
1.179
1.109
1.052
1.016
1.023
1.025
0.984
0.948
0.971
1.034
1.082
1.089
1.109
1.118
1.046
0.978
0.982
1.005
1
1.023
1.039
1.025
1.007
1.003
0.989
0.946
0.916
0.912
0.887
0.816
0.742
0.699
0.728
0.828
0.919
0.966
0.971
0.98
1.014
1.066
1.066
0.973
0.857
0.773
0.708
0.628
0.583
0.619
0.714
0.789
0.814
0.837
0.864
0.88
0.907
0.896
0.783
0.671
0.631
0.585
0.463
0.363
0.399
0.469
0.488
0.531
0.64
0.712
0.71
0.676
0.665
0.671
0.621
0.551
0.497
0.435
0.386
0.392
0.44
0.497
0.556
0.601
0.621
0.61
0.608
0.562
0.433
0.342
0.37
0.442
0.42
0.329
0.34
0.426
0.476
0.463
0.438
0.417
0.388
0.342
0.311
0.327
0.347
0.376
0.42
0.388
0.306
0.286
0.315
0.306
0.306
0.352
0.413
0.456
0.463
0.449
0.42
0.379
0.367
0.356
0.252
0.097
0.068
0.138
0.213
0.27
0.315
0.324
0.322
0.379
0.451
0.401
0.238
0.127
0.104
0.023
-0.097
-0.159
-0.143
-0.039
0.107
0.24
0.329
0.37
0.411
0.404
0.318
0.193
0.102
-0.009
-0.195
-0.318
-0.268
-0.147
-0.048
0.016
0.063
0.113
0.2
0.274
0.27
0.17
0.018
-0.109
-0.147
-0.143
-0.197
-0.32
-0.383
-0.302
-0.163
-0.097
-0.107
-0.113
-0.054
0.014
0
-0.088
-0.188
-0.279
-0.349
-0.358
-0.315
-0.272
-0.249
-0.261
-0.279
-0.247
-0.17
-0.136
-0.197
-0.333
-0.433
-0.433
-0.363
-0.295
-0.279
-0.324
-0.388
-0.37
-0.281
-0.263
-0.381
-0.508
-0.49
-0.395
-0.39
-0.433
-0.467
-0.497
-0.483
-0.438
-0.406
-0.433
-0.488
-0.501
-0.488
-0.44
-0.342
-0.243
-0.254
-0.345
-0.399
-0.361
-0.313
-0.379
-0.524
-0.653
-0.701
-0.637
-0.549
-0.508
-0.51
-0.485
-0.381
-0.229
-0.141
-0.195
-0.367
-0.51
-0.551
-0.569
-0.656
-0.769
-0.823
-0.78
-0.669
-0.562
-0.485
-0.411
-0.338
-0.299
-0.302
-0.358
-0.422
-0.506
-0.642
-0.742
-0.699
-0.576
-0.531
-0.624
-0.728
-0.685
-0.522
-0.372
-0.329
-0.415
-0.567
-0.676
-0.678
-0.635
-0.683
-0.83
-0.894
-0.796
-0.617
-0.501
-0.519
-0.617
-0.676
-0.662
-0.624
-0.642
-0.773
-0.905
-0.912
-0.819
-0.708
-0.606
-0.551
-0.597
-0.692
-0.678
-0.547
-0.481
-0.597
-0.837
-1.014
-1.073
-1.034
-0.996
-1.041
-1.118
-1.116
-1
-0.823
-0.701
-0.69
-0.735
-0.739
-0.73
-0.764
-0.866
-1.05
-1.202
-1.211
-1.1
-0.978
-0.964
-1.009
-1.037
-1.009
-0.921
-0.83
-0.785
-0.826
-0.925
-1.023
-1.03
-0.987
-1.025
-1.184
-1.345
-1.347
-1.202
-1.077
-1.048
-1.084
-1.1
-1.052
-0.975
-0.919
-0.959
-1.073
-1.159
-1.152
-1.08
-1.018
-1.048
-1.134
-1.209
-1.186
-1.071
-1.003
-1.048
-1.084
-1.032
-1.009
-1.071
-1.143
-1.177
-1.223
-1.307
-1.32
-1.214
-1.093
-1.071
-1.102
-1.089
-1.021
-0.987
-1.028
-1.134
-1.252
-1.338
-1.34
-1.286
-1.259
-1.254
-1.223
-1.182
-1.141
-1.061
-1.032
-1.093
-1.15
-1.154
-1.159
-1.22
-1.336
-1.427
-1.511
-1.567
-1.52
-1.402
-1.302
-1.266
-1.225
-1.182
-1.182
-1.186
-1.198
-1.268
-1.395
-1.474
-1.456
-1.411
-1.427
-1.474
-1.506
-1.495
-1.413
-1.343
-1.347
-1.395
-1.381
-1.318
-1.291
-1.352
-1.436
-1.508
-1.61
-1.685
-1.651
-1.572
-1.552
-1.558
-1.49
-1.386
-1.34
-1.361
-1.363
-1.343
-1.388
-1.436
-1.433
-1.427
-1.486
-1.547
-1.547
-1.531
-1.506
-1.461
-1.44
-1.449
-1.411
-1.302
-1.247
-1.334
-1.443
-1.472
-1.495
-1.579
-1.615
-1.545
-1.481
-1.492
-1.463
-1.381
-1.343
-1.37
-1.356
-1.311
-1.352
-1.433
-1.47
-1.459
-1.438
-1.418
-1.381
-1.316
-1.241
-1.218
-1.257
-1.295
-1.291
-1.254
-1.288
-1.406
-1.524
-1.585
-1.601
-1.572
-1.508
-1.424
-1.325
-1.22
-1.134
-1.102
-1.154
-1.243
-1.286
-1.309
-1.37
-1.449
-1.499
-1.492
-1.436
-1.372
-1.307
-1.225
-1.173
-1.164
-1.177
-1.189
-1.189
-1.204
-1.291
-1.397
-1.433
-1.409
-1.422
-1.47
-1.449
-1.384
-1.334
-1.27
-1.164
-1.127
-1.227
-1.336
-1.3
-1.227
-1.263
-1.359
-1.422
-1.42
-1.34
-1.225
-1.139
-1.084
-1.066
-1.086
-1.13
-1.161
-1.186
-1.209
-1.282
-1.356
-1.372
-1.34
-1.325
-1.327
-1.3
-1.245
-1.193
-1.125
-1.046
-1.041
-1.109
-1.166
-1.141
-1.075
-1.1
-1.225
-1.327
-1.336
-1.286
-1.209
-1.114
-1.018
-0.969
-0.95
-0.939
-0.919
-0.9
-0.93
-0.996
-1.073
-1.127
-1.166
-1.234
-1.263
-1.225
-1.175
-1.154
-1.116
-1
-0.905
-0.903
-0.925
-0.896
-0.866
-0.941
-1.084
-1.189
-1.214
-1.198
-1.157
-1.073
-0.989
-0.955
-0.903
-0.848
-0.837
-0.86
-0.873
-0.896
-0.959
-1.023
-1.098
-1.177
-1.182
-1.098
-1.012
-0.996
-0.996
-0.939
-0.853
-0.835
-0.862
-0.832
-0.823
-0.935
-1.055
-1.075
-1.048
-1.007
-0.939
-0.837
-0.708
-0.642
-0.651
-0.671
-0.69
-0.749
-0.803
-0.828
-0.864
-0.916
-0.946
-0.91
-0.853
-0.776
-0.703
-0.676
-0.68
-0.665
-0.606
-0.581
-0.621
-0.665
-0.683
-0.751
-0.848
-0.876
-0.819
-0.769
-0.746
-0.683
-0.553
-0.431
-0.397
-0.404
-0.411
-0.445
-0.501
-0.522
-0.538
-0.597
-0.669
-0.71
-0.678
-0.612
-0.544
-0.506
-0.497
-0.481
-0.451
-0.392
-0.336
-0.342
-0.392
-0.456
-0.526
-0.562
-0.558
-0.542
-0.515
-0.447
-0.34
-0.218
-0.127
-0.118
-0.145
-0.19
-0.252
-0.322
-0.374
-0.42
-0.442
-0.435
-0.395
-0.322
-0.238
-0.184
-0.206
-0.227
-0.197
-0.166
-0.159
-0.159
-0.204
-0.274
-0.352
-0.39
-0.347
-0.265
-0.193
-0.111
-0.027
0.029
0.104
0.159
0.118
0.029
-0.059
-0.136
-0.22
-0.288
-0.308
-0.274
-0.195
-0.111
-0.016
0.059
0.1
0.122
0.125
0.093
0.018
-0.034
-0.075
-0.129
-0.179
-0.225
-0.261
-0.234
-0.129
-0.027
0.023
0.054
0.154
0.29
0.324
0.256
0.186
0.102
-0.002
-0.082
-0.088
-0.079
-0.07
-0.023
0.036
0.063
0.104
0.159
0.19
0.2
0.184
0.184
0.202
0.186
0.15
0.127
0.077
0.02
0.07
0.175
0.202
0.193
0.279
0.429
0.479
0.404
0.306
0.234
0.188
0.179
0.193
0.204
0.195
0.227
0.288
0.322
0.327
0.342
0.388
0.429
0.435
0.381
0.279
0.197
0.175
0.179
0.19
0.181
0.247
0.395
0.535
0.583
0.587
0.619
0.635
0.581
0.488
0.406
0.347
0.274
0.209
0.177
0.168
0.179
0.211
0.272
0.417
0.592
0.676
0.676
0.64
0.569
0.483
0.401
0.338
0.297
0.297
0.302
0.293
0.308
0.361
0.42
0.488
0.567
0.606
0.617
0.576
0.513
0.46
0.397
0.293
0.193
0.159
0.222
0.295
0.333
0.379
0.424
0.463
0.497
0.49
0.429
0.345
0.329
0.345
0.299
0.2
0.145
0.147
0.152
0.145
0.195
0.293
0.352
0.37
0.395
0.352
0.263
0.19
0.193
0.245
0.234
0.163
0.156
0.188
0.24
0.304
0.363
0.431
0.515
0.581
0.522
0.39
0.308
0.234
0.15
0.079
0.068
0.113
0.138
0.127
0.179
0.293
0.338
0.32
0.308
0.349
0.379
0.34
0.263
0.202
0.161
0.138
0.132
0.147
0.184
0.281
0.417
0.492
0.508
0.508
0.458
0.358
0.274
0.229
0.188
0.12
0.052
0.054
0.084
0.052
0.029
0.102
0.272
0.422
0.449
0.415
0.383
0.361
0.297
0.2
0.118
0.091
0.147
0.24
0.254
0.259
0.308
0.372
0.445
0.528
0.556
0.513
0.433
0.376
0.318
0.206
0.079
0.011
0.016
0.086
0.159
0.186
0.259
0.381
0.479
0.499
0.494
0.479
0.445
0.408
0.352
0.272
0.227
0.24
0.254
0.254
0.281
0.331
0.411
0.504
0.551
0.528
0.451
0.356
0.243
0.175
0.204
0.215
0.181
0.17
0.22
0.311
0.372
0.42
0.476
0.547
0.578
0.506
0.381
0.277
0.204
0.154
0.136
0.159
0.213
0.277
0.336
0.379
0.422
0.451
0.417
0.315
0.265
0.304
0.254
0.118
0.045
0.073
0.134
0.166
0.202
0.256
0.304
0.345
0.367
0.408
0.442
0.395
0.295
0.213
0.127
0.068
0.091
0.156
0.197
0.227
0.27
0.324
0.367
0.401
0.435
0.422
0.358
0.297
0.252
0.193
0.134
0.172
0.238
0.277
0.358
0.411
0.42
0.447
0.497
0.472
0.399
0.374
0.388
0.392
0.381
0.37
0.422
0.485
0.488
0.499
0.583
0.615
0.51
0.479
0.533
0.562
0.551
0.524
0.515
0.547
0.587
0.562
0.515
0.504
0.549
0.585
0.567
0.549
0.567
0.592
0.615
0.656
0.651
0.597
0.578
0.567
0.526
0.479
0.456
0.39
0.352
0.406
0.501
0.583
0.662
0.764
0.835
0.853
0.762
0.628
0.556
0.49
0.372
0.279
0.277
0.34
0.46
0.608
0.762
0.891
0.991
1.03
0.98
0.894
0.778
0.619
0.42
0.286
0.304
0.388
0.447
0.531
0.676
0.819
0.948
1.023
0.978
0.896
0.787
0.628
0.467
0.363
0.358
0.445
0.592
0.744
0.9
1.039
1.125
1.132
1.114
1.064
0.9
0.708
0.592
0.542
0.542
0.599
0.714
0.869
1.009
1.096
1.111
1.089
1.007
0.887
0.739
0.621
0.538
0.451
0.429
0.517
0.637
0.755
0.921
1.064
1.071
1.012
0.935
0.812
0.676
0.59
0.556
0.562
0.628
0.735
0.842
0.925
0.971
0.987
0.993
0.984
0.907
0.81
0.737
0.644
0.603
0.653
0.714
0.76
0.83
0.866
0.864
0.844
0.819
0.751
0.662
0.597
0.531
0.501
0.526
0.601
0.69
0.749
0.866
1.005
0.989
0.864
0.76
0.687
0.603
0.558
0.574
0.615
0.685
0.805
0.921
1.005
1.034
0.987
0.916
0.837
0.703
0.59
0.551
0.517
0.524
0.624
0.749
0.837
0.941
1.068
1.098
1.041
0.962
0.898
0.796
0.678
0.617
0.621
0.671
0.746
0.832
0.891
0.998
1.136
1.182
1.116
1.012
0.898
0.837
0.844
0.889
0.941
1.016
1.093
1.154
1.2
1.214
1.148
1.084
1.057
0.982
0.903
0.905
0.946
1.007
1.114
1.229
1.329
1.406
1.468
1.49
1.445
1.35
1.243
1.13
1.028
0.973
0.989
1.034
1.111
1.189
1.209
1.25
1.356
1.386
1.309
1.216
1.152
1.136
1.184
1.275
1.368
1.449
1.508
1.552
1.561
1.522
1.504
1.443
1.293
1.175
1.118
1.13
1.232
1.388
1.538
1.663
1.749
1.785
1.742
1.672
1.554
1.409
1.277
1.211
1.202
1.2
1.295
1.508
1.703
1.787
1.794
1.767
1.737
1.688
1.599
1.499
1.427
1.436
1.545
1.749
1.939
2.005
2.026
2.039
1.985
1.867
1.742
1.606
1.47
1.375
1.354
1.424
1.552
1.728
1.928
2.087
2.143
2.125
2.071
1.978
1.887
1.774
1.667
1.62
1.61
1.633
1.713
1.869
2.044
2.168
2.221
2.207
2.191
2.196
2.107
1.964
1.899
1.905
1.985
2.1
2.205
2.268
2.325
2.352
2.311
2.221
2.091
1.962
1.855
1.767
1.76
1.84
1.98
2.18
2.411
2.556
2.586
2.593
2.577
2.488
2.32
2.159
2.066
2.028
1.998
2.023
2.146
2.291
2.377
2.447
2.491
2.45
2.361
2.307
2.282
2.227
2.157
2.162
2.259
2.373
2.459
2.509
2.536
2.484
2.382
2.261
2.153
2.096
2.046
2.026
2.08
2.175
2.291
2.423
2.563
2.67
2.695
2.67
2.604
2.554
2.504
2.352
2.18
2.105
2.071
2.06
2.125
2.266
2.386
2.45
2.466
2.461
2.452
2.413
2.35
2.268
2.166
2.107
2.13
2.225
2.375
2.479
2.504
2.497
2.475
2.411
2.305
2.178
2.094
2.037
1.985
1.98
2.073
2.266
2.441
2.55
2.624
2.62
2.556
2.477
2.386
2.241
2.096
2.001
1.957
1.969
2.016
2.082
2.162
2.259
2.327
2.318
2.232
2.191
2.207
2.184
2.121
2.091
2.089
2.121
2.164
2.212
2.246
2.264
2.243
2.205
2.189
2.143
2.021
1.919
1.901
1.917
1.969
2.066
2.191
2.284
2.311
2.302
2.305
2.261
2.146
1.994
1.871
1.794
1.783
1.801
1.851
1.967
2.085
2.157
2.189
2.175
2.13
2.075
2.044
2.03
2.007
1.967
1.969
2.023
2.119
2.134
2.107
2.094
2.05
1.957
1.887
1.876
1.878
1.903
1.953
2.037
2.116
2.157
2.164
2.141
2.057
1.953
1.86
1.803
1.776
1.737
1.683
1.701
1.781
1.862
1.933
2.012
2.06
2.062
2.035
2.01
1.985
1.939
1.851
1.79
1.794
1.81
1.815
1.851
1.923
1.973
1.967
1.93
1.901
1.853
1.753
1.665
1.62
1.615
1.608
1.663
1.819
1.939
1.935
1.851
1.785
1.713
1.631
1.565
1.513
1.477
1.459
1.531
1.663
1.731
1.747
1.733
1.688
1.694
1.717
1.667
1.57
1.515
1.515
1.49
1.42
1.384
1.39
1.393
1.375
1.361
1.39
1.418
1.386
1.365
1.404
1.399
1.309
1.254
1.302
1.356
1.354
1.35
1.381
1.427
1.393
1.309
1.247
1.204
1.152
1.102
1.109
1.173
1.223
1.225
1.238
1.307
1.343
1.277
1.202
1.182
1.173
1.139
1.123
1.114
1.086
1.037
1.016
1.059
1.109
1.098
1.071
1.105
1.159
1.232
1.307
1.331
1.309
1.252
1.195
1.154
1.13
1.102
1.08
1.077
1.093
1.084
1.052
1.048
1.086
1.084
1.03
0.973
1.059
1.191
1.195
1.152
1.175
1.207
1.182
1.145
1.121
1.077
0.984
0.919
0.946
0.987
0.955
0.939
0.971
1.005
1.018
1.028
1.039
1.034
1.034
1.012
0.959
0.941
0.962
0.939
0.86
0.783
0.746
0.767
0.76
0.723
0.708
0.742
0.749
0.783
0.837
0.835
0.801
0.816
0.869
0.914
0.932
0.882
0.807
0.751
0.694
0.653
0.628
0.572
0.538
0.572
0.608
0.631
0.658
0.669
0.633
0.619
0.608
0.572
0.583
0.619
0.619
0.585
0.565
0.578
0.562
0.506
0.463
0.488
0.483
0.415
0.408
0.497
0.549
0.51
0.445
0.469
0.544
0.565
0.517
0.463
0.449
0.422
0.352
0.288
0.272
0.261
0.215
0.17
0.197
0.254
0.249
0.197
0.204
0.256
0.249
0.181
0.156
0.168
0.172
0.161
0.193
0.263
0.295
0.256
0.202
0.15
0.116
0.118
0.111
0.073
0.048
0.041
0.004
-0.045
-0.045
-0.039
-0.068
-0.111
-0.104
-0.052
0.011
0.011
-0.009
-0.016
-0.039
-0.068
-0.066
-0.079
-0.134
-0.177
-0.156
-0.111
-0.127
-0.175
-0.202
-0.213
-0.222
-0.181
-0.1
-0.054
-0.054
-0.048
-0.043
-0.134
-0.299
-0.413
-0.442
-0.408
-0.374
-0.399
-0.424
-0.39
-0.338
-0.32
-0.324
-0.318
-0.272
-0.215
-0.193
-0.236
-0.306
-0.372
-0.44
-0.469
-0.454
-0.451
-0.483
-0.519
-0.513
-0.479
-0.494
-0.569
-0.64
-0.624
-0.587
-0.619
-0.651
-0.653
-0.656
-0.651
-0.617
-0.558
-0.517
-0.515
-0.528
-0.544
-0.592
-0.685
-0.776
-0.837
-0.848
-0.814
-0.792
-0.794
-0.807
-0.798
-0.769
-0.769
-0.789
-0.787
-0.705
-0.651
-0.68
-0.737
-0.794
-0.864
-0.919
-0.93
-0.935
-0.941
-0.916
-0.88
-0.876
-0.887
-0.894
-0.903
-0.928
-0.955
-0.946
-0.925
-0.948
-0.984
-0.959
-0.93
-0.969
-1.039
-1.039
-0.989
-1.034
-1.125
-1.15
-1.136
-1.132
-1.145
-1.136
-1.08
-1.039
-1.007
-0.969
-0.964
-1.043
-1.116
-1.139
-1.139
-1.136
-1.164
-1.195
-1.218
-1.229
-1.272
-1.343
-1.406
-1.379
-1.288
-1.223
-1.191
-1.168
-1.177
-1.216
-1.223
-1.216
-1.193
-1.164
-1.125
-1.114
-1.148
-1.214
-1.266
-1.3
-1.307
-1.338
-1.388
-1.399
-1.368
-1.338
-1.338
-1.343
-1.288
-1.232
-1.177
-1.177
-1.214
-1.245
-1.252
-1.261
-1.257
-1.263
-1.297
-1.313
-1.243
-1.189
-1.236
-1.304
-1.322
-1.286
-1.241
-1.272
-1.336
-1.311
-1.229
-1.198
-1.241
-1.329
-1.399
-1.431
-1.415
-1.361
-1.286
-1.25
-1.272
-1.295
-1.291
-1.309
-1.35
-1.363
-1.307
-1.241
-1.243
-1.277
-1.322
-1.329
-1.261
-1.195
-1.209
-1.254
-1.261
-1.286
-1.379
-1.488
-1.526
-1.531
-1.554
-1.554
-1.524
-1.513
-1.499
-1.454
-1.381
-1.327
-1.307
-1.288
-1.291
-1.309
-1.347
-1.427
-1.54
-1.622
-1.617
-1.599
-1.617
-1.615
-1.547
-1.47
-1.47
-1.554
-1.631
-1.645
-1.647
-1.674
-1.681
-1.656
-1.647
-1.663
-1.667
-1.672
-1.706
-1.737
-1.731
-1.676
-1.66
-1.733
-1.835
-1.885
-1.851
-1.801
-1.803
-1.821
-1.806
-1.771
-1.794
-1.851
-1.93
-1.955
-1.953
-1.957
-1.964
-1.971
-1.971
-1.973
-1.955
-1.944
-1.96
-1.998
-2.003
-1.942
-1.885
-1.892
-1.942
-1.998
-2.01
-1.969
-1.957
-1.996
-2.014
-1.982
-1.969
-2.03
-2.114
-2.191
-2.243
-2.255
-2.209
-2.119
-2.055
-2.014
-1.982
-1.969
-1.976
-2.007
-2.037
-2.037
-2.026
-2.028
-2.057
-2.091
-2.155
-2.162
-2.119
-2.116
-2.162
-2.13
-2.078
-2.1
-2.15
-2.139
-2.1
-2.128
-2.166
-2.125
-2.044
-2.016
-2.055
-2.094
-2.105
-2.123
-2.159
-2.18
-2.205
-2.216
-2.171
-2.087
-2.026
-2.016
-2.019
-2.007
-2.035
-2.057
-2.057
-2.123
-2.234
-2.291
-2.25
-2.259
-2.341
-2.345
-2.239
-2.13
-2.078
-2.05
-2.032
-2.071
-2.132
-2.148
-2.134
-2.141
-2.164
-2.141
-2.08
-2.023
-2.007
-2.021
-2.039
-2.064
-2.08
-2.125
-2.198
-2.248
-2.221
-2.182
-2.198
-2.234
-2.205
-2.1
-2.016
-1.996
-2.01
-2.053
-2.119
-2.162
-2.162
-2.141
-2.119
-2.071
-1.96
-1.885
-1.889
-1.935
-1.996
-2.071
-2.094
-2.094
-2.125
-2.132
-2.062
-1.969
-1.93
-1.976
-2.035
-2.026
-1.978
-1.946
-1.96
-2.001
-2.037
-2.075
-2.1
-2.089
-2.057
-1.996
-1.937
-1.844
-1.724
-1.638
-1.64
-1.737
-1.83
-1.871
-1.944
-2.066
-2.132
-2.103
-2.039
-1.982
-1.939
-1.919
-1.901
-1.876
-1.846
-1.862
-1.912
-1.987
-2.032
-2.037
-2.005
-1.955
-1.896
-1.858
-1.83
-1.787
-1.747
-1.79
-1.937
-2.055
-2.103
-2.109
-2.087
-2.05
-1.998
-1.93
-1.878
-1.88
-1.944
-1.996
-1.969
-1.937
-1.967
-2.044
-2.119
-2.148
-2.146
-2.119
-2.071
-2.01
-1.969
-1.926
-1.86
-1.799
-1.803
-1.901
-2.032
-2.132
-2.153
-2.13
-2.089
-2.035
-1.937
-1.851
-1.858
-1.928
-1.998
-2.032
-2.055
-2.125
-2.202
-2.239
-2.214
-2.119
-1.998
-1.896
-1.837
-1.819
-1.803
-1.778
-1.781
-1.819
-1.901
-2.005
-2.064
-2.046
-2.003
-1.96
-1.896
-1.801
-1.744
-1.758
-1.821
-1.88
-1.883
-1.862
-1.878
-1.914
-1.944
-1.905
-1.821
-1.735
-1.667
-1.617
-1.615
-1.624
-1.615
-1.615
-1.658
-1.781
-1.926
-1.948
-1.876
-1.819
-1.749
-1.597
-1.459
-1.399
-1.447
-1.542
-1.645
-1.717
-1.771
-1.835
-1.88
-1.883
-1.826
-1.699
-1.563
-1.477
-1.465
-1.481
-1.49
-1.52
-1.576
-1.654
-1.724
-1.722
-1.688
-1.701
-1.719
-1.663
-1.574
-1.486
-1.433
-1.486
-1.597
-1.699
-1.74
-1.737
-1.762
-1.826
-1.867
-1.781
-1.601
-1.459
-1.393
-1.379
-1.409
-1.461
-1.524
-1.629
-1.76
-1.84
-1.815
-1.751
-1.71
-1.635
-1.486
-1.313
-1.207
-1.186
-1.297
-1.502
-1.638
-1.676
-1.654
-1.663
-1.678
-1.606
-1.438
-1.263
-1.145
-1.102
-1.143
-1.254
-1.393
-1.479
-1.524
-1.556
-1.545
-1.488
-1.399
-1.27
-1.125
-1.003
-0.919
-0.873
-0.896
-1.016
-1.218
-1.368
-1.393
-1.354
-1.309
-1.25
-1.179
-1.052
-0.855
-0.712
-0.683
-0.728
-0.805
-0.9
-1.018
-1.139
-1.232
-1.27
-1.227
-1.154
-1.055
-0.919
-0.776
-0.644
-0.581
-0.633
-0.764
-0.921
-1.052
-1.143
-1.145
-1.066
-0.973
-0.889
-0.749
-0.572
-0.435
-0.411
-0.463
-0.583
-0.78
-0.978
-1.08
-1.102
-1.071
-0.989
-0.844
-0.66
-0.531
-0.481
-0.472
-0.474
-0.553
-0.728
-0.919
-1.034
-1.066
-1.025
-0.928
-0.83
-0.708
-0.556
-0.422
-0.345
-0.342
-0.426
-0.569
-0.735
-0.873
-0.923
-0.921
-0.896
-0.778
-0.603
-0.465
-0.379
-0.306
-0.265
-0.306
-0.417
-0.574
-0.749
-0.916
-1.012
-0.964
-0.816
-0.68
-0.574
-0.422
-0.236
-0.156
-0.193
-0.308
-0.456
-0.606
-0.71
-0.776
-0.792
-0.746
-0.601
-0.408
-0.24
-0.136
-0.079
-0.054
-0.059
-0.111
-0.302
-0.542
-0.69
-0.721
-0.64
-0.483
-0.288
-0.084
0.104
0.218
0.247
0.2
0.066
-0.152
-0.365
-0.488
-0.533
-0.538
-0.465
-0.299
-0.043
0.213
0.361
0.397
0.392
0.322
0.154
-0.048
-0.206
-0.293
-0.297
-0.202
-0.025
0.125
0.172
0.236
0.367
0.456
0.415
0.318
0.206
0.093
-0.002
-0.073
-0.093
-0.054
0.034
0.143
0.311
0.458
0.451
0.39
0.347
0.279
0.175
0.057
-0.052
-0.073
0.02
0.188
0.379
0.517
0.606
0.696
0.717
0.631
0.499
0.306
0.095
-0.011
0.004
0.086
0.188
0.32
0.517
0.699
0.769
0.742
0.635
0.472
0.286
0.143
0.122
0.159
0.175
0.245
0.411
0.617
0.798
0.916
0.939
0.896
0.785
0.646
0.483
0.32
0.213
0.245
0.406
0.562
0.714
0.871
0.984
1.068
1.1
1.028
0.887
0.726
0.565
0.481
0.472
0.472
0.513
0.66
0.869
1.009
1.068
1.109
1.061
0.969
0.905
0.832
0.742
0.665
0.658
0.733
0.819
0.919
1.034
1.116
1.157
1.177
1.166
1.1
0.971
0.851
0.798
0.744
0.701
0.762
0.923
1.089
1.236
1.352
1.406
1.359
1.243
1.111
1
0.932
0.857
0.789
0.812
0.941
1.084
1.223
1.334
1.363
1.338
1.284
1.216
1.15
1.086
1.025
1.009
1.071
1.168
1.263
1.359
1.42
1.413
1.433
1.438
1.356
1.27
1.186
1.118
1.093
1.127
1.168
1.198
1.252
1.37
1.495
1.538
1.497
1.37
1.209
1.141
1.134
1.125
1.145
1.179
1.227
1.327
1.454
1.504
1.463
1.433
1.44
1.409
1.318
1.229
1.211
1.252
1.311
1.433
1.547
1.517
1.431
1.438
1.468
1.456
1.399
1.345
1.327
1.322
1.325
1.338
1.354
1.363
1.399
1.431
1.472
1.511
1.488
1.436
1.411
1.402
1.397
1.377
1.34
1.352
1.429
1.526
1.597
1.61
1.592
1.547
1.508
1.513
1.545
1.542
1.47
1.422
1.504
1.62
1.674
1.69
1.688
1.669
1.626
1.545
1.459
1.377
1.329
1.338
1.399
1.461
1.522
1.576
1.651
1.758
1.799
1.71
1.597
1.54
1.492
1.431
1.413
1.443
1.474
1.483
1.513
1.59
1.669
1.685
1.69
1.699
1.645
1.556
1.502
1.472
1.481
1.529
1.558
1.57
1.599
1.635
1.64
1.581
1.504
1.44
1.354
1.313
1.365
1.436
1.504
1.583
1.669
1.747
1.769
1.722
1.649
1.62
1.576
1.481
1.399
1.386
1.436
1.552
1.663
1.731
1.799
1.812
1.776
1.749
1.708
1.615
1.536
1.495
1.474
1.481
1.52
1.59
1.678
1.749
1.783
1.74
1.674
1.658
1.638
1.558
1.511
1.526
1.549
1.565
1.601
1.658
1.699
1.756
1.819
1.812
1.71
1.597
1.567
1.59
1.59
1.595
1.567
1.526
1.542
1.62
1.681
1.697
1.669
1.608
1.565
1.561
1.545
1.47
1.372
1.313
1.313
1.415
1.545
1.572
1.556
1.552
1.533
1.49
1.415
1.318
1.238
1.225
1.293
1.386
1.413
1.37
1.35
1.39
1.429
1.456
1.393
1.22
1.1
1.118
1.184
1.202
1.182
1.166
1.184
1.236
1.291
1.286
1.198
1.055
0.923
0.9
0.95
0.944
0.919
0.912
0.941
1.032
1.13
1.143
1.1
1.066
1.059
1.032
0.962
0.88
0.828
0.826
0.855
0.971
1.098
1.125
1.111
1.118
1.118
1.077
0.993
0.894
0.819
0.78
0.794
0.857
0.95
0.984
0.966
0.998
1.084
1.118
1.077
1.021
0.921
0.837
0.805
0.812
0.819
0.832
0.871
0.95
1.039
1.093
1.109
1.093
1.05
1.025
0.969
0.839
0.737
0.721
0.733
0.751
0.816
0.921
0.989
0.98
0.953
0.939
0.894
0.778
0.61
0.517
0.488
0.485
0.519
0.619
0.719
0.764
0.769
0.764
0.755
0.723
0.64
0.547
0.497
0.494
0.492
0.49
0.517
0.585
0.601
0.519
0.46
0.472
0.456
0.383
0.318
0.277
0.263
0.281
0.302
0.306
0.318
0.306
0.24
0.225
0.27
0.238
0.159
0.138
0.136
0.091
0.039
0.045
0.088
0.125
0.136
0.15
0.181
0.179
0.129
0.077
0.045
0.05
0.018
-0.052
-0.061
0.016
0.057
0.054
0.079
0.102
0.054
-0.036
-0.093
-0.1
-0.129
-0.211
-0.297
-0.277
-0.154
-0.075
-0.057
-0.011
0.018
-0.032
-0.12
-0.166
-0.172
-0.215
-0.265
-0.268
-0.215
-0.15
-0.091
-0.045
-0.014
0.023
-0.004
-0.127
-0.197
-0.186
-0.206
-0.277
-0.304
-0.259
-0.202
-0.175
-0.127
-0.063
-0.02
-0.07
-0.215
-0.336
-0.381
-0.44
-0.479
-0.449
-0.406
-0.365
-0.329
-0.274
-0.168
-0.1
-0.134
-0.236
-0.322
-0.358
-0.39
-0.433
-0.483
-0.488
-0.474
-0.483
-0.458
-0.397
-0.372
-0.408
-0.456
-0.483
-0.513
-0.594
-0.694
-0.739
-0.71
-0.674
-0.701
-0.699
-0.633
-0.594
-0.59
-0.56
-0.565
-0.628
-0.71
-0.755
-0.751
-0.751
-0.789
-0.828
-0.823
-0.749
-0.649
-0.592
-0.585
-0.653
-0.739
-0.814
-0.869
-0.894
-0.91
-0.948
-0.948
-0.894
-0.83
-0.832
-0.91
-0.928
-0.848
-0.812
-0.878
-0.95
-0.98
-0.991
-1.009
-1.023
-1.012
-0.975
-0.957
-0.919
-0.851
-0.828
-0.873
-0.95
-1.034
-1.077
-1.123
-1.186
-1.198
-1.143
-1.077
-1.034
-0.996
-0.957
-0.935
-0.987
-1.018
-0.975
-0.962
-1.059
-1.209
-1.279
-1.225
-1.161
-1.166
-1.177
-1.116
-1.034
-0.982
-0.962
-0.962
-1.005
-1.098
-1.173
-1.159
-1.136
-1.198
-1.275
-1.257
-1.168
-1.111
-1.134
-1.202
-1.284
-1.34
-1.35
-1.309
-1.266
-1.257
-1.263
-1.254
-1.182
-1.102
-1.136
-1.232
-1.268
-1.227
-1.182
-1.204
-1.254
-1.291
-1.345
-1.388
-1.347
-1.291
-1.32
-1.365
-1.343
-1.243
-1.175
-1.214
-1.327
-1.44
-1.477
-1.42
-1.372
-1.35
-1.343
-1.359
-1.381
-1.39
-1.397
-1.447
-1.531
-1.601
-1.572
-1.443
-1.347
-1.316
-1.275
-1.247
-1.247
-1.282
-1.336
-1.386
-1.452
-1.54
-1.604
-1.599
-1.595
-1.635
-1.683
-1.649
-1.515
-1.402
-1.372
-1.352
-1.336
-1.35
-1.411
-1.461
-1.472
-1.502
-1.529
-1.486
-1.368
-1.275
-1.263
-1.309
-1.347
-1.35
-1.361
-1.418
-1.436
-1.422
-1.422
-1.427
-1.372
-1.266
-1.241
-1.284
-1.275
-1.225
-1.225
-1.291
-1.381
-1.443
-1.456
-1.472
-1.497
-1.449
-1.35
-1.252
-1.175
-1.121
-1.089
-1.086
-1.159
-1.263
-1.322
-1.363
-1.443
-1.513
-1.492
-1.418
-1.377
-1.386
-1.377
-1.354
-1.365
-1.368
-1.37
-1.388
-1.406
-1.433
-1.44
-1.413
-1.386
-1.39
-1.372
-1.286
-1.182
-1.114
-1.139
-1.223
-1.311
-1.409
-1.508
-1.549
-1.558
-1.567
-1.536
-1.427
-1.279
-1.182
-1.159
-1.182
-1.247
-1.293
-1.331
-1.424
-1.513
-1.563
-1.597
-1.576
-1.508
-1.447
-1.381
-1.307
-1.204
-1.091
-1.03
-1.08
-1.184
-1.275
-1.354
-1.397
-1.422
-1.431
-1.399
-1.347
-1.288
-1.245
-1.209
-1.191
-1.232
-1.307
-1.343
-1.338
-1.338
-1.345
-1.325
-1.286
-1.236
-1.182
-1.118
-1.084
-1.096
-1.134
-1.145
-1.173
-1.202
-1.232
-1.261
-1.247
-1.186
-1.177
-1.218
-1.207
-1.159
-1.111
-1.121
-1.148
-1.173
-1.193
-1.202
-1.2
-1.177
-1.177
-1.195
-1.225
-1.229
-1.218
-1.232
-1.236
-1.211
-1.173
-1.141
-1.132
-1.159
-1.177
-1.152
-1.136
-1.116
-1.096
-1.068
-1.052
-1.057
-1.064
-1.061
-1.066
-1.1
-1.093
-1.012
-0.916
-0.885
-0.93
-0.941
-0.91
-0.939
-1
-1.028
-1.048
-1.077
-1.093
-1.061
-1.018
-0.998
-0.978
-0.914
-0.83
-0.828
-0.912
-0.98
-0.998
-1.012
-1.052
-1.077
-1.091
-1.086
-1.032
-0.948
-0.846
-0.76
-0.723
-0.737
-0.76
-0.787
-0.848
-0.964
-1.039
-1.034
-1.025
-1.025
-0.978
-0.916
-0.905
-0.889
-0.83
-0.733
-0.703
-0.78
-0.878
-0.921
-0.935
-0.941
-0.919
-0.914
-0.914
-0.873
-0.821
-0.783
-0.746
-0.73
-0.755
-0.792
-0.812
-0.826
-0.864
-0.896
-0.896
-0.857
-0.758
-0.635
-0.547
-0.526
-0.547
-0.565
-0.601
-0.671
-0.746
-0.78
-0.796
-0.805
-0.762
-0.692
-0.665
-0.646
-0.59
-0.497
-0.429
-0.417
-0.44
-0.501
-0.615
-0.735
-0.776
-0.753
-0.728
-0.71
-0.678
-0.608
-0.501
-0.442
-0.46
-0.447
-0.376
-0.376
-0.438
-0.474
-0.494
-0.517
-0.513
-0.469
-0.399
-0.372
-0.374
-0.365
-0.329
-0.315
-0.295
-0.279
-0.279
-0.293
-0.336
-0.361
-0.324
-0.308
-0.342
-0.333
-0.254
-0.222
-0.272
-0.329
-0.34
-0.313
-0.297
-0.293
-0.286
-0.288
-0.347
-0.365
-0.299
-0.243
-0.268
-0.304
-0.304
-0.261
-0.204
-0.159
-0.147
-0.145
-0.136
-0.161
-0.225
-0.268
-0.304
-0.354
-0.386
-0.349
-0.234
-0.129
-0.079
-0.068
-0.061
-0.05
-0.025
-0.029
-0.075
-0.129
-0.161
-0.2
-0.234
-0.272
-0.313
-0.322
-0.243
-0.109
0.007
0.048
0
-0.052
-0.043
-0.027
-0.075
-0.152
-0.193
-0.195
-0.166
-0.116
-0.041
0.041
0.091
0.107
0.097
0.079
0.041
-0.02
-0.045
0.011
0.097
0.118
0.1
0.109
0.179
0.274
0.37
0.42
0.422
0.367
0.27
0.193
0.152
0.095
0.016
-0.002
0.075
0.181
0.256
0.311
0.388
0.476
0.499
0.451
0.379
0.329
0.297
0.286
0.293
0.315
0.347
0.374
0.388
0.367
0.349
0.333
0.365
0.424
0.451
0.431
0.406
0.422
0.46
0.481
0.488
0.499
0.515
0.531
0.542
0.522
0.431
0.313
0.243
0.252
0.252
0.254
0.308
0.401
0.508
0.61
0.708
0.73
0.719
0.714
0.692
0.635
0.553
0.46
0.408
0.424
0.49
0.533
0.538
0.526
0.515
0.513
0.476
0.454
0.488
0.574
0.628
0.624
0.61
0.612
0.615
0.615
0.617
0.631
0.644
0.642
0.628
0.597
0.508
0.435
0.422
0.454
0.488
0.535
0.617
0.703
0.785
0.826
0.789
0.683
0.617
0.621
0.66
0.665
0.635
0.612
0.608
0.594
0.59
0.606
0.61
0.619
0.674
0.76
0.828
0.844
0.803
0.783
0.857
0.953
0.975
0.932
0.876
0.864
0.864
0.805
0.699
0.587
0.528
0.576
0.68
0.778
0.855
0.905
0.941
0.998
1.05
1.059
1.034
1.041
1.096
1.111
1.059
0.98
0.937
0.93
0.937
0.93
0.898
0.851
0.832
0.821
0.819
0.866
0.955
1.034
1.1
1.159
1.216
1.261
1.291
1.307
1.263
1.164
1.08
1.034
1.009
0.914
0.789
0.78
0.885
0.989
1.082
1.177
1.263
1.331
1.363
1.331
1.227
1.109
1.025
1
1.043
1.066
1.003
0.935
0.955
1.034
1.059
1.018
0.987
1.018
1.091
1.152
1.161
1.127
1.105
1.136
1.195
1.247
1.259
1.223
1.184
1.145
1.084
0.987
0.857
0.73
0.667
0.758
0.907
1.003
1.071
1.175
1.293
1.388
1.42
1.377
1.311
1.263
1.218
1.148
1.066
0.996
0.941
0.923
0.948
1.012
1.082
1.127
1.161
1.202
1.211
1.173
1.107
1.086
1.127
1.145
1.123
1.121
1.159
1.204
1.218
1.227
1.241
1.254
1.259
1.207
1.114
1.068
1.05
1.064
1.1
1.173
1.268
1.365
1.433
1.449
1.44
1.39
1.288
1.198
1.168
1.193
1.168
1.096
1.093
1.189
1.277
1.284
1.277
1.325
1.397
1.47
1.513
1.495
1.474
1.474
1.445
1.402
1.388
1.368
1.347
1.352
1.363
1.311
1.227
1.186
1.198
1.245
1.297
1.302
1.313
1.431
1.579
1.617
1.552
1.486
1.47
1.456
1.39
1.307
1.266
1.247
1.282
1.363
1.411
1.44
1.449
1.44
1.443
1.468
1.449
1.402
1.372
1.386
1.418
1.424
1.406
1.386
1.39
1.406
1.386
1.356
1.381
1.37
1.288
1.202
1.157
1.177
1.214
1.252
1.325
1.436
1.57
1.685
1.733
1.669
1.565
1.452
1.307
1.191
1.118
1.077
1.08
1.127
1.204
1.325
1.427
1.488
1.504
1.474
1.438
1.37
1.27
1.204
1.189
1.184
1.173
1.189
1.234
1.3
1.375
1.447
1.481
1.477
1.452
1.429
1.395
1.352
1.311
1.261
1.234
1.311
1.445
1.542
1.567
1.538
1.506
1.479
1.413
1.307
1.177
1.089
1.08
1.152
1.27
1.368
1.447
1.522
1.588
1.624
1.635
1.592
1.497
1.413
1.375
1.372
1.363
1.313
1.302
1.37
1.433
1.492
1.558
1.604
1.59
1.572
1.554
1.486
1.406
1.363
1.361
1.377
1.381
1.395
1.415
1.474
1.526
1.54
1.52
1.465
1.431
1.445
1.454
1.445
1.461
1.533
1.626
1.694
1.678
1.635
1.642
1.645
1.608
1.567
1.515
1.456
1.431
1.447
1.452
1.447
1.49
1.565
1.622
1.631
1.588
1.563
1.599
1.647
1.656
1.633
1.606
1.604
1.651
1.719
1.747
1.706
1.658
1.688
1.76
1.751
1.681
1.688
1.717
1.751
1.817
1.871
1.876
1.896
1.937
1.994
2.023
1.994
1.889
1.765
1.699
1.676
1.678
1.751
1.851
1.935
1.982
2.005
2.023
2.053
2.089
2.109
2.096
2.087
2.128
2.212
2.223
2.178
2.166
2.155
2.1
2.053
2.007
1.969
1.939
1.933
1.969
2.026
2.066
2.075
2.091
2.148
2.212
2.255
2.298
2.291
2.216
2.137
2.069
2.005
1.978
1.973
1.994
2.044
2.13
2.246
2.345
2.377
2.345
2.327
2.293
2.198
2.096
2.035
2.064
2.139
2.212
2.284
2.339
2.386
2.425
2.393
2.318
2.239
2.182
2.146
2.109
2.073
2.039
2.05
2.15
2.334
2.518
2.62
2.661
2.681
2.652
2.577
2.481
2.334
2.202
2.121
2.05
2.039
2.125
2.252
2.425
2.595
2.704
2.738
2.736
2.72
2.67
2.579
2.45
2.341
2.268
2.202
2.209
2.302
2.398
2.486
2.583
2.643
2.654
2.649
2.633
2.59
2.531
2.484
2.461
2.516
2.583
2.588
2.572
2.572
2.581
2.595
2.597
2.59
2.606
2.581
2.506
2.459
2.454
2.457
2.447
2.423
2.388
2.377
2.361
2.388
2.52
2.627
2.62
2.572
2.536
2.488
2.445
2.411
2.361
2.323
2.284
2.236
2.175
2.166
2.178
2.187
2.236
2.298
2.323
2.352
2.413
2.441
2.413
2.332
2.221
2.123
2.019
1.928
1.858
1.815
1.799
1.835
1.889
1.973
2.094
2.168
2.157
2.121
2.073
1.987
1.887
1.835
1.79
1.708
1.622
1.606
1.669
1.796
1.876
1.855
1.842
1.808
1.737
1.676
1.633
1.585
1.54
1.531
1.538
1.517
1.477
1.495
1.583
1.645
1.624
1.581
1.517
1.472
1.492
1.477
1.411
1.347
1.293
1.261
1.229
1.195
1.177
1.245
1.336
1.395
1.406
1.44
1.44
1.39
1.352
1.316
1.263
1.22
1.161
1.077
0.982
0.919
0.916
0.98
1.043
1.093
1.148
1.166
1.184
1.234
1.234
1.207
1.182
1.134
1.046
0.923
0.789
0.703
0.719
0.81
0.887
0.916
0.944
0.987
1.08
1.173
1.152
1.059
0.966
0.853
0.714
0.599
0.513
0.492
0.551
0.669
0.798
0.871
0.905
0.939
0.932
0.853
0.728
0.578
0.424
0.365
0.356
0.295
0.247
0.327
0.488
0.606
0.637
0.642
0.644
0.656
0.631
0.549
0.458
0.347
0.206
0.136
0.122
0.07
0.061
0.168
0.302
0.356
0.376
0.365
0.311
0.247
0.206
0.154
0.057
-0.052
-0.104
-0.141
-0.159
-0.07
0.068
0.116
0.1
0.075
0.027
-0.02
-0.034
-0.025
-0.041
-0.1
-0.152
-0.136
-0.054
0.016
0.004
-0.011
-0.002
-0.025
-0.104
-0.188
-0.268
-0.329
-0.333
-0.283
-0.213
-0.17
-0.125
-0.073
-0.041
-0.073
-0.143
-0.229
-0.263
-0.22
-0.227
-0.304
-0.381
-0.401
-0.361
-0.299
-0.236
-0.181
-0.163
-0.172
-0.168
-0.109
-0.061
-0.134
-0.238
-0.293
-0.338
-0.381
-0.361
-0.302
-0.236
-0.181
-0.132
-0.084
-0.077
-0.159
-0.272
-0.363
-0.413
-0.458
-0.49
-0.433
-0.322
-0.227
-0.132
-0.088
-0.084
-0.088
-0.141
-0.209
-0.218
-0.234
-0.306
-0.347
-0.338
-0.336
-0.333
-0.352
-0.358
-0.286
-0.184
-0.134
-0.156
-0.218
-0.274
-0.331
-0.383
-0.431
-0.476
-0.524
-0.533
-0.522
-0.483
-0.438
-0.435
-0.447
-0.401
-0.376
-0.413
-0.49
-0.526
-0.535
-0.556
-0.567
-0.519
-0.456
-0.465
-0.526
-0.578
-0.619
-0.683
-0.714
-0.683
-0.631
-0.617
-0.671
-0.728
-0.742
-0.73
-0.735
-0.783
-0.805
-0.821
-0.889
-0.907
-0.832
-0.801
-0.844
-0.878
-0.851
-0.801
-0.787
-0.83
-0.903
-0.95
-0.975
-0.978
-0.962
-1
-1.08
-1.143
-1.159
-1.123
-1.061
-1.034
-1.043
-1.03
-0.987
-0.987
-1.077
-1.207
-1.284
-1.347
-1.402
-1.447
-1.472
-1.409
-1.325
-1.254
-1.207
-1.198
-1.204
-1.216
-1.227
-1.252
-1.3
-1.386
-1.474
-1.486
-1.461
-1.492
-1.513
-1.49
-1.474
-1.481
-1.492
-1.486
-1.474
-1.49
-1.542
-1.556
-1.531
-1.542
-1.638
-1.742
-1.76
-1.744
-1.728
-1.66
-1.61
-1.629
-1.674
-1.726
-1.747
-1.753
-1.783
-1.796
-1.767
-1.706
-1.667
-1.638
-1.656
-1.708
-1.744
-1.769
-1.815
-1.858
-1.894
-1.935
-1.967
-1.962
-1.939
-1.926
-1.921
-1.908
-1.905
-1.914
-1.944
-2.01
-2.041
-1.989
-1.939
-1.937
-1.992
-2.046
-2.062
-2.055
-2.032
-2.014
-2.03
-2.066
-2.05
-1.989
-2.023
-2.132
-2.214
-2.236
-2.218
-2.184
-2.121
-2.071
-2.069
-2.105
-2.13
-2.119
-2.132
-2.216
-2.323
-2.359
-2.382
-2.459
-2.436
-2.327
-2.246
-2.202
-2.175
-2.134
-2.109
-2.155
-2.234
-2.28
-2.293
-2.302
-2.282
-2.232
-2.236
-2.252
-2.252
-2.252
-2.246
-2.227
-2.216
-2.198
-2.202
-2.225
-2.246
-2.252
-2.248
-2.273
-2.318
-2.35
-2.382
-2.359
-2.243
-2.137
-2.13
-2.189
-2.214
-2.191
-2.162
-2.187
-2.255
-2.295
-2.259
-2.191
-2.162
-2.214
-2.275
-2.271
-2.212
-2.164
-2.182
-2.221
-2.232
-2.2
-2.184
-2.207
-2.239
-2.268
-2.3
-2.309
-2.327
-2.379
-2.377
-2.298
-2.198
-2.119
-2.116
-2.171
-2.207
-2.205
-2.2
-2.232
-2.28
-2.305
-2.284
-2.264
-2.28
-2.364
-2.432
-2.393
-2.3
-2.221
-2.187
-2.189
-2.216
-2.261
-2.289
-2.32
-2.382
-2.457
-2.509
-2.504
-2.438
-2.411
-2.432
-2.438
-2.402
-2.339
-2.3
-2.289
-2.289
-2.291
-2.3
-2.3
-2.305
-2.339
-2.379
-2.452
-2.513
-2.511
-2.477
-2.436
-2.391
-2.357
-2.336
-2.316
-2.298
-2.316
-2.377
-2.441
-2.481
-2.438
-2.364
-2.357
-2.391
-2.447
-2.452
-2.373
-2.284
-2.268
-2.275
-2.234
-2.143
-2.069
-2.075
-2.143
-2.232
-2.32
-2.361
-2.339
-2.345
-2.393
-2.398
-2.307
-2.207
-2.148
-2.105
-2.078
-2.069
-2.094
-2.128
-2.123
-2.132
-2.205
-2.271
-2.305
-2.334
-2.32
-2.255
-2.159
-2.06
-1.946
-1.84
-1.771
-1.794
-1.842
-1.912
-2.023
-2.107
-2.137
-2.184
-2.259
-2.28
-2.207
-2.114
-2.053
-1.998
-1.955
-1.935
-1.937
-1.942
-1.914
-1.921
-2.003
-2.082
-2.116
-2.125
-2.143
-2.178
-2.182
-2.1
-2.01
-1.942
-1.896
-1.876
-1.869
-1.923
-1.992
-2.012
-2.012
-2.066
-2.146
-2.153
-2.13
-2.164
-2.207
-2.182
-2.132
-2.132
-2.164
-2.132
-2.028
-1.969
-1.976
-2.037
-2.128
-2.166
-2.139
-2.119
-2.153
-2.214
-2.2
-2.085
-1.992
-1.973
-1.978
-2.003
-2.023
-1.985
-1.948
-2.028
-2.146
-2.191
-2.159
-2.153
-2.184
-2.202
-2.191
-2.175
-2.146
-2.044
-1.928
-1.889
-1.889
-1.867
-1.885
-1.944
-1.989
-2.016
-2.06
-2.094
-2.08
-2.012
-1.944
-1.896
-1.876
-1.894
-1.887
-1.815
-1.762
-1.787
-1.824
-1.821
-1.819
-1.864
-1.919
-1.951
-1.985
-2.037
-2.028
-1.905
-1.787
-1.753
-1.747
-1.735
-1.706
-1.631
-1.57
-1.597
-1.692
-1.747
-1.692
-1.629
-1.645
-1.685
-1.694
-1.701
-1.678
-1.601
-1.554
-1.563
-1.561
-1.49
-1.42
-1.481
-1.622
-1.737
-1.767
-1.688
-1.59
-1.549
-1.526
-1.488
-1.424
-1.37
-1.334
-1.282
-1.225
-1.223
-1.277
-1.361
-1.461
-1.561
-1.601
-1.529
-1.418
-1.368
-1.347
-1.284
-1.211
-1.182
-1.186
-1.207
-1.25
-1.322
-1.39
-1.456
-1.513
-1.522
-1.447
-1.329
-1.245
-1.218
-1.202
-1.166
-1.091
-0.991
-0.971
-1.052
-1.154
-1.236
-1.322
-1.384
-1.37
-1.286
-1.22
-1.17
-1.105
-1.05
-1.102
-1.2
-1.218
-1.143
-1.077
-1.121
-1.259
-1.368
-1.372
-1.311
-1.216
-1.1
-0.993
-0.935
-0.919
-0.91
-0.903
-0.939
-1.059
-1.2
-1.25
-1.234
-1.229
-1.254
-1.243
-1.17
-1.091
-1.021
-0.973
-0.969
-1.003
-1.021
-0.989
-0.959
-1.012
-1.154
-1.3
-1.345
-1.304
-1.211
-1.107
-0.966
-0.81
-0.712
-0.71
-0.742
-0.801
-0.857
-0.944
-1.061
-1.15
-1.186
-1.195
-1.173
-1.105
-1.016
-0.928
-0.857
-0.771
-0.667
-0.617
-0.662
-0.737
-0.787
-0.835
-0.907
-1.003
-1.057
-0.978
-0.787
-0.631
-0.565
-0.547
-0.51
-0.42
-0.327
-0.327
-0.451
-0.608
-0.696
-0.71
-0.739
-0.798
-0.771
-0.635
-0.483
-0.318
-0.184
-0.125
-0.129
-0.154
-0.152
-0.166
-0.254
-0.381
-0.481
-0.501
-0.429
-0.324
-0.286
-0.245
-0.122
-0.004
0.011
0.009
0.059
0.1
0.034
-0.12
-0.272
-0.358
-0.415
-0.406
-0.297
-0.136
0.004
0.109
0.134
0.1
0.07
0.084
0.048
-0.029
-0.073
-0.097
-0.19
-0.293
-0.254
-0.102
0.016
0.082
0.136
0.168
0.145
0.15
0.161
0.104
-0.036
-0.161
-0.222
-0.279
-0.311
-0.234
-0.066
0.066
0.134
0.204
0.279
0.272
0.211
0.193
0.181
0.097
-0.014
-0.109
-0.184
-0.17
-0.066
0.034
0.107
0.179
0.234
0.236
0.188
0.175
0.211
0.195
0.104
0.075
0.084
0.079
0.066
0.097
0.175
0.263
0.327
0.361
0.376
0.406
0.481
0.528
0.469
0.358
0.288
0.238
0.188
0.204
0.297
0.356
0.349
0.365
0.397
0.397
0.397
0.454
0.528
0.556
0.535
0.501
0.415
0.32
0.333
0.415
0.454
0.44
0.467
0.531
0.56
0.583
0.642
0.69
0.656
0.56
0.492
0.472
0.438
0.42
0.481
0.528
0.533
0.556
0.567
0.528
0.506
0.581
0.642
0.599
0.501
0.479
0.526
0.551
0.59
0.658
0.667
0.633
0.628
0.64
0.621
0.612
0.651
0.685
0.656
0.642
0.683
0.753
0.819
0.866
0.905
0.876
0.767
0.701
0.717
0.739
0.762
0.805
0.832
0.855
0.907
0.969
1.009
1.039
1.05
1.025
0.953
0.876
0.853
0.857
0.855
0.919
1.046
1.118
1.13
1.157
1.211
1.259
1.288
1.277
1.211
1.136
1.111
1.125
1.109
1.1
1.173
1.304
1.402
1.418
1.406
1.415
1.422
1.433
1.449
1.406
1.277
1.191
1.22
1.263
1.257
1.259
1.336
1.433
1.486
1.497
1.47
1.402
1.352
1.395
1.424
1.363
1.279
1.243
1.277
1.329
1.397
1.472
1.531
1.545
1.531
1.495
1.431
1.39
1.37
1.379
1.406
1.397
1.361
1.365
1.443
1.567
1.672
1.678
1.613
1.538
1.49
1.427
1.318
1.204
1.13
1.121
1.198
1.304
1.445
1.581
1.665
1.708
1.717
1.638
1.492
1.334
1.238
1.209
1.195
1.177
1.198
1.338
1.54
1.706
1.79
1.796
1.74
1.665
1.581
1.452
1.302
1.189
1.123
1.13
1.243
1.395
1.542
1.697
1.81
1.844
1.801
1.697
1.576
1.431
1.268
1.164
1.152
1.2
1.313
1.477
1.631
1.753
1.864
1.939
1.935
1.858
1.706
1.54
1.436
1.402
1.415
1.456
1.533
1.66
1.803
1.93
1.971
1.919
1.828
1.747
1.683
1.663
1.649
1.601
1.561
1.608
1.74
1.874
1.944
1.944
1.921
1.869
1.796
1.762
1.726
1.645
1.604
1.64
1.71
1.792
1.894
2.014
2.098
2.103
2.044
1.948
1.83
1.71
1.608
1.57
1.61
1.654
1.74
1.869
1.982
2.055
2.121
2.148
2.075
1.935
1.79
1.685
