Unnamed: 3
Value
-0.764
-0.78
-0.794
-0.828
-0.866
-0.873
-0.821
-0.76
-0.735
-0.724
-0.692
-0.644
-0.612
-0.612
-0.653
-0.749
-0.817
-0.817
-0.794
-0.794
-0.814
-0.812
-0.76
-0.703
-0.694
-0.705
-0.696
-0.665
-0.646
-0.678
-0.728
-0.742
-0.71
-0.662
-0.612
-0.578
-0.562
-0.531
-0.501
-0.492
-0.492
-0.472
-0.451
-0.474
-0.513
-0.538
-0.544
-0.531
-0.517
-0.54
-0.54
-0.467
-0.411
-0.442
-0.504
-0.526
-0.542
-0.572
-0.585
-0.572
-0.562
-0.581
-0.599
-0.594
-0.576
-0.556
-0.529
-0.529
-0.551
-0.574
-0.567
-0.558
-0.535
-0.501
-0.454
-0.445
-0.472
-0.508
-0.529
-0.501
-0.463
-0.449
-0.46
-0.442
-0.386
-0.327
-0.311
-0.297
-0.274
-0.247
-0.256
-0.306
-0.349
-0.37
-0.372
-0.374
-0.352
-0.279
-0.213
-0.175
-0.129
-0.082
-0.066
-0.077
-0.077
-0.095
-0.17
-0.252
-0.306
-0.331
-0.352
-0.336
-0.281
-0.231
-0.204
-0.197
-0.193
-0.186
-0.177
-0.186
-0.238
-0.286
-0.299
-0.304
-0.349
-0.365
-0.295
-0.213
-0.186
-0.215
-0.247
-0.254
-0.259
-0.288
-0.347
-0.399
-0.408
-0.395
-0.349
-0.295
-0.272
-0.254
-0.211
-0.181
-0.195
-0.238
-0.306
-0.365
-0.406
-0.431
-0.447
-0.445
-0.415
-0.354
-0.272
-0.24
-0.213
-0.159
-0.145
-0.172
-0.186
-0.172
-0.195
-0.249
-0.263
-0.211
-0.156
-0.127
-0.118
-0.118
-0.064
-0.002
-0.002
-0.032
-0.016
0.014
0.007
-0.041
-0.052
-0.005
0.014
-0.048
-0.059
0.007
0.032
-0.002
-0.002
0.059
0.104
0.091
0.057
0.045
0.054
0.039
0.029
0.057
0.082
0.086
0.1
0.122
0.172
0.222
0.222
0.188
0.179
0.204
0.2
0.122
0.084
0.1
0.086
0.064
0.107
0.181
0.236
0.243
0.259
0.297
0.32
0.297
0.284
0.274
0.254
0.17
0.107
0.129
0.202
0.263
0.272
0.272
0.318
0.39
0.44
0.456
0.44
0.406
0.39
0.383
0.383
0.397
0.39
0.397
0.46
0.529
0.558
0.567
0.569
0.572
0.558
0.542
0.526
0.522
0.529
0.538
0.542
0.544
0.581
0.637
0.646
0.608
0.574
0.556
0.524
0.488
0.472
0.458
0.431
0.381
0.379
0.44
0.508
0.533
0.547
0.556
0.56
0.574
0.581
0.558
0.519
0.481
0.456
0.429
0.417
0.449
0.483
0.465
0.447
0.49
0.54
0.547
0.531
0.501
0.476
0.506
0.547
0.544
0.526
0.501
0.501
0.513
0.497
0.465
0.456
0.442
0.408
0.377
0.358
0.365
0.388
0.401
0.42
0.454
0.445
0.431
0.467
0.517
0.533
0.515
0.492
0.488
0.472
0.447
0.463
0.508
0.544
0.551
0.533
0.538
0.567
0.558
0.538
0.562
0.621
0.64
0.601
0.538
0.515
0.529
0.515
0.47
0.445
0.433
0.381
0.311
0.274
0.315
0.381
0.395
0.386
0.411
0.465
0.524
0.544
0.531
0.519
0.513
0.494
0.47
0.46
0.451
0.451
0.46
0.485
0.533
0.535
0.517
0.508
0.515
0.549
0.565
0.565
0.59
0.594
0.538
0.497
0.526
0.581
0.608
0.59
0.574
0.592
0.574
0.488
0.438
0.46
0.499
0.51
0.535
0.615
0.71
0.737
0.737
0.81
0.88
0.864
0.787
0.715
0.678
0.676
0.667
0.633
0.644
0.717
0.778
0.812
0.846
0.894
0.921
0.903
0.86
0.844
0.835
0.807
0.767
0.762
0.789
0.785
0.789
0.846
0.914
0.916
0.887
0.889
0.903
0.891
0.871
0.866
0.878
0.873
0.873
0.912
0.973
1.014
1.003
0.953
0.91
0.903
0.88
0.844
0.817
0.794
0.783
0.785
0.826
0.896
0.989
1.048
1.043
0.996
0.939
0.905
0.876
0.823
0.755
0.694
0.678
0.703
0.755
0.807
0.823
0.787
0.776
0.807
0.835
0.857
0.873
0.876
0.873
0.869
0.876
0.889
0.876
0.837
0.785
0.744
0.739
0.739
0.687
0.653
0.694
0.739
0.751
0.776
0.846
0.907
0.898
0.855
0.842
0.86
0.851
0.803
0.762
0.744
0.737
0.719
0.692
0.676
0.651
0.606
0.608
0.656
0.719
0.742
0.715
0.699
0.733
0.755
0.767
0.783
0.783
0.739
0.69
0.676
0.685
0.671
0.619
0.567
0.529
0.499
0.467
0.442
0.438
0.472
0.519
0.533
0.544
0.562
0.572
0.567
0.549
0.535
0.517
0.51
0.522
0.553
0.578
0.59
0.574
0.553
0.547
0.526
0.488
0.431
0.397
0.401
0.438
0.433
0.401
0.404
0.435
0.463
0.454
0.415
0.386
0.386
0.401
0.415
0.424
0.42
0.401
0.424
0.435
0.395
0.34
0.313
0.356
0.406
0.397
0.372
0.386
0.401
0.377
0.342
0.322
0.336
0.363
0.377
0.408
0.442
0.463
0.465
0.456
0.433
0.422
0.42
0.386
0.34
0.306
0.263
0.211
0.211
0.24
0.263
0.265
0.252
0.243
0.27
0.329
0.381
0.399
0.426
0.438
0.445
0.445
0.413
0.315
0.218
0.204
0.254
0.29
0.277
0.254
0.256
0.274
0.29
0.299
0.29
0.297
0.342
0.383
0.404
0.431
0.476
0.517
0.522
0.492
0.456
0.415
0.374
0.306
0.231
0.206
0.227
0.245
0.259
0.302
0.347
0.379
0.395
0.388
0.406
0.445
0.445
0.411
0.377
0.34
0.284
0.191
0.093
0.061
0.061
0.075
0.111
0.138
0.143
0.152
0.17
0.181
0.193
0.188
0.163
0.141
0.116
0.1
0.093
0.102
0.113
0.104
0.086
0.079
0.102
0.084
0.018
-0.014
0.025
0.064
0.075
0.082
0.111
0.163
0.195
0.181
0.17
0.17
0.188
0.206
0.195
0.152
0.077
-0.02
-0.057
-0.023
0.002
0.002
0.039
0.109
0.15
0.168
0.188
0.2
0.188
0.166
0.15
0.136
0.138
0.129
0.102
0.098
0.132
0.161
0.145
0.127
0.168
0.181
0.104
0.032
0.009
-0.011
-0.045
-0.073
-0.095
-0.129
-0.163
-0.181
-0.193
-0.215
-0.249
-0.27
-0.265
-0.274
-0.315
-0.363
-0.329
-0.234
-0.172
-0.143
-0.125
-0.116
-0.107
-0.102
-0.118
-0.132
-0.15
-0.159
-0.156
-0.138
-0.122
-0.093
-0.048
-0.002
0.011
-0.002
-0.002
0.032
0.084
0.079
0.036
0.011
-0.005
-0.016
-0.009
0.002
0.025
0.011
-0.016
-0.007
0.023
0.039
0.045
0.054
0.054
0.036
0
-0.048
-0.029
-0.002
-0.005
-0.023
-0.064
-0.118
-0.154
-0.163
-0.166
-0.213
-0.293
-0.34
-0.342
-0.308
-0.32
-0.349
-0.345
-0.324
-0.374
-0.472
-0.522
-0.533
-0.54
-0.54
-0.517
-0.49
-0.479
-0.472
-0.442
-0.445
-0.467
-0.485
-0.49
-0.472
-0.451
-0.449
-0.445
-0.429
-0.426
-0.451
-0.474
-0.433
-0.331
-0.272
-0.293
-0.322
-0.331
-0.333
-0.329
-0.293
-0.243
-0.222
-0.24
-0.249
-0.229
-0.206
-0.188
-0.152
-0.079
-0.052
-0.075
-0.107
-0.091
-0.039
-0.029
-0.068
-0.068
-0.032
-0.002
0.023
0.066
0.059
-0.005
-0.075
-0.109
-0.086
-0.066
-0.059
-0.086
-0.129
-0.159
-0.179
-0.213
-0.211
-0.17
-0.152
-0.195
-0.265
-0.313
-0.331
-0.349
-0.372
-0.408
-0.424
-0.42
-0.395
-0.347
-0.311
-0.313
-0.302
-0.297
-0.32
-0.381
-0.438
-0.474
-0.501
-0.519
-0.572
-0.674
-0.746
-0.71
-0.612
-0.567
-0.578
-0.599
-0.585
-0.535
-0.492
-0.467
-0.42
-0.347
-0.293
-0.279
-0.263
-0.227
-0.2
-0.206
-0.227
-0.256
-0.313
-0.392
-0.408
-0.358
-0.333
-0.377
-0.429
-0.411
-0.318
-0.24
-0.213
-0.197
-0.186
-0.202
-0.234
-0.234
-0.222
-0.236
-0.265
-0.284
-0.274
-0.308
-0.406
-0.445
-0.395
-0.347
-0.379
-0.447
-0.456
-0.404
-0.374
-0.395
-0.431
-0.426
-0.381
-0.349
-0.32
-0.284
-0.29
-0.342
-0.411
-0.458
-0.508
-0.558
-0.581
-0.54
-0.47
-0.465
-0.494
-0.447
-0.356
-0.304
-0.293
-0.27
-0.231
-0.225
-0.247
-0.234
-0.204
-0.2
-0.206
-0.2
-0.195
-0.218
-0.284
-0.336
-0.342
-0.338
-0.379
-0.424
-0.42
-0.377
-0.315
-0.263
-0.218
-0.166
-0.138
-0.152
-0.161
-0.141
-0.118
-0.125
-0.147
-0.2
-0.27
-0.331
-0.34
-0.322
-0.318
-0.329
-0.327
-0.297
-0.279
-0.272
-0.252
-0.229
-0.227
-0.22
-0.195
-0.168
-0.163
-0.168
-0.161
-0.181
-0.238
-0.311
-0.365
-0.395
-0.431
-0.479
-0.538
-0.581
-0.597
-0.551
-0.458
-0.331
-0.225
-0.179
-0.166
-0.156
-0.145
-0.118
-0.118
-0.138
-0.152
-0.172
-0.227
-0.259
-0.247
-0.249
-0.311
-0.367
-0.358
-0.345
-0.37
-0.383
-0.345
-0.304
-0.299
-0.302
-0.252
-0.177
-0.134
-0.134
-0.141
-0.15
-0.195
-0.24
-0.24
-0.231
-0.247
-0.29
-0.318
-0.293
-0.272
-0.299
-0.34
-0.306
-0.249
-0.213
-0.215
-0.238
-0.265
-0.261
-0.263
-0.284
-0.293
-0.315
-0.372
-0.383
-0.331
-0.308
-0.349
-0.374
-0.37
-0.354
-0.347
-0.347
-0.313
-0.252
-0.188
-0.136
-0.098
-0.052
-0.011
-0.011
-0.032
-0.052
-0.057
-0.077
-0.107
-0.116
-0.118
-0.141
-0.168
-0.181
-0.195
-0.222
-0.261
-0.297
-0.265
-0.2
-0.163
-0.175
-0.188
-0.163
-0.12
-0.084
-0.093
-0.118
-0.132
-0.102
-0.068
-0.084
-0.111
-0.098
-0.061
-0.1
-0.175
-0.193
-0.136
-0.082
-0.07
-0.068
-0.066
-0.041
-0.02
-0.018
-0.032
-0.059
-0.113
-0.147
-0.122
-0.088
-0.109
-0.154
-0.186
-0.2
-0.24
-0.272
-0.279
-0.293
-0.295
-0.277
-0.279
-0.277
-0.236
-0.188
-0.193
-0.238
-0.277
-0.304
-0.295
-0.263
-0.263
-0.284
-0.295
-0.277
-0.259
-0.254
-0.252
-0.272
-0.313
-0.293
-0.236
-0.213
-0.215
-0.211
-0.191
-0.17
-0.145
-0.104
-0.068
-0.011
0.054
0.109
0.141
0.17
0.213
0.231
0.206
0.147
0.095
0.052
0.039
0.025
0.002
-0.011
-0.009
0.011
0.032
0.036
0.027
0.023
0.052
0.091
0.075
0.039
0.014
0.007
-0.02
-0.052
-0.098
-0.132
-0.15
-0.168
-0.195
-0.218
-0.252
-0.281
-0.284
-0.295
-0.308
-0.311
-0.311
-0.29
-0.249
-0.245
-0.259
-0.234
-0.175
-0.156
-0.2
-0.245
-0.279
-0.288
-0.24
-0.184
-0.175
-0.193
-0.195
-0.152
-0.064
0.023
0.05
0.07
0.118
0.172
0.2
0.218
0.252
0.302
0.315
0.256
0.168
0.109
0.082
0.059
0.018
-0.007
-0.009
-0.009
-0.007
-0.007
-0.032
-0.061
-0.066
-0.027
0.025
0.045
0.05
0.054
0.068
0.091
0.098
0.039
-0.011
-0.016
-0.005
-0.029
-0.082
-0.109
-0.095
-0.111
-0.141
-0.122
-0.082
-0.073
-0.086
-0.109
-0.125
-0.107
-0.107
-0.138
-0.163
-0.181
-0.231
-0.304
-0.333
-0.284
-0.215
-0.204
-0.256
-0.308
-0.297
-0.249
-0.215
-0.22
-0.227
-0.206
-0.181
-0.125
-0.018
0.048
0.023
-0.02
-0.007
0.016
-0.014
-0.084
-0.129
-0.152
-0.147
-0.15
-0.179
-0.197
-0.184
-0.141
-0.113
-0.098
-0.043
0.016
0.05
0.064
0.095
0.143
0.197
0.254
0.299
0.349
0.386
0.349
0.288
0.259
0.227
0.204
0.206
0.227
0.256
0.277
0.263
0.213
0.181
0.179
0.204
0.238
0.263
0.245
0.179
0.1
0.066
0.088
0.1
0.091
0.07
0.068
0.07
0.052
0.002
-0.045
-0.041
0
0.014
0.011
0.036
0.098
0.163
0.204
0.225
0.22
0.202
0.209
0.225
0.206
0.177
0.154
0.154
0.184
0.206
0.222
0.234
0.279
0.356
0.422
0.408
0.331
0.297
0.322
0.345
0.342
0.336
0.34
0.363
0.397
0.397
0.363
0.281
0.227
0.225
0.236
0.243
0.206
0.129
0.041
0.014
0.032
0.039
0.016
0.036
0.095
0.098
0.025
-0.07
-0.102
-0.077
-0.079
-0.136
-0.195
-0.209
-0.204
-0.193
-0.17
-0.154
-0.161
-0.166
-0.122
-0.091
-0.098
-0.098
-0.084
-0.048
0
0.029
0.032
0.061
0.127
0.186
0.229
0.24
0.2
0.159
0.145
0.127
0.107
0.12
0.143
0.177
0.209
0.24
0.249
0.243
0.268
0.34
0.381
0.379
0.365
0.381
0.397
0.388
0.379
0.399
0.451
0.51
0.542
0.565
0.556
0.476
0.388
0.349
0.352
0.372
0.399
0.404
0.395
0.404
0.442
0.476
0.492
0.504
0.526
0.549
0.524
0.465
0.44
0.435
0.44
0.433
0.415
0.372
0.347
0.356
0.392
0.392
0.322
0.234
0.2
0.204
0.211
0.211
0.202
0.186
0.188
0.195
0.188
0.17
0.156
0.168
0.163
0.118
0.066
0.039
0.054
0.077
0.079
0.061
0.05
0.068
0.145
0.256
0.311
0.27
0.209
0.211
0.259
0.279
0.256
0.22
0.195
0.172
0.166
0.159
0.152
0.172
0.197
0.227
0.24
0.252
0.27
0.318
0.367
0.365
0.336
0.329
0.318
0.354
0.429
0.47
0.392
0.281
0.252
0.27
0.27
0.245
0.213
0.186
0.154
0.113
0.088
0.084
0.091
0.109
0.109
0.093
0.064
0.034
0.039
0.048
0.039
0.014
-0.002
0.014
0.032
0.059
0.091
0.12
0.134
0.134
0.107
0.095
0.127
0.17
0.206
0.222
0.225
0.243
0.299
0.377
0.406
0.397
0.37
0.354
0.372
0.415
0.433
0.406
0.358
0.347
0.365
0.408
0.456
0.494
0.517
0.515
0.463
0.429
0.445
0.481
0.508
0.501
0.445
0.37
0.361
0.424
0.508
0.544
0.522
0.454
0.361
0.281
0.249
0.234
0.186
0.111
0.023
-0.025
-0.023
-0.002
0.009
0.023
0.048
0.05
0.025
-0.016
-0.034
-0.025
-0.045
-0.073
-0.1
-0.104
-0.068
-0.02
0.018
0.068
0.116
0.116
0.111
0.143
0.213
0.22
0.168
0.107
0.082
0.116
0.181
0.231
0.225
0.193
0.202
0.231
0.256
0.29
0.302
0.306
0.34
0.336
0.318
0.322
0.363
0.417
0.474
0.47
0.408
0.349
0.342
0.379
0.372
0.288
0.166
0.075
0.077
0.141
0.202
0.238
0.274
0.304
0.29
0.24
0.17
0.122
0.098
0.088
0.05
-0.016
-0.075
-0.07
0.018
0.109
0.143
0.109
0.079
0.116
0.184
0.191
0.136
0.082
0.043
0.041
0.054
0.064
0.057
0.057
0.079
0.086
0.073
0.066
0.086
0.116
0.116
0.086
0.066
0.07
0.143
0.272
0.377
0.399
0.372
0.379
0.417
0.435
0.399
0.324
0.24
0.179
0.147
0.145
0.186
0.247
0.327
0.413
0.472
0.497
0.519
0.549
0.572
0.538
0.435
0.329
0.245
0.211
0.213
0.261
0.297
0.302
0.293
0.279
0.29
0.308
0.308
0.302
0.29
0.274
0.297
0.356
0.399
0.435
0.47
0.472
0.413
0.338
0.29
0.24
0.163
0.064
-0.018
-0.048
-0.016
0.07
0.177
0.268
0.304
0.306
0.313
0.32
0.32
0.286
0.197
0.086
0
-0.039
-0.02
0.059
0.141
0.154
0.12
0.093
0.088
0.12
0.163
0.2
0.229
0.243
0.231
0.213
0.263
0.37
0.424
0.379
0.293
0.236
0.191
0.116
0.041
-0.005
-0.032
-0.054
-0.041
0.041
0.163
0.254
0.315
0.381
0.424
0.381
0.299
0.243
0.197
0.127
0.039
-0.027
-0.054
-0.045
-0.057
-0.075
-0.075
-0.041
-0.016
-0.025
-0.05
-0.054
-0.086
-0.175
-0.229
-0.227
-0.222
-0.245
-0.263
-0.279
-0.295
-0.327
-0.37
-0.404
-0.399
-0.377
-0.354
-0.342
-0.338
-0.311
-0.22
-0.1
-0.007
0.034
0.032
0.027
0.052
0.057
0.005
-0.054
-0.077
-0.095
-0.111
-0.091
-0.02
0.082
0.202
0.29
0.331
0.372
0.424
0.467
0.479
0.445
0.406
0.388
0.372
0.365
0.374
0.392
0.395
0.392
0.429
0.46
0.46
0.451
0.426
0.406
0.404
0.44
0.494
0.547
0.574
0.56
0.494
0.426
0.381
0.354
0.299
0.234
0.159
0.107
0.077
0.095
0.163
0.227
0.218
0.186
0.215
0.254
0.231
0.168
0.113
0.095
0.057
-0.032
-0.111
-0.132
-0.129
-0.145
-0.172
-0.163
-0.12
-0.059
0.014
0.068
0.104
0.095
0.07
0.059
0.054
0.029
-0.029
-0.1
-0.145
-0.172
-0.193
-0.161
-0.116
-0.113
-0.136
-0.145
-0.079
0.027
0.104
0.102
0.091
0.093
0.068
0.045
0.05
0.041
0.014
-0.059
-0.136
-0.156
-0.113
-0.073
-0.029
0.029
0.073
0.104
0.166
0.238
0.297
0.299
0.252
0.225
0.225
0.2
0.161
0.127
0.1
0.054
-0.036
-0.077
-0.061
-0.034
-0.045
-0.057
-0.016
0.068
0.111
0.098
0.064
0.041
0.02
-0.025
-0.086
-0.141
-0.17
-0.179
-0.179
-0.156
-0.1
-0.059
-0.032
0.023
0.093
0.134
0.161
0.215
0.27
0.288
0.277
0.277
0.268
0.227
0.177
0.134
0.1
0.077
0.073
0.052
0.02
0.011
0.011
0.011
0.043
0.113
0.202
0.263
0.247
0.197
0.166
0.166
0.152
0.104
0.045
0.014
-0.009
-0.043
-0.068
-0.057
-0.048
-0.023
0.034
0.104
0.147
0.193
0.179
0.093
0.007
-0.009
-0.002
-0.043
-0.125
-0.2
-0.254
-0.277
-0.274
-0.299
-0.345
-0.374
-0.349
-0.329
-0.338
-0.315
-0.243
-0.159
-0.1
-0.086
-0.095
-0.125
-0.172
-0.24
-0.311
-0.377
-0.458
-0.54
-0.565
-0.51
-0.422
-0.356
-0.324
-0.299
-0.227
-0.143
-0.077
-0.052
-0.077
-0.15
-0.24
-0.315
-0.386
-0.46
-0.501
-0.494
-0.494
-0.508
-0.513
-0.497
-0.451
-0.377
-0.293
-0.249
-0.229
-0.206
-0.177
-0.156
-0.154
-0.168
-0.225
-0.318
-0.37
-0.356
-0.327
-0.345
-0.433
-0.522
-0.538
-0.454
-0.354
-0.299
-0.272
-0.249
-0.204
-0.168
-0.184
-0.236
-0.299
-0.372
-0.433
-0.506
-0.59
-0.646
-0.68
-0.656
-0.565
-0.483
-0.44
-0.411
-0.354
-0.295
-0.284
-0.315
-0.336
-0.333
-0.342
-0.37
-0.404
-0.408
-0.429
-0.454
-0.429
-0.392
-0.377
-0.415
-0.463
-0.488
-0.501
-0.492
-0.476
-0.467
-0.451
-0.415
-0.374
-0.347
-0.336
-0.354
-0.388
-0.42
-0.447
-0.494
-0.553
-0.576
-0.553
-0.56
-0.615
-0.637
-0.617
-0.594
-0.587
-0.572
-0.544
-0.544
-0.576
-0.587
-0.576
-0.558
-0.553
-0.56
-0.581
-0.601
-0.624
-0.699
-0.764
-0.78
-0.755
-0.739
-0.744
-0.751
-0.769
-0.789
-0.776
-0.694
-0.587
-0.531
-0.533
-0.538
-0.54
-0.558
-0.594
-0.635
-0.683
-0.73
-0.76
-0.724
-0.678
-0.658
-0.635
-0.574
-0.49
-0.395
-0.331
-0.308
-0.313
-0.327
-0.349
-0.386
-0.458
-0.522
-0.542
-0.538
-0.542
-0.576
-0.608
-0.626
-0.619
-0.565
-0.49
-0.438
-0.415
-0.395
-0.363
-0.342
-0.358
-0.431
-0.513
-0.529
-0.501
-0.504
-0.562
-0.665
-0.739
-0.737
-0.68
-0.637
-0.615
-0.603
-0.59
-0.56
-0.526
-0.501
-0.506
-0.538
-0.576
-0.621
-0.671
-0.719
-0.758
-0.78
-0.796
-0.785
-0.749
-0.708
-0.683
-0.676
-0.669
-0.651
-0.626
-0.649
-0.687
-0.724
-0.724
-0.712
-0.694
-0.69
-0.692
-0.699
-0.719
-0.742
-0.755
-0.778
-0.792
-0.744
-0.676
-0.678
-0.715
-0.69
-0.621
-0.576
-0.569
-0.603
-0.637
-0.653
-0.662
-0.674
-0.694
-0.712
-0.739
-0.753
-0.737
-0.708
-0.696
-0.724
-0.73
-0.69
-0.649
-0.635
-0.64
-0.651
-0.674
-0.669
-0.621
-0.583
-0.597
-0.649
-0.685
-0.694
-0.694
-0.735
-0.767
-0.762
-0.764
-0.764
-0.719
-0.617
-0.549
-0.547
-0.56
-0.544
-0.519
-0.544
-0.592
-0.612
-0.619
-0.653
-0.683
-0.68
-0.683
-0.685
-0.651
-0.587
-0.538
-0.517
-0.544
-0.553
-0.515
-0.485
-0.476
-0.449
-0.42
-0.404
-0.426
-0.451
-0.447
-0.454
-0.47
-0.481
-0.483
-0.513
-0.558
-0.54
-0.435
-0.347
-0.37
-0.404
-0.367
-0.333
-0.37
-0.44
-0.504
-0.576
-0.665
-0.715
-0.674
-0.624
-0.678
-0.787
-0.817
-0.742
-0.651
-0.628
-0.667
-0.671
-0.646
-0.64
-0.658
-0.678
-0.724
-0.794
-0.814
-0.778
-0.739
-0.762
-0.823
-0.853
-0.88
-0.919
-0.914
-0.842
-0.769
-0.755
-0.737
-0.674
-0.631
-0.649
-0.692
-0.68
-0.662
-0.685
-0.699
-0.667
-0.646
-0.685
-0.719
-0.687
-0.601
-0.506
-0.417
-0.311
-0.204
-0.163
-0.15
-0.109
-0.084
-0.107
-0.181
-0.245
-0.245
-0.234
-0.245
-0.265
-0.284
-0.297
-0.297
-0.252
-0.159
-0.091
-0.127
-0.172
-0.107
0.007
0.032
-0.005
-0.054
-0.111
-0.172
-0.202
-0.202
-0.225
-0.288
-0.336
-0.304
-0.227
-0.179
-0.204
-0.22
-0.17
-0.132
-0.134
-0.118
-0.075
-0.052
-0.111
-0.188
-0.213
-0.225
-0.286
-0.372
-0.413
-0.381
-0.342
-0.327
-0.277
-0.175
-0.088
-0.052
-0.041
-0.059
-0.093
-0.132
-0.163
-0.202
-0.245
-0.313
-0.349
-0.329
-0.315
-0.347
-0.365
-0.34
-0.297
-0.249
-0.197
-0.152
-0.138
-0.141
-0.138
-0.1
-0.086
-0.086
-0.073
-0.061
-0.059
-0.084
-0.141
-0.191
-0.238
-0.284
-0.259
-0.163
-0.084
-0.041
0.014
0.029
0.014
-0.011
-0.027
-0.036
-0.041
-0.061
-0.075
-0.093
-0.145
-0.209
-0.263
-0.27
-0.225
-0.195
-0.211
-0.172
-0.1
-0.068
-0.093
-0.111
-0.082
-0.034
-0.029
-0.059
-0.077
-0.095
-0.113
-0.095
-0.048
-0.048
-0.109
-0.168
-0.168
-0.127
-0.098
-0.082
-0.045
-0.007
0.018
0.032
0.045
0.05
0.057
0.059
0.07
0.088
0.118
0.122
0.093
0.075
0.104
0.161
0.222
0.256
0.261
0.274
0.333
0.417
0.497
0.519
0.497
0.497
0.504
0.465
0.417
0.386
0.37
0.361
0.361
0.365
0.365
0.381
0.388
0.358
0.304
0.286
0.327
0.361
0.345
0.304
0.293
0.299
0.311
0.311
0.286
0.231
0.191
0.181
0.202
0.256
0.268
0.227
0.172
0.147
0.17
0.202
0.202
0.184
0.161
0.152
0.161
0.186
0.195
0.17
0.136
0.122
0.159
0.186
0.161
0.122
0.141
0.213
0.263
0.265
0.286
0.315
0.352
0.388
0.406
0.417
0.438
0.447
0.415
0.374
0.372
0.404
0.429
0.422
0.392
0.383
0.408
0.426
0.454
0.485
0.497
0.492
0.499
0.533
0.549
0.54
0.529
0.51
0.49
0.476
0.447
0.442
0.499
0.524
0.481
0.44
0.46
0.517
0.542
0.526
0.506
0.538
0.572
0.572
0.529
0.476
0.458
0.472
0.49
0.492
0.454
0.399
0.392
0.422
0.463
0.472
0.458
0.46
0.472
0.474
0.474
0.504
0.549
0.572
0.567
0.576
0.597
0.626
0.64
0.624
0.631
0.612
0.576
0.576
0.608
0.624
0.631
0.662
0.742
0.812
0.821
0.826
0.891
0.948
0.948
0.894
0.855
0.857
0.889
0.912
0.903
0.916
0.957
1.007
1.023
1.016
1.012
1.018
1.037
1.014
0.975
0.959
0.975
1.023
1.068
1.052
1.009
0.971
0.944
0.93
0.898
0.851
0.81
0.803
0.778
0.762
0.776
0.817
0.855
0.866
0.864
0.864
0.876
0.889
0.905
0.903
0.869
0.83
0.81
0.78
0.742
0.715
0.705
0.708
0.728
0.776
0.807
0.839
0.88
0.937
0.928
0.873
0.851
0.853
0.839
0.803
0.783
0.801
0.839
0.844
0.848
0.866
0.923
0.998
0.993
0.944
0.921
0.905
0.891
0.91
0.962
1.012
1.014
0.989
0.953
0.937
0.944
0.935
0.921
0.905
0.869
0.814
0.796
0.835
0.898
0.962
1.021
1.068
1.071
1.03
0.98
0.953
0.93
0.935
0.93
0.91
0.896
0.898
0.946
1.018
1.057
1.023
0.984
0.969
0.978
0.989
0.973
0.948
0.957
0.996
1.003
0.946
0.887
0.887
0.91
0.896
0.882
0.885
0.869
0.871
0.923
0.957
0.955
0.975
1.016
1.048
1.043
1.018
0.987
0.955
0.928
0.898
0.891
0.91
0.935
0.966
0.975
0.962
0.957
0.971
1.014
1.048
1.023
0.966
0.948
0.964
0.993
0.987
0.948
0.914
0.91
0.898
0.878
0.871
0.896
0.941
0.964
0.948
0.914
0.896
0.919
0.946
0.939
0.903
0.885
0.894
0.885
0.839
0.851
0.912
0.912
0.853
0.807
0.805
0.801
0.794
0.785
0.81
0.857
0.907
0.932
0.944
0.939
0.903
0.839
0.81
0.844
0.869
0.846
0.832
0.839
0.866
0.894
0.894
0.903
0.944
0.996
0.987
0.957
0.946
0.907
0.839
0.776
0.739
0.739
0.762
0.773
0.785
0.805
0.817
0.794
0.796
0.819
0.801
0.735
0.701
0.749
0.807
0.819
0.783
0.755
0.739
0.751
0.778
0.794
0.787
0.769
0.735
0.735
0.755
0.742
0.692
0.658
0.635
0.628
0.646
0.651
0.644
0.656
0.669
0.671
0.674
0.68
0.685
0.653
0.621
0.649
0.715
0.76
0.767
0.751
0.755
0.776
0.803
0.796
0.764
0.724
0.694
0.701
0.719
0.712
0.703
0.719
0.719
0.703
0.717
0.724
0.715
0.703
0.708
0.703
0.685
0.615
0.533
0.49
0.499
0.547
0.597
0.665
0.724
0.715
0.678
0.699
0.751
0.76
0.733
0.735
0.776
0.821
0.81
0.739
0.676
0.642
0.637
0.624
0.599
0.572
0.567
0.56
0.526
0.51
0.533
0.56
0.551
0.506
0.476
0.494
0.517
0.497
0.456
0.435
0.438
0.429
0.39
0.356
0.354
0.377
0.422
0.474
0.494
0.474
0.44
0.433
0.449
0.458
0.451
0.431
0.399
0.358
0.29
0.22
0.179
0.195
0.204
0.152
0.138
0.218
0.306
0.336
0.356
0.381
0.404
0.422
0.399
0.342
0.302
0.308
0.336
0.374
0.39
0.377
0.361
0.363
0.392
0.415
0.411
0.401
0.417
0.445
0.465
0.451
0.397
0.342
0.311
0.243
0.166
0.129
0.122
0.118
0.079
0.052
0.075
0.12
0.15
0.193
0.218
0.213
0.211
0.238
0.234
0.163
0.102
0.082
0.048
0.007
-0.009
0.014
0.016
-0.011
-0.036
-0.041
-0.027
-0.016
-0.025
-0.048
-0.054
-0.023
-0.011
-0.036
-0.052
-0.054
-0.082
-0.091
-0.095
-0.143
-0.204
-0.202
-0.143
-0.082
-0.061
-0.091
-0.12
-0.1
-0.064
-0.048
-0.048
-0.059
-0.091
-0.141
-0.175
-0.172
-0.156
-0.154
-0.179
-0.218
-0.236
-0.204
-0.127
-0.068
-0.05
-0.041
-0.025
0
0.011
-0.036
-0.1
-0.129
-0.134
-0.104
-0.077
-0.068
-0.075
-0.086
-0.093
-0.111
-0.113
-0.104
-0.098
-0.132
-0.172
-0.197
-0.202
-0.204
-0.227
-0.263
-0.272
-0.243
-0.2
-0.191
-0.211
-0.225
-0.225
-0.238
-0.249
-0.261
-0.272
-0.27
-0.245
-0.209
-0.172
-0.15
-0.147
-0.159
-0.195
-0.225
-0.277
-0.299
-0.288
-0.295
-0.342
-0.381
-0.374
-0.34
-0.318
-0.338
-0.367
-0.379
-0.383
-0.39
-0.392
-0.397
-0.406
-0.401
-0.386
-0.406
-0.44
-0.445
-0.422
-0.392
-0.395
-0.386
-0.336
-0.315
-0.347
-0.411
-0.431
-0.404
-0.397
-0.433
-0.46
-0.451
-0.433
-0.401
-0.381
-0.397
-0.445
-0.451
-0.449
-0.47
-0.476
-0.44
-0.424
-0.429
-0.435
-0.426
-0.417
-0.388
-0.363
-0.354
-0.354
-0.356
-0.338
-0.306
-0.342
-0.426
-0.47
-0.458
-0.44
-0.42
-0.395
-0.383
-0.39
-0.413
-0.422
-0.417
-0.413
-0.429
-0.47
-0.522
-0.54
-0.529
-0.513
-0.515
-0.522
-0.544
-0.576
-0.574
-0.54
-0.54
-0.565
-0.599
-0.583
-0.531
-0.524
-0.567
-0.587
-0.576
-0.56
-0.556
-0.572
-0.61
-0.642
-0.662
-0.651
-0.603
-0.556
-0.538
-0.553
-0.61
-0.66
-0.637
-0.585
-0.574
-0.585
-0.565
-0.562
-0.603
-0.617
-0.587
-0.583
-0.585
-0.56
-0.538
-0.538
-0.578
-0.642
-0.667
-0.644
-0.608
-0.608
-0.606
-0.59
-0.578
-0.565
-0.56
-0.562
-0.551
-0.556
-0.578
-0.617
-0.656
-0.646
-0.606
-0.592
-0.619
-0.637
-0.649
-0.667
-0.656
-0.667
-0.687
-0.708
-0.735
-0.755
-0.764
-0.812
-0.88
-0.903
-0.894
-0.871
-0.866
-0.871
-0.894
-0.903
-0.9
-0.894
-0.878
-0.866
-0.873
-0.919
-0.978
-1.003
-0.982
-0.939
-0.932
-0.939
-0.937
-0.923
-0.937
-0.932
-0.91
-0.907
-0.907
-0.905
-0.887
-0.869
-0.891
-0.939
-0.98
-0.982
-0.955
-0.935
-0.916
-0.889
-0.887
-0.894
-0.876
-0.844
-0.83
-0.857
-0.885
-0.894
-0.853
-0.787
-0.744
-0.737
-0.724
-0.717
-0.73
-0.787
-0.821
-0.807
-0.812
-0.83
-0.812
-0.771
-0.783
-0.823
-0.828
-0.819
-0.819
-0.812
-0.798
-0.814
-0.866
-0.923
-0.935
-0.959
-1.012
-1.041
-1.014
-0.964
-0.939
-0.898
-0.846
-0.826
-0.812
-0.787
-0.767
-0.771
-0.789
-0.773
-0.751
-0.769
-0.819
-0.846
-0.832
-0.823
-0.805
-0.805
-0.812
-0.794
-0.755
-0.737
-0.746
-0.787
-0.792
-0.717
-0.676
-0.676
-0.683
-0.692
-0.703
-0.712
-0.696
-0.665
-0.658
-0.633
-0.578
-0.562
-0.594
-0.624
-0.612
-0.583
-0.547
-0.519
-0.497
-0.485
-0.501
-0.522
-0.542
-0.59
-0.656
-0.68
-0.644
-0.628
-0.653
-0.683
-0.687
-0.68
-0.644
-0.606
-0.61
-0.644
-0.631
-0.581
-0.592
-0.669
-0.742
-0.762
-0.762
-0.78
-0.803
-0.807
-0.803
-0.778
-0.751
-0.755
-0.78
-0.801
-0.773
-0.699
-0.662
-0.694
-0.717
-0.728
-0.737
-0.764
-0.812
-0.844
-0.846
-0.826
-0.803
-0.812
-0.853
-0.853
-0.812
-0.783
-0.785
-0.789
-0.771
-0.767
-0.796
-0.839
-0.882
-0.919
-0.935
-0.9
-0.86
-0.864
-0.88
-0.848
-0.83
-0.848
-0.853
-0.803
-0.751
-0.746
-0.749
-0.744
-0.749
-0.776
-0.776
-0.771
-0.783
-0.796
-0.798
-0.807
-0.835
-0.851
-0.844
-0.835
-0.842
-0.857
-0.826
-0.755
-0.726
-0.71
-0.69
-0.696
-0.717
-0.735
-0.744
-0.771
-0.807
-0.794
-0.76
-0.746
-0.749
-0.758
-0.746
-0.708
-0.66
-0.628
-0.64
-0.653
-0.653
-0.646
-0.699
-0.771
-0.798
-0.755
-0.717
-0.724
-0.746
-0.746
-0.719
-0.694
-0.674
-0.665
-0.671
-0.658
-0.599
-0.572
-0.64
-0.733
-0.76
-0.724
-0.69
-0.699
-0.708
-0.694
-0.685
-0.712
-0.753
-0.789
-0.785
-0.728
-0.669
-0.662
-0.685
-0.66
-0.597
-0.549
-0.547
-0.556
-0.576
-0.594
-0.594
-0.576
-0.576
-0.608
-0.651
-0.66
-0.653
-0.66
-0.649
-0.612
-0.576
-0.547
-0.531
-0.553
-0.597
-0.64
-0.628
-0.576
-0.56
-0.599
-0.631
-0.631
-0.608
-0.594
-0.583
-0.56
-0.529
-0.501
-0.499
-0.474
-0.463
-0.47
-0.481
-0.492
-0.517
-0.549
-0.572
-0.587
-0.61
-0.651
-0.683
-0.687
-0.669
-0.633
-0.603
-0.601
-0.624
-0.644
-0.628
-0.615
-0.64
-0.669
-0.703
-0.708
-0.671
-0.624
-0.606
-0.583
-0.562
-0.556
-0.565
-0.597
-0.612
-0.594
-0.562
-0.538
-0.547
-0.553
-0.544
-0.522
-0.472
-0.411
-0.386
-0.408
-0.456
-0.476
-0.49
-0.515
-0.508
-0.49
-0.476
-0.472
-0.44
-0.39
-0.356
-0.331
-0.306
-0.284
-0.272
-0.286
-0.308
-0.327
-0.34
-0.338
-0.32
-0.277
-0.209
-0.136
-0.098
-0.102
-0.113
-0.102
-0.077
-0.059
-0.052
-0.073
-0.109
-0.127
-0.122
-0.102
-0.066
-0.009
0.002
-0.014
-0.039
-0.07
-0.084
-0.075
-0.064
-0.054
-0.066
-0.098
-0.12
-0.104
-0.07
-0.079
-0.111
-0.125
-0.12
-0.134
-0.191
-0.24
-0.24
-0.211
-0.166
-0.129
-0.109
-0.084
-0.079
-0.077
-0.059
-0.059
-0.091
-0.12
-0.132
-0.147
-0.184
-0.211
-0.211
-0.179
-0.132
-0.079
-0.05
-0.061
-0.077
-0.064
-0.029
-0.009
-0.023
-0.039
-0.041
-0.041
-0.045
-0.043
-0.025
-0.027
-0.041
-0.052
-0.052
-0.054
-0.057
-0.045
-0.011
0.039
0.098
0.156
0.186
0.188
0.195
0.215
0.222
0.206
0.177
0.129
0.098
0.086
0.086
0.088
0.098
0.141
0.209
0.254
0.281
0.304
0.32
0.288
0.234
0.193
0.166
0.152
0.118
0.079
0.079
0.107
0.136
0.168
0.213
0.227
0.206
0.191
0.154
0.118
0.125
0.168
0.204
0.236
0.254
0.249
0.218
0.202
0.209
0.206
0.159
0.113
0.091
0.122
0.17
0.195
0.204
0.218
0.261
0.345
0.426
0.447
0.392
0.336
0.284
0.225
0.191
0.166
0.141
0.129
0.154
0.209
0.259
0.295
0.358
0.429
0.46
0.426
0.363
0.322
0.313
0.327
0.347
0.363
0.386
0.392
0.39
0.399
0.426
0.438
0.422
0.404
0.417
0.442
0.449
0.465
0.494
0.533
0.574
0.603
0.606
0.594
0.558
0.476
0.397
0.354
0.313
0.281
0.288
0.311
0.318
0.313
0.329
0.347
0.381
0.433
0.472
0.476
0.424
0.358
0.318
0.304
0.306
0.322
0.356
0.379
0.358
0.327
0.352
0.442
0.51
0.513
0.481
0.463
0.474
0.506
0.549
0.633
0.717
0.751
0.737
0.739
0.746
0.746
0.717
0.671
0.64
0.649
0.674
0.703
0.737
0.783
0.81
0.821
0.819
0.812
0.832
0.862
0.862
0.823
0.789
0.796
0.828
0.826
0.785
0.749
0.758
0.778
0.78
0.792
0.819
0.844
0.853
0.848
0.819
0.785
0.773
0.78
0.805
0.803
0.789
0.801
0.842
0.851
0.801
0.699
0.617
0.576
0.542
0.538
0.601
0.687
0.753
0.792
0.823
0.862
0.878
0.873
0.871
0.857
0.817
0.801
0.819
0.846
0.873
0.905
0.919
0.878
0.853
0.891
0.948
0.95
0.925
0.91
0.88
0.844
0.812
0.819
0.842
0.846
0.839
0.817
0.819
0.853
0.86
0.814
0.767
0.746
0.76
0.798
0.83
0.857
0.889
0.914
0.939
0.964
1.012
1.071
1.121
1.1
1.037
1.003
1.021
1.048
1.037
1
0.953
0.912
0.919
0.964
1.018
1.057
1.05
1.018
0.95
0.869
0.814
0.823
0.857
0.851
0.839
0.885
0.948
0.998
1.032
1.055
1.082
1.084
1.073
1.075
1.073
1.077
1.102
1.118
1.1
1.059
1.055
1.118
1.161
1.136
1.114
1.123
1.139
1.145
1.125
1.086
1.055
1.014
0.982
0.973
1.021
1.08
1.118
1.109
1.082
1.032
0.982
0.98
1.023
1.052
1.039
0.993
0.978
1.021
1.073
1.1
1.107
1.093
1.05
1.005
0.955
0.898
0.857
0.842
0.83
0.807
0.776
0.767
0.801
0.83
0.81
0.733
0.674
0.665
0.665
0.656
0.649
0.624
0.617
0.626
0.662
0.717
0.733
0.69
0.631
0.599
0.576
0.587
0.637
0.703
0.705
0.669
0.658
0.701
0.769
0.812
0.83
0.871
0.941
0.984
0.989
0.991
1.005
1.007
0.969
0.9
0.86
0.876
0.95
1.003
1.021
1.046
1.073
1.077
1.073
1.077
1.091
1.102
1.096
1.102
1.139
1.184
1.225
1.198
1.114
1.014
0.93
0.876
0.832
0.814
0.819
0.857
0.919
0.969
1
1.048
1.096
1.125
1.105
1.071
1.05
1.016
0.978
0.91
0.837
0.744
0.64
0.581
0.599
0.637
0.669
0.715
0.762
0.812
0.853
0.885
0.905
0.86
0.796
0.749
0.715
0.712
0.708
0.687
0.656
0.631
0.61
0.594
0.556
0.533
0.538
0.56
0.617
0.665
0.674
0.68
0.724
0.764
0.778
0.737
0.658
0.583
0.531
0.481
0.426
0.374
0.345
0.356
0.397
0.467
0.54
0.603
0.649
0.683
0.696
0.662
0.612
0.565
0.535
0.481
0.397
0.34
0.356
0.406
0.44
0.458
0.476
0.481
0.476
0.485
0.51
0.517
0.49
0.438
0.404
0.424
0.49
0.538
0.524
0.47
0.417
0.415
0.449
0.46
0.42
0.377
0.37
0.388
0.413
0.44
0.472
0.513
0.558
0.612
0.658
0.68
0.68
0.678
0.701
0.694
0.642
0.581
0.547
0.529
0.517
0.508
0.522
0.562
0.603
0.597
0.594
0.619
0.61
0.556
0.522
0.572
0.644
0.658
0.61
0.59
0.597
0.576
0.506
0.454
0.442
0.431
0.417
0.422
0.424
0.413
0.406
0.449
0.515
0.533
0.488
0.406
0.395
0.449
0.46
0.406
0.308
0.209
0.134
0.102
0.086
0.093
0.082
0.073
0.104
0.136
0.125
0.088
0.064
0.023
-0.029
-0.054
-0.045
-0.032
-0.041
-0.043
-0.016
0.039
0.064
0.05
0.043
0.068
0.093
0.098
0.136
0.211
0.27
0.274
0.274
0.295
0.302
0.284
0.288
0.342
0.39
0.388
0.336
0.322
0.352
0.322
0.222
0.166
0.204
0.27
0.27
0.211
0.166
0.156
0.147
0.152
0.163
0.125
0.014
-0.064
-0.032
0.039
0.073
0.045
-0.016
-0.045
-0.043
-0.07
-0.122
-0.181
-0.22
-0.213
-0.186
-0.154
-0.145
-0.154
-0.163
-0.166
-0.145
-0.113
-0.086
-0.088
-0.12
-0.156
-0.197
-0.238
-0.284
-0.313
-0.297
-0.238
-0.206
-0.206
-0.179
-0.1
-0.014
-0.009
-0.075
-0.12
-0.109
-0.102
-0.102
-0.1
-0.082
-0.07
-0.07
-0.061
-0.011
0.009
-0.032
-0.043
0
0.041
0.018
-0.048
-0.077
-0.066
-0.082
-0.125
-0.138
-0.132
-0.15
-0.202
-0.195
-0.156
-0.132
-0.166
-0.227
-0.254
-0.238
-0.225
-0.243
-0.284
-0.29
-0.256
-0.252
-0.29
-0.349
-0.383
-0.358
-0.313
-0.274
-0.259
-0.268
-0.288
-0.32
-0.34
-0.365
-0.413
-0.429
-0.406
-0.401
-0.447
-0.508
-0.54
-0.54
-0.535
-0.506
-0.494
-0.529
-0.572
-0.565
-0.56
-0.597
-0.601
-0.562
-0.547
-0.581
-0.626
-0.649
-0.642
-0.642
-0.631
-0.572
-0.501
-0.458
-0.429
-0.404
-0.408
-0.433
-0.404
-0.361
-0.338
-0.342
-0.379
-0.404
-0.377
-0.32
-0.329
-0.395
-0.433
-0.379
-0.322
-0.336
-0.358
-0.331
-0.297
-0.308
-0.372
-0.442
-0.49
-0.504
-0.501
-0.476
-0.467
-0.515
-0.597
-0.642
-0.642
-0.656
-0.701
-0.712
-0.701
-0.701
-0.739
-0.819
-0.885
-0.887
-0.826
-0.812
-0.851
-0.891
-0.903
-0.898
-0.912
-0.932
-0.95
-0.966
-0.959
-0.948
-0.95
-0.991
-1.046
-1.062
-1.007
-0.921
-0.871
-0.878
-0.878
-0.842
-0.81
-0.789
-0.801
-0.796
-0.737
-0.683
-0.667
-0.656
-0.628
-0.592
-0.574
-0.587
-0.576
-0.542
-0.513
-0.485
-0.46
-0.449
-0.481
-0.544
-0.601
-0.621
-0.601
-0.581
-0.553
-0.529
-0.549
-0.635
-0.728
-0.789
-0.81
-0.832
-0.835
-0.796
-0.76
-0.746
-0.755
-0.755
-0.751
-0.751
-0.733
-0.73
-0.764
-0.823
-0.903
-0.935
-0.905
-0.887
-0.891
-0.876
-0.866
-0.88
-0.916
-0.928
-0.923
-0.937
-0.946
-0.95
-0.957
-0.989
-1.023
-1.034
-0.996
-0.937
-0.903
-0.905
-0.912
-0.91
-0.894
-0.871
-0.889
-0.905
-0.905
-0.937
-0.982
-0.987
-0.939
-0.914
-0.921
-0.907
-0.878
-0.916
-0.991
-1.021
-0.975
-0.937
-0.921
-0.93
-0.957
-0.998
-1.021
-0.993
-0.941
-0.903
-0.871
-0.83
-0.821
-0.844
-0.846
-0.823
-0.792
-0.767
-0.755
-0.773
-0.81
-0.821
-0.798
-0.803
-0.83
-0.828
-0.792
-0.746
-0.739
-0.767
-0.812
-0.83
-0.805
-0.78
-0.792
-0.862
-0.907
-0.921
-0.935
-0.964
-0.971
-0.948
-0.955
-1.005
-1.025
-1
-0.971
-0.948
-0.907
-0.882
-0.912
-0.959
-0.971
-0.964
-0.912
-0.853
-0.823
-0.832
-0.835
-0.832
-0.851
-0.857
-0.848
-0.812
-0.807
-0.846
-0.905
-0.932
-0.91
-0.857
-0.798
-0.733
-0.685
-0.69
-0.708
-0.73
-0.762
-0.801
-0.798
-0.744
-0.699
-0.715
-0.737
-0.712
-0.669
-0.633
-0.608
-0.59
-0.587
-0.61
-0.608
-0.601
-0.628
-0.683
-0.728
-0.749
-0.773
-0.785
-0.801
-0.807
-0.801
-0.789
-0.787
-0.801
-0.864
-0.957
-0.998
-0.984
-0.955
-0.928
-0.9
-0.866
-0.853
-0.887
-0.903
-0.869
-0.817
-0.764
-0.739
-0.751
-0.817
-0.866
-0.873
-0.837
-0.807
-0.803
-0.823
-0.817
-0.803
-0.771
-0.769
-0.778
-0.762
-0.717
-0.676
-0.669
-0.676
-0.676
-0.658
-0.633
-0.615
-0.581
-0.565
-0.587
-0.59
-0.551
-0.508
-0.522
-0.574
-0.567
-0.529
-0.553
-0.615
-0.658
-0.651
-0.633
-0.631
-0.685
-0.78
-0.837
-0.807
-0.787
-0.798
-0.789
-0.767
-0.762
-0.803
-0.844
-0.86
-0.837
-0.794
-0.762
-0.746
-0.726
-0.737
-0.778
-0.776
-0.726
-0.701
-0.71
-0.737
-0.749
-0.742
-0.739
-0.762
-0.778
-0.805
-0.828
-0.812
-0.755
-0.701
-0.685
-0.683
-0.683
-0.687
-0.69
-0.683
-0.685
-0.699
-0.676
-0.61
-0.565
-0.565
-0.54
-0.494
-0.476
-0.494
-0.479
-0.435
-0.411
-0.422
-0.442
-0.472
-0.499
-0.497
-0.435
-0.327
-0.247
-0.211
-0.206
-0.211
-0.231
-0.245
-0.238
-0.24
-0.252
-0.238
-0.188
-0.154
-0.179
-0.184
-0.116
-0.073
-0.066
-0.07
-0.061
-0.052
-0.02
-0.014
-0.048
-0.091
-0.12
-0.107
-0.077
-0.073
-0.073
-0.057
-0.066
-0.1
-0.129
-0.156
-0.202
-0.259
-0.297
-0.293
-0.27
-0.27
-0.293
-0.286
-0.288
-0.308
-0.331
-0.329
-0.349
-0.397
-0.435
-0.454
-0.476
-0.499
-0.501
-0.481
-0.451
-0.415
-0.392
-0.429
-0.483
-0.497
-0.49
-0.46
-0.426
-0.395
-0.349
-0.322
-0.347
-0.395
-0.406
-0.411
-0.442
-0.465
-0.481
-0.488
-0.463
-0.415
-0.379
-0.386
-0.404
-0.374
-0.318
-0.265
-0.193
-0.138
-0.129
-0.154
-0.197
-0.195
-0.161
-0.152
-0.163
-0.15
-0.104
-0.082
-0.091
-0.059
-0.02
-0.018
-0.041
-0.052
-0.043
-0.032
-0.018
-0.018
-0.057
-0.088
-0.068
-0.02
0.036
0.088
0.116
0.095
0.073
0.077
0.104
0.177
0.256
0.293
0.29
0.284
0.324
0.379
0.397
0.386
0.379
0.361
0.322
0.318
0.352
0.379
0.358
0.352
0.377
0.411
0.445
0.47
0.476
0.492
0.522
0.515
0.47
0.438
0.454
0.488
0.485
0.456
0.458
0.485
0.522
0.56
0.576
0.547
0.499
0.458
0.431
0.429
0.392
0.327
0.272
0.249
0.247
0.265
0.297
0.327
0.347
0.333
0.261
0.17
0.118
0.098
0.052
0
-0.027
-0.018
0.002
-0.009
-0.016
0.002
0.016
0.014
-0.002
-0.036
-0.07
-0.086
-0.07
-0.057
-0.07
-0.088
-0.104
-0.109
-0.129
-0.15
-0.143
-0.141
-0.179
-0.22
-0.236
-0.231
-0.222
-0.209
-0.202
-0.197
-0.2
-0.204
-0.188
-0.132
-0.084
-0.043
-0.002
0.014
0.034
0.093
0.12
0.118
0.134
0.159
0.184
0.222
0.315
0.417
0.501
0.574
0.635
0.667
0.671
0.708
0.733
0.708
0.685
0.667
0.667
0.703
0.778
0.848
0.88
0.889
0.905
0.912
0.966
1.059
1.093
1.066
1.046
1.041
1.052
1.08
1.111
1.148
1.175
1.168
1.175
1.236
1.322
1.356
1.341
1.316
1.288
1.225
1.15
1.134
1.182
1.195
1.189
1.182
1.189
1.234
1.277
1.252
1.175
1.093
1.043
0.982
0.946
0.982
1.057
1.116
1.125
1.102
1.089
1.111
1.121
1.084
1.03
0.966
0.882
0.86
0.887
0.898
0.887
0.887
0.898
0.878
0.869
0.912
0.935
0.862
0.78
0.755
0.76
0.749
0.753
0.805
0.839
0.826
0.778
0.737
0.778
0.882
0.944
0.928
0.862
0.812
0.783
0.798
0.866
0.948
0.971
0.941
0.941
1.009
1.077
1.086
1.071
1.082
1.064
1
0.971
1.012
1.025
0.996
0.973
1
1.062
1.111
1.143
1.141
1.132
1.125
1.086
1.055
1.091
1.161
1.218
1.243
1.202
1.123
1.073
1.093
1.125
1.116
1.046
0.969
0.93
0.948
0.993
1.048
1.064
1.064
1.032
0.948
0.894
0.889
0.876
0.81
0.735
0.715
0.742
0.771
0.789
0.805
0.835
0.819
0.755
0.733
0.798
0.862
0.855
0.767
0.665
0.599
0.556
0.569
0.619
0.662
0.678
0.671
0.656
0.671
0.708
0.724
0.719
0.701
0.631
0.522
0.46
0.451
0.458
0.46
0.494
0.562
0.619
0.644
0.671
0.717
0.726
0.683
0.606
0.542
0.551
0.608
0.651
0.676
0.671
0.617
0.601
0.674
0.764
0.76
0.665
0.594
0.603
0.617
0.59
0.592
0.653
0.717
0.724
0.696
0.658
0.624
0.603
0.574
0.533
0.47
0.417
0.406
0.42
0.481
0.565
0.594
0.576
0.583
0.626
0.674
0.676
0.612
0.517
0.406
0.306
0.259
0.279
0.306
0.29
0.286
0.345
0.424
0.451
0.472
0.492
0.476
0.413
0.354
0.286
0.195
0.116
0.113
0.163
0.204
0.229
0.256
0.32
0.422
0.46
0.397
0.299
0.272
0.286
0.268
0.195
0.12
0.082
0.059
0.054
0.141
0.252
0.286
0.238
0.186
0.181
0.168
0.1
0.043
0.034
0.029
0.018
0.007
0.018
0.061
0.113
0.127
0.132
0.15
0.125
0.098
0.111
0.154
0.175
0.129
0.091
0.118
0.191
0.231
0.231
0.191
0.102
0.057
0.079
0.111
0.082
0.007
-0.029
0.014
0.093
0.141
0.163
0.222
0.302
0.336
0.324
0.297
0.27
0.236
0.22
0.24
0.263
0.247
0.234
0.302
0.429
0.565
0.617
0.576
0.544
0.547
0.542
0.504
0.449
0.413
0.372
0.313
0.324
0.433
0.533
0.574
0.574
0.599
0.64
0.64
0.569
0.494
0.467
0.474
0.497
0.506
0.506
0.544
0.621
0.694
0.73
0.712
0.646
0.603
0.597
0.594
0.576
0.526
0.485
0.479
0.481
0.497
0.533
0.547
0.51
0.46
0.395
0.295
0.218
0.197
0.243
0.302
0.342
0.377
0.413
0.451
0.451
0.422
0.39
0.347
0.279
0.247
0.222
0.213
0.231
0.277
0.356
0.442
0.517
0.565
0.581
0.558
0.522
0.463
0.383
0.315
0.277
0.268
0.277
0.308
0.352
0.379
0.406
0.47
0.567
0.637
0.656
0.637
0.592
0.549
0.517
0.515
0.522
0.515
0.54
0.649
0.749
0.787
0.76
0.73
0.726
0.749
0.749
0.683
0.621
0.612
0.621
0.656
0.685
0.687
0.667
0.651
0.66
0.683
0.658
0.574
0.456
0.354
0.34
0.406
0.456
0.456
0.431
0.433
0.492
0.526
0.488
0.399
0.313
0.261
0.202
0.118
0.041
0
0.032
0.12
0.2
0.213
0.222
0.234
0.24
0.231
0.188
0.116
0.016
-0.109
-0.195
-0.197
-0.177
-0.186
-0.215
-0.193
-0.113
-0.039
-0.009
-0.023
-0.064
-0.116
-0.166
-0.211
-0.229
-0.222
-0.236
-0.252
-0.236
-0.2
-0.175
-0.17
-0.161
-0.125
-0.136
-0.215
-0.293
-0.331
-0.315
-0.277
-0.234
-0.204
-0.166
-0.127
-0.147
-0.215
-0.27
-0.342
-0.445
-0.54
-0.565
-0.572
-0.592
-0.615
-0.599
-0.556
-0.519
-0.488
-0.456
-0.426
-0.431
-0.472
-0.562
-0.701
-0.819
-0.83
-0.776
-0.744
-0.753
-0.742
-0.665
-0.578
-0.508
-0.451
-0.397
-0.34
-0.311
-0.32
-0.331
-0.358
-0.404
-0.429
-0.404
-0.358
-0.295
-0.215
-0.141
-0.068
-0.007
0.027
0.052
0.073
0.075
0.077
0.122
0.179
0.2
0.163
0.107
0.102
0.152
0.186
0.111
0
-0.061
-0.082
-0.084
-0.088
-0.091
-0.075
-0.041
-0.007
0.002
-0.034
-0.104
-0.186
-0.295
-0.417
-0.472
-0.488
-0.54
-0.606
-0.651
-0.66
-0.642
-0.608
-0.594
-0.612
-0.617
-0.599
-0.624
-0.726
-0.846
-0.932
-0.966
-0.975
-1.018
-1.093
-1.132
-1.127
-1.091
-1.048
-1.005
-0.975
-0.978
-0.975
-0.966
-0.978
-1
-1.021
-1.032
-1.05
-1.028
-0.982
-0.964
-0.969
-0.962
-0.95
-0.925
-0.9
-0.885
-0.878
-0.878
-0.851
-0.807
-0.787
-0.798
-0.794
-0.737
-0.703
-0.742
-0.83
-0.898
-0.937
-0.957
-0.914
-0.844
-0.78
-0.746
-0.696
-0.599
-0.508
-0.488
-0.506
-0.515
-0.54
-0.587
-0.651
-0.703
-0.721
-0.742
-0.733
-0.685
-0.592
-0.508
-0.485
-0.497
-0.463
-0.42
-0.449
-0.522
-0.56
-0.535
-0.517
-0.558
-0.635
-0.637
-0.574
-0.531
-0.481
-0.383
-0.284
-0.27
-0.299
-0.27
-0.22
-0.209
-0.231
-0.234
-0.202
-0.143
-0.104
-0.084
-0.068
-0.045
-0.043
-0.032
-0.016
-0.027
-0.066
-0.109
-0.104
-0.075
-0.059
-0.025
0.036
0.066
0.052
-0.009
-0.082
-0.125
-0.166
-0.213
-0.245
-0.24
-0.211
-0.2
-0.188
-0.156
-0.125
-0.138
-0.177
-0.184
-0.181
-0.204
-0.277
-0.361
-0.426
-0.479
-0.508
-0.494
-0.485
-0.476
-0.481
-0.492
-0.504
-0.538
-0.597
-0.669
-0.749
-0.792
-0.826
-0.873
-0.925
-0.957
-0.953
-0.941
-0.937
-0.919
-0.864
-0.794
-0.762
-0.764
-0.776
-0.801
-0.817
-0.837
-0.812
-0.767
-0.76
-0.753
-0.726
-0.68
-0.624
-0.587
-0.581
-0.576
-0.585
-0.597
-0.576
-0.542
-0.535
-0.524
-0.504
-0.465
-0.417
-0.422
-0.46
-0.47
-0.435
-0.395
-0.361
-0.304
-0.256
-0.245
-0.229
-0.193
-0.168
-0.179
-0.193
-0.154
-0.064
-0.043
-0.141
-0.245
-0.265
-0.277
-0.299
-0.311
-0.306
-0.306
-0.32
-0.342
-0.342
-0.318
-0.345
-0.424
-0.479
-0.479
-0.472
-0.515
-0.597
-0.637
-0.656
-0.685
-0.694
-0.665
-0.621
-0.594
-0.581
-0.535
-0.513
-0.574
-0.653
-0.676
-0.646
-0.599
-0.612
-0.674
-0.701
-0.671
-0.624
-0.603
-0.617
-0.646
-0.656
-0.608
-0.567
-0.535
-0.513
-0.524
-0.544
-0.547
-0.524
-0.513
-0.556
-0.606
-0.612
-0.603
-0.594
-0.599
-0.608
-0.597
-0.551
-0.497
-0.472
-0.474
-0.488
-0.508
-0.513
-0.494
-0.494
-0.56
-0.637
-0.642
-0.594
-0.562
-0.562
-0.581
-0.603
-0.601
-0.56
-0.517
-0.481
-0.456
-0.44
-0.426
-0.406
-0.413
-0.456
-0.494
-0.506
-0.488
-0.467
-0.465
-0.465
-0.458
-0.429
-0.386
-0.358
-0.356
-0.383
-0.411
-0.408
-0.377
-0.37
-0.404
-0.456
-0.492
-0.499
-0.513
-0.535
-0.581
-0.603
-0.581
-0.538
-0.497
-0.481
-0.504
-0.538
-0.56
-0.574
-0.581
-0.597
-0.653
-0.703
-0.705
-0.73
-0.785
-0.842
-0.873
-0.844
-0.769
-0.735
-0.762
-0.801
-0.798
-0.789
-0.785
-0.78
-0.801
-0.823
-0.812
-0.776
-0.746
-0.746
-0.767
-0.753
-0.721
-0.71
-0.694
-0.658
-0.631
-0.635
-0.644
-0.626
-0.581
-0.558
-0.603
-0.631
-0.608
-0.565
-0.562
-0.583
-0.576
-0.535
-0.508
-0.501
-0.51
-0.51
-0.467
-0.383
-0.322
-0.306
-0.288
-0.222
-0.141
-0.1
-0.116
-0.17
-0.184
-0.136
-0.102
-0.113
-0.104
-0.07
-0.023
0.016
0.059
0.102
0.145
0.204
0.263
0.274
0.213
0.147
0.111
0.104
0.107
0.15
0.206
0.222
0.188
0.204
0.302
0.401
0.429
0.424
0.433
0.438
0.417
0.39
0.365
0.34
0.347
0.386
0.417
0.438
0.433
0.395
0.381
0.395
0.392
0.37
0.352
0.354
0.352
0.322
0.29
0.299
0.302
0.268
0.274
0.313
0.304
0.215
0.15
0.147
0.159
0.125
0.077
0.068
0.102
0.136
0.156
0.191
0.229
0.256
0.27
0.279
0.236
0.154
0.1
0.086
0.077
0.048
0.036
0.064
0.109
0.172
0.236
0.297
0.37
0.377
0.308
0.254
0.259
0.256
0.188
0.118
0.104
0.134
0.172
0.204
0.243
0.299
0.365
0.431
0.474
0.463
0.422
0.392
0.404
0.426
0.404
0.381
0.406
0.447
0.46
0.494
0.567
0.624
0.644
0.683
0.742
0.755
0.699
0.617
0.576
0.601
0.651
0.667
0.665
0.692
0.721
0.76
0.801
0.835
0.839
0.81
0.776
0.773
0.744
0.69
0.68
0.728
0.76
0.764
0.792
0.869
0.887
0.823
0.76
0.773
0.794
0.737
0.637
0.585
0.572
0.544
0.494
0.476
0.481
0.483
0.481
0.458
0.392
0.336
0.324
0.324
0.277
0.184
0.12
0.095
0.07
0.036
0.011
0.025
0.059
0.064
0.029
0.007
0.011
-0.005
-0.023
-0.002
0.041
0.075
0.05
0.034
0.054
0.088
0.113
0.129
0.122
0.082
0.045
0.043
0.066
0.041
-0.005
-0.014
0.002
0.018
0.032
0.057
0.104
0.175
0.215
0.206
0.213
0.22
0.197
0.138
0.084
0.052
0.034
0.007
-0.002
0.023
0.073
0.111
0.15
0.206
0.259
0.293
0.297
0.256
0.175
0.084
0.007
-0.032
-0.034
-0.052
-0.079
-0.095
-0.1
-0.061
0.029
0.095
0.075
0.023
-0.009
-0.011
-0.032
-0.068
-0.102
-0.086
-0.041
-0.009
0.005
0.039
0.091
0.129
0.156
0.166
0.147
0.109
0.088
0.095
0.104
0.107
0.104
0.161
0.254
0.306
0.342
0.386
0.42
0.413
0.386
0.383
0.397
0.388
0.327
0.29
0.318
0.386
0.445
0.501
0.522
0.497
0.485
0.526
0.542
0.494
0.467
0.474
0.479
0.456
0.433
0.417
0.411
0.42
0.431
0.47
0.51
0.542
0.542
0.519
0.497
0.474
0.467
0.472
0.481
0.501
0.549
0.567
0.556
0.526
0.499
0.522
0.56
0.549
0.481
0.411
0.404
0.408
0.363
0.288
0.252
0.295
0.367
0.417
0.463
0.513
0.542
0.542
0.517
0.501
0.513
0.51
0.504
0.51
0.499
0.451
0.429
0.431
0.447
0.474
0.49
0.494
0.504
0.519
0.538
0.535
0.501
0.445
0.445
0.472
0.474
0.451
0.445
0.431
0.404
0.399
0.426
0.44
0.46
0.467
0.431
0.377
0.342
0.338
0.361
0.395
0.42
0.426
0.46
0.499
0.492
0.44
0.408
0.404
0.39
0.365
0.324
0.277
0.234
0.211
0.204
0.215
0.245
0.281
0.318
0.34
0.377
0.388
0.327
0.254
0.259
0.281
0.249
0.204
0.193
0.193
0.213
0.234
0.245
0.236
0.243
0.308
0.39
0.411
0.404
0.438
0.51
0.54
0.508
0.47
0.476
0.51
0.54
0.54
0.504
0.46
0.454
0.445
0.429
0.451
0.485
0.49
0.49
0.497
0.513
0.515
0.497
0.485
0.501
0.517
0.506
0.492
0.488
0.49
0.479
0.429
0.37
0.347
0.363
0.383
0.422
0.429
0.404
0.408
0.44
0.488
0.513
0.481
0.422
0.388
0.361
0.329
0.27
0.206
0.204
0.24
0.243
0.238
0.281
0.324
0.333
0.315
0.268
0.227
0.202
0.156
0.113
0.077
0.014
-0.073
-0.127
-0.136
-0.107
-0.061
-0.039
-0.034
-0.043
-0.077
-0.138
-0.197
-0.213
-0.181
-0.141
-0.107
-0.066
0.005
0.068
0.104
0.125
0.152
0.143
0.152
0.193
0.229
0.227
0.177
0.102
0.064
0.095
0.147
0.191
0.236
0.277
0.293
0.272
0.243
0.231
0.227
0.209
0.15
0.104
0.132
0.22
0.281
0.288
0.284
0.304
0.331
0.322
0.297
0.284
0.286
0.265
0.2
0.125
0.107
0.134
0.166
0.166
0.161
0.168
0.163
0.141
0.136
0.116
0.052
-0.034
-0.102
-0.116
-0.091
-0.052
-0.025
0.018
0.066
0.095
0.077
0.05
0.05
0.041
0.005
-0.043
-0.077
-0.102
-0.113
-0.129
-0.134
-0.091
-0.054
-0.027
-0.011
0
0.014
0.029
0.041
0.061
0.082
0.057
0.009
0.005
0.05
0.109
0.122
0.104
0.093
0.104
0.116
0.138
0.143
0.127
0.118
0.122
0.143
0.195
0.247
0.247
0.195
0.154
0.161
0.163
0.12
0.093
0.116
0.134
0.134
0.129
0.129
0.17
0.218
0.197
0.141
0.129
0.177
0.22
0.213
0.161
0.088
0.039
0.043
0.054
0.052
0.029
0.009
-0.005
0.002
-0.011
-0.045
-0.093
-0.141
-0.166
-0.191
-0.225
-0.254
-0.27
-0.288
-0.315
-0.34
-0.386
-0.447
-0.483
-0.531
-0.585
-0.599
-0.574
-0.558
-0.535
-0.485
-0.447
-0.413
-0.383
-0.372
-0.379
-0.388
-0.404
-0.413
-0.406
-0.417
-0.44
-0.474
-0.51
-0.513
-0.454
-0.383
-0.358
-0.361
-0.354
-0.347
-0.327
-0.331
-0.365
-0.39
-0.411
-0.422
-0.379
-0.297
-0.231
-0.209
-0.206
-0.231
-0.254
-0.27
-0.311
-0.349
-0.354
-0.358
-0.352
-0.331
-0.279
-0.225
-0.197
-0.2
-0.227
-0.256
-0.249
-0.24
-0.286
-0.354
-0.39
-0.415
-0.463
-0.492
-0.449
-0.39
-0.358
-0.347
-0.308
-0.284
-0.281
-0.263
-0.252
-0.254
-0.272
-0.304
-0.32
-0.297
-0.243
-0.191
-0.141
-0.107
-0.107
-0.125
-0.111
-0.086
-0.068
-0.084
-0.132
-0.156
-0.134
-0.073
-0.018
-0.018
-0.016
0.011
0.018
-0.023
-0.039
0.005
0.027
-0.05
-0.181
-0.265
-0.274
-0.252
-0.256
-0.27
-0.265
-0.243
-0.181
-0.093
-0.027
-0.009
-0.048
-0.116
-0.168
-0.188
-0.215
-0.247
-0.249
-0.229
-0.2
-0.193
-0.191
-0.15
-0.111
-0.093
-0.138
-0.211
-0.259
-0.284
-0.318
-0.349
-0.401
-0.433
-0.415
-0.408
-0.413
-0.397
-0.361
-0.365
-0.399
-0.413
-0.422
-0.44
-0.49
-0.51
-0.481
-0.458
-0.456
-0.454
-0.431
-0.399
-0.358
-0.358
-0.406
-0.47
-0.506
-0.513
-0.515
-0.492
-0.46
-0.442
-0.426
-0.399
-0.347
-0.286
-0.252
-0.263
-0.281
-0.299
-0.315
-0.306
-0.261
-0.218
-0.195
-0.193
-0.179
-0.134
-0.064
-0.002
0.032
0.032
0.034
0.057
0.088
0.098
0.102
0.15
0.193
0.195
0.206
0.245
0.313
0.365
0.352
0.302
0.268
0.272
0.263
0.234
0.225
0.227
0.24
0.263
0.279
0.302
0.327
0.327
0.268
0.177
0.129
0.138
0.166
0.195
0.181
0.125
0.098
0.138
0.206
0.254
0.254
0.204
0.147
0.088
0.039
0.023
0.05
0.073
0.057
0.023
-0.002
-0.002
0.025
0.05
0.054
0
-0.059
-0.075
-0.059
-0.045
-0.034
-0.045
-0.088
-0.098
-0.064
-0.02
-0.014
-0.018
-0.016
-0.034
-0.075
-0.134
-0.163
-0.172
-0.206
-0.274
-0.349
-0.39
-0.399
-0.388
-0.374
-0.408
-0.47
-0.508
-0.531
-0.56
-0.576
-0.599
-0.628
-0.642
-0.631
-0.621
-0.619
-0.594
-0.549
-0.529
-0.56
-0.615
-0.631
-0.592
-0.542
-0.54
-0.56
-0.551
-0.499
-0.433
-0.401
-0.399
-0.406
-0.406
-0.44
-0.481
-0.499
-0.467
-0.404
-0.333
-0.304
-0.297
-0.286
-0.238
-0.156
-0.118
-0.154
-0.206
-0.231
-0.256
-0.295
-0.299
-0.261
-0.261
-0.293
-0.295
-0.259
-0.215
-0.211
-0.243
-0.245
-0.215
-0.225
-0.249
-0.265
-0.295
-0.338
-0.356
-0.37
-0.381
-0.37
-0.306
-0.234
-0.193
-0.197
-0.181
-0.134
-0.102
-0.091
-0.125
-0.168
-0.177
-0.166
-0.168
-0.166
-0.111
-0.041
-0.02
-0.054
-0.088
-0.091
-0.061
-0.075
-0.109
-0.122
-0.127
-0.12
-0.107
-0.095
-0.077
-0.068
-0.041
-0.043
-0.102
-0.177
-0.179
-0.127
-0.113
-0.141
-0.177
-0.204
-0.172
-0.111
-0.118
-0.184
-0.234
-0.24
-0.202
-0.218
-0.259
-0.281
-0.295
-0.286
-0.274
-0.272
-0.268
-0.27
-0.293
-0.293
-0.268
-0.256
-0.279
-0.295
-0.32
-0.358
-0.411
-0.449
-0.458
-0.413
-0.329
-0.238
-0.188
-0.163
-0.152
-0.166
-0.156
-0.147
-0.166
-0.213
-0.263
-0.293
-0.299
-0.272
-0.229
-0.225
-0.231
-0.245
-0.222
-0.188
-0.193
-0.247
-0.277
-0.259
-0.22
-0.22
-0.261
-0.286
-0.256
-0.222
-0.209
-0.193
-0.125
-0.07
-0.064
-0.061
-0.029
-0.02
-0.034
-0.039
-0.002
0.029
0.016
-0.016
0.002
0.088
0.132
0.07
0.002
-0.02
-0.027
-0.023
0.007
0.048
0.061
0.057
0.095
0.175
0.211
0.193
0.188
0.209
0.202
0.172
0.143
0.136
0.166
0.202
0.238
0.27
0.295
0.299
0.29
0.288
0.272
0.222
0.186
0.184
0.168
0.122
0.084
0.073
0.084
0.086
0.082
0.059
0.061
0.077
0.064
0.005
-0.02
0.014
0.052
0.041
0.029
0.061
0.102
0.116
0.132
0.156
0.161
0.154
0.166
0.179
0.179
0.154
0.143
0.161
0.218
0.261
0.238
0.188
0.177
0.197
0.215
0.197
0.141
0.104
0.113
0.136
0.166
0.179
0.2
0.234
0.238
0.211
0.175
0.172
0.177
0.145
0.113
0.073
0.052
0.045
0.045
0.07
0.084
0.086
0.107
0.134
0.147
0.118
0.041
-0.048
-0.118
-0.145
-0.143
-0.143
-0.168
-0.188
-0.197
-0.179
-0.147
-0.111
-0.079
-0.041
-0.018
-0.032
-0.041
-0.005
0.041
0.064
0.052
0.023
-0.005
0.014
0.075
0.125
0.127
0.122
0.152
0.225
0.293
0.293
0.234
0.186
0.186
0.202
0.193
0.17
0.172
0.195
0.229
0.225
0.211
0.206
0.218
0.245
0.277
0.29
0.331
0.383
0.424
0.44
0.408
0.361
0.327
0.306
0.274
0.252
0.24
0.227
0.225
0.236
0.254
0.245
0.215
0.2
0.213
0.227
0.204
0.159
0.122
0.095
0.068
0.045
0.02
0.007
-0.002
-0.027
-0.061
-0.041
0.048
0.143
0.17
0.161
0.154
0.147
0.118
0.082
0.075
0.061
0.032
0.027
0.057
0.088
0.091
0.077
0.088
0.118
0.118
0.118
0.138
0.168
0.175
0.159
0.147
0.145
0.145
0.15
0.161
0.15
0.109
0.082
0.111
0.145
0.17
0.197
0.195
0.152
0.127
0.107
0.091
0.077
0.064
0.048
0.059
0.127
0.163
0.102
0
-0.052
-0.041
-0.002
0.023
0.005
-0.014
0.002
0.034
0.043
0.045
0.041
0.014
-0.007
-0.018
-0.039
-0.052
-0.045
-0.027
0.011
0.032
0.05
0.064
0.048
0.023
0.027
0.023
0.023
0.036
0.018
0.009
0.007
0
-0.023
-0.025
0.005
0.034
0.041
0.043
0.045
0.041
0.041
0.054
0.061
0.064
0.077
0.136
0.191
0.202
0.2
0.191
0.166
0.17
0.22
0.256
0.245
0.202
0.204
0.238
0.227
0.186
0.175
0.204
0.234
0.218
0.2
0.213
0.22
0.193
0.168
0.166
0.163
0.141
0.118
0.109
0.143
0.197
0.243
0.268
0.272
0.225
0.147
0.116
0.118
0.118
0.086
0.066
0.109
0.161
0.163
0.145
0.113
0.077
0.086
0.098
0.084
0.057
0.02
0.039
0.075
0.107
0.122
0.12
0.107
0.095
0.127
0.175
0.193
0.197
0.213
0.24
0.256
0.24
0.231
0.263
0.327
0.381
0.417
0.438
0.431
0.39
0.338
0.329
0.347
0.331
0.322
0.345
0.37
0.383
0.399
0.422
0.456
0.467
0.415
0.365
0.349
0.324
0.29
0.259
0.231
0.227
0.234
0.229
0.218
0.2
0.172
0.161
0.168
0.177
0.145
0.064
-0.023
-0.045
-0.029
-0.027
-0.023
-0.009
-0.009
-0.043
-0.093
-0.12
-0.132
-0.163
-0.215
-0.225
-0.202
-0.184
-0.191
-0.2
-0.206
-0.2
-0.184
-0.145
-0.127
-0.159
-0.225
-0.204
-0.116
-0.086
-0.136
-0.181
-0.168
-0.129
-0.098
-0.091
-0.098
-0.111
-0.107
-0.075
-0.064
-0.116
-0.186
-0.209
-0.179
-0.125
-0.059
-0.016
-0.02
-0.025
-0.011
-0.007
-0.02
-0.023
-0.032
-0.052
-0.048
-0.027
-0.009
-0.027
-0.061
-0.05
0.014
0.073
0.068
0.048
0.061
0.091
0.098
0.086
0.073
0.07
0.088
0.102
0.098
0.12
0.159
0.181
0.195
0.2
0.181
0.159
0.161
0.193
0.193
0.172
0.172
0.218
0.256
0.252
0.206
0.159
0.166
0.202
0.215
0.2
0.172
0.175
0.193
0.191
0.163
0.15
0.141
0.132
0.132
0.152
0.163
0.15
0.116
0.077
0.073
0.077
0.061
0.039
0.045
0.059
0.091
0.141
0.147
0.086
0.029
0.025
0.041
0.034
0.009
-0.011
0.014
0.041
0.039
0.02
0.02
0.032
0.045
0.052
0.057
0.064
0.061
0.043
0.005
-0.005
0.009
0.029
0.02
0.027
0.052
0.045
0.027
0.011
-0.018
-0.059
-0.05
0.007
0.059
0.07
0.064
0.073
0.113
0.159
0.166
0.145
0.193
0.27
0.306
0.313
0.311
0.315
0.349
0.354
0.34
0.34
0.349
0.388
0.46
0.483
0.445
0.413
0.424
0.454
0.46
0.445
0.447
0.476
0.515
0.517
0.504
0.474
0.445
0.467
0.524
0.542
0.54
0.569
0.578
0.576
0.574
0.549
0.524
0.535
0.549
0.556
0.524
0.449
0.401
0.406
0.39
0.356
0.34
0.349
0.367
0.352
0.315
0.302
0.277
0.252
0.236
0.252
0.274
0.288
0.297
0.297
0.293
0.29
0.284
0.288
0.311
0.347
0.356
0.324
0.27
0.243
0.24
0.236
0.234
0.236
0.231
0.243
0.249
0.218
0.179
0.159
0.152
0.134
0.132
0.138
0.145
0.15
0.159
0.161
0.127
0.118
0.145
0.166
0.175
0.195
0.213
0.193
0.156
0.147
0.161
0.172
0.161
0.163
0.181
0.17
0.141
0.156
0.186
0.152
0.075
0.043
0.079
0.127
0.154
0.156
0.118
0.1
0.147
0.202
0.222
0.24
0.299
0.354
0.331
0.265
0.222
0.231
0.268
0.302
0.308
0.288
0.263
0.277
0.315
0.331
0.299
0.247
0.22
0.238
0.277
0.29
0.256
0.204
0.163
0.161
0.156
0.125
0.122
0.156
0.186
0.163
0.127
0.102
0.111
0.134
0.143
0.102
0.052
0.034
0.077
0.113
0.116
0.095
0.052
0.018
0.029
0.068
0.084
0.077
0.066
0.041
0.007
-0.002
0.007
0.023
0.034
0.082
0.095
0.054
0.009
0.02
0.068
0.098
0.082
0.034
-0.036
-0.088
-0.052
0.025
0.036
-0.034
-0.066
-0.039
0.018
0.057
0.064
0.054
0.029
-0.011
-0.059
-0.098
-0.122
-0.1
-0.029
0
-0.045
-0.125
-0.127
-0.052
0.002
-0.002
-0.043
-0.075
-0.075
-0.073
-0.054
-0.032
-0.034
-0.073
-0.091
-0.025
0.079
0.177
0.243
0.218
0.143
0.113
0.15
0.172
0.175
0.181
0.163
0.143
0.134
0.156
0.193
0.218
0.213
0.163
0.113
0.068
0.036
0.064
0.125
0.145
0.088
0.014
-0.027
0.002
0.084
0.138
0.118
0.061
0
-0.023
0
0.052
0.1
0.122
0.107
0.043
-0.007
0.009
0.095
0.166
0.147
0.091
0.029
-0.009
0.005
0.05
0.1
0.122
0.079
0
-0.05
-0.016
0.057
0.082
0.039
-0.016
-0.039
-0.045
-0.032
0.002
0.041
0.025
-0.052
-0.125
-0.129
-0.093
-0.05
-0.023
-0.032
-0.075
-0.141
-0.168
-0.132
-0.073
-0.052
-0.109
-0.193
-0.229
-0.215
-0.179
-0.132
-0.1
-0.118
-0.147
-0.134
-0.129
-0.125
-0.104
-0.095
-0.136
-0.195
-0.206
-0.132
-0.027
0.029
0.002
-0.045
-0.057
-0.014
0.032
0.068
0.075
0.036
-0.039
-0.109
-0.109
-0.05
0.016
0.027
-0.034
-0.122
-0.17
-0.163
-0.113
-0.07
-0.052
-0.066
-0.084
-0.1
-0.113
-0.073
-0.009
-0.005
-0.079
-0.186
-0.279
-0.299
-0.272
-0.238
-0.252
-0.315
-0.361
-0.372
-0.347
-0.308
-0.286
-0.29
-0.327
-0.379
-0.454
-0.51
-0.485
-0.408
-0.37
-0.404
-0.472
-0.497
-0.47
-0.406
-0.388
-0.44
-0.481
-0.485
-0.445
-0.374
-0.315
-0.279
-0.281
-0.299
-0.304
-0.313
-0.299
-0.293
-0.365
-0.463
-0.524
-0.54
-0.522
-0.483
-0.44
-0.424
-0.456
-0.492
-0.481
-0.392
-0.299
-0.302
-0.367
-0.445
-0.499
-0.519
-0.519
-0.506
-0.504
-0.526
-0.59
-0.656
-0.671
-0.621
-0.569
-0.529
-0.504
-0.51
-0.531
-0.54
-0.51
-0.435
-0.392
-0.449
-0.562
-0.669
-0.705
-0.671
-0.653
-0.676
-0.699
-0.721
-0.758
-0.753
-0.696
-0.612
-0.519
-0.492
-0.556
-0.624
-0.624
-0.544
-0.465
-0.449
-0.497
-0.542
-0.565
-0.565
-0.544
-0.538
-0.583
-0.64
-0.651
-0.608
-0.524
-0.442
-0.37
-0.342
-0.336
-0.306
-0.261
-0.249
-0.268
-0.295
-0.34
-0.415
-0.501
-0.551
-0.531
-0.474
-0.449
-0.449
-0.406
-0.304
-0.191
-0.111
-0.077
-0.073
-0.098
-0.152
-0.222
-0.24
-0.22
-0.231
-0.27
-0.299
-0.322
-0.345
-0.361
-0.331
-0.27
-0.202
-0.2
-0.238
-0.245
-0.195
-0.136
-0.091
-0.095
-0.147
-0.204
-0.265
-0.286
-0.261
-0.254
-0.299
-0.374
-0.424
-0.429
-0.426
-0.399
-0.336
-0.265
-0.263
-0.306
-0.297
-0.229
-0.172
-0.188
-0.277
-0.392
-0.463
-0.467
-0.451
-0.46
-0.49
-0.481
-0.399
-0.302
-0.213
-0.122
-0.036
-0.007
-0.039
-0.098
-0.166
-0.204
-0.238
-0.281
-0.306
-0.345
-0.401
-0.47
-0.515
-0.515
-0.494
-0.49
-0.483
-0.454
-0.395
-0.367
-0.386
-0.422
-0.433
-0.408
-0.383
-0.367
-0.37
-0.367
-0.349
-0.34
-0.374
-0.424
-0.447
-0.42
-0.365
-0.322
-0.284
-0.247
-0.202
-0.154
-0.064
0.02
0.041
-0.007
-0.082
-0.143
-0.17
-0.195
-0.236
-0.265
-0.272
-0.249
-0.236
-0.215
-0.132
0.011
0.138
0.172
0.132
0.091
0.095
0.098
0.052
-0.027
-0.098
-0.143
-0.177
-0.191
-0.197
-0.238
-0.308
-0.336
-0.331
-0.322
-0.265
-0.206
-0.186
-0.179
-0.168
-0.147
-0.156
-0.204
-0.243
-0.272
-0.315
-0.395
-0.492
-0.56
-0.578
-0.562
-0.562
-0.542
-0.472
-0.39
-0.34
-0.295
-0.213
-0.138
-0.134
-0.2
-0.284
-0.333
-0.37
-0.408
-0.438
-0.445
-0.481
-0.524
-0.497
-0.401
-0.304
-0.27
-0.293
-0.302
-0.249
-0.166
-0.088
-0.052
-0.064
-0.122
-0.172
-0.177
-0.159
-0.166
-0.204
-0.249
-0.274
-0.295
-0.313
-0.27
-0.172
-0.086
-0.048
-0.029
0.016
0.041
0.023
0.027
0.041
-0.002
-0.088
-0.147
-0.154
-0.17
-0.231
-0.295
-0.281
-0.236
-0.229
-0.236
-0.172
-0.079
-0.059
-0.104
-0.145
-0.166
-0.193
-0.206
-0.218
-0.245
-0.293
-0.381
-0.458
-0.429
-0.338
-0.306
-0.347
-0.37
-0.379
-0.39
-0.386
-0.338
-0.297
-0.295
-0.322
-0.297
-0.247
-0.243
-0.268
-0.272
-0.247
-0.32
-0.445
-0.47
-0.379
-0.304
-0.293
-0.281
-0.229
-0.175
-0.141
-0.068
0.027
0.066
-0.011
-0.091
-0.082
-0.023
0.005
-0.002
-0.005
0.009
0.025
0.029
0.075
0.184
0.247
0.215
0.17
0.159
0.141
0.079
0.052
0.066
0.07
0.05
0.057
0.104
0.159
0.163
0.17
0.209
0.197
0.127
0.075
0.068
0.109
0.113
0.086
0.082
0.091
0.066
0.048
0.109
0.186
0.132
-0.016
-0.082
-0.011
0.082
0.118
0.12
0.125
0.084
0
-0.029
0.075
0.172
0.111
-0.032
-0.107
-0.116
-0.138
-0.15
-0.066
0.029
-0.014
-0.111
-0.088
0.034
0.154
0.209
0.202
0.175
0.134
0.107
0.125
0.163
0.147
0.043
-0.048
-0.036
-0.007
-0.009
0.007
0.079
0.118
0.079
0.043
0.064
0.152
0.231
0.268
0.32
0.367
0.308
0.225
0.274
0.383
0.388
0.288
0.204
0.2
0.229
0.229
0.243
0.293
0.311
0.259
0.231
0.32
0.476
0.551
0.562
0.581
0.56
0.485
0.429
0.456
0.515
0.483
0.365
0.277
0.281
0.311
0.306
0.331
0.365
0.349
0.29
0.295
0.399
0.51
0.549
0.551
0.531
0.447
0.347
0.349
0.442
0.476
0.381
0.234
0.154
0.122
0.098
0.07
0.093
0.154
0.175
0.17
0.243
0.404
0.526
0.551
0.504
0.449
0.372
0.288
0.265
0.299
0.279
0.2
0.127
0.1
0.082
0.064
0.077
0.134
0.193
0.229
0.263
0.349
0.476
0.56
0.583
0.562
0.504
0.408
0.347
0.379
0.415
0.318
0.118
-0.025
-0.054
-0.048
-0.029
0.041
0.12
0.163
0.193
0.245
0.347
0.451
0.474
0.44
0.379
0.29
0.181
0.141
0.197
0.222
0.154
0.079
0.054
0.066
0.082
0.122
0.188
0.245
0.254
0.218
0.234
0.324
0.401
0.415
0.417
0.395
0.324
0.265
0.284
0.34
0.297
0.15
0.039
0.048
0.107
0.141
0.186
0.256
0.315
0.331
0.34
0.401
0.488
0.533
0.499
0.447
0.386
0.311
0.249
0.243
0.29
0.306
0.286
0.284
0.338
0.395
0.415
0.433
0.467
0.47
0.44
0.431
0.504
0.558
0.547
0.501
0.481
0.442
0.374
0.349
0.39
0.406
0.363
0.299
0.286
0.306
0.295
0.24
0.234
0.259
0.252
0.211
0.234
0.308
0.349
0.313
0.272
0.236
0.191
0.132
0.134
0.215
0.297
0.304
0.281
0.272
0.295
0.299
0.277
0.238
0.181
0.132
0.093
0.077
0.093
0.107
0.102
0.093
0.098
0.104
0.129
0.209
0.281
0.265
0.191
0.129
0.095
0.064
0.039
-0.016
-0.061
-0.041
0.034
0.109
0.156
0.193
0.215
0.254
0.272
0.227
0.17
0.172
0.218
0.225
0.186
0.15
0.138
0.129
0.109
0.1
0.113
0.107
0.07
0.054
0.064
0.077
0.1
0.122
0.125
0.1
0.07
0.077
0.134
0.186
0.179
0.134
0.088
0.05
0.029
0.018
0.002
-0.009
-0.023
-0.027
0.039
0.136
0.154
0.127
0.1
0.093
0.079
0.034
-0.014
-0.032
-0.027
-0.016
-0.027
-0.054
-0.061
-0.057
-0.036
0.002
0.041
0.057
0.079
0.125
0.156
0.138
0.102
0.093
0.095
0.082
0.05
0.041
0.059
0.073
0.02
-0.025
-0.025
0.009
0.041
0.05
0.043
0.048
0.05
0.059
0.086
0.095
0.073
0.032
-0.002
-0.007
0
-0.005
-0.014
-0.02
-0.034
-0.059
-0.059
-0.016
0.007
-0.002
-0.002
0.005
0.018
0.025
-0.036
-0.088
-0.084
-0.095
-0.163
-0.234
-0.274
-0.265
-0.238
-0.252
-0.288
-0.295
-0.281
-0.259
-0.231
-0.195
-0.129
-0.098
-0.122
-0.184
-0.222
-0.211
-0.175
-0.195
-0.288
-0.354
-0.333
-0.254
-0.2
-0.209
-0.245
-0.259
-0.22
-0.184
-0.17
-0.152
-0.136
-0.122
-0.132
-0.177
-0.222
-0.218
-0.181
-0.163
-0.166
-0.134
-0.082
-0.043
-0.034
-0.057
-0.066
-0.052
-0.043
-0.079
-0.132
-0.127
-0.07
0.023
0.086
0.059
-0.016
-0.043
-0.011
0.052
0.07
0.016
-0.05
-0.111
-0.154
-0.172
-0.159
-0.134
-0.134
-0.154
-0.143
-0.098
-0.043
-0.02
-0.029
-0.043
-0.034
-0.039
-0.073
-0.079
-0.027
0.023
0.039
0.054
0.07
0.064
0.011
-0.034
-0.057
-0.088
-0.136
-0.15
-0.136
-0.127
-0.129
-0.079
0
0.027
-0.02
-0.048
-0.016
0.041
0.05
-0.032
-0.132
-0.154
-0.15
-0.172
-0.193
-0.175
-0.147
-0.134
-0.113
-0.041
0.029
0.032
0.023
0.043
0.034
-0.009
-0.032
-0.02
0.002
0.005
-0.041
-0.1
-0.122
-0.132
-0.175
-0.209
-0.186
-0.152
-0.147
-0.188
-0.211
-0.191
-0.175
-0.177
-0.197
-0.209
-0.225
-0.222
-0.181
-0.127
-0.154
-0.259
-0.342
-0.347
-0.322
-0.331
-0.347
-0.336
-0.304
-0.288
-0.293
-0.313
-0.32
-0.293
-0.261
-0.27
-0.306
-0.336
-0.358
-0.37
-0.386
-0.431
-0.49
-0.517
-0.485
-0.44
-0.395
-0.354
-0.342
-0.349
-0.358
-0.358
-0.34
-0.297
-0.288
-0.315
-0.363
-0.404
-0.408
-0.388
-0.399
-0.399
-0.354
-0.299
-0.261
-0.227
-0.191
-0.181
-0.179
-0.159
-0.168
-0.222
-0.261
-0.229
-0.193
-0.225
-0.279
-0.286
-0.24
-0.2
-0.188
-0.168
-0.134
-0.107
-0.091
-0.107
-0.129
-0.138
-0.129
-0.118
-0.141
-0.161
-0.132
-0.07
-0.054
-0.095
-0.136
-0.138
-0.125
-0.132
-0.147
-0.136
-0.111
-0.111
-0.143
-0.163
-0.132
-0.068
-0.025
-0.02
-0.054
-0.088
-0.118
-0.125
-0.161
-0.238
-0.295
-0.263
-0.181
-0.138
-0.111
-0.07
-0.014
0.036
0.054
0.054
0.075
0.104
0.086
0.052
0.032
-0.02
-0.082
-0.109
-0.091
-0.061
-0.039
-0.034
-0.036
-0.02
0
-0.005
-0.061
-0.118
-0.138
-0.116
-0.102
-0.098
-0.07
-0.05
-0.057
-0.064
-0.052
-0.057
-0.07
-0.082
-0.079
-0.1
-0.175
-0.256
-0.268
-0.256
-0.252
-0.245
-0.225
-0.209
-0.195
-0.177
-0.159
-0.17
-0.249
-0.306
-0.29
-0.247
-0.231
-0.234
-0.227
-0.202
-0.168
-0.143
-0.113
-0.075
-0.043
-0.016
0.023
0.023
-0.014
-0.02
0
0.005
-0.002
0.002
0.027
0.075
0.113
0.156
0.179
0.163
0.122
0.113
0.17
0.218
0.213
0.188
0.166
0.175
0.225
0.297
0.361
0.39
0.415
0.454
0.501
0.494
0.426
0.367
0.354
0.34
0.29
0.259
0.245
0.24
0.245
0.281
0.288
0.245
0.215
0.245
0.293
0.304
0.272
0.222
0.17
0.145
0.136
0.152
0.175
0.195
0.209
0.22
0.243
0.247
0.238
0.231
0.227
0.166
0.088
0.059
0.064
0.05
0.039
0.036
0.007
-0.07
-0.125
-0.118
-0.077
-0.075
-0.113
-0.163
-0.218
-0.277
-0.288
-0.245
-0.193
-0.191
-0.193
-0.154
-0.082
-0.007
0.023
-0.002
-0.036
-0.07
-0.088
-0.095
-0.073
-0.027
0.02
0.048
0.05
0.077
0.143
0.204
0.22
0.238
0.243
0.231
0.211
0.195
0.168
0.143
0.152
0.159
0.136
0.12
0.163
0.24
0.311
0.338
0.327
0.284
0.225
0.163
0.15
0.154
0.129
0.095
0.064
0.052
0.07
0.12
0.154
0.138
0.073
-0.002
-0.059
-0.068
-0.02
0.025
0.02
-0.025
-0.07
-0.052
0.011
0.084
0.125
0.104
0.048
-0.014
-0.041
-0.034
0.007
0.052
0.057
-0.007
-0.075
-0.048
0.048
0.127
0.161
0.168
0.163
0.166
0.17
0.181
0.209
0.243
0.211
0.122
0.118
0.193
0.281
0.356
0.372
0.342
0.311
0.297
0.288
0.288
0.277
0.252
0.202
0.12
0.059
0.059
0.116
0.127
0.068
-0.002
-0.054
-0.104
-0.138
-0.134
-0.125
-0.159
-0.213
-0.259
-0.249
-0.213
-0.193
-0.215
-0.222
-0.2
-0.188
-0.188
-0.172
-0.12
-0.064
-0.073
-0.141
-0.195
-0.17
-0.086
-0.002
0.009
-0.014
-0.023
0.007
0.025
0.023
0.059
0.122
0.147
0.113
0.1
0.152
0.24
0.299
0.313
0.318
0.32
0.306
0.281
0.322
0.401
0.454
0.474
0.47
0.456
0.46
0.494
0.506
0.494
0.433
0.338
0.284
0.293
0.32
0.329
0.331
0.324
0.286
0.243
0.254
0.281
0.277
0.209
0.118
0.014
-0.068
-0.088
-0.054
-0.02
-0.043
-0.143
-0.236
-0.24
-0.186
-0.109
-0.059
-0.064
-0.095
-0.136
-0.179
-0.197
-0.186
-0.136
-0.075
-0.057
-0.057
-0.036
0.005
0.043
0.027
-0.025
-0.059
-0.052
-0.041
-0.041
-0.023
0.007
0.032
0.059
0.104
0.181
0.252
0.249
0.172
0.098
0.07
0.084
0.109
0.129
0.122
0.129
0.138
0.136
0.138
0.181
0.259
0.333
0.345
0.277
0.195
0.132
0.113
0.111
0.109
0.098
0.079
0.075
0.066
0.039
0
-0.011
0
0.005
-0.041
-0.127
-0.238
-0.293
-0.27
-0.215
-0.179
-0.172
-0.15
-0.136
-0.129
-0.154
-0.213
-0.256
-0.234
-0.184
-0.143
-0.127
-0.134
-0.122
-0.075
-0.032
0.014
0.091
0.17
0.211
0.206
0.188
0.172
0.156
0.184
0.238
0.279
0.286
0.279
0.252
0.234
0.297
0.401
0.467
0.476
0.47
0.465
0.442
0.411
0.386
0.388
0.433
0.499
0.506
0.458
0.424
0.44
0.472
0.476
0.451
0.431
0.411
0.381
0.336
0.277
0.195
0.156
0.193
0.215
0.17
0.1
0.027
-0.05
-0.109
-0.093
-0.061
-0.077
-0.118
-0.156
-0.188
-0.22
-0.245
-0.259
-0.249
-0.229
-0.231
-0.263
-0.293
-0.293
-0.27
-0.261
-0.263
-0.284
-0.32
-0.329
-0.315
-0.345
-0.39
-0.404
-0.367
-0.306
-0.243
-0.238
-0.274
-0.299
-0.299
-0.315
-0.268
-0.177
-0.118
-0.1
-0.107
-0.116
-0.134
-0.132
-0.064
0.039
0.127
0.132
0.064
0.052
0.116
0.195
0.261
0.281
0.254
0.229
0.247
0.263
0.234
0.218
0.259
0.34
0.397
0.404
0.377
0.315
0.259
0.227
0.195
0.179
0.2
0.245
0.272
0.263
0.204
0.143
0.141
0.184
0.227
0.236
0.159
0.054
0
0.011
0.048
0.073
0.091
0.091
0.086
0.052
-0.014
-0.048
-0.007
0.079
0.12
0.113
0.075
0.018
0
0.045
0.1
0.104
0.079
0.113
0.188
0.213
0.195
0.166
0.156
0.17
0.195
0.209
0.188
0.163
0.177
0.236
0.311
0.358
0.365
0.377
0.401
0.374
0.286
0.188
0.154
0.163
0.177
0.179
0.177
0.166
0.129
0.077
0.077
0.134
0.125
0.043
0.011
0.041
0.014
-0.082
-0.136
-0.132
-0.113
-0.095
-0.102
-0.154
-0.204
-0.247
-0.254
-0.236
-0.27
-0.349
-0.39
-0.377
-0.379
-0.433
-0.474
-0.445
-0.361
-0.318
-0.322
-0.338
-0.336
-0.322
-0.327
-0.322
-0.327
-0.367
-0.411
-0.361
-0.265
-0.222
-0.243
-0.211
-0.111
-0.023
0.014
0.034
0.045
0.025
-0.007
-0.002
0.034
0.054
0.052
0.082
0.159
0.188
0.147
0.15
0.252
0.349
0.365
0.295
0.231
0.243
0.259
0.254
0.263
0.277
0.243
0.184
0.177
0.206
0.193
0.116
0.07
0.059
0.016
-0.068
-0.109
-0.079
-0.048
-0.07
-0.113
-0.138
-0.163
-0.179
-0.168
-0.136
-0.161
-0.27
-0.352
-0.336
-0.304
-0.297
-0.306
-0.299
-0.293
-0.288
-0.286
-0.261
-0.247
-0.245
-0.261
-0.295
-0.315
-0.313
-0.295
-0.254
-0.172
-0.125
-0.118
-0.093
-0.018
0.059
0.07
0.066
0.061
0.057
0.043
0.073
0.159
0.234
0.277
0.274
0.263
0.277
0.297
0.29
0.304
0.311
0.284
0.229
0.204
0.213
0.213
0.204
0.181
0.132
0.088
0.079
0.073
0.095
0.095
0.039
-0.016
-0.034
-0.027
-0.039
-0.095
-0.129
-0.145
-0.159
-0.181
-0.188
-0.15
-0.116
-0.163
-0.272
-0.361
-0.408
-0.44
-0.456
-0.431
-0.404
-0.44
-0.481
-0.454
-0.404
-0.399
-0.438
-0.44
-0.449
-0.485
-0.501
-0.46
-0.395
-0.363
-0.352
-0.32
-0.272
-0.238
-0.265
-0.304
-0.284
-0.24
-0.215
-0.175
-0.102
-0.02
0.016
0.034
0.054
0.05
0.016
0.007
0.036
0.041
0.018
-0.002
-0.009
-0.02
-0.043
-0.054
-0.02
0.036
0.045
0.002
-0.032
0.002
0.05
0.077
0.082
0.07
0.011
-0.07
-0.111
-0.104
-0.102
-0.141
-0.141
-0.086
-0.036
-0.032
-0.045
-0.039
-0.066
-0.122
-0.152
-0.138
-0.152
-0.209
-0.24
-0.22
-0.191
-0.197
-0.209
-0.166
-0.12
-0.15
-0.227
-0.268
-0.252
-0.204
-0.152
-0.127
-0.091
-0.064
-0.059
-0.023
0.007
-0.014
-0.073
-0.077
-0.023
0.005
-0.023
-0.045
-0.009
0.045
0.054
0.016
-0.002
0.014
0
-0.039
-0.032
-0.034
-0.057
-0.075
-0.034
0.027
0.018
-0.039
-0.054
-0.016
0.036
0.05
0.061
0.086
0.054
-0.029
-0.073
-0.075
-0.091
-0.156
-0.213
-0.2
-0.159
-0.163
-0.211
-0.2
-0.138
-0.107
-0.175
-0.277
-0.34
-0.372
-0.392
-0.397
-0.408
-0.438
-0.463
-0.44
-0.379
-0.358
-0.401
-0.438
-0.413
-0.397
-0.406
-0.392
-0.347
-0.327
-0.361
-0.39
-0.37
-0.329
-0.32
-0.347
-0.333
-0.288
-0.252
-0.252
-0.259
-0.211
-0.134
-0.104
-0.127
-0.132
-0.091
-0.043
-0.016
0.005
0.043
0.059
0.057
0.093
0.15
0.181
0.168
0.177
0.209
0.234
0.222
0.222
0.259
0.293
0.288
0.272
0.277
0.274
0.272
0.274
0.27
0.259
0.256
0.265
0.277
0.288
0.29
0.268
0.243
0.231
0.2
0.134
0.086
0.073
0.05
0.025
0.016
-0.011
-0.027
-0.032
-0.039
-0.05
-0.061
-0.061
-0.073
-0.1
-0.127
-0.188
-0.254
-0.277
-0.281
-0.286
-0.272
-0.286
-0.313
-0.318
-0.311
-0.302
-0.281
-0.247
-0.225
-0.193
-0.184
-0.188
-0.184
-0.166
-0.134
-0.129
-0.132
-0.118
-0.118
-0.132
-0.129
-0.1
-0.054
-0.027
-0.018
-0.002
0.018
0.018
-0.007
-0.011
0.005
-0.002
-0.034
-0.041
-0.027
-0.032
-0.061
-0.088
-0.079
-0.043
-0.043
-0.054
-0.041
-0.048
-0.079
-0.098
-0.104
-0.12
-0.136
-0.168
-0.179
-0.179
-0.191
-0.202
-0.202
-0.177
-0.15
-0.186
-0.238
-0.211
-0.177
-0.188
-0.213
-0.204
-0.193
-0.204
-0.22
-0.2
-0.134
-0.116
-0.175
-0.209
-0.177
-0.118
-0.093
-0.079
-0.043
-0.005
0.016
0.041
0.082
0.104
0.093
0.082
0.113
0.141
0.141
0.109
0.102
0.132
0.175
0.202
0.215
0.229
0.274
0.306
0.288
0.234
0.195
0.181
0.163
0.17
0.191
0.154
0.07
0.014
0.027
0.077
0.109
0.104
0.064
0.034
0.029
0.018
0.002
0.014
-0.002
-0.043
-0.066
-0.075
-0.109
-0.168
-0.209
-0.2
-0.17
-0.141
-0.154
-0.215
-0.256
-0.245
-0.222
-0.238
-0.261
-0.252
-0.229
-0.202
-0.193
-0.204
-0.234
-0.277
-0.297
-0.277
-0.247
-0.249
-0.27
-0.272
-0.263
-0.249
-0.231
-0.2
-0.168
-0.159
-0.145
-0.129
-0.1
-0.064
-0.045
-0.064
-0.068
-0.052
-0.064
-0.116
-0.172
-0.179
-0.136
-0.1
-0.095
-0.07
-0.023
0.041
0.086
0.12
0.145
0.136
0.107
0.132
0.181
0.179
0.134
0.095
0.066
0.032
-0.02
-0.059
-0.064
-0.043
-0.043
-0.043
-0.027
-0.029
-0.052
-0.073
-0.077
-0.066
-0.048
-0.066
-0.1
-0.098
-0.125
-0.204
-0.311
-0.356
-0.331
-0.281
-0.249
-0.24
-0.238
-0.218
-0.17
-0.098
-0.036
0.009
0.052
0.061
0.02
-0.034
-0.079
-0.102
-0.098
-0.102
-0.113
-0.127
-0.141
-0.15
-0.129
-0.084
0
0.093
0.154
0.161
0.122
0.084
0.084
0.116
0.154
0.191
0.206
0.213
0.191
0.116
0.054
0.068
0.113
0.166
0.2
0.202
0.193
0.197
0.197
0.184
0.186
0.197
0.213
0.213
0.168
0.091
0.018
-0.023
-0.052
-0.1
-0.143
-0.138
-0.145
-0.168
-0.197
-0.193
-0.147
-0.088
-0.073
-0.088
-0.104
-0.138
-0.166
-0.17
-0.152
-0.138
-0.141
-0.152
-0.172
-0.211
-0.245
-0.229
-0.177
-0.134
-0.118
-0.107
-0.075
-0.018
0.027
0.07
0.12
0.168
0.193
0.206
0.188
0.179
0.177
0.177
0.159
0.145
0.134
0.136
0.147
0.17
0.191
0.234
0.272
0.29
0.279
0.238
0.209
0.186
0.175
0.181
0.188
0.175
0.156
0.134
0.086
0.034
0.02
0.034
0.061
0.057
0.05
0.073
0.113
0.129
0.138
0.143
0.132
0.127
0.12
0.109
0.098
0.054
-0.002
-0.034
-0.057
-0.066
-0.091
-0.093
-0.079
-0.073
-0.052
0.007
0.061
0.077
0.054
0
-0.039
-0.059
-0.077
-0.091
-0.066
-0.007
0.043
0.059
0.05
0.066
0.109
0.147
0.177
0.218
0.263
0.308
0.311
0.288
0.256
0.252
0.256
0.27
0.286
0.295
0.295
0.256
0.225
0.227
0.229
0.215
0.197
0.186
0.181
0.186
0.2
0.22
0.247
0.238
0.191
0.152
0.127
0.091
0.023
-0.034
-0.032
0.014
0.043
0.041
0.007
-0.005
0.02
0.036
0.032
0.023
0.016
-0.002
-0.018
-0.039
-0.045
-0.061
-0.079
-0.082
-0.068
-0.032
0.002
0.016
0.014
0
-0.011
-0.027
-0.041
-0.045
-0.034
0
0.045
0.084
0.122
0.136
0.116
0.102
0.118
0.113
0.095
0.102
0.143
0.184
0.195
0.181
0.168
0.186
0.218
0.254
0.29
0.306
0.32
0.336
0.363
0.397
0.383
0.336
0.288
0.274
0.304
0.336
0.34
0.306
0.249
0.215
0.204
0.197
0.193
0.168
0.159
0.197
0.222
0.2
0.204
0.209
0.159
0.091
0.052
0.027
0.005
0.007
0.036
0.05
0.043
0.018
-0.029
-0.052
-0.007
0.054
0.075
0.066
0.059
0.073
0.118
0.138
0.122
0.088
0.084
0.093
0.113
0.12
0.098
0.093
0.122
0.152
0.156
0.145
0.122
0.129
0.166
0.204
0.22
0.238
0.268
0.281
0.245
0.17
0.113
0.125
0.181
0.249
0.313
0.361
0.361
0.324
0.288
0.286
0.322
0.338
0.322
0.288
0.272
0.265
0.263
0.268
0.279
0.265
0.231
0.197
0.156
0.138
0.175
0.195
0.197
0.191
0.17
0.134
0.079
0.048
0.066
0.082
0.041
-0.014
-0.027
0.009
0.011
-0.034
-0.066
-0.068
-0.045
-0.032
0
0.064
0.086
0.052
0.034
0.039
0.039
0.039
0.05
0.059
0.064
0.061
0.034
0.007
0.027
0.088
0.154
0.188
0.2
0.22
0.272
0.297
0.313
0.333
0.333
0.308
0.279
0.256
0.234
0.252
0.281
0.295
0.297
0.29
0.268
0.261
0.286
0.331
0.363
0.395
0.406
0.415
0.399
0.342
0.29
0.277
0.284
0.277
0.243
0.2
0.206
0.238
0.24
0.204
0.168
0.188
0.238
0.27
0.268
0.263
0.279
0.286
0.261
0.215
0.156
0.122
0.141
0.172
0.2
0.215
0.215
0.204
0.204
0.195
0.177
0.138
0.129
0.172
0.247
0.288
0.297
0.322
0.336
0.288
0.227
0.188
0.231
0.293
0.311
0.311
0.315
0.322
0.308
0.311
0.311
0.293
0.29
0.29
0.265
0.249
0.252
0.277
0.304
0.304
0.304
0.274
0.24
0.227
0.252
0.288
0.318
0.338
0.342
0.302
0.225
0.161
0.184
0.268
0.286
0.24
0.213
0.249
0.295
0.295
0.27
0.268
0.295
0.315
0.315
0.333
0.342
0.313
0.279
0.254
0.215
0.188
0.186
0.222
0.243
0.229
0.227
0.236
0.259
0.27
0.27
0.279
0.304
0.327
0.331
0.336
0.349
0.342
0.34
0.345
0.311
0.22
0.154
0.168
0.193
0.17
0.159
0.222
0.299
0.34
0.342
0.342
0.367
0.367
0.34
0.308
0.268
0.206
0.154
0.138
0.127
0.1
0.077
0.084
0.118
0.129
0.113
0.122
0.161
0.186
0.2
0.206
0.225
0.236
0.252
0.27
0.247
0.175
0.082
0.007
-0.057
-0.102
-0.125
-0.095
-0.041
0.005
0.027
0.054
0.109
0.15
0.147
0.118
0.109
0.1
0.073
0.041
0.007
-0.023
-0.073
-0.136
-0.188
-0.202
-0.2
-0.152
-0.079
-0.007
0.011
0.005
0.025
0.075
0.122
0.145
0.147
0.095
0.029
0.011
0.016
-0.043
-0.125
-0.166
-0.193
-0.202
-0.17
-0.093
0.005
0.077
0.102
0.098
0.088
0.086
0.093
0.107
0.107
0.077
0.027
-0.023
-0.066
-0.077
-0.104
-0.143
-0.156
-0.12
-0.068
-0.059
-0.045
0.032
0.122
0.15
0.109
0.041
0.016
0.029
0.023
-0.025
-0.075
-0.093
-0.061
-0.027
-0.043
-0.077
-0.068
-0.036
-0.016
0.005
0.039
0.134
0.229
0.24
0.218
0.2
0.172
0.136
0.122
0.12
0.12
0.109
0.104
0.1
0.091
0.079
0.086
0.109
0.132
0.154
0.163
0.172
0.184
0.218
0.24
0.204
0.152
0.132
0.168
0.2
0.2
0.195
0.204
0.227
0.227
0.186
0.152
0.168
0.184
0.159
0.143
0.147
0.181
0.186
0.152
0.132
0.129
0.109
0.082
0.064
0.057
0.07
0.109
0.134
0.127
0.134
0.107
0.068
0.082
0.107
0.066
0.016
0
0.018
0.045
0.066
0.07
0.082
0.125
0.15
0.127
0.084
0.075
0.088
0.077
0.039
0.011
-0.016
-0.057
-0.098
-0.122
-0.125
-0.095
-0.054
-0.025
-0.032
-0.014
0.027
0.048
0.041
0.05
0.045
0.016
0.009
0.018
0.018
-0.005
-0.059
-0.077
-0.034
0.011
0.014
0.027
0.077
0.118
0.116
0.107
0.147
0.234
0.272
0.238
0.166
0.134
0.095
0.032
-0.032
-0.029
0.032
0.075
0.059
0.039
0.061
0.141
0.2
0.202
0.186
0.179
0.177
0.163
0.154
0.152
0.111
0.041
-0.02
-0.014
0.007
0.007
0.018
0.032
0.059
0.088
0.1
0.107
0.156
0.211
0.188
0.136
0.113
0.122
0.107
0.05
0.018
0.023
0.027
-0.005
-0.039
-0.068
-0.07
-0.041
-0.029
-0.041
-0.025
-0.005
0.005
0.005
0.007
-0.009
-0.066
-0.132
-0.168
-0.147
-0.134
-0.154
-0.168
-0.168
-0.15
-0.138
-0.116
-0.052
0.036
0.088
0.068
0.041
0.048
0.084
0.077
0.023
0.002
0.05
0.086
0.077
0.075
0.122
0.163
0.152
0.107
0.082
0.102
0.127
0.134
0.161
0.204
0.238
0.227
0.204
0.204
0.206
0.186
0.143
0.113
0.138
0.218
0.297
0.331
0.347
0.352
0.331
0.322
0.333
0.331
0.299
0.245
0.211
0.238
0.311
0.333
0.252
0.177
0.154
0.159
0.138
0.104
0.086
0.073
0.05
0.027
0.014
-0.005
-0.052
-0.095
-0.132
-0.17
-0.211
-0.191
-0.134
-0.122
-0.138
-0.145
-0.127
-0.118
-0.127
-0.136
-0.154
-0.152
-0.172
-0.222
-0.259
-0.268
-0.274
-0.295
-0.315
-0.34
-0.358
-0.352
-0.345
-0.361
-0.383
-0.397
-0.39
-0.379
-0.374
-0.358
-0.34
-0.37
-0.424
-0.447
-0.422
-0.395
-0.383
-0.386
-0.397
-0.415
-0.39
-0.338
-0.286
-0.231
-0.179
-0.147
-0.111
-0.045
-0.014
-0.059
-0.145
-0.166
-0.132
-0.104
-0.12
-0.141
-0.132
-0.104
-0.095
-0.1
-0.084
-0.036
0.002
0.016
0.007
0
0.014
0.036
0.068
0.091
0.095
0.088
0.077
0.073
0.07
0.077
0.122
0.2
0.277
0.322
0.358
0.372
0.374
0.372
0.361
0.342
0.331
0.331
0.349
0.365
0.356
0.327
0.311
0.32
0.338
0.32
0.284
0.252
0.284
0.361
0.408
0.415
0.372
0.306
0.249
0.22
0.193
0.17
0.172
0.202
0.238
0.272
0.297
0.286
0.252
0.234
0.231
0.231
0.222
0.181
0.143
0.125
0.122
0.116
0.098
0.075
0.082
0.091
0.064
0.007
0.007
0.059
0.088
0.077
0.05
0.036
0.057
0.084
0.075
0.057
0.059
0.104
0.161
0.2
0.2
0.181
0.175
0.186
0.206
0.234
0.256
0.263
0.281
0.299
0.306
0.286
0.249
0.261
0.308
0.32
0.299
0.29
0.331
0.395
0.388
0.345
0.333
0.342
0.347
0.329
0.34
0.377
0.374
0.349
0.331
0.336
0.358
0.372
0.37
0.388
0.424
0.46
0.467
0.467
0.483
0.508
0.522
0.485
0.447
0.438
0.456
0.433
0.388
0.349
0.358
0.399
0.433
0.435
0.451
0.449
0.422
0.404
0.397
0.361
0.331
0.306
0.322
0.361
0.361
0.302
0.243
0.234
0.247
0.261
0.272
0.236
0.206
0.211
0.204
0.186
0.168
0.138
0.122
0.1
0.091
0.107
0.12
0.122
0.138
0.166
0.175
0.175
0.206
0.238
0.215
0.163
0.147
0.184
0.195
0.147
0.084
0.064
0.077
0.109
0.129
0.132
0.15
0.161
0.181
0.227
0.254
0.218
0.15
0.122
0.129
0.143
0.134
0.086
0.043
0.045
0.086
0.118
0.134
0.143
0.177
0.252
0.329
0.336
0.284
0.254
0.238
0.206
0.168
0.116
0.043
-0.016
-0.023
0.018
0.045
0.027
0.032
0.068
0.118
0.184
0.2
0.186
0.184
0.179
0.141
0.084
0.05
0.048
0.043
0.027
0
0.002
0.036
0.075
0.104
0.145
0.166
0.172
0.2
0.206
0.138
0.068
0.039
0.016
-0.027
-0.113
-0.238
-0.311
-0.272
-0.168
-0.107
-0.104
-0.145
-0.175
-0.179
-0.206
-0.22
-0.209
-0.213
-0.229
-0.225
-0.245
-0.304
-0.374
-0.413
-0.381
-0.324
-0.304
-0.322
-0.32
-0.304
-0.29
-0.295
-0.306
-0.322
-0.327
-0.336
-0.331
-0.349
-0.415
-0.472
-0.456
-0.401
-0.367
-0.39
-0.424
-0.406
-0.342
-0.306
-0.295
-0.299
-0.311
-0.311
-0.32
-0.358
-0.39
-0.367
-0.304
-0.249
-0.231
-0.24
-0.247
-0.234
-0.218
-0.247
-0.288
-0.265
-0.186
-0.152
-0.147
-0.136
-0.132
-0.127
-0.104
-0.064
-0.036
-0.086
-0.159
-0.154
-0.1
-0.118
-0.2
-0.261
-0.254
-0.22
-0.177
-0.136
-0.102
-0.077
-0.041
-0.009
0
-0.041
-0.134
-0.229
-0.24
-0.2
-0.211
-0.286
-0.34
-0.345
-0.324
-0.304
-0.281
-0.24
-0.184
-0.12
-0.059
-0.052
-0.15
-0.272
-0.358
-0.42
-0.479
-0.529
-0.569
-0.606
-0.626
-0.594
-0.529
-0.47
-0.438
-0.415
-0.426
-0.435
-0.429
-0.424
-0.46
-0.506
-0.549
-0.608
-0.662
-0.687
-0.683
-0.656
-0.624
-0.565
-0.492
-0.46
-0.47
-0.492
-0.515
-0.533
-0.529
-0.508
-0.513
-0.558
-0.619
-0.653
-0.653
-0.637
-0.658
-0.703
-0.71
-0.653
-0.587
-0.56
-0.569
-0.551
-0.485
-0.451
-0.456
-0.474
-0.492
-0.513
-0.515
-0.506
-0.476
-0.485
-0.529
-0.538
-0.524
-0.501
-0.479
-0.454
-0.431
-0.401
-0.363
-0.354
-0.381
-0.417
-0.429
-0.442
-0.467
-0.49
-0.522
-0.569
-0.583
-0.513
-0.404
-0.37
-0.372
-0.333
-0.313
-0.32
-0.336
-0.347
-0.365
-0.383
-0.401
-0.447
-0.508
-0.501
-0.411
-0.313
-0.29
-0.293
-0.249
-0.227
-0.252
-0.265
-0.274
-0.295
-0.34
-0.397
-0.449
-0.492
-0.501
-0.492
-0.479
-0.46
-0.458
-0.476
-0.481
-0.474
-0.456
-0.497
-0.572
-0.612
-0.621
-0.669
-0.705
-0.685
-0.635
-0.599
-0.592
-0.572
-0.567
-0.594
-0.633
-0.628
-0.624
-0.676
-0.764
-0.839
-0.866
-0.855
-0.801
-0.73
-0.692
-0.687
-0.674
-0.651
-0.662
-0.708
-0.755
-0.787
-0.828
-0.887
-0.973
-1.032
-0.998
-0.885
-0.787
-0.717
-0.635
-0.574
-0.549
-0.544
-0.56
-0.565
-0.608
-0.703
-0.792
-0.835
-0.855
-0.817
-0.746
-0.701
-0.64
-0.56
-0.501
-0.458
-0.445
-0.449
-0.454
-0.449
-0.485
-0.56
-0.615
-0.619
-0.601
-0.592
-0.583
-0.544
-0.472
-0.42
-0.383
-0.358
-0.354
-0.379
-0.426
-0.485
-0.513
-0.504
-0.481
-0.454
-0.429
-0.399
-0.372
-0.358
-0.374
-0.383
-0.399
-0.46
-0.572
-0.646
-0.658
-0.644
-0.644
-0.635
-0.606
-0.556
-0.49
-0.456
-0.44
-0.433
-0.426
-0.456
-0.54
-0.642
-0.744
-0.848
-0.896
-0.839
-0.733
-0.694
-0.701
-0.683
-0.621
-0.56
-0.562
-0.61
-0.649
-0.671
-0.71
-0.769
-0.848
-0.866
-0.81
-0.746
-0.737
-0.753
-0.744
-0.683
-0.635
-0.646
-0.66
-0.662
-0.66
-0.671
-0.715
-0.769
-0.783
-0.719
-0.651
-0.626
-0.624
-0.619
-0.617
-0.637
-0.633
-0.612
-0.631
-0.669
-0.694
-0.73
-0.751
-0.733
-0.69
-0.637
-0.606
-0.597
-0.581
-0.549
-0.481
-0.411
-0.435
-0.538
-0.612
-0.649
-0.669
-0.674
-0.637
-0.585
-0.553
-0.51
-0.46
-0.435
-0.424
-0.411
-0.408
-0.415
-0.447
-0.467
-0.499
-0.524
-0.499
-0.463
-0.479
-0.494
-0.479
-0.44
-0.411
-0.395
-0.379
-0.392
-0.429
-0.451
-0.44
-0.411
-0.395
-0.399
-0.399
-0.397
-0.372
-0.331
-0.318
-0.338
-0.372
-0.401
-0.395
-0.379
-0.404
-0.47
-0.515
-0.467
-0.345
-0.254
-0.229
-0.195
-0.129
-0.107
-0.159
-0.222
-0.234
-0.231
-0.259
-0.295
-0.338
-0.37
-0.39
-0.388
-0.361
-0.299
-0.211
-0.15
-0.147
-0.175
-0.186
-0.222
-0.315
-0.44
-0.538
-0.578
-0.597
-0.626
-0.612
-0.533
-0.429
-0.333
-0.245
-0.2
-0.195
-0.197
-0.179
-0.161
-0.213
-0.318
-0.433
-0.508
-0.547
-0.569
-0.578
-0.565
-0.488
-0.367
-0.284
-0.272
-0.304
-0.342
-0.365
-0.37
-0.404
-0.422
-0.399
-0.374
-0.39
-0.401
-0.386
-0.331
-0.259
-0.168
-0.077
-0.014
0.011
-0.005
-0.032
-0.016
0.027
0.088
0.143
0.218
0.284
0.308
0.293
0.261
0.209
0.172
0.193
0.213
0.195
0.166
0.163
0.172
0.17
0.191
0.236
0.279
0.295
0.313
0.329
0.299
0.218
0.111
0.016
-0.05
-0.116
-0.184
-0.213
-0.215
-0.195
-0.141
-0.093
-0.102
-0.136
-0.098
-0.016
0.016
-0.02
-0.073
-0.118
-0.177
-0.252
-0.318
-0.365
-0.377
-0.347
-0.286
-0.211
-0.168
-0.161
-0.154
-0.156
-0.145
-0.118
-0.111
-0.113
-0.088
-0.059
-0.059
-0.086
-0.093
-0.064
0.014
0.12
0.188
0.211
0.243
0.279
0.304
0.322
0.338
0.374
0.445
0.51
0.572
0.619
0.631
0.583
0.533
0.497
0.465
0.411
0.372
0.363
0.367
0.356
0.347
0.322
0.322
0.374
0.476
0.565
0.594
0.587
0.538
0.449
0.352
0.284
0.222
0.138
0.079
0.102
0.175
0.213
0.245
0.29
0.318
0.327
0.331
0.361
0.354
0.29
0.195
0.095
-0.011
-0.116
-0.179
-0.145
-0.023
0.075
0.12
0.152
0.181
0.213
0.245
0.227
0.163
0.102
0.068
0.077
0.102
0.098
0.098
0.147
0.209
0.247
0.29
0.333
0.379
0.374
0.327
0.265
0.222
0.188
0.163
0.215
0.308
0.379
0.42
0.44
0.445
0.445
0.449
0.431
0.386
0.327
0.293
0.302
0.322
0.331
0.354
0.372
0.377
0.417
0.485
0.515
0.501
0.451
0.383
0.304
0.243
0.172
0.141
0.186
0.249
0.279
0.29
0.313
0.37
0.445
0.458
0.426
0.39
0.363
0.331
0.318
0.34
0.395
0.413
0.374
0.34
0.381
0.474
0.535
0.542
0.515
0.492
0.476
0.472
0.47
0.485
0.533
0.556
0.535
0.51
0.522
0.569
0.617
0.621
0.606
0.608
0.612
0.592
0.594
0.608
0.617
0.599
0.576
0.553
0.576
0.649
0.694
0.667
0.626
0.597
0.585
0.569
0.531
0.474
0.411
0.34
0.259
0.215
0.229
0.252
0.236
0.209
0.204
0.227
0.243
0.254
0.265
0.274
0.268
0.218
0.122
0.068
0.075
0.127
0.168
0.172
0.175
0.206
0.238
0.286
0.365
0.422
0.413
0.37
0.327
0.333
0.383
0.395
0.372
0.374
0.426
0.497
0.558
0.597
0.633
0.656
0.656
0.635
0.615
0.64
0.69
0.683
0.656
0.66
0.717
0.81
0.887
0.928
0.948
0.93
0.88
0.821
0.812
0.851
0.862
0.817
0.76
0.739
0.744
0.744
0.739
0.762
0.803
0.803
0.755
0.699
0.66
0.64
0.626
0.594
0.538
0.504
0.476
0.463
0.492
0.558
0.601
0.601
0.56
0.515
0.499
0.506
0.474
0.401
0.345
0.356
0.39
0.415
0.429
0.467
0.535
0.592
0.606
0.599
0.608
0.615
0.562
0.445
0.34
0.313
0.34
0.392
0.456
0.529
0.576
0.587
0.583
0.626
0.699
0.724
0.649
0.535
0.504
0.549
0.617
0.66
0.69
0.71
0.742
0.771
0.762
0.744
0.755
0.769
0.742
0.669
0.646
0.667
0.69
0.715
0.769
0.817
0.837
0.826
0.812
0.81
0.785
0.708
0.581
0.476
0.463
0.522
0.576
0.621
0.656
0.68
0.703
0.733
0.758
0.751
0.715
0.635
0.547
0.513
0.51
0.494
0.44
0.422
0.451
0.483
0.479
0.447
0.456
0.517
0.547
0.508
0.424
0.367
0.365
0.395
0.431
0.47
0.497
0.501
0.481
0.454
0.44
0.456
0.458
0.413
0.367
0.379
0.429
0.476
0.529
0.619
0.69
0.669
0.594
0.565
0.583
0.599
0.542
0.442
0.361
0.327
0.336
0.367
0.392
0.386
0.349
0.311
0.29
0.281
0.265
0.204
0.095
-0.007
-0.034
-0.005
0.036
0.052
0.07
0.066
0.036
-0.014
-0.052
-0.059
-0.059
-0.077
-0.138
-0.204
-0.193
-0.127
-0.088
-0.084
-0.073
-0.066
-0.059
-0.064
-0.066
-0.039
-0.032
-0.064
-0.093
-0.088
-0.064
-0.068
-0.082
-0.052
0.025
0.091
0.118
0.127
0.132
0.12
0.086
0.052
0.027
0.023
0.043
0.098
0.218
0.358
0.413
0.377
0.358
0.383
0.411
0.392
0.342
0.295
0.243
0.202
0.177
0.2
0.277
0.336
0.349
0.365
0.42
0.46
0.435
0.356
0.274
0.22
0.15
0.052
-0.039
-0.034
0.043
0.141
0.195
0.218
0.213
0.179
0.15
0.136
0.116
0.066
0.027
0.016
0.009
0.009
0.068
0.132
0.161
0.154
0.113
0.077
0.073
0.073
0.025
-0.068
-0.129
-0.136
-0.1
-0.041
0.05
0.152
0.218
0.234
0.236
0.274
0.306
0.236
0.102
-0.005
-0.061
-0.079
-0.02
0.109
0.211
0.263
0.27
0.261
0.277
0.32
0.297
0.211
0.15
0.147
0.125
0.088
0.098
0.166
0.222
0.245
0.243
0.277
0.34
0.356
0.29
0.238
0.215
0.166
0.077
0.011
0.029
0.093
0.141
0.163
0.197
0.254
0.286
0.24
0.136
0.009
-0.073
-0.111
-0.129
-0.132
-0.113
-0.093
-0.07
-0.029
0
0.018
0.043
0.036
-0.025
-0.066
-0.061
-0.061
-0.093
-0.116
-0.116
-0.073
0.002
0.054
0.068
0.088
0.125
0.134
0.12
0.093
0.109
0.129
0.095
0.054
0.102
0.222
0.308
0.34
0.363
0.379
0.352
0.318
0.322
0.318
0.261
0.172
0.136
0.186
0.263
0.295
0.243
0.206
0.243
0.284
0.293
0.259
0.197
0.159
0.118
0.082
0.059
0.061
0.05
0.016
-0.016
-0.007
0.041
0.07
0.045
-0.034
-0.113
-0.159
-0.166
-0.186
-0.211
-0.191
-0.15
-0.116
-0.1
-0.095
-0.091
-0.086
-0.109
-0.166
-0.245
-0.27
-0.24
-0.234
-0.265
-0.261
-0.202
-0.141
-0.104
-0.057
0.025
0.084
0.075
0.034
0.054
0.084
0.052
-0.005
-0.014
0.009
0.005
-0.014
-0.029
-0.032
-0.029
-0.016
-0.02
-0.023
-0.018
-0.011
0.002
0.02
0.045
0.064
0.064
0.054
0.039
0.02
-0.018
-0.054
-0.079
-0.1
-0.116
-0.116
-0.116
-0.086
-0.041
0.02
0.093
0.143
0.143
0.086
0.014
-0.036
-0.075
-0.107
-0.145
-0.193
-0.225
-0.234
-0.211
-0.147
-0.109
-0.118
-0.12
-0.132
-0.166
-0.218
-0.245
-0.218
-0.186
-0.166
-0.154
-0.122
-0.068
-0.02
-0.016
-0.052
-0.068
-0.07
-0.086
-0.136
-0.193
-0.2
-0.159
-0.132
-0.095
-0.005
0.1
0.161
0.168
0.186
0.218
0.202
0.107
0.011
-0.02
-0.029
-0.048
-0.059
-0.039
0.011
0.084
0.125
0.132
0.152
0.177
0.202
0.184
0.134
0.091
0.07
0.048
0.041
0.045
0.048
0.052
0.066
0.077
0.086
0.084
0.093
0.118
0.109
0.075
0.036
0.02
0.039
0.066
0.068
0.066
0.064
0.064
0.036
-0.005
-0.007
0
-0.018
-0.059
-0.061
-0.032
-0.052
-0.113
-0.111
-0.034
0.043
0.088
0.104
0.107
0.073
0.041
0.011
-0.027
-0.064
-0.098
-0.132
-0.134
-0.1
-0.036
0.034
0.082
0.141
0.191
0.197
0.17
0.163
0.2
0.231
0.193
0.141
0.098
0.07
0.048
0.032
0.041
0.045
0.066
0.093
0.111
0.07
-0.011
-0.048
0.011
0.077
0.045
-0.025
-0.066
-0.068
-0.052
-0.054
-0.095
-0.132
-0.161
-0.202
-0.263
-0.299
-0.293
-0.268
-0.263
-0.261
-0.229
-0.206
-0.206
-0.206
-0.204
-0.193
-0.195
-0.206
-0.202
-0.215
-0.274
-0.32
-0.313
-0.29
-0.249
-0.195
-0.195
-0.236
-0.268
-0.249
-0.191
-0.116
-0.084
-0.107
-0.141
-0.136
-0.1
-0.054
-0.02
-0.005
-0.009
-0.027
-0.023
-0.016
0.002
0.02
0.034
0.039
0.066
0.086
0.061
0.032
0.036
0.052
0.039
0.007
-0.023
-0.059
-0.109
-0.116
-0.086
-0.05
-0.005
0.034
0.025
-0.057
-0.154
-0.177
-0.159
-0.163
-0.2
-0.234
-0.234
-0.202
-0.161
-0.145
-0.12
-0.075
-0.027
-0.02
-0.093
-0.206
-0.279
-0.288
-0.293
-0.342
-0.408
-0.408
-0.377
-0.367
-0.374
-0.34
-0.268
-0.215
-0.22
-0.274
-0.313
-0.311
-0.281
-0.254
-0.263
-0.315
-0.361
-0.349
-0.288
-0.213
-0.145
-0.1
-0.082
-0.1
-0.109
-0.125
-0.184
-0.225
-0.227
-0.206
-0.202
-0.206
-0.213
-0.215
-0.204
-0.209
-0.265
-0.32
-0.342
-0.333
-0.322
-0.365
-0.431
-0.449
-0.413
-0.377
-0.356
-0.336
-0.313
-0.302
-0.29
-0.268
-0.274
-0.34
-0.449
-0.522
-0.499
-0.429
-0.374
-0.34
-0.32
-0.297
-0.268
-0.245
-0.254
-0.27
-0.293
-0.313
-0.32
-0.358
-0.442
-0.504
-0.533
-0.538
-0.547
-0.542
-0.501
-0.451
-0.429
-0.435
-0.447
-0.422
-0.386
-0.37
-0.358
-0.342
-0.354
-0.365
-0.331
-0.252
-0.193
-0.211
-0.27
-0.306
-0.297
-0.249
-0.2
-0.186
-0.204
-0.193
-0.17
-0.168
-0.163
-0.125
-0.107
-0.111
-0.127
-0.159
-0.213
-0.288
-0.336
-0.311
-0.279
-0.277
-0.249
-0.191
-0.191
-0.238
-0.27
-0.245
-0.204
-0.191
-0.236
-0.306
-0.37
-0.42
-0.424
-0.39
-0.411
-0.458
-0.465
-0.431
-0.438
-0.463
-0.463
-0.426
-0.426
-0.479
-0.504
-0.483
-0.426
-0.417
-0.463
-0.485
-0.422
-0.354
-0.342
-0.365
-0.349
-0.295
-0.247
-0.222
-0.206
-0.2
-0.229
-0.288
-0.338
-0.345
-0.338
-0.347
-0.367
-0.395
-0.408
-0.397
-0.397
-0.383
-0.336
-0.299
-0.277
-0.249
-0.24
-0.281
-0.304
-0.295
-0.249
-0.225
-0.236
-0.254
-0.238
-0.215
-0.249
-0.277
-0.256
-0.265
-0.331
-0.388
-0.413
-0.451
-0.515
-0.565
-0.583
-0.617
-0.699
-0.764
-0.726
-0.619
-0.572
-0.601
-0.658
-0.658
-0.621
-0.585
-0.567
-0.567
-0.583
-0.576
-0.522
-0.467
-0.47
-0.474
-0.433
-0.379
-0.342
-0.331
-0.379
-0.426
-0.433
-0.44
-0.501
-0.565
-0.567
-0.499
-0.454
-0.463
-0.504
-0.542
-0.56
-0.565
-0.544
-0.526
-0.535
-0.558
-0.567
-0.549
-0.522
-0.522
-0.547
-0.515
-0.463
-0.44
-0.424
-0.415
-0.406
-0.399
-0.379
-0.379
-0.438
-0.535
-0.599
-0.572
-0.494
-0.463
-0.479
-0.49
-0.479
-0.456
-0.44
-0.44
-0.413
-0.379
-0.365
-0.383
-0.377
-0.327
-0.263
-0.197
-0.152
-0.177
-0.231
-0.184
-0.084
-0.036
-0.054
-0.068
-0.061
-0.077
-0.066
-0.007
0.034
0.014
-0.039
-0.064
-0.057
-0.066
-0.109
-0.166
-0.213
-0.245
-0.32
-0.411
-0.442
-0.422
-0.422
-0.449
-0.465
-0.449
-0.404
-0.408
-0.47
-0.504
-0.494
-0.494
-0.542
-0.585
-0.581
-0.549
-0.529
-0.535
-0.553
-0.585
-0.608
-0.603
-0.572
-0.535
-0.499
-0.467
-0.494
-0.549
-0.558
-0.49
-0.431
-0.438
-0.465
-0.465
-0.438
-0.386
-0.338
-0.338
-0.363
-0.372
-0.352
-0.322
-0.261
-0.191
-0.163
-0.191
-0.213
-0.195
-0.163
-0.127
-0.07
-0.027
-0.025
-0.086
-0.141
-0.132
-0.098
-0.116
-0.166
-0.231
-0.249
-0.177
-0.134
-0.143
-0.147
-0.161
-0.2
-0.238
-0.238
-0.225
-0.225
-0.256
-0.308
-0.349
-0.386
-0.417
-0.426
-0.422
-0.413
-0.399
-0.417
-0.429
-0.438
-0.442
-0.445
-0.44
-0.463
-0.499
-0.538
-0.544
-0.524
-0.51
-0.515
-0.542
-0.583
-0.621
-0.624
-0.581
-0.549
-0.542
-0.542
-0.508
-0.451
-0.388
-0.354
-0.354
-0.336
-0.327
-0.372
-0.431
-0.429
-0.354
-0.299
-0.308
-0.336
-0.329
-0.299
-0.247
-0.206
-0.204
-0.206
-0.234
-0.288
-0.286
-0.213
-0.132
-0.079
-0.068
-0.095
-0.113
-0.077
-0.05
-0.061
-0.086
-0.113
-0.118
-0.116
-0.116
-0.084
-0.041
-0.036
-0.098
-0.143
-0.113
-0.059
-0.048
-0.077
-0.134
-0.193
-0.225
-0.227
-0.215
-0.2
-0.204
-0.234
-0.265
-0.279
-0.295
-0.293
-0.279
-0.27
-0.27
-0.286
-0.313
-0.349
-0.386
-0.39
-0.377
-0.377
-0.381
-0.39
-0.388
-0.399
-0.413
-0.392
-0.358
-0.34
-0.331
-0.315
-0.279
-0.234
-0.202
-0.184
-0.211
-0.249
-0.27
-0.254
-0.231
-0.218
-0.261
-0.295
-0.263
-0.209
-0.168
-0.145
-0.134
-0.141
-0.152
-0.145
-0.109
-0.039
-0.016
-0.02
-0.02
-0.025
-0.043
-0.043
-0.032
-0.029
-0.052
-0.109
-0.138
-0.098
-0.045
-0.041
-0.054
-0.045
-0.052
-0.052
-0.045
-0.007
0.057
0.073
0.048
0.034
0.054
0.088
0.084
0.057
0.068
0.095
0.077
0.007
-0.011
0.032
0.061
0.043
0.032
0.073
0.098
0.098
0.095
0.082
0.059
0.054
0.066
0.079
0.082
0.052
0.023
0.005
0.002
-0.011
-0.032
-0.002
0.029
0.043
0.034
0.011
0.002
0.043
0.086
0.116
0.138
0.152
0.159
0.177
0.213
0.265
0.286
0.249
0.181
0.152
0.177
0.2
0.22
0.234
0.234
0.22
0.211
0.215
0.209
0.177
0.136
0.12
0.116
0.113
0.125
0.159
0.206
0.222
0.209
0.209
0.24
0.231
0.188
0.202
0.288
0.361
0.363
0.338
0.322
0.354
0.379
0.354
0.324
0.311
0.272
0.222
0.195
0.202
0.191
0.122
0.059
0.086
0.152
0.204
0.236
0.245
0.236
0.211
0.206
0.204
0.175
0.147
0.141
0.152
0.17
0.227
0.304
0.329
0.299
0.299
0.315
0.322
0.297
0.252
0.206
0.177
0.179
0.2
0.209
0.191
0.184
0.24
0.297
0.29
0.268
0.265
0.286
0.293
0.288
0.311
0.336
0.34
0.336
0.365
0.431
0.483
0.47
0.397
0.347
0.345
0.372
0.397
0.408
0.429
0.479
0.531
0.565
0.597
0.631
0.637
0.628
0.66
0.696
0.703
0.658
0.59
0.538
0.476
0.406
0.379
0.429
0.494
0.542
0.567
0.599
0.66
0.705
0.685
0.621
0.594
0.617
0.64
0.631
0.601
0.583
0.572
0.542
0.504
0.481
0.463
0.442
0.454
0.479
0.488
0.501
0.553
0.592
0.601
0.599
0.594
0.578
0.531
0.515
0.565
0.619
0.626
0.567
0.481
0.426
0.399
0.39
0.417
0.485
0.544
0.578
0.578
0.585
0.621
0.662
0.644
0.581
0.544
0.54
0.547
0.562
0.572
0.567
0.581
0.606
0.599
0.574
0.556
0.526
0.515
0.535
0.567
0.551
0.504
0.501
0.565
0.642
0.662
0.612
0.558
0.551
0.585
0.599
0.562
0.504
0.479
0.494
0.517
0.526
0.542
0.576
0.624
0.637
0.633
0.651
0.699
0.733
0.73
0.69
0.628
0.599
0.594
0.578
0.567
0.567
0.569
0.567
0.553
0.551
0.565
0.574
0.556
0.535
0.549
0.574
0.59
0.624
0.678
0.737
0.749
0.705
0.646
0.601
0.612
0.637
0.649
0.64
0.658
0.69
0.733
0.785
0.796
0.755
0.73
0.744
0.742
0.721
0.724
0.733
0.739
0.712
0.662
0.608
0.585
0.601
0.642
0.658
0.651
0.658
0.662
0.649
0.631
0.653
0.68
0.68
0.69
0.724
0.755
0.801
0.819
0.758
0.662
0.615
0.594
0.578
0.542
0.492
0.46
0.467
0.472
0.449
0.406
0.39
0.426
0.46
0.46
0.449
0.46
0.485
0.515
0.535
0.549
0.538
0.522
0.535
0.59
0.617
0.587
0.565
0.551
0.501
0.454
0.426
0.397
0.358
0.349
0.363
0.377
0.365
0.37
0.429
0.538
0.608
0.631
0.606
0.578
0.542
0.517
0.508
0.508
0.504
0.497
0.481
0.47
0.504
0.508
0.458
0.411
0.406
0.413
0.429
0.431
0.431
0.433
0.426
0.406
0.349
0.315
0.338
0.39
0.406
0.365
0.308
0.268
0.231
0.191
0.152
0.147
0.168
0.204
0.265
0.308
0.32
0.315
0.329
0.313
0.245
0.202
0.24
0.263
0.231
0.191
0.184
0.175
0.129
0.091
0.1
0.111
0.109
0.098
0.064
0.023
0.014
0.054
0.084
0.086
0.113
0.143
0.163
0.202
0.24
0.236
0.211
0.191
0.204
0.227
0.222
0.209
0.215
0.238
0.261
0.254
0.22
0.206
0.249
0.34
0.383
0.349
0.306
0.293
0.297
0.302
0.315
0.34
0.361
0.349
0.333
0.361
0.386
0.365
0.318
0.29
0.29
0.322
0.342
0.345
0.352
0.374
0.374
0.32
0.259
0.247
0.284
0.327
0.361
0.345
0.281
0.243
0.227
0.238
0.238
0.202
0.188
0.209
0.209
0.215
0.215
0.188
0.159
0.154
0.15
0.15
0.145
0.166
0.204
0.24
0.249
0.243
0.22
0.231
0.274
0.295
0.256
0.177
0.132
0.125
0.132
0.129
0.134
0.152
0.168
0.147
0.143
0.179
0.168
0.118
0.079
0.057
0.064
0.104
0.129
0.163
0.191
0.206
0.2
0.127
0.036
0.036
0.084
0.068
0.007
-0.061
-0.113
-0.116
-0.066
-0.009
0.029
0.057
0.079
0.122
0.163
0.193
0.184
0.118
0.034
-0.027
-0.082
-0.147
-0.166
-0.122
-0.086
-0.107
-0.132
-0.141
-0.154
-0.147
-0.116
-0.088
-0.116
-0.132
-0.109
-0.075
-0.043
-0.011
0.027
0.032
0
-0.052
-0.07
-0.064
-0.086
-0.17
-0.277
-0.329
-0.322
-0.284
-0.252
-0.222
-0.161
-0.102
-0.091
-0.095
-0.093
-0.091
-0.111
-0.152
-0.184
-0.225
-0.254
-0.238
-0.191
-0.15
-0.154
-0.154
-0.136
-0.102
-0.075
-0.061
-0.029
-0.02
-0.082
-0.159
-0.147
-0.075
-0.005
0.032
0.025
-0.023
-0.05
-0.034
-0.032
-0.073
-0.168
-0.284
-0.345
-0.354
-0.327
-0.288
-0.24
-0.204
-0.195
-0.202
-0.2
-0.15
-0.073
-0.043
-0.091
-0.141
-0.191
-0.245
-0.284
-0.293
-0.284
-0.281
-0.29
-0.324
-0.363
-0.367
-0.354
-0.349
-0.372
-0.449
-0.526
-0.526
-0.458
-0.37
-0.306
-0.284
-0.272
-0.24
-0.193
-0.184
-0.186
-0.179
-0.186
-0.243
-0.29
-0.281
-0.263
-0.261
-0.234
-0.195
-0.188
-0.181
-0.141
-0.061
-0.034
-0.057
-0.075
-0.095
-0.141
-0.186
-0.152
-0.061
0.002
0.011
-0.02
-0.059
-0.034
0.007
-0.005
-0.073
-0.12
-0.138
-0.132
-0.093
-0.034
0.014
0.025
0.018
-0.011
-0.023
-0.011
0.007
0
-0.05
-0.134
-0.204
-0.229
-0.24
-0.247
-0.245
-0.218
-0.191
-0.2
-0.236
-0.24
-0.211
-0.179
-0.188
-0.231
-0.261
-0.254
-0.215
-0.138
-0.059
-0.064
-0.132
-0.175
-0.172
-0.179
-0.211
-0.24
-0.281
-0.333
-0.365
-0.377
-0.358
-0.333
-0.32
-0.299
-0.265
-0.249
-0.295
-0.313
-0.265
-0.236
-0.27
-0.311
-0.324
-0.308
-0.295
-0.265
-0.222
-0.193
-0.243
-0.327
-0.338
-0.297
-0.277
-0.286
-0.293
-0.281
-0.263
-0.247
-0.215
-0.179
-0.172
-0.179
-0.179
-0.168
-0.17
-0.191
-0.218
-0.261
-0.293
-0.324
-0.372
-0.377
-0.347
-0.313
-0.263
-0.213
-0.172
-0.175
-0.206
-0.209
-0.2
-0.204
-0.238
-0.247
-0.229
-0.206
-0.193
-0.184
-0.184
-0.209
-0.293
-0.342
-0.331
-0.313
-0.308
-0.329
-0.358
-0.374
-0.372
-0.367
-0.324
-0.261
-0.204
-0.181
-0.147
-0.095
-0.07
-0.116
-0.179
-0.206
-0.249
-0.306
-0.297
-0.268
-0.268
-0.272
-0.247
-0.22
-0.206
-0.249
-0.318
-0.331
-0.293
-0.259
-0.249
-0.256
-0.249
-0.247
-0.243
-0.227
-0.188
-0.168
-0.186
-0.22
-0.22
-0.238
-0.268
-0.313
-0.34
-0.347
-0.365
-0.374
-0.358
-0.336
-0.32
-0.324
-0.329
-0.324
-0.345
-0.392
-0.435
-0.47
-0.483
-0.44
-0.377
-0.358
-0.37
-0.379
-0.338
-0.295
-0.327
-0.377
-0.388
-0.37
-0.358
-0.347
-0.322
-0.27
-0.245
-0.277
-0.308
-0.29
-0.249
-0.24
-0.27
-0.293
-0.299
-0.329
-0.365
-0.365
-0.34
-0.342
-0.342
-0.32
-0.274
-0.236
-0.215
-0.177
-0.136
-0.127
-0.141
-0.15
-0.129
-0.111
-0.104
-0.1
-0.07
-0.034
-0.025
-0.052
-0.086
-0.091
-0.084
-0.107
-0.127
-0.129
-0.143
-0.156
-0.125
-0.066
-0.048
-0.075
-0.1
-0.07
0.007
0.057
0.048
0.007
-0.032
-0.079
-0.113
-0.129
-0.143
-0.154
-0.136
-0.116
-0.107
-0.093
-0.023
0.039
0.011
-0.039
-0.05
-0.034
-0.032
-0.045
-0.048
-0.057
-0.073
-0.095
-0.104
-0.086
-0.077
-0.116
-0.15
-0.147
-0.141
-0.179
-0.231
-0.254
-0.261
-0.259
-0.245
-0.231
-0.22
-0.209
-0.191
-0.154
-0.118
-0.116
-0.179
-0.265
-0.293
-0.274
-0.259
-0.259
-0.27
-0.286
-0.302
-0.277
-0.211
-0.202
-0.249
-0.32
-0.365
-0.347
-0.311
-0.288
-0.277
-0.261
-0.263
-0.284
-0.295
-0.256
-0.213
-0.2
-0.197
-0.186
-0.177
-0.177
-0.184
-0.206
-0.229
-0.254
-0.259
-0.236
-0.206
-0.193
-0.191
-0.177
-0.136
-0.111
-0.127
-0.145
-0.161
-0.17
-0.138
-0.116
-0.107
-0.113
-0.125
-0.127
-0.125
-0.127
-0.138
-0.132
-0.102
-0.095
-0.102
-0.066
-0.007
0.023
-0.011
-0.068
-0.082
-0.059
-0.011
0.009
-0.036
-0.061
-0.057
-0.086
-0.129
-0.132
-0.141
-0.193
-0.229
-0.213
-0.175
-0.145
-0.122
-0.091
-0.064
-0.07
-0.102
-0.1
-0.068
-0.061
-0.084
-0.102
-0.088
-0.064
-0.068
-0.1
-0.12
-0.1
-0.082
-0.054
-0.018
0.014
0.023
0.05
0.091
0.088
0.045
0.032
0.034
0.034
0.045
0.05
0.032
0.039
0.064
0.088
0.095
0.084
0.064
0.064
0.075
0.084
0.1
0.104
0.109
0.132
0.127
0.093
0.057
0.061
0.098
0.116
0.104
0.07
0.054
0.061
0.048
0.014
-0.014
-0.036
-0.082
-0.152
-0.195
-0.197
-0.168
-0.134
-0.116
-0.15
-0.193
-0.222
-0.222
-0.211
-0.204
-0.225
-0.234
-0.245
-0.24
-0.202
-0.15
-0.104
-0.098
-0.118
-0.129
-0.129
-0.138
-0.147
-0.134
-0.125
-0.132
-0.125
-0.113
-0.075
-0.039
-0.029
-0.034
-0.027
-0.005
0.014
0.02
0.005
-0.02
-0.023
-0.018
0.002
0.023
0.048
0.084
0.145
0.186
0.191
0.181
0.213
0.272
0.268
0.181
0.129
0.175
0.227
0.231
0.229
0.254
0.284
0.277
0.249
0.225
0.222
0.243
0.259
0.222
0.159
0.138
0.163
0.209
0.247
0.259
0.27
0.277
0.272
0.277
0.252
0.193
0.152
0.152
0.134
0.077
0.032
0.036
0.043
0.018
-0.007
0.007
0.016
-0.023
-0.064
-0.075
-0.095
-0.116
-0.125
-0.109
-0.116
-0.143
-0.156
-0.172
-0.195
-0.191
-0.145
-0.102
-0.098
-0.116
-0.127
-0.116
-0.068
-0.018
0
-0.007
-0.023
-0.027
-0.027
-0.007
0.061
0.132
0.152
0.145
0.132
0.132
0.141
0.141
0.138
0.191
0.238
0.229
0.206
0.211
0.227
0.247
0.249
0.22
0.163
0.134
0.147
0.197
0.225
0.247
0.295
0.347
0.363
0.352
0.327
0.281
0.234
0.206
0.195
0.184
0.154
0.125
0.075
-0.009
-0.052
-0.02
0.032
0.048
0.014
-0.02
-0.041
-0.059
-0.079
-0.086
-0.091
-0.098
-0.091
-0.095
-0.093
-0.077
-0.043
0.041
0.134
0.175
0.154
0.12
0.12
0.12
0.12
0.109
0.118
0.134
0.143
0.179
0.188
0.186
0.22
0.252
0.249
0.234
0.238
0.231
0.227
0.243
0.277
0.277
0.252
0.225
0.24
0.268
0.254
0.206
0.172
0.156
0.172
0.225
0.259
0.254
0.218
0.213
0.236
0.256
0.236
0.197
0.161
0.132
0.093
0.061
0.05
0.05
0.029
-0.002
0.007
0.061
0.098
0.086
0.068
0.084
0.084
0.045
0.002
0
0.032
0.027
-0.02
-0.066
-0.068
-0.066
-0.075
-0.036
0.05
0.086
0.059
0.048
0.084
0.102
0.052
-0.002
-0.002
0.039
0.086
0.098
0.104
0.093
0.086
0.113
0.188
0.261
0.281
0.245
0.213
0.227
0.27
0.284
0.256
0.225
0.227
0.281
0.32
0.327
0.32
0.313
0.308
0.358
0.438
0.46
0.426
0.401
0.458
0.531
0.483
0.361
0.281
0.284
0.29
0.279
0.245
0.188
0.141
0.132
0.168
0.195
0.195
0.204
0.229
0.247
0.24
0.211
0.156
0.098
0.054
0.029
0.005
-0.02
-0.032
