Unnamed: 3
Value
1.837
2.195
2.674
2.996
2.973
2.899
3.329
4.273
5.128
5.446
5.416
5.33
5.121
4.595
3.811
3.105
2.763
2.74
2.826
2.914
3.048
3.318
3.62
3.652
3.223
2.558
2.132
2.148
2.304
2.282
2.245
2.527
3.012
3.264
3.153
3.137
3.606
4.369
5.02
5.589
6.294
7.145
7.903
8.327
8.39
8.342
8.537
9.032
9.397
9.205
8.578
8.064
7.937
8.013
8.027
7.989
8.054
8.259
8.436
8.442
8.306
8.127
7.905
7.481
6.766
5.909
5.196
4.788
4.57
4.491
4.779
5.471
6.192
6.53
6.46
6.097
5.698
5.448
5.24
4.831
4.189
3.538
3.039
2.547
1.814
0.95
0.279
-0.149
-0.56
-1.012
-1.342
-1.41
-1.324
-1.395
-1.814
-2.4
-2.831
-3.044
-3.228
-3.609
-4.185
-4.757
-5.126
-5.165
-5.028
-5.001
-5.04
-4.904
-4.557
-4.114
-3.627
-3.171
-2.853
-2.797
-3.089
-3.665
-4.301
-4.765
-4.981
-4.992
-4.87
-4.616
-4.153
-3.479
-2.833
-2.388
-2.094
-1.787
-1.347
-0.875
-0.617
-0.628
-0.741
-0.885
-1.08
-1.238
-1.275
-1.215
-1.111
-0.984
-0.758
-0.279
0.542
1.601
2.533
3.053
3.357
3.801
4.355
4.734
4.847
4.872
4.967
5.027
4.883
4.597
4.475
4.758
5.455
6.272
6.913
7.501
8.275
9.118
9.663
9.706
9.461
9.234
8.989
8.524
7.862
7.215
6.793
6.675
6.768
6.843
6.682
6.29
5.865
5.566
5.391
5.364
5.532
5.748
5.72
5.36
4.825
4.341
4.04
3.856
3.702
3.579
3.489
3.38
3.23
3.121
3.175
3.355
3.434
3.273
3.055
3.014
2.996
2.69
2.161
1.814
1.799
1.844
1.773
1.658
1.615
1.64
1.692
1.685
1.578
1.44
1.354
1.304
1.211
1.077
1.107
1.429
1.848
2.141
2.352
2.629
2.944
3.089
3.033
3.003
3.209
3.652
4.178
4.686
5.092
5.317
5.38
5.378
5.23
4.82
4.264
3.888
3.758
3.624
3.329
3.003
2.824
2.674
2.388
2.014
1.751
1.742
1.939
2.109
2.211
2.309
2.468
2.617
2.654
2.651
2.872
3.368
3.86
4.008
3.767
3.393
3.053
2.633
2.012
1.284
0.676
0.281
0.013
-0.281
-0.628
-0.925
-1.107
-1.279
-1.681
-2.431
-3.271
-3.951
-4.489
-4.965
-5.323
-5.471
-5.416
-5.31
-5.296
-5.43
-5.627
-5.72
-5.616
-5.46
-5.55
-5.954
-6.426
-6.83
-7.156
-7.397
-7.528
-7.508
-7.286
-6.911
-6.496
-6.095
-5.627
-4.99
-4.278
-3.64
-3.041
-2.293
-1.39
-0.437
0.476
1.342
2.245
3.271
4.309
5.126
5.5
5.516
5.584
5.906
6.265
6.437
6.46
6.523
6.705
6.902
7.054
7.186
7.288
7.276
7.029
6.56
6.06
5.668
5.369
5.128
4.936
4.731
4.498
4.241
3.901
3.318
2.572
1.955
1.692
1.664
1.506
0.995
0.263
-0.471
-1.091
-1.599
-2.06
-2.42
-2.62
-2.828
-3.253
-3.754
-3.965
-3.853
-3.813
-4.106
-4.527
-4.736
-4.727
-4.781
-5.108
-5.525
-5.666
-5.46
-5.099
-4.627
-4.037
-3.329
-2.499
-1.547
-0.528
0.49
1.485
2.416
3.178
3.72
4.158
4.688
5.387
6.097
6.532
6.621
6.628
6.877
7.317
7.649
7.683
7.51
7.406
7.499
7.698
7.821
7.8
7.758
7.753
7.673
7.471
7.256
7.086
6.934
6.837
6.857
7.061
7.431
7.807
7.982
7.818
7.426
7.054
6.768
6.315
5.537
4.589
3.67
2.831
2.073
1.443
0.975
0.562
0.1
-0.34
-0.732
-1.186
-1.658
-2.032
-2.334
-2.654
-2.844
-2.74
-2.363
-1.93
-1.583
-1.279
-0.912
-0.401
0.113
0.388
0.388
0.354
0.54
0.995
1.563
2.014
2.223
2.121
1.71
1.082
0.349
-0.403
-1.114
-1.826
-2.588
-3.287
-3.647
-3.568
-3.243
-3.005
-3.012
-3.15
-3.241
-3.321
-3.57
-4.074
-4.616
-4.906
-4.931
-4.924
-4.986
-5.083
-5.23
-5.469
-5.886
-6.428
-6.796
-6.778
-6.46
-6.101
-5.902
-5.782
-5.523
-5.103
-4.779
-4.757
-5.022
-5.382
-5.611
-5.686
-5.841
-6.181
-6.501
-6.601
-6.637
-6.898
-7.27
-7.415
-7.224
-6.855
-6.451
-5.99
-5.405
-4.788
-4.387
-4.294
-4.391
-4.48
-4.421
-4.339
-4.33
-4.235
-3.879
-3.377
-2.983
-2.88
-2.937
-2.994
-3.089
-3.291
-3.509
-3.581
-3.452
-3.164
-2.89
-2.738
-2.731
-2.86
-3.067
-3.409
-4.017
-4.791
-5.43
-5.802
-6.07
-6.303
-6.301
-5.963
-5.552
-5.281
-4.818
-3.951
-3.37
-3.785
-4.813
-5.53
-5.641
-5.593
-5.741
-5.904
-5.627
-4.983
-4.709
-5.001
-5.103
-4.477
-3.661
-3.531
-4.203
-4.931
-4.986
-4.301
-3.329
-2.561
-2.046
-1.349
-0.234
0.859
1.249
0.946
0.766
1.111
1.275
0.653
-0.097
0.004
0.753
1.159
1.073
1.436
2.584
3.554
3.67
3.425
3.529
3.853
3.883
3.67
3.722
4.087
4.382
4.477
4.446
4.153
3.62
3.144
2.772
2.105
1.061
0.302
0.381
0.728
0.435
-0.388
-0.953
-1.111
-1.536
-2.517
-3.552
-4.176
-4.545
-4.806
-4.895
-4.849
-4.75
-4.641
-4.636
-4.949
-5.639
-6.355
-6.671
-6.591
-6.451
-6.31
-6.038
-5.745
-5.671
-5.872
-6.296
-6.805
-7.183
-7.17
-6.748
-6.156
-5.491
-4.747
-4.146
-3.797
-3.445
-3.067
-2.858
-2.772
-2.522
-1.948
-1.248
-0.712
-0.242
0.365
1.03
1.503
1.778
2.107
2.763
3.588
4.273
4.806
5.267
5.562
5.6
5.378
5.027
4.779
4.799
5.208
5.993
6.837
7.458
7.909
8.215
8.2
7.717
6.973
6.435
6.262
6.179
6.047
6.024
6.206
6.462
6.546
6.242
5.65
5.079
4.67
4.43
4.405
4.591
4.7
4.382
3.704
3.041
2.604
2.348
2.191
1.975
1.667
1.363
1.041
0.49
-0.403
-1.376
-1.955
-1.912
-1.503
-1.157
-1.084
-1.191
-1.236
-1.209
-1.297
-1.536
-1.676
-1.536
-1.304
-1.254
-1.225
-0.8
0.04
0.955
1.692
2.114
2.173
2.071
2.08
2.282
2.574
2.937
3.493
4.128
4.613
4.972
5.412
5.968
6.46
6.75
6.905
7.143
7.508
7.717
7.637
7.535
7.691
8.052
8.347
8.397
8.304
8.245
8.279
8.37
8.556
8.903
9.286
9.529
9.699
9.926
10.187
10.291
10.112
9.624
9.003
8.544
8.363
8.238
7.805
7.063
6.569
6.732
7.19
7.41
7.451
7.624
7.805
7.676
7.286
6.977
6.911
6.907
6.755
6.514
6.408
6.449
6.464
6.258
5.825
5.339
5.058
5.04
5.108
5.085
4.983
4.936
5.001
5.162
5.33
5.46
5.535
5.448
5.212
5.076
5.333
5.879
6.312
6.401
6.326
6.423
6.809
7.276
7.585
7.597
7.367
7.145
7.145
7.358
7.642
7.862
8.059
8.209
8.249
8.304
8.517
8.78
8.939
9.023
9.13
9.275
9.356
9.314
9.198
9.125
9.154
9.297
9.431
9.345
9.03
8.724
8.676
8.948
9.434
9.989
10.502
10.808
10.86
10.863
11.024
11.355
11.664
11.736
11.441
10.894
10.323
9.958
9.846
9.835
9.801
9.776
9.787
9.747
9.663
9.683
9.846
9.89
9.61
9.193
8.835
8.445
7.939
7.46
7.224
7.315
7.535
7.551
7.149
6.46
5.932
5.868
6.113
6.387
6.725
7.19
7.617
7.721
7.481
7.093
6.684
6.176
5.532
4.911
4.398
4.003
3.804
3.751
3.62
3.295
2.955
2.81
2.833
2.896
3.055
3.393
3.842
4.28
4.579
4.65
4.545
4.377
4.271
4.335
4.552
4.89
5.192
5.169
4.822
4.477
4.264
4.137
4.067
4.051
4.076
4.171
4.262
4.321
4.387
4.398
4.246
4.003
3.79
3.692
3.745
3.924
4.164
4.405
4.657
4.918
5.09
5.085
4.856
4.402
3.879
3.547
3.468
3.584
3.888
4.289
4.631
4.861
4.974
4.949
4.849
4.729
4.591
4.482
4.57
4.863
5.115
5.142
5.022
4.913
4.836
4.736
4.582
4.346
4.101
3.96
3.935
3.906
3.801
3.69
3.708
3.822
3.938
4.049
4.142
4.226
4.364
4.548
4.591
4.428
4.267
4.268
4.38
4.462
4.573
4.825
5.23
5.716
6.104
6.278
6.269
6.129
5.891
5.639
5.516
5.666
6.115
6.689
7.172
7.533
7.807
8.027
8.22
8.39
8.431
8.288
8.061
7.912
7.866
7.807
7.728
7.776
7.989
8.191
8.188
7.946
7.619
7.417
7.315
7.17
6.966
6.827
6.907
7.05
7.045
6.959
6.986
7.084
7.136
7.047
6.744
6.322
5.895
5.53
5.21
4.96
4.897
5.072
5.235
5.16
4.979
4.82
4.589
4.178
3.638
3.184
2.921
2.735
2.558
2.49
2.592
2.872
3.295
3.711
3.946
4.096
4.373
4.761
4.979
4.976
4.936
5.01
5.094
5.115
5.094
5.101
5.079
4.945
4.736
4.593
4.527
4.434
4.355
4.348
4.359
4.307
4.176
4.001
3.876
3.876
3.967
4.028
4.015
4.062
4.169
4.133
3.876
3.541
3.259
3.005
2.724
2.363
1.894
1.297
0.66
0.213
0.104
0.12
-0.022
-0.39
-0.866
-1.342
-1.799
-2.241
-2.633
-2.835
-2.767
-2.517
-2.307
-2.297
-2.488
-2.767
-3.01
-3.232
-3.463
-3.534
-3.362
-3.153
-3.123
-3.198
-3.155
-2.969
-2.817
-2.803
-2.878
-2.867
-2.785
-2.862
-3.235
-3.674
-3.908
-3.901
-3.863
-3.919
-4.006
-3.953
-3.729
-3.509
-3.463
-3.507
-3.49
-3.407
-3.339
-3.28
-3.309
-3.482
-3.597
-3.205
-2.239
-1.211
-0.624
-0.292
0.349
1.309
1.985
2.141
2.236
2.708
3.452
3.979
4.051
3.849
3.684
3.545
3.198
2.604
1.93
1.282
0.68
0.052
-0.612
-1.143
-1.286
-1.048
-0.885
-1.191
-1.858
-2.427
-2.556
-2.368
-2.091
-1.649
-0.961
-0.451
-0.624
-1.297
-1.846
-1.982
-1.951
-1.998
-2.08
-2.116
-2.229
-2.672
-3.617
-4.867
-5.92
-6.453
-6.648
-6.893
-7.331
-7.68
-7.632
-7.231
-6.786
-6.485
-6.217
-5.945
-5.748
-5.623
-5.541
-5.473
-5.267
-4.758
-4.08
-3.604
-3.448
-3.262
-2.824
-2.406
-2.277
-2.195
-1.832
-1.417
-1.293
-1.331
-1.193
-0.828
-0.47
-0.299
-0.376
-0.698
-1.166
-1.685
-2.234
-2.785
-3.18
-3.235
-3.069
-2.999
-3.098
-3.157
-2.971
-2.638
-2.452
-2.477
-2.488
-2.388
-2.336
-2.488
-2.745
-2.926
-2.971
-2.939
-2.98
-3.3
-3.942
-4.815
-5.723
-6.528
-7.276
-7.979
-8.503
-8.798
-8.912
-8.876
-8.844
-9.023
-9.431
-9.905
-10.309
-10.616
-10.853
-11.021
-10.922
-10.364
-9.454
-8.547
-7.85
-7.283
-6.796
-6.485
-6.317
-6.097
-5.779
-5.537
-5.403
-5.196
-4.84
-4.493
-4.321
-4.232
-4.01
-3.736
-3.692
-3.96
-4.346
-4.652
-4.836
-4.883
-4.786
-4.63
-4.491
-4.301
-4.008
-3.749
-3.668
-3.665
-3.572
-3.438
-3.49
-3.804
-4.194
-4.412
-4.405
-4.298
-4.178
-4.071
-4.071
-4.185
-4.205
-4.026
-3.772
-3.677
-3.77
-4.015
-4.377
-4.845
-5.355
-5.857
-6.419
-7.013
-7.515
-7.848
-8.136
-8.626
-9.297
-9.872
-10.144
-10.171
-10.062
-9.939
-9.939
-10.064
-10.201
-10.223
-10.164
-10.144
-10.126
-10.037
-9.944
-9.937
-9.912
-9.744
-9.409
-9.019
-8.71
-8.519
-8.409
-8.379
-8.481
-8.626
-8.692
-8.653
-8.563
-8.422
-8.213
-7.943
-7.646
-7.344
-7.088
-6.918
-6.714
-6.392
-6.045
-5.748
-5.476
-5.206
-4.867
-4.394
-3.824
-3.329
-2.98
-2.626
-2.188
-1.919
-2.021
-2.302
-2.481
-2.579
-2.785
-3.096
-3.314
-3.314
-3.141
-2.826
-2.463
-2.195
-2.136
-2.273
-2.597
-3.132
-3.795
-4.301
-4.514
-4.543
-4.539
-4.484
-4.296
-4.033
-3.84
-3.842
-4.085
-4.457
-4.786
-5.02
-5.226
-5.435
-5.5
-5.33
-5.024
-4.727
-4.391
-3.892
-3.289
-2.753
-2.368
-2.075
-1.78
-1.506
-1.318
-1.222
-1.136
-0.95
-0.626
-0.358
-0.254
-0.195
-0.111
-0.156
-0.449
-0.875
-1.193
-1.354
-1.547
-1.851
-2.091
-2.182
-2.173
-2.1
-1.993
-1.914
-1.765
-1.456
-1.15
-1.034
-1.077
-1.098
-1.032
-1.052
-1.304
-1.692
-1.989
-2.225
-2.493
-2.733
-2.919
-3.005
-3.03
-3.035
-3.033
-3.08
-3.307
-3.616
-3.867
-4.151
-4.563
-4.938
-5.126
-5.219
-5.357
-5.546
-5.659
-5.702
-5.813
-5.99
-6.104
-6.09
-6.013
-5.966
-5.932
-5.829
-5.598
-5.346
-5.208
-5.264
-5.478
-5.793
-6.224
-6.845
-7.53
-8.088
-8.397
-8.551
-8.724
-8.978
-9.225
-9.354
-9.388
-9.445
-9.599
-9.711
-9.626
-9.416
-9.25
-9.25
-9.334
-9.327
-9.225
-9.207
-9.315
-9.37
-9.32
-9.266
-9.311
-9.406
-9.456
-9.404
-9.25
-8.926
-8.415
-7.903
-7.522
-7.24
-7.013
-6.879
-6.954
-7.156
-7.235
-7.07
-6.825
-6.659
-6.555
-6.417
-6.201
-5.972
-5.798
-5.757
-5.954
-6.233
-6.328
-6.215
-6.095
-6.033
-5.868
-5.537
-5.192
-4.983
-4.797
-4.514
-4.273
-4.255
-4.376
-4.389
-4.25
-4.21
-4.402
-4.691
-4.958
-5.248
-5.541
-5.793
-5.961
-6.079
-6.24
-6.535
-6.975
-7.488
-7.937
-8.293
-8.746
-9.427
-10.171
-10.599
-10.586
-10.459
-10.543
-10.808
-11.037
-11.189
-11.343
-11.545
-11.72
-11.74
-11.657
-11.631
-11.711
-11.818
-11.838
-11.797
-11.906
-12.246
-12.627
-12.834
-12.875
-12.906
-13.054
-13.199
-13.088
-12.709
-12.323
-12.101
-11.983
-11.775
-11.423
-11.112
-10.987
-10.908
-10.699
-10.45
-10.4
-10.49
-10.425
-10.039
-9.454
-8.905
-8.508
-8.125
-7.644
-7.204
-6.973
-6.9
-6.778
-6.501
-6.099
-5.743
-5.53
-5.369
-5.083
-4.648
-4.178
-3.804
-3.527
-3.339
-3.384
-3.69
-4.017
-4.006
-3.541
-2.921
-2.608
-2.785
-3.144
-3.284
-3.189
-3.123
-3.175
-3.228
-3.132
-2.901
-2.604
-2.307
-2.082
-1.905
-1.724
-1.617
-1.699
-1.86
-1.955
-2.064
-2.424
-3.039
-3.617
-3.967
-4.262
-4.747
-5.45
-6.154
-6.596
-6.648
-6.412
-6.135
-6.049
-6.145
-6.19
-6.011
-5.641
-5.221
-4.845
-4.516
-4.341
-4.477
-4.772
-4.84
-4.6
-4.298
-4.196
-4.298
-4.45
-4.5
-4.382
-4.148
-3.919
-3.731
-3.543
-3.404
-3.416
-3.57
-3.715
-3.661
-3.459
-3.307
-3.175
-2.951
-2.717
-2.654
-2.706
-2.704
-2.551
-2.259
-1.919
-1.687
-1.674
-1.792
-1.853
-1.832
-1.885
-2.161
-2.629
-3.132
-3.604
-4.053
-4.448
-4.631
-4.521
-4.294
-4.248
-4.516
-4.96
-5.312
-5.408
-5.382
-5.507
-5.816
-6.056
-6.081
-6.09
-6.274
-6.516
-6.53
-6.281
-6.006
-5.904
-5.818
-5.566
-5.292
-5.253
-5.224
-4.818
-4.219
-3.804
-3.559
-3.362
-3.293
-3.362
-3.407
-3.398
-3.398
-3.225
-2.678
-1.907
-1.136
-0.331
0.49
1.245
1.96
2.561
2.892
3.08
3.429
3.983
4.452
4.768
5.135
5.5
5.398
4.611
3.497
2.622
2.105
1.699
1.347
1.245
1.574
2.218
2.86
3.191
3.209
3.121
3.007
2.738
2.209
1.499
0.866
0.41
-0.004
-0.594
-1.422
-2.372
-3.241
-3.935
-4.534
-5.16
-5.664
-5.818
-5.723
-5.791
-6.163
-6.635
-7.002
-7.224
-7.367
-7.408
-7.238
-6.773
-6.188
-5.77
-5.616
-5.618
-5.702
-5.877
-6.104
-6.167
-5.963
-5.616
-5.362
-5.333
-5.398
-5.319
-5.028
-4.684
-4.491
-4.357
-4.069
-3.634
-3.205
-2.89
-2.617
-2.297
-1.948
-1.678
-1.608
-1.608
-1.263
-0.27
1.143
2.386
3.318
4.253
5.305
6.158
6.544
6.512
6.351
6.31
6.378
6.303
5.922
5.378
4.954
4.831
4.843
4.752
4.65
4.757
5.085
5.489
5.929
6.419
6.993
7.673
8.347
8.746
8.681
8.241
7.701
7.125
6.435
5.593
4.7
3.886
3.309
2.978
2.685
2.416
2.402
2.704
2.971
2.969
2.821
2.672
2.533
2.445
2.47
2.527
2.52
2.565
2.704
2.869
3.021
3.216
3.382
3.443
3.448
3.55
3.801
4.155
4.543
4.829
4.883
4.716
4.47
4.244
4.047
3.913
3.915
4.076
4.323
4.541
4.595
4.473
4.287
4.135
4.008
3.94
4.065
4.407
4.843
5.142
5.167
4.994
4.693
4.294
3.811
3.343
3.121
3.329
3.876
4.446
4.87
5.194
5.444
5.412
4.911
4.074
3.282
2.826
2.704
2.658
2.499
2.309
2.182
1.969
1.422
0.698
0.283
0.372
0.753
1.154
1.413
1.604
1.81
1.939
1.746
1.163
0.483
0.093
-0.029
-0.29
-0.771
-1.15
-1.286
-1.454
-1.803
-2.159
-2.393
-2.572
-2.763
-2.926
-2.985
-2.846
-2.563
-2.359
-2.447
-2.865
-3.445
-3.969
-4.26
-4.214
-3.777
-2.989
-2.098
-1.413
-1.007
-0.701
-0.494
-0.544
-0.789
-0.914
-0.698
-0.281
0.111
0.435
0.769
1.039
1.195
1.261
1.315
1.41
1.61
1.941
2.375
2.839
3.346
3.944
4.532
4.845
4.806
4.627
4.575
4.682
4.779
4.743
4.736
4.913
5.185
5.367
5.437
5.435
5.362
5.097
4.657
4.294
4.189
4.246
4.232
4.021
3.695
3.402
3.096
2.706
2.252
1.812
1.449
1.2
1.002
0.676
0.204
-0.261
-0.655
-1.032
-1.515
-2.1
-2.592
-2.876
-3.071
-3.346
-3.631
-3.72
-3.627
-3.627
-3.886
-4.353
-4.799
-4.972
-4.831
-4.661
-4.627
-4.645
-4.597
-4.543
-4.527
-4.47
-4.235
-3.715
-3.041
-2.502
-2.27
-2.187
-2.062
-1.878
-1.721
-1.544
-1.211
-0.705
-0.143
0.362
0.758
1.054
1.282
1.544
1.869
2.096
2.116
2.114
2.304
2.678
2.942
2.992
3.035
3.148
3.202
3.15
3.171
3.427
3.91
4.43
4.831
5.169
5.489
5.772
5.974
6.047
6.006
5.956
6.026
6.272
6.548
6.607
6.349
5.891
5.367
4.815
4.321
4.01
3.949
3.979
3.931
3.831
3.699
3.543
3.291
2.965
2.626
2.309
2.068
1.937
1.855
1.646
1.22
0.814
0.805
1.229
1.685
1.794
1.712
1.819
2.17
2.586
2.917
3.173
3.328
3.264
3.005
2.86
3.107
3.65
4.174
4.527
4.815
5.178
5.573
5.827
5.888
5.836
5.843
6.056
6.46
6.934
7.383
7.812
8.143
8.249
8.122
8.046
8.234
8.565
8.71
8.592
8.51
8.801
9.35
9.712
9.586
9.057
8.454
8.048
7.814
7.551
7.206
6.932
6.703
6.367
5.884
5.421
5.017
4.484
3.772
3.062
2.551
2.188
1.78
1.179
0.376
-0.508
-1.404
-2.293
-3.178
-3.933
-4.409
-4.597
-4.623
-4.568
-4.376
-4.01
-3.636
-3.5
-3.679
-3.962
-4.017
-3.751
-3.448
-3.382
-3.502
-3.568
-3.581
-3.726
-4.114
-4.643
-4.974
-4.94
-4.82
-4.859
-4.967
-5.024
-5.094
-5.196
-5.308
-5.387
-5.455
-5.58
-5.77
-5.936
-5.947
-5.732
-5.339
-4.981
-4.74
-4.486
-4.058
-3.402
-2.62
-1.86
-1.075
-0.127
0.921
1.862
2.486
2.867
3.207
3.47
3.516
3.386
3.291
3.416
3.785
4.162
4.223
4.101
4.257
4.809
5.292
5.326
5.121
5.09
5.385
5.782
6.02
6.065
6.117
6.278
6.474
6.662
6.943
7.453
8.136
8.739
9.084
9.205
9.214
9.141
8.839
8.095
7.088
6.251
5.795
5.643
5.632
5.75
6.047
6.43
6.657
6.557
6.206
5.929
5.85
5.757
5.53
5.387
5.473
5.679
5.666
5.296
4.802
4.475
4.389
4.376
4.228
3.926
3.665
3.617
3.725
3.813
3.738
3.509
3.273
2.983
2.483
1.941
1.71
1.801
1.839
1.49
0.841
0.193
-0.286
-0.598
-0.805
-0.919
-0.778
-0.39
-0.125
-0.295
-0.639
-0.787
-0.785
-0.868
-0.885
-0.397
0.621
1.708
2.579
3.375
4.137
4.613
4.811
5.085
5.484
5.745
5.904
6.176
6.573
7.05
7.662
8.286
8.578
8.3
7.519
6.607
5.943
5.641
5.587
5.684
5.893
6.079
5.977
5.471
4.709
3.944
3.328
2.833
2.493
2.497
2.831
3.071
2.776
1.928
0.782
-0.374
-1.34
-1.946
-2.05
-1.701
-1.191
-0.828
-0.832
-1.252
-1.9
-2.66
-3.55
-4.53
-5.319
-5.577
-5.267
-4.838
-4.831
-5.362
-6.19
-7.172
-8.243
-9.102
-9.322
-8.812
-7.957
-7.242
-6.737
-6.165
-5.494
-5.049
-5.06
-5.24
-5.027
-4.128
-2.794
-1.563
-0.753
-0.238
0.165
0.388
0.274
0.054
0.197
0.828
1.601
2.318
3.096
3.935
4.514
4.521
3.997
3.259
2.776
2.921
3.624
4.425
5.017
5.611
6.392
7.016
7.029
6.532
5.961
5.457
4.906
4.477
4.62
5.505
6.628
7.265
7.093
6.36
5.482
4.729
4.074
3.346
2.565
2.021
1.869
1.871
1.526
0.517
-0.807
-1.887
-2.592
-3.105
-3.339
-3.028
-2.379
-1.991
-2.166
-2.642
-3.078
-3.407
-3.695
-4.047
-4.309
-4.114
-3.341
-2.384
-1.769
-1.594
-1.547
-1.379
-1.157
-0.993
-0.732
-0.1
0.9
1.962
2.853
3.531
3.997
4.121
3.86
3.429
3.189
3.429
4.121
4.906
5.414
5.607
5.718
5.954
6.258
6.51
6.802
7.41
8.288
9.112
9.636
9.88
9.966
9.978
9.93
9.751
9.449
9.225
9.157
9.068
8.81
8.492
8.266
8.048
7.651
6.977
6.056
5.045
4.185
3.702
3.62
3.652
3.497
3.112
2.678
2.263
1.765
1.186
0.723
0.53
0.598
0.746
0.803
0.705
0.403
-0.149
-0.875
-1.588
-2.2
-2.678
-2.965
-3.057
-3.019
-2.962
-2.976
-3.171
-3.681
-4.48
-5.367
-6.006
-6.176
-5.932
-5.641
-5.528
-5.478
-5.333
-5.262
-5.559
-6.049
-6.265
-6.054
-5.607
-5.101
-4.595
-4.119
-3.785
-3.665
-3.767
-4.042
-4.343
-4.475
-4.409
-4.353
-4.459
-4.566
-4.434
-4.216
-4.339
-4.938
-5.702
-6.154
-6.122
-5.748
-5.233
-4.675
-4.171
-3.863
-3.853
-4.026
-4.087
-3.958
-3.831
-3.767
-3.545
-3.064
-2.434
-1.9
-1.751
-2.048
-2.545
-2.88
-3.041
-3.18
-3.302
-3.302
-3.209
-3.155
-3.318
-3.672
-4.017
-4.357
-4.892
-5.582
-6.083
-6.108
-5.696
-5.178
-4.791
-4.53
-4.264
-3.992
-3.824
-3.792
-3.792
-3.79
-3.831
-3.863
-3.792
-3.643
-3.516
-3.557
-3.777
-4.067
-4.335
-4.532
-4.602
-4.518
-4.412
-4.377
-4.305
-4.021
-3.656
-3.543
-3.756
-4.067
-4.305
-4.48
-4.597
-4.631
-4.568
-4.423
-4.253
-3.987
-3.611
-3.253
-3.037
-2.944
-2.86
-2.649
-2.214
-1.633
-1.202
-1.132
-1.327
-1.544
-1.697
-1.919
-2.164
-2.209
-2.034
-1.832
-1.819
-1.96
-2.003
-1.921
-1.953
-2.109
-2.057
-1.549
-0.762
-0.077
0.281
0.433
0.597
0.83
1.05
1.168
1.17
1.116
1.086
1.139
1.229
1.309
1.422
1.427
1.064
0.351
-0.234
-0.374
-0.22
-0.1
-0.1
-0.111
-0.097
-0.165
-0.424
-0.873
-1.304
-1.542
-1.651
-1.835
-2.114
-2.361
-2.517
-2.66
-2.865
-2.973
-2.756
-2.273
-1.889
-1.769
-1.656
-1.243
-0.519
0.213
0.633
0.637
0.349
-0.086
-0.639
-1.252
-1.851
-2.329
-2.697
-3.037
-3.445
-3.853
-4.126
-4.212
-4.246
-4.228
-4.053
-3.688
-3.205
-2.751
-2.452
-2.275
-2.034
-1.701
-1.447
-1.363
-1.39
-1.409
-1.358
-1.241
-1.018
-0.637
-0.261
-0.072
0.079
0.458
1.104
1.814
2.434
2.971
3.455
3.826
4.071
4.301
4.607
4.922
5.178
5.349
5.369
5.258
5.214
5.258
5.269
5.176
5.069
5.099
5.432
5.977
6.399
6.564
6.671
6.812
6.837
6.718
6.583
6.453
6.197
5.811
5.489
5.387
5.421
5.244
4.688
3.979
3.389
2.878
2.384
2.026
1.919
1.98
1.962
1.785
1.567
1.392
1.295
1.311
1.365
1.288
1.041
0.841
0.789
0.78
0.78
0.882
1.052
1.091
0.792
0.324
0.052
0.05
0.217
0.485
0.805
1.177
1.576
1.955
2.239
2.434
2.801
3.495
4.255
4.698
4.833
4.877
4.906
4.967
5.19
5.634
6.181
6.58
6.693
6.573
6.358
6.133
5.988
6.018
6.26
6.7
7.186
7.549
7.787
8.032
8.347
8.646
8.767
8.705
8.594
8.522
8.54
8.617
8.583
8.402
8.243
8.243
8.331
8.429
8.592
8.912
9.254
9.442
9.463
9.352
9.107
8.837
8.628
8.463
8.34
8.218
7.979
7.56
7.163
6.991
6.943
6.8
6.562
6.378
6.326
6.417
6.664
6.981
7.328
7.598
7.632
7.501
7.417
7.506
7.725
7.975
8.116
8.068
7.907
7.778
7.739
7.755
7.744
7.683
7.68
7.764
7.841
7.844
7.855
7.964
8.054
7.995
7.903
7.871
7.778
7.528
7.308
7.381
7.63
7.721
7.58
7.276
6.782
6.292
6.161
6.417
6.798
7.265
8.012
9.037
10.082
11.071
12.155
13.24
13.814
13.589
12.754
11.636
10.611
9.935
9.343
8.599
8.054
8.052
8.249
8.168
7.966
8.098
8.451
8.646
8.54
8.245
8.016
8.016
8.064
7.912
7.689
7.662
7.766
7.746
7.503
7.217
7.361
8.107
8.951
9.177
8.708
8.048
7.492
6.954
6.324
5.757
5.5
5.51
5.491
5.251
5.031
5.14
5.446
5.5
5.149
4.638
4.38
4.618
5.203
5.782
6.288
6.861
7.315
7.177
6.344
5.299
4.636
4.507
4.641
4.872
5.346
6.138
6.963
7.442
7.453
7.274
7.208
7.206
7.027
6.71
6.612
6.864
7.17
7.165
6.802
6.319
5.904
5.564
5.346
5.38
5.748
6.374
6.995
7.286
7.115
6.623
6.074
5.589
5.097
4.57
4.305
4.534
5.01
5.287
5.289
5.23
5.126
4.661
3.84
3.055
2.477
1.966
1.54
1.429
1.721
2.159
2.529
2.776
2.96
3.225
3.751
4.446
4.972
5.194
5.269
5.437
5.645
5.63
5.267
4.813
4.577
4.498
4.459
4.452
4.43
4.212
3.804
3.348
2.955
2.677
2.547
2.658
2.919
3.237
3.624
4.071
4.407
4.504
4.455
4.443
4.534
4.623
4.638
4.65
4.752
4.942
5.16
5.423
5.85
6.449
7.006
7.279
7.252
7.107
6.979
6.895
6.857
6.768
6.557
6.328
6.283
6.43
6.68
6.902
7.006
6.947
6.843
6.827
6.913
7.095
7.424
7.873
8.397
9.023
9.722
10.284
10.47
10.268
9.844
9.314
8.735
8.249
7.973
7.81
7.542
7.154
6.82
6.639
6.523
6.326
6.07
5.863
5.711
5.503
5.226
5.004
4.874
4.788
4.695
4.539
4.377
4.298
4.26
4.194
4.144
4.18
4.244
4.253
4.214
4.135
4.001
4.033
4.509
5.385
6.24
6.73
6.832
6.707
6.376
5.77
5.013
4.35
3.847
3.416
3.057
2.926
3.074
3.287
3.332
3.216
3.06
2.935
2.869
2.903
3.096
3.382
3.743
4.171
4.643
5.072
5.346
5.357
5.126
4.847
4.702
4.657
4.557
4.253
3.797
3.309
2.901
2.685
2.667
2.74
2.731
2.558
2.32
2.241
2.375
2.47
2.198
1.51
0.635
-0.208
-0.907
-1.433
-1.728
-1.744
-1.66
-1.699
-1.808
-1.894
-2.023
-2.275
-2.49
-2.475
-2.243
-1.878
-1.443
-1.005
-0.655
-0.369
-0.036
0.34
0.558
0.476
0.138
-0.376
-1.007
-1.631
-2.071
-2.173
-1.989
-1.721
-1.522
-1.368
-1.218
-1.048
-0.921
-0.923
-0.993
-0.987
-0.873
-0.868
-1.132
-1.721
-2.475
-3.026
-3.228
-3.328
-3.541
-3.738
-3.674
-3.325
-2.88
-2.483
-2.164
-1.855
-1.558
-1.345
-1.248
-1.132
-0.852
-0.429
-0.084
-0.034
-0.231
-0.503
-0.839
-1.379
-2.098
-2.778
-3.295
-3.65
-3.853
-3.938
-4.026
-4.096
-4.06
-4.096
-4.391
-4.711
-4.693
-4.425
-4.339
-4.625
-4.919
-4.829
-4.428
-4.106
-4.024
-3.944
-3.606
-3.035
-2.599
-2.556
-2.763
-2.869
-2.79
-2.781
-2.953
-3.098
-2.976
-2.704
-2.622
-2.805
-2.921
-2.749
-2.608
-2.948
-3.758
-4.602
-5.124
-5.31
-5.308
-5.31
-5.369
-5.31
-5.065
-4.874
-4.956
-5.155
-5.081
-4.641
-4.112
-3.654
-3.107
-2.291
-1.361
-0.662
-0.397
-0.449
-0.46
-0.276
-0.138
-0.399
-0.959
-1.379
-1.492
-1.57
-1.923
-2.481
-2.96
-3.225
-3.484
-3.94
-4.459
-4.795
-5.031
-5.342
-5.75
-6.138
-6.374
-6.433
-6.419
-6.457
-6.498
-6.408
-6.206
-6.093
-6.161
-6.249
-6.093
-5.58
-4.931
-4.473
-4.369
-4.475
-4.53
-4.552
-4.811
-5.294
-5.671
-5.782
-5.872
-6.247
-6.711
-6.873
-6.718
-6.641
-6.859
-7.167
-7.222
-7.043
-6.923
-7.025
-7.217
-7.215
-6.809
-6.256
-5.995
-6.059
-6.081
-5.793
-5.326
-4.874
-4.439
-4.021
-3.804
-3.953
-4.359
-4.777
-5.092
-5.248
-5.296
-5.373
-5.562
-5.748
-5.832
-5.904
-6.122
-6.523
-7.045
-7.56
-8.036
-8.406
-8.485
-8.263
-7.885
-7.469
-7.088
-6.798
-6.591
-6.392
-6.235
-6.233
-6.371
-6.43
-6.24
-5.897
-5.702
-5.839
-6.056
-6.006
-5.7
-5.523
-5.704
-6.083
-6.421
-6.75
-7.204
-7.771
-8.22
-8.474
-8.678
-8.946
-9.191
-9.304
-9.261
-9.084
-8.887
-8.787
-8.803
-8.894
-9.041
-9.166
-9.207
-9.146
-8.993
-8.731
-8.429
-8.215
-8.204
-8.358
-8.556
-8.683
-8.728
-8.658
-8.461
-8.2
-8.032
-8.052
-8.159
-8.136
-7.943
-7.725
-7.619
-7.601
-7.481
-7.222
-7.036
-7.054
-7.227
-7.397
-7.456
-7.442
-7.481
-7.519
-7.317
-6.728
-5.94
-5.269
-4.829
-4.53
-4.301
-4.187
-4.189
-4.124
-3.736
-3.067
-2.465
-2.202
-2.211
-2.273
-2.195
-1.993
-1.837
-1.844
-1.955
-2.136
-2.468
-2.831
-2.978
-2.944
-2.89
-2.821
-2.692
-2.536
-2.345
-2.118
-1.937
-1.917
-1.973
-2.053
-2.209
-2.556
-3.119
-3.801
-4.357
-4.568
-4.493
-4.394
-4.405
-4.414
-4.228
-3.831
-3.352
-2.933
-2.624
-2.282
-1.826
-1.474
-1.415
-1.436
-1.266
-0.953
-0.782
-0.991
-1.449
-1.819
-1.933
-1.878
-1.844
-1.975
-2.227
-2.445
-2.538
-2.588
-2.794
-3.112
-3.314
-3.355
-3.432
-3.654
-3.933
-4.106
-4.192
-4.396
-4.668
-4.763
-4.645
-4.602
-4.743
-4.827
-4.716
-4.545
-4.412
-4.228
-4.01
-4.031
-4.434
-5.006
-5.507
-5.966
-6.453
-6.827
-6.981
-7.118
-7.392
-7.723
-8.082
-8.583
-9.143
-9.52
-9.633
-9.626
-9.636
-9.554
-9.214
-8.676
-8.136
-7.605
-7.056
-6.669
-6.562
-6.537
-6.322
-5.929
-5.512
-5.14
-4.818
-4.593
-4.627
-5.085
-5.974
-7.032
-8.005
-8.812
-9.386
-9.633
-9.599
-9.395
-9.154
-8.923
-8.791
-8.769
-8.708
-8.51
-8.195
-7.964
-7.868
-7.678
-7.217
-6.707
-6.478
-6.542
-6.598
-6.433
-6.161
-6.079
-6.208
-6.285
-6.217
-6.197
-6.417
-6.882
-7.351
-7.578
-7.517
-7.451
-7.58
-7.789
-7.852
-7.807
-8.016
-8.669
-9.522
-10.126
-10.309
-10.311
-10.323
-10.18
-9.695
-9.05
-8.615
-8.551
-8.606
-8.515
-8.297
-8.093
-7.889
-7.598
-7.288
-7.107
-7.149
-7.429
-7.868
-8.331
-8.737
-9.154
-9.647
-10.175
-10.559
-10.724
-10.799
-10.951
-11.174
-11.337
-11.412
-11.489
-11.566
-11.545
-11.373
-11.148
-11.017
-10.974
-10.96
-10.983
-11.101
-11.271
-11.4
-11.382
-11.174
-10.815
-10.425
-10.196
-10.166
-10.182
-10.062
-9.876
-9.774
-9.826
-9.958
-10.021
-10.017
-10.005
-9.965
-9.905
-9.903
-10.021
-10.248
-10.445
-10.438
-10.298
-10.243
-10.373
-10.559
-10.536
-10.1
-9.395
-8.837
-8.697
-8.832
-8.824
-8.427
-7.825
-7.349
-7.108
-6.879
-6.401
-5.75
-5.24
-4.981
-4.845
-4.63
-4.301
-4.069
-4.094
-4.146
-3.956
-3.552
-3.175
-2.955
-2.731
-2.248
-1.61
-1.261
-1.381
-1.671
-1.69
-1.356
-1.07
-1.086
-1.259
-1.311
-1.236
-1.236
-1.388
-1.492
-1.479
-1.492
-1.631
-1.83
-1.982
-2.016
-2
-2.062
-2.248
-2.388
-2.359
-2.27
-2.436
-2.935
-3.49
-3.842
-4.065
-4.439
-5.038
-5.671
-6.142
-6.494
-6.868
-7.29
-7.597
-7.662
-7.603
-7.676
-7.914
-8.041
-7.907
-7.678
-7.605
-7.689
-7.651
-7.342
-6.995
-6.984
-7.317
-7.703
-7.939
-8.07
-8.222
-8.259
-7.995
-7.451
-6.843
-6.303
-5.841
-5.432
-5.013
-4.6
-4.268
-4.078
-3.956
-3.77
-3.479
-3.139
-2.851
-2.763
-2.853
-2.953
-2.93
-2.763
-2.511
-2.223
-1.855
-1.379
-0.878
-0.467
-0.172
0.004
0.125
0.276
0.444
0.542
0.612
0.683
0.61
0.27
-0.188
-0.431
-0.308
-0.061
-0.052
-0.279
-0.397
-0.183
0.206
0.485
0.603
0.678
0.766
0.785
0.68
0.522
0.347
0.177
-0.002
-0.261
-0.653
-1.08
-1.376
-1.488
-1.454
-1.29
-0.968
-0.544
-0.134
0.029
-0.136
-0.383
-0.492
-0.535
-0.642
-0.712
-0.537
-0.204
0.016
0.043
0.122
0.417
0.628
0.408
-0.19
-0.776
-1.068
-1.104
-1.1
-1.306
-1.767
-2.221
-2.475
-2.67
-3.121
-3.797
-4.282
-4.366
-4.314
-4.43
-4.695
-4.965
-5.292
-5.759
-6.296
-6.71
-6.936
-7.052
-7.102
-7.095
-6.979
-6.687
-6.278
-5.902
-5.716
-5.764
-5.899
-5.947
-5.932
-5.843
-5.505
-4.87
-4.21
-3.86
-3.824
-3.799
-3.604
-3.298
-3.062
-2.924
-2.636
-1.951
-0.907
0.234
1.204
1.907
2.445
2.89
3.187
3.334
3.482
3.87
4.609
5.532
6.315
6.866
7.39
7.946
8.39
8.597
8.606
8.537
8.463
8.222
7.694
7.059
6.619
6.299
5.865
5.339
4.958
4.781
4.668
4.573
4.6
4.786
5.079
5.362
5.455
5.199
4.722
4.323
4.096
3.886
3.552
3.189
2.928
2.674
2.307
1.933
1.726
1.708
1.803
1.998
2.205
2.268
2.211
2.268
2.409
2.352
2.114
1.969
1.935
1.814
1.667
1.814
2.32
2.872
3.323
3.888
4.661
5.369
5.757
5.872
5.932
6.095
6.328
6.46
6.435
6.296
6.204
6.208
6.176
5.963
5.643
5.432
5.349
5.23
5.085
5.053
5.253
5.535
5.693
5.618
5.401
5.228
5.233
5.36
5.462
5.525
5.587
5.648
5.693
5.759
5.886
6.011
6
5.788
5.596
5.516
5.371
5.081
4.768
4.439
3.956
3.219
2.356
1.574
0.943
0.481
0.254
0.261
0.422
0.673
0.898
0.891
0.598
0.224
0.009
-0.115
-0.395
-0.837
-1.259
-1.485
-1.463
-1.354
-1.318
-1.202
-0.871
-0.483
-0.252
-0.199
-0.165
-0.05
0.066
0.05
-0.118
-0.419
-0.852
-1.481
-2.232
-2.944
-3.518
-3.872
-3.958
-3.886
-3.772
-3.516
-3.033
-2.509
-2.202
-2.066
-1.832
-1.451
-1.193
-1.272
-1.495
-1.447
-1.036
-0.592
-0.417
-0.367
-0.059
0.569
1.15
1.422
1.59
1.933
2.42
2.638
2.3
1.765
1.556
1.678
1.762
1.669
1.531
1.513
1.601
1.685
1.705
1.803
2.207
2.872
3.37
3.452
3.414
3.652
4.13
4.355
4.174
4.146
4.781
5.77
6.324
6.342
6.596
7.444
8.147
8.17
7.875
7.53
6.993
6.224
5.237
3.919
2.411
1.016
-0.208
-1.331
-2.32
-3.069
-3.504
-3.674
-3.749
-3.894
-4.013
-3.774
-3.277
-2.91
-2.511
-1.57
-0.156
1.088
1.708
1.719
1.313
0.535
-0.619
-1.864
-2.769
-3.228
-3.531
-3.892
-4.16
-4.248
-4.514
-5.092
-5.718
-6.378
-7.201
-7.821
-7.717
-6.975
-6.14
-5.543
-4.931
-4.055
-3.06
-2.098
-1.154
-0.256
0.49
1.095
1.651
2.248
2.765
3.168
3.815
4.918
6.056
6.918
7.707
8.563
9.191
9.345
9.232
9.227
9.377
9.454
9.413
9.332
9.116
8.581
7.764
6.82
5.809
4.77
3.872
3.314
3.157
3.393
4.015
4.954
6.115
7.217
7.937
8.243
8.293
8.039
7.442
6.696
6.088
5.764
5.607
5.409
5.063
4.591
4.117
3.751
3.456
3.198
3.078
3.171
3.37
3.42
3.092
2.463
1.9
1.556
1.248
0.914
0.615
0.433
0.422
0.621
1.054
1.678
2.318
2.792
3.051
3.243
3.622
4.282
5.038
5.727
6.215
6.319
6.104
5.829
5.623
5.57
5.829
6.444
7.258
8.025
8.499
8.608
8.456
8.059
7.429
6.759
6.29
5.995
5.639
5.181
4.822
4.595
4.373
4.085
3.767
3.511
3.559
4.037
4.836
5.788
6.757
7.524
7.794
7.39
6.474
5.43
4.566
4.028
3.715
3.565
3.69
4.026
4.14
3.743
2.962
2.091
1.179
0.134
-1.005
-2.005
-2.797
-3.561
-4.43
-5.328
-6.156
-6.932
-7.732
-8.49
-9.007
-9.046
-8.506
-7.546
-6.526
-5.843
-5.673
-5.793
-5.938
-6.122
-6.396
-6.503
-6.217
-5.668
-5.155
-4.854
-4.77
-4.847
-4.958
-4.979
-4.795
-4.434
-4.003
-3.538
-3.033
-2.554
-2.221
-2.118
-2.245
-2.592
-3.057
-3.359
-3.314
-2.992
-2.431
-1.479
-0.179
1.116
2.123
2.833
3.416
4.006
4.625
5.248
5.768
6.033
6.06
5.981
5.795
5.457
5.076
4.852
4.981
5.473
6.083
6.601
7.034
7.388
7.549
7.354
6.83
6.24
5.782
5.543
5.532
5.777
6.181
6.542
6.648
6.471
6.133
5.725
5.339
5.081
4.992
5.101
5.442
5.913
6.224
6.124
5.707
5.339
5.158
5.031
4.888
4.838
5.02
5.369
5.666
5.759
5.752
5.757
5.805
5.82
5.711
5.46
5.16
4.863
4.443
3.767
2.914
2.109
1.554
1.249
1.143
1.209
1.417
1.733
2.05
2.15
1.946
1.617
1.372
1.249
1.161
1.114
1.213
1.483
1.773
1.926
1.993
2.18
2.55
2.942
3.184
3.3
3.459
3.772
4.128
4.268
4.099
3.888
3.833
3.743
3.273
2.468
1.858
1.839
2.234
2.677
3.021
3.284
3.52
3.729
3.842
3.829
3.806
3.994
4.373
4.63
4.507
4.155
3.935
3.904
3.838
3.629
3.368
3.162
2.971
2.74
2.57
2.493
2.395
2.227
1.996
1.567
0.909
0.152
-0.59
-1.322
-1.998
-2.429
-2.504
-2.42
-2.434
-2.631
-2.885
-2.994
-2.867
-2.667
-2.608
-2.681
-2.704
-2.656
-2.758
-3.157
-3.65
-3.98
-4.124
-4.253
-4.475
-4.797
-5.131
-5.437
-5.779
-6.21
-6.737
-7.238
-7.564
-7.59
-7.374
-7.009
-6.535
-5.906
-5.162
-4.532
-4.14
-3.858
-3.468
-2.801
-1.939
-1.012
-0.032
1.052
2.096
2.906
3.49
4.078
4.706
5.188
5.423
5.564
5.779
6.09
6.446
6.757
6.929
6.954
6.891
6.786
6.723
6.655
6.528
6.442
6.492
6.51
6.315
5.895
5.326
4.698
4.137
3.804
3.77
3.867
3.958
3.915
3.656
3.157
2.429
1.522
0.526
-0.508
-1.576
-2.642
-3.602
-4.337
-4.806
-5.135
-5.518
-5.954
-6.403
-6.861
-7.295
-7.619
-7.771
-7.698
-7.365
-6.841
-6.358
-6.024
-5.754
-5.428
-4.999
-4.48
-3.962
-3.455
-2.842
-2.157
-1.585
-1.064
-0.245
0.989
2.314
3.341
4.001
4.53
5.174
5.956
6.707
7.263
7.628
7.916
8.197
8.37
8.315
8.129
8.134
8.41
8.705
8.878
8.982
9.127
9.214
9.043
8.814
8.923
9.488
10.119
10.389
10.28
10.121
10.119
10.166
10.028
9.647
9.118
8.508
7.73
6.766
5.784
5.051
4.503
3.86
3.055
2.218
1.506
0.991
0.653
0.39
0.177
0.027
-0.054
-0.122
-0.31
-0.671
-1.139
-1.542
-1.726
-1.697
-1.567
-1.429
-1.324
-1.306
-1.282
-1.086
-0.717
-0.369
-0.263
-0.429
-0.703
-0.914
-0.961
-0.862
-0.631
-0.354
-0.224
-0.32
-0.603
-1.084
-1.705
-2.377
-3.012
-3.527
-3.813
-3.847
-3.79
-3.849
-4.003
-4.087
-4.092
-4.174
-4.489
-5.013
-5.473
-5.659
-5.611
-5.437
-5.178
-4.952
-4.929
-5.253
-5.906
-6.646
-7.147
-7.338
-7.442
-7.603
-7.714
-7.651
-7.594
-7.762
-7.984
-7.964
-7.664
-7.238
-6.85
-6.584
-6.415
-6.276
-6.127
-6
-5.956
-5.986
-5.954
-5.827
-5.745
-5.714
-5.466
-4.795
-3.913
-3.37
-3.414
-3.729
-3.969
-4.164
-4.468
-4.768
-4.838
-4.731
-4.613
-4.484
-4.189
-3.745
-3.3
-2.93
-2.493
-1.812
-1.048
-0.474
0.002
0.485
0.832
1.102
1.424
1.656
1.644
1.49
1.161
0.597
-0.1
-0.725
-1.2
-1.633
-2.17
-2.831
-3.47
-3.849
-3.899
-3.824
-3.84
-3.94
-4.062
-4.203
-4.418
-4.859
-5.455
-5.711
-5.342
-4.686
-4.23
-3.931
-3.52
-3.017
-2.663
-2.62
-2.719
-2.638
-2.266
-1.926
-1.93
-2.191
-2.372
-2.443
-2.649
-3.164
-3.751
-4.006
-3.879
-3.726
-3.772
-3.856
-3.813
-3.706
-3.586
-3.432
-3.205
-2.763
-1.989
-1.077
-0.247
0.558
1.41
2.037
2.164
1.88
1.735
2.184
2.933
3.4
3.509
3.609
3.879
4.114
3.958
3.434
2.948
2.787
2.765
2.495
1.824
1.15
0.816
0.585
0.084
-0.683
-1.451
-1.971
-2.182
-2.295
-2.483
-2.649
-2.55
-2.157
-1.715
-1.451
-1.32
-1.107
-0.769
-0.519
-0.549
-0.739
-0.852
-0.93
-1.218
-1.787
-2.382
-2.826
-3.221
-3.761
-4.425
-5.001
-5.312
-5.349
-5.292
-5.253
-5.131
-4.768
-4.178
-3.543
-3.028
-2.611
-2.023
-1.168
-0.313
0.245
0.619
1.095
1.755
2.356
2.706
2.96
3.364
3.856
4.23
4.452
4.643
4.877
5.06
5.237
5.543
5.927
6.238
6.444
6.578
6.603
6.467
6.306
6.269
6.294
6.176
5.97
5.993
6.306
6.55
6.457
6.14
5.922
5.872
5.795
5.569
5.172
4.686
4.273
3.99
3.647
3.051
2.275
1.663
1.392
1.22
0.792
0.159
-0.362
-0.671
-0.989
-1.449
-1.885
-1.991
-1.731
-1.381
-1.245
-1.279
-1.222
-0.923
-0.56
-0.431
-0.608
-0.81
-0.758
-0.447
-0.059
0.261
0.542
0.932
1.32
1.508
1.533
1.664
2.141
2.86
3.563
4.216
5.015
5.861
6.433
6.698
6.92
7.245
7.597
7.776
7.728
7.635
7.807
8.42
9.191
9.642
9.67
9.631
9.851
10.293
10.717
11.013
11.312
11.668
11.836
11.65
11.282
10.965
10.799
10.724
10.568
10.23
9.751
9.311
9.005
8.758
8.556
8.526
8.728
8.935
8.749
8.082
7.252
6.646
6.319
6.149
5.997
5.748
5.364
4.892
4.4
3.983
3.708
3.64
3.754
3.847
3.736
3.536
3.479
3.679
4.049
4.357
4.439
4.337
4.18
4.017
3.756
3.391
3.134
3.166
3.42
3.799
4.273
4.786
5.301
5.754
6.115
6.437
6.802
7.163
7.499
7.882
8.37
8.951
9.531
9.951
10.112
10.069
10.082
10.334
10.668
10.852
10.892
10.931
10.951
10.979
11.103
11.246
11.207
11.114
11.21
11.511
11.899
12.201
12.333
12.364
12.326
12.092
11.679
11.353
11.303
11.468
11.613
11.491
11.155
10.922
10.942
10.967
10.643
10.112
9.828
9.948
10.175
10.248
10.134
9.944
9.747
9.461
9.078
8.703
8.39
8.102
7.807
7.408
6.954
6.648
6.399
5.925
5.219
4.654
4.491
4.645
4.793
4.804
4.788
4.815
4.813
4.686
4.45
4.239
4.117
3.976
3.754
3.616
3.736
4.096
4.559
4.906
4.954
4.772
4.539
4.316
4.085
3.901
3.892
3.999
4.01
3.792
3.35
2.776
2.314
2.209
2.581
3.198
3.72
4.021
4.235
4.432
4.534
4.602
4.786
5.022
5.056
4.919
4.825
4.849
4.986
5.242
5.573
5.932
6.22
6.353
6.417
6.573
6.871
7.231
7.526
7.748
7.8
7.517
6.873
6.106
5.584
5.43
5.408
5.264
5.015
4.793
4.659
4.582
4.593
4.752
5.027
5.303
5.503
5.605
5.614
5.518
5.326
4.997
4.507
3.906
3.328
2.867
2.529
2.35
2.427
2.869
3.593
4.339
4.838
5.013
5.022
5.027
4.988
4.84
4.641
4.412
4.096
3.745
3.407
3.067
2.765
2.561
2.368
2.08
1.701
1.381
1.268
1.417
1.735
2.091
2.359
2.495
2.631
2.958
3.455
3.944
4.303
4.586
4.938
5.414
5.865
6.167
6.369
6.653
7.104
7.657
8.213
8.715
9.025
9.084
9.043
9.093
9.134
9.071
8.946
8.88
8.935
9.06
9.093
8.941
8.758
8.697
8.81
8.966
8.951
8.651
8.331
8.322
8.542
8.604
8.338
7.991
7.8
7.608
7.193
6.714
6.449
6.417
6.444
6.408
6.272
6.088
5.884
5.591
5.135
4.586
4.092
3.692
3.35
3.028
2.753
2.536
2.354
2.2
2.089
1.937
1.637
1.249
0.939
0.803
0.787
0.78
0.732
0.73
0.916
1.37
1.964
2.447
2.853
3.391
4.006
4.446
4.795
5.355
6.042
6.396
6.315
6.165
6.296
6.614
6.832
6.82
6.612
6.335
6.145
6.042
5.806
5.355
4.897
4.613
4.489
4.459
4.491
4.552
4.573
4.45
4.214
4.028
4.026
4.155
4.18
3.872
3.346
2.958
2.776
2.54
2.123
1.646
1.268
0.925
0.424
-0.181
-0.789
-1.413
-2.109
-2.839
-3.402
-3.665
-3.69
-3.774
-4.04
-4.362
-4.702
-5.133
-5.587
-6.022
-6.583
-7.408
-8.188
-8.338
-7.85
-7.252
-6.646
-5.689
-4.382
-3.023
-1.876
-1.161
-1.064
-1.254
-1.125
-0.728
-0.758
-1.121
-0.912
0.036
0.732
0.356
-0.533
-0.58
0.456
1.279
0.961
0.159
-0.235
-0.31
-0.465
-0.66
-0.608
-0.193
0.478
1.234
1.905
2.454
3.003
3.534
3.722
3.239
2.304
1.683
1.783
2.003
1.646
0.909
0.426
0.227
-0.097
-0.789
-1.622
-2.225
-2.499
-2.763
-3.271
-3.617
-3.302
-2.69
-2.651
-3.329
-4.144
-4.641
-4.806
-4.89
-5.244
-5.843
-6.21
-6.158
-6.142
-6.56
-7.027
-6.923
-6.301
-5.793
-5.634
-5.367
-4.623
-3.699
-3.171
-3.257
-3.616
-3.892
-4.14
-4.457
-4.761
-4.967
-5.04
-4.931
-4.636
-4.425
-4.359
-4.071
-3.4
-2.831
-2.745
-2.828
-2.558
-2.032
-1.719
-1.692
-1.676
-1.656
-1.699
-1.683
-1.451
-1.109
-0.925
-0.8
-0.449
-0.016
0
-0.381
-0.664
-0.662
-0.689
-0.923
-1.1
-1.046
-1.145
-1.835
-2.933
-3.928
-4.682
-5.373
-5.945
-6.169
-6.197
-6.31
-6.401
-6.247
-5.963
-5.809
-5.748
-5.535
-5.101
-4.672
-4.439
-4.35
-4.335
-4.423
-4.698
-5.06
-5.382
-5.802
-6.41
-6.952
-7.211
-7.29
-7.201
-6.852
-6.46
-6.457
-6.923
-7.449
-7.651
-7.574
-7.388
-7.136
-6.864
-6.666
-6.53
-6.492
-6.644
-6.877
-6.841
-6.374
-5.872
-5.775
-5.877
-5.745
-5.476
-5.367
-5.274
-4.906
-4.405
-4.205
-4.543
-5.181
-5.673
-5.906
-5.963
-5.952
-6.013
-6.14
-6.135
-5.915
-5.806
-6.113
-6.535
-6.569
-6.365
-6.462
-6.927
-7.288
-7.29
-7.193
-7.235
-7.24
-7.009
-6.748
-6.8
-7.235
-7.812
-8.111
-7.971
-7.635
-7.417
-7.227
-6.905
-6.537
-6.269
-5.995
-5.632
-5.478
-5.732
-6.117
-6.401
-6.757
-7.174
-7.385
-7.397
-7.54
-7.93
-8.179
-8.054
-7.857
-7.905
-8.139
-8.392
-8.628
-8.846
-8.966
-8.914
-8.692
-8.315
-7.741
-7.074
-6.566
-6.308
-6.14
-6.049
-6.19
-6.591
-7.025
-7.256
-7.276
-7.261
-7.324
-7.388
-7.351
-7.188
-7.045
-7.107
-7.302
-7.56
-7.923
-8.358
-8.678
-8.692
-8.42
-8.12
-7.95
-7.923
-7.973
-8.002
-7.848
-7.517
-7.138
-6.884
-6.673
-6.281
-5.716
-5.185
-4.75
-4.303
-3.763
-3.168
-2.667
-2.297
-1.951
-1.615
-1.409
-1.318
-1.256
-1.266
-1.485
-1.862
-2.143
-2.2
-2.136
-1.971
-1.612
-1.193
-1.012
-1.152
-1.409
-1.565
-1.578
-1.376
-0.973
-0.549
-0.356
-0.431
-0.635
-0.823
-1.027
-1.272
-1.415
-1.309
-1.077
-0.859
-0.68
-0.512
-0.426
-0.424
-0.46
-0.485
-0.585
-0.78
-0.921
-0.914
-0.778
-0.624
-0.569
-0.61
-0.664
-0.744
-0.912
-1.284
-1.871
-2.461
-2.819
-3.007
-3.271
-3.652
-3.931
-3.931
-3.772
-3.656
-3.597
-3.557
-3.5
-3.441
-3.407
-3.398
-3.418
-3.463
-3.531
-3.617
-3.751
-3.908
-4.044
-4.182
-4.412
-4.779
-5.264
-5.806
-6.347
-6.827
-7.154
-7.217
-7.02
-6.714
-6.412
-6.115
-5.868
-5.791
-5.938
-6.262
-6.716
-7.183
-7.508
-7.637
-7.662
-7.689
-7.667
-7.503
-7.265
-7.179
-7.372
-7.694
-7.905
-8.039
-8.275
-8.651
-9.005
-9.229
-9.441
-9.722
-10.053
-10.291
-10.318
-10.275
-10.355
-10.49
-10.527
-10.486
-10.454
-10.461
-10.448
-10.261
-9.839
-9.3
-8.794
-8.451
-8.304
-8.277
-8.331
-8.513
-8.828
-9.143
-9.225
-8.957
-8.469
-7.941
-7.403
-6.852
-6.31
-5.904
-5.691
-5.539
-5.258
-4.833
-4.466
-4.289
-4.205
-4.015
-3.715
-3.5
-3.513
-3.672
-3.767
-3.699
-3.617
-3.613
-3.622
-3.509
-3.328
-3.212
-3.253
-3.427
-3.59
-3.624
-3.654
-3.831
-4.069
-4.198
-4.226
-4.394
-4.881
-5.557
-6.12
-6.496
-6.884
-7.376
-7.871
-8.268
-8.592
-8.971
-9.538
-10.221
-10.785
-11.06
-11.146
-11.296
-11.534
-11.682
-11.704
-11.827
-12.187
-12.72
-13.208
-13.516
-13.796
-14.199
-14.558
-14.585
-14.279
-13.943
-13.848
-13.911
-13.905
-13.725
-13.555
-13.58
-13.714
-13.673
-13.299
-12.745
-12.31
-12.097
-12.058
-12.135
-12.346
-12.591
-12.598
-12.169
-11.432
-10.751
-10.325
-10.003
-9.504
-8.846
-8.358
-8.177
-8.114
-7.878
-7.449
-7.016
-6.744
-6.614
-6.446
-6.095
-5.634
-5.126
-4.5
-3.715
-2.86
-2.073
-1.404
-0.73
0.025
0.751
1.236
1.361
1.263
1.202
1.315
1.497
1.624
1.57
1.279
0.778
0.29
-0.102
-0.471
-0.812
-1.005
-1.059
-0.998
-0.785
-0.535
-0.453
-0.642
-1.134
-1.783
-2.334
-2.633
-2.901
-3.409
-4.107
-4.722
-5.106
-5.357
-5.57
-5.825
-6.049
-6.077
-5.997
-6.104
-6.471
-6.923
-7.302
-7.603
-7.896
-8.222
-8.483
-8.604
-8.653
-8.828
-9.257
-9.824
-10.25
-10.436
-10.502
-10.586
-10.663
-10.507
-9.885
-8.851
-7.655
-6.583
-5.836
-5.367
-5.015
-4.777
-4.745
-4.809
-4.786
-4.634
-4.443
-4.264
-4.117
-3.935
-3.725
-3.597
-3.586
-3.547
-3.38
-3.173
-3.139
-3.328
-3.647
-4.04
-4.484
-4.847
-5.051
-5.124
-5.135
-5.162
-5.201
-5.162
-5.013
-4.872
-4.945
-5.165
-5.16
-4.521
-3.336
-2.221
-1.556
-1.005
-0.163
0.739
1.177
1
0.662
0.676
0.998
1.141
1.009
0.896
1.054
1.329
1.302
0.819
0.224
-0.179
-0.442
-0.873
-1.551
-2.202
-2.551
-2.769
-3.241
-3.892
-4.198
-3.91
-3.3
-2.706
-2.08
-1.215
-0.138
0.839
1.472
1.928
2.441
2.821
2.629
1.923
1.241
0.984
1.086
1.231
1.127
0.751
0.272
-0.12
-0.467
-0.909
-1.297
-1.349
-1.121
-0.966
-1.07
-1.286
-1.445
-1.608
-2.066
-2.851
-3.663
-4.237
-4.503
-4.55
-4.623
-4.72
-4.582
-4.268
-4.119
-4.216
-4.409
-4.595
-4.768
-4.904
-5.001
-5.035
-5.063
-5.217
-5.616
-6.265
-7.011
-7.642
-7.998
-8.093
-8.122
-8.195
-8.012
-7.381
-6.641
-6.149
-5.682
-4.872
-3.853
-2.958
-2.273
-1.69
-1.077
-0.369
0.408
1.093
1.531
1.76
1.944
2.134
2.154
1.79
1.139
0.617
0.388
0.227
0.047
0.152
0.755
1.669
2.604
3.516
4.482
5.394
6.002
6.258
6.374
6.544
6.625
6.374
5.839
5.194
4.527
3.942
3.534
3.291
3.277
3.692
4.597
5.723
6.637
7.108
7.347
7.59
7.664
7.308
6.7
6.29
6.188
6.045
5.548
4.743
3.777
2.699
1.588
0.594
-0.113
-0.381
0.004
1.08
2.359
3.266
3.804
4.394
5.167
5.766
5.929
5.843
5.854
6.004
6.083
5.993
5.857
5.777
5.757
5.679
5.516
5.403
5.439
5.637
5.911
6.077
5.954
5.609
5.219
4.802
4.241
3.647
3.382
3.575
3.879
3.99
4.037
4.221
4.509
4.758
4.936
5.142
5.523
6.042
6.383
6.369
6.067
5.741
5.539
5.33
4.895
4.328
4.001
4.11
4.48
4.804
4.97
5.085
5.154
4.952
4.294
3.316
2.456
1.919
1.461
0.816
0.047
-0.621
-1.173
-1.873
-2.753
-3.472
-3.781
-3.781
-3.604
-3.212
-2.545
-1.749
-1.084
-0.753
-0.764
-0.998
-1.361
-1.81
-2.379
-3.001
-3.52
-3.754
-3.713
-3.552
-3.346
-2.953
-2.388
-1.758
-1.207
-0.805
-0.583
-0.626
-0.898
-1.277
-1.708
-2.102
-2.363
-2.436
-2.314
-1.966
-1.461
-0.948
-0.465
0.081
0.676
1.064
1.166
1.2
1.388
1.683
1.919
2.032
2.089
2.175
2.257
2.239
2.148
2.207
2.631
3.346
4.128
4.908
5.698
6.412
6.818
6.691
6.129
5.543
5.235
4.992
4.532
3.84
3.194
2.794
2.572
2.275
1.819
1.395
1.141
1.016
1.016
1.209
1.54
1.839
1.944
1.721
1.256
0.814
0.612
0.644
0.796
1.073
1.519
2.146
2.76
3.037
2.749
2.073
1.409
0.987
0.725
0.449
0
-0.662
-1.47
-2.268
-2.887
-3.248
-3.497
-3.761
-4.08
-4.405
-4.527
-4.264
-3.69
-3.057
-2.617
-2.447
-2.481
-2.52
-2.436
-2.236
-1.851
-1.252
-0.59
-0.072
0.227
0.304
0.183
-0.013
-0.086
0.102
0.517
0.925
1.039
0.773
0.279
-0.288
-0.8
-1.145
-1.315
-1.413
-1.488
-1.454
-1.213
-0.785
-0.354
-0.125
-0.201
-0.54
-0.946
-1.121
-0.898
-0.379
0.283
1.057
1.939
2.726
3.266
3.595
3.924
4.371
4.888
5.403
5.94
6.485
6.734
6.503
5.918
5.224
4.555
3.933
3.352
2.885
2.615
2.495
2.411
2.397
2.524
2.726
2.844
2.817
2.751
2.692
2.617
2.629
2.865
3.287
3.763
4.187
4.577
5.004
5.371
5.648
5.963
6.43
7.032
7.524
7.678
7.503
7.197
6.857
6.564
6.326
6.183
6.067
5.852
5.462
4.979
4.527
4.21
4.062
4.051
4.146
4.35
4.555
4.634
4.691
4.847
5.035
5.147
5.233
5.448
5.727
5.909
6.135
6.632
7.338
8.066
8.692
9.078
9.08
8.751
8.331
7.939
7.587
7.111
6.306
5.174
4.026
3.153
2.672
2.577
2.794
3.162
3.538
3.926
4.384
4.872
5.233
5.469
5.734
6.022
6
5.503
4.811
4.216
3.702
3.057
2.214
1.381
0.73
0.168
-0.512
-1.207
-1.599
-1.622
-1.537
-1.624
-1.939
-2.452
-3.098
-3.726
-4.294
-4.924
-5.639
-6.233
-6.573
-6.746
-6.848
-6.898
-6.873
-6.716
-6.435
-6.052
-5.528
-4.877
-4.228
-3.72
-3.4
-3.223
-3.171
-3.257
-3.541
-3.967
-4.291
-4.291
-4.04
-3.813
-3.67
-3.482
-3.094
-2.527
-1.973
-1.57
-1.349
-1.282
-1.327
-1.379
-1.356
-1.202
-0.927
-0.544
-0.072
0.338
0.644
0.998
1.445
1.878
2.255
2.633
2.983
3.266
3.565
3.901
4.192
4.402
4.634
4.974
5.357
5.741
6.192
6.739
7.227
7.535
7.644
7.597
7.471
7.362
7.32
7.333
7.401
7.526
7.703
7.882
7.893
7.657
7.34
7.068
6.834
6.646
6.56
6.677
7.097
7.707
8.248
8.612
8.903
9.173
9.318
9.218
8.882
8.522
8.252
7.953
7.44
6.802
6.333
6.106
5.945
5.641
5.19
4.761
4.432
3.883
2.731
1.088
-0.458
-1.479
-2.15
-2.792
-3.293
-3.219
-2.499
-1.724
-1.277
-0.871
-0.149
0.658
1.041
0.778
0.193
-0.249
-0.374
-0.224
0.04
0.338
0.705
1.238
1.86
2.361
2.667
2.965
3.309
3.523
3.443
3.302
3.486
4.017
4.457
4.595
4.713
5.121
5.609
5.768
5.45
4.888
4.418
4.223
4.194
4.169
4.226
4.548
5.144
5.793
6.228
6.41
6.605
6.968
7.247
7.163
6.762
6.31
6.024
5.825
5.48
4.922
4.346
3.979
3.815
3.624
3.162
2.402
1.61
1.018
0.556
0.134
-0.201
-0.51
-1.018
-1.9
-3.134
-4.548
-5.92
-7.165
-8.284
-9.15
-9.475
-9.193
-8.608
-8.084
-7.83
-7.852
-7.961
-8.059
-8.225
-8.376
-8.431
-8.322
-8.075
-7.776
-7.512
-7.326
-7.183
-7.131
-7.265
-7.453
-7.403
-6.95
-6.233
-5.432
-4.718
-4.196
-3.785
-3.429
-3.201
-3.055
-2.835
-2.413
-1.669
-0.587
0.649
1.737
2.629
3.489
4.339
5.11
5.911
6.981
8.365
9.828
11.087
12.001
12.605
12.843
12.675
12.169
11.511
10.874
10.411
10.207
10.137
9.948
9.495
8.746
7.676
6.342
5.031
3.979
3.16
2.424
1.737
1.229
0.93
0.658
0.113
-0.828
-1.862
-2.554
-2.658
-2.32
-1.892
-1.519
-1.086
-0.542
-0.136
-0.104
-0.433
-0.993
-1.66
-2.402
-3.123
-3.579
-3.643
-3.527
-3.554
-3.718
-3.872
-4.049
-4.319
-4.496
-4.273
-3.577
-2.636
-1.749
-1.016
-0.39
0.154
0.628
1.136
1.753
2.47
3.359
4.511
5.702
6.487
6.766
6.957
7.362
7.8
7.982
8.007
8.248
8.923
9.853
10.634
11.049
11.117
10.922
10.418
9.556
8.526
7.732
7.328
7.195
7.17
7.256
7.471
7.773
7.943
7.728
7.141
6.512
6.083
5.805
5.464
5.017
4.686
4.684
4.815
4.709
4.268
3.729
3.3
2.835
2.209
1.563
1.039
0.617
0.174
-0.336
-0.923
-1.576
-2.236
-2.81
-3.239
-3.516
-3.611
-3.525
-3.504
-3.87
-4.577
-5.142
-5.194
-4.899
-4.682
-4.752
-4.988
-5.192
-5.274
-5.387
-5.711
-6.12
-6.342
-6.376
-6.537
-6.911
-7.177
-7.029
-6.619
-6.349
-6.344
-6.333
-6.077
-5.811
-5.904
-6.355
-6.687
-6.437
-5.702
-5.045
-4.901
-5.16
-5.394
-5.389
-5.226
-5.01
-4.695
-4.219
-3.74
-3.502
-3.554
-3.624
-3.364
-2.794
-2.397
-2.527
-2.973
-3.25
-3.187
-3.08
-3.1
-3.114
-2.989
-2.856
-2.951
-3.302
-3.706
-3.946
-3.892
-3.604
-3.35
-3.257
-3.225
-3.11
-2.939
-2.815
-2.74
-2.55
-2.257
-2.177
-2.536
-3.201
-3.763
-4.042
-4.298
-4.797
-5.421
-5.825
-5.92
-5.859
-5.843
-5.825
-5.63
-5.23
-4.804
-4.584
-4.641
-4.833
-4.913
-4.786
-4.511
-4.187
-3.865
-3.622
-3.55
-3.697
-3.922
-3.915
-3.595
-3.348
-3.561
-4.167
-4.7
-4.892
-4.856
-4.813
-4.797
-4.698
-4.482
-4.262
-4.117
-4.028
-3.926
-3.697
-3.404
-3.237
-3.255
-3.237
-2.946
-2.372
-1.676
-0.989
-0.279
0.488
1.148
1.461
1.302
0.852
0.528
0.564
0.798
0.885
0.694
0.361
0.016
-0.32
-0.624
-0.785
-0.816
-0.762
-0.624
-0.433
-0.201
0.097
0.544
1.139
1.724
2.114
2.311
2.37
2.245
1.912
1.56
1.451
1.66
1.889
1.824
1.404
0.725
-0.038
-0.601
-0.859
-0.968
-1.03
-1.032
-0.998
-1.032
-1.231
-1.554
-1.848
-2.094
-2.409
-2.799
-3.114
-3.257
-3.264
-3.268
-3.273
-3.164
-2.917
-2.745
-2.745
-2.833
-2.924
-2.966
-2.926
-2.853
-2.896
-3.201
-3.658
-3.987
-4.08
-4.033
-3.922
-3.84
-3.785
-3.672
-3.523
-3.486
-3.557
-3.59
-3.531
-3.463
-3.407
-3.243
-2.778
-2.089
-1.42
-0.839
-0.292
0.174
0.492
0.703
0.905
1.111
1.368
1.769
2.32
2.862
3.271
3.631
4.053
4.566
5.115
5.634
6.124
6.601
6.9
6.855
6.58
6.369
6.324
6.351
6.319
6.149
5.913
5.813
5.868
5.906
5.809
5.738
5.839
5.99
6.029
5.974
6.049
6.353
6.78
7.104
7.19
7.016
6.739
6.514
6.288
5.875
5.253
4.643
4.189
3.736
3.094
2.304
1.619
1.1
0.712
0.413
0.208
0.122
0.074
-0.113
-0.488
-0.932
-1.197
-1.181
-1.036
-0.939
-0.812
-0.417
0.268
0.932
1.336
1.59
1.819
1.962
1.933
1.832
1.772
1.819
1.982
2.141
2.218
2.273
2.497
3.041
3.713
4.189
4.516
4.922
5.396
5.711
5.745
5.577
5.409
5.387
5.435
5.507
5.691
6.131
6.789
7.395
7.678
7.78
8.043
8.492
8.935
9.18
9.261
9.47
9.994
10.581
10.763
10.366
9.712
9.263
9.154
9.15
9.188
9.352
9.577
9.711
9.744
9.819
10.035
10.348
10.629
10.72
10.507
10.107
9.826
9.799
9.771
9.531
9.136
8.744
8.372
8
7.587
7.156
6.786
6.548
6.449
6.401
6.31
6.108
5.655
4.958
4.355
4.174
4.373
4.648
4.7
4.441
4.085
3.953
4.11
4.216
4.094
4.114
4.602
5.315
5.786
6.038
6.471
7.134
7.624
7.837
8.147
8.726
9.441
10.13
10.67
11.01
11.144
11.076
10.904
10.692
10.409
10.073
9.912
10.06
10.3
10.305
10.114
10.023
10.035
9.885
9.633
9.629
9.926
10.237
10.486
10.942
11.625
11.981
11.602
10.765
10.01
9.495
9.148
9.068
9.352
9.647
9.515
8.962
8.324
7.776
7.201
6.682
6.421
6.322
6.22
6.188
6.317
6.412
6.265
5.997
5.929
6.063
6.108
6.065
6.274
6.791
7.193
7.268
7.34
7.71
8.043
7.796
7.07
6.503
6.46
6.623
6.483
5.936
5.267
4.802
4.627
4.638
4.668
4.62
4.552
4.627
4.886
5.14
5.235
5.212
5.113
4.89
4.636
4.623
5.074
5.779
6.376
6.646
6.721
6.837
7.038
7.081
6.834
6.478
6.233
6.095
5.99
5.877
5.668
5.312
4.849
4.287
3.638
3.051
2.665
2.434
2.2
2.007
2.193
2.887
3.765
4.335
4.346
4.019
3.847
4.044
4.425
4.7
4.795
4.87
4.983
4.956
4.695
4.459
4.432
4.416
4.16
3.681
3.162
2.738
2.488
2.427
2.513
2.797
3.325
3.956
4.377
4.452
4.314
4.201
4.203
4.182
4.062
4.044
4.384
5.004
5.593
6.02
6.401
6.671
6.548
5.938
5.155
4.652
4.566
4.684
4.686
4.48
4.226
4.067
3.886
3.497
2.978
2.556
2.486
2.722
3.035
3.339
3.725
4.212
4.682
5.056
5.385
5.793
6.342
6.923
7.397
7.744
8
8.134
8.073
7.739
7.188
6.576
6.088
5.852
5.92
6.301
6.893
7.469
7.698
7.59
7.476
7.624
7.934
8.159
8.245
8.454
9.039
9.794
10.194
10.1
9.86
9.667
9.409
8.982
8.531
8.243
8.082
7.914
7.71
7.485
7.27
7.149
7.032
6.705
6.226
5.818
5.559
5.321
4.956
4.486
4.051
3.681
3.28
2.724
2.175
1.955
2.127
2.406
2.529
2.522
2.531
2.558
2.406
2.03
1.724
1.776
2.18
2.724
3.309
3.956
4.654
5.201
5.401
5.294
5.063
4.797
4.527
4.278
4.087
4.019
4.083
4.142
3.983
3.611
3.178
2.781
2.434
2.239
2.216
2.25
2.304
2.447
2.588
2.488
2.107
1.733
1.549
1.445
1.329
1.282
1.365
1.578
1.835
1.989
1.962
1.773
1.628
1.624
1.678
1.576
1.288
0.977
0.705
0.349
-0.111
-0.597
-1.064
-1.547
-2.048
-2.506
-2.885
-3.184
-3.384
-3.513
-3.613
-3.647
-3.565
-3.429
-3.289
-3.189
-3.098
-2.994
-2.921
-2.921
-2.901
-2.817
-2.683
-2.524
-2.302
-1.951
-1.536
-1.202
-0.907
-0.528
-0.238
-0.39
-1.059
-1.887
-2.543
-2.971
-3.202
-3.255
-3.146
-2.951
-2.719
-2.536
-2.493
-2.579
-2.699
-2.79
-2.808
-2.715
-2.49
-2.073
-1.483
-0.925
-0.617
-0.54
-0.456
-0.263
-0.068
-0.054
-0.206
-0.317
-0.227
0.047
0.476
0.959
1.236
1.1
0.676
0.256
0.022
-0.156
-0.451
-0.848
-1.243
-1.658
-2.141
-2.681
-3.191
-3.677
-4.158
-4.57
-4.833
-4.976
-5.14
-5.448
-5.886
-6.278
-6.376
-6.036
-5.346
-4.579
-3.835
-3.126
-2.54
-2.205
-2.107
-2.17
-2.356
-2.69
-3.075
-3.328
-3.441
-3.541
-3.729
-3.942
-4.087
-4.25
-4.63
-5.303
-6.059
-6.576
-6.728
-6.51
-5.979
-5.294
-4.677
-4.291
-4.178
-4.275
-4.459
-4.63
-4.72
-4.704
-4.521
-3.987
-3.126
-2.275
-1.765
-1.517
-1.334
-1.121
-0.862
-0.626
-0.492
-0.524
-0.628
-0.698
-0.785
-1.023
-1.415
-1.905
-2.436
-3.019
-3.552
-3.745
-3.429
-2.933
-2.776
-3.033
-3.318
-3.377
-3.434
-3.79
-4.38
-4.827
-4.936
-4.791
-4.539
-4.332
-4.377
-4.772
-5.414
-6.07
-6.442
-6.428
-6.183
-5.979
-5.952
-6.018
-6.033
-5.943
-5.918
-6.199
-6.755
-7.254
-7.39
-7.276
-7.227
-7.331
-7.408
-7.379
-7.453
-7.751
-8.139
-8.458
-8.721
-8.923
-9.016
-8.951
-8.687
-8.315
-8.086
-8.166
-8.392
-8.395
-8.075
-7.664
-7.385
-7.217
-6.981
-6.617
-6.276
-6.059
-5.92
-5.87
-5.933
-6.097
-6.186
-6.079
-5.888
-5.816
-5.899
-6.077
-6.301
-6.516
-6.703
-6.927
-7.217
-7.392
-7.213
-6.755
-6.367
-6.281
-6.365
-6.408
-6.41
-6.365
-6.222
-6.038
-5.945
-5.943
-5.925
-5.788
-5.462
-5.051
-4.827
-4.947
-5.337
-5.718
-5.872
-5.845
-5.827
-5.936
-6.097
-6.174
-6.197
-6.224
-6.281
-6.462
-6.796
-7.107
-7.27
-7.317
-7.383
-7.63
-8.032
-8.379
-8.549
-8.56
-8.522
-8.501
-8.469
-8.365
-8.186
-8.007
-7.868
-7.737
-7.669
-7.766
-8.025
-8.293
-8.39
-8.29
-8.052
-7.71
-7.322
-6.993
-6.764
-6.573
-6.467
-6.464
-6.476
-6.358
-6.138
-5.99
-6.011
-6.165
-6.315
-6.48
-6.75
-7.022
-7.108
-7.011
-6.902
-6.85
-6.728
-6.365
-5.825
-5.355
-5.099
-4.797
-4.112
-3.146
-2.257
-1.501
-0.712
0.115
0.703
0.755
0.229
-0.571
-1.191
-1.524
-1.76
-1.928
-1.866
-1.395
-0.603
0.12
0.354
0.108
-0.224
-0.451
-0.796
-1.427
-2.05
-2.191
-1.715
-1.012
-0.556
-0.395
-0.249
-0.054
0.013
-0.059
0.141
0.987
2.164
2.962
3.082
2.735
2.175
1.413
0.367
-0.886
-1.899
-2.322
-2.293
-2.345
-2.805
-3.616
-4.509
-5.376
-6.249
-7.018
-7.324
-6.911
-6.029
-5.282
-5.053
-5.151
-5.267
-5.525
-6.269
-7.431
-8.365
-8.433
-7.667
-6.682
-6
-5.671
-5.484
-5.435
-5.621
-5.95
-6.111
-5.845
-5.203
-4.579
-4.314
-4.343
-4.38
-4.493
-4.986
-5.836
-6.519
-6.591
-6.183
-5.702
-5.315
-4.958
-4.657
-4.577
-4.938
-5.718
-6.591
-7.181
-7.272
-6.954
-6.378
-5.641
-4.895
-4.496
-4.784
-5.834
-7.261
-8.368
-8.844
-8.878
-8.739
-8.456
-8.013
-7.605
-7.522
-7.862
-8.417
-8.964
-9.315
-9.4
-9.187
-8.667
-7.934
-7.256
-6.959
-7.163
-7.662
-8.154
-8.554
-8.928
-9.211
-9.177
-8.61
-7.644
-6.789
-6.446
-6.646
-7.213
-7.886
-8.458
-8.769
-8.705
-8.27
-7.723
-7.437
-7.528
-7.771
-7.953
-8.084
-8.191
-8.159
-7.825
-7.193
-6.457
-5.839
-5.489
-5.478
-5.664
-5.748
-5.575
-5.248
-4.929
-4.661
-4.448
-4.38
-4.545
-4.986
-5.65
-6.442
-7.186
-7.691
-7.794
-7.451
-6.864
-6.342
-6.072
-6.065
-6.285
-6.673
-7.188
-7.696
-8.077
-8.324
-8.379
-8.234
-8.077
-8.088
-8.288
-8.644
-9.188
-9.932
-10.785
-11.584
-12.176
-12.575
-12.861
-13.018
-13.024
-13.063
-13.396
-14.04
-14.737
-15.168
-15.247
-15.136
-15.016
-14.914
-14.794
-14.703
-14.707
-14.782
-14.857
-14.823
-14.489
-13.784
-12.929
-12.199
-11.566
-10.897
-10.307
-9.999
-9.88
-9.692
-9.345
-9.003
-8.749
-8.495
-8.17
-7.855
-7.651
-7.598
-7.748
-8.054
-8.202
-7.864
-7.127
-6.324
-5.641
-5.01
-4.473
-4.162
-3.931
-3.438
-2.602
-1.669
-0.859
-0.097
0.732
1.463
1.81
1.773
1.554
1.302
1.091
0.948
0.925
1.086
1.404
1.731
1.832
1.554
0.898
0.029
-0.819
-1.542
-2.168
-2.649
-2.765
-2.495
-2.198
-2.257
-2.606
-2.908
-3.053
-3.187
-3.339
-3.382
-3.328
-3.382
-3.64
-4.017
-4.491
-5.147
-5.932
-6.555
-6.852
-6.9
-6.725
-6.288
-5.779
-5.521
-5.618
-5.92
-6.247
-6.542
-6.8
-6.984
-7.077
-7.165
-7.344
-7.583
-7.751
-7.862
-8.007
-8.173
-8.261
-8.266
-8.088
-7.587
-6.814
-6.026
-5.423
-4.945
-4.387
-3.749
-3.284
-3.148
-3.259
-3.468
-3.754
-4.144
-4.507
-4.691
-4.775
-4.833
-4.729
-4.303
-3.67
-3.012
-2.341
-1.637
-1.077
-0.758
-0.553
-0.333
-0.206
-0.358
-0.719
-1.043
-1.159
-1.127
-1.066
-1.036
-1.073
-1.204
-1.379
-1.536
-1.681
-1.855
-1.966
-1.887
-1.658
-1.409
-1.143
-0.807
-0.54
-0.608
-0.95
-1.227
-1.238
-1.125
-1.07
-1.043
-0.898
-0.576
-0.22
-0.068
-0.224
-0.506
-0.687
-0.732
-0.744
-0.683
-0.447
-0.068
0.29
0.506
0.59
0.669
0.841
1.007
0.998
0.834
0.701
0.703
0.73
0.631
0.422
0.283
0.288
0.336
0.263
0.079
-0.136
-0.451
-0.971
-1.701
-2.418
-2.799
-2.747
-2.506
-2.354
-2.275
-2.152
-2.118
-2.4
-3.019
-3.733
-4.287
-4.643
-4.97
-5.405
-5.77
-5.82
-5.684
-5.664
-5.748
-5.764
-5.714
-5.725
-5.745
-5.714
-5.634
-5.414
-5.085
-4.883
-4.854
-4.736
-4.412
-4.083
-3.908
-3.697
-3.144
-2.275
-1.558
-1.388
-1.585
-1.606
-1.324
-1.132
-1.177
-1.1
-0.646
0.009
0.605
1.118
1.753
2.604
3.45
4.035
4.428
4.863
5.455
6.12
6.698
7.074
7.208
7.149
6.882
6.333
5.652
5.065
4.725
4.638
4.84
5.344
6.067
6.778
7.143
7.063
6.841
6.871
7.104
7.143
6.798
6.351
6.093
5.913
5.5
4.768
3.956
3.275
2.658
1.985
1.413
1.204
1.365
1.619
1.656
1.447
1.29
1.295
1.304
1.234
1.102
1.005
1.082
1.347
1.687
2.019
2.375
2.711
2.994
3.293
3.645
3.913
4.049
4.244
4.568
4.956
5.367
5.757
5.881
5.575
5.124
4.963
5.133
5.394
5.6
5.852
6.124
6.147
5.943
5.816
5.945
6.163
6.233
6.088
5.836
5.566
5.387
5.367
5.453
5.514
5.473
5.33
5.106
4.87
4.74
4.89
5.36
5.972
6.503
6.834
6.911
6.662
6.099
5.351
4.589
3.847
3.126
2.443
1.758
1.032
0.388
-0.068
-0.369
-0.676
-1.121
-1.608
-1.975
-2.221
-2.456
-2.717
-2.937
-3.057
-3.196
-3.507
-3.928
-4.23
-4.321
-4.291
-4.128
-3.774
-3.37
-3.134
-3.123
-3.126
-2.965
-2.681
-2.452
-2.37
-2.352
-2.361
-2.456
-2.695
-3.112
-3.629
-3.965
-3.944
-3.751
-3.65
-3.511
-3.051
-2.332
-1.646
-1.129
-0.669
-0.197
0.208
0.488
0.592
0.635
0.762
0.995
1.322
1.876
2.735
3.699
4.607
5.643
6.82
7.683
7.953
7.837
7.519
7.077
6.641
6.294
6.045
5.993
6.06
5.852
5.242
4.645
4.468
4.477
4.298
3.946
3.711
3.733
3.974
4.255
4.452
4.548
4.511
4.275
3.899
3.513
3.166
2.86
2.595
2.356
2.159
2.044
1.907
1.495
0.66
-0.435
-1.454
-2.184
-2.631
-3.041
-3.686
-4.545
-5.387
-6.142
-6.918
-7.676
-8.272
-8.637
-8.703
-8.406
-7.771
-7.056
-6.508
-6.104
-5.82
-5.679
-5.664
-5.684
-5.603
-5.24
-4.555
-3.767
-3.116
-2.658
-2.293
-2.048
-2.062
-2.261
-2.372
-2.13
-1.572
-1.036
-0.712
-0.429
0.04
0.628
1.116
1.313
1.254
1.1
1.057
1.27
1.715
2.338
3.241
4.462
5.718
6.635
7.215
7.751
8.427
9.154
9.656
9.971
10.377
10.906
11.18
11.049
10.756
10.559
10.418
10.093
9.447
8.572
7.785
7.315
6.998
6.55
5.954
5.376
4.745
3.817
2.599
1.443
0.698
0.356
0.141
-0.108
-0.256
-0.043
0.429
0.678
0.385
-0.161
-0.467
-0.429
-0.326
-0.272
-0.034
0.58
1.282
1.594
1.302
0.687
0.147
-0.29
-0.789
-1.157
-0.971
-0.256
0.481
0.821
0.785
0.631
0.506
0.524
0.792
1.315
2.032
3.005
4.325
5.834
7.154
7.984
8.361
8.438
8.365
8.297
8.447
8.948
9.747
10.665
11.575
12.389
12.961
13.16
12.94
12.453
12.108
12.226
12.689
13.19
13.514
13.442
12.843
11.781
10.375
8.78
7.201
5.825
4.799
4.194
4.01
4.074
4.024
3.584
2.81
1.935
1.132
0.483
0.05
-0.159
-0.12
0.093
0.22
-0.052
-0.914
-2.218
-3.525
-4.525
-5.162
-5.473
-5.464
-5.117
-4.638
-4.541
-5.165
-6.301
-7.41
-8.245
-8.937
-9.483
-9.622
-9.234
-8.578
-8.046
-7.782
-7.671
-7.59
-7.46
-7.152
-6.673
-6.138
-5.516
-4.74
-3.91
-3.182
-2.624
-2.279
-2.216
-2.266
-2.159
-1.812
-1.356
-0.891
-0.379
0.268
1.025
1.715
2.2
2.515
2.742
2.894
3.046
3.237
3.359
3.302
3.139
3.003
2.846
2.588
2.338
2.263
2.291
2.282
2.239
2.327
2.692
3.225
3.684
3.935
4.04
4.14
4.364
4.532
4.362
3.997
3.863
4.033
4.212
4.25
4.246
4.187
3.917
3.504
3.18
3.166
3.391
3.634
3.806
3.979
4.121
4.153
4.08
3.985
3.84
3.575
3.225
2.958
2.846
2.801
2.769
2.808
2.878
2.896
2.853
2.908
3.128
3.364
3.554
3.853
4.369
4.96
5.414
5.748
6.19
6.786
7.317
7.676
7.837
7.737
7.401
6.963
6.494
5.993
5.528
5.208
5.001
4.731
4.316
3.881
3.597
3.507
3.504
3.557
3.743
4.062
4.364
4.545
4.652
4.743
4.758
4.613
4.38
4.23
4.169
4.126
4.169
4.38
4.736
5.115
5.339
5.301
5.135
4.992
4.922
4.899
4.815
4.509
4.037
3.609
3.223
2.719
2.187
1.842
1.753
1.717
1.51
1.22
1.125
1.27
1.476
1.606
1.701
1.919
2.188
2.282
2.05
1.664
1.365
1.098
0.687
0.149
-0.31
-0.56
-0.598
-0.603
-0.669
-0.624
-0.29
0.149
0.252
-0.081
-0.535
-0.787
-0.903
-1.161
-1.658
-2.207
-2.572
-2.719
-2.792
-2.896
-2.876
-2.599
-2.161
-1.846
-1.819
-1.955
-2.044
-2.048
-2.114
-2.279
-2.431
-2.436
-2.361
-2.352
-2.506
-2.724
-2.894
-3.007
-3.116
-3.262
-3.277
-3.019
-2.565
-2.143
-1.882
-1.69
-1.508
-1.451
-1.572
-1.731
-1.708
-1.383
-0.834
-0.274
0.195
0.637
1.077
1.485
1.817
2.107
2.522
3.15
3.835
4.416
4.788
4.933
4.931
4.874
4.743
4.509
4.25
4.14
4.237
4.38
4.387
4.301
4.289
4.303
4.198
3.904
3.466
3.057
2.79
2.617
2.483
2.35
2.168
1.862
1.32
0.58
-0.19
-0.95
-1.694
-2.366
-2.839
-3.064
-3.064
-2.973
-2.946
-3.116
-3.402
-3.559
-3.534
-3.436
-3.311
-3.057
-2.651
-2.188
-1.88
-1.801
-1.785
-1.715
-1.678
-1.724
-1.783
-1.751
-1.445
-0.871
-0.245
0.177
0.356
0.476
0.719
1.08
1.574
2.366
3.463
4.593
5.457
5.918
6.131
6.322
6.508
6.637
6.703
6.802
7.17
7.912
8.76
9.375
9.674
9.93
10.302
10.59
10.536
10.264
10.055
9.953
9.842
9.67
9.513
9.404
9.2
8.753
8.132
7.567
7.222
7.047
6.832
6.467
6.031
5.639
5.258
4.743
4.01
3.23
2.706
2.477
2.341
2.18
2.032
1.946
1.876
1.667
1.256
0.785
0.478
0.333
0.093
-0.299
-0.564
-0.56
-0.567
-0.891
-1.499
-2.134
-2.568
-2.706
-2.597
-2.393
-2.216
-2.116
-2.118
-2.188
-2.277
-2.382
-2.59
-2.878
-3.139
-3.291
-3.35
-3.38
-3.531
-3.983
-4.693
-5.301
-5.525
-5.476
-5.539
-5.865
-6.19
-6.142
-5.716
-5.201
-4.881
-4.797
-4.931
-5.194
-5.328
-5.176
-4.883
-4.613
-4.482
-4.675
-5.319
-6.308
-7.242
-7.755
-7.973
-8.184
-8.177
-7.395
-5.911
-4.607
-4.119
-4.151
-4.171
-4.221
-4.532
-4.886
-4.836
-4.291
-3.67
-3.541
-3.899
-4.065
-3.79
-3.616
-3.924
-4.425
-4.809
-4.838
-4.316
-3.456
-2.805
-2.531
-2.336
-2.034
-1.783
-1.79
-1.885
-1.529
-0.54
0.279
0.088
-0.753
-1.354
-1.853
-3.014
-4.579
-5.426
-5.217
-4.765
-4.664
-4.516
-3.946
-3.384
-3.493
-4.192
-5.001
-5.772
-6.51
-6.871
-6.617
-6.108
-5.609
-4.992
-4.516
-4.895
-6.204
-7.503
-7.986
-7.812
-7.59
-7.32
-6.415
-4.922
-3.731
-3.411
-3.629
-3.842
-4.017
-4.394
-4.895
-5.115
-4.87
-4.387
-3.879
-3.268
-2.633
-2.248
-2.236
-2.359
-2.286
-1.851
-1.009
0.188
1.558
2.572
2.774
2.332
1.742
1.193
0.669
0.333
0.433
0.984
1.699
2.3
2.79
3.201
3.302
3.055
2.858
2.937
3.094
3.198
3.547
4.192
4.566
4.273
3.588
2.885
2.026
0.891
-0.09
-0.308
0.206
0.885
1.234
1.186
0.766
-0.056
-1.186
-2.261
-3.003
-3.316
-3.173
-2.658
-2.188
-2.107
-2.368
-2.706
-3.001
-3.284
-3.575
-3.715
-3.513
-3.078
-2.774
-2.711
-2.638
-2.409
-2.295
-2.572
-3.005
-3.126
-2.828
-2.47
-2.39
-2.595
-2.973
-3.452
-3.87
-4.021
-3.89
-3.57
-3.141
-2.602
-1.937
-1.229
-0.628
-0.256
-0.145
-0.213
-0.295
-0.122
0.435
1.188
1.762
2.023
2.216
2.438
2.472
2.191
1.799
1.588
1.59
1.726
2.089
2.774
3.575
4.196
4.561
4.736
4.74
4.586
4.366
4.239
4.198
4.142
4.112
4.174
4.244
4.282
4.33
4.384
4.376
4.278
4.194
4.278
4.443
4.504
4.45
4.405
4.409
4.343
4.126
3.751
3.25
2.719
2.279
1.903
1.476
1.036
0.758
0.676
0.735
0.941
1.34
1.953
2.683
3.339
3.708
3.738
3.62
3.622
3.722
3.62
3.309
3.189
3.42
3.674
3.729
3.754
3.89
3.933
3.767
3.65
3.811
4.124
4.475
4.986
5.686
6.392
6.932
7.304
7.489
7.426
7.147
6.802
6.562
6.487
6.553
6.744
7.027
7.274
7.304
7.107
6.78
6.392
5.95
5.476
5.108
5.079
5.373
5.757
6.052
6.254
6.281
6.122
5.929
5.875
5.932
5.977
6.026
6.151
6.335
6.487
6.483
6.288
6.036
5.933
5.92
5.777
5.564
5.564
5.884
6.276
6.501
6.521
6.478
6.437
6.315
6.047
5.943
6.328
7.088
7.773
8.039
7.912
7.725
7.683
7.687
7.608
7.594
7.989
8.805
9.551
9.853
9.801
9.622
9.334
8.819
8.191
7.723
7.524
7.474
7.51
7.671
7.957
8.397
8.989
9.424
9.309
8.583
7.748
7.338
7.431
7.762
8.254
8.855
9.315
9.413
9.214
8.907
8.71
8.656
8.71
8.971
9.599
10.502
11.273
11.473
11.019
10.395
10.107
10.087
10.005
9.76
9.524
9.291
8.993
8.771
8.715
8.71
8.676
8.612
8.542
8.472
8.429
8.458
8.572
8.592
8.386
8.091
7.885
7.676
7.308
6.877
6.641
6.682
6.796
6.827
6.861
6.993
7.145
7.195
7.143
7.077
7.027
6.85
6.573
6.328
6.106
5.85
5.514
5.033
4.441
3.883
3.529
3.552
3.908
4.312
4.613
4.84
5.126
5.577
6.199
6.816
7.234
7.235
6.9
6.612
6.705
7.12
7.474
7.53
7.349
7.095
6.837
6.566
6.333
6.174
6.101
6.129
6.294
6.56
6.766
6.793
6.766
6.839
6.973
7.102
7.227
7.281
7.086
6.589
5.95
5.473
5.385
5.562
5.72
5.63
5.351
5.14
5.201
5.5
5.816
5.933
5.788
5.482
5.174
5.017
5.067
5.158
5.165
5.099
4.97
4.768
4.527
4.26
3.979
3.772
3.715
3.79
3.863
3.838
3.783
3.795
3.881
4.017
4.162
4.135
3.831
3.257
2.479
1.671
1.043
0.703
0.601
0.631
0.819
1.209
1.746
2.35
2.962
3.495
3.874
4.047
4.049
4.042
4.208
4.489
4.7
4.865
5.119
5.364
5.401
5.158
4.763
4.359
4.008
3.695
3.459
3.37
3.463
3.69
3.922
4.042
4.021
3.872
3.765
3.856
4.146
4.648
5.371
6.265
7.138
7.832
8.374
8.88
9.293
9.517
9.597
9.626
9.613
9.55
9.424
9.157
8.685
8.102
7.585
7.227
6.864
6.415
6.074
6.049
6.26
6.344
6.176
5.961
5.868
5.847
5.877
5.932
5.933
5.811
5.512
4.983
4.341
3.91
3.853
4.04
4.377
4.856
5.349
5.704
5.918
6.029
6.079
6.165
6.342
6.51
6.521
6.358
6.228
6.283
6.383
6.367
6.292
6.206
5.947
5.362
4.602
4.094
4.062
4.33
4.604
4.836
5.081
5.398
5.775
6.086
6.179
6.161
6.138
6.133
6.056
5.925
5.87
5.977
6.254
6.607
6.918
7.095
7.134
7.059
6.837
6.439
5.877
5.255
4.67
4.026
3.268
2.551
2.094
1.871
1.592
1.05
0.295
-0.46
-0.966
-0.973
-0.485
-0.018
-0.02
-0.238
-0.054
0.417
0.367
-0.385
-0.959
-0.725
-0.107
0.165
-0.022
-0.199
-0.118
-0.079
-0.324
-0.61
-0.68
-0.732
-1.127
-1.794
-2.322
-2.543
-2.667
-2.93
-3.4
-3.985
-4.475
-4.67
-4.548
-4.301
-4.028
-3.527
-2.729
-2.034
-1.814
-1.799
-1.517
-1.054
-0.812
-0.873
-0.839
-0.447
0.043
0.258
0.168
-0.013
-0.136
-0.222
-0.374
-0.696
-1.073
-1.177
-0.907
-0.551
-0.354
-0.211
0.036
0.252
0.168
-0.274
-0.762
-1.007
-0.991
-0.916
-0.927
-1.016
-1.129
-1.302
-1.692
-2.307
-2.869
-3.03
-2.753
-2.37
-2.102
-1.921
-1.755
-1.699
-1.876
-2.277
-2.685
-2.831
-2.622
-2.236
-1.907
-1.721
-1.663
-1.649
-1.746
-2.014
-2.441
-2.946
-3.352
-3.536
-3.429
-3.089
-2.733
-2.57
-2.681
-2.969
-3.38
-3.924
-4.489
-4.818
-4.797
-4.514
-4.053
-3.502
-2.973
-2.561
-2.356
-2.536
-3.103
-3.72
-3.933
-3.69
-3.323
-3.137
-3.1
-3.092
-3.157
-3.391
-3.874
-4.482
-4.886
-4.809
-4.268
-3.599
-3.137
-2.985
-3.078
-3.382
-3.767
-4.006
-3.919
-3.631
-3.411
-3.243
-2.914
-2.406
-1.996
-1.923
-2.082
-2.279
-2.424
-2.586
-2.803
-2.93
-2.783
-2.55
-2.568
-2.969
-3.581
-4.185
-4.713
-5.142
-5.453
-5.582
-5.5
-5.253
-5.076
-5.097
-5.217
-5.299
-5.385
-5.541
-5.648
-5.541
-5.248
-4.97
-4.854
-4.856
-4.945
-5.228
-5.829
-6.573
-7.12
-7.358
-7.302
-6.986
-6.512
-6.093
-5.904
-5.911
-6.029
-6.26
-6.587
-6.766
-6.598
-6.249
-6.013
-5.956
-5.947
-5.984
-6.194
-6.621
-7.077
-7.429
-7.703
-7.975
-8.136
-8.036
-7.673
-7.299
-7.165
-7.333
-7.558
-7.476
-7.032
-6.476
-6.056
-5.691
-5.206
-4.659
-4.405
-4.638
-5.131
-5.503
-5.666
-5.859
-6.122
-6.296
-6.369
-6.528
-6.855
-7.227
-7.463
-7.537
-7.544
-7.571
-7.601
-7.54
-7.288
-6.85
-6.396
-6.149
-6.108
-6.083
-5.886
-5.546
-5.258
-5.065
-4.874
-4.677
-4.582
-4.668
-4.942
-5.367
-5.868
-6.31
-6.528
-6.48
-6.328
-6.167
-6.12
-6.278
-6.651
-7.12
-7.542
-7.916
-8.39
-8.973
-9.37
-9.348
-9.005
-8.61
-8.413
-8.436
-8.57
-8.821
-9.184
-9.502
-9.622
-9.602
-9.617
-9.767
-9.867
-9.744
-9.595
-9.695
-9.978
-10.216
-10.155
-9.715
-9.078
-8.51
-8.207
-8.139
-8.07
-7.848
-7.483
-7.093
-6.861
-6.793
-6.698
-6.433
-6.063
-5.718
-5.462
-5.357
-5.444
-5.711
-5.95
-5.918
-5.573
-5.028
-4.455
-3.919
-3.391
-2.815
-2.268
-1.882
-1.78
-1.808
-1.685
-1.261
-0.712
-0.213
0.261
0.834
1.458
1.939
2.154
2.243
2.354
2.45
2.386
2.146
1.832
1.574
1.334
0.88
0.134
-0.658
-1.139
-1.268
-1.27
-1.268
-1.213
-1.109
-1.023
-0.957
-0.871
-0.8
-0.769
-0.759
-0.703
-0.635
-0.608
-0.605
-0.624
-0.71
-0.93
-1.279
-1.78
-2.368
-2.939
-3.407
-3.715
-3.881
-4.006
-4.226
-4.62
-5.192
-5.784
-6.21
-6.485
-6.734
-6.925
-6.866
-6.537
-6.183
-6.045
-6.079
-6.077
-6.015
-6.067
-6.312
-6.653
-6.909
-6.975
-6.879
-6.759
-6.725
-6.732
-6.705
-6.689
-6.802
-7.034
-7.215
-7.193
-6.902
-6.48
-6.101
-5.829
-5.686
-5.754
-6.042
-6.492
-6.909
-7.149
-7.292
-7.492
-7.751
-7.979
-8.075
-7.984
-7.814
-7.785
-7.995
-8.222
-8.166
-7.776
-7.331
-7.115
-7.129
-7.199
-7.283
-7.369
-7.417
-7.44
-7.499
-7.558
-7.465
-7.222
-6.929
-6.691
-6.617
-6.768
-7.095
-7.39
-7.437
-7.224
-6.92
-6.8
-7
-7.34
-7.535
-7.447
-7.252
-7.217
-7.342
-7.417
-7.302
-7
-6.635
-6.326
-6.183
-6.226
-6.344
-6.433
-6.412
-6.151
-5.711
-5.351
-5.237
-5.233
-5.099
-4.886
-4.865
-5.24
-5.857
-6.355
-6.542
-6.569
-6.718
-7.161
-7.762
-8.215
-8.406
-8.581
-8.946
-9.338
-9.57
-9.711
-9.953
-10.221
-10.311
-10.214
-10.119
-10.219
-10.445
-10.572
-10.536
-10.475
-10.634
-11.055
-11.532
-11.838
-12.049
-12.339
-12.798
-13.24
-13.408
-13.262
-12.981
-12.727
-12.462
-12.101
-11.763
-11.616
-11.67
-11.716
-11.593
-11.371
-11.205
-11.174
-11.137
-10.951
-10.74
-10.679
-10.772
-10.883
-10.847
-10.681
-10.547
-10.593
-10.756
-10.774
-10.477
-10.114
-9.989
-9.965
-9.701
-9.17
-8.576
-8.134
-7.88
-7.71
-7.556
-7.433
-7.379
-7.383
-7.365
-7.24
-7.054
-6.907
-6.825
-6.655
-6.301
-5.872
-5.618
-5.63
-5.709
-5.58
-5.181
-4.777
-4.563
-4.43
-4.128
-3.624
-3.132
-2.824
-2.647
-2.461
-2.198
-1.907
-1.701
-1.594
-1.549
-1.467
-1.376
-1.347
-1.336
-1.145
-0.739
-0.47
-0.649
-1.181
-1.708
-2.009
-2.239
-2.665
-3.228
-3.593
-3.559
-3.291
-3.123
-3.171
-3.293
-3.366
-3.391
-3.55
-3.935
-4.303
-4.389
-4.332
-4.434
-4.825
-5.385
-5.968
-6.544
-7.095
-7.537
-7.758
-7.748
-7.664
-7.664
-7.748
-7.789
-7.755
-7.735
-7.85
-8.161
-8.576
-8.914
-9.127
-9.336
-9.509
-9.517
-9.39
-9.293
-9.123
-8.701
-8.161
-7.812
-7.617
-7.281
-6.809
-6.433
-6.249
-6.235
-6.22
-6.02
-5.711
-5.546
-5.466
-5.174
-4.525
-3.704
-2.999
-2.529
-2.109
-1.56
-1.048
-0.934
-1.218
-1.454
-1.342
-1.016
-0.671
-0.354
-0.068
0.147
0.258
0.193
-0.181
-0.844
-1.526
-1.828
-1.604
-1.046
-0.512
-0.261
-0.317
-0.631
-1.168
-1.862
-2.565
-3.075
-3.194
-2.872
-2.191
-1.318
-0.551
-0.222
-0.403
-0.776
-1.061
-1.175
-1.039
-0.662
-0.229
-0.1
-0.379
-0.776
-1.03
-1.193
-1.245
-1.016
-0.574
-0.12
0.317
0.823
1.225
1.127
0.553
-0.022
-0.242
-0.136
0.174
0.621
1.134
1.628
2.007
2.157
2.068
1.726
1.252
0.828
0.444
-0.052
-0.612
-0.919
-0.771
-0.576
-0.878
-1.699
-2.611
-3.35
-3.997
-4.768
-5.639
-6.224
-6.197
-5.625
-4.94
-4.604
-4.765
-5.212
-5.696
-6.124
-6.505
-6.68
-6.503
-6.099
-5.754
-5.645
-5.689
-5.686
-5.618
-5.671
-5.929
-6.158
-6.111
-5.73
-5.135
-4.484
-3.926
-3.547
-3.5
-3.813
-4.285
-4.611
-4.611
-4.462
-4.371
-4.303
-4.024
-3.513
-2.912
-2.329
-1.572
-0.422
1.102
2.683
3.935
4.668
4.938
4.913
4.786
4.731
4.849
5.133
5.643
6.439
7.358
8.104
8.606
8.948
9.027
8.536
7.535
6.598
6.131
6.067
6.165
6.335
6.521
6.594
6.464
6.308
6.394
6.718
7.186
7.816
8.513
8.919
8.796
8.22
7.415
6.532
5.625
4.779
4.094
3.602
3.248
2.912
2.463
1.896
1.32
0.782
0.27
-0.141
-0.213
0.247
1.163
2.268
3.273
3.908
4.058
3.77
3.216
2.581
2.053
1.894
2.404
3.463
4.498
5.049
5.172
5.115
4.94
4.643
4.221
3.79
3.708
4.162
4.913
5.53
5.832
5.961
6.002
5.827
5.403
4.929
4.679
4.729
5.035
5.516
6.101
6.63
6.841
6.598
5.963
5.113
4.273
3.745
3.65
3.892
4.257
4.636
4.997
5.305
5.357
5.09
4.736
4.486
4.285
4.006
3.72
3.511
3.232
2.54
1.231
-0.358
-1.649
-2.216
-2.18
-1.937
-1.687
-1.295
-0.73
-0.333
-0.471
-1.173
-1.975
-2.384
-2.361
-2.229
-2.084
-1.801
-1.329
-0.932
-0.873
-1.139
-1.536
-1.894
-2.064
-1.923
-1.443
-0.61
0.506
1.54
2.105
2.191
2.053
1.81
1.322
0.615
-0.004
-0.235
-0.134
-0.045
-0.183
-0.508
-0.8
-0.816
-0.483
-0.011
0.361
0.574
0.732
0.88
0.939
0.844
0.671
0.578
0.619
0.796
1.023
1.356
1.953
2.828
3.602
3.935
3.924
3.826
3.733
3.593
3.307
2.908
2.479
2.148
2.026
1.93
1.499
0.664
-0.199
-0.719
-0.919
-0.995
-0.971
-0.776
-0.488
-0.265
-0.052
0.224
0.451
0.413
0.118
-0.193
-0.338
-0.224
0.193
0.814
1.422
1.899
2.32
2.729
3.094
3.311
3.246
2.892
2.418
1.951
1.536
1.22
0.975
0.683
0.29
-0.159
-0.551
-0.746
-0.798
-0.964
-1.345
-1.719
-1.79
-1.558
-1.29
-1.17
-1.173
-1.08
-0.624
0.165
0.882
1.193
1.17
1.068
0.987
0.873
0.671
0.533
0.61
0.766
0.771
0.603
0.292
-0.208
-0.837
-1.451
-2.064
-2.654
-3.003
-2.93
-2.654
-2.499
-2.384
-2.023
-1.461
-1.059
-0.953
-0.955
-0.81
-0.481
-0.007
0.694
1.705
2.756
3.497
3.879
4.096
4.377
4.806
5.278
5.605
5.73
5.732
5.6
5.246
4.668
3.962
3.239
2.658
2.356
2.329
2.49
2.778
3.134
3.486
3.872
4.316
4.763
5.076
5.126
5.06
5.19
5.582
6.036
6.333
6.358
6.147
5.754
5.264
4.886
4.77
4.913
5.262
5.759
6.294
6.662
6.737
6.569
6.247
5.768
5.169
4.645
4.343
4.264
4.253
4.162
3.999
3.849
3.761
3.665
3.489
3.316
3.368
3.758
4.373
4.999
5.45
5.666
5.795
5.956
6.158
6.337
6.492
6.687
6.927
7.19
7.558
8.093
8.615
8.771
8.531
8.134
7.832
7.712
7.635
7.392
6.9
6.294
5.811
5.518
5.233
4.813
4.405
4.246
4.412
4.757
5.117
5.421
5.539
5.317
4.761
4.021
3.291
2.835
2.665
2.468
1.962
1.245
0.653
0.263
-0.299
-1.259
-2.352
-3.243
-3.892
-4.377
-4.786
-5.199
-5.614
-5.956
-6.267
-6.671
-7.174
-7.601
-7.846
-8.009
-8.048
-7.766
-6.995
-5.897
-4.924
-4.348
-4.019
-3.665
-3.25
-2.894
-2.636
-2.488
-2.406
-2.354
-2.372
-2.52
-2.677
-2.656
-2.384
-1.996
-1.676
-1.492
-1.245
-0.83
-0.483
-0.406
-0.388
-0.165
0.227
0.53
0.608
0.612
0.882
1.526
2.293
2.856
3.155
3.321
3.511
3.729
3.874
3.897
3.917
3.992
3.987
3.715
3.268
2.962
2.853
2.726
2.475
2.284
2.483
3.105
3.72
4.049
4.387
5.004
5.671
6.018
5.956
5.777
5.718
5.566
4.926
3.872
2.985
2.683
2.828
2.987
3.128
3.554
4.389
5.305
5.938
6.174
6.181
6.294
6.589
6.812
6.839
6.943
7.397
8.007
8.397
8.404
8.252
8.37
8.712
8.737
8.243
7.68
7.51
7.56
7.496
7.235
6.843
6.439
6.19
6.106
5.922
5.512
5.115
4.96
4.947
4.859
4.752
4.758
4.754
4.486
4.071
3.917
4.117
4.268
3.992
3.402
2.769
2.188
1.61
0.939
0.247
-0.104
0.09
0.519
0.739
0.71
0.683
0.859
1.082
1.009
0.56
0.215
0.41
0.932
1.17
0.857
0.417
0.338
0.485
0.401
0.018
-0.329
-0.336
-0.022
0.308
0.31
0.007
-0.208
-0.17
-0.156
-0.299
-0.258
0.245
1.084
1.933
2.597
3.071
3.455
3.915
4.355
4.527
4.498
4.618
4.947
5.117
4.899
4.523
4.355
4.357
4.219
3.738
3.033
2.384
1.946
1.506
0.796
-0.163
-1.1
-1.88
-2.626
-3.459
-4.21
-4.568
-4.511
-4.402
-4.586
-5.069
-5.562
-5.911
-6.186
-6.578
-7.029
-7.229
-6.873
-6.169
-5.691
-5.723
-5.986
-6.081
-6.024
-6.122
-6.301
-6.077
-5.237
-4.244
-3.62
-3.346
-3.103
-2.783
-2.592
-2.701
-2.894
-2.647
-1.767
-0.551
0.558
1.304
1.724
2.078
2.558
3.107
3.595
4.244
5.378
6.913
8.32
9.18
9.497
9.499
9.315
8.848
8.12
7.53
7.499
7.939
8.404
8.483
8.095
7.476
6.789
5.956
4.938
3.974
3.398
3.311
3.362
3.112
2.497
1.674
0.707
-0.488
-1.88
-3.107
-3.785
-3.894
-3.788
-3.86
-4.18
-4.484
-4.688
-5.185
-6.163
-7.208
-7.696
-7.392
-6.605
-5.85
-5.33
-4.967
-4.686
-4.652
-4.897
-5.085
-4.811
-4.076
-3.241
-2.499
-1.751
-0.812
0.122
0.655
0.676
0.519
0.631
1.318
2.517
3.87
5.083
6.222
7.308
8.08
8.268
8.152
8.197
8.515
8.987
9.608
10.37
11.11
11.568
11.559
11.11
10.468
10.033
10.019
10.212
10.261
10.105
9.987
10.035
10.089
9.91
9.424
8.708
7.834
6.864
5.915
5.151
4.618
4.232
3.754
2.98
1.993
1.07
0.32
-0.238
-0.537
-0.54
-0.313
-0.018
0.081
-0.172
-0.714
-1.318
-1.737
-1.837
-1.685
-1.365
-1.012
-0.846
-0.98
-1.249
-1.388
-1.397
-1.588
-2.132
-2.799
-3.23
-3.359
-3.295
-3.198
-3.191
-3.284
-3.495
-3.915
-4.563
-5.285
-5.839
-5.981
-5.661
-5.004
-4.253
-3.622
-3.237
-3.153
-3.311
-3.432
-3.343
-3.092
-2.839
-2.765
-2.874
-3.012
-3.141
-3.328
-3.595
-3.892
-4.262
-4.797
-5.33
-5.616
-5.666
-5.732
-5.932
-6.147
-6.303
-6.456
-6.584
-6.564
-6.408
-6.238
-6.049
-5.711
-5.292
-5.06
-5.21
-5.634
-5.911
-5.748
-5.162
-4.412
-3.756
-3.456
-3.59
-3.892
-4.033
-3.942
-3.815
-3.865
-4.107
-4.418
-4.643
-4.657
-4.394
-3.983
-3.715
-3.819
-4.219
-4.597
-4.772
-4.754
-4.563
-4.128
-3.5
-2.758
-2.089
-1.676
-1.615
-1.772
-1.9
-1.835
-1.608
-1.392
-1.322
-1.379
-1.658
-2.18
-2.733
-3.017
-3.082
-3.246
-3.602
-4.01
-4.319
-4.436
-4.321
-4.037
-3.815
-3.824
-4.103
-4.53
-4.854
-4.906
-4.7
-4.371
-4.058
-3.892
-3.86
-3.935
-4.103
-4.371
-4.597
-4.561
-4.23
-3.833
-3.602
-3.484
-3.221
-2.633
-1.887
-1.322
-1.095
-1.179
-1.492
-1.866
-2.027
-1.819
-1.356
-0.898
-0.603
-0.401
-0.172
0.143
0.597
1.215
1.969
2.805
3.638
4.353
4.843
4.981
4.75
4.348
3.951
3.69
3.636
3.634
3.49
3.214
2.867
2.531
2.334
2.309
2.248
1.876
1.191
0.515
0.208
0.295
0.497
0.598
0.431
-0.111
-0.975
-1.9
-2.604
-3.044
-3.384
-3.711
-3.969
-4.096
-4.142
-4.194
-4.278
-4.323
-4.314
-4.364
-4.498
-4.636
-4.772
-5.053
-5.507
-5.929
-6.154
-6.238
-6.383
-6.655
-6.977
-7.211
-7.131
-6.596
-5.761
-4.895
-4.155
-3.523
-3.007
-2.658
-2.363
-1.844
-0.968
-0.004
0.712
1.15
1.588
2.209
2.808
3.141
3.343
3.686
4.099
4.319
4.357
4.557
5.085
5.759
6.383
6.968
7.564
8.048
8.318
8.427
8.454
8.445
8.449
8.461
8.415
8.275
8.147
8.2
8.438
8.61
8.497
8.202
8.007
7.807
7.344
6.707
6.199
5.888
5.512
4.892
4.18
3.597
3.021
2.266
1.383
0.551
-0.138
-0.689
-1.154
-1.517
-1.728
-1.71
-1.399
-0.875
-0.44
-0.347
-0.533
-0.782
-1.012
-1.293
-1.57
-1.717
-1.769
-1.96
-2.382
-2.808
-2.933
-2.747
-2.483
-2.229
-1.855
-1.306
-0.653
0.047
0.857
1.785
2.763
3.736
4.582
5.106
5.308
5.5
5.847
6.254
6.641
7.129
7.766
8.37
8.762
8.982
9.161
9.411
9.783
10.178
10.377
10.302
10.128
10.144
10.441
10.852
11.21
11.459
11.559
11.436
11.162
10.829
10.441
10.035
9.692
9.402
9.195
9.087
9.05
9.019
8.948
8.801
8.551
8.166
7.703
7.193
6.677
6.288
6.206
6.378
6.542
6.542
6.389
6.038
5.33
4.246
3.107
2.314
2.08
2.259
2.533
2.872
3.788
5.643
7.748
8.951
9.102
9.209
9.867
10.461
10.216
9.336
8.63
8.463
8.522
8.376
8.175
8.184
8.218
7.848
7.125
6.778
7.299
8.179
8.458
8.032
7.698
7.916
8.209
8.107
7.753
7.544
7.537
7.59
7.685
7.868
8.122
8.329
8.243
7.544
6.405
5.714
6.142
7.156
7.63
7.276
7.006
7.481
8.222
8.544
8.585
8.796
9.205
9.583
9.839
9.983
10.035
9.955
9.715
9.273
8.676
8.091
7.632
7.254
6.793
6.337
6.254
6.666
7.288
7.844
8.213
8.551
9.146
9.987
10.777
11.532
12.464
13.347
13.635
13.176
12.344
11.498
10.717
9.966
9.223
8.685
8.612
9
9.441
9.644
9.617
9.531
9.488
9.463
9.232
8.656
7.977
7.519
7.331
7.286
7.174
6.832
6.272
5.607
4.906
4.25
3.718
3.302
2.955
2.69
2.468
2.109
1.533
1.032
0.891
1.007
0.998
0.698
0.292
0.07
0.111
0.254
0.344
0.235
-0.122
-0.481
-0.558
-0.41
-0.258
-0.224
-0.211
-0.072
0.265
0.805
1.356
1.585
1.424
1.08
0.792
0.728
0.937
1.295
1.803
2.486
3.273
4.096
4.976
5.823
6.562
7.181
7.662
8.082
8.588
9.236
9.994
10.67
10.944
10.795
10.627
10.777
11.11
11.192
10.808
10.207
9.663
9.268
9.034
8.767
8.238
7.612
7.229
7.047
6.873
6.619
6.254
5.702
4.918
4.076
3.434
3.028
2.697
2.363
2.148
2.177
2.423
2.57
2.441
2.214
2.08
1.971
1.765
1.431
0.987
0.549
0.245
0.095
0.045
0.022
0.056
0.088
0.05
0.072
0.385
1.084
2.021
2.958
3.72
4.271
4.711
5.206
5.77
6.215
6.401
6.449
6.442
6.417
6.492
6.866
7.639
8.624
9.479
10.166
10.736
11.089
11.176
11.146
11.194
11.455
11.904
12.36
12.589
12.385
11.825
11.341
11.062
10.756
10.368
9.989
9.543
8.975
8.476
8.275
8.352
8.481
8.547
8.554
8.386
7.886
7.136
6.399
5.902
5.614
5.364
5.081
4.706
4.271
3.931
3.718
3.545
3.456
3.518
3.45
3.007
2.336
1.773
1.544
1.583
1.687
1.794
1.876
1.828
1.563
1.166
0.787
0.433
-0.022
-0.612
-1.095
-1.29
-1.186
-0.825
-0.261
0.415
1.039
1.445
1.663
1.844
2.064
2.345
2.66
2.996
3.37
3.674
3.761
3.622
3.396
3.178
2.996
2.797
2.536
2.25
1.998
1.719
1.438
1.202
0.93
0.631
0.406
0.351
0.388
0.415
0.474
0.553
0.494
0.197
-0.165
-0.336
-0.249
-0.113
-0.127
-0.143
0.047
0.34
0.399
0.138
-0.254
-0.592
-0.977
-1.536
-2.148
-2.62
-2.91
-3.074
-3.232
-3.45
-3.713
-3.946
-4.103
-4.112
-3.987
-3.706
-3.262
-2.715
-2.314
-2.216
-2.332
-2.423
-2.423
-2.443
-2.49
-2.372
-2.014
-1.604
-1.352
-1.272
-1.315
-1.451
-1.644
-1.821
-1.873
-1.826
-1.705
-1.488
-1.209
-1.048
-1.08
-1.175
-1.277
-1.51
-1.917
-2.286
-2.377
-2.161
-1.862
-1.653
-1.536
-1.447
-1.383
-1.352
-1.429
-1.674
-1.933
-1.912
-1.531
-0.991
-0.556
-0.317
-0.265
-0.478
-0.893
-1.152
-1.121
-1.059
-1.197
-1.438
-1.66
-1.907
-2.198
-2.402
-2.515
-2.713
-3.08
-3.434
-3.699
-4.049
-4.477
-4.738
-4.72
-4.557
-4.421
-4.353
-4.257
-4.015
-3.518
-2.885
-2.356
-1.964
-1.501
-1.048
-0.873
-1.121
-1.476
-1.492
-1.111
-0.8
-0.941
-1.438
-1.882
-2.118
-2.329
-2.76
-3.328
-3.765
-3.883
-3.824
-3.815
-3.79
-3.534
-3.196
-3.069
-3.137
-3.141
-2.948
-2.719
-2.586
-2.533
-2.461
-2.359
-2.318
-2.454
-2.758
-3.062
-3.235
-3.368
-3.613
-4.017
-4.4
-4.657
-4.89
-5.212
-5.532
-5.805
-6.12
-6.594
-7.229
-7.882
-8.302
-8.338
-8.088
-7.882
-7.898
-7.984
-7.885
-7.703
-7.68
-7.8
-7.878
-7.848
-7.721
-7.517
-7.338
-7.292
-7.347
-7.308
-7.056
-6.669
-6.228
-5.791
-5.439
-5.217
-5.083
-4.929
-4.691
-4.389
-4.107
-3.983
-4.017
-4.103
-4.167
-4.174
-4.226
-4.398
-4.648
-4.849
-4.967
-5.11
-5.378
-5.678
-5.877
-5.981
-6.031
-6
-5.938
-6.013
-6.288
-6.646
-6.861
-6.775
-6.426
-6.06
-5.843
-5.732
-5.598
-5.401
-5.085
-4.67
-4.303
-4.035
-3.704
-3.171
-2.672
-2.49
-2.658
-3.075
-3.611
-4.11
-4.48
-4.713
-4.888
-5.169
-5.598
-5.94
-5.988
-5.902
-6
-6.33
-6.657
-6.703
-6.43
-6.06
-5.748
-5.437
-5.113
-4.974
-5.117
-5.435
-5.795
-6.111
-6.401
-6.675
-6.827
-6.764
-6.537
-6.399
-6.605
-7.186
-7.943
-8.599
-9.066
-9.54
-10.257
-11.087
-11.754
-12.124
-12.312
-12.521
-12.809
-13.122
-13.435
-13.768
-14.056
-14.113
-13.961
-13.963
-14.299
-14.644
-14.419
-13.516
-12.496
-12.024
-11.933
-11.341
-9.849
-8.474
-8.315
-8.887
-8.776
-7.54
-5.993
-4.818
-3.767
-2.184
-0.107
1.436
1.669
1.227
1.49
2.624
3.214
2.243
0.592
-0.059
0.717
1.772
1.794
0.805
-0.036
0.072
0.691
0.864
0.458
0.231
0.741
1.474
1.646
1.519
2.044
3.309
4.246
4.201
3.91
4.301
4.976
4.813
3.47
1.719
0.376
-0.544
-1.54
-2.699
-3.713
-4.382
-4.849
-5.362
-6.077
-6.816
-7.27
-7.517
-7.903
-8.526
-8.726
-7.81
-6.222
-5.158
-5.135
-5.428
-5.103
-4.362
-4.126
-4.634
-5.246
-5.409
-5.047
-4.475
-4.024
-3.756
-3.656
-3.745
-4.031
-4.489
-4.952
-5.083
-4.791
-4.421
-4.291
-4.303
-4.189
-3.89
-3.606
-3.616
-3.96
-4.303
-4.162
-3.445
-2.59
-1.991
-1.617
-1.354
-1.107
-0.741
-0.417
-0.526
-0.891
-0.8
0.143
1.379
1.964
1.674
1.177
0.717
-0.242
-1.939
-3.792
-5.162
-6.074
-6.995
-8.111
-9.071
-9.583
-9.719
-9.817
-10.209
-10.863
-11.309
-10.974
-9.88
-8.796
-8.322
-8.161
-7.907
-7.85
-8.304
-8.941
-9.227
-9.1
-8.941
-8.751
-8.109
-7.047
-6.308
-6.444
-7.317
-8.293
-8.946
-9.322
-9.654
-10.087
-10.711
-11.489
-12.056
-12.131
-11.856
-11.455
-10.838
-9.903
-8.944
-8.095
-6.905
-5.119
-3.604
-3.386
-4.223
-4.849
-4.566
-4.065
-4.232
-4.895
-5.262
-5.027
-4.482
-4.096
-4.047
-4.253
-4.425
-4.312
-4.003
-3.654
-3.223
-2.749
-2.547
-2.81
-3.52
-4.575
-5.655
-6.362
-6.744
-7.268
-7.934
-8.139
-7.576
-6.728
-6.208
-6.099
-6.213
-6.528
-7.054
-7.671
-8.263
-8.851
-9.57
-10.321
-10.804
-10.967
-11.126
-11.527
-12.085
-12.625
-13.07
-13.317
-13.464
-13.707
-13.959
-13.959
-13.766
-13.705
-13.83
-13.827
-13.601
-13.383
-13.362
-13.267
-12.652
-11.586
-10.583
-9.955
-9.586
-9.1
-8.42
-7.807
-7.644
-7.979
-8.451
-8.681
-8.808
-9.191
-9.801
-10.305
-10.541
-10.489
-10.132
-9.493
-8.622
-7.748
-7.163
-7.011
-7.138
-7.231
-7.156
-7.179
-7.437
-7.603
-7.34
-6.732
-6.21
-6.115
-6.215
-6.135
-5.913
-5.782
-5.637
-5.206
-4.389
-3.472
-2.833
-2.536
-2.286
-1.853
-1.522
-1.769
-2.499
-3.085
-3.184
-3.044
-2.999
-3.033
-2.892
-2.429
-1.9
-1.656
-1.749
-1.844
-1.667
-1.358
-1.261
-1.445
-1.576
-1.356
-1.034
-1.08
-1.508
-1.801
-1.585
-1.193
-1.279
-1.91
-2.547
-2.851
-3.044
-3.466
-4.107
-4.727
-5.14
-5.401
-5.591
-5.827
-6.197
-6.58
-6.778
-6.841
-6.927
-7.072
-7.206
-7.369
-7.632
-7.948
-8.129
-8.186
-8.315
-8.583
-8.848
-9.007
-9.053
-9.005
-8.853
-8.481
-7.919
-7.335
-6.766
-6.122
-5.498
-5.108
-4.947
-4.827
-4.645
-4.532
-4.618
-4.788
-4.779
-4.523
-4.21
-3.987
-3.785
-3.441
-3.012
-2.66
-2.438
-2.363
-2.329
-2.188
-1.978
-1.941
-2.225
-2.638
-2.937
-3.055
-3.055
-2.896
-2.463
-1.755
-0.937
-0.29
0.063
0.186
0.136
-0.113
-0.587
-1.145
-1.547
-1.758
-1.993
-2.42
-2.844
-2.953
-2.74
-2.511
-2.441
-2.361
-2.032
-1.49
-0.95
-0.669
-0.751
-1.005
-1.102
-1.043
-1.166
-1.705
-2.384
-2.733
-2.751
-2.763
-2.76
-2.429
-1.663
-0.825
-0.313
-0.113
0.052
0.274
0.47
0.571
0.637
0.848
1.238
1.588
1.676
1.551
1.404
1.338
1.327
1.306
1.256
1.256
1.402
1.692
1.912
1.923
1.837
1.708
1.376
0.764
0.029
-0.583
-1.052
-1.458
-1.821
-2.143
-2.463
-2.797
-3.134
-3.416
-3.531
-3.504
-3.531
-3.785
-4.214
-4.668
-5.158
-5.852
-6.814
-7.735
-8.161
-7.982
-7.592
-7.397
-7.453
-7.415
-7.122
-6.895
-7.081
-7.551
-7.859
-7.796
-7.517
-7.22
-6.857
-6.371
-5.893
-5.689
-5.847
-6.07
-5.902
-5.196
-4.232
-3.452
-2.824
-1.948
-0.828
0.018
0.374
0.549
0.803
1.139
1.519
1.948
2.493
3.271
4.273
5.237
5.884
6.269
6.728
7.338
7.771
7.803
7.657
7.723
7.964
7.991
7.707
7.549
7.773
8.204
8.606
8.993
9.442
9.93
10.295
10.409
10.246
9.951
9.695
9.336
8.583
7.488
6.476
5.92
5.716
5.437
4.829
4.096
3.557
3.248
2.935
2.463
2.037
1.964
2.195
2.239
1.9
1.495
1.329
1.304
1.132
0.705
0.208
-0.136
-0.315
-0.429
-0.519
-0.524
-0.242
0.361
0.991
1.39
1.664
2.027
2.49
2.801
2.81
2.719
2.695
2.599
2.424
2.397
2.665
3.271
4.119
4.926
5.484
5.777
5.891
5.897
5.868
5.827
5.788
5.779
5.811
5.772
5.566
5.315
5.23
5.351
5.478
5.505
5.57
5.886
6.476
7.136
7.603
7.828
7.834
7.655
7.302
6.689
5.72
4.55
3.529
2.926
2.588
2.13
1.488
0.993
0.759
0.503
0
-0.549
-0.848
-0.946
-1.104
-1.39
-1.733
-2.143
-2.751
-3.67
-4.867
-6.108
-7.032
-7.395
-7.326
-7.097
-6.687
-5.977
-5.203
-4.7
-4.346
-3.815
-3.228
-3.057
-3.35
-3.777
-4.096
-4.316
-4.457
-4.421
-4.074
-3.414
-2.695
-2.048
-1.372
-0.488
0.691
1.912
2.753
3.126
3.253
3.336
3.402
3.425
3.49
3.783
4.371
5.201
6.088
6.773
7.186
7.451
7.597
7.558
7.367
7.231
7.304
7.558
7.857
8.145
8.211
7.782
6.893
5.757
4.545
3.418
2.568
1.996
1.617
1.388
1.213
0.939
0.517
0.052
-0.279
-0.399
-0.471
-0.671
-0.957
-1.184
-1.288
-1.397
-1.651
-2.06
-2.438
-2.642
-2.52
-2.071
-1.663
-1.755
-2.39
-3.257
-4.148
-5.108
-6.067
-6.635
-6.653
-6.428
-6.31
-6.449
-6.889
-7.492
-7.909
-7.896
-7.499
-6.882
-6.056
-4.945
-3.785
-2.937
-2.504
-2.27
-1.919
-1.358
-0.683
0.047
0.846
1.712
2.568
3.386
4.128
4.725
5.051
4.994
4.573
3.983
3.466
3.057
2.715
2.434
2.277
2.279
2.309
2.214
2.016
1.832
1.839
2.161
2.674
3.16
3.547
3.842
3.944
3.838
3.684
3.688
3.958
4.432
4.947
5.323
5.478
5.426
5.214
4.886
4.398
3.67
2.849
2.334
2.338
2.638
2.819
2.695
2.309
1.674
0.776
-0.247
-1.1
-1.608
-1.71
-1.34
-0.358
1.173
2.821
4.051
4.586
4.555
4.221
3.819
3.49
3.28
3.196
3.246
3.409
3.606
3.684
3.568
3.432
3.489
3.808
4.353
4.999
5.634
6.181
6.516
6.478
6.079
5.564
5.162
5.01
5.069
5.292
5.589
5.861
6.129
6.412
6.617
6.635
6.514
6.428
6.471
6.637
6.927
7.276
7.53
7.569
7.415
7.195
6.925
6.596
6.296
6.226
6.566
7.263
8.057
8.728
9.173
9.295
9.064
8.551
7.898
7.165
6.419
5.809
5.466
5.308
5.069
4.575
3.935
3.328
2.715
1.975
1.249
0.81
0.66
0.58
0.286
-0.279
-0.839
-1.229
-1.592
-2.094
-2.647
-2.989
-3.026
-2.96
-2.903
-2.787
-2.574
-2.352
-2.229
-2.25
-2.334
-2.388
-2.402
-2.475
-2.74
-3.189
-3.731
-4.275
-4.791
-5.333
-5.909
-6.281
-6.21
-5.832
-5.498
-5.349
-5.355
-5.5
-5.845
-6.294
-6.571
-6.423
-5.94
-5.401
-4.954
-4.514
-3.863
-2.96
-2.08
-1.465
-1.104
-0.839
-0.497
-0.054
0.392
0.748
0.946
0.995
1.002
1.013
1.007
1.005
1.025
1.02
0.946
0.852
0.864
0.925
0.871
0.673
0.508
0.515
0.691
0.998
1.402
1.758
1.973
2.05
2.057
2.139
2.4
2.924
3.672
4.459
5.201
5.981
6.737
7.31
7.603
7.671
7.653
7.608
7.601
7.642
7.578
7.297
6.866
6.428
5.988
5.494
4.908
4.314
3.856
3.527
3.341
3.402
3.733
4.178
4.591
4.994
5.376
5.673
5.816
5.872
5.954
6.115
6.383
6.682
6.884
7.027
7.167
7.206
7.056
6.757
6.394
6.047
5.72
5.328
4.786
4.162
3.624
3.275
3.017
2.774
2.697
2.935
3.452
4.001
4.328
4.387
4.309
4.148
3.904
3.523
3.046
2.602
2.413
2.581
3.026
3.541
3.926
4.223
4.514
4.627
4.504
4.35
4.346
4.418
4.359
4.198
4.071
4.021
3.892
3.547
2.96
2.25
1.592
1.109
0.782
0.549
0.478
0.644
0.88
0.941
0.825
0.755
0.789
0.744
0.508
0.268
0.156
0.125
0.054
-0.043
-0.122
-0.199
-0.34
-0.56
-0.789
-0.893
-0.755
-0.392
-0.036
0.122
0.107
0.088
0.047
-0.193
-0.624
-1.009
-1.116
-0.987
-0.828
-0.769
-0.776
-0.805
-0.896
-1.152
-1.54
-1.799
-1.776
-1.622
-1.567
-1.61
-1.583
-1.54
-1.699
-2.046
-2.318
-2.406
-2.409
-2.388
-2.277
-2.053
-1.864
-1.832
-1.955
-2.236
-2.667
-3.062
-3.175
-2.985
-2.713
-2.386
-1.805
-1.091
-0.649
-0.597
-0.683
-0.698
-0.569
-0.406
-0.306
-0.19
0.077
0.431
0.639
0.631
0.615
0.803
1.127
1.427
1.701
2.039
2.447
2.81
2.98
2.942
2.831
2.785
2.835
2.876
2.867
2.939
3.198
3.579
3.886
3.949
3.736
3.37
3.007
2.719
2.477
2.259
2.053
1.772
1.306
0.631
-0.197
-1.005
-1.601
-1.935
-2.2
-2.515
-2.681
-2.563
-2.363
-2.263
-2.039
-1.554
-1.066
-0.886
-0.948
-1.009
-0.966
-0.837
-0.639
-0.367
-0.063
0.222
0.474
0.655
0.751
0.821
1.07
1.708
2.563
3.232
3.557
3.684
3.765
3.881
4.128
4.486
4.847
5.185
5.476
5.641
5.632
5.691
6.036
6.61
7.17
7.576
7.857
8.2
8.683
9.118
9.35
9.372
9.336
9.39
9.497
9.438
9.148
8.848
8.728
8.692
8.578
8.44
8.302
8.032
7.53
6.9
6.31
5.865
5.57
5.303
4.915
4.303
3.579
3.01
2.644
2.214
1.583
0.943
0.478
0.043
-0.474
-0.919
-1.163
-1.313
-1.515
-1.826
-2.221
-2.584
-2.885
-3.094
-3.182
-3.123
-2.856
-2.479
-2.232
-2.3
-2.654
-3.037
-3.264
-3.364
-3.516
-3.91
-4.53
-5.19
-5.736
-6.101
-6.262
-6.231
-6.108
-6
-5.997
-6.067
-6.072
-6.077
-6.333
-6.759
-6.798
-6.383
-6.383
-7.183
-7.868
-7.522
-6.607
-6.049
-5.775
-5.035
-3.881
-2.939
-2.372
-1.749
-0.637
0.93
2.359
2.96
2.699
2.146
1.794
1.508
0.805
-0.478
-1.801
-2.404
-2.304
-2.266
-2.839
-3.627
-3.817
-3.404
-3.184
-3.525
-3.656
-2.885
-1.699
-1.104
-1.259
-1.436
-1.227
-1.148
-1.828
-3.189
-4.539
-5.142
-4.859
-4.309
-4.448
-5.45
-6.544
-7.193
-7.857
-8.937
-9.876
-9.939
-9.416
-9.261
-9.729
-10.191
-10.243
-10.103
-10.148
-10.386
-10.475
-10.107
-9.416
-8.814
-8.536
-8.349
-7.741
-6.682
-5.863
-5.895
-6.423
-6.632
-6.369
-6.135
-6.129
-5.895
-5.124
-4.18
-3.69
-3.754
-3.806
-3.184
-1.944
-0.755
-0.125
0.068
0.208
0.499
0.771
0.698
0.317
0.19
0.796
1.896
2.781
3.166
3.468
4.164
5.106
5.689
5.546
4.94
4.47
4.371
4.414
4.436
4.516
4.781
5.165
5.221
4.364
2.756
1.324
0.662
0.41
-0.022
-0.612
-0.88
-0.764
-0.717
-1.02
-1.338
-1.227
-0.737
-0.388
-0.562
-1.043
-1.266
-0.966
-0.621
-0.848
-1.536
-2.098
-2.431
-2.971
-3.904
-4.795
-5.199
-5.158
-5.183
-5.666
-6.471
-7.115
-7.235
-6.882
-6.36
-5.772
-4.997
-4.006
-3.134
-2.858
-3.166
-3.463
-3.225
-2.66
-2.456
-2.738
-2.908
-2.554
-2.021
-1.746
-1.529
-1.023
-0.254
0.537
1.036
1.141
1.186
1.69
2.584
3.148
2.906
2.302
2.057
2.146
1.88
1.064
0.39
0.506
1.068
1.166
0.549
-0.07
-0.011
0.571
0.995
0.984
0.846
0.957
1.347
1.599
1.392
1.013
1.009
1.454
1.864
1.785
1.327
0.943
0.93
1.195
1.424
1.467
1.57
1.928
2.327
2.465
2.536
2.912
3.563
4.107
4.232
4.015
3.795
3.747
3.765
3.797
3.89
4.151
4.557
4.865
4.872
4.765
4.799
4.949
5.056
5.135
5.292
5.611
6.052
6.483
6.771
6.841
6.728
6.655
6.648
6.469
6.106
5.868
5.938
6.09
5.966
5.512
4.976
4.504
4.087
3.699
3.348
2.992
2.765
2.81
3.01
3.053
2.826
2.543
2.334
2.068
1.692
1.338
1.222
1.454
1.887
2.27
2.545
2.869
3.343
3.729
3.772
3.597
3.523
3.763
4.178
4.423
4.335
4.119
4.026
3.933
3.561
2.944
2.483
2.511
2.851
3.028
2.955
3.067
3.672
4.521
5.133
5.335
5.409
5.793
6.428
6.868
6.932
6.954
7.161
7.415
7.546
7.54
7.453
7.358
7.317
7.358
7.499
7.769
8.1
8.334
8.422
8.495
8.635
8.76
8.855
8.996
9.139
9.15
9.053
9.078
9.322
9.57
9.674
9.831
10.144
10.427
10.513
10.52
10.57
10.588
10.422
10.103
9.756
9.395
9.087
8.892
8.71
8.395
8.082
8.095
8.422
8.581
8.324
7.991
7.925
7.973
7.773
7.31
6.886
6.746
6.882
7.068
7.077
6.873
6.689
6.752
6.85
6.734
6.605
6.773
7.159
7.408
7.349
7.215
7.27
7.444
7.499
7.435
7.354
7.344
7.467
7.812
8.275
8.612
8.814
9.093
9.429
9.49
9.207
8.844
8.574
8.311
8.036
7.839
7.848
8.023
8.161
8.147
7.982
7.705
7.474
7.429
7.512
7.51
7.351
7.227
7.34
7.56
7.58
7.358
7.141
7.054
6.891
6.485
6.063
5.993
6.319
6.718
6.954
7.029
7.141
7.437
7.814
8.043
8.061
8.034
8.064
8.061
7.907
7.617
7.379
7.374
7.66
7.984
8.02
7.807
7.59
7.422
7.288
7.347
7.664
8.039
8.134
7.907
7.651
7.54
7.426
7.268
7.224
7.369
7.564
7.717
7.864
7.937
7.719
7.283
6.92
6.655
6.317
5.966
5.786
5.693
5.469
5.09
4.754
4.568
4.45
4.303
4.033
3.523
2.853
2.297
1.991
1.76
1.37
0.852
0.53
0.556
0.807
0.995
0.989
0.93
0.989
1.157
1.363
1.615
1.955
2.359
2.803
3.207
3.432
3.55
3.788
4.235
4.661
4.727
4.486
4.362
4.482
4.543
4.348
4.047
3.852
3.811
3.894
4.028
4.164
4.35
4.763
5.398
5.868
5.82
5.469
5.419
5.839
6.274
6.403
6.535
6.925
7.295
7.242
6.832
6.537
6.544
6.546
6.274
5.875
5.58
5.382
5.047
4.462
3.833
3.538
3.647
3.924
4.189
4.434
4.757
5.224
5.673
5.847
5.696
5.466
5.412
5.453
5.416
5.489
6.013
6.873
7.578
7.852
7.914
8.07
8.268
8.272
8.118
7.953
7.852
7.837
7.898
7.939
7.812
7.556
7.383
7.256
6.995
6.655
6.423
6.303
6.115
5.806
5.53
5.364
5.233
5.092
5.119
5.409
5.879
6.36
6.741
6.913
6.766
6.355
6.056
6.099
6.344
6.573
6.834
7.268
7.721
7.871
7.71
7.46
7.174
6.746
6.056
5.221
4.35
3.509
2.787
2.291
1.987
1.671
1.207
0.755
0.644
1.046
1.9
3.144
4.734
6.426
7.612
7.982
7.787
7.328
6.728
6.21
6.02
6.088
6.19
6.36
6.725
7.181
7.383
7.034
6.111
4.899
3.715
2.688
1.796
1.066
0.664
0.603
0.664
0.655
0.451
-0.043
-0.649
-0.993
-0.825
-0.234
0.458
1.05
1.49
1.737
1.567
0.868
0.004
-0.497
-0.535
-0.413
-0.213
0.179
0.608
0.739
0.481
-0.097
-1.039
-2.227
-3.13
-3.241
-2.629
-1.762
-1.048
-0.71
-0.885
-1.635
-2.729
-3.695
-4.189
-4.135
-3.518
-2.418
-1.066
0.188
1.077
1.49
1.415
0.941
0.356
0.036
0.147
0.619
1.309
1.878
1.919
1.282
0.261
-0.725
-1.481
-1.975
-2.143
-1.848
-1.039
0.113
1.188
1.667
1.352
0.494
-0.517
-1.404
-2.014
-2.277
-2.034
-1.236
-0.256
0.41
0.612
0.329
-0.515
-1.83
-3.225
-4.244
-4.561
-4.203
-3.497
-2.869
-2.638
-2.865
-3.386
-4.035
-4.627
-4.972
-4.947
-4.62
-4.146
-3.754
-3.627
-3.761
-4.133
-4.82
-5.752
-6.625
-7.063
-6.939
-6.378
-5.625
-4.97
-4.675
-4.831
-5.342
-6.106
-7.002
-7.707
-7.81
-7.195
-6.22
-5.339
-4.847
-4.815
-5.135
-5.559
-5.834
-5.82
-5.432
-4.643
-3.652
-2.826
-2.39
-2.275
-2.255
-2.307
-2.486
-2.579
-2.336
-1.739
-0.991
-0.336
0.086
0.163
-0.034
-0.39
-0.821
-1.152
-1.191
-0.886
-0.415
-0.011
0.197
0.059
-0.494
-1.34
-2.284
-3.207
-4.08
-4.636
-4.604
-4.117
-3.518
-2.976
-2.504
-2.177
-2.218
-2.76
-3.593
-4.35
-4.829
-4.97
-4.859
-4.734
-4.725
-4.838
-5.124
-5.664
-6.43
-7.279
-8.059
-8.619
-8.953
-9.195
-9.483
-9.878
-10.291
-10.661
-11.01
-11.289
-11.307
-11.013
-10.541
-10.13
-9.763
-9.273
-8.619
-7.919
-7.252
-6.598
-5.943
-5.214
-4.473
-3.924
-3.745
-3.872
-4.16
-4.625
-5.369
-6.274
-6.991
-7.279
-7.217
-6.959
-6.583
-6.129
-5.664
-5.287
-5.178
-5.31
-5.491
-5.535
-5.312
-4.836
-4.232
-3.658
-3.25
-3.08
-3.137
-3.264
-3.352
-3.438
-3.547
-3.575
-3.418
-3.157
-2.955
-2.946
-3.255
-3.858
-4.584
-5.253
-5.786
-6.145
-6.423
-6.637
-6.73
-6.752
-6.873
-7.274
-7.934
-8.651
-9.223
-9.692
-10.087
-10.314
-10.325
-10.25
-10.291
-10.581
-11.026
-11.432
-11.645
-11.713
-11.786
-11.865
-11.745
-11.275
-10.531
-9.815
-9.39
-9.343
-9.509
-9.685
-9.878
-10.221
-10.665
-11.006
-11.189
-11.307
-11.35
-11.232
-10.915
-10.525
-10.243
-10.067
-9.903
-9.665
-9.368
-9.1
-8.921
-8.699
-8.286
-7.719
-7.172
-6.793
-6.607
-6.464
-6.074
-5.282
-4.33
-3.527
-3.044
-2.839
-2.722
-2.515
-2.309
-2.209
-2.136
-1.93
-1.687
-1.531
-1.433
-1.3
-1.256
-1.463
-1.858
-2.177
-2.193
-1.923
-1.506
-1.1
-0.751
-0.331
0.217
0.723
0.852
0.54
0.09
-0.165
-0.163
0.036
0.297
0.435
0.31
-0.004
-0.315
-0.508
-0.598
-0.68
-0.903
-1.309
-1.805
-2.327
-2.808
-3.248
-3.729
-4.307
-4.829
-4.924
-4.486
-3.883
-3.529
-3.425
-3.316
-3.187
-3.219
-3.477
-3.89
-4.412
-4.99
-5.444
-5.632
-5.491
-5.124
-4.772
-4.691
-4.806
-4.892
-4.859
-4.836
-4.976
-5.206
-5.24
-4.911
-4.321
-3.711
-3.266
-3.092
-3.16
-3.346
-3.593
-3.942
-4.432
-5.017
-5.548
-5.839
-5.82
-5.55
-5.147
-4.747
-4.504
-4.394
-4.387
-4.407
-4.357
-4.312
-4.484
-4.931
-5.45
-5.671
-5.471
-5.113
-4.929
-4.986
-5.155
-5.267
-5.292
-5.36
-5.598
-5.997
-6.376
-6.63
-6.802
-6.909
-6.882
-6.746
-6.732
-7.027
-7.506
-7.923
-8.329
-8.917
-9.704
-10.511
-11.107
-11.362
-11.291
-11.051
-10.833
-10.699
-10.475
-10.055
-9.556
-9.177
-8.941
-8.739
-8.585
-8.536
-8.456
-8.145
-7.662
-7.297
-7.227
-7.326
-7.374
-7.326
-7.302
-7.32
-7.347
-7.354
-7.279
-7.034
-6.659
-6.387
-6.401
-6.58
-6.617
-6.471
-6.415
-6.598
-6.807
-6.841
-6.762
-6.673
-6.478
-6.09
-5.664
-5.484
-5.652
-5.94
-6.142
-6.172
-6.049
-5.906
-5.952
-6.242
-6.603
-6.732
-6.63
-6.646
-6.889
-7.02
-6.895
-6.786
-6.805
-6.841
-6.882
-7.131
-7.753
-8.637
-9.397
-9.867
-10.255
-10.829
-11.548
-12.19
-12.589
-12.809
-12.954
-13.12
-13.344
-13.516
-13.548
-13.496
-13.444
-13.367
-13.185
-12.954
-12.899
-13.165
-13.482
-13.578
-13.555
-13.682
-13.939
-14.084
-13.972
-13.653
-13.317
-13.015
-12.697
-12.373
-12.058
-11.743
-11.414
-11.099
-10.888
-10.758
-10.647
-10.525
-10.307
-9.883
-9.343
-8.887
-8.551
-8.218
-7.816
-7.395
-7.018
-6.696
-6.419
-6.145
-5.775
-5.305
-4.867
-4.557
-4.314
-4.067
-3.845
-3.767
-3.811
-3.811
-3.713
-3.634
-3.638
-3.647
-3.609
-3.595
-3.677
-3.865
-4.119
-4.405
-4.579
-4.568
-4.464
-4.407
-4.369
-4.144
-3.654
-3.153
-2.989
-3.171
-3.341
-3.382
-3.489
-3.801
-4.124
-4.262
-4.289
-4.38
-4.582
-4.847
-5.154
-5.478
-5.859
-6.369
-7.027
-7.687
-8.08
-8.036
-7.714
-7.512
-7.512
-7.217
-6.192
-4.886
-4.153
-4.146
-4.219
-4.017
-3.879
-4.062
-4.309
-4.312
-3.985
-3.516
-3.246
-3.18
-2.919
-2.288
-1.819
-2.107
-2.948
-3.654
-3.946
-4.062
-4.371
-4.895
-5.16
-4.856
-4.432
-4.555
-5.183
-5.598
-5.401
-5.113
-5.435
-6.145
-6.22
-5.387
-4.682
-5.022
-5.823
-5.938
-5.282
-4.72
-4.711
-4.836
-4.482
-3.806
-3.445
-3.743
-4.364
-4.802
-4.99
-5.328
-6.135
-7.02
-7.097
-6.156
-5.258
-5.455
-6.269
-6.417
-5.679
-5.001
-4.958
-4.897
-4.042
-2.644
-1.601
-1.234
-1.145
-1.013
-1.012
-1.324
-1.751
-1.812
-1.254
-0.299
0.542
0.946
1.08
1.286
1.503
1.275
0.544
-0.1
-0.177
0.197
0.644
1.091
1.669
2.336
2.711
2.584
2.17
1.941
2.248
2.953
3.658
4.16
4.654
5.317
5.881
5.932
5.439
4.698
3.98
3.416
3.039
2.774
2.402
1.783
0.916
-0.086
-1.025
-1.799
-2.424
-2.942
-3.334
-3.565
-3.695
-3.808
-4.101
-4.772
-5.711
-6.514
-6.895
-6.882
-6.587
-6.099
-5.537
-5.049
-4.765
-4.738
-5.072
-5.757
-6.55
-7.292
-7.923
-8.349
-8.51
-8.517
-8.524
-8.64
-8.971
-9.527
-10.11
-10.386
-10.123
-9.436
-8.765
-8.288
-7.696
-6.723
-5.582
-4.695
-4.126
-3.516
-2.543
-1.395
-0.524
-0.004
0.537
1.284
2.012
2.64
3.377
4.235
5.028
5.696
6.33
6.936
7.553
8.125
8.497
8.558
8.372
8.177
8.134
8.093
7.875
7.564
7.381
7.362
7.322
7.063
6.607
6.077
5.623
5.281
4.981
4.763
4.827
5.176
5.548
5.752
5.913
6.122
6.167
5.793
5.049
4.335
3.99
4.055
4.167
3.874
3.107
2.236
1.522
0.889
0.125
-0.633
-1.054
-1.034
-0.837
-0.646
-0.317
0.274
0.984
1.524
1.701
1.663
1.812
2.35
2.89
2.892
2.434
2.166
2.372
2.642
2.626
2.586
2.958
3.643
4.221
4.625
5.16
5.839
6.403
6.682
6.793
7.027
7.553
8.102
8.342
8.177
7.823
7.585
7.494
7.256
6.711
6.215
6.249
6.691
7.027
7.167
7.467
7.943
8.093
7.649
6.909
6.442
6.474
6.877
7.326
7.598
7.758
7.905
7.937
7.66
7.104
