Unnamed: 3
Value
0.608
0.787
0.971
1.179
1.427
1.638
1.794
1.978
2.13
2.2
2.223
2.25
2.338
2.515
2.695
2.817
2.919
3.01
3.053
3.035
3.005
3.005
2.992
2.94
2.872
2.858
2.921
2.978
2.976
2.958
2.962
2.949
2.874
2.747
2.67
2.608
2.454
2.282
2.18
2.071
1.873
1.683
1.583
1.558
1.517
1.452
1.397
1.318
1.2
1.052
0.953
0.921
0.869
0.71
0.526
0.374
0.25
0.174
0.122
0.059
0
-0.02
-0.048
-0.091
-0.102
-0.059
-0.039
-0.091
-0.163
-0.206
-0.302
-0.476
-0.642
-0.755
-0.812
-0.816
-0.744
-0.64
-0.56
-0.515
-0.522
-0.519
-0.476
-0.517
-0.658
-0.778
-0.835
-0.866
-0.914
-0.962
-0.993
-1.034
-1.132
-1.236
-1.3
-1.302
-1.272
-1.284
-1.34
-1.352
-1.284
-1.225
-1.214
-1.209
-1.198
-1.198
-1.209
-1.222
-1.229
-1.216
-1.218
-1.263
-1.291
-1.25
-1.211
-1.209
-1.182
-1.136
-1.096
-1.08
-1.062
-1.037
-1.046
-1.13
-1.193
-1.179
-1.159
-1.17
-1.202
-1.218
-1.182
-1.118
-1.043
-0.903
-0.721
-0.562
-0.451
-0.354
-0.272
-0.181
-0.093
-0.063
-0.107
-0.118
-0.082
-0.077
-0.073
0
0.147
0.295
0.386
0.404
0.356
0.304
0.243
0.172
0.086
-0.027
-0.168
-0.34
-0.497
-0.628
-0.755
-0.857
-0.869
-0.871
-0.955
-1.075
-1.15
-1.191
-1.25
-1.297
-1.34
-1.406
-1.492
-1.604
-1.785
-1.942
-1.985
-1.976
-1.973
-1.991
-2.037
-2.105
-2.182
-2.248
-2.282
-2.293
-2.309
-2.363
-2.402
-2.384
-2.366
-2.332
-2.261
-2.22
-2.266
-2.338
-2.37
-2.352
-2.309
-2.232
-2.064
-1.842
-1.66
-1.488
-1.291
-1.084
-0.869
-0.653
-0.433
-0.22
-0.061
0.018
0.097
0.233
0.381
0.508
0.61
0.66
0.687
0.73
0.78
0.828
0.894
0.968
1.003
0.937
0.801
0.662
0.522
0.395
0.354
0.356
0.327
0.22
0.07
-0.095
-0.256
-0.374
-0.449
-0.469
-0.483
-0.562
-0.708
-0.801
-0.862
-0.932
-1.023
-1.132
-1.263
-1.379
-1.502
-1.606
-1.647
-1.62
-1.561
-1.592
-1.688
-1.753
-1.787
-1.821
-1.837
-1.842
-1.826
-1.783
-1.774
-1.787
-1.785
-1.792
-1.81
-1.801
-1.769
-1.726
-1.688
-1.642
-1.615
-1.59
-1.547
-1.479
-1.456
-1.47
-1.497
-1.545
-1.601
-1.585
-1.513
-1.461
-1.461
-1.44
-1.365
-1.268
-1.214
-1.189
-1.118
-0.966
-0.816
-0.762
-0.737
-0.685
-0.61
-0.558
-0.535
-0.538
-0.515
-0.463
-0.397
-0.367
-0.347
-0.254
-0.093
0.063
0.156
0.206
0.263
0.363
0.458
0.501
0.513
0.479
0.392
0.342
0.345
0.347
0.329
0.336
0.356
0.376
0.395
0.431
0.454
0.388
0.236
0.059
-0.091
-0.184
-0.238
-0.342
-0.483
-0.572
-0.583
-0.581
-0.615
-0.665
-0.685
-0.658
-0.646
-0.665
-0.646
-0.565
-0.454
-0.327
-0.172
-0.007
0.2
0.503
0.887
1.2
1.331
1.377
1.508
1.733
1.91
1.946
1.835
1.76
1.88
2.094
2.202
2.153
1.996
1.828
1.703
1.502
1.179
0.878
0.717
0.515
0.147
-0.206
-0.331
-0.238
-0.109
-0.059
-0.079
-0.134
-0.145
-0.113
-0.147
-0.252
-0.299
-0.283
-0.247
-0.286
-0.456
-0.66
-0.762
-0.805
-0.909
-1.098
-1.259
-1.306
-1.254
-1.279
-1.477
-1.713
-1.828
-1.88
-1.989
-2.064
-1.948
-1.688
-1.452
-1.252
-1.05
-0.887
-0.694
-0.42
-0.134
0.116
0.397
0.792
1.261
1.647
1.862
1.994
2.164
2.332
2.409
2.436
2.552
2.749
2.903
2.976
3.003
3.06
3.162
3.166
3.014
2.781
2.59
2.479
2.391
2.293
2.237
2.205
2.13
2.001
1.892
1.815
1.751
1.726
1.772
1.855
1.905
1.948
2.032
2.064
1.908
1.536
1.114
0.826
0.68
0.583
0.442
0.263
0.107
-0.054
-0.281
-0.599
-0.939
-1.204
-1.347
-1.436
-1.554
-1.656
-1.629
-1.54
-1.502
-1.452
-1.411
-1.465
-1.554
-1.538
-1.452
-1.427
-1.422
-1.368
-1.297
-1.288
-1.372
-1.504
-1.592
-1.608
-1.606
-1.585
-1.576
-1.592
-1.61
-1.595
-1.554
-1.517
-1.477
-1.399
-1.313
-1.266
-1.211
-1.082
-0.919
-0.792
-0.671
-0.524
-0.447
-0.426
-0.333
-0.116
0.166
0.372
0.474
0.562
0.685
0.796
0.864
0.853
0.785
0.739
0.714
0.658
0.619
0.674
0.767
0.81
0.853
0.923
0.968
0.968
0.962
0.987
1.027
0.982
0.864
0.83
0.937
1.048
1.034
1.009
1.118
1.311
1.447
1.513
1.538
1.526
1.522
1.502
1.429
1.297
1.241
1.272
1.277
1.238
1.252
1.352
1.47
1.588
1.654
1.629
1.558
1.54
1.581
1.629
1.572
1.424
1.334
1.361
1.402
1.336
1.157
0.934
0.721
0.535
0.388
0.297
0.268
0.277
0.268
0.197
0.1
0.039
-0.066
-0.283
-0.535
-0.771
-1.048
-1.452
-1.851
-2.103
-2.23
-2.377
-2.556
-2.64
-2.529
-2.323
-2.155
-2.085
-2.082
-2.039
-1.912
-1.769
-1.706
-1.74
-1.819
-1.83
-1.749
-1.624
-1.499
-1.329
-1.107
-0.835
-0.499
-0.154
0.102
0.277
0.456
0.61
0.644
0.635
0.737
0.937
1.111
1.2
1.229
1.322
1.513
1.694
1.801
1.889
2.026
2.209
2.354
2.432
2.556
2.751
2.894
2.942
2.965
3.001
3.033
3.019
2.985
2.971
2.935
2.826
2.656
2.531
2.466
2.416
2.307
2.205
2.173
2.15
2.066
1.982
1.921
1.86
1.826
1.83
1.873
1.93
1.998
2.028
2.073
2.173
2.271
2.248
2.13
2.071
2.114
2.119
2.01
1.873
1.855
1.957
2.062
2.066
1.994
1.946
1.967
2.039
2.128
2.209
2.277
2.341
2.418
2.463
2.47
2.47
2.452
2.391
2.35
2.309
2.193
2.062
2.007
2.046
2.066
2.021
1.989
2.06
2.146
2.175
2.148
2.103
2.05
1.962
1.803
1.61
1.452
1.329
1.232
1.143
1.084
1.062
1.082
1.123
1.164
1.198
1.216
1.152
1.027
0.984
1.037
1.016
0.853
0.692
0.651
0.651
0.606
0.558
0.576
0.626
0.644
0.617
0.612
0.631
0.64
0.674
0.776
0.912
1
1.012
0.984
0.987
0.98
0.855
0.621
0.376
0.202
0.1
0.061
0.061
0.127
0.29
0.533
0.771
0.948
1.098
1.222
1.311
1.347
1.384
1.477
1.542
1.504
1.409
1.329
1.268
1.195
1.161
1.17
1.204
1.225
1.214
1.186
1.173
1.218
1.261
1.279
1.236
1.177
1.116
1.062
1.023
0.982
0.905
0.769
0.633
0.562
0.528
0.456
0.404
0.472
0.662
0.844
0.919
0.909
0.891
0.885
0.835
0.757
0.744
0.81
0.841
0.726
0.556
0.533
0.651
0.73
0.721
0.744
0.857
0.987
1.086
1.17
1.25
1.338
1.409
1.492
1.547
1.536
1.488
1.454
1.461
1.508
1.531
1.474
1.377
1.336
1.343
1.309
1.243
1.227
1.311
1.42
1.42
1.313
1.204
1.15
1.118
1.066
1.039
1.041
0.973
0.807
0.64
0.576
0.553
0.524
0.476
0.481
0.558
0.626
0.606
0.508
0.424
0.367
0.333
0.313
0.297
0.256
0.258
0.358
0.522
0.69
0.826
0.909
0.919
0.912
0.948
1.027
1.102
1.248
1.472
1.654
1.731
1.756
1.785
1.808
1.774
1.728
1.724
1.762
1.808
1.83
1.828
1.803
1.785
1.79
1.79
1.785
1.815
1.821
1.744
1.61
1.517
1.461
1.393
1.256
1.057
0.875
0.787
0.778
0.826
0.848
0.812
0.744
0.644
0.49
0.361
0.295
0.238
0.193
0.193
0.24
0.268
0.243
0.163
0.066
-0.075
-0.252
-0.383
-0.472
-0.562
-0.674
-0.735
-0.742
-0.762
-0.792
-0.823
-0.828
-0.778
-0.69
-0.61
-0.519
-0.426
-0.358
-0.34
-0.383
-0.465
-0.528
-0.569
-0.583
-0.581
-0.549
-0.467
-0.361
-0.281
-0.231
-0.177
-0.086
0.014
0.116
0.229
0.363
0.499
0.565
0.558
0.542
0.488
0.347
0.197
0.091
0.004
-0.059
-0.054
0.027
0.113
0.191
0.338
0.556
0.757
0.932
1.052
1.077
1.052
0.989
0.855
0.633
0.365
0.116
-0.061
-0.17
-0.24
-0.297
-0.317
-0.272
-0.204
-0.174
-0.132
-0.05
0.034
0.052
0.029
-0.025
-0.1
-0.238
-0.467
-0.712
-0.928
-1.139
-1.402
-1.66
-1.787
-1.792
-1.765
-1.715
-1.647
-1.604
-1.579
-1.551
-1.52
-1.531
-1.592
-1.681
-1.758
-1.855
-1.926
-1.921
-1.898
-1.86
-1.774
-1.647
-1.511
-1.315
-1.064
-0.796
-0.551
-0.37
-0.256
-0.154
-0.025
0.082
0.129
0.125
0.054
-0.057
-0.145
-0.2
-0.247
-0.306
-0.347
-0.367
-0.37
-0.329
-0.263
-0.2
-0.163
-0.116
-0.014
0.12
0.277
0.449
0.562
0.569
0.494
0.383
0.258
0.111
-0.036
-0.184
-0.315
-0.438
-0.538
-0.585
-0.553
-0.528
-0.547
-0.558
-0.547
-0.549
-0.544
-0.535
-0.59
-0.705
-0.828
-0.939
-1.055
-1.184
-1.268
-1.315
-1.381
-1.438
-1.449
-1.452
-1.449
-1.411
-1.347
-1.311
-1.27
-1.225
-1.15
-1.075
-1.064
-1.134
-1.236
-1.325
-1.436
-1.554
-1.635
-1.703
-1.776
-1.808
-1.783
-1.733
-1.701
-1.672
-1.62
-1.565
-1.526
-1.456
-1.356
-1.275
-1.216
-1.159
-1.111
-1.039
-0.968
-0.9
-0.837
-0.753
-0.653
-0.562
-0.483
-0.422
-0.386
-0.311
-0.2
-0.129
-0.141
-0.168
-0.17
-0.15
-0.086
-0.048
-0.111
-0.24
-0.37
-0.481
-0.642
-0.853
-1.046
-1.241
-1.492
-1.728
-1.914
-2.064
-2.18
-2.259
-2.284
-2.243
-2.223
-2.268
-2.316
-2.325
-2.341
-2.422
-2.538
-2.672
-2.844
-3.021
-3.157
-3.319
-3.525
-3.69
-3.752
-3.738
-3.711
-3.686
-3.663
-3.629
-3.502
-3.268
-3.03
-2.926
-2.94
-3.005
-3.069
-3.126
-3.151
-3.148
-3.148
-3.135
-3.078
-2.965
-2.815
-2.652
-2.443
-2.18
-1.96
-1.851
-1.783
-1.676
-1.579
-1.547
-1.592
-1.667
-1.749
-1.799
-1.812
-1.821
-1.855
-1.846
-1.715
-1.549
-1.445
-1.404
-1.388
-1.413
-1.49
-1.576
-1.599
-1.57
-1.558
-1.576
-1.588
-1.583
-1.563
-1.506
-1.404
-1.315
-1.256
-1.179
-1.105
-1.05
-1.03
-1.034
-1.021
-0.978
-0.966
-0.948
-0.891
-0.803
-0.696
-0.535
-0.395
-0.297
-0.288
-0.333
-0.435
-0.56
-0.631
-0.628
-0.646
-0.692
-0.744
-0.796
-0.848
-0.864
-0.869
-0.878
-0.898
-0.955
-0.975
-0.941
-0.925
-0.973
-0.991
-0.937
-0.891
-0.916
-0.968
-1.041
-1.1
-1.152
-1.155
-1.132
-1.107
-1.093
-1.127
-1.22
-1.32
-1.404
-1.474
-1.504
-1.529
-1.547
-1.526
-1.486
-1.492
-1.504
-1.504
-1.515
-1.511
-1.513
-1.601
-1.758
-1.921
-2.01
-2.019
-2.003
-2.01
-2.023
-2.021
-1.939
-1.81
-1.724
-1.683
-1.629
-1.572
-1.542
-1.576
-1.663
-1.751
-1.808
-1.839
-1.846
-1.842
-1.873
-1.892
-1.828
-1.701
-1.561
-1.438
-1.374
-1.325
-1.277
-1.297
-1.406
-1.545
-1.595
-1.561
-1.538
-1.567
-1.635
-1.703
-1.706
-1.629
-1.481
-1.34
-1.277
-1.27
-1.241
-1.186
-1.145
-1.161
-1.195
-1.259
-1.336
-1.368
-1.347
-1.356
-1.388
-1.418
-1.486
-1.606
-1.697
-1.728
-1.819
-2.014
-2.196
-2.304
-2.318
-2.279
-2.257
-2.245
-2.207
-2.13
-2.066
-2.026
-2.041
-2.057
-1.987
-1.862
-1.76
-1.647
-1.47
-1.254
-1.05
-0.889
-0.746
-0.633
-0.553
-0.429
-0.243
-0.118
-0.118
-0.179
-0.229
-0.245
-0.263
-0.299
-0.338
-0.383
-0.408
-0.395
-0.372
-0.372
-0.374
-0.401
-0.501
-0.617
-0.721
-0.846
-0.971
-1.032
-1
-0.914
-0.86
-0.844
-0.846
-0.887
-0.953
-0.993
-1.03
-1.034
-0.98
-0.907
-0.857
-0.832
-0.792
-0.726
-0.642
-0.59
-0.624
-0.683
-0.694
-0.665
-0.631
-0.651
-0.767
-0.937
-1.077
-1.214
-1.352
-1.458
-1.499
-1.481
-1.481
-1.547
-1.674
-1.805
-1.885
-1.917
-1.96
-1.991
-1.969
-1.914
-1.846
-1.801
-1.794
-1.769
-1.676
-1.536
-1.381
-1.268
-1.245
-1.234
-1.107
-0.905
-0.749
-0.692
-0.68
-0.658
-0.633
-0.64
-0.662
-0.649
-0.567
-0.442
-0.34
-0.288
-0.268
-0.245
-0.213
-0.161
-0.107
-0.061
-0.043
-0.027
-0.004
0
-0.011
0.014
0.095
0.179
0.184
0.088
0.027
0.05
0.077
0.061
0.011
-0.061
-0.156
-0.2
-0.172
-0.138
-0.132
-0.116
-0.007
0.129
0.184
0.161
0.125
0.075
-0.002
-0.07
-0.147
-0.243
-0.367
-0.476
-0.585
-0.737
-0.873
-0.928
-0.885
-0.862
-0.941
-1.114
-1.304
-1.472
-1.622
-1.733
-1.842
-1.962
-2.005
-1.903
-1.74
-1.62
-1.545
-1.483
-1.47
-1.533
-1.631
-1.699
-1.701
-1.647
-1.517
-1.327
-1.118
-0.887
-0.581
-0.254
-0.011
0.077
0.066
0.045
0.052
0.109
0.188
0.254
0.299
0.415
0.617
0.816
0.959
1.073
1.168
1.252
1.288
1.268
1.248
1.259
1.234
1.141
0.978
0.776
0.61
0.533
0.501
0.438
0.324
0.229
0.191
0.179
0.102
-0.066
-0.292
-0.435
-0.449
-0.383
-0.327
-0.336
-0.365
-0.351
-0.322
-0.333
-0.345
-0.336
-0.333
-0.376
-0.465
-0.519
-0.499
-0.404
-0.272
-0.184
-0.17
-0.22
-0.258
-0.206
-0.066
0.059
0.127
0.184
0.299
0.499
0.698
0.839
0.957
1.068
1.132
1.161
1.132
1.082
1.066
1.089
1.161
1.254
1.336
1.406
1.506
1.624
1.71
1.735
1.765
1.839
1.939
2.007
2.005
1.944
1.905
1.912
1.914
1.864
1.78
1.722
1.683
1.592
1.436
1.254
1.123
1.043
0.975
0.914
0.839
0.708
0.585
0.542
0.508
0.356
0.132
-0.027
-0.109
-0.191
-0.308
-0.417
-0.479
-0.494
-0.481
-0.431
-0.349
-0.281
-0.24
-0.218
-0.22
-0.243
-0.252
-0.209
-0.095
0.063
0.2
0.238
0.206
0.193
0.245
0.268
0.191
0.111
0.166
0.308
0.399
0.463
0.626
0.864
1.089
1.284
1.474
1.64
1.726
1.756
1.812
1.896
1.908
1.853
1.801
1.769
1.751
1.76
1.805
1.862
1.964
2.114
2.25
2.298
2.307
2.35
2.418
2.413
2.286
2.121
1.978
1.876
1.853
1.898
1.908
1.794
1.66
1.631
1.667
1.644
1.549
1.477
1.481
1.545
1.581
1.556
1.517
1.517
1.538
1.556
1.492
1.397
1.395
1.447
1.397
1.266
1.189
1.175
1.182
1.193
1.225
1.252
1.256
1.288
1.39
1.467
1.445
1.39
1.372
1.413
1.461
1.47
1.486
1.547
1.556
1.513
1.522
1.595
1.683
1.805
1.973
2.139
2.25
2.348
2.497
2.656
2.781
2.878
2.935
2.912
2.906
2.98
3.044
2.967
2.792
2.667
2.581
2.459
2.323
2.25
2.225
2.189
2.175
2.189
2.196
2.178
2.198
2.289
2.379
2.391
2.357
2.345
2.418
2.529
2.627
2.652
2.577
2.509
2.515
2.538
2.536
2.581
2.72
2.867
2.946
2.983
3.053
3.13
3.166
3.187
3.166
3.123
3.101
3.112
3.139
3.148
3.155
3.157
3.196
3.271
3.368
3.466
3.518
3.511
3.482
3.495
3.529
3.516
3.475
3.4
3.302
3.228
3.18
3.146
3.114
3.058
2.974
2.862
2.708
2.561
2.5
2.531
2.574
2.552
2.466
2.45
2.554
2.656
2.665
2.608
2.545
2.477
2.436
2.382
2.293
2.178
2.073
1.96
1.858
1.765
1.751
1.81
1.885
1.908
1.851
1.799
1.785
1.79
1.778
1.724
1.595
1.438
1.384
1.427
1.492
1.574
1.672
1.731
1.758
1.824
1.93
1.994
2.003
2.064
2.202
2.289
2.304
2.375
2.52
2.674
2.776
2.856
2.931
3.012
3.126
3.287
3.427
3.466
3.439
3.461
3.504
3.523
3.536
3.57
3.582
3.55
3.516
3.452
3.357
3.25
3.18
3.123
2.999
2.828
2.702
2.658
2.643
2.663
2.665
2.586
2.477
2.42
2.434
2.409
2.282
2.121
2.03
2.007
1.982
2.01
2.053
2.037
1.987
1.971
1.994
1.969
1.939
1.978
2.005
1.905
1.731
1.647
1.694
1.762
1.756
1.701
1.631
1.588
1.608
1.658
1.674
1.633
1.549
1.52
1.531
1.515
1.486
1.502
1.526
1.506
1.409
1.286
1.195
1.141
1.1
1.068
1.009
0.928
0.914
1.034
1.22
1.356
1.431
1.49
1.542
1.59
1.647
1.703
1.681
1.656
1.81
2.123
2.4
2.545
2.724
3.039
3.221
3.03
2.599
2.332
2.395
2.604
2.706
2.776
3.069
3.586
4.112
4.4
4.369
4.217
4.135
4.024
3.731
3.375
3.121
3.003
2.912
2.74
2.495
2.354
2.393
2.42
2.227
1.898
1.749
1.862
1.96
1.778
1.513
1.465
1.554
1.427
1.021
0.735
0.853
1.134
1.193
1.043
0.923
0.934
0.894
0.608
0.116
-0.304
-0.397
-0.174
0.154
0.381
0.528
0.767
1.089
1.2
0.907
0.535
0.542
0.882
1.164
1.202
1.252
1.549
1.912
2.001
1.805
1.622
1.597
1.626
1.663
1.762
1.987
2.268
2.5
2.559
2.366
2.023
1.76
1.665
1.667
1.642
1.679
1.88
2.125
2.171
1.951
1.62
1.302
0.989
0.687
0.49
0.54
0.846
1.209
1.388
1.322
1.127
0.968
0.875
0.717
0.435
0.193
0.104
0.111
0.134
0.138
0.05
-0.147
-0.395
-0.612
-0.798
-0.928
-0.971
-0.896
-0.751
-0.667
-0.717
-0.821
-0.923
-1.025
-1.08
-0.982
-0.767
-0.562
-0.383
-0.195
-0.095
-0.154
-0.322
-0.483
-0.603
-0.676
-0.585
-0.299
0.02
0.168
0.15
0.122
0.154
0.166
0.095
-0.034
-0.195
-0.277
-0.245
-0.181
-0.138
-0.107
-0.027
0.075
0.184
0.24
0.247
0.274
0.361
0.379
0.288
0.141
0.045
0.079
0.177
0.193
0.118
0.036
0.011
0
-0.023
-0.093
-0.204
-0.308
-0.399
-0.481
-0.508
-0.454
-0.376
-0.327
-0.34
-0.429
-0.549
-0.717
-0.968
-1.279
-1.576
-1.728
-1.669
-1.511
-1.388
-1.293
-1.179
-1.018
-0.932
-1.037
-1.254
-1.386
-1.402
-1.415
-1.47
-1.49
-1.409
-1.241
-1.084
-1.043
-1.077
-1.077
-1.023
-0.962
-0.916
-0.837
-0.708
-0.585
-0.515
-0.519
-0.585
-0.662
-0.719
-0.739
-0.757
-0.767
-0.685
-0.56
-0.503
-0.528
-0.581
-0.567
-0.474
-0.41
-0.426
-0.438
-0.392
-0.397
-0.576
-0.885
-1.155
-1.32
-1.47
-1.656
-1.846
-1.955
-1.948
-1.869
-1.873
-2.014
-2.166
-2.237
-2.245
-2.286
-2.379
-2.447
-2.422
-2.361
-2.363
-2.416
-2.452
-2.529
-2.686
-2.862
-2.935
-2.867
-2.699
-2.525
-2.352
-2.168
-2.001
-1.923
-1.973
-2.157
-2.373
-2.522
-2.563
-2.506
-2.402
-2.255
-2.039
-1.787
-1.631
-1.597
-1.644
-1.699
-1.715
-1.715
-1.733
-1.728
-1.606
-1.447
-1.354
-1.381
-1.449
-1.488
-1.542
-1.66
-1.792
-1.853
-1.805
-1.726
-1.679
-1.635
-1.554
-1.488
-1.47
-1.456
-1.424
-1.404
-1.406
-1.399
-1.395
-1.461
-1.62
-1.821
-1.991
-2.123
-2.232
-2.282
-2.171
-1.946
-1.726
-1.588
-1.497
-1.481
-1.592
-1.803
-1.996
-2.114
-2.198
-2.259
-2.245
-2.134
-1.987
-1.855
-1.772
-1.767
-1.858
-1.987
-2.048
-2.035
-2.012
-1.971
-1.869
-1.744
-1.715
-1.801
-1.908
-2.041
-2.243
-2.422
-2.475
-2.418
-2.352
-2.311
-2.241
-2.141
-2.109
-2.175
-2.241
-2.241
-2.196
-2.171
-2.15
-2.159
-2.193
-2.243
-2.304
-2.361
-2.391
-2.377
-2.327
-2.268
-2.187
-2.078
-1.978
-1.923
-1.962
-2.05
-2.153
-2.23
-2.3
-2.359
-2.402
-2.413
-2.397
-2.359
-2.296
-2.284
-2.329
-2.343
-2.296
-2.255
-2.277
-2.318
-2.293
-2.205
-2.143
-2.146
-2.237
-2.334
-2.4
-2.436
-2.472
-2.486
-2.422
-2.279
-2.098
-1.944
-1.805
-1.703
-1.672
-1.701
-1.726
-1.731
-1.731
-1.74
-1.769
-1.776
-1.774
-1.772
-1.746
-1.731
-1.769
-1.833
-1.892
-1.944
-2.01
-2.103
-2.15
-2.13
-2.105
-2.148
-2.23
-2.286
-2.329
-2.388
-2.488
-2.622
-2.747
-2.833
-2.899
-2.921
-2.892
-2.819
-2.738
-2.686
-2.681
-2.72
-2.803
-2.917
-3.037
-3.117
-3.169
-3.189
-3.157
-3.137
-3.103
-2.992
-2.867
-2.815
-2.872
-2.933
-2.933
-2.919
-2.955
-2.999
-2.994
-2.919
-2.813
-2.733
-2.661
-2.599
-2.538
-2.484
-2.456
-2.429
-2.359
-2.241
-2.157
-2.168
-2.234
-2.284
-2.275
-2.218
-2.143
-2.062
-1.994
-1.914
-1.808
-1.772
-1.846
-1.985
-2.085
-2.109
-2.123
-2.143
-2.062
-1.871
-1.731
-1.735
-1.855
-1.989
-2.064
-2.164
-2.307
-2.441
-2.486
-2.456
-2.422
-2.388
-2.377
-2.348
-2.341
-2.402
-2.522
-2.631
-2.674
-2.665
-2.702
-2.783
-2.831
-2.826
-2.779
-2.74
-2.74
-2.754
-2.756
-2.702
-2.602
-2.54
-2.577
-2.661
-2.736
-2.824
-2.931
-2.958
-2.878
-2.781
-2.706
-2.618
-2.479
-2.289
-2.121
-2.05
-2.073
-2.166
-2.277
-2.354
-2.391
-2.422
-2.445
-2.456
-2.479
-2.538
-2.581
-2.513
-2.382
-2.291
-2.243
-2.178
-2.119
-2.121
-2.148
-2.173
-2.225
-2.296
-2.345
-2.348
-2.336
-2.352
-2.407
-2.441
-2.447
-2.497
-2.563
-2.597
-2.631
-2.683
-2.692
-2.624
-2.54
-2.515
-2.554
-2.588
-2.57
-2.504
-2.452
-2.477
-2.624
-2.769
-2.79
-2.724
-2.643
-2.556
-2.447
-2.348
-2.286
-2.264
-2.248
-2.232
-2.223
-2.239
-2.298
-2.334
-2.309
-2.232
-2.141
-2.085
-2.06
-2.019
-1.953
-1.876
-1.828
-1.844
-1.91
-2.014
-2.08
-2.053
-1.944
-1.794
-1.638
-1.54
-1.504
-1.477
-1.42
-1.338
-1.306
-1.39
-1.567
-1.728
-1.851
-1.898
-1.864
-1.794
-1.751
-1.751
-1.76
-1.717
-1.642
-1.595
-1.595
-1.633
-1.61
-1.499
-1.386
-1.313
-1.266
-1.245
-1.222
-1.179
-1.207
-1.374
-1.617
-1.803
-1.903
-2.019
-2.196
-2.323
-2.273
-2.141
-2.053
-2.023
-2.01
-1.991
-1.976
-2.003
-2.089
-2.178
-2.23
-2.243
-2.248
-2.264
-2.277
-2.234
-2.119
-1.96
-1.81
-1.697
-1.633
-1.647
-1.703
-1.772
-1.824
-1.833
-1.839
-1.88
-1.912
-1.901
-1.86
-1.853
-1.919
-1.982
-1.948
-1.826
-1.735
-1.742
-1.767
-1.728
-1.663
-1.615
-1.561
-1.461
-1.309
-1.152
-1.059
-1.032
-1.003
-0.953
-0.9
-0.832
-0.773
-0.769
-0.764
-0.69
-0.576
-0.551
-0.635
-0.723
-0.749
-0.728
-0.708
-0.669
-0.61
-0.606
-0.678
-0.769
-0.826
-0.86
-0.826
-0.755
-0.69
-0.651
-0.683
-0.771
-0.837
-0.889
-0.993
-1.141
-1.288
-1.415
-1.452
-1.372
-1.252
-1.168
-1.143
-1.159
-1.175
-1.127
-1.098
-1.136
-1.22
-1.3
-1.39
-1.492
-1.597
-1.71
-1.81
-1.88
-1.948
-1.969
-1.935
-1.894
-1.849
-1.796
-1.753
-1.735
-1.717
-1.667
-1.599
-1.567
-1.565
-1.549
-1.506
-1.47
-1.427
-1.309
-1.161
-1.109
-1.102
-1.043
-0.95
-0.925
-0.962
-0.987
-0.996
-1.018
-1.016
-0.962
-0.88
-0.846
-0.889
-0.925
-0.937
-0.957
-0.98
-0.912
-0.789
-0.744
-0.744
-0.692
-0.642
-0.649
-0.712
-0.78
-0.78
-0.735
-0.723
-0.703
-0.615
-0.488
-0.406
-0.381
-0.367
-0.333
-0.313
-0.32
-0.37
-0.431
-0.476
-0.499
-0.456
-0.381
-0.311
-0.272
-0.218
-0.127
-0.082
-0.086
-0.016
0.086
0.111
0.063
0.036
0.113
0.163
0.1
0.007
-0.009
-0.011
-0.082
-0.204
-0.299
-0.358
-0.404
-0.392
-0.327
-0.256
-0.204
-0.095
0.095
0.295
0.39
0.356
0.277
0.181
0.027
-0.174
-0.331
-0.417
-0.474
-0.556
-0.612
-0.574
-0.481
-0.386
-0.292
-0.247
-0.277
-0.322
-0.32
-0.302
-0.313
-0.354
-0.365
-0.358
-0.374
-0.395
-0.363
-0.302
-0.265
-0.272
-0.233
-0.104
0.045
0.161
0.261
0.379
0.492
0.54
0.553
0.626
0.694
0.671
0.617
0.631
0.656
0.61
0.594
0.653
0.721
0.739
0.76
0.823
0.928
1.021
1.086
1.157
1.234
1.311
1.34
1.336
1.381
1.438
1.363
1.177
1.018
0.909
0.819
0.744
0.71
0.744
0.776
0.757
0.717
0.694
0.69
0.678
0.642
0.59
0.549
0.526
0.483
0.424
0.395
0.392
0.417
0.44
0.458
0.506
0.581
0.631
0.635
0.61
0.597
0.587
0.542
0.435
0.299
0.181
0.145
0.218
0.374
0.547
0.635
0.642
0.674
0.698
0.669
0.658
0.685
0.717
0.714
0.692
0.685
0.703
0.68
0.615
0.565
0.549
0.576
0.658
0.776
0.873
0.934
0.971
1.005
1.048
1.052
1.014
0.984
0.998
1.007
1.021
1.116
1.279
1.422
1.479
1.454
1.415
1.402
1.438
1.538
1.633
1.726
1.821
1.894
1.957
2.012
2.075
2.125
2.162
2.207
2.261
2.323
2.377
2.454
2.525
2.559
2.59
2.654
2.745
2.842
2.942
3.037
3.092
3.112
3.121
3.094
3.008
2.896
2.769
2.638
2.552
2.518
2.538
2.572
2.627
2.681
2.686
2.631
2.561
2.452
2.286
2.109
1.971
1.896
1.894
1.946
1.985
2.007
2.016
2.014
2.005
1.951
1.867
1.796
1.701
1.556
1.415
1.318
1.256
1.238
1.268
1.352
1.47
1.624
1.783
1.926
2.055
2.15
2.189
2.209
2.225
2.25
2.282
2.327
2.393
2.459
2.504
2.559
2.624
2.643
2.62
2.608
2.631
2.681
2.774
2.883
2.967
3.046
3.101
3.117
3.132
3.169
3.187
3.194
3.16
3.123
3.139
3.191
3.205
3.191
3.205
3.223
3.255
3.323
3.461
3.629
3.765
3.833
3.831
3.765
3.668
3.575
3.455
3.341
3.232
3.108
2.978
2.872
2.783
2.695
2.674
2.713
2.774
2.849
2.933
2.99
3.019
3.001
2.933
2.885
2.869
2.876
2.883
2.86
2.831
2.849
2.887
2.901
2.881
2.878
2.91
2.949
2.965
3.001
3.112
3.268
3.357
3.359
3.35
3.389
3.439
3.445
3.411
3.391
3.352
3.298
3.262
3.235
3.189
3.123
3.064
3.044
3.087
3.194
3.371
3.529
3.618
3.67
3.709
3.761
3.815
3.797
3.72
3.647
3.638
3.65
3.607
3.491
3.386
3.359
3.341
3.282
3.244
3.273
3.28
3.255
3.203
3.146
3.105
3.096
3.096
3.087
3.049
3.044
3.108
3.155
3.178
3.207
3.239
3.241
3.207
3.198
3.244
3.309
3.359
3.398
3.457
3.55
3.67
3.795
3.915
3.983
3.949
3.888
3.885
3.89
3.822
3.711
3.62
3.532
3.452
3.386
3.375
3.452
3.575
3.666
3.709
3.729
3.725
3.718
3.725
3.729
3.72
3.74
3.781
3.804
3.806
3.788
3.761
3.718
3.641
3.495
3.364
3.302
3.284
3.241
3.228
3.327
3.507
3.641
3.725
3.795
3.84
3.84
3.845
3.851
3.815
3.709
3.586
3.52
3.523
3.529
3.52
3.552
3.659
3.774
3.847
3.895
3.94
4.047
4.162
4.235
4.226
4.21
4.228
4.244
4.224
4.16
4.072
3.965
3.854
3.736
3.6
3.491
3.42
3.357
3.343
3.377
3.441
3.523
3.609
3.659
3.672
3.645
3.575
3.491
3.407
3.305
3.191
3.103
3.076
3.101
3.108
3.103
3.173
3.325
3.468
3.609
3.759
3.885
3.931
3.901
3.863
3.865
3.824
3.688
3.525
3.418
3.343
3.284
3.196
3.114
3.055
3.039
3.073
3.096
3.078
3.071
3.135
3.214
3.25
3.189
3.11
3.064
3.008
2.894
2.733
2.559
2.429
2.413
2.436
2.425
2.393
2.422
2.518
2.615
2.665
2.638
2.57
2.515
2.493
2.432
2.32
2.191
2.13
2.121
2.107
2.087
2.109
2.178
2.23
2.248
2.271
2.279
2.22
2.146
2.134
2.162
2.162
2.146
2.162
2.232
2.32
2.363
2.363
2.318
2.304
2.345
2.384
2.366
2.332
2.386
2.511
2.62
2.658
2.656
2.652
2.649
2.645
2.631
2.57
2.47
2.409
2.42
2.411
2.302
2.178
2.134
2.157
2.155
2.132
2.112
2.105
2.123
2.159
2.148
2.044
1.93
1.912
1.969
2.019
2.085
2.196
2.307
2.352
2.363
2.35
2.3
2.214
2.141
2.096
2.037
1.921
1.817
1.817
1.858
1.819
1.699
1.558
1.477
1.463
1.481
1.454
1.365
1.266
1.216
1.207
1.191
1.15
1.139
1.166
1.191
1.218
1.225
1.195
1.139
1.127
1.12
1.039
0.916
0.844
0.85
0.921
0.964
0.937
0.912
0.919
0.987
1.089
1.107
1.003
0.896
0.923
1.027
1.096
1.127
1.166
1.207
1.202
1.155
1.098
1.041
0.968
0.921
0.882
0.778
0.635
0.531
0.558
0.66
0.683
0.621
0.587
0.649
0.792
0.88
0.835
0.701
0.585
0.488
0.367
0.209
0.086
0.059
0.014
-0.095
-0.154
-0.15
-0.17
-0.204
-0.209
-0.229
-0.288
-0.338
-0.324
-0.25
-0.206
-0.279
-0.399
-0.46
-0.433
-0.383
-0.392
-0.474
-0.544
-0.51
-0.422
-0.363
-0.322
-0.254
-0.143
-0.029
0.059
0.159
0.272
0.299
0.213
0.159
0.145
0.025
-0.222
-0.424
-0.483
-0.454
-0.426
-0.399
-0.338
-0.245
-0.172
-0.179
-0.272
-0.404
-0.517
-0.61
-0.698
-0.792
-0.887
-0.98
-1.098
-1.225
-1.365
-1.574
-1.864
-2.098
-2.216
-2.296
-2.459
-2.649
-2.724
-2.647
-2.611
-2.706
-2.794
-2.776
-2.67
-2.527
-2.393
-2.293
-2.245
-2.239
-2.268
-2.259
-2.114
-1.862
-1.658
-1.579
-1.467
-1.209
-0.853
-0.494
-0.145
0.218
0.576
0.844
0.982
1.08
1.191
1.204
1.089
0.964
0.878
0.755
0.533
0.274
0.048
-0.104
-0.215
-0.308
-0.417
-0.576
-0.733
-0.821
-0.816
-0.762
-0.742
-0.812
-0.914
-0.937
-0.916
-0.989
-1.136
-1.225
-1.207
-1.245
-1.454
-1.746
-1.917
-1.93
-1.985
-2.223
-2.477
-2.568
-2.624
-2.79
-3.014
-3.219
-3.396
-3.527
-3.634
-3.745
-3.849
-3.938
-3.954
-3.797
-3.502
-3.171
-2.915
-2.803
-2.826
-2.865
-2.894
-2.974
-3.117
-3.169
-3.071
-2.865
-2.597
-2.289
-2.03
-1.908
-1.908
-1.948
-1.996
-2.148
-2.329
-2.359
-2.225
-2.035
-1.876
-1.746
-1.644
-1.576
-1.545
-1.561
-1.57
-1.427
-1.1
-0.803
-0.712
-0.753
-0.785
-0.805
-0.866
-0.968
-1.059
-1.102
-1.139
-1.161
-1.143
-1.155
-1.327
-1.683
-2.078
-2.363
-2.59
-2.844
-3.13
-3.302
-3.319
-3.262
-3.257
-3.327
-3.511
-3.802
-4.126
-4.337
-4.38
-4.303
-4.178
-4.013
-3.824
-3.702
-3.727
-3.84
-3.901
-3.897
-3.872
-3.815
-3.711
-3.511
-3.225
-3.026
-2.992
-3.037
-3.055
-3.071
-3.13
-3.176
-3.117
-2.965
-2.813
-2.679
-2.572
-2.527
-2.54
-2.579
-2.633
-2.658
-2.59
-2.477
-2.377
-2.275
-2.171
-2.098
-2.103
-2.196
-2.352
-2.509
-2.638
-2.722
-2.672
-2.479
-2.298
-2.243
-2.225
-2.171
-2.157
-2.234
-2.359
-2.504
-2.618
-2.636
-2.586
-2.549
-2.586
-2.663
-2.776
-2.953
-3.085
-3.13
-3.185
-3.253
-3.257
-3.164
-3.053
-3.055
-3.196
-3.373
-3.504
-3.666
-3.836
-3.874
-3.77
-3.62
-3.52
-3.482
-3.489
-3.545
-3.675
-3.84
-3.985
-4.087
-4.135
-4.126
-4.056
-3.913
-3.711
-3.582
-3.593
-3.638
-3.629
-3.652
-3.702
-3.684
-3.568
-3.409
-3.278
-3.182
-3.103
-3.044
-3.01
-2.96
-2.869
-2.749
-2.633
-2.527
-2.427
-2.345
-2.279
-2.216
-2.155
-2.125
-2.1
-2.078
-2.089
-2.137
-2.198
-2.268
-2.341
-2.411
-2.466
-2.488
-2.511
-2.536
-2.538
-2.491
-2.422
-2.393
-2.42
-2.452
-2.509
-2.629
-2.751
-2.785
-2.742
-2.72
-2.699
-2.658
-2.57
-2.479
-2.522
-2.708
-2.926
-3.098
-3.194
-3.302
-3.47
-3.584
-3.57
-3.464
-3.352
-3.302
-3.253
-3.139
-3.053
-3.078
-3.123
-3.103
-3.073
-3.076
-3.039
-2.919
-2.772
-2.631
-2.486
-2.32
-2.191
-2.1
-1.985
-1.862
-1.839
-1.885
-1.912
-1.91
-1.921
-1.969
-1.989
-1.982
-1.967
-1.978
-2.037
-2.132
-2.212
-2.266
-2.354
-2.481
-2.574
-2.608
-2.599
-2.565
-2.563
-2.597
-2.647
-2.702
-2.767
-2.828
-2.872
-2.955
-3.067
-3.142
-3.166
-3.18
-3.21
-3.262
-3.337
-3.439
-3.557
-3.625
-3.604
-3.602
-3.668
-3.738
-3.765
-3.718
-3.647
-3.609
-3.625
-3.611
-3.538
-3.457
-3.396
-3.355
-3.366
-3.382
-3.4
-3.461
-3.548
-3.593
-3.595
-3.595
-3.586
-3.523
-3.436
-3.398
-3.414
-3.436
-3.502
-3.641
-3.799
-3.883
-3.904
-3.904
-3.897
-3.89
-3.885
-3.861
-3.774
-3.661
-3.52
-3.346
-3.171
-3.017
-2.824
-2.647
-2.525
-2.393
-2.25
-2.123
-1.991
-1.817
-1.638
-1.438
-1.191
-0.905
-0.59
-0.345
-0.179
-0.059
0.02
0.036
0.068
0.143
0.238
0.34
0.479
0.662
0.832
0.939
0.966
0.993
1.059
1.114
1.084
1.03
1.041
1.089
1.116
1.132
1.157
1.148
1.111
1.075
1.048
0.993
0.907
0.841
0.846
0.839
0.767
0.653
0.508
0.345
0.191
0.054
-0.079
-0.231
-0.483
-0.778
-1.03
-1.238
-1.463
-1.697
-1.849
-1.892
-1.864
-1.79
-1.694
-1.613
-1.513
-1.354
-1.179
-1.12
-1.195
-1.347
-1.443
-1.415
-1.325
-1.22
-1.123
-1.043
-0.975
-0.919
-0.88
-0.798
-0.696
-0.637
-0.597
-0.526
-0.454
-0.458
-0.513
-0.565
-0.612
-0.644
-0.619
-0.542
-0.435
-0.317
-0.243
-0.168
-0.016
0.2
0.395
0.533
0.547
0.404
0.231
0.211
0.29
0.233
-0.002
-0.256
-0.454
-0.585
-0.61
-0.558
-0.515
-0.533
-0.585
-0.624
-0.649
-0.649
-0.653
-0.696
-0.807
-0.898
-0.957
-1.027
-1.109
-1.15
-1.195
-1.272
-1.311
-1.25
-1.143
-1.037
-0.912
-0.773
-0.644
-0.538
-0.46
-0.408
-0.426
-0.538
-0.678
-0.762
-0.746
-0.644
-0.535
-0.438
-0.333
-0.197
0.004
0.265
0.499
0.649
0.68
0.646
0.597
0.54
0.508
0.497
0.488
0.49
0.547
0.653
0.773
0.916
1.062
1.229
1.415
1.556
1.579
1.508
1.368
1.2
1.052
0.898
0.769
0.687
0.603
0.501
0.41
0.327
0.261
0.177
0.088
0.014
-0.043
-0.086
-0.166
-0.288
-0.442
-0.631
-0.805
-0.925
-0.993
-1.098
-1.22
-1.288
-1.248
-1.168
-1.086
-1.014
-0.968
-1.021
-1.125
-1.202
-1.266
-1.293
-1.243
-1.168
-1.159
-1.161
-1.043
-0.83
-0.642
-0.538
-0.431
-0.256
-0.095
0.02
0.141
0.247
0.283
0.302
0.415
0.603
0.787
0.912
1.007
1.082
1.179
1.322
1.472
1.567
1.536
1.447
1.354
1.27
1.225
1.248
1.334
1.372
1.318
1.229
1.214
1.279
1.347
1.359
1.288
1.166
1.091
1.109
1.134
1.057
0.835
0.576
0.44
0.404
0.372
0.272
0.125
0.004
-0.018
0.082
0.238
0.313
0.268
0.204
0.233
0.261
0.236
0.218
0.209
0.15
0.073
0.052
0.143
0.281
0.408
0.526
0.624
0.671
0.665
0.656
0.637
0.576
0.458
0.295
0.177
0.125
0.093
0.029
-0.02
-0.014
0.048
0.163
0.288
0.381
0.392
0.322
0.215
0.12
0.075
0.113
0.145
0.118
0.086
0.143
0.281
0.458
0.621
0.737
0.823
0.866
0.889
0.937
0.946
0.832
0.678
0.581
0.551
0.49
0.345
0.186
0.063
0.016
0.039
0.122
0.17
0.15
0.054
-0.1
-0.258
-0.363
-0.451
-0.574
-0.728
-0.841
-0.873
-0.894
-0.937
-0.987
-0.998
-0.987
-1.032
-1.141
-1.234
-1.22
-1.193
-1.216
-1.241
-1.193
-1.139
-1.173
-1.261
-1.311
-1.345
-1.411
-1.465
-1.409
-1.27
-1.207
-1.236
-1.245
-1.175
-1.071
-0.989
-0.898
-0.778
-0.612
-0.413
-0.224
-0.075
0.073
0.218
0.327
0.381
0.458
0.592
0.692
0.726
0.776
0.839
0.866
0.846
0.785
0.73
0.728
0.757
0.837
0.946
1.025
1.018
0.934
0.807
0.687
0.538
0.372
0.213
0.097
0.05
0.05
0.091
0.159
0.25
0.331
0.361
0.297
0.174
0.066
0.011
-0.016
-0.082
-0.168
-0.218
-0.22
-0.263
-0.383
-0.444
-0.367
-0.254
-0.168
-0.088
0.032
0.141
0.166
0.113
0.077
0.138
0.283
0.41
0.492
0.619
0.841
1.071
1.2
1.275
1.35
1.37
1.288
1.195
1.204
1.27
1.279
1.27
1.325
1.359
1.275
1.159
1.182
1.311
1.379
1.365
1.381
1.492
1.592
1.565
1.447
1.377
1.329
1.238
1.155
1.173
1.284
1.379
1.409
1.39
1.352
1.291
1.189
1.052
0.937
0.871
0.823
0.814
0.792
0.728
0.649
0.606
0.617
0.633
0.615
0.578
0.603
0.687
0.749
0.76
0.816
0.944
1.023
1.009
0.982
1.034
1.168
1.315
1.438
1.531
1.513
1.331
1.102
0.946
0.853
0.778
0.744
0.785
0.844
0.844
0.83
0.88
0.996
1.048
0.993
0.916
0.894
0.866
0.798
0.749
0.776
0.848
0.889
0.93
1.012
1.139
1.263
1.35
1.422
1.526
1.606
1.585
1.506
1.433
1.381
1.32
1.281
1.295
1.329
1.309
1.236
1.207
1.229
1.229
1.179
1.161
1.157
1.062
0.885
0.798
0.837
0.887
0.86
0.816
0.862
0.962
1.057
1.109
1.15
1.189
1.193
1.161
1.161
1.179
1.148
1.041
0.98
1.027
1.132
1.236
1.3
1.318
1.311
1.306
1.302
1.243
1.145
1.077
1.03
0.993
1.052
1.211
1.356
1.44
1.524
1.633
1.731
1.79
1.819
1.826
1.778
1.683
1.635
1.692
1.828
1.978
2.078
2.159
2.241
2.304
2.289
2.193
2.075
1.951
1.815
1.629
1.463
1.388
1.431
1.49
1.477
1.445
1.454
1.511
1.572
1.64
1.658
1.599
1.506
1.461
1.402
1.281
1.189
1.204
1.293
1.365
1.44
1.583
1.722
1.769
1.783
1.846
1.932
1.96
1.88
1.803
1.778
1.772
1.78
1.851
1.914
1.917
1.93
2.023
2.132
2.171
2.164
2.15
2.15
2.107
2.001
1.921
1.923
1.937
1.939
1.964
2.032
2.13
2.207
2.2
2.125
2.044
2.03
2.096
2.123
2.069
1.994
1.948
1.935
1.953
1.996
2.039
2.071
2.089
2.087
2.082
2.125
2.196
2.234
2.216
2.182
2.184
2.216
2.218
2.182
2.184
2.223
2.239
2.232
2.212
2.175
2.1
1.969
1.883
1.873
1.853
1.76
1.647
1.585
1.52
1.449
1.422
1.452
1.483
1.431
1.309
1.236
1.218
1.193
1.13
1.077
1.08
1.136
1.232
1.327
1.393
1.452
1.481
1.454
1.397
1.397
1.409
1.374
1.325
1.295
1.286
1.297
1.311
1.309
1.254
1.179
1.139
1.198
1.331
1.472
1.565
1.588
1.597
1.644
1.738
1.867
2.003
2.1
2.155
2.214
2.304
2.384
2.427
2.432
2.397
2.332
2.25
2.18
2.153
2.128
2.064
1.955
1.851
1.783
1.722
1.615
1.536
1.495
1.44
1.363
1.331
1.34
1.277
1.148
1.064
1.089
1.148
1.211
1.288
1.406
1.547
1.644
1.69
1.679
1.622
1.579
1.538
1.508
1.456
1.372
1.311
1.286
1.229
1.145
1.116
1.141
1.143
1.127
1.13
1.145
1.182
1.243
1.275
1.259
1.227
1.173
1.114
1.111
1.141
1.2
1.291
1.393
1.477
1.563
1.635
1.692
1.697
1.635
1.542
1.447
1.359
1.284
1.234
1.186
1.184
1.216
1.272
1.34
1.415
1.456
1.456
1.447
1.436
1.479
1.572
1.601
1.563
1.54
1.567
1.604
1.633
1.685
1.722
1.708
1.663
1.622
1.617
1.617
1.631
1.615
1.576
1.526
1.506
1.511
1.497
1.488
1.511
1.524
1.447
1.286
1.159
1.127
1.132
1.145
1.17
1.2
1.209
1.204
1.198
1.189
1.148
1.098
1.08
1.039
0.944
0.835
0.773
0.742
0.692
0.642
0.628
0.644
0.683
0.757
0.85
0.905
0.907
0.916
0.991
1.052
1.041
0.971
0.909
0.887
0.887
0.873
0.85
0.819
0.807
0.801
0.789
0.762
0.737
0.701
0.662
0.612
0.565
0.531
0.51
0.513
0.553
0.587
0.562
0.472
0.342
0.206
0.104
0.063
0.104
0.193
0.292
0.408
0.558
0.792
1.025
1.193
1.318
1.467
1.606
1.688
1.751
1.839
1.896
1.842
1.749
1.726
1.735
1.74
1.753
1.758
1.753
1.746
1.756
1.785
1.837
1.817
1.706
1.572
1.458
1.388
1.306
1.209
1.098
0.975
0.873
0.801
0.76
0.807
0.923
1.023
1.034
1.023
1.064
1.139
1.191
1.232
1.232
1.148
1.021
0.923
0.862
0.776
0.719
0.726
0.721
0.696
0.642
0.585
0.528
0.467
0.429
0.444
0.503
0.565
0.59
0.64
0.751
0.857
0.916
0.966
0.991
0.964
0.921
0.909
0.93
0.921
0.916
0.973
1.068
1.168
1.272
1.372
1.436
1.431
1.379
1.311
1.202
1.023
0.801
0.562
0.304
0.091
-0.018
-0.059
-0.086
-0.1
-0.091
-0.061
-0.002
0.097
0.15
0.116
0.002
-0.186
-0.358
-0.46
-0.519
-0.542
-0.553
-0.619
-0.678
-0.674
-0.662
-0.683
-0.705
-0.719
-0.726
-0.749
-0.744
-0.71
-0.69
-0.662
-0.628
-0.599
-0.599
-0.624
-0.658
-0.698
-0.785
-0.891
-0.959
-0.978
-0.953
-0.889
-0.749
-0.526
-0.281
-0.048
0.17
0.358
0.494
0.562
0.581
0.549
0.451
0.308
0.181
0.109
0.136
0.213
0.272
0.299
0.365
0.506
0.703
0.853
0.914
0.944
0.941
0.846
0.687
0.567
0.501
0.465
0.456
0.463
0.454
0.424
0.395
0.361
0.333
0.333
0.381
0.458
0.522
0.535
0.549
0.565
0.558
0.528
0.497
0.431
0.322
0.191
0.043
-0.116
-0.256
-0.392
-0.528
-0.624
-0.667
-0.644
-0.565
-0.417
-0.274
-0.186
-0.132
-0.1
-0.104
-0.179
-0.313
-0.433
-0.497
-0.526
-0.569
-0.642
-0.714
-0.742
-0.726
-0.694
-0.674
-0.649
-0.597
-0.54
-0.501
-0.472
-0.447
-0.42
-0.401
-0.404
-0.39
-0.354
-0.313
-0.288
-0.286
-0.336
-0.435
-0.517
-0.556
-0.549
-0.517
-0.474
-0.444
-0.454
-0.451
-0.422
-0.46
-0.583
-0.767
-0.948
-1.082
-1.195
-1.345
-1.54
-1.728
-1.853
-1.908
-1.905
-1.892
-1.869
-1.83
-1.778
-1.706
-1.613
-1.533
-1.477
-1.449
-1.427
-1.415
-1.384
-1.318
-1.229
-1.148
-1.098
-1.098
-1.111
-1.091
-1.071
-1.084
-1.12
-1.107
-1.023
-0.889
-0.696
-0.517
-0.417
-0.345
-0.279
-0.252
-0.283
-0.351
-0.44
-0.513
-0.544
-0.542
-0.46
-0.331
-0.213
-0.132
-0.043
0.061
0.145
0.211
0.245
0.243
0.263
0.283
0.277
0.263
0.224
0.136
0.002
-0.136
-0.218
-0.243
-0.288
-0.408
-0.599
-0.81
-1.014
-1.22
-1.415
-1.549
-1.613
-1.595
-1.536
-1.479
-1.429
-1.397
-1.433
-1.542
-1.719
-1.91
-2.066
-2.187
-2.255
-2.255
-2.2
-2.1
-1.96
-1.772
-1.554
-1.374
-1.229
-1.073
-0.889
-0.653
-0.381
-0.163
0.004
0.2
0.408
0.626
0.832
1.039
1.3
1.647
1.955
2.134
2.202
2.175
2.06
1.855
1.638
1.424
1.211
0.953
0.669
0.42
0.233
0.05
-0.197
-0.544
-0.944
-1.302
-1.592
-1.776
-1.869
-1.883
-1.86
-1.855
-1.912
-2.055
-2.237
-2.393
-2.563
-2.776
-2.974
-3.139
-3.273
-3.416
-3.636
-3.901
-4.146
-4.335
-4.45
-4.471
-4.464
-4.505
-4.6
-4.698
-4.741
-4.754
-4.779
-4.795
-4.725
-4.546
-4.276
-3.967
-3.636
-3.275
-2.908
-2.52
-2.128
-1.756
-1.393
-1.043
-0.767
-0.508
-0.206
0.077
0.281
0.458
0.644
0.819
0.978
1.125
1.252
1.359
1.465
1.622
1.858
2.116
2.402
2.674
2.872
2.921
2.908
2.976
3.078
3.108
3.039
2.899
2.763
2.667
2.552
2.377
2.18
2.005
1.835
1.658
1.488
1.336
1.175
0.934
0.565
0.059
-0.485
-0.971
-1.424
-1.878
-2.304
-2.726
-3.13
-3.455
-3.702
-3.949
-4.199
-4.389
-4.487
-4.493
-4.421
-4.294
-4.153
-3.985
-3.824
-3.727
-3.656
-3.6
-3.532
-3.473
-3.425
-3.427
-3.491
-3.568
-3.625
-3.636
-3.541
-3.33
-3.044
-2.713
-2.359
-2.001
-1.62
-1.241
-0.896
-0.628
-0.433
-0.258
-0.054
0.163
0.349
0.499
0.626
0.683
0.644
0.585
0.583
0.637
0.719
0.807
0.921
1.059
1.229
1.388
1.486
1.502
1.467
1.39
1.334
1.288
1.189
0.984
0.714
0.413
0.134
-0.12
-0.338
-0.472
-0.49
-0.488
-0.508
-0.513
-0.524
-0.558
-0.658
-0.801
-0.973
-1.229
-1.517
-1.749
-1.917
-2.057
-2.166
-2.22
-2.216
-2.212
-2.223
-2.155
-1.996
-1.837
-1.692
-1.529
-1.37
-1.209
-1.025
-0.821
-0.621
-0.46
-0.336
-0.177
-0.004
0.134
0.191
0.213
0.277
0.358
0.374
0.367
0.451
0.64
0.894
1.182
1.467
1.76
2.041
2.261
2.393
2.438
2.384
2.261
2.168
2.107
2.037
1.917
1.801
1.774
1.762
1.64
1.488
1.384
1.261
1.077
0.93
0.889
0.871
0.789
0.69
0.621
0.508
0.279
0.066
-0.048
-0.109
-0.174
-0.231
-0.279
-0.404
-0.712
-1.089
-1.352
-1.492
-1.599
-1.667
-1.656
-1.601
-1.522
-1.458
-1.397
-1.327
-1.297
-1.338
-1.431
-1.533
-1.633
-1.749
-1.803
-1.746
-1.722
-1.835
-1.942
-1.887
-1.762
-1.724
-1.733
-1.631
-1.422
-1.259
-1.179
-1.064
-0.93
-0.873
-0.898
-0.889
-0.778
-0.696
-0.676
-0.66
-0.635
-0.671
-0.764
-0.826
-0.771
-0.694
-0.719
-0.769
-0.687
-0.542
-0.499
-0.508
-0.424
-0.322
-0.39
-0.54
-0.617
-0.651
-0.721
-0.814
-0.846
-0.826
-0.889
-1.071
-1.259
-1.347
-1.397
-1.443
-1.431
-1.356
-1.295
-1.286
-1.27
-1.236
-1.234
-1.327
-1.456
-1.529
-1.529
-1.536
-1.556
-1.511
-1.372
-1.284
-1.27
-1.227
-1.143
-1.105
-1.1
-1.041
-0.885
-0.708
-0.59
-0.483
-0.331
-0.184
-0.141
-0.107
0.043
0.227
0.297
0.286
0.306
0.345
0.295
0.132
-0.02
-0.122
-0.209
-0.279
-0.302
-0.231
-0.122
-0.036
0.029
0.073
0.029
-0.122
-0.288
-0.42
-0.574
-0.805
-1.057
-1.211
-1.275
-1.368
-1.533
-1.665
-1.703
-1.708
-1.735
-1.76
-1.78
-1.844
-1.932
-2.012
-2.089
-2.2
-2.323
-2.409
-2.427
-2.413
-2.345
-2.227
-2.082
-1.973
-1.93
-1.908
-1.858
-1.808
-1.805
-1.787
-1.694
-1.533
-1.318
-1.075
-0.885
-0.698
-0.544
-0.499
-0.501
-0.513
-0.551
-0.601
-0.637
-0.692
-0.785
-0.839
-0.787
-0.671
-0.619
-0.576
-0.435
-0.252
-0.132
-0.104
-0.095
-0.073
-0.107
-0.233
-0.417
-0.59
-0.723
-0.814
-0.857
-0.841
-0.805
-0.739
-0.694
-0.726
-0.835
-0.953
-1.043
-1.059
-1
-0.944
-0.907
-0.841
-0.712
-0.631
-0.642
-0.617
-0.476
-0.338
-0.322
-0.327
-0.243
-0.075
0.043
0.084
0.145
0.274
0.454
0.644
0.86
1.066
1.198
1.3
1.388
1.39
1.3
1.161
1.062
1.03
1.018
0.982
0.962
1.016
1.114
1.139
1.102
1.139
1.256
1.304
1.22
1.132
1.132
1.157
1.109
1.025
0.982
0.978
0.937
0.9
0.937
0.978
0.964
1.03
1.182
1.288
1.313
1.304
1.295
1.325
1.356
1.361
1.411
1.52
1.547
1.449
1.395
1.479
1.588
1.604
1.54
1.479
1.422
1.347
1.291
1.263
1.252
1.232
1.214
1.229
1.248
1.238
1.236
1.256
1.261
1.214
1.102
0.996
0.903
0.764
0.587
0.458
0.388
0.288
0.147
0.05
-0.004
-0.048
-0.107
-0.166
-0.191
-0.22
-0.283
-0.363
-0.454
-0.528
-0.576
-0.633
-0.667
-0.644
-0.665
-0.773
-0.891
-0.975
-1.075
-1.211
-1.334
-1.422
-1.486
-1.565
-1.667
-1.765
-1.815
-1.826
-1.774
-1.644
-1.542
-1.547
-1.59
-1.599
-1.62
-1.69
-1.821
-1.939
-2.039
-2.173
-2.264
-2.218
-2.114
-2.041
-1.969
-1.869
-1.746
-1.644
-1.615
-1.599
-1.574
-1.579
-1.642
-1.672
-1.626
-1.57
-1.536
-1.433
-1.218
-0.966
-0.762
-0.574
-0.374
-0.238
-0.191
-0.177
-0.15
-0.061
0.088
0.279
0.454
0.615
0.742
0.86
0.998
1.161
1.25
1.236
1.202
1.15
1.048
0.959
0.885
0.787
0.669
0.533
0.406
0.306
0.22
0.109
-0.018
-0.107
-0.163
-0.272
-0.463
-0.665
-0.819
-0.964
-1.084
-1.145
-1.179
-1.225
-1.259
-1.248
-1.209
-1.222
-1.306
-1.438
-1.583
-1.703
-1.835
-1.957
-2.003
-2.005
-1.948
-1.803
-1.638
-1.554
-1.522
-1.504
-1.474
-1.477
-1.495
-1.49
-1.467
-1.474
-1.536
-1.561
-1.524
-1.44
-1.322
-1.145
-0.937
-0.737
-0.587
-0.474
-0.338
-0.22
-0.191
-0.238
-0.304
-0.372
-0.426
-0.451
-0.444
-0.383
-0.322
-0.274
-0.222
-0.184
-0.188
-0.2
-0.218
-0.283
-0.347
-0.376
-0.397
-0.417
-0.435
-0.447
-0.438
-0.397
-0.349
-0.322
-0.304
-0.324
-0.379
-0.472
-0.587
-0.671
-0.701
-0.698
-0.737
-0.744
-0.703
-0.653
-0.61
-0.567
-0.528
-0.558
-0.687
-0.864
-1.03
-1.173
-1.327
-1.467
-1.529
-1.531
-1.522
-1.497
-1.433
-1.313
-1.195
-1.125
-1.089
-1.068
-1.082
-1.089
-1.093
-1.127
-1.127
-1.009
-0.81
-0.635
-0.517
-0.386
-0.224
-0.104
-0.027
0.027
0.097
0.163
0.159
0.118
0.129
0.156
0.163
0.159
0.181
0.233
0.288
0.315
0.295
0.24
0.193
0.145
0.088
0.002
-0.093
-0.161
-0.186
-0.179
-0.122
-0.011
0.093
0.091
0.011
-0.045
-0.082
-0.17
-0.317
-0.454
-0.508
-0.499
-0.454
-0.351
-0.188
-0.016
0.132
0.25
0.283
0.211
0.145
0.122
0.084
0.007
-0.045
-0.086
-0.109
-0.079
0.061
0.286
0.454
0.522
0.597
0.705
0.821
0.878
0.828
0.703
0.547
0.372
0.277
0.345
0.508
0.674
0.853
1.025
1.15
1.234
1.302
1.374
1.393
1.388
1.415
1.454
1.452
1.436
1.488
1.561
1.529
1.418
1.311
1.268
1.259
1.241
1.193
1.118
0.98
0.816
0.687
0.631
0.626
0.626
0.599
0.553
0.483
0.408
0.392
0.361
0.245
0.111
0.052
0.048
0.05
0.104
0.215
0.292
0.297
0.261
0.256
0.263
0.265
0.238
0.202
0.129
0.036
-0.025
-0.011
0.048
0.082
0.057
-0.002
-0.016
0.02
0.095
0.213
0.34
0.444
0.506
0.538
0.562
0.637
0.762
0.866
0.944
1.039
1.168
1.291
1.359
1.402
1.431
1.384
1.311
1.238
1.225
1.286
1.384
1.495
1.581
1.608
1.551
1.431
1.334
1.304
1.318
1.329
1.315
1.261
1.173
1.093
1.039
0.964
0.819
0.619
0.431
0.327
0.311
0.345
0.324
0.191
0.018
-0.111
-0.188
-0.227
-0.204
-0.127
-0.045
-0.057
-0.161
-0.236
-0.24
-0.222
-0.272
-0.442
-0.667
-0.828
-0.848
-0.723
-0.533
-0.415
-0.379
-0.367
-0.354
-0.304
-0.191
-0.011
0.181
0.345
0.508
0.705
0.878
0.982
1.055
1.096
1.132
1.186
1.238
1.272
1.315
1.429
1.581
1.738
1.91
2.132
2.373
2.552
2.647
2.686
2.67
2.613
2.54
2.454
2.336
2.15
1.88
1.615
1.443
1.381
1.352
1.352
1.418
1.513
1.529
1.433
1.338
1.275
1.227
1.177
1.127
1.023
0.894
0.787
0.735
0.719
0.701
0.671
0.624
0.54
0.395
0.272
0.261
0.306
0.29
0.161
-0.009
-0.191
-0.376
-0.56
-0.728
-0.912
-1.161
-1.431
-1.64
-1.78
-1.921
-2.075
-2.248
-2.395
-2.486
-2.515
-2.488
-2.466
-2.466
-2.468
-2.484
-2.563
-2.658
-2.645
-2.502
-2.361
-2.309
-2.302
-2.255
-2.148
-1.989
-1.785
-1.554
-1.302
-1.098
-0.934
-0.785
-0.603
-0.404
-0.238
-0.125
-0.023
0.111
0.272
0.422
0.556
0.739
1.018
1.288
1.447
1.542
1.642
1.751
1.833
1.921
2.05
2.207
2.302
2.316
2.336
2.375
2.454
2.556
2.674
2.726
2.711
2.69
2.674
2.652
2.584
2.484
2.384
2.286
2.182
2.098
2.001
1.912
1.846
1.833
1.876
1.926
1.885
1.744
1.576
1.402
1.275
1.227
1.238
1.266
1.295
1.297
1.266
1.261
1.315
1.406
1.467
1.467
1.415
1.372
1.393
1.454
1.506
1.486
1.381
1.284
1.241
1.279
1.313
1.309
1.263
1.234
1.216
1.17
1.109
1.039
0.948
0.855
0.796
0.773
0.812
0.916
1.066
1.189
1.243
1.268
1.327
1.411
1.479
1.513
1.585
1.71
1.86
2.001
2.098
2.137
2.132
2.134
2.18
2.248
2.252
2.146
1.973
1.835
1.776
1.742
1.683
1.635
1.597
1.536
1.479
1.483
1.495
1.461
1.429
1.368
1.229
1.052
0.928
0.871
0.857
0.841
0.816
0.832
0.866
0.889
0.907
0.88
0.735
0.538
0.417
0.367
0.279
0.127
-0.032
-0.12
-0.079
0.009
0.082
0.122
0.145
0.17
0.222
0.286
0.349
0.392
0.44
0.497
0.576
0.694
0.866
1.084
1.336
1.581
1.796
2.007
2.264
2.511
2.686
2.767
2.828
2.885
2.919
2.962
3.003
3.01
2.98
2.974
3.01
3.069
3.103
3.096
3.044
2.976
2.917
2.824
2.652
2.432
2.205
1.969
1.74
1.536
1.379
1.225
1.016
0.76
0.494
0.258
0.063
-0.041
-0.104
-0.229
-0.429
-0.585
-0.646
-0.694
-0.714
-0.73
-0.812
-0.948
-1.023
-0.991
-0.955
-0.962
-0.966
-0.957
-0.946
-0.923
-0.85
-0.723
-0.624
-0.524
-0.422
-0.308
-0.209
-0.109
0
0.091
0.134
0.143
0.163
0.261
0.454
0.662
0.828
0.932
1.062
1.259
1.436
1.554
1.629
1.679
1.731
1.819
1.951
2.06
2.1
2.141
2.264
2.411
2.497
2.577
2.672
2.72
2.731
2.754
2.761
2.731
2.724
2.724
2.677
2.584
2.536
2.538
2.579
2.611
2.595
2.543
2.495
2.497
2.522
2.5
2.42
2.336
2.275
2.212
2.184
2.232
2.275
2.207
2.062
1.964
1.939
1.894
1.76
1.588
1.436
1.261
1.062
0.878
0.701
0.492
0.272
0.066
-0.102
-0.231
-0.338
-0.433
-0.551
-0.744
-0.978
-1.15
-1.263
-1.347
-1.433
-1.54
-1.633
-1.69
-1.708
-1.703
-1.64
-1.567
-1.52
-1.472
-1.413
-1.381
-1.377
-1.359
-1.327
-1.275
-1.234
-1.248
-1.304
-1.336
-1.325
-1.325
-1.336
-1.338
-1.311
-1.229
-1.141
-1.059
-0.982
-0.916
-0.844
-0.737
-0.61
-0.553
-0.519
-0.447
-0.37
-0.347
-0.338
-0.252
-0.12
-0.02
0.034
0.095
0.177
0.261
0.383
0.526
0.619
0.628
0.585
0.485
0.372
0.297
0.213
0.116
0.054
0.034
-0.007
-0.048
-0.059
-0.057
-0.079
-0.116
-0.159
-0.17
-0.141
-0.116
-0.125
-0.174
-0.252
-0.327
-0.338
-0.283
-0.231
-0.191
-0.152
-0.109
-0.061
0.011
0.086
0.109
0.082
0.066
0.086
0.059
-0.032
-0.102
-0.191
-0.29
-0.37
-0.42
-0.497
-0.56
-0.574
-0.562
-0.569
-0.624
-0.721
-0.796
-0.85
-0.934
-1.016
-1.075
-1.12
-1.17
-1.175
-1.111
-1.021
-0.964
-0.907
-0.826
-0.771
-0.721
-0.61
-0.51
-0.474
-0.429
-0.379
-0.367
-0.406
-0.501
-0.594
-0.631
-0.64
-0.644
-0.635
-0.599
-0.558
-0.592
-0.656
-0.717
-0.844
-0.998
-1.102
-1.184
-1.277
-1.359
-1.422
-1.449
-1.411
-1.331
-1.288
-1.279
-1.254
-1.211
-1.202
-1.218
-1.202
-1.143
-1.132
-1.145
-1.132
-1.109
-1.132
-1.161
-1.177
-1.159
-1.105
-1.055
-1.016
-0.987
-0.957
-0.964
-0.966
-0.944
-0.932
-0.914
-0.837
-0.712
-0.578
-0.435
-0.313
-0.184
-0.025
0.111
0.2
0.27
0.338
0.408
0.46
0.481
0.501
0.533
0.542
0.508
0.501
0.44
0.272
0.113
0.018
-0.048
-0.168
-0.317
-0.435
-0.533
-0.685
-0.889
-1.107
-1.315
-1.542
-1.787
-1.982
-2.141
-2.309
-2.47
-2.563
-2.622
-2.658
-2.656
-2.636
-2.622
-2.565
-2.454
-2.325
-2.196
-2.05
-1.869
-1.69
-1.558
-1.452
-1.27
-1.009
-0.83
-0.737
-0.56
-0.286
-0.12
-0.1
-0.036
0.127
0.277
0.317
0.288
0.25
0.188
0.127
0.045
-0.077
-0.179
-0.25
-0.383
-0.649
-0.991
-1.327
-1.59
-1.738
-1.774
-1.81
-1.944
-2.119
-2.273
-2.382
-2.518
-2.647
-2.67
-2.545
-2.327
-2.123
-1.98
-1.871
-1.858
-2.026
-2.338
-2.688
-2.976
-3.185
-3.305
-3.377
-3.441
-3.529
-3.652
-3.804
-3.974
-4.128
-4.171
-4.092
-3.963
-3.811
-3.652
-3.473
-3.312
-3.23
-3.214
-3.198
-3.073
-2.774
-2.416
-2.134
-1.917
-1.744
-1.62
-1.585
-1.624
-1.635
-1.508
-1.218
-0.848
-0.535
-0.329
-0.193
-0.159
-0.263
-0.406
-0.479
-0.481
-0.435
-0.351
-0.254
-0.17
-0.088
-0.079
-0.188
-0.376
-0.583
-0.753
-0.841
-0.839
-0.76
-0.594
-0.37
-0.193
-0.156
-0.233
-0.367
-0.553
-0.785
-0.984
-1.073
-1.041
-0.964
-0.93
-0.975
-1.134
-1.438
-1.787
-2.055
-2.234
-2.357
-2.436
-2.459
-2.416
-2.318
-2.289
-2.359
-2.5
-2.683
-2.865
-2.919
-2.806
-2.604
-2.409
-2.271
-2.207
-2.205
-2.245
-2.268
-2.166
-1.93
-1.606
-1.268
-0.937
-0.608
-0.354
-0.277
-0.347
-0.417
-0.397
-0.265
-0.05
0.233
0.581
0.912
1.08
1.064
0.957
0.801
0.601
0.442
0.381
0.426
0.583
0.789
0.923
0.912
0.746
0.483
0.181
-0.12
-0.342
-0.467
-0.528
-0.549
-0.576
-0.66
-0.823
-1.027
-1.195
-1.329
-1.429
-1.502
-1.533
-1.542
-1.567
-1.658
-1.826
-2.037
-2.266
-2.529
-2.824
-3.055
-3.178
-3.239
-3.296
-3.264
-3.201
-3.248
-3.42
-3.586
-3.677
-3.652
-3.543
-3.393
-3.221
-3.053
-2.915
-2.822
-2.794
-2.833
-2.896
-2.933
-2.867
-2.638
-2.304
-1.973
-1.685
-1.431
-1.225
-1.107
-1.107
-1.193
-1.295
-1.368
-1.402
-1.361
-1.234
-1.091
-1.005
-0.996
-1.055
-1.1
-1.075
-0.964
-0.81
-0.651
-0.503
-0.392
-0.317
-0.288
-0.277
-0.306
-0.413
-0.517
-0.565
-0.59
-0.628
-0.642
-0.626
-0.667
-0.76
-0.835
-0.848
-0.778
-0.698
-0.649
-0.576
-0.476
-0.399
-0.431
-0.626
-0.923
-1.209
-1.422
-1.547
-1.572
-1.506
-1.402
-1.354
-1.374
-1.406
-1.427
-1.445
-1.449
-1.431
-1.402
-1.374
-1.345
-1.334
-1.359
-1.402
-1.456
-1.497
-1.504
-1.52
-1.52
-1.463
-1.32
-1.152
-1.025
-0.957
-0.925
-0.914
-0.916
-0.95
-0.993
-0.946
-0.803
-0.658
-0.587
-0.597
-0.617
-0.597
-0.572
-0.538
-0.433
-0.315
-0.243
-0.209
-0.172
-0.118
-0.066
-0.052
-0.034
0.077
0.274
0.444
0.535
0.569
0.567
0.581
0.624
0.717
0.778
0.76
0.646
0.549
0.538
0.562
0.606
0.656
0.683
0.642
0.522
0.365
0.211
0.113
0.041
-0.052
-0.15
-0.256
-0.363
-0.435
-0.54
-0.698
-0.853
-0.984
-1.13
-1.27
-1.352
-1.379
-1.404
-1.452
-1.506
-1.511
-1.433
-1.377
-1.372
-1.411
-1.47
-1.506
-1.486
-1.411
-1.306
-1.236
-1.161
-1
-0.767
-0.508
-0.277
-0.036
0.227
0.438
0.569
0.667
0.764
0.862
0.93
0.95
0.973
1
0.978
0.914
0.862
0.887
0.921
0.875
0.733
0.587
0.463
0.313
0.113
-0.079
-0.206
-0.292
-0.379
-0.49
-0.626
-0.807
-1.027
-1.202
-1.284
-1.345
-1.422
-1.472
-1.427
-1.329
-1.232
-1.173
-1.13
-1.034
-0.916
-0.85
-0.866
-0.857
-0.807
-0.678
-0.501
-0.356
-0.227
-0.088
-0.014
-0.014
-0.018
0.023
0.054
0.054
0.043
0.052
0.073
0.061
0.023
-0.014
-0.002
0.061
0.138
0.184
0.233
0.25
0.224
0.263
0.392
0.501
0.576
0.665
0.782
0.9
0.982
1.021
1.025
1.034
1.073
1.102
1.096
1.071
1.1
1.209
1.34
1.395
1.302
1.116
0.919
0.753
0.608
0.476
0.34
0.268
0.25
0.197
0.073
-0.084
-0.254
-0.404
-0.485
-0.519
-0.526
-0.515
-0.517
-0.538
-0.515
-0.435
-0.361
-0.295
-0.236
-0.186
-0.15
-0.102
-0.02
0.073
0.125
0.134
0.197
0.331
0.449
0.492
0.517
0.59
0.676
0.714
0.68
0.651
0.712
0.853
0.962
1.012
1.062
1.118
1.13
1.089
1
0.9
0.807
0.712
0.66
0.685
0.73
0.692
0.617
0.626
0.71
0.744
0.676
0.594
0.576
0.558
0.497
0.44
0.426
0.372
0.263
0.181
0.188
0.22
0.188
0.129
0.154
0.265
0.39
0.454
0.46
0.456
0.485
0.508
0.442
0.356
0.351
0.367
0.299
0.163
0.018
-0.109
-0.215
-0.27
-0.252
-0.161
-0.082
-0.057
0.02
0.272
0.569
0.749
0.848
0.982
1.148
1.211
1.168
1.134
1.216
1.35
1.431
1.515
1.66
1.783
1.815
1.851
1.996
2.22
2.436
2.572
2.692
2.833
2.96
3.001
2.949
2.885
2.847
2.767
2.631
2.461
2.311
2.18
2.039
1.889
1.817
1.821
1.787
1.679
1.61
1.647
1.71
1.688
1.567
1.443
1.336
1.175
0.95
0.712
0.522
0.365
0.233
0.132
0.068
0.036
-0.011
-0.07
-0.079
-0.002
0.063
0.068
0.086
0.204
0.37
0.483
0.515
0.517
0.535
0.565
0.574
0.549
0.565
0.644
0.717
0.787
0.923
1.116
1.295
1.443
1.633
1.849
1.998
2.046
2.066
2.134
2.173
2.132
2.057
2.005
1.976
1.939
1.876
1.776
1.733
1.805
1.921
2.05
2.23
2.441
2.602
2.72
2.806
2.872
2.917
2.94
2.928
2.912
2.867
2.785
2.649
2.491
2.404
2.395
2.407
2.454
2.568
2.672
2.699
2.686
2.683
2.706
2.706
2.665
2.627
2.599
2.479
2.284
2.109
1.98
1.858
1.76
1.669
1.615
1.61
1.629
1.644
1.742
1.93
2.071
2.082
1.976
1.828
1.703
1.624
1.533
1.379
1.191
1.064
1.032
1.05
1.075
1.139
1.306
1.565
1.812
1.985
2.116
2.289
2.486
2.661
2.813
2.933
3.01
3.087
3.178
3.271
3.305
3.287
3.293
3.377
3.464
3.457
3.427
3.445
3.486
3.52
3.575
3.643
3.688
3.679
3.566
3.357
3.18
3.064
2.967
2.817
2.606
2.409
2.279
2.184
2.062
1.944
1.851
1.769
1.701
1.667
1.656
1.629
1.561
1.463
1.35
1.225
1.118
1.102
1.175
1.256
1.27
1.259
1.329
1.461
1.545
1.617
1.753
1.93
2.08
2.196
2.275
2.279
2.239
2.198
2.155
2.085
2.026
2.057
2.187
2.275
2.245
2.18
2.132
2.094
2.053
2.044
2.062
2.13
2.259
2.413
2.547
2.636
2.661
2.686
2.706
2.67
2.559
2.481
2.543
2.663
2.729
2.754
2.817
2.862
2.833
2.74
2.608
2.491
2.427
2.393
2.314
2.153
1.946
1.81
1.71
1.556
1.379
1.252
1.17
1.123
1.134
1.186
1.214
1.234
1.297
1.372
1.427
1.483
1.57
1.701
1.86
2.016
2.146
2.273
2.363
2.341
2.252
2.202
2.225
2.268
2.293
2.314
2.336
2.338
2.359
2.35
2.273
2.143
2.06
2.048
2.028
1.973
1.917
1.892
1.844
1.772
1.685
1.583
1.49
1.447
1.44
1.438
1.472
1.558
1.656
1.71
1.735
1.74
1.749
1.772
1.762
1.719
1.692
1.717
1.749
1.751
1.731
1.697
1.64
1.579
1.522
1.449
1.365
1.304
1.268
1.259
1.234
1.182
1.116
1.034
0.953
0.864
0.789
0.742
0.739
0.757
0.769
0.751
0.696
0.649
0.621
0.615
0.644
0.712
0.816
0.912
0.975
1.021
1.055
1.084
1.102
1.1
1.075
1.009
0.941
0.875
0.83
0.819
0.85
0.878
0.894
0.925
0.973
1.034
1.077
1.12
1.191
1.281
1.325
1.35
1.379
1.336
1.232
1.127
1.068
1.018
0.982
0.948
0.923
0.939
0.957
0.953
0.944
0.959
0.966
0.934
0.88
0.841
0.835
0.826
0.778
0.68
0.576
0.479
0.379
0.283
0.222
0.24
0.299
0.342
0.41
0.515
0.581
0.576
0.572
0.617
0.694
0.739
0.755
0.794
0.828
0.835
0.803
0.798
0.885
0.993
1.03
1.05
1.118
1.198
1.209
1.193
1.164
1.136
1.13
1.107
1.034
0.968
0.959
0.966
0.964
0.925
0.9
0.925
0.939
0.898
0.848
0.826
0.801
0.751
0.705
0.649
0.583
0.503
0.438
0.417
0.397
0.34
0.238
0.168
0.125
0.039
-0.116
-0.247
-0.32
-0.397
-0.517
-0.658
-0.739
-0.773
-0.826
-0.93
-1.034
-1.114
-1.191
-1.281
-1.42
-1.54
-1.567
-1.536
-1.526
-1.538
-1.547
-1.529
-1.513
-1.497
-1.481
-1.47
-1.449
-1.413
-1.374
-1.345
-1.309
-1.248
-1.118
-0.944
-0.812
-0.73
-0.633
-0.51
-0.404
-0.354
-0.322
-0.252
-0.161
-0.068
-0.016
-0.034
-0.07
-0.057
-0.043
-0.073
-0.109
-0.086
-0.018
0.07
0.15
0.206
0.238
0.254
0.265
0.254
0.204
0.111
0.016
-0.041
-0.068
-0.088
-0.15
-0.238
-0.295
-0.329
-0.417
-0.501
-0.549
-0.567
-0.594
-0.68
-0.801
-0.923
-1.023
-1.152
-1.336
-1.506
-1.622
-1.751
-1.905
-2.062
-2.171
-2.239
-2.298
-2.361
-2.443
-2.5
-2.513
-2.497
-2.477
-2.447
-2.427
-2.361
-2.23
-2.1
-2.001
-1.932
-1.853
-1.749
-1.624
-1.52
-1.422
-1.329
-1.245
-1.182
-1.17
-1.214
-1.261
-1.25
-1.191
-1.152
-1.12
-1.005
-0.844
-0.757
-0.744
-0.71
-0.649
-0.621
-0.651
-0.701
-0.744
-0.762
-0.767
-0.81
-0.885
-0.987
-1.08
-1.105
-1.1
-1.111
-1.136
-1.134
-1.093
-1.055
-1.075
-1.132
-1.193
-1.259
-1.372
-1.522
-1.647
-1.742
-1.803
-1.851
-1.901
-1.944
-1.962
-1.967
-2.012
-2.103
-2.162
-2.157
-2.143
-2.132
-2.109
-2.05
-1.987
-1.96
-1.987
-2.035
-2.057
-2.05
-2.032
-1.998
-1.935
-1.878
-1.803
-1.724
-1.676
-1.629
-1.558
-1.488
-1.445
-1.413
-1.352
-1.284
-1.27
-1.266
-1.234
-1.204
-1.227
-1.293
-1.329
-1.331
-1.374
-1.467
-1.513
-1.488
-1.495
-1.558
-1.601
-1.574
-1.545
-1.579
-1.624
-1.61
-1.574
-1.579
-1.647
-1.744
-1.803
-1.78
-1.785
-1.873
-2.001
-2.055
-2.012
-1.953
-1.948
-1.978
-1.978
-1.953
-1.951
-1.985
-1.998
-1.973
-1.957
-2.014
-2.098
-2.157
-2.232
-2.357
-2.466
-2.529
-2.604
-2.638
-2.556
-2.429
-2.366
-2.361
-2.336
-2.286
-2.264
-2.266
-2.243
-2.189
-2.114
-2.026
-1.967
-1.932
-1.864
-1.769
-1.69
-1.635
-1.579
-1.486
-1.381
-1.297
-1.259
-1.243
-1.234
-1.202
-1.132
-1.123
-1.182
-1.238
-1.25
-1.248
-1.263
-1.322
-1.386
-1.415
-1.449
-1.524
-1.592
-1.561
-1.452
-1.393
-1.456
-1.565
-1.62
-1.576
-1.499
-1.495
-1.613
-1.751
-1.776
-1.756
-1.833
-1.973
-2.039
-2.05
-2.105
-2.202
-2.264
-2.298
-2.382
-2.54
-2.706
-2.833
-2.933
-3.019
-3.092
-3.146
-3.232
-3.339
-3.364
-3.307
-3.246
-3.225
-3.194
-3.153
-3.114
-3.067
-2.999
-2.958
-2.937
-2.894
-2.813
-2.754
-2.722
-2.665
-2.588
-2.572
-2.586
-2.515
-2.373
-2.255
-2.23
-2.243
-2.245
-2.216
-2.18
-2.175
-2.182
-2.157
-2.123
-2.146
-2.193
-2.173
-2.071
-1.946
-1.839
-1.787
-1.79
-1.799
-1.762
-1.758
-1.808
-1.86
-1.864
-1.86
-1.858
-1.892
-1.93
-1.964
-2.016
-2.039
-1.962
-1.864
-1.858
-1.939
-1.987
-1.953
-1.932
-1.994
-2.107
-2.189
-2.232
-2.32
-2.454
-2.515
-2.447
-2.318
-2.243
-2.255
-2.3
-2.271
-2.171
-2.057
-1.991
-1.982
-2.026
-2.071
-2.078
-2.125
-2.248
-2.361
-2.384
-2.373
-2.352
-2.296
-2.243
-2.261
-2.345
-2.436
-2.454
-2.397
-2.348
-2.35
-2.363
-2.393
-2.468
-2.54
-2.538
-2.486
-2.452
-2.45
-2.438
-2.361
-2.266
-2.207
-2.166
-2.103
-2.08
-2.116
-2.164
-2.196
-2.264
-2.402
-2.59
-2.731
-2.738
-2.672
-2.679
-2.765
-2.817
-2.788
-2.783
-2.824
-2.824
-2.794
-2.817
-2.919
-3.037
-3.13
-3.205
-3.255
-3.264
-3.23
-3.207
-3.178
-3.101
-3.008
-2.98
-3.021
-3.044
-2.978
-2.851
-2.761
-2.733
-2.683
-2.577
-2.475
-2.411
-2.325
-2.23
-2.184
-2.178
-2.098
-1.978
-1.892
-1.846
-1.792
-1.692
-1.604
-1.59
-1.599
-1.579
-1.531
-1.49
-1.415
-1.35
-1.363
-1.454
-1.515
-1.499
-1.477
-1.522
-1.606
-1.667
-1.699
-1.753
-1.844
-1.889
-1.887
-1.876
-1.862
-1.846
-1.828
-1.849
-1.855
-1.844
-1.878
-1.987
-2.094
-2.141
-2.189
-2.304
-2.47
-2.563
-2.54
-2.518
-2.527
-2.502
-2.463
-2.436
-2.4
-2.384
-2.395
-2.438
-2.527
-2.622
-2.652
-2.618
-2.606
-2.627
-2.584
-2.461
-2.341
-2.245
-2.148
-2.071
-2.037
-2.026
-1.978
-1.93
-1.901
-1.921
-1.926
-1.876
-1.871
-1.908
-1.864
-1.738
-1.629
-1.583
-1.554
-1.52
-1.472
-1.445
-1.458
-1.479
-1.486
-1.556
-1.617
-1.54
-1.411
-1.347
-1.343
-1.3
-1.214
-1.207
-1.295
-1.388
-1.415
-1.402
-1.374
-1.32
-1.243
-1.175
-1.116
-1.071
-1.057
-1.055
-1.039
-0.996
-0.957
-0.968
-1.037
-1.136
-1.175
-1.123
-1.084
-1.105
-1.148
-1.179
-1.207
-1.218
-1.25
-1.32
-1.411
-1.504
-1.597
-1.731
-1.896
-2.057
-2.114
-2.08
-2.044
-2.046
-2.019
-1.957
-1.937
-1.955
-1.987
-1.969
-1.862
-1.796
-1.828
-1.851
-1.76
-1.576
-1.302
-0.971
-0.651
-0.392
-0.2
-0.045
0.102
0.227
0.279
0.281
0.272
0.218
0.011
-0.25
-0.392
-0.447
-0.599
-0.83
-0.934
-0.909
-0.946
-1.12
-1.25
-1.22
-1.207
-1.458
-1.869
-2.191
-2.386
-2.534
-2.667
-2.788
-2.874
-2.862
-2.749
-2.645
-2.692
-2.838
-2.872
-2.747
-2.584
-2.493
-2.42
-2.23
-1.964
-1.912
-2.128
-2.363
-2.45
-2.477
-2.599
-2.774
-2.819
-2.652
-2.42
-2.309
-2.266
-2.175
-2.037
-1.853
-1.599
-1.263
-0.862
-0.42
-0.032
0.202
0.29
0.333
0.372
0.356
0.336
0.358
0.501
0.83
1.202
1.422
1.49
1.554
1.601
1.526
1.347
1.175
1.055
0.996
0.937
0.81
0.644
0.508
0.433
0.379
0.283
0.113
-0.039
-0.045
0.059
0.145
0.113
0.018
-0.088
-0.233
-0.485
-0.776
-0.939
-0.928
-0.835
-0.771
-0.728
-0.705
-0.769
-0.944
-1.198
-1.483
-1.774
-2.003
-2.116
-2.1
-2.026
-1.928
-1.864
-1.83
-1.805
-1.828
-1.873
-1.819
-1.663
-1.47
-1.214
-0.934
-0.767
-0.73
-0.696
-0.626
-0.597
-0.553
-0.399
-0.15
0.084
0.197
0.238
0.295
0.342
0.279
0.177
0.213
0.358
0.542
0.762
1.025
1.222
1.322
1.422
1.563
1.697
1.744
1.728
1.738
1.792
1.794
1.665
1.54
1.513
1.515
1.488
1.502
1.576
1.622
1.604
1.585
1.567
1.467
1.268
1.062
0.912
0.771
0.624
0.522
0.49
0.429
0.279
0.156
0.166
0.209
0.184
0.132
0.141
0.243
0.32
0.311
0.279
0.295
0.29
0.166
-0.045
-0.247
-0.417
-0.572
-0.687
-0.726
-0.728
-0.721
-0.669
-0.606
-0.572
-0.574
-0.569
-0.485
-0.338
-0.184
-0.095
-0.016
0.127
0.186
0.093
0.045
0.125
0.25
0.358
0.499
0.68
0.871
1.032
1.164
1.279
1.388
1.454
1.488
1.554
1.626
1.697
1.76
1.815
1.844
1.837
1.828
1.878
1.932
1.932
1.942
2.021
2.15
2.241
2.284
2.259
2.168
2.055
1.955
1.896
1.923
1.985
2.064
2.187
2.348
2.463
2.504
2.475
2.402
2.311
2.193
2.112
2.137
2.209
2.182
2.055
1.923
1.821
1.699
1.497
1.293
1.184
1.198
1.286
1.345
1.334
1.232
1.057
0.873
0.714
0.585
0.519
0.569
0.68
0.796
0.907
1.043
1.175
1.277
1.343
1.379
1.433
1.542
1.685
1.796
1.871
1.946
2.014
2.055
2.037
1.951
1.851
1.778
1.756
1.785
1.846
1.914
1.964
2.044
2.2
2.361
2.502
2.681
2.851
2.953
3.035
3.13
3.25
3.359
3.416
3.448
3.459
3.452
3.42
3.371
3.368
3.414
3.563
3.804
4.049
4.233
4.316
4.369
4.459
4.493
4.425
4.328
4.221
4.096
3.967
3.865
3.788
3.736
3.7
3.675
3.656
3.645
3.677
3.745
3.793
3.797
3.77
3.695
3.57
3.398
3.223
3.046
2.869
2.711
2.615
2.561
2.511
2.416
2.32
2.296
2.329
2.4
2.497
2.604
2.683
2.717
2.724
2.706
2.64
2.529
2.413
2.304
2.205
2.182
2.223
2.268
2.279
2.304
2.373
2.463
2.554
2.624
2.733
2.872
3.014
3.13
3.257
3.393
3.484
3.525
3.568
3.607
3.625
3.684
3.788
3.879
3.938
4.013
4.137
4.253
4.323
4.382
4.409
4.36
4.221
4.037
3.874
3.765
3.709
3.697
3.731
3.793
3.838
3.881
3.915
3.924
3.895
3.874
3.858
3.847
3.797
3.711
3.643
3.597
3.557
3.529
3.559
3.597
3.634
3.672
3.686
3.622
3.543
3.523
3.529
3.507
3.459
3.391
3.327
3.284
3.201
3.085
2.994
2.935
2.912
2.926
2.978
3.017
3.049
3.11
3.194
3.237
3.255
3.337
3.473
3.582
3.666
3.754
3.79
3.711
3.559
3.452
3.443
3.439
3.396
3.398
3.473
3.577
3.72
3.901
4.081
4.212
4.31
4.362
4.342
4.23
4.117
4.051
3.988
3.883
3.813
3.817
3.879
3.963
4.072
4.201
4.278
4.248
4.214
4.264
4.339
4.362
4.342
4.296
4.246
4.153
4.051
3.992
3.954
3.888
3.861
3.858
3.799
3.72
3.688
3.677
3.611
3.511
3.45
3.468
3.455
3.409
3.407
3.42
3.355
3.23
3.166
3.155
3.137
3.123
3.146
3.196
3.23
3.23
3.253
3.346
3.445
3.536
3.611
3.634
3.611
3.613
3.659
3.666
3.625
3.611
3.668
3.747
3.817
3.91
4.033
4.115
4.144
4.16
4.185
4.217
4.235
4.21
4.18
4.11
3.981
3.854
3.797
3.82
3.879
3.958
4.006
4.019
4.017
4.037
4.047
3.99
3.883
3.824
3.822
3.784
3.706
3.654
3.611
3.523
3.368
3.219
3.169
3.164
3.176
3.216
3.264
3.312
3.334
3.357
3.346
3.289
3.201
3.069
2.935
2.81
2.699
2.667
2.702
2.726
2.772
2.808
2.799
2.772
2.815
2.921
3.03
3.076
3.053
3.014
3.014
3.033
3.035
2.994
2.867
2.749
2.706
2.695
2.661
2.64
2.679
2.74
2.738
2.686
2.67
2.69
2.692
2.665
2.654
2.643
2.57
2.468
2.411
2.388
2.323
2.189
2.064
2.019
2.078
2.189
2.286
2.323
2.314
2.336
2.397
2.427
2.391
2.327
2.282
2.25
2.182
2.121
2.114
2.123
2.114
2.085
2.05
2.035
2.007
2.001
2.071
2.164
2.159
2.094
2.06
2.035
1.985
1.946
1.951
1.985
2.046
2.1
2.175
2.273
2.35
2.37
2.327
2.216
2.028
1.839
1.751
1.799
1.876
1.948
2.019
2.064
2.048
1.967
1.892
1.839
1.774
1.697
1.644
1.588
1.517
1.497
1.513
1.481
1.406
1.345
1.281
1.175
1.08
1.034
0.944
0.751
0.567
0.524
0.594
0.662
0.68
0.753
0.898
0.998
1.016
1.007
0.955
0.769
0.494
0.25
0.043
-0.161
-0.272
-0.258
-0.166
-0.086
-0.014
0.109
0.27
0.399
0.479
0.56
0.597
0.531
0.442
0.399
0.34
0.224
0.141
0.109
0.079
0.05
0.091
0.193
0.27
0.32
0.438
0.585
0.653
0.656
0.705
0.816
0.873
0.857
0.837
0.816
0.705
0.531
0.381
0.261
0.095
-0.068
-0.12
-0.079
-0.02
0.039
0.17
0.404
0.631
0.703
0.649
0.583
0.513
0.372
0.152
-0.15
-0.451
-0.656
-0.776
-0.853
-0.891
-0.862
-0.801
-0.767
-0.739
-0.644
-0.517
-0.474
-0.519
-0.576
-0.66
-0.798
-0.944
-1.014
-1.039
-1.107
-1.243
-1.338
-1.338
-1.327
-1.365
-1.388
-1.365
-1.338
-1.295
-1.218
-1.093
-0.934
-0.789
-0.687
-0.626
-0.615
-0.662
-0.744
-0.805
-0.848
-0.898
-0.941
-0.962
-0.959
-0.921
-0.837
-0.744
-0.64
-0.472
-0.258
-0.104
-0.086
-0.136
-0.213
-0.351
-0.538
-0.714
-0.873
-1.062
-1.232
-1.266
-1.195
-1.152
-1.204
-1.27
-1.266
-1.229
-1.245
-1.275
-1.279
-1.275
-1.304
-1.374
-1.486
-1.606
-1.685
-1.738
-1.774
-1.808
-1.842
-1.876
-1.932
-1.994
-2.044
-2.105
-2.137
-2.096
-1.985
-1.864
-1.794
-1.828
-1.926
-2.05
-2.196
-2.345
-2.47
-2.606
-2.761
-2.831
-2.781
-2.652
-2.556
-2.522
-2.513
-2.459
-2.379
-2.338
-2.327
-2.336
-2.345
-2.37
-2.441
-2.515
-2.536
-2.525
-2.509
-2.479
-2.459
-2.477
-2.495
-2.491
-2.554
-2.654
-2.776
-2.853
-2.831
-2.788
-2.808
-2.813
-2.783
-2.797
-2.815
-2.772
-2.722
-2.747
-2.847
-2.944
-2.994
-3.028
-3.035
-2.976
-2.908
-2.831
-2.69
-2.488
-2.341
-2.259
-2.189
-2.114
-2.05
-2.007
-1.982
-1.946
-1.93
-1.987
-2.037
-2.044
-2.019
-2.001
-1.951
-1.91
-1.932
-1.946
-1.885
-1.783
-1.776
-1.853
-1.926
-1.96
-1.994
-1.989
-1.942
-1.88
-1.86
-1.923
-2.023
-2.082
-2.132
-2.237
-2.345
-2.404
-2.429
-2.436
-2.416
-2.391
-2.368
-2.382
-2.456
-2.577
-2.656
-2.686
-2.745
-2.842
-2.946
-3.044
-3.126
-3.237
-3.398
-3.591
-3.745
-3.849
-3.861
-3.772
-3.609
-3.486
-3.436
-3.377
-3.3
-3.312
-3.38
-3.411
-3.43
-3.479
-3.572
-3.641
-3.663
-3.666
-3.679
-3.693
-3.659
-3.579
-3.493
-3.334
-3.098
-2.901
-2.772
-2.663
-2.586
-2.604
-2.722
-2.89
-3.005
-3.069
-3.119
-3.073
-2.937
-2.817
-2.783
-2.747
-2.64
-2.47
-2.282
-2.123
-2.012
-1.946
-1.885
-1.842
-1.869
-1.944
-2.016
-2.085
-2.137
-2.168
-2.182
-2.196
-2.214
-2.23
-2.277
-2.359
-2.422
-2.436
-2.393
-2.366
-2.418
-2.534
-2.62
-2.722
-2.885
-3.132
-3.409
-3.686
-3.983
-4.255
-4.457
-4.573
-4.67
-4.786
-4.856
-4.861
-4.777
-4.623
-4.48
-4.371
-4.262
-4.165
-4.119
-4.133
-4.221
-4.337
-4.389
-4.384
-4.357
-4.301
-4.178
-4.04
-3.899
-3.681
-3.361
-3.021
-2.729
-2.511
-2.334
-2.23
-2.207
-2.257
-2.341
-2.432
-2.518
-2.579
-2.627
-2.633
-2.613
-2.577
-2.515
-2.466
-2.475
-2.531
-2.536
-2.432
-2.275
-2.148
-2.078
-2.035
-1.973
-1.955
-2.023
-2.175
-2.296
-2.316
-2.3
-2.314
-2.334
-2.341
-2.386
-2.441
-2.45
-2.427
-2.386
-2.388
-2.443
-2.515
-2.561
-2.633
-2.749
-2.874
-2.965
-3.085
-3.25
-3.393
-3.484
-3.529
-3.57
-3.563
-3.52
-3.502
-3.534
-3.552
-3.504
-3.4
-3.284
-3.187
-3.089
-3.003
-2.985
-3.035
-3.096
-3.132
-3.148
-3.142
-3.112
-3.071
-3.11
-3.157
-3.135
-3.064
-3.008
-2.983
-3.003
-3.037
-3.033
-2.994
-2.951
-2.915
-2.862
-2.849
-2.94
-3.071
-3.139
-3.121
-3.071
-3.051
-3.06
-3.076
-3.08
-3.055
-3.085
-3.171
-3.228
-3.228
-3.228
-3.275
-3.33
-3.339
-3.287
-3.248
-3.237
-3.216
-3.176
-3.189
-3.332
-3.566
-3.759
-3.858
-3.876
-3.883
-3.904
-3.954
-3.983
-3.944
-3.851
-3.736
-3.645
-3.6
-3.588
-3.586
-3.57
-3.543
-3.509
-3.452
-3.391
-3.35
-3.289
-3.182
-3.067
-2.935
-2.779
-2.629
-2.5
-2.366
-2.252
-2.196
-2.184
-2.137
-1.982
-1.762
-1.538
-1.356
-1.227
-1.13
-1.066
-1.014
-0.928
-0.816
-0.696
-0.617
-0.578
-0.524
-0.351
-0.1
0.129
0.27
0.336
0.447
0.649
0.828
0.898
0.9
0.869
0.816
0.762
0.719
0.658
0.592
0.578
0.61
0.653
0.656
0.601
0.506
0.351
0.079
-0.224
-0.44
-0.562
-0.665
-0.798
-0.953
-1.075
-1.15
-1.186
-1.198
-1.227
-1.297
-1.384
-1.443
-1.481
-1.513
-1.54
-1.524
-1.456
-1.365
-1.236
-1.055
-0.848
-0.676
-0.594
-0.533
-0.431
-0.317
-0.233
-0.222
-0.27
-0.286
-0.191
-0.045
0.07
0.141
0.204
0.261
0.308
0.329
0.37
0.41
0.386
0.306
0.213
0.122
0.05
0.032
0.025
-0.02
-0.061
-0.043
0.05
0.132
0.1
-0.029
-0.136
-0.147
-0.082
0.011
0.059
0.014
-0.093
-0.179
-0.2
-0.197
-0.218
-0.277
-0.324
-0.395
-0.506
-0.606
-0.69
-0.826
-1.025
-1.189
-1.268
-1.243
-1.132
-1.012
-0.941
-0.891
-0.803
-0.678
-0.565
-0.551
-0.578
-0.59
-0.587
-0.599
-0.567
-0.488
-0.426
-0.431
-0.454
-0.413
-0.238
-0.002
0.188
0.272
0.311
0.372
0.454
0.499
0.463
0.365
0.268
0.231
0.211
0.168
0.12
0.084
0.034
0.002
0.027
0.091
0.154
0.204
0.224
0.211
0.177
0.186
0.247
0.306
0.306
0.243
0.168
0.172
0.243
0.308
0.295
0.202
0.143
0.191
0.258
0.286
0.29
0.322
0.397
0.49
0.578
0.637
0.658
0.594
0.465
0.347
0.263
0.143
-0.057
-0.252
-0.356
-0.383
-0.342
-0.263
-0.132
0.02
0.127
0.161
0.193
0.292
0.413
0.424
0.286
0.122
0.052
0.091
0.166
0.233
0.261
0.272
0.297
0.376
0.463
0.506
0.494
0.451
0.467
0.524
0.538
0.476
0.406
0.342
0.292
0.286
0.288
0.302
0.308
0.322
0.327
0.29
0.204
0.122
0.084
0.093
0.091
0.088
0.141
0.243
0.306
0.315
0.27
0.17
0.032
-0.084
-0.191
-0.295
-0.367
-0.397
-0.386
-0.34
-0.281
-0.243
-0.224
-0.17
-0.059
0.088
0.161
0.07
-0.118
-0.256
-0.329
-0.388
-0.408
-0.336
-0.2
-0.059
0.102
0.331
0.581
0.762
0.909
1.048
1.127
1.148
1.227
1.372
1.504
1.554
1.538
1.536
1.551
1.61
1.688
1.733
1.753
1.765
1.785
1.808
1.785
1.701
1.644
1.64
1.633
1.572
1.483
1.397
1.304
1.189
1.068
0.928
0.76
0.606
0.513
0.46
0.426
0.372
0.297
0.281
0.283
0.247
0.254
0.322
0.363
0.32
0.263
0.215
0.12
-0.009
-0.097
-0.1
-0.075
-0.088
-0.134
-0.127
-0.068
-0.027
-0.045
-0.093
-0.143
-0.141
-0.091
-0.061
-0.061
-0.023
0.004
-0.02
-0.048
-0.036
0.029
0.073
-0.014
-0.15
-0.224
-0.277
-0.386
-0.503
-0.526
-0.458
-0.417
-0.413
-0.372
-0.283
-0.252
-0.311
-0.395
-0.463
-0.522
-0.576
-0.608
-0.667
-0.744
-0.769
-0.764
-0.821
-0.973
-1.071
-1.034
-0.912
-0.816
-0.671
-0.426
-0.159
0.132
0.49
0.962
1.422
1.753
2.044
2.332
2.443
2.341
2.182
2.06
1.889
1.685
1.524
1.406
1.304
1.266
1.222
1.034
0.73
0.492
0.413
0.349
0.181
-0.077
-0.317
-0.494
-0.671
-0.866
-0.993
-1.102
-1.238
-1.295
-1.202
-1.037
-0.88
-0.692
-0.415
-0.181
-0.097
-0.084
-0.032
0.025
-0.009
-0.073
-0.066
-0.041
-0.107
-0.227
-0.322
-0.413
-0.517
-0.544
-0.438
-0.236
-0.009
0.292
0.651
0.975
1.216
1.406
1.572
1.708
1.81
1.88
1.942
2.003
2.155
2.411
2.699
2.928
3.103
3.275
3.4
3.393
3.334
3.411
3.593
3.659
3.55
3.346
3.128
2.874
2.618
2.463
2.418
2.368
2.323
2.377
2.531
2.647
2.686
2.674
2.586
2.429
2.298
2.277
2.341
2.334
2.209
2.073
1.976
1.86
1.672
1.431
1.193
0.993
0.839
0.755
0.712
0.665
0.581
0.406
0.161
-0.095
-0.333
-0.535
-0.66
-0.662
-0.594
-0.522
-0.485
-0.46
-0.426
-0.458
-0.592
-0.769
-0.848
-0.769
-0.606
-0.442
-0.317
-0.202
-0.086
0.018
0.118
0.229
0.34
0.483
0.703
0.975
1.198
1.327
1.433
1.536
1.556
1.495
1.47
1.572
1.751
1.912
2.062
2.25
2.45
2.59
2.649
2.633
2.565
2.5
2.495
2.536
2.579
2.581
2.545
2.5
2.427
2.311
2.207
2.141
2.082
2.055
2.078
2.153
2.205
2.196
2.15
2.06
1.935
1.815
1.78
1.787
1.769
1.742
1.715
1.642
1.483
1.304
1.132
0.934
0.749
0.674
0.719
0.782
0.807
0.835
0.871
0.855
0.769
0.69
0.617
0.49
0.354
0.315
0.395
0.547
0.69
0.823
0.955
1.039
1.048
1.039
1.057
1.077
1.086
1.143
1.193
1.189
1.216
1.361
1.536
1.635
1.683
1.735
1.81
1.88
1.921
1.896
1.78
1.597
1.449
1.386
1.354
1.311
1.37
1.599
1.876
2.075
2.209
2.338
2.47
2.515
2.479
2.397
2.352
2.377
2.47
2.595
2.724
2.79
2.785
2.799
2.842
2.835
2.754
2.686
2.67
2.681
2.67
2.574
2.445
2.348
2.277
2.23
2.171
2.075
1.971
1.905
1.855
1.772
1.626
1.397
1.145
0.978
0.928
0.907
0.835
0.744
0.69
0.599
0.458
0.358
0.297
0.224
0.116
0.02
-0.032
-0.039
-0.014
0.077
0.245
0.435
0.553
0.651
0.787
0.909
0.916
0.873
0.814
0.746
0.698
0.719
0.805
0.905
1.057
1.259
1.467
1.708
1.942
2.116
2.241
2.366
2.461
2.504
2.475
2.418
2.375
2.384
2.395
2.391
2.445
2.618
2.844
3.058
3.23
3.332
3.373
3.432
3.479
3.45
3.371
3.332
3.332
3.334
3.325
3.244
3.101
2.978
2.865
2.69
2.481
2.341
2.3
2.309
2.325
2.332
2.323
2.277
2.22
2.137
2.046
1.917
1.744
1.604
1.49
1.334
1.152
0.998
0.898
0.844
0.773
0.698
0.649
0.606
0.572
0.485
0.299
0.075
-0.152
-0.39
-0.583
-0.737
-0.83
-0.826
-0.755
-0.646
-0.503
-0.372
-0.302
-0.288
-0.306
-0.361
-0.458
-0.524
-0.508
-0.435
-0.333
-0.215
-0.093
0.023
0.132
0.245
0.374
0.528
0.687
0.832
1.009
1.254
1.467
1.551
1.617
1.733
1.826
1.833
1.837
1.898
1.978
2.046
2.134
2.232
2.348
2.441
2.522
2.649
2.808
2.937
3.055
3.16
3.191
3.176
3.123
3.005
2.81
2.622
2.515
2.456
2.402
2.384
2.388
2.35
2.314
2.284
2.216
2.06
1.892
1.76
1.642
1.463
1.248
1.08
0.973
0.823
0.612
0.449
0.329
0.238
0.202
0.213
0.202
0.177
0.181
0.193
0.179
0.15
0.127
0.1
0.068
0.045
0.039
0.061
0.104
0.152
0.181
0.166
0.147
0.147
0.197
0.29
0.397
0.524
0.667
0.789
0.86
0.894
0.885
0.857
0.862
0.875
0.878
0.864
0.85
0.86
0.889
0.887
0.839
0.812
0.832
0.889
0.953
0.973
0.946
0.932
0.948
0.966
0.962
0.925
0.903
0.921
0.925
0.891
0.875
0.921
0.982
0.998
0.921
0.776
0.68
0.69
0.68
0.626
0.592
0.587
0.581
0.59
0.569
0.51
0.501
0.499
0.422
0.263
0.093
0.034
0.082
0.104
0.093
0.095
0.107
0.138
0.172
0.172
0.152
0.163
0.188
0.195
0.156
0.147
0.211
0.299
0.379
0.41
0.458
0.587
0.742
0.853
0.905
0.907
0.914
0.98
1.032
1.041
1.037
1.077
1.17
1.252
1.232
1.189
1.243
1.356
1.404
1.329
1.288
1.379
1.526
1.601
1.622
1.683
1.769
1.799
1.785
1.733
1.624
1.511
1.422
1.329
1.2
1.062
0.932
0.816
0.678
0.51
0.379
0.29
0.204
0.109
-0.009
-0.152
-0.283
-0.415
-0.526
-0.565
-0.551
-0.556
-0.637
-0.749
-0.853
-0.944
-1.027
-1.089
-1.132
-1.111
-1.05
-1.007
-1.016
-1.059
-1.127
-1.164
-1.186
-1.204
-1.227
-1.236
-1.229
-1.225
-1.189
-1.109
-1.007
-0.898
-0.812
-0.789
-0.823
-0.81
-0.714
-0.59
-0.54
-0.549
-0.562
-0.583
-0.576
-0.483
-0.358
-0.213
-0.034
0.211
0.499
0.717
0.862
1.018
1.198
1.334
1.413
1.47
1.533
1.592
1.654
1.69
1.728
1.812
1.864
1.849
1.801
1.826
1.914
1.985
1.989
1.967
1.955
1.923
1.828
1.692
1.57
1.474
1.393
1.297
1.195
1.116
1.066
0.975
0.796
0.601
0.408
0.215
0.097
0.054
-0.002
-0.088
-0.118
-0.054
-0.02
-0.104
-0.265
-0.431
-0.615
-0.837
-1.025
-1.13
-1.195
-1.297
-1.413
-1.495
-1.558
-1.635
-1.713
-1.776
-1.885
-2.028
-2.146
-2.162
-2.119
-2.148
-2.216
-2.202
-2.125
-2.035
-1.923
-1.774
-1.581
-1.379
-1.243
-1.161
-1.089
-1.041
-1.025
-1.037
-1.055
-1.034
-0.959
-0.816
-0.619
-0.415
-0.233
-0.027
0.172
0.231
0.163
0.107
0.097
0.054
-0.007
-0.036
-0.036
-0.068
-0.154
-0.279
-0.406
-0.499
-0.538
-0.569
-0.612
-0.646
-0.658
-0.637
-0.612
-0.592
-0.549
-0.538
-0.583
-0.665
-0.73
-0.769
-0.812
-0.885
-0.998
-1.134
-1.256
-1.37
-1.443
-1.463
-1.42
-1.338
-1.227
-1.096
-0.984
-0.889
-0.821
-0.792
-0.792
-0.792
-0.776
-0.764
-0.744
-0.69
-0.594
-0.485
-0.367
-0.24
-0.063
0.104
0.238
0.349
0.472
0.606
0.744
0.9
1.039
1.143
1.202
1.268
1.354
1.445
1.477
1.429
1.363
1.338
1.35
1.359
1.372
1.372
1.293
1.177
1.096
1.052
1.021
0.993
0.978
0.9
0.739
0.553
0.408
0.283
0.145
-0.009
-0.145
-0.25
-0.376
-0.522
-0.64
-0.751
-0.889
-1.075
-1.302
-1.511
-1.669
-1.79
-1.908
-2.035
-2.2
-2.359
-2.477
-2.572
-2.663
-2.722
-2.761
-2.772
-2.772
-2.797
-2.838
-2.835
-2.853
-2.915
-2.996
-3.06
-3.078
-3.037
-2.942
-2.851
-2.797
-2.754
-2.713
-2.658
-2.549
-2.386
-2.212
-2.039
-1.862
-1.706
-1.601
-1.513
-1.368
-1.209
-1.136
-1.15
-1.166
-1.12
-1.034
-0.957
-0.916
-0.891
-0.86
-0.823
-0.78
-0.69
-0.558
-0.433
-0.322
-0.243
-0.2
-0.15
-0.079
-0.014
0
-0.054
-0.118
-0.152
-0.2
-0.265
-0.297
-0.308
-0.336
-0.408
-0.472
-0.476
-0.422
-0.331
-0.224
-0.132
-0.077
-0.016
0.07
0.154
0.179
0.163
0.134
0.1
0.018
-0.109
-0.168
-0.116
0.004
0.086
0.086
0.063
0.1
0.172
0.229
0.283
0.356
0.431
0.449
0.479
0.551
0.624
0.635
0.592
0.533
0.456
0.372
0.313
0.34
0.415
0.415
0.349
0.299
0.268
0.138
-0.034
-0.156
-0.281
-0.458
-0.646
-0.726
-0.73
-0.798
-0.955
-1.093
-1.207
-1.399
-1.644
-1.839
-1.962
-2.114
-2.393
-2.711
-2.953
-3.126
-3.3
-3.405
-3.402
-3.371
-3.373
-3.33
-3.203
-3.101
-3.078
-3.058
-3.033
-3.058
-3.157
-3.239
-3.21
-3.112
-3.105
-3.157
-3.117
-3.001
-2.908
-2.813
-2.681
-2.536
-2.491
-2.493
-2.436
-2.311
-2.184
-2.032
-1.826
-1.638
-1.536
-1.433
-1.229
-0.944
-0.721
-0.612
-0.506
-0.347
-0.236
-0.145
0.009
0.24
0.479
0.692
0.896
1.093
1.293
1.486
1.66
1.799
1.873
1.876
1.828
1.819
1.869
1.898
1.887
1.93
2.073
2.164
2.182
2.218
2.32
2.379
2.296
2.157
2.069
2.041
1.962
1.844
1.785
1.824
1.839
1.808
1.839
1.917
1.878
1.697
1.492
1.293
1.05
0.776
0.624
0.581
0.469
0.304
0.236
0.288
0.32
0.256
0.174
0.181
0.161
-0.025
-0.281
-0.444
-0.562
-0.753
-0.984
-1.152
-1.254
-1.334
-1.386
-1.374
-1.336
-1.331
-1.365
-1.352
-1.293
-1.297
-1.363
-1.343
-1.227
-1.125
-1.093
-1.003
-0.812
-0.66
-0.621
-0.633
-0.646
-0.708
-0.841
-0.957
-0.971
-0.891
-0.814
-0.762
-0.674
-0.535
-0.408
-0.322
-0.211
-0.088
-0.054
-0.068
-0.032
0.059
0.134
0.141
0.116
0.141
0.17
0.181
0.263
0.451
0.646
0.733
0.714
0.714
0.769
0.769
0.751
0.796
0.855
0.841
0.785
0.762
0.782
0.798
0.778
0.728
0.683
0.631
0.515
0.363
0.218
0.075
-0.075
-0.2
-0.297
-0.42
-0.553
-0.631
-0.615
-0.583
-0.578
-0.544
-0.49
-0.508
-0.551
-0.578
-0.617
-0.66
-0.714
-0.816
-0.919
-0.973
-0.996
-0.987
-0.925
-0.889
-0.891
-0.887
-0.826
-0.796
-0.869
-0.971
-0.989
-0.941
-0.959
-1.055
-1.091
-1.018
-0.962
-1.018
-1.12
-1.105
-1.005
-0.989
-1.034
-1.014
-0.971
-1.025
-1.134
-1.159
-1.093
-1.037
-1.018
-0.991
-0.923
-0.835
-0.782
-0.755
-0.698
-0.651
-0.723
-0.826
-0.866
-0.832
-0.796
-0.814
-0.832
-0.801
-0.751
-0.717
-0.633
-0.474
-0.283
-0.161
-0.129
-0.129
-0.118
-0.12
-0.15
-0.177
-0.188
-0.222
-0.243
-0.197
-0.118
-0.059
-0.066
-0.109
-0.122
-0.132
-0.252
-0.406
-0.499
-0.531
-0.574
-0.631
-0.674
-0.69
-0.701
-0.744
-0.803
-0.857
-0.905
-0.937
-0.966
-1.041
-1.139
-1.184
-1.211
-1.225
-1.241
-1.248
-1.189
-1.062
-0.957
-0.95
-0.957
-0.914
-0.891
-0.925
-0.953
-0.975
-1.039
-1.086
-1.062
-0.971
-0.875
-0.812
-0.744
-0.64
-0.594
-0.608
-0.633
-0.608
-0.547
-0.549
-0.628
-0.665
-0.565
-0.46
-0.422
-0.383
-0.327
-0.34
-0.44
-0.508
-0.508
-0.499
-0.503
-0.526
-0.576
-0.658
-0.737
-0.803
-0.889
-0.984
-1.046
-1.057
-1.046
-1.027
-1.052
-1.134
-1.152
-1.114
-1.141
-1.241
-1.313
-1.325
-1.304
-1.288
-1.288
-1.261
-1.241
-1.279
-1.331
-1.256
-1.096
-0.939
-0.792
-0.59
-0.365
-0.195
-0.043
0.132
0.256
0.304
0.388
0.585
0.814
0.989
1.161
1.374
1.579
1.735
1.86
1.998
2.139
2.218
2.252
2.323
2.463
2.631
2.758
2.835
2.869
2.874
2.872
2.84
2.794
2.769
2.756
2.711
2.633
2.54
2.454
2.397
2.359
2.307
2.245
2.209
2.237
2.282
2.243
2.148
2.085
2.064
1.969
1.796
1.626
1.517
1.422
1.338
1.306
1.313
1.302
1.229
1.15
1.118
1.068
0.966
0.875
0.787
0.631
0.463
0.372
0.374
0.413
0.454
0.508
0.583
0.656
0.646
0.553
0.424
0.345
0.299
0.231
0.138
0.095
0.1
0.118
0.138
0.163
0.238
0.299
0.27
0.161
0.025
-0.143
-0.327
-0.476
-0.572
-0.66
-0.746
-0.823
-0.875
-0.968
-1.091
-1.177
-1.236
-1.309
-1.413
-1.513
-1.624
-1.726
-1.796
-1.799
-1.762
-1.722
-1.694
-1.685
-1.66
-1.597
-1.554
-1.547
-1.572
-1.633
-1.731
-1.819
-1.867
-1.889
-1.885
-1.821
-1.697
-1.556
-1.477
-1.508
-1.595
-1.651
-1.688
-1.735
-1.783
-1.815
-1.851
-1.91
-1.932
-1.883
-1.749
-1.576
-1.395
-1.193
-0.996
-0.83
-0.742
-0.71
-0.667
-0.569
-0.463
-0.381
-0.308
-0.209
-0.061
0.136
0.354
0.54
0.667
0.762
0.85
0.907
0.882
0.812
0.721
0.676
0.696
0.723
0.687
0.585
0.488
0.442
0.456
0.433
0.327
0.193
0.057
-0.093
-0.258
-0.388
-0.476
-0.621
-0.785
-0.841
-0.823
-0.885
-1.05
-1.238
-1.393
-1.511
-1.629
-1.744
-1.864
-1.998
-2.121
-2.157
-2.173
-2.243
-2.409
-2.563
-2.645
-2.704
-2.792
-2.876
-2.921
-2.949
-2.994
-3.051
-3.094
-3.112
-3.085
-3.037
-2.983
-2.906
-2.803
-2.763
-2.756
-2.69
-2.577
-2.493
-2.447
-2.391
-2.296
-2.166
-2.023
-1.867
-1.715
-1.572
-1.431
-1.281
-1.141
-1.027
-0.991
-0.973
-0.871
-0.71
-0.585
-0.526
-0.503
-0.492
-0.476
-0.449
-0.41
-0.388
-0.399
-0.379
-0.297
-0.218
-0.172
-0.147
-0.132
-0.109
-0.061
0
0.066
0.118
0.138
0.152
0.181
0.24
0.263
0.236
0.188
0.152
0.129
0.118
0.079
-0.018
-0.116
-0.168
-0.2
-0.263
-0.338
-0.374
-0.408
-0.465
-0.572
-0.701
-0.83
-0.93
-1.012
-1.073
-1.143
-1.22
-1.288
-1.304
-1.277
-1.275
-1.318
-1.399
-1.499
-1.62
-1.805
-1.976
-2.075
-2.153
-2.202
-2.109
-1.864
-1.551
-1.173
-0.69
-0.245
-0.079
-0.229
-0.39
-0.386
-0.429
-0.764
-1.198
-1.356
-1.175
-0.955
-0.95
-1.1
-1.148
-1.05
-1.009
-1.086
-1.193
-1.214
-1.175
-1.193
-1.286
-1.372
-1.386
-1.361
-1.293
-1.234
-1.229
-1.216
-1.046
-0.835
-0.86
-1.098
-1.193
-1.048
-0.964
-1.12
-1.256
-1.159
-0.989
-0.932
-0.946
-0.855
-0.728
-0.708
-0.805
-0.948
-1.17
-1.354
-1.304
-1.127
-1.084
-1.093
-0.862
-0.438
-0.197
-0.27
-0.424
-0.435
-0.372
-0.299
-0.172
0.052
0.338
0.676
1.014
1.263
1.363
1.399
1.433
1.415
1.302
1.204
1.277
1.515
1.772
1.885
1.851
1.765
1.658
1.545
1.436
1.379
1.433
1.64
1.942
2.22
2.409
2.511
2.511
2.354
2.087
1.835
1.742
1.817
1.912
1.937
1.919
1.91
1.867
1.692
1.372
1.014
0.742
0.562
0.438
0.354
0.29
0.233
0.12
-0.125
-0.442
-0.755
-1.048
-1.286
-1.409
-1.449
-1.556
-1.733
-1.892
-1.944
-1.951
-2.003
-2.064
-2.075
-1.971
-1.731
-1.429
-1.198
-1.1
-1.093
-1.109
-1.152
-1.232
-1.313
-1.315
-1.159
-0.894
-0.567
-0.2
0.166
0.479
0.669
0.667
0.506
0.306
0.204
0.24
0.383
0.606
0.85
1.048
1.189
1.232
1.1
0.801
0.499
0.322
0.215
0.138
0.186
0.37
0.524
0.528
0.422
0.311
0.215
0.082
-0.082
-0.202
-0.263
-0.336
-0.401
-0.388
-0.315
-0.263
-0.191
-0.054
0.129
0.297
0.426
0.522
0.578
0.578
0.501
0.376
0.206
0.009
-0.129
-0.168
-0.136
-0.036
0.084
0.102
0.002
-0.125
-0.218
-0.329
-0.429
-0.408
-0.191
0.125
0.458
0.785
1.125
1.418
1.595
1.64
1.592
1.479
1.404
1.449
1.542
1.558
1.563
1.674
1.78
1.717
1.538
1.352
1.116
0.812
0.581
0.503
0.431
0.22
-0.063
-0.229
-0.222
-0.188
-0.211
-0.218
-0.136
0.007
0.116
0.152
0.159
0.181
0.281
0.413
0.451
0.361
0.258
0.218
0.168
0.048
-0.132
-0.333
-0.499
-0.576
-0.608
-0.692
-0.778
-0.744
-0.637
-0.621
-0.735
-0.885
-0.95
-0.978
-1.012
-1.043
-1.109
-1.193
-1.179
-1.034
-0.885
-0.826
-0.78
-0.642
-0.467
-0.329
-0.166
0.059
0.279
0.415
0.492
0.538
0.497
0.345
0.184
0.122
0.138
0.159
0.222
0.313
0.354
0.324
0.281
0.209
0.066
-0.063
-0.066
-0.045
-0.109
-0.206
-0.177
-0.093
-0.039
0.027
0.17
0.277
0.336
0.479
0.698
0.816
0.764
0.723
0.798
0.787
0.528
0.211
0.043
-0.02
-0.095
-0.143
-0.102
-0.054
-0.07
-0.136
-0.254
-0.474
-0.751
-0.975
-1.082
-1.1
-1.021
-0.848
-0.658
-0.572
-0.54
-0.508
-0.501
-0.59
-0.676
-0.624
-0.483
-0.299
-0.02
0.386
0.81
1.107
1.241
1.252
1.268
1.379
1.538
1.672
1.794
1.932
2.069
2.171
2.243
2.327
2.463
2.568
2.615
2.695
2.842
2.924
2.892
2.856
2.86
2.797
2.656
2.595
2.708
2.842
2.906
2.978
3.085
3.128
3.067
2.933
2.733
2.466
2.205
2.071
2.123
2.293
2.545
2.858
3.166
3.361
3.42
3.393
3.298
3.08
2.799
2.62
2.579
2.561
2.472
2.397
2.373
2.354
2.202
1.91
1.674
1.601
1.654
1.79
1.971
2.121
2.223
2.304
2.388
2.425
2.368
2.237
2.116
2.1
2.155
2.139
2.055
2.071
2.171
2.218
2.193
2.212
2.323
2.45
2.534
2.556
2.468
2.252
2.019
1.878
1.713
1.359
0.953
0.733
0.712
0.698
0.624
0.619
0.71
0.807
0.853
0.9
0.898
0.83
0.773
0.807
0.789
0.633
0.426
0.292
0.243
0.209
0.177
0.181
0.24
0.354
0.538
0.762
0.939
1.003
0.982
0.914
0.814
0.687
0.51
0.39
0.372
0.395
0.415
0.467
0.551
0.644
0.735
0.76
0.719
0.728
0.835
0.975
1.132
1.259
1.352
1.433
1.538
1.69
1.815
1.83
1.733
1.633
1.576
1.563
1.581
1.649
1.787
1.957
2.114
2.237
2.296
2.239
2.069
1.821
1.508
1.143
0.871
0.755
0.701
0.615
0.558
0.556
0.576
0.608
0.669
0.721
0.694
0.637
0.644
0.708
0.753
0.703
0.628
0.649
0.737
0.78
0.753
0.674
0.572
0.517
0.519
0.497
0.435
0.415
0.506
0.646
0.746
0.757
0.728
0.757
0.803
0.81
0.81
0.85
0.925
0.998
1.073
1.152
1.218
1.232
1.216
1.256
1.372
1.511
1.61
1.708
1.828
1.964
2.08
2.143
2.178
2.234
2.314
2.395
2.434
2.382
2.275
2.182
2.116
2.039
1.932
1.828
1.774
1.78
1.787
1.801
1.846
1.842
1.733
1.576
1.431
1.238
1.007
0.81
0.658
0.506
0.315
0.168
0.152
0.204
0.227
0.247
0.281
0.272
0.215
0.222
0.306
0.395
0.463
0.51
0.531
0.533
0.494
0.424
0.356
0.297
0.231
0.22
0.279
0.404
0.54
0.631
0.665
0.717
0.785
0.871
1.016
1.17
1.279
1.363
1.433
1.474
1.495
1.497
1.467
1.447
1.506
1.638
1.796
1.978
2.155
2.302
2.391
2.425
2.411
2.338
2.2
2.053
1.937
1.805
1.685
1.658
1.713
1.719
1.608
1.456
1.35
1.245
1.148
1.1
1.123
1.13
1.05
0.95
0.885
0.787
0.617
0.408
0.181
-0.063
-0.277
-0.383
-0.415
-0.438
-0.458
-0.497
-0.56
-0.651
-0.746
-0.796
-0.769
-0.726
-0.692
-0.667
-0.653
-0.671
-0.733
-0.757
-0.805
-0.925
-1.073
-1.166
-1.143
-1.059
-0.984
-0.923
-0.812
-0.676
-0.556
-0.479
-0.44
-0.386
-0.299
-0.215
-0.17
-0.145
-0.1
-0.034
0.041
0.136
0.268
0.417
0.524
0.585
0.624
0.671
0.733
0.812
0.832
0.764
0.671
0.631
0.656
0.701
0.719
0.71
0.721
0.717
0.662
0.538
0.358
0.17
-0.002
-0.161
-0.345
-0.526
-0.671
-0.787
-0.925
-1.057
-1.15
-1.191
-1.204
-1.277
-1.429
-1.574
-1.656
-1.676
-1.692
-1.71
-1.74
-1.742
-1.719
-1.751
-1.869
-1.969
-2.016
-2.046
-2.071
-2.098
-2.103
-2.089
-2.028
-1.912
-1.783
-1.676
-1.526
-1.279
-0.991
-0.796
-0.642
-0.458
-0.272
-0.132
-0.014
0.084
0.141
0.159
0.152
0.168
0.2
0.24
0.281
0.388
0.597
0.812
0.957
1.096
1.241
1.325
1.345
1.336
1.3
1.209
1.107
1.027
0.975
0.896
0.739
0.542
0.322
0.066
-0.2
-0.404
-0.556
-0.692
-0.764
-0.78
-0.746
-0.717
-0.696
-0.68
-0.662
-0.626
-0.59
-0.594
-0.583
-0.558
-0.61
-0.769
-0.975
-1.145
-1.279
-1.379
-1.483
-1.579
-1.665
-1.697
-1.706
-1.762
-1.862
-1.898
-1.894
-1.935
-2.01
-2.032
-1.951
-1.796
-1.667
-1.631
-1.64
-1.606
-1.576
-1.644
-1.796
-1.935
-2.028
-2.094
-2.107
-2.055
-1.957
-1.824
-1.669
-1.513
-1.388
-1.361
-1.372
-1.368
-1.372
-1.402
-1.427
-1.449
-1.486
-1.585
-1.803
-2.064
-2.239
-2.307
-2.343
-2.316
-2.193
-1.996
-1.805
-1.665
-1.579
-1.545
-1.567
-1.613
-1.658
-1.742
-1.835
-1.853
-1.842
-1.896
-2.08
-2.277
-2.382
-2.461
-2.615
-2.797
-2.885
-2.847
-2.779
-2.758
-2.747
-2.742
-2.774
-2.815
-2.844
-2.903
-3.026
-3.182
-3.273
-3.319
-3.414
-3.566
-3.67
-3.69
-3.711
-3.754
-3.688
-3.432
-3.114
-2.853
-2.636
-2.425
-2.275
-2.209
-2.209
-2.214
-2.245
-2.304
-2.307
-2.239
-2.189
-2.146
-2.021
-1.864
-1.769
-1.735
-1.667
-1.554
-1.463
-1.452
-1.47
-1.449
-1.37
-1.263
-1.214
-1.218
-1.225
-1.189
-1.114
-1.066
-1.052
-1.091
-1.202
-1.386
-1.526
-1.601
-1.649
-1.713
-1.715
-1.663
-1.649
-1.663
-1.629
-1.572
-1.615
-1.703
-1.772
-1.826
-1.889
-1.948
-1.946
-1.867
-1.805
-1.785
-1.713
-1.565
-1.456
-1.406
-1.347
-1.275
-1.281
-1.406
-1.556
-1.638
-1.692
-1.785
-1.839
-1.778
-1.665
-1.588
-1.511
-1.411
-1.381
-1.452
-1.545
-1.606
-1.71
-1.864
-1.96
-1.91
-1.76
-1.635
-1.545
-1.422
-1.279
-1.2
-1.152
-1.046
-0.93
-0.885
-0.898
-0.878
-0.832
-0.88
-1.023
-1.134
-1.204
-1.259
-1.295
-1.293
-1.261
-1.22
-1.155
-1.089
-1.071
-1.159
-1.279
-1.329
-1.3
-1.263
-1.22
-1.143
-1.043
-0.955
-0.898
-0.841
-0.787
-0.789
-0.9
-1.05
-1.17
-1.25
-1.293
-1.318
-1.356
-1.411
-1.474
-1.54
-1.583
-1.635
-1.699
-1.717
-1.681
-1.679
-1.733
-1.783
-1.801
-1.837
-1.96
-2.103
-2.15
-2.119
-2.071
-2.03
-1.953
-1.837
-1.76
-1.801
-1.894
-1.96
-2.014
-2.089
-2.105
-2.003
-1.869
-1.796
-1.731
-1.597
-1.477
-1.431
-1.409
-1.413
-1.488
-1.626
-1.744
-1.805
-1.83
-1.887
-1.971
-2.019
-2.039
-2.046
-1.994
-1.858
-1.688
-1.579
-1.472
-1.313
-1.189
-1.238
-1.374
-1.433
-1.458
-1.52
-1.545
-1.511
-1.413
-1.284
-1.148
-1.027
-0.964
-0.996
-1.064
-1.096
-1.098
-1.141
-1.209
-1.245
-1.207
-1.148
-1.109
-1.096
-1.057
-0.987
-0.978
-1.034
-1.091
-1.12
-1.179
-1.291
-1.411
-1.49
-1.545
-1.585
-1.585
-1.57
-1.545
-1.488
-1.42
-1.397
-1.404
-1.381
-1.368
-1.436
-1.57
-1.633
-1.583
-1.449
-1.347
-1.245
-1.082
-0.928
-0.839
-0.792
-0.739
-0.76
-0.932
-1.152
-1.261
-1.297
-1.37
-1.422
-1.309
-1.098
-0.898
-0.701
-0.451
-0.204
-0.068
-0.054
-0.05
-0.036
-0.095
-0.252
-0.388
-0.465
-0.528
-0.576
-0.551
-0.438
-0.302
-0.184
-0.109
-0.052
-0.027
-0.039
-0.109
-0.206
-0.265
-0.324
-0.449
-0.592
-0.676
-0.712
-0.762
-0.862
-0.991
-1.093
-1.17
-1.304
-1.54
-1.776
-1.894
-1.91
-1.887
-1.837
-1.738
-1.599
-1.415
-1.248
-1.13
-1.075
-1.12
-1.248
-1.322
-1.32
-1.37
-1.477
-1.511
-1.447
-1.352
-1.268
-1.107
-0.816
-0.524
-0.358
-0.263
-0.145
-0.036
-0.043
-0.134
-0.181
-0.15
-0.107
-0.068
0.075
0.311
0.549
0.721
0.864
0.998
1.071
1.027
0.907
0.767
0.612
0.417
0.22
0.084
0.025
0.002
-0.007
0.007
0.057
0.145
0.2
0.15
-0.004
-0.218
-0.438
-0.649
-0.857
-1.032
-1.109
-1.152
-1.214
-1.295
-1.374
-1.431
-1.49
-1.567
-1.581
-1.515
-1.486
-1.508
-1.517
-1.438
-1.325
-1.268
-1.229
-1.136
-1.034
-1
-0.984
-0.875
-0.73
-0.701
-0.767
-0.733
-0.606
-0.54
-0.578
-0.581
-0.49
-0.367
-0.297
-0.245
-0.177
-0.136
-0.184
-0.29
-0.336
-0.313
-0.372
-0.533
-0.635
-0.581
-0.499
-0.506
-0.513
-0.39
-0.209
-0.073
0.084
0.333
0.61
0.839
1.052
1.252
1.409
1.477
1.47
1.472
1.497
1.531
1.563
1.592
1.644
1.706
1.726
1.713
1.701
1.699
1.663
1.574
1.445
1.32
1.155
0.905
0.698
0.626
0.642
0.619
0.519
0.41
0.379
0.415
0.388
0.247
0.086
0.002
-0.023
-0.082
-0.147
-0.12
0.016
0.154
0.227
0.315
0.488
0.656
0.773
0.848
0.871
0.814
0.658
0.485
0.388
0.379
0.386
0.383
0.424
0.483
0.544
0.594
0.606
0.592
0.558
0.474
0.417
0.438
0.469
0.438
0.397
0.472
0.669
0.85
0.889
0.837
0.81
0.796
0.742
0.708
0.728
0.687
0.544
0.406
0.401
0.522
0.621
0.665
0.737
0.837
0.903
0.891
0.853
0.807
0.76
0.676
0.528
0.386
0.27
0.188
0.134
0.179
0.317
0.513
0.719
0.88
0.98
1.037
1.03
1.016
1.093
1.22
1.284
1.281
1.281
1.295
1.325
1.368
1.436
1.511
1.533
1.483
1.424
1.47
1.629
1.769
1.826
1.86
1.996
2.196
2.309
2.296
2.248
2.237
2.25
2.205
2.112
2.021
1.917
1.787
1.731
1.792
1.883
1.98
2.087
2.209
2.323
2.377
2.397
2.413
2.386
2.286
2.116
1.971
1.896
1.851
1.744
1.622
1.626
1.731
1.819
1.887
2.05
2.243
2.293
2.189
2.057
1.973
1.862
1.676
1.458
1.322
1.272
1.259
1.286
1.381
1.472
1.513
1.556
1.654
1.769
1.878
1.964
2.003
1.996
1.96
1.894
1.819
1.767
1.751
1.746
1.742
1.783
1.905
2.044
2.164
2.282
2.359
2.329
2.241
2.13
1.998
1.912
1.912
1.939
1.932
1.93
2.01
2.103
2.114
2.098
2.139
2.252
2.391
2.5
2.631
2.842
3.064
3.214
3.332
3.443
3.493
3.459
3.382
3.323
3.287
3.207
3.08
2.98
2.955
2.94
2.878
2.799
2.783
2.797
2.776
2.738
2.704
2.595
2.407
2.153
1.889
1.681
1.472
1.232
1.077
1.089
1.248
1.483
1.688
1.837
1.998
2.134
2.2
2.252
2.343
2.368
2.298
2.205
2.191
2.225
2.237
2.245
2.316
2.438
2.5
2.475
2.477
2.593
2.704
2.738
2.769
2.815
2.84
2.851
2.867
2.917
2.985
3.024
3.053
3.105
3.176
3.196
3.166
3.112
3.076
3.112
3.205
3.305
3.45
3.616
3.747
3.815
3.89
3.96
3.922
3.77
3.534
3.255
3.026
2.851
2.688
2.586
2.543
2.47
2.384
2.334
2.334
2.363
2.413
2.418
2.361
2.284
2.205
2.153
2.164
2.223
2.259
2.243
2.225
2.259
2.336
2.445
2.527
2.529
2.481
2.363
2.214
2.091
1.973
1.83
1.706
1.658
1.654
1.62
1.54
1.472
1.429
1.39
1.304
1.204
1.111
1.007
0.898
0.819
0.767
0.762
0.826
1.003
1.306
1.672
2.039
2.361
2.663
2.99
3.348
3.72
4.081
4.409
4.668
4.922
5.213
5.414
5.41
5.339
5.308
5.24
5.045
4.736
4.391
4.09
3.854
3.641
3.371
3.121
3.003
2.98
2.867
2.656
2.441
2.268
2.098
1.932
1.758
1.542
1.311
1.12
0.937
0.742
0.562
0.435
0.395
0.379
0.379
0.438
0.549
0.649
0.69
0.637
0.519
0.347
0.107
-0.141
-0.327
-0.438
-0.456
-0.392
-0.299
-0.186
-0.063
0.075
0.218
0.356
0.531
0.816
1.157
1.463
1.728
1.996
2.266
2.463
2.572
2.636
2.724
2.847
3.055
3.359
3.629
3.777
3.874
4.035
4.237
4.387
4.434
4.432
4.471
4.525
4.55
4.505
4.371
4.192
4.019
3.867
3.713
3.509
3.35
3.287
3.212
3.117
3.028
2.955
2.849
2.681
2.425
2.123
1.853
1.64
1.483
1.399
1.284
1.091
0.857
0.649
0.463
0.288
0.163
0.138
0.159
0.154
0.152
0.231
0.365
0.447
0.404
0.302
0.193
0.079
-0.05
-0.1
-0.075
-0.052
-0.034
0.066
0.238
0.374
0.454
0.506
0.592
0.642
0.608
0.576
0.601
0.667
0.685
0.649
0.601
0.592
0.671
0.81
0.962
1.12
1.302
1.499
1.688
1.815
1.853
1.842
1.824
1.794
1.742
1.726
1.76
1.772
1.735
1.651
1.583
1.549
1.517
1.418
1.259
1.111
1.027
0.964
0.925
0.912
0.896
0.853
0.835
0.826
0.723
0.558
0.472
0.442
0.365
0.245
0.159
0.134
0.15
0.154
0.113
0.086
0.1
0.088
0.045
0.034
0.025
-0.079
-0.32
-0.587
-0.771
-0.925
-1.111
-1.291
-1.397
-1.47
-1.529
-1.551
-1.452
-1.304
-1.198
-1.064
-0.875
-0.733
-0.701
-0.676
-0.606
-0.56
-0.562
-0.549
-0.463
-0.306
-0.125
0.059
0.206
0.279
0.295
0.292
0.29
0.265
0.209
0.154
0.127
0.093
0.082
0.111
0.17
0.202
0.163
0.097
0.027
-0.048
-0.136
-0.191
-0.206
-0.209
-0.24
-0.288
-0.311
-0.295
-0.274
-0.292
-0.313
-0.397
-0.542
-0.696
-0.794
-0.869
-1.05
-1.309
-1.452
-1.42
-1.377
-1.42
-1.422
-1.32
-1.266
-1.354
-1.524
-1.644
-1.726
-1.844
-1.985
-2.06
-2.066
-2.053
-2.026
-1.998
-2.007
-2.085
-2.168
-2.178
-2.103
-2.044
-2.026
-1.955
-1.805
-1.685
-1.679
-1.728
-1.74
-1.694
-1.683
-1.724
-1.74
-1.665
-1.529
-1.424
-1.415
-1.477
-1.524
-1.522
-1.495
-1.511
-1.574
-1.651
-1.722
-1.808
-1.86
-1.855
-1.86
-1.908
-1.951
-1.917
-1.835
-1.799
-1.79
-1.783
-1.801
-1.867
-1.91
-1.892
-1.835
-1.785
-1.751
-1.692
-1.572
-1.42
-1.32
-1.306
-1.345
-1.379
-1.456
-1.576
-1.624
-1.54
-1.443
-1.445
-1.513
-1.531
-1.504
-1.529
-1.604
-1.69
-1.801
-1.912
-1.987
-2.019
-2.037
-2.03
-2.014
-2.007
-2.007
-1.973
-1.892
-1.787
-1.719
-1.688
-1.694
-1.74
-1.776
-1.762
-1.78
-1.905
-2.039
-2.08
-1.991
-1.81
-1.66
-1.604
-1.592
-1.574
-1.547
-1.545
-1.62
-1.719
-1.769
-1.774
-1.792
-1.778
-1.731
-1.722
-1.769
-1.828
-1.921
-2.041
-2.119
-2.103
-2.021
-2.001
-2.062
-2.089
-2.001
-1.873
-1.803
-1.815
-1.864
-1.901
-1.914
-1.903
-1.869
-1.842
-1.844
-1.883
-1.978
-2.082
-2.123
-2.114
-2.128
-2.164
-2.225
-2.257
-2.234
-2.184
-2.121
-2.121
-2.193
-2.223
-2.15
-2.071
-2.069
-2.048
-2.007
-1.991
-2.044
-2.091
-2.064
-1.951
-1.799
-1.66
-1.567
-1.522
-1.52
-1.531
-1.567
-1.692
-1.88
-2.066
-2.191
-2.241
-2.189
-2.078
-1.991
-1.969
-1.994
-2.044
-2.148
-2.277
-2.411
-2.563
-2.704
-2.781
-2.765
-2.706
-2.661
-2.615
-2.586
-2.636
-2.765
-2.926
-3.026
-3.044
-3.035
-3.069
-3.157
-3.214
-3.191
-3.112
-3.028
-2.953
-2.892
-2.824
-2.745
-2.667
-2.584
-2.518
-2.515
-2.536
-2.518
-2.463
-2.386
-2.286
-2.125
-1.967
-1.883
-1.851
-1.828
-1.815
-1.835
-1.883
-1.898
-1.853
-1.762
-1.633
-1.531
-1.433
-1.343
-1.291
-1.309
-1.336
-1.322
-1.291
-1.302
-1.356
-1.388
-1.379
-1.318
-1.263
-1.261
-1.302
-1.395
-1.497
-1.558
-1.57
-1.61
-1.744
-1.937
-2.128
-2.314
-2.556
-2.831
-3.019
-3.076
-3.083
-3.103
-3.148
-3.155
-3.13
-3.164
-3.289
-3.427
-3.489
-3.461
-3.375
-3.293
-3.266
-3.266
-3.248
-3.239
-3.216
-3.162
-3.126
-3.16
-3.182
-3.108
-2.958
-2.81
-2.629
-2.434
-2.327
-2.336
-2.393
-2.404
-2.409
-2.486
-2.602
-2.656
-2.631
-2.615
-2.604
-2.57
-2.513
-2.438
-2.343
-2.243
-2.112
-1.939
-1.792
-1.713
-1.676
-1.622
-1.522
-1.411
-1.37
-1.427
-1.524
-1.601
-1.663
-1.708
-1.703
-1.733
-1.851
-1.964
-2.01
-2.055
-2.096
-2.085
-2.066
-2.078
-2.141
-2.23
-2.298
-2.373
-2.475
-2.556
-2.622
-2.688
-2.761
-2.79
-2.815
-2.867
-2.919
-2.901
-2.767
-2.559
-2.338
-2.209
-2.157
-2.128
-2.057
-1.982
-2.012
-2.171
-2.382
-2.599
-2.81
-2.958
-2.976
-2.896
-2.828
-2.801
-2.749
-2.652
-2.531
-2.393
-2.232
-2.098
-2.05
-2.035
-2.005
-1.942
-1.889
-1.851
-1.805
-1.774
-1.751
-1.728
-1.774
-1.853
-1.846
-1.735
-1.633
-1.608
-1.592
-1.497
-1.363
-1.345
-1.447
-1.549
-1.613
-1.663
-1.719
-1.837
-2.046
-2.198
-2.146
-2.023
-1.987
-1.994
-1.964
-1.871
-1.767
-1.742
-1.803
-1.867
-1.885
-1.919
-2.028
-2.132
-2.223
-2.363
-2.565
-2.79
-2.946
-2.94
-2.838
-2.824
-2.867
-2.783
-2.543
-2.338
-2.23
-2.166
-2.153
-2.18
-2.2
-2.196
-2.261
-2.382
-2.436
-2.404
-2.445
-2.584
-2.652
-2.549
-2.352
-2.198
-2.164
-2.1
-1.937
-1.765
-1.679
-1.703
-1.833
-1.971
-2.037
-2.039
-2.048
-2.094
-2.148
-2.116
-2.016
-1.917
-1.819
-1.701
-1.554
-1.443
-1.354
-1.245
-1.12
-0.998
-0.909
-0.894
-0.919
-0.934
-0.944
-0.984
-1.032
-0.993
-0.944
-1.005
-1.134
-1.214
-1.254
-1.275
-1.207
-1.086
-1.005
-1.007
-1.03
-1
-1
-1.102
-1.243
-1.318
-1.304
-1.284
-1.295
-1.325
-1.35
-1.365
-1.336
-1.252
-1.2
-1.2
-1.2
-1.116
-0.98
-0.882
-0.864
-0.894
-0.907
-0.871
-0.837
-0.88
-1.003
-1.15
-1.229
-1.25
-1.286
-1.37
-1.461
-1.52
-1.547
-1.511
-1.422
-1.329
-1.266
-1.227
-1.204
-1.159
-1.118
-1.109
-1.059
-0.973
-0.916
-0.925
-0.975
-1.016
-1.009
-0.955
-0.909
-0.907
-0.955
-1.021
-1.084
-1.118
-1.093
-1.064
-1.143
-1.277
-1.356
-1.409
-1.502
-1.617
-1.706
-1.783
-1.858
-1.892
-1.839
-1.749
-1.651
-1.526
-1.356
-1.241
-1.241
-1.3
-1.318
-1.27
-1.204
-1.12
-0.993
-0.86
-0.794
-0.796
-0.839
-0.875
-0.835
-0.739
-0.612
-0.503
-0.438
-0.41
-0.41
-0.442
-0.476
-0.515
-0.562
-0.59
-0.601
-0.631
-0.649
-0.615
-0.585
-0.585
-0.649
-0.771
-0.894
-0.948
-1.005
-1.096
-1.148
-1.125
-1.096
-1.123
-1.195
-1.291
-1.404
-1.497
-1.547
-1.57
-1.59
-1.606
-1.62
-1.622
-1.61
-1.565
-1.47
-1.363
-1.309
-1.272
-1.214
-1.164
-1.182
-1.304
-1.488
-1.694
-1.876
-2.012
-2.06
-2.044
-1.985
-1.86
-1.649
-1.424
-1.243
-1.08
-0.889
-0.687
-0.508
-0.347
-0.209
-0.054
0.104
0.188
0.156
0.057
-0.041
-0.113
-0.177
-0.24
-0.29
-0.34
-0.37
-0.34
-0.236
-0.109
-0.023
0.011
0.079
0.222
0.329
0.327
0.27
0.247
0.27
0.222
0.086
-0.057
-0.168
-0.261
-0.329
-0.354
-0.331
-0.288
-0.215
-0.07
0.068
0.159
0.243
0.327
0.358
0.297
0.195
0.141
0.12
0.061
-0.063
-0.2
-0.292
-0.408
-0.565
-0.746
-0.909
-0.982
-0.95
-0.866
-0.742
-0.603
-0.488
-0.438
-0.46
-0.485
-0.458
-0.408
-0.429
-0.458
-0.465
-0.465
-0.49
-0.519
-0.549
-0.572
-0.54
-0.422
-0.233
-0.034
0.163
0.37
0.601
0.821
0.989
1.096
1.193
1.261
1.284
1.281
1.229
1.114
0.971
0.826
0.669
0.481
0.342
0.286
0.304
0.34
0.392
0.472
0.547
0.606
0.667
0.703
0.667
0.562
0.476
0.424
0.401
0.413
0.426
0.376
0.268
0.134
0.029
-0.032
-0.102
-0.202
-0.288
-0.315
-0.302
-0.265
-0.204
-0.107
-0.023
-0.002
-0.011
-0.048
-0.095
-0.116
-0.12
-0.107
-0.088
-0.059
-0.023
0
0.007
0.057
0.159
0.281
0.395
0.508
0.615
0.683
0.717
0.721
0.755
0.862
0.978
1.068
1.161
1.279
1.402
1.536
1.681
1.805
1.862
1.873
1.862
1.844
1.826
1.83
1.853
1.878
1.887
1.898
1.926
1.969
1.98
1.939
1.883
1.898
1.962
1.971
1.91
1.855
1.805
1.758
1.742
1.765
1.783
1.799
1.826
1.871
1.91
1.948
1.967
2.003
2.06
2.128
2.146
2.13
2.182
2.293
2.352
2.302
2.198
2.08
1.971
1.828
1.676
1.551
1.506
1.563
1.665
1.756
1.826
1.862
1.896
1.967
2.026
2.05
2.078
2.139
2.22
2.284
2.316
2.348
2.35
2.289
2.216
2.168
2.125
2.112
2.148
2.198
2.227
2.232
2.252
2.329
2.411
2.432
2.402
2.368
2.354
2.373
2.391
2.373
2.338
2.307
2.275
2.25
2.227
2.193
2.159
2.189
2.273
2.3
2.255
2.241
2.266
2.259
2.232
2.25
2.316
2.4
2.491
2.572
2.627
2.677
2.711
2.72
2.74
2.767
2.794
2.799
2.817
2.844
2.835
2.801
2.797
2.803
2.797
2.781
2.769
2.797
2.819
2.81
2.799
2.86
2.99
3.103
3.212
3.325
3.43
3.498
3.543
3.588
3.661
3.743
3.779
3.763
3.713
3.688
3.718
3.811
3.931
3.981
3.981
3.981
3.958
3.879
3.763
3.695
3.645
3.604
3.523
3.398
3.312
3.225
3.094
2.978
2.903
2.817
2.722
2.636
2.577
2.556
2.525
2.461
2.425
2.452
2.534
2.613
2.647
2.638
2.572
2.472
2.373
2.296
2.212
2.119
2.039
1.991
1.955
1.923
1.939
2.016
2.132
2.264
2.402
2.556
2.683
2.781
2.885
3.035
3.189
3.296
3.35
3.432
3.532
3.575
3.548
3.511
3.489
3.461
3.427
3.42
3.448
3.507
3.62
3.77
3.915
4.074
4.258
4.462
4.627
4.718
4.738
4.686
4.609
4.523
4.398
4.233
4.056
3.888
3.709
3.536
3.434
3.43
3.464
3.507
3.557
3.611
3.661
3.702
3.754
3.854
3.938
3.981
4.031
4.074
4.074
4.013
3.897
3.761
3.643
3.52
3.43
3.373
3.332
3.327
3.396
3.511
3.611
3.69
3.779
3.908
4.062
4.133
4.085
3.99
3.91
3.842
3.74
3.597
3.464
3.346
3.275
3.289
3.371
3.45
3.511
3.593
3.677
3.697
3.659
3.67
3.806
3.981
4.042
3.988
3.951
3.99
4.022
3.967
3.815
3.672
3.577
3.527
3.486
3.448
3.42
3.409
3.425
3.466
3.514
3.516
3.493
3.498
3.538
3.557
3.566
3.618
3.695
3.731
3.695
3.629
3.611
3.616
3.602
3.609
3.631
3.638
3.62
3.593
3.557
3.511
3.466
3.43
3.416
3.441
3.507
3.548
3.509
3.441
3.393
3.339
3.266
3.176
3.035
2.858
2.699
2.613
2.588
2.545
2.454
2.382
2.375
2.391
2.438
2.559
2.692
2.838
3.005
3.189
3.355
3.511
3.675
3.79
3.786
3.706
3.629
3.593
3.57
3.511
3.436
3.366
3.302
3.198
3.069
2.985
2.949
2.96
3.035
3.103
3.121
3.114
3.132
3.117
3.014
2.867
2.724
2.62
2.556
2.522
2.463
2.368
2.3
2.293
2.302
2.316
2.318
2.35
2.434
2.527
2.57
2.561
2.556
2.554
2.513
2.479
2.466
2.422
2.357
2.293
2.216
2.134
2.023
1.921
1.867
1.844
1.79
1.731
1.756
1.887
2.039
2.114
2.13
2.134
2.146
2.164
2.209
2.223
2.155
2.055
2.028
2.062
2.08
2.105
2.141
2.139
2.098
2.089
2.114
2.18
2.239
2.264
2.289
2.302
2.302
2.3
2.325
2.32
2.25
2.134
2.073
2.037
1.978
1.878
1.738
1.572
1.433
1.359
1.343
1.388
1.492
1.649
1.824
1.953
2.046
2.143
2.227
2.252
2.243
2.164
2.05
1.998
2.012
2.01
1.96
1.887
1.815
1.728
1.669
1.615
1.517
1.447
1.449
1.445
1.409
1.354
1.288
1.232
1.232
1.238
1.245
1.256
1.293
1.322
1.297
1.209
1.125
1.071
1.025
0.957
0.93
0.978
1.062
1.125
1.166
1.184
1.143
1.064
0.984
0.921
0.812
0.698
0.637
0.656
0.665
0.612
0.601
0.649
0.669
0.601
0.469
0.329
0.172
-0.007
-0.195
-0.388
-0.587
-0.751
-0.864
-0.98
-1.071
-1.075
-1.016
-0.962
-0.941
-0.968
-0.998
-0.989
-0.971
-0.996
-1.025
-1.03
-0.998
