Unnamed: 3
Value
-9.114
-8.449
-7.823
-7.42
-7.331
-7.483
-7.639
-7.655
-7.619
-7.556
-7.308
-6.875
-6.575
-6.533
-6.523
-6.428
-6.385
-6.457
-6.43
-6.077
-5.521
-5.006
-4.622
-4.409
-4.529
-5.024
-5.709
-6.344
-6.839
-7.152
-7.188
-6.789
-6.081
-5.255
-4.325
-3.568
-3.47
-4.013
-4.575
-4.97
-5.383
-5.825
-6.201
-6.539
-6.929
-7.295
-7.621
-8.173
-9.041
-9.69
-9.483
-8.717
-8.072
-7.367
-6.389
-5.829
-5.739
-5.31
-4.784
-4.977
-5.662
-5.986
-5.795
-5.641
-5.97
-6.165
-5.469
-4.709
-5.106
-6.192
-6.503
-5.73
-4.725
-4.017
-3.284
-2.361
-1.499
-0.905
-0.751
-1.091
-1.612
-1.778
-1.572
-1.306
-1.265
-1.458
-1.814
-2.452
-3.445
-4.849
-6.403
-7.58
-8.191
-8.671
-9.486
-10.346
-10.697
-10.915
-11.894
-13.376
-14.197
-14.159
-14.163
-14.295
-13.705
-12.525
-11.668
-11.464
-11.636
-12.117
-12.768
-13.296
-13.378
-12.94
-12.543
-12.298
-11.666
-10.758
-10.23
-10.323
-10.774
-11.101
-11.082
-10.867
-10.699
-10.524
-10.191
-9.937
-10.055
-10.586
-11.384
-12.219
-12.748
-12.557
-11.845
-10.949
-9.744
-8.206
-6.843
-6.165
-5.918
-5.437
-4.752
-4.242
-3.731
-2.778
-1.463
-0.26
0.549
0.916
0.975
0.773
0.272
-0.438
-1.157
-1.808
-2.279
-2.377
-2.329
-2.89
-4.151
-5.466
-6.394
-6.972
-7.449
-7.716
-7.349
-6.378
-5.246
-4.259
-3.609
-3.539
-3.756
-3.731
-3.531
-3.529
-3.706
-3.708
-3.391
-3.32
-3.942
-5.11
-6.433
-7.682
-8.739
-9.447
-9.676
-9.527
-9.189
-8.658
-8.072
-7.734
-7.646
-7.619
-7.587
-7.603
-7.594
-7.369
-6.854
-6.321
-5.908
-5.416
-4.806
-4.28
-3.895
-3.497
-2.958
-2.286
-1.599
-0.927
-0.315
0.065
0.292
0.551
0.683
0.547
0.506
0.977
1.91
2.767
3.298
3.897
4.763
5.48
5.777
5.854
5.852
5.691
5.378
5.221
5.369
5.598
5.709
5.904
6.299
6.687
6.945
7.127
7.224
7.088
6.685
6.249
5.766
5.04
4.203
3.482
2.79
1.985
1.125
0.233
-0.789
-1.851
-2.726
-3.42
-4.187
-4.962
-5.271
-5.049
-4.675
-4.298
-3.829
-3.207
-2.611
-2.248
-2.098
-2.089
-2.114
-1.917
-1.388
-0.905
-0.746
-0.633
-0.251
0.387
1.077
1.633
2.189
2.765
3.073
2.978
2.774
2.608
2.334
1.851
1.304
1.013
1.12
1.361
1.558
1.873
2.343
2.826
3.173
3.386
3.561
3.711
3.84
3.935
3.895
3.672
3.37
3.128
2.905
2.561
2.168
1.976
2.119
2.35
2.415
2.325
2.184
2.062
1.891
1.606
1.213
0.751
0.247
-0.218
-0.617
-1.013
-1.304
-1.417
-1.377
-1.195
-0.9
-0.592
-0.242
0.195
0.689
1.1
1.222
1.03
0.705
0.365
0.061
-0.07
-0.088
-0.124
-0.206
-0.218
-0.1
0.154
0.426
0.524
0.431
0.324
0.365
0.547
0.769
0.866
0.769
0.515
0.077
-0.617
-1.417
-1.95
-2.014
-1.808
-1.601
-1.377
-1.072
-0.828
-0.862
-1.166
-1.429
-1.408
-1.138
-0.835
-0.687
-0.648
-0.617
-0.637
-0.812
-1.096
-1.32
-1.173
-0.547
0.279
0.945
1.44
2.062
2.86
3.305
3.032
2.413
1.889
1.494
1.277
1.347
1.615
2.03
2.62
3.15
3.323
3.205
3.017
2.846
2.799
2.933
3.116
3.168
3.201
3.334
3.357
3.041
2.343
1.306
0.308
-0.265
-0.624
-1.166
-1.774
-2.241
-2.606
-2.892
-3.214
-3.797
-4.593
-5.31
-5.721
-5.827
-5.659
-5.194
-4.554
-4.013
-3.688
-3.405
-3.037
-2.64
-2.25
-1.83
-1.37
-0.948
-0.651
-0.456
-0.465
-0.687
-0.923
-1.281
-1.9
-2.433
-2.558
-2.384
-2.112
-1.724
-1.229
-0.687
-0.154
0.181
0.054
-0.512
-1.05
-1.141
-0.859
-0.635
-0.637
-0.621
-0.224
0.385
0.746
0.771
0.812
1.077
1.454
1.717
1.79
1.844
1.926
1.908
1.572
0.814
-0.179
-1.045
-1.576
-1.891
-2.211
-2.402
-2.082
-1.274
-0.535
-0.245
-0.233
-0.231
-0.249
-0.351
-0.34
0.052
0.787
1.608
2.37
2.989
3.425
3.609
3.379
2.667
1.781
1.15
0.857
0.743
0.721
0.714
0.515
-0.095
-1.018
-2.025
-3.137
-4.362
-5.36
-5.87
-6.024
-5.958
-5.596
-4.947
-4.31
-4.053
-4.185
-4.294
-4.151
-3.915
-3.779
-3.788
-3.833
-3.826
-3.849
-4.049
-4.493
-5.133
-5.659
-5.825
-5.85
-5.89
-5.709
-5.153
-4.566
-4.366
-4.668
-5.267
-5.791
-5.976
-5.772
-5.291
-4.754
-4.242
-3.713
-3.182
-2.753
-2.552
-2.527
-2.495
-2.273
-1.84
-1.283
-0.671
-0.049
0.347
0.165
-0.696
-1.948
-3.214
-4.239
-4.847
-4.892
-4.38
-3.72
-3.429
-3.566
-3.563
-3.173
-3.191
-4.482
-6.555
-8.15
-8.708
-8.735
-8.757
-8.481
-7.367
-5.5
-3.631
-2.461
-1.885
-1.161
0.047
1.225
1.579
1.075
0.503
0.469
0.746
0.755
0.413
0.236
0.449
0.617
0.222
-0.705
-1.678
-2.393
-3.13
-4.212
-5.291
-5.766
-5.521
-5.051
-4.749
-4.264
-3.139
-1.844
-1.186
-1.081
-0.853
-0.503
-0.719
-1.653
-2.4
-2.236
-1.585
-1.077
-0.828
-0.891
-1.529
-2.715
-4.114
-5.528
-7.025
-8.404
-9.091
-8.962
-8.597
-8.347
-7.982
-7.451
-7.292
-7.844
-8.57
-8.79
-8.556
-8.243
-7.769
-6.891
-5.57
-4.069
-2.917
-2.602
-2.991
-3.518
-3.758
-3.661
-3.325
-2.771
-1.994
-1.177
-0.603
-0.444
-0.716
-1.333
-2.132
-2.792
-2.991
-2.774
-2.347
-1.746
-1.096
-0.705
-0.655
-0.601
-0.224
0.488
1.372
2.32
3.239
3.931
4.257
4.384
4.448
4.117
3.148
1.937
1.349
1.796
2.83
3.695
3.954
3.597
2.806
1.606
-0.016
-1.86
-3.618
-4.986
-5.602
-5.385
-4.781
-4.321
-4.176
-4.362
-5.004
-6.181
-7.601
-8.683
-9.016
-8.628
-7.826
-7.034
-6.507
-6.235
-6.204
-6.498
-7.07
-7.789
-8.472
-8.912
-9.109
-9.345
-9.926
-10.813
-11.686
-12.33
-12.745
-12.954
-12.804
-12.31
-11.668
-11.085
-10.711
-10.681
-11.01
-11.461
-11.722
-11.69
-11.409
-10.699
-9.52
-8.202
-6.988
-5.73
-4.457
-3.568
-3.261
-3.255
-3.13
-2.701
-1.926
-0.83
0.358
1.363
2.159
2.71
2.824
2.463
1.964
1.665
1.653
1.728
1.957
2.649
3.761
4.686
5.028
4.885
4.502
4.069
3.726
3.658
3.969
4.532
5.155
5.809
6.401
6.762
6.729
6.274
5.428
4.353
3.302
2.554
2.32
2.415
2.279
1.649
0.894
0.553
0.714
0.882
0.633
0.097
-0.501
-1.195
-2.046
-2.89
-3.611
-4.194
-4.573
-4.538
-4.024
-3.291
-2.567
-1.862
-1.186
-0.707
-0.56
-0.537
-0.331
0.056
0.429
0.85
1.56
2.57
3.577
4.194
4.233
3.781
3.139
2.629
2.424
2.588
3.03
3.55
4.028
4.486
5.081
5.85
6.575
6.904
6.707
6.305
6.083
6.063
6.031
5.915
5.798
5.784
5.918
6.176
6.596
7.138
7.687
8.182
8.59
8.701
8.41
7.826
7.115
6.36
5.625
5.119
4.983
5.131
5.371
5.548
5.575
5.498
5.321
4.904
4.242
3.509
2.971
2.912
3.323
3.851
4.132
4.096
3.817
3.305
2.599
1.849
1.338
1.204
1.241
1.215
1.102
1.164
1.585
2.157
2.44
2.22
1.635
1.016
0.49
-0.027
-0.405
-0.342
0.283
1.157
1.855
2.279
2.613
3.039
3.634
4.441
5.473
6.667
7.835
8.717
9.241
9.688
10.3
10.99
11.425
11.43
11.273
11.362
11.845
12.618
13.439
14.016
14.174
13.993
13.659
13.36
13.217
13.356
13.718
14.031
13.986
13.496
12.695
11.845
11.033
10.166
9.266
8.594
8.358
8.576
9.012
9.234
8.944
8.143
6.925
5.389
3.765
2.338
1.426
1.17
1.361
1.68
1.912
1.812
1.152
-0.054
-1.413
-2.447
-3.071
-3.407
-3.463
-3.221
-2.815
-2.338
-1.834
-1.429
-1.281
-1.419
-1.603
-1.522
-0.971
0.058
1.417
2.778
3.822
4.455
4.749
4.953
5.308
5.857
6.496
7.106
7.621
8.057
8.467
8.917
9.47
10.053
10.465
10.781
11.282
12.09
13.068
14.027
14.916
15.728
16.198
16.107
15.671
15.32
15.204
15.29
15.526
16.005
16.658
17.146
17.289
17.173
16.887
16.558
16.332
16.202
16.007
15.68
15.304
14.943
14.515
14.002
13.48
12.881
12.115
11.362
10.937
10.883
11.01
11.15
11.207
11.071
10.67
10.082
9.543
9.225
9.127
9.202
9.374
9.508
9.501
9.4
9.288
9.13
8.751
8.156
7.578
7.254
7.195
7.254
7.365
7.533
7.769
8.034
8.279
8.488
8.821
9.356
9.885
10.219
10.509
10.808
10.842
10.461
9.901
9.611
9.819
10.329
10.79
11.042
11.119
11.076
10.89
10.454
9.726
8.953
8.47
8.351
8.381
8.424
8.529
8.728
8.828
8.522
7.769
6.836
5.991
5.228
4.384
3.429
2.62
1.98
1.227
0.195
-0.903
-1.737
-2.273
-2.774
-3.366
-3.897
-4.087
-3.999
-3.954
-4.18
-4.518
-4.872
-5.192
-5.23
-5.133
-5.682
-6.927
-7.621
-6.889
-5.48
-4.627
-4.418
-3.618
-1.413
1.274
2.899
3.343
3.949
5.582
7.308
7.585
6.46
5.702
6.555
8.129
8.63
7.76
6.948
7.168
7.73
7.453
6.24
5.133
4.951
5.212
4.82
3.738
3.32
4.745
7.358
9.368
10.189
10.797
11.79
12.364
11.681
10.282
9.481
9.694
9.978
9.381
8.173
7.247
6.863
6.399
5.128
3.159
1.47
0.612
-0.077
-1.463
-3.177
-3.947
-3.327
-2.42
-2.465
-3.237
-3.509
-2.867
-2.207
-2.477
-3.409
-4.001
-3.713
-2.821
-1.891
-1.081
0.102
2.039
4.044
4.911
4.414
3.593
3.327
3.271
2.69
1.832
1.526
1.944
2.422
2.268
1.443
0.553
0.383
1.089
1.812
1.783
1.508
1.878
2.638
2.937
2.812
3.155
4.319
5.634
6.537
7.367
8.66
10.334
11.754
12.414
12.3
11.745
11.139
10.674
10.23
9.606
9.014
8.921
9.304
9.531
8.941
7.535
5.954
4.722
3.945
3.622
3.794
4.355
5.033
5.568
5.714
5.235
4.209
2.955
1.733
0.698
0.138
0.249
0.819
1.542
2.329
2.894
2.869
2.372
1.73
1.021
0.315
0.106
0.725
1.742
2.393
2.486
2.323
1.998
1.259
-0.034
-1.583
-2.735
-3.069
-2.848
-2.615
-2.558
-2.406
-1.937
-1.542
-1.71
-2.288
-2.697
-2.617
-2.218
-1.64
-0.898
-0.124
0.447
0.743
0.823
0.807
0.889
1.297
2.091
3.232
4.534
5.629
6.176
6.038
5.351
4.618
4.398
4.834
5.534
6.09
6.789
8.156
9.878
10.774
10.241
8.917
7.734
6.895
6.061
5.181
4.693
5.126
6.392
7.716
8.377
8.34
8.02
7.723
7.442
7.091
6.931
7.335
8.227
9.027
9.304
9.15
8.753
8.057
6.954
5.689
4.698
4.167
3.919
3.607
3.005
2.259
1.689
1.349
0.907
0.277
-0.049
0.387
1.318
1.878
1.733
1.365
1.236
1.118
0.569
-0.335
-0.93
-0.769
-0.145
0.429
0.762
1.057
1.454
1.717
1.413
0.512
-0.399
-0.598
-0.004
0.9
1.776
2.676
3.552
4.155
4.362
4.35
4.484
4.956
5.57
5.967
6.108
6.358
6.816
6.979
6.378
5.31
4.602
4.749
5.457
6.163
6.771
7.594
8.803
10.103
10.96
11.105
10.822
10.602
10.634
10.674
10.45
10.148
10.028
9.942
9.527
8.753
7.968
7.515
7.365
7.247
7.143
7.256
7.598
7.941
8.018
7.762
7.337
6.92
6.553
6.197
5.807
5.351
4.906
4.405
3.625
2.538
1.529
0.939
0.587
0.211
-0.063
0.065
0.683
1.476
2.012
2.104
1.853
1.483
1.134
0.846
0.639
0.648
1.059
1.873
2.837
3.638
4.185
4.584
4.826
4.779
4.523
4.389
4.602
5.058
5.516
5.872
6.197
6.625
7.174
7.662
7.916
8
8.168
8.662
9.359
9.824
9.826
9.672
9.644
9.513
9.005
8.386
8.096
8.215
8.404
8.256
7.664
6.931
6.338
5.759
5.001
4.141
3.463
3.171
3.191
3.248
3.164
2.946
2.683
2.279
1.579
0.671
-0.17
-0.853
-1.44
-1.939
-2.25
-2.32
-2.297
-2.49
-2.999
-3.715
-4.428
-4.929
-5.049
-4.817
-4.455
-4.117
-3.711
-3.193
-2.863
-3.03
-3.593
-4.259
-4.856
-5.425
-6.024
-6.489
-6.553
-6.237
-5.852
-5.643
-5.616
-5.614
-5.528
-5.457
-5.489
-5.505
-5.244
-4.679
-4.105
-3.817
-3.758
-3.647
-3.425
-3.314
-3.327
-3.201
-2.726
-2.134
-1.685
-1.313
-0.846
-0.345
-0.004
0.102
0.029
-0.038
-0.018
0.025
-0.097
-0.547
-1.256
-1.914
-2.338
-2.747
-3.368
-3.965
-4.069
-3.679
-3.191
-2.749
-2.22
-1.71
-1.492
-1.626
-1.946
-2.293
-2.579
-2.731
-2.654
-2.429
-2.356
-2.593
-2.982
-3.339
-3.704
-4.151
-4.584
-4.824
-4.881
-4.885
-4.974
-5.333
-5.958
-6.573
-6.875
-6.868
-6.729
-6.505
-6.106
-5.491
-4.808
-4.226
-3.765
-3.341
-2.917
-2.534
-2.291
-2.193
-2.148
-2.041
-1.864
-1.744
-1.799
-1.964
-2.064
-2.012
-1.968
-2.032
-2.073
-1.937
-1.721
-1.671
-1.851
-2.168
-2.558
-3.012
-3.509
-4.033
-4.568
-4.997
-5.212
-5.33
-5.573
-5.922
-6.231
-6.492
-6.803
-7.111
-7.188
-6.929
-6.569
-6.474
-6.729
-7.075
-7.295
-7.501
-7.927
-8.576
-9.261
-9.857
-10.384
-10.919
-11.402
-11.554
-11.132
-10.366
-9.726
-9.442
-9.247
-8.504
-7.047
-5.827
-5.875
-6.637
-6.601
-5.559
-4.768
-4.675
-4.196
-2.812
-1.662
-1.635
-1.785
-0.789
1.004
2.27
2.558
2.436
2.492
2.778
3.039
2.942
2.2
1.004
0.381
1.116
2.316
2.479
1.626
1.036
1.048
0.63
-0.639
-1.565
-1.157
-0.07
0.574
0.934
1.769
2.679
2.556
1.413
0.156
-0.791
-1.674
-2.391
-2.368
-1.774
-1.739
-2.912
-4.711
-6.415
-8.027
-9.699
-11.08
-11.944
-12.772
-13.734
-14.218
-14.027
-14.049
-14.959
-16.025
-16.086
-15.168
-14.317
-14.002
-13.691
-13.131
-12.757
-12.62
-12.296
-11.836
-11.588
-11.303
-10.579
-9.876
-9.953
-10.74
-11.559
-12.146
-12.675
-13.19
-13.424
-12.961
-11.639
-9.869
-8.256
-7.115
-6.437
-6.061
-5.822
-5.634
-5.684
-5.981
-6.031
-5.155
-3.318
-1.238
0.501
1.849
2.987
3.856
4.28
4.275
4.149
4.123
4.282
4.702
5.396
6.095
6.362
6.11
5.625
4.99
4.013
2.74
1.52
0.683
0.24
-0.077
-0.431
-0.703
-0.796
-0.767
-0.646
-0.413
-0.043
0.331
0.651
1.054
1.715
2.361
2.558
2.189
1.526
0.821
0.1
-0.558
-1.118
-1.849
-2.923
-4.049
-4.693
-4.72
-4.393
-3.785
-2.676
-1.091
0.585
2.009
3.028
3.568
3.568
3.048
2.2
1.377
0.955
1.016
1.365
1.772
2.057
2.104
1.959
1.694
1.333
0.93
0.619
0.565
0.882
1.422
1.851
1.941
1.678
1.084
0.183
-0.787
-1.386
-1.59
-1.842
-2.273
-2.529
-2.402
-2.093
-1.812
-1.656
-1.628
-1.719
-1.778
-1.66
-1.479
-1.553
-2.027
-2.715
-3.522
-4.57
-5.811
-6.852
-7.245
-6.898
-6.038
-4.944
-3.877
-2.91
-2.075
-1.61
-1.858
-2.667
-3.47
-3.935
-4.314
-4.766
-5.019
-4.824
-4.425
-4.194
-4.16
-4.135
-4.076
-3.963
-3.722
-3.325
-2.769
-2.166
-1.823
-2.128
-3.159
-4.709
-6.371
-7.818
-8.975
-9.887
-10.497
-10.761
-10.82
-10.876
-10.826
-10.602
-10.4
-10.368
-10.438
-10.445
-10.289
-10.127
-10.212
-10.604
-11.312
-12.31
-13.46
-14.449
-15.011
-14.975
-14.245
-12.875
-11.171
-9.572
-8.381
-7.624
-7.249
-7.342
-7.862
-8.481
-8.885
-9.109
-9.341
-9.599
-9.853
-10.105
-10.232
-10.094
-9.733
-9.161
-8.274
-6.995
-5.374
-3.652
-2.15
-1.107
-0.642
-0.707
-1.215
-2.143
-3.384
-4.543
-5.196
-5.208
-4.824
-4.353
-3.917
-3.568
-3.393
-3.495
-3.826
-4.094
-4.178
-4.209
-4.289
-4.31
-4.135
-3.817
-3.45
-3.041
-2.604
-2.275
-2.104
-2.005
-1.896
-1.876
-2.018
-2.236
-2.42
-2.624
-3.059
-3.844
-4.87
-5.87
-6.789
-7.809
-9.066
-10.332
-11.307
-12.078
-13.051
-14.342
-15.454
-15.953
-15.907
-15.612
-15.138
-14.533
-13.959
-13.575
-13.397
-13.358
-13.387
-13.485
-13.614
-13.648
-13.403
-12.825
-11.981
-11.099
-10.511
-10.495
-10.969
-11.639
-12.324
-13.024
-13.621
-13.83
-13.571
-13.104
-12.632
-12.128
-11.505
-10.747
-10.005
-9.59
-9.624
-9.78
-9.504
-8.669
-7.812
-7.365
-7.106
-6.634
-5.976
-5.407
-4.911
-4.233
-3.216
-2
-0.809
0.192
0.925
1.309
1.363
1.204
1.054
1.061
1.157
1.136
0.927
0.662
0.462
0.383
0.51
0.846
1.349
1.955
2.492
2.635
2.306
1.917
1.832
1.792
1.197
-0.07
-1.419
-2.209
-2.409
-2.413
-2.409
-2.198
-1.64
-1.07
-1.1
-1.968
-3.184
-4.026
-4.428
-5.04
-6.308
-7.823
-8.926
-9.585
-10.361
-11.407
-12.192
-12.317
-12.028
-11.802
-11.756
-11.536
-10.838
-9.876
-9.15
-8.781
-8.542
-8.232
-7.93
-7.812
-7.909
-8.098
-8.2
-8.265
-8.479
-8.834
-8.959
-8.572
-7.814
-7.02
-6.231
-5.285
-4.105
-2.985
-2.279
-1.896
-1.508
-1.007
-0.601
-0.42
-0.265
0.211
1.048
1.962
2.815
3.758
4.847
5.936
6.884
7.666
8.342
8.955
9.447
9.651
9.522
9.198
8.799
8.415
8.054
7.58
6.952
6.369
6.018
5.759
5.419
5.063
4.892
4.876
4.804
4.502
3.999
3.452
2.946
2.306
1.399
0.415
-0.335
-0.721
-0.758
-0.53
-0.199
0.12
0.378
0.492
0.337
-0.079
-0.569
-1.021
-1.511
-2.112
-2.651
-2.967
-3.105
-3.201
-3.23
-3.135
-2.985
-2.919
-2.894
-2.67
-2.18
-1.617
-1.089
-0.556
-0.091
0.1
0.156
0.53
1.15
1.243
0.828
1.161
2.338
2.613
1.583
1.476
3.316
5.092
5.221
4.99
5.782
6.975
7.687
7.864
7.707
7.488
7.576
7.826
7.571
6.661
5.668
5.072
4.926
4.97
4.811
4.339
4.053
4.292
4.602
4.233
3.341
2.839
3.107
3.584
3.89
4.437
5.623
6.929
7.499
7.376
7.131
6.834
6.19
5.312
4.609
4.16
3.729
3.162
2.268
0.791
-0.948
-2.205
-2.885
-3.545
-4.189
-4.096
-3.014
-1.781
-1.39
-1.858
-2.374
-2.486
-2.543
-2.94
-3.502
-3.72
-3.271
-2.558
-2.402
-3.082
-3.942
-4.173
-3.745
-3.337
-3.382
-3.282
-2.395
-1.377
-1.379
-2.329
-3.203
-3.57
-3.879
-4.527
-5.164
-5.364
-5.16
-4.843
-4.532
-4.301
-4.219
-4.051
-3.524
-2.801
-2.257
-1.626
-0.211
1.862
3.629
4.448
4.734
5.056
5.258
4.831
3.937
3.318
3.157
3.137
3.239
3.559
3.735
3.488
3.062
2.644
1.935
0.737
-0.413
-0.894
-1.002
-1.612
-2.679
-3.128
-2.629
-2.311
-2.969
-3.704
-3.443
-2.59
-1.982
-1.553
-0.948
-0.19
0.535
1.059
1.191
1.059
1.17
1.526
1.594
1.109
0.524
0.19
-0.168
-1.079
-2.534
-3.858
-4.343
-3.917
-3.266
-2.987
-2.985
-2.803
-2.515
-2.565
-3.071
-3.57
-3.602
-3.21
-2.817
-2.735
-2.597
-1.792
-0.458
0.479
0.562
0.413
0.723
1.245
1.342
1.032
0.835
0.941
1.125
1.154
1.041
0.828
0.703
0.871
1.177
1.261
1.245
1.581
2.25
2.765
2.872
2.944
3.323
3.747
3.869
3.735
3.625
3.747
4.092
4.448
4.532
4.425
4.511
4.892
5.183
5.106
4.894
4.897
5.063
5.031
4.831
4.7
4.661
4.566
4.239
3.597
2.765
1.976
1.274
0.356
-0.998
-2.534
-3.722
-4.416
-5.015
-5.768
-6.397
-6.664
-6.676
-6.51
-6.149
-5.866
-6.104
-6.696
-7.199
-7.485
-7.778
-7.984
-7.871
-7.576
-7.508
-7.771
-7.93
-7.624
-7.109
-6.859
-6.954
-7.113
-6.997
-6.512
-5.94
-5.589
-5.333
-4.847
-4.117
-3.468
-3.162
-3.001
-2.638
-2.163
-1.928
-1.898
-1.689
-1.127
-0.499
-0.227
-0.363
-0.528
-0.392
-0.027
0.281
0.431
0.601
0.989
1.49
1.817
1.891
1.828
1.766
1.696
1.524
1.2
0.916
0.868
0.955
0.859
0.42
-0.181
-0.698
-1.175
-1.719
-2.311
-2.744
-2.817
-2.67
-2.622
-2.776
-2.901
-2.919
-3.089
-3.586
-4.289
-4.924
-5.328
-5.573
-5.834
-6.208
-6.584
-6.689
-6.435
-6.138
-6.07
-6.027
-5.632
-4.94
-4.312
-3.844
-3.332
-2.688
-2.234
-2.388
-3.305
-4.573
-5.5
-5.85
-6.009
-6.233
-6.338
-6.106
-5.671
-5.28
-4.894
-4.384
-3.84
-3.554
-3.616
-3.813
-3.838
-3.511
-2.931
-2.447
-2.261
-2.134
-1.73
-1.1
-0.56
-0.179
0.229
0.648
0.778
0.497
0.029
-0.324
-0.506
-0.764
-1.168
-1.354
-1.091
-0.635
-0.447
-0.662
-1.072
-1.395
-1.39
-0.941
-0.183
0.497
0.984
1.449
1.896
2.148
2.198
2.227
2.178
1.706
0.764
-0.141
-0.556
-0.574
-0.605
-0.817
-1.059
-1.263
-1.456
-1.574
-1.481
-1.2
-0.973
-0.889
-0.8
-0.689
-0.749
-0.977
-1.182
-1.368
-1.715
-2.102
-2.17
-1.882
-1.624
-1.669
-1.849
-1.855
-1.694
-1.621
-1.762
-1.955
-2.036
-2.046
-2.116
-2.325
-2.665
-3.171
-3.82
-4.516
-5.162
-5.721
-6.063
-6.047
-5.695
-5.242
-5.024
-5.164
-5.548
-6.061
-6.755
-7.626
-8.508
-9.17
-9.606
-9.982
-10.416
-10.801
-11.028
-11.158
-11.266
-11.459
-11.738
-11.97
-12.022
-11.911
-11.802
-11.67
-11.369
-10.994
-10.831
-10.94
-10.987
-10.742
-10.311
-9.887
-9.504
-9.071
-8.52
-7.778
-6.898
-6.07
-5.267
-4.187
-2.758
-1.379
-0.411
0.292
0.986
1.499
1.531
1.225
1.15
1.628
2.309
2.758
3.021
3.479
4.296
5.242
6.045
6.655
7.1
7.39
7.66
7.995
8.241
8.173
7.932
7.796
7.758
7.506
6.986
6.569
6.446
6.358
6.063
5.734
5.634
5.743
5.768
5.51
5.047
4.536
3.969
3.352
2.769
2.227
1.658
1.077
0.535
-0.018
-0.615
-1.15
-1.567
-2.005
-2.593
-3.205
-3.477
-3.234
-2.747
-2.386
-2.107
-1.612
-0.894
-0.258
-0.002
-0.102
-0.424
-1.03
-2.044
-3.275
-4.268
-4.602
-4.493
-4.675
-5.289
-5.484
-4.491
-2.513
-0.356
1.297
2.22
2.647
2.976
3.064
2.388
1.415
1.44
2.581
3.543
3.776
4.226
5.607
7.251
8.1
8.068
7.9
8.105
8.327
8.039
7.272
6.598
6.412
6.465
6.267
5.741
5.153
4.65
4.051
3.198
2.57
2.89
4.044
5.113
5.457
5.339
5.374
5.734
6.059
6.018
5.759
5.7
6.033
6.319
6.018
5.282
4.713
4.411
3.86
2.808
1.962
2.261
3.609
4.965
5.466
5.096
4.253
3.219
2.057
0.932
0.165
-0.058
0.39
1.52
3.021
4.45
5.582
6.301
6.48
6.042
5.287
4.836
5.151
6.145
7.367
8.365
8.853
8.712
7.837
6.465
5.133
4.325
4.164
4.489
5.056
5.811
6.614
7.091
6.922
6.176
5.396
5.119
5.285
5.491
5.739
6.335
7.31
8.377
9.13
9.227
8.551
7.242
5.795
4.867
4.756
5.203
5.866
6.542
6.961
6.789
6.004
5.004
4.173
3.616
3.219
2.894
2.552
2.107
1.671
1.415
1.358
1.225
0.85
0.506
0.66
1.553
2.976
4.45
5.469
5.911
6.054
6.092
5.967
5.757
5.879
6.678
7.989
9.291
10.175
10.504
10.388
10.166
10.055
9.962
9.715
9.363
9.086
8.93
8.864
8.887
8.948
9.016
9.082
9.187
9.27
9.347
9.54
9.905
10.409
10.976
11.448
11.611
11.434
11.244
11.498
12.258
13.083
13.43
13.226
12.713
12.051
11.282
10.559
10.05
9.697
9.304
8.932
8.814
9.095
9.647
10.21
10.59
10.597
10.041
8.989
7.882
7.15
6.845
6.72
6.664
6.764
6.995
7.242
7.442
7.533
7.578
7.785
8.27
8.968
9.67
10.114
10.25
10.269
10.429
10.64
10.504
9.914
9.332
9.13
9.134
9.136
9.172
9.207
9.003
8.406
7.537
6.762
6.435
6.637
7.086
7.39
7.438
7.392
7.345
7.186
6.807
6.305
5.89
5.723
5.854
6.338
7.1
7.846
8.241
8.204
7.925
7.694
7.696
7.875
7.932
7.692
7.301
6.85
6.127
4.874
3.148
1.422
0.159
-0.565
-0.898
-0.943
-0.76
-0.394
0.073
0.399
0.292
-0.292
-1.032
-1.671
-2.227
-2.633
-2.593
-1.978
-1.075
-0.283
0.091
-0.034
-0.299
-0.342
-0.195
0.027
0.281
0.503
0.673
0.817
0.914
0.853
0.633
0.408
0.201
-0.054
-0.254
-0.156
0.222
0.624
0.832
0.889
0.955
1.032
1.007
0.991
1.211
1.726
2.465
3.219
3.681
3.699
3.416
3.103
2.826
2.47
2.166
2.286
2.887
3.572
4.099
4.679
5.566
6.528
7.088
7.104
6.753
6.242
5.7
5.228
4.911
4.747
4.588
4.325
3.992
3.754
3.74
3.881
4.008
4.073
4.126
4.224
4.346
4.375
4.214
3.999
3.987
4.196
4.35
4.364
4.43
4.693
5.045
5.296
5.41
5.478
5.484
5.264
4.693
4.001
3.543
3.386
3.341
3.377
3.579
3.879
4.04
3.906
3.513
3.098
2.853
2.656
2.316
1.976
1.84
1.855
1.837
1.687
1.506
1.438
1.465
1.452
1.351
1.184
1.093
1.12
1.173
1.123
1.068
1.17
1.458
1.842
2.229
2.554
2.899
3.473
4.239
4.843
5.024
4.849
4.477
3.996
3.529
3.32
3.557
4.144
4.834
5.405
5.825
6.237
6.682
6.9
6.601
5.85
4.97
4.312
4.06
4.055
4.094
4.2
4.477
4.815
5.006
4.986
4.79
4.509
4.149
3.747
3.436
3.382
3.561
3.713
3.634
3.461
3.427
3.47
3.302
2.86
2.216
1.417
0.512
-0.456
-1.399
-2.172
-2.751
-3.259
-3.756
-4.078
-4.044
-3.724
-3.311
-2.921
-2.492
-1.955
-1.399
-0.887
-0.301
0.313
0.698
0.832
1.052
1.517
1.991
2.291
2.572
2.967
3.318
3.504
3.618
3.752
3.904
3.981
3.978
4.008
4.123
4.337
4.693
5.199
5.8
6.516
7.41
8.347
9.143
9.688
10.01
10.214
10.407
10.649
10.963
11.286
11.591
11.824
11.931
11.843
11.586
11.2
10.715
10.155
9.513
8.873
8.351
7.977
7.596
7.029
6.333
5.727
5.312
5.001
4.72
4.418
4.076
3.663
3.141
2.481
1.772
1.111
0.462
-0.215
-0.646
-0.589
-0.163
0.224
0.342
0.201
-0.147
-0.803
-1.742
-2.563
-2.883
-2.919
-3.155
-3.391
-2.729
-0.959
0.832
1.49
1.202
1.039
1.365
1.574
1.218
0.764
0.936
1.796
2.674
2.928
2.919
3.625
5.221
6.707
7.236
7.209
7.587
8.751
10.123
10.656
10.037
9.205
9.25
9.842
9.846
9.073
8.617
9.499
11.119
11.845
11.264
10.776
11.173
11.398
10.511
9.191
8.472
8.56
9.091
9.59
9.667
9.415
9.288
9.284
9.027
8.37
7.598
7.183
7.299
7.56
7.642
7.796
8.098
7.945
6.916
5.532
4.547
4.015
3.47
2.812
2.468
2.744
3.497
4.153
4.266
3.933
3.506
3.171
2.96
2.883
3.073
3.806
5.155
6.587
7.308
7.118
6.474
5.798
5.054
4.149
3.132
2.391
2.549
3.654
4.858
5.374
5.335
5.282
5.319
5.242
4.906
4.511
4.407
4.865
5.709
6.362
6.462
6.242
6.246
6.621
6.771
6.192
5.446
5.502
6.167
6.351
5.575
4.398
3.463
2.874
2.397
1.724
0.909
0.415
0.603
1.12
1.179
0.435
-0.689
-1.533
-2.048
-2.679
-3.445
-3.588
-2.602
-1.175
-0.435
-0.653
-1.191
-1.615
-2.157
-3.162
-4.346
-5.042
-4.922
-4.369
-3.781
-3.25
-2.819
-2.67
-2.883
-3.441
-4.217
-4.838
-4.917
-4.613
-4.371
-4.285
-4.051
-3.575
-3.205
-3.377
-3.942
-4.319
-4.207
-3.77
-3.221
-2.501
-1.511
-0.506
0.104
0.269
0.265
0.328
0.537
0.791
1.018
1.306
1.774
2.202
2.216
1.772
1.202
0.769
0.56
0.648
0.948
1.265
1.588
1.957
2.161
1.876
1.166
0.447
-0.086
-0.626
-1.229
-1.621
-1.635
-1.492
-1.531
-1.86
-2.433
-3.223
-4.18
-5.022
-5.534
-5.73
-5.704
-5.566
-5.405
-5.199
-5.015
-5.031
-5.405
-6.024
-6.551
-6.812
-6.939
-7.113
-7.319
-7.392
-7.269
-7.186
-7.292
-7.405
-7.22
-6.676
-6.099
-5.877
-5.94
-5.92
-5.655
-5.428
-5.537
-5.725
-5.387
-4.464
-3.559
-3.057
-2.738
-2.341
-2
-1.912
-1.991
-2.125
-2.205
-2.053
-1.567
-1.05
-0.796
-0.637
-0.286
0.058
-0.179
-1.077
-2.062
-2.667
-3.048
-3.402
-3.473
-3.082
-2.661
-2.611
-2.806
-2.964
-3.159
-3.559
-4.028
-4.237
-4.128
-3.913
-3.675
-3.524
-3.693
-4.194
-4.72
-4.956
-4.986
-5.026
-5.099
-5.065
-4.894
-4.743
-4.727
-4.749
-4.645
-4.389
-4.153
-4.081
-4.071
-3.913
-3.611
-3.423
-3.55
-3.906
-4.228
-4.275
-4.01
-3.67
-3.463
-3.201
-2.554
-1.56
-0.687
-0.272
-0.222
-0.267
-0.372
-0.621
-0.848
-0.809
-0.569
-0.469
-0.785
-1.383
-1.941
-2.279
-2.42
-2.518
-2.697
-2.926
-3.01
-2.837
-2.549
-2.32
-2.13
-1.801
-1.461
-1.517
-2.166
-3.059
-3.779
-4.314
-4.906
-5.593
-6.174
-6.476
-6.551
-6.569
-6.689
-6.866
-6.877
-6.664
-6.448
-6.51
-6.975
-7.692
-8.29
-8.492
-8.567
-8.876
-9.205
-9.225
-9.261
-9.71
-10.239
-10.337
-10.08
-9.958
-10.166
-10.456
-10.482
-10.205
-9.919
-9.851
-9.989
-10.228
-10.465
-10.552
-10.409
-10.175
-9.892
-9.404
-8.717
-8.072
-7.569
-7.159
-6.834
-6.551
-6.249
-5.825
-5.273
-4.645
-4.053
-3.533
-2.973
-2.393
-1.912
-1.551
-1.116
-0.594
-0.097
0.354
0.844
1.434
2.084
2.545
2.692
2.703
2.769
2.912
3.087
3.269
3.402
3.355
3.037
2.49
1.894
1.504
1.449
1.717
2.293
3.246
4.357
5.276
5.845
5.952
5.43
4.271
2.833
1.61
0.844
0.422
0.319
0.664
1.304
1.762
1.692
1.252
0.728
0.165
-0.405
-0.814
-0.835
-0.51
-0.168
-0.172
-0.626
-1.286
-1.88
-2.264
-2.538
-2.769
-2.738
-2.236
-1.467
-0.873
-0.628
-0.411
0.036
0.492
0.73
0.907
1.354
2.139
2.912
3.198
2.797
1.894
0.8
-0.299
-1.34
-2.27
-2.903
-3.026
-2.756
-2.515
-2.479
-2.52
-2.547
-2.567
-2.576
-2.515
-2.325
-2.007
-1.676
-1.429
-1.274
-1.15
-0.962
-0.839
-0.885
-0.98
-0.889
-0.617
-0.306
0.02
0.286
0.288
-0.009
-0.405
-0.794
-1.277
-1.914
-2.554
-3.062
-3.566
-4.151
-4.747
-5.235
-5.609
-5.861
-5.976
-5.988
-5.949
-5.854
-5.671
-5.442
-5.269
-5.298
-5.589
-6.011
-6.41
-6.841
-7.319
-7.764
-8.127
-8.452
-8.808
-9.22
-9.595
-9.887
-10.135
-10.339
-10.293
-9.953
-9.676
-9.935
-10.774
-11.824
-12.849
-14.086
-15.744
-17.45
-18.428
-18.126
-16.649
-14.716
-12.945
-11.384
-9.783
-8.09
-6.814
-6.623
-7.306
-7.798
-7.417
-6.718
-6.537
-6.841
-7.129
-7.181
-7.043
-6.791
-6.428
-5.945
-5.525
-5.385
-5.519
-5.662
-5.68
-5.811
-6.283
-6.875
-7.104
-6.682
-5.748
-4.815
-4.414
-4.615
-5.226
-6.059
-6.859
-7.297
-7.177
-6.43
-5.255
-4.008
-2.885
-1.876
-0.939
-0.376
-0.53
-1.243
-1.93
-2.347
-2.735
-3.223
-3.627
-3.89
-4.189
-4.634
-5.069
-5.421
-5.745
-6.04
-6.285
-6.419
-6.329
-5.986
-5.51
-5.031
-4.602
-4.105
-3.414
-2.778
-2.615
-2.919
-3.42
-4.09
-4.867
-5.389
-5.353
-5.001
-4.808
-5.031
-5.723
-6.889
-8.386
-9.955
-11.4
-12.716
-13.886
-14.655
-14.809
-14.519
-14.074
-13.548
-12.958
-12.469
-12.194
-12.049
-11.784
-11.307
-10.858
-10.652
-10.513
-10.091
-9.302
-8.426
-7.871
-7.78
-7.923
-8.143
-8.517
-9.163
-10.071
-10.922
-11.373
-11.47
-11.545
-11.698
-11.65
-11.137
-10.28
-9.602
-9.415
-9.52
-9.499
-9.238
-9.036
-9.132
-9.329
-9.148
-8.297
-6.762
-4.804
-2.844
-1.188
0.049
0.912
1.354
1.277
0.705
-0.183
-1.091
-1.753
-2
-1.781
-1.261
-0.925
-1.227
-2.225
-3.702
-5.405
-6.966
-7.986
-8.461
-8.479
-7.912
-6.886
-5.954
-5.401
-5.036
-4.745
-4.688
-4.847
-4.979
-4.806
-4.307
-3.695
-3.28
-3.232
-3.434
-3.622
-3.536
-3.144
-2.699
-2.427
-2.329
-2.3
-2.415
-2.923
-3.922
-5.3
-6.735
-7.841
-8.381
-8.436
-8.232
-7.848
-7.417
-7.215
-7.438
-7.898
-8.168
-8.011
-7.49
-6.652
-5.385
-3.693
-1.896
-0.501
0.129
0.018
-0.594
-1.365
-1.935
-2.05
-1.64
-0.696
0.624
1.971
2.955
3.465
3.643
3.518
2.98
2.073
1.12
0.547
0.607
1.129
1.71
2.132
2.543
3.166
3.949
4.711
5.351
6.036
6.873
7.725
8.383
8.814
9.025
9.032
8.871
8.562
8.152
7.773
7.483
7.122
6.424
5.353
4.017
2.586
1.368
0.571
0.12
-0.138
-0.143
0.143
0.515
0.587
0.22
-0.533
-1.549
-2.62
-3.373
-3.495
-2.976
-1.939
-0.512
1.204
2.967
4.437
5.41
5.918
6.004
5.709
5.094
4.425
3.978
3.729
3.386
2.81
2.075
1.295
0.587
-0.031
-0.598
-1.081
-1.374
-1.401
-1.268
-1.161
-1.098
-0.989
-0.819
-0.585
-0.331
-0.043
0.324
0.716
0.982
1.075
1.17
1.526
2.218
3.128
4.005
4.702
5.19
5.587
5.825
5.646
4.92
3.897
2.812
1.744
0.803
0.102
-0.317
-0.465
-0.492
-0.635
-1.009
-1.454
-1.772
-2.089
-2.586
-3.032
-3.01
-2.429
-1.572
-0.8
-0.204
0.306
0.803
1.218
1.361
1.215
1.079
1.27
1.674
2.021
2.302
2.697
3.118
3.234
2.815
1.946
0.968
0.199
-0.335
-0.844
-1.494
-2.018
-2.018
-1.54
-0.957
-0.558
-0.313
-0.022
0.335
0.587
0.626
0.456
0.224
0.038
-0.222
-0.583
-0.782
-0.719
-0.499
-0.22
-0.043
0.045
0.163
0.231
0.047
-0.365
-0.719
-0.803
-0.605
-0.292
-0.056
0.068
0.229
0.537
0.671
0.326
-0.319
-0.859
-1.157
-1.347
-1.592
-1.812
-1.821
-1.583
-1.263
-1.102
-1.268
-1.642
-1.903
-2.007
-2.202
-2.499
-2.561
-2.198
-1.649
-1.313
-1.225
-1.136
-0.959
-0.725
-0.488
-0.347
-0.304
-0.19
0.104
0.422
0.547
0.497
0.481
0.578
0.644
0.549
0.367
0.335
0.519
0.651
0.488
0.156
0.018
0.19
0.422
0.422
0.365
0.624
1.182
1.615
1.742
1.772
1.914
2.075
2.098
2.119
2.374
2.858
3.341
3.597
3.47
3.01
2.372
1.638
0.785
-0.197
-1.211
-1.971
-2.309
-2.445
-2.617
-2.751
-2.819
-3.08
-3.686
-4.543
-5.505
-6.421
-7.016
-7.165
-7.025
-6.709
-6.147
-5.312
-4.387
-3.631
-3.067
-2.492
-1.926
-1.615
-1.612
-1.764
-1.996
-2.175
-2.172
-1.978
-1.733
-1.565
-1.338
-0.864
-0.326
-0.018
0.102
0.172
0.201
0.159
0.011
-0.201
-0.288
-0.047
0.49
1.027
1.25
1.127
0.832
0.356
-0.408
-1.347
-2.1
-2.338
-2.018
-1.351
-0.675
-0.274
-0.138
-0.093
-0.204
-0.739
-1.579
-2.302
-2.726
-3.035
-3.423
-3.738
-3.833
-3.752
-3.661
-3.74
-4.101
-4.586
-4.944
-5.253
-5.734
-6.31
-6.682
-6.753
-6.759
-7.022
-7.367
-7.256
-6.555
-5.716
-5.167
-4.843
-4.378
-3.711
-3.107
-2.803
-2.905
-3.3
-3.708
-3.919
-4.085
-4.384
-4.795
-5.167
-5.502
-5.868
-6.127
-5.963
-5.324
-4.505
-3.745
-3.032
-2.2
-1.109
0.018
0.589
0.499
0.299
0.26
-0.011
-0.741
-1.624
-2.304
-2.71
-2.935
-3.08
-3.112
-2.908
-2.515
-2.246
-2.461
-3.1
-3.675
-3.654
-2.996
-2.107
-1.313
-0.408
0.796
1.81
1.772
0.411
-1.615
-3.289
-4.103
-4.275
-4.11
-3.625
-2.799
-1.91
-1.443
-1.64
-2.356
-3.293
-4.149
-4.74
-5.024
-4.965
-4.491
-3.79
-3.307
-3.545
-4.536
-5.634
-6.176
-6.185
-6.256
-6.7
-7.201
-7.356
-7.204
-6.97
-6.718
-6.512
-6.419
-6.301
-5.947
-5.24
-4.314
-3.316
-2.379
-1.628
-1.177
-0.968
-0.812
-0.592
-0.279
0.038
0.254
0.29
0.147
-0.17
-0.637
-1.277
-1.998
-2.565
-2.878
-2.842
-2.236
-1.05
0.322
1.49
2.323
2.874
3.184
3.148
2.771
2.225
1.724
1.562
1.858
2.388
2.694
2.402
1.492
0.354
-0.642
-1.404
-1.966
-2.27
-2.211
-1.746
-1.132
-0.76
-0.687
-0.807
-1.197
-1.973
-3.059
-4.155
-4.924
-5.287
-5.444
-5.57
-5.668
-5.684
-5.587
-5.478
-5.439
-5.439
-5.28
-4.935
-4.688
-4.704
-4.892
-5.144
-5.446
-5.743
-5.981
-6.002
-5.682
-5.162
-4.824
-4.968
-5.482
-5.963
-6.226
-6.557
-7.215
-7.975
-8.415
-8.406
-8.147
-7.927
-7.975
-8.379
-8.985
-9.556
-9.903
-9.928
-9.679
-9.338
-9.014
-8.649
-8.215
-7.728
-7.197
-6.652
-6.172
-5.759
-5.364
-5.06
-4.885
-4.72
-4.568
-4.57
-4.747
-4.949
-5.019
-4.953
-4.713
-4.271
-3.686
-3.062
-2.45
-1.821
-1.138
-0.422
0.211
0.789
1.513
2.486
3.5
4.248
4.62
4.811
4.917
4.725
4.173
3.595
3.35
3.461
3.754
4.235
4.775
5.069
5.01
4.77
4.282
3.357
2.257
1.526
1.415
1.79
2.415
3.05
3.477
3.599
3.432
3.064
2.638
2.314
2.062
1.801
1.626
1.592
1.463
1.098
0.664
0.267
-0.247
-0.882
-1.32
-1.175
-0.571
-0.038
0.222
0.488
0.868
1.086
0.912
0.651
0.835
1.529
2.377
3.08
3.473
3.513
3.259
2.783
2.157
1.476
0.927
0.743
0.998
1.588
2.323
3.096
3.942
4.65
4.899
4.679
4.396
4.296
4.224
4.051
3.904
3.981
4.242
4.464
4.511
4.428
4.167
3.656
3.148
3.13
3.724
4.568
5.196
5.41
5.285
5.049
5.006
5.253
5.53
5.602
5.557
5.638
5.963
6.356
6.48
6.331
6.176
6.106
6
5.881
5.893
5.913
5.668
5.178
4.892
5.065
5.383
5.451
5.16
4.618
3.981
3.438
3.269
3.55
3.99
4.289
4.47
4.707
5.06
5.48
5.918
6.335
6.657
6.795
6.841
6.886
6.816
6.392
5.662
4.944
4.441
4.149
4.112
4.498
5.249
6.095
6.685
6.927
6.968
6.854
6.467
5.857
5.26
4.951
5.049
5.396
5.723
5.895
6.031
6.296
6.562
6.587
6.403
6.181
6.127
6.412
6.99
7.524
7.816
7.918
7.85
7.517
7.043
6.803
6.798
6.492
5.58
4.375
3.325
2.617
2.259
2.223
2.506
3.069
3.781
4.461
4.84
4.82
4.704
4.838
5.085
5.126
4.913
4.702
4.645
4.768
5.008
5.335
5.736
6.174
6.537
6.643
6.469
6.389
6.693
7.124
7.292
7.254
7.267
7.297
7.115
6.886
7.036
7.605
8.218
8.617
8.86
9.086
9.402
9.857
10.296
10.45
10.364
10.343
10.618
11.04
11.341
11.556
11.831
12.113
12.205
12.119
12.047
12.212
12.598
12.845
12.62
12.065
11.525
11.071
10.613
10.193
10.094
10.305
10.397
10.148
9.837
9.731
9.663
9.422
9.089
8.86
8.71
8.626
8.717
8.998
9.323
9.674
10.153
10.731
11.073
10.883
10.361
9.978
9.758
9.374
8.849
8.647
9.021
9.733
10.391
10.969
11.668
12.41
12.786
12.525
11.795
10.922
10.162
9.604
9.238
9.043
8.985
9.086
9.306
9.561
9.81
10.087
10.405
10.742
10.926
10.808
10.524
10.337
10.219
10.057
9.883
9.794
9.794
9.785
9.665
9.477
9.288
9.093
8.733
7.959
6.764
5.593
4.892
4.527
4.078
3.577
3.416
3.548
3.461
2.842
1.919
1.091
0.349
-0.524
-1.44
-1.948
-1.808
-1.309
-0.864
-0.675
-0.864
-1.488
-2.402
-3.252
-3.867
-4.455
-4.974
-4.933
-4.176
-3.212
-2.461
-1.667
-0.642
0.222
0.587
0.762
1.136
1.617
1.858
1.753
1.522
1.338
1.032
0.399
-0.488
-1.358
-1.946
-2.032
-1.497
-0.574
0.29
0.909
1.356
1.601
1.572
1.401
1.438
1.849
2.574
3.482
4.45
5.403
6.172
6.533
6.376
5.877
5.348
4.992
4.813
4.761
4.808
4.924
4.861
4.364
3.491
2.452
1.404
0.515
-0.029
-0.154
0.111
0.698
1.372
1.64
1.265
0.567
0.004
-0.249
-0.201
0.122
0.751
1.574
2.359
2.881
2.896
2.205
0.957
-0.26
-0.927
-0.989
-0.635
0.141
1.399
2.848
3.871
4.255
4.316
4.35
4.384
4.418
4.595
5.09
5.884
6.737
7.277
7.281
6.857
6.369
6.147
6.206
6.496
7.113
8.12
9.247
10.019
10.264
10.243
10.107
9.653
8.678
7.46
6.569
6.335
6.569
6.784
6.657
6.181
5.444
4.398
3.118
2.018
1.504
1.585
1.994
2.406
2.622
2.586
2.343
1.996
1.551
1.039
0.767
1
1.513
1.878
2.034
2.089
1.941
1.381
0.494
-0.272
-0.539
-0.317
0.129
0.578
0.998
1.345
1.438
1.116
0.394
-0.578
-1.467
-2.021
-2.225
-2.17
-1.867
-1.413
-1.081
-1.079
-1.295
-1.513
-1.63
-1.531
-1.089
-0.431
0.104
0.422
0.683
0.975
1.111
1.007
0.862
0.936
1.247
1.687
2.241
2.863
3.228
3.021
2.433
1.946
1.715
1.61
1.558
1.669
2.091
2.815
3.665
4.348
4.62
4.455
4.105
3.767
3.47
3.241
3.239
3.629
4.355
5.178
5.899
6.462
6.925
7.299
7.562
7.651
7.578
7.462
7.42
7.392
7.211
6.877
6.523
6.19
5.958
6.018
6.308
6.612
6.85
7.034
7.025
6.803
6.525
6.246
5.913
5.596
5.546
5.868
6.338
6.691
6.898
7.002
6.945
6.744
6.566
6.471
6.299
6.006
5.831
5.956
6.176
6.147
5.73
5.096
4.464
3.767
3.044
2.57
2.611
3.044
3.563
4.001
4.28
4.257
3.922
3.495
3.212
3.109
3.098
3.123
3.173
3.205
3.144
2.872
2.3
1.492
0.809
0.465
0.431
0.642
1.114
1.753
2.431
3.132
3.794
4.207
4.144
3.686
3.239
3.046
2.89
2.477
1.849
1.345
1.141
1.114
1.102
1.184
1.653
2.552
3.55
4.298
4.876
5.478
6.047
6.287
6.154
5.89
5.743
5.818
6.054
6.296
6.514
6.818
7.215
7.571
7.66
7.396
6.934
6.557
6.362
6.192
5.85
5.491
5.453
5.822
6.329
6.739
7.047
7.31
7.415
7.195
6.775
6.501
6.444
6.421
6.353
6.338
6.455
6.569
6.516
6.314
6.147
6.108
6.036
5.793
5.5
5.414
5.587
5.965
6.53
7.242
8.018
8.783
9.488
9.955
9.917
9.391
8.764
8.206
7.433
6.24
4.883
3.758
3.03
2.62
2.431
2.461
2.742
3.173
3.597
3.958
4.209
4.348
4.434
4.357
3.94
3.357
2.901
2.547
2.116
1.61
1.238
1.089
1.048
1.009
0.971
1.052
1.365
1.844
2.227
2.497
2.837
3.314
3.699
3.801
3.613
3.298
3.073
2.867
2.374
1.511
0.587
-0.079
-0.483
-0.739
-0.778
-0.451
0.138
0.685
1.048
1.354
1.834
2.463
2.905
2.881
2.543
2.2
1.905
1.406
0.624
-0.133
-0.521
-0.547
-0.592
-0.877
-1.243
-1.513
-1.733
-2.036
-2.433
-2.803
-3.044
-3.155
-3.273
-3.473
-3.672
-3.817
-3.947
-4.141
-4.441
-4.808
-5.137
-5.389
-5.512
-5.451
-5.244
-5.015
-4.89
-4.897
-4.897
-4.758
-4.561
-4.366
-4.101
-3.699
-3.239
-2.878
-2.815
-3.071
-3.402
-3.491
-3.348
-3.216
-3.241
-3.332
-3.339
-3.275
-3.205
-3.121
-3.019
-2.926
-2.894
-2.971
-3.118
-3.182
-3.096
-2.973
-3.035
-3.407
-3.915
-4.282
-4.414
-4.425
-4.402
-4.296
-4.085
-3.84
-3.654
-3.527
-3.456
-3.475
-3.568
-3.675
-3.69
-3.536
-3.407
-3.548
-3.869
-4.071
-4.01
-3.797
-3.59
-3.447
-3.343
-3.23
-3.021
-2.715
-2.431
-2.207
-1.941
-1.656
-1.499
-1.504
-1.461
-1.188
-0.823
-0.61
-0.539
-0.499
-0.528
-0.662
-0.835
-0.975
-1.041
-0.953
-0.637
-0.179
0.12
0.016
-0.438
-0.993
-1.662
-2.588
-3.588
-4.362
-4.894
-5.369
-5.768
-5.875
-5.602
-5.19
-4.861
-4.595
-4.45
-4.613
-4.929
-5.049
-5.194
-5.981
-7.304
-8.059
-7.58
-6.571
-6.077
-5.947
-5.217
-3.55
-1.724
-0.823
-1.013
-1.392
-1.286
-1.141
-1.687
-2.685
-3.201
-2.865
-2.309
-2.261
-2.599
-2.611
-2.184
-2.082
-2.853
-3.935
-4.35
-3.96
-3.522
-3.69
-4.123
-4.003
-3.1
-2.293
-2.409
-2.896
-2.561
-1.41
-0.628
-0.805
-1.202
-0.907
-0.265
-0.347
-1.295
-2.218
-2.323
-1.764
-1.286
-1.461
-2.191
-2.876
-3.207
-3.722
-5.036
-6.709
-7.721
-7.835
-7.671
-7.512
-7.047
-6.108
-5.212
-5.199
-6.281
-7.758
-8.735
-9.041
-9.145
-9.42
-9.69
-9.585
-9.257
-9.297
-9.899
-10.506
-10.611
-10.298
-9.894
-9.429
-8.64
-7.53
-6.589
-6.342
-6.834
-7.587
-8.02
-8.07
-8.204
-8.542
-8.549
-7.655
-6.072
-4.797
-4.477
-4.67
-4.57
-4.108
-3.763
-3.607
-3.205
-2.45
-1.583
-0.737
0.084
0.776
1.295
1.653
1.869
1.803
1.508
1.302
1.383
1.52
1.422
1.105
0.694
0.15
-0.556
-1.129
-1.166
-0.712
-0.349
-0.424
-0.669
-0.701
-0.639
-0.898
-1.603
-2.45
-2.987
-2.955
-2.567
-2.297
-2.238
-2.136
-1.928
-1.792
-1.846
-2.08
-2.32
-2.468
-2.538
-2.538
-2.4
-2.08
-1.649
-1.27
-0.894
-0.31
0.479
1.145
1.479
1.608
1.549
1.141
0.401
-0.292
-0.576
-0.426
0.052
0.749
1.313
1.431
1.436
1.919
2.762
3.382
3.699
4.246
5.212
6.181
6.83
7.172
7.19
6.814
6.219
5.582
4.843
3.924
3.121
2.71
2.624
2.579
2.429
2.145
1.799
1.431
1.125
1.03
1.096
1
0.569
0.04
-0.403
-0.846
-1.368
-1.885
-2.309
-2.588
-2.905
-3.522
-4.348
-4.899
-4.899
-4.729
-4.779
-4.935
-4.968
-4.922
-5.019
-5.374
-5.754
-5.899
-5.825
-5.82
-6.036
-6.333
-6.421
-6.24
-5.965
-5.698
-5.246
-4.582
-4.017
-3.835
-3.985
-4.219
-4.557
-5.235
-6.251
-7.224
-7.789
-7.9
-7.707
-7.349
-6.816
-6.049
-5.219
-4.693
-4.734
-5.24
-5.822
-6.228
-6.641
-7.231
-7.884
-8.419
-8.894
-9.386
-9.789
-9.914
-9.778
-9.583
-9.384
-9.13
-8.76
-8.234
-7.585
-6.995
-6.725
-6.902
-7.392
-8.061
-8.873
-9.733
-10.402
-10.833
-11.226
-11.62
-11.849
-11.779
-11.378
-10.69
-9.917
-9.245
-8.742
-8.41
-8.238
-8.238
-8.426
-8.703
-8.816
-8.694
-8.603
-8.755
-9.014
-9.104
-8.921
-8.599
-8.34
-8.088
-7.542
-6.702
-5.963
-5.573
-5.353
-5.128
-4.962
-5.042
-5.362
-5.673
-5.689
-5.466
-5.306
-5.276
-5.178
-4.849
-4.396
-4.101
-4.085
-4.055
-3.69
-3.173
-2.872
-2.815
-2.722
-2.543
-2.565
-3.01
-3.697
-4.171
-4.137
-3.684
-3.028
-2.377
-1.849
-1.535
-1.649
-2.402
-3.729
-5.262
-6.501
-7.186
-7.488
-7.743
-8.045
-8.2
-8.184
-8.336
-8.998
-10.114
-11.375
-12.523
-13.525
-14.483
-15.245
-15.556
-15.336
-14.826
-14.383
-14.197
-14.172
-14.079
-13.845
-13.498
-12.952
-12.099
-11.04
-10.201
-9.901
-10.096
-10.459
-10.634
-10.488
-10.228
-9.991
-9.583
-8.851
-8.048
-7.585
-7.607
-7.853
-7.991
-7.993
-8.011
-7.995
-7.639
-6.777
-5.68
-4.894
-4.659
-4.69
-4.582
-4.35
-4.319
-4.52
-4.6
-4.226
-3.397
-2.525
-2.075
-2.059
-2.143
-2.17
-2.275
-2.62
-3.175
-3.779
-4.221
-4.348
-4.285
-4.296
-4.443
-4.557
-4.632
-4.872
-5.24
-5.425
-5.282
-5.164
-5.419
-6.04
-6.748
-7.492
-8.336
-9.175
-9.824
-10.305
-10.674
-10.661
-10.019
-8.985
-7.918
-6.884
-6.068
-5.638
-5.451
-5.208
-4.899
-4.707
-4.686
-4.707
-4.711
-4.722
-4.702
-4.564
-4.373
-4.428
-4.752
-4.904
-4.561
-4.031
-3.74
-3.704
-3.799
-4.055
-4.425
-4.63
-4.489
-4.092
-3.629
-3.234
-2.933
-2.608
-2.148
-1.68
-1.422
-1.361
-1.277
-0.853
0.056
1.1
1.821
2.17
2.529
3.135
3.609
3.486
2.758
1.871
1.215
0.848
0.569
0.401
0.721
1.674
2.758
3.495
3.956
4.507
5.235
5.766
5.734
5.081
4.164
3.429
3.053
2.785
2.384
2.03
2.032
2.427
2.863
3.021
2.958
2.978
3.067
2.815
1.98
0.721
-0.607
-1.81
-2.917
-3.915
-4.552
-4.475
-3.735
-2.833
-2.041
-1.118
0.04
0.903
1.009
0.549
-0.12
-0.823
-1.476
-1.849
-1.633
-0.751
0.399
1.429
2.343
3.459
4.911
6.258
6.993
7.295
7.789
8.671
9.379
9.404
8.914
8.277
7.512
6.53
5.48
4.516
3.62
2.851
2.196
1.361
0.227
-0.857
-1.456
-1.603
-1.647
-1.624
-1.068
0.272
1.996
3.395
3.949
3.5
2.327
0.896
-0.444
-1.558
-2.356
-2.744
-2.654
-2.121
-1.417
-0.785
-0.308
-0.161
-0.653
-1.71
-2.878
-3.82
-4.418
-4.561
-4.18
-3.384
-2.497
-1.757
-1.175
-0.642
-0.111
0.415
0.982
1.658
2.549
3.595
4.547
5.128
5.142
4.622
3.897
3.284
2.851
2.415
1.957
1.742
1.921
2.086
1.719
0.83
-0.058
-0.598
-0.968
-1.485
-1.948
-1.721
-0.619
0.703
1.494
1.572
1.17
0.637
0.326
0.283
0.242
0.122
0.152
0.426
0.737
0.751
0.34
-0.274
-0.753
-1.159
-1.834
-2.663
-3.089
-3.048
-2.955
-3.098
-3.375
-3.552
-3.47
-3.166
-2.69
-2.021
-1.164
-0.093
1.15
2.365
3.189
3.379
3.105
2.708
2.189
1.354
0.474
0.091
0.238
0.403
0.279
0.127
0.224
0.345
0.031
-0.723
-1.488
-2.021
-2.413
-2.692
-2.821
-2.86
-2.949
-3.144
-3.445
-3.799
-3.972
-3.738
-3.216
-2.756
-2.438
-2.046
-1.549
-1.202
-1.177
-1.295
-1.263
-0.936
-0.508
-0.209
-0.045
0.17
0.474
0.626
0.297
-0.488
-1.274
-1.676
-1.803
-1.953
-2.032
-1.683
-0.787
0.376
1.379
2.044
2.409
2.629
2.769
2.778
2.583
2.234
1.982
1.95
1.885
1.524
0.953
0.515
0.258
-0.073
-0.642
-1.295
-1.862
-2.273
-2.51
-2.552
-2.314
-1.774
-1.191
-0.916
-1.066
-1.426
-1.658
-1.633
-1.458
-1.336
-1.234
-0.993
-0.621
-0.283
-0.054
0.124
0.299
0.444
0.583
0.767
0.975
1.15
1.157
0.941
0.689
0.655
0.755
0.678
0.265
-0.31
-0.782
-1.027
-1.166
-1.263
-1.288
-1.247
-1.232
-1.368
-1.588
-1.717
-1.769
-1.91
-2.227
-2.681
-3.073
-3.239
-3.193
-3.109
-3.032
-2.821
-2.374
-1.894
-1.701
-1.871
-2.316
-2.923
-3.609
-4.235
-4.597
-4.611
-4.482
-4.496
-4.606
-4.645
-4.668
-4.688
-4.659
-4.496
-4.169
-3.67
-3.035
-2.445
-2.071
-1.873
-1.635
-1.241
-0.737
-0.227
0.138
0.272
0.218
0.022
-0.218
-0.387
-0.578
-1.023
-1.79
-2.663
-3.346
-3.675
-3.609
-3.257
-2.905
-2.731
-2.644
-2.586
-2.703
-3.098
-3.64
-4.037
-4.135
-4.119
-4.233
-4.486
-4.802
-5.113
-5.493
-5.988
-6.451
-6.72
-6.882
-7.097
-7.392
-7.551
-7.394
-7.052
-6.784
-6.619
-6.521
-6.474
-6.389
-6.092
-5.528
-4.788
-4.06
-3.445
-2.887
-2.35
-1.849
-1.327
-0.78
-0.297
0.056
0.26
0.401
0.517
0.528
0.387
0.088
-0.456
-1.22
-1.903
-2.302
-2.515
-2.71
-2.797
-2.656
-2.404
-2.418
-2.803
-3.273
-3.488
-3.441
-3.393
-3.456
-3.468
-3.248
-2.883
-2.661
-2.747
-3.039
-3.391
-3.731
-4.04
-4.28
-4.398
-4.341
-4.173
-4.126
-4.373
-4.822
-5.255
-5.598
-5.949
-6.329
-6.533
-6.401
-5.965
-5.444
-4.981
-4.557
-4.042
-3.379
-2.71
-2.2
-1.778
-1.265
-0.673
-0.195
0.181
0.671
1.272
1.726
1.926
2.003
2.193
2.703
3.416
3.922
4.04
3.919
3.831
3.851
3.869
3.899
3.958
3.976
3.883
3.59
3.039
2.368
1.86
1.513
1.075
0.347
-0.515
-1.068
-1.222
-1.243
-1.379
-1.547
-1.667
-1.88
-2.391
-3.15
-3.869
-4.391
-4.804
-5.167
-5.364
-5.412
-5.602
-6.19
-7.013
-7.776
-8.428
-9.057
-9.647
-10.225
-10.917
-11.668
-12.183
-12.469
-12.789
-13.308
-13.916
-14.444
-14.88
-15.241
-15.408
-15.136
-14.442
-13.707
-13.142
-12.57
-11.908
-11.352
-10.967
-10.541
-9.971
-9.438
-9.095
-8.862
-8.511
-7.991
-7.508
-7.079
-6.519
-5.847
-5.244
-4.672
-3.951
-3.098
-2.293
-1.572
-0.755
0.141
0.927
1.665
2.599
3.717
4.731
5.455
6.002
6.542
6.966
7.131
7.122
7.143
7.211
7.263
7.381
7.578
7.769
7.787
7.592
7.233
6.773
6.335
6.059
5.94
5.734
5.258
4.634
4.13
3.761
3.395
3.001
2.658
2.492
2.481
2.388
2.055
1.556
1.054
0.492
-0.301
-1.349
-2.424
-3.3
-4.035
-4.77
-5.376
-5.589
-5.36
-5.058
-4.977
-4.74
-3.877
-3.064
-3.325
-4.191
-4.176
-3.314
-3.225
-4.375
-4.942
-3.359
-0.73
0.782
1.129
2.316
4.858
7.086
7.936
8.211
8.862
9.878
10.611
10.708
10.475
10.148
9.602
9.012
8.531
7.778
6.673
6.127
6.525
6.696
5.682
4.489
4.575
5.362
5.346
4.888
5.759
7.925
9.211
8.717
8.281
9.163
9.801
8.533
6.344
5.303
5.587
5.657
4.944
4.332
4.2
3.926
3.393
2.987
2.572
1.796
1.077
0.948
0.698
-0.714
-2.567
-3.089
-2.225
-1.769
-2.497
-3.039
-2.402
-1.567
-1.649
-2.059
-1.76
-1.041
-0.61
-0.104
1.05
2.463
3.531
4.307
4.883
4.979
4.713
4.743
5.187
5.53
5.693
6.151
7.038
7.954
8.529
8.73
8.769
8.808
8.794
8.583
8.254
8.327
9.007
9.692
9.767
9.47
9.515
10.08
10.658
10.756
10.552
10.486
10.679
11.037
11.488
11.904
12.246
12.58
12.779
12.577
12.072
11.538
10.942
10.057
9
8.084
7.333
6.612
5.925
5.444
5.226
4.977
4.371
3.411
2.341
1.415
0.773
0.258
-0.399
-1.136
-1.553
-1.349
-0.669
0.02
0.49
0.875
1.143
1.102
0.984
1.29
2.068
2.872
3.522
4.126
4.657
5.096
5.629
6.442
7.399
8.086
8.17
7.748
7.138
6.573
6.242
6.344
6.873
7.58
8.281
9.043
9.894
10.486
10.488
10.175
10.028
10.094
10.107
10.019
10.01
10.135
10.327
10.667
11.378
12.271
12.859
13.113
13.494
14.067
14.31
14.052
13.725
13.551
13.317
12.927
12.57
12.321
12.06
11.834
11.74
11.65
11.28
10.597
9.883
9.424
9.266
9.211
9.086
8.968
9.102
9.499
9.91
10.037
9.83
9.556
9.44
9.479
9.658
10.017
10.465
10.867
11.005
10.747
10.332
10.232
10.55
10.931
11.117
11.334
11.951
12.734
13.045
12.827
12.575
12.525
12.421
12.063
11.591
11.312
11.239
11.164
10.876
10.445
10.096
9.914
9.719
9.365
8.898
8.494
8.476
8.858
9.13
8.844
8.236
7.75
7.435
7.086
6.871
7.222
8.054
8.696
8.715
8.322
8.002
7.773
7.242
6.303
5.362
4.87
4.931
5.319
5.602
5.496
4.997
4.35
3.518
2.143
0.288
-1.272
-1.955
-2.057
-2.243
-2.59
-2.581
-1.994
-1.426
-1.447
-1.858
-2.007
-1.667
-1.27
-1.247
-1.454
-1.406
-1.075
-0.909
-1.252
-1.73
-1.712
-1.159
-0.578
-0.328
-0.199
0.177
0.666
0.719
0.141
-0.675
-1.105
-0.941
-0.512
-0.215
0
0.537
1.438
2.198
2.329
1.989
1.778
2.009
2.415
2.794
3.436
4.532
5.666
6.383
6.735
7.013
7.29
7.426
7.39
7.274
7.26
7.524
7.941
8.2
8.173
7.989
7.891
7.841
7.574
7.079
6.698
6.519
6.308
5.997
5.827
5.931
6.108
6
5.528
4.953
4.523
4.305
4.343
4.547
4.716
4.793
4.838
4.899
4.951
4.953
4.897
4.824
4.693
4.606
4.668
4.743
4.625
4.378
4.244
4.251
4.123
3.604
2.949
2.499
2.302
2.161
1.908
1.54
1.252
1.263
1.574
1.994
2.404
2.951
3.774
4.579
4.906
4.738
4.414
4.117
3.688
2.946
2.082
1.508
1.39
1.542
1.687
1.823
2.136
2.661
3.096
3.189
3.035
2.912
2.951
2.937
2.658
2.293
2.297
2.719
3.03
2.78
2.182
1.851
1.976
2.116
1.905
1.52
1.395
1.626
1.937
2.182
2.472
2.973
3.595
4.076
4.262
4.268
4.268
4.187
3.931
3.572
3.266
3.121
3.08
2.94
2.679
2.576
2.778
3.026
2.921
2.45
1.887
1.474
1.254
1.147
1.125
1.247
1.619
2.15
2.611
2.808
2.842
2.855
2.846
2.79
2.744
2.744
2.762
2.812
2.846
2.706
2.427
2.288
2.388
2.572
2.692
2.735
2.756
2.919
3.287
3.665
3.72
3.441
3.098
2.892
2.776
2.76
3.01
3.513
4.081
4.681
5.306
5.872
6.351
6.755
7.129
7.469
7.771
8.147
8.733
9.386
9.792
9.817
9.731
9.801
9.874
9.556
8.935
8.499
8.434
8.41
8.109
7.576
6.997
6.358
5.537
4.547
3.618
3.005
2.729
2.543
2.196
1.597
0.921
0.363
-0.077
-0.474
-0.749
-0.746
-0.592
-0.56
-0.535
-0.369
-0.46
-1.197
-2.119
-2.531
-2.565
-2.842
-3.375
-3.4
-2.472
-0.941
0.453
1.363
2.107
3.146
4.328
5.058
5.178
5.042
4.926
4.781
4.421
3.726
2.883
2.354
2.442
2.867
3.048
2.89
2.876
3.316
3.888
4.139
4.364
5.321
7.17
9.159
10.656
11.718
12.605
13.253
13.276
12.65
11.97
11.863
12.289
12.668
12.48
11.852
11.341
11.126
10.876
10.414
10.01
9.944
10.069
9.987
9.543
8.989
8.694
8.696
8.701
8.497
8.247
8.318
8.799
9.275
9.161
8.358
7.426
6.759
6.099
5.058
4.022
3.79
4.384
4.802
4.305
3.171
2.066
1.173
0.342
-0.342
-0.585
-0.231
0.499
1.272
1.853
2.039
1.86
1.533
1.086
0.292
-0.8
-1.592
-1.551
-0.712
0.449
1.576
2.824
4.257
5.489
5.983
5.73
5.144
4.643
4.443
4.575
4.77
4.734
4.609
4.754
5.137
5.324
5.16
4.949
4.974
5.074
5.113
5.278
5.811
6.584
7.145
7.127
6.623
6.147
6.11
6.494
6.768
6.507
5.906
5.401
4.953
4.081
2.631
1.17
0.365
0.345
0.798
1.413
1.944
2.154
1.808
0.887
-0.236
-1.077
-1.447
-1.621
-1.851
-1.962
-1.717
-1.279
-1.05
-1.27
-1.894
-2.735
-3.559
-4.137
-4.314
-4.069
-3.511
-2.824
-2.384
-2.588
-3.316
-4.04
-4.507
-4.838
-5.214
-5.5
-5.444
-5.081
-4.704
-4.63
-5.087
-5.965
-6.757
-6.963
-6.575
-5.902
-5.146
-4.273
-3.261
-2.238
-1.422
-0.932
-0.782
-0.828
-0.857
-0.814
-0.78
-0.785
-0.698
-0.515
-0.451
-0.819
-1.597
-2.397
-2.794
-2.692
-2.257
-1.703
-1.177
-0.835
-0.898
-1.492
-2.391
-3.252
-4.005
-4.606
-4.876
-4.661
-4.09
-3.395
-2.799
-2.572
-2.853
-3.456
-4.067
-4.529
-4.867
-5.024
-4.822
-4.348
-3.958
-3.945
-4.389
-5.054
-5.643
-6.09
-6.38
-6.446
-6.267
-5.872
-5.249
-4.611
-4.362
-4.645
-5.196
-5.573
-5.484
-5.065
-4.645
-4.285
-3.853
-3.397
-3.223
-3.5
-4.031
-4.509
-4.772
-4.763
-4.459
-3.89
-3.157
-2.397
-1.825
-1.744
-2.309
-3.203
-3.976
-4.473
-4.727
-4.67
-4.203
-3.536
-3.044
-2.865
-2.908
-3.159
-3.663
-4.251
-4.632
-4.681
-4.459
-4.09
-3.752
-3.681
-4.008
-4.545
-5.024
-5.505
-6.208
-6.922
-7.168
-6.832
-6.344
-6.119
-6.077
-5.902
-5.648
-5.638
-5.986
-6.349
-6.353
-6.079
-5.798
-5.648
-5.521
-5.376
-5.232
-5.16
-5.221
-5.423
-5.725
-6.033
-6.285
-6.539
-6.83
-7.027
-7.049
-7.02
-6.977
-6.775
-6.26
-5.405
-4.364
-3.379
-2.651
-2.264
-2.202
-2.382
-2.674
-2.937
-2.989
-2.812
-2.499
-2.136
-1.73
-1.345
-1.043
-0.88
-0.907
-1.125
-1.417
-1.572
-1.481
-1.227
-0.953
-0.707
-0.46
-0.24
-0.161
-0.301
-0.701
-1.279
-1.908
-2.402
-2.692
-2.901
-3.146
-3.377
-3.566
-3.822
-4.246
-4.786
-5.455
-6.324
-7.315
-8.197
-8.887
-9.552
-10.318
-11.13
-11.904
-12.655
-13.251
-13.53
-13.612
-13.737
-13.913
-14.036
-14.179
-14.401
-14.551
-14.48
-14.192
-13.777
-13.274
-12.707
-12.16
-11.538
-10.702
-9.738
-8.912
-8.286
-7.571
-6.7
-5.972
-5.516
-5.104
-4.505
-3.883
-3.658
-3.933
-4.325
-4.496
-4.591
-4.788
-4.983
-4.981
-4.661
-4.049
-3.269
-2.433
-1.626
-0.805
0.141
1.241
2.318
3.035
3.266
3.395
3.74
4.026
3.949
3.774
3.745
3.627
3.141
2.488
2.141
2.218
2.32
2.161
1.946
1.864
1.762
1.529
1.415
1.588
1.785
1.726
1.52
1.422
1.431
1.41
1.336
1.204
0.93
0.524
0.299
0.471
0.646
0.22
-0.671
-1.27
-1.476
-1.828
-2.436
-2.694
-2.202
-1.318
-0.596
-0.061
0.585
1.238
1.458
1.15
0.725
0.467
0.231
-0.011
0.043
0.333
0.387
0.004
-0.567
-1.229
-2
-2.631
-2.824
-2.658
-2.382
-1.957
-1.263
-0.605
-0.474
-0.803
-0.995
-0.837
-0.794
-1.132
-1.472
-1.413
-1.193
-1.327
-1.83
-2.32
-2.558
-2.57
-2.431
-2.139
-1.774
-1.445
-1.081
-0.624
-0.315
-0.499
-1.07
-1.687
-2.25
-2.765
-3.071
-2.985
-2.602
-2.286
-2.259
-2.327
-2.311
-2.316
-2.488
-2.753
-3.014
-3.171
-3.175
-3.219
-3.613
-4.428
-5.432
-6.351
-7.133
-7.835
-8.304
-8.345
-8.218
-8.37
-8.524
-7.8
-6.331
-5.5
-5.745
-5.888
-5.523
-5.779
-7.027
-8.304
-9.356
-10.761
-12.153
-12.938
-13.666
-14.624
-14.48
-12.671
-10.874
-10.502
-10.715
-10.166
-9.225
-9.332
-10.853
-12.541
-13.174
-12.983
-12.92
-13.158
-13.115
-12.611
-12.162
-12.063
-11.992
-11.584
-10.681
-9.327
-7.805
-6.487
-5.469
-4.584
-3.858
-3.797
-4.876
-6.639
-7.633
-7.143
-6.256
-6.127
-6.065
-4.897
-3.379
-3.13
-3.963
-4.314
-3.817
-3.5
-3.743
-3.808
-3.329
-2.771
-2.386
-2.141
-2.316
-3.155
-3.976
-3.765
-2.565
-1.526
-1.129
-0.678
0.156
0.46
-0.462
-1.834
-2.52
-2.586
-2.792
-3.087
-2.878
-2.207
-1.724
-1.689
-1.921
-2.492
-3.475
-4.459
-4.933
-4.956
-5.006
-5.167
-5.235
-5.464
-6.321
-7.728
-9.232
-10.667
-12.122
-13.287
-13.519
-12.779
-11.911
-11.624
-11.906
-12.559
-13.542
-14.68
-15.68
-16.431
-16.96
-17.137
-16.661
-15.637
-14.737
-14.387
-14.256
-13.85
-13.319
-13.101
-12.936
-12.096
-10.536
-9.043
-8.118
-7.592
-7.467
-7.991
-8.855
-9.343
-9.356
-9.247
-8.869
-7.809
-6.347
-5.226
-4.663
-4.514
-4.756
-5.264
-5.627
-5.65
-5.423
-5.054
-4.6
-4.022
-3.212
-2.248
-1.426
-0.912
-0.499
0.204
1.293
2.422
3.135
3.257
3.067
2.819
2.354
1.494
0.503
-0.269
-0.855
-1.445
-2.046
-2.586
-3.159
-3.899
-4.597
-4.935
-5.096
-5.546
-6.219
-6.664
-6.786
-7.002
-7.544
-8.211
-8.894
-9.726
-10.541
-10.924
-10.808
-10.559
-10.311
-9.839
-9.136
-8.56
-8.406
-8.583
-8.869
-9.073
-9.182
-9.266
-9.329
-9.338
-9.277
-9.111
-9.007
-9.109
-9.225
-8.989
-8.302
-7.367
-6.296
-5.19
-4.277
-3.604
-2.876
-2.152
-2.014
-2.586
-3.23
-3.456
-3.391
-3.184
-2.724
-1.794
-0.485
0.916
2.359
3.942
5.507
6.814
7.862
8.757
9.611
10.461
11.128
11.301
10.924
10.364
9.958
9.699
9.395
9.116
9.032
9.027
8.748
8.09
7.369
6.943
6.737
6.437
5.976
5.532
5.282
5.087
4.734
4.087
3.191
2.264
1.542
1.034
0.637
0.492
0.725
1.193
1.597
1.812
1.851
1.698
1.293
0.533
-0.499
-1.383
-1.712
-1.54
-1.327
-1.331
-1.419
-1.447
-1.497
-1.553
-1.485
-1.254
-0.868
-0.324
0.31
0.927
1.431
1.692
1.638
1.281
0.68
0.029
-0.292
-0.091
0.383
0.821
1.333
2.089
2.962
3.672
4.024
4.031
3.844
3.588
3.273
2.863
2.447
2.114
1.862
1.698
1.585
1.522
1.494
1.535
1.556
1.522
1.696
2.198
2.658
2.683
2.379
2.041
1.849
1.696
1.474
1.175
1.07
1.381
2.1
3.046
4.09
5.269
6.46
7.376
7.936
8.345
8.698
8.978
9.111
9.055
8.864
8.538
8.013
7.299
6.439
5.392
4.126
2.762
1.504
0.499
-0.233
-0.832
-1.524
-2.241
-2.708
-2.774
-2.556
-2.356
-2.325
-2.323
-2.198
-2.025
-1.959
-2.036
-2.012
-1.635
-0.964
-0.24
0.301
0.526
0.547
0.53
0.31
-0.403
-1.497
-2.527
-3.348
-4.071
-4.684
-4.944
-4.822
-4.498
-4.067
-3.55
-3.017
-2.472
-1.878
-1.225
-0.617
-0.075
0.535
1.184
1.676
1.966
2.255
2.626
2.987
3.325
3.74
4.253
4.781
5.146
5.235
5.051
4.802
4.675
4.568
4.055
3.039
2.132
1.717
1.445
0.789
-0.29
-1.438
-2.356
-3.008
-3.545
-4.019
-4.255
-4.087
-3.702
-3.379
-3.214
-3.125
-2.994
-2.808
-2.692
-2.797
-2.999
-3.028
-2.826
-2.581
-2.543
-2.67
-2.787
-2.76
-2.617
-2.415
-2.123
-1.581
-0.751
0.093
0.71
1.1
1.173
0.789
0.138
-0.517
-1.081
-1.408
-1.32
-0.905
-0.342
0.269
0.803
1.227
1.54
1.726
1.88
2.145
2.456
2.665
2.747
2.858
3.044
3.021
2.567
1.853
1.222
0.839
0.653
0.624
0.762
0.986
0.993
0.615
-0.049
-0.85
-1.676
-2.44
-3.017
-3.397
-3.667
-3.792
-3.607
-3.237
-3.032
-3.059
-3.135
-3.159
-3.089
-2.872
-2.429
-1.748
-1.079
-0.56
-0.161
0.154
0.233
0.018
-0.405
-0.918
-1.424
-1.766
-1.772
-1.479
-1.145
-0.877
-0.63
-0.497
-0.56
-0.73
-0.787
-0.687
-0.624
-0.737
-1.007
-1.408
-1.905
-2.459
-2.989
-3.364
-3.468
-3.334
-3.069
-2.701
-2.255
-1.785
-1.338
-1.025
-0.98
-1.161
-1.443
-1.84
-2.538
-3.681
-5.024
-5.974
-6.383
-6.619
-6.868
-6.741
-5.943
-4.802
-3.924
-3.334
-2.719
-2.168
-2.112
-2.767
-3.72
-4.194
-3.965
-3.752
-4.019
-4.205
-3.634
-2.477
-1.606
-1.542
-1.989
-2.345
-2.386
-2.252
-2.119
-1.946
-1.574
-1.243
-1.445
-2.279
-3.28
-3.754
-3.572
-3.337
-3.581
-3.926
-3.67
-2.919
-2.572
-3.141
-4.117
-4.684
-4.67
-4.439
-4.203
-3.801
-3.109
-2.384
-2.095
-2.338
-2.762
-3.107
-3.504
-4.189
-4.92
-4.847
-3.416
-1.331
0.031
-0.045
-1.102
-2.246
-3.089
-3.829
-4.509
-4.654
-3.94
-2.656
-1.479
-0.789
-0.562
-0.767
-1.395
-2.314
-3.186
-3.518
-3.005
-2.032
-1.333
-1.114
-1.059
-1.089
-1.526
-2.515
-3.693
-4.455
-4.507
-3.974
-3.23
-2.658
-2.406
-2.47
-3.105
-4.47
-6.063
-6.893
-6.417
-5.153
-4.099
-3.616
-3.259
-2.706
-2.302
-2.531
-3.327
-4.2
-4.731
-4.725
-4.196
-3.377
-2.593
-2.073
-1.987
-2.395
-3.144
-3.931
-4.36
-4.096
-3.216
-2.13
-1.007
0.122
1.03
1.27
0.725
-0.073
-0.576
-0.692
-0.53
-0.109
0.598
1.404
1.834
1.592
0.882
0.159
-0.356
-0.583
-0.567
-0.413
-0.102
0.474
1.238
1.781
1.649
0.88
0.1
-0.131
0.218
0.683
0.85
0.749
0.576
0.218
-0.492
-1.363
-1.9
-1.889
-1.617
-1.406
-1.243
-1.05
-1.032
-1.456
-2.391
-3.706
-5.101
-6.113
-6.419
-6.031
-5.287
-4.584
-4.121
-4.062
-4.693
-5.967
-7.308
-8.179
-8.698
-9.227
-9.651
-9.676
-9.372
-9.089
-9.046
-9.295
-9.81
-10.393
-10.867
-11.244
-11.69
-12.196
-12.502
-12.326
-11.824
-11.411
-11.198
-11.003
-10.783
-10.654
-10.538
-10.171
-9.431
-8.499
-7.743
-7.365
-7.233
-6.995
-6.392
-5.482
-4.543
-3.726
-2.933
-2.068
-1.206
-0.521
-0.133
-0.011
-0.084
-0.313
-0.547
-0.424
0.385
1.737
2.982
3.638
3.89
4.139
4.369
4.348
4.203
4.307
4.84
5.609
6.389
7.036
7.447
7.558
7.399
7.084
6.596
6.015
5.607
5.537
5.591
5.473
5.169
4.894
4.575
3.844
2.663
1.551
0.909
0.66
0.521
0.435
0.444
0.539
0.615
0.449
-0.038
-0.725
-1.379
-1.823
-2.036
-2.134
-2.048
-1.649
-1.077
-0.664
-0.526
-0.469
-0.218
0.249
0.675
0.866
0.817
0.651
0.535
0.44
0.17
-0.31
-0.782
-1.111
-1.458
-1.939
-2.361
-2.445
-2.193
-1.803
-1.406
-0.975
-0.476
0
0.367
0.657
1.045
1.708
2.631
3.536
4.217
4.695
5.056
5.278
5.291
5.158
5.06
5.101
5.223
5.389
5.636
6.127
6.913
7.71
8.127
8.072
7.707
7.154
6.51
6.024
5.981
6.444
7.15
7.743
8.077
8.274
8.395
8.306
8.05
7.93
8.098
8.377
8.606
8.674
8.472
7.921
7.19
6.435
5.704
5.085
4.761
4.797
4.911
4.82
4.532
4.117
3.484
2.576
1.515
0.562
-0.07
-0.342
-0.229
0.195
0.648
0.812
0.657
0.403
0.295
0.374
0.547
0.828
1.261
1.801
2.418
3.128
3.851
4.35
4.328
3.808
3.237
3.08
3.414
3.981
4.545
5.054
5.439
5.568
5.432
5.196
5.085
5.187
5.505
6.013
6.625
7.152
7.458
7.642
7.71
7.624
7.451
7.354
7.342
7.297
7.165
7.12
7.422
8.123
9.003
9.778
10.148
10.096
9.792
9.395
8.926
8.381
7.812
7.265
6.753
6.172
5.534
5.013
4.716
4.591
4.448
4.146
3.847
3.908
4.375
5.036
5.627
5.965
6.199
6.673
7.351
7.964
8.386
8.647
8.787
8.698
8.22
7.469
6.762
6.41
6.616
7.156
7.624
7.896
8.143
8.401
8.524
8.395
8.136
7.941
7.671
7.036
6.303
6.136
6.652
7.242
7.426
7.396
7.539
7.877
8.209
8.669
9.424
10.368
11.25
11.888
12.131
11.96
11.561
11.182
10.869
10.423
9.86
9.558
9.692
9.901
9.826
9.531
9.361
9.529
9.881
10.103
10.201
10.524
11.2
11.908
12.36
12.686
12.936
12.793
12.131
11.305
10.765
10.679
10.899
11.148
11.2
11.001
10.729
10.622
10.645
10.634
10.568
10.613
10.829
11.049
11.185
11.343
11.615
11.752
11.493
10.858
10.132
9.613
9.402
9.329
9.241
9.089
8.823
8.395
7.776
7.054
6.471
6.165
5.84
4.981
3.575
2.246
1.581
1.213
0.347
-0.669
-0.251
2.45
5.834
7.091
5.675
4.233
4.894
6.376
5.875
2.928
0.195
0.052
1.581
1.926
0.424
-0.587
0.328
1.481
0.817
-1.225
-2.712
-2.801
-2.374
-2.588
-3.502
-4.268
-4.282
-3.803
-3.754
-4.561
-5.223
-4.396
-2.67
-2.161
-3.323
-4.071
-3.128
-1.971
-2.372
-3.658
-3.858
-2.506
-1.048
-0.689
-0.941
-0.551
0.675
1.692
1.445
0.197
-0.639
-0.018
1.27
1.579
0.864
0.826
2.178
3.325
2.706
0.9
-0.308
-0.118
0.712
1.081
0.925
1.27
2.863
5.085
6.457
6.392
5.877
6.099
6.737
6.625
5.68
5.208
6.176
7.828
8.717
8.438
7.762
7.381
6.963
5.938
4.593
3.879
4.341
5.437
6.065
5.872
5.523
5.51
5.444
4.679
3.329
2.243
1.98
2.25
2.402
2.302
2.282
2.563
3.044
3.477
3.584
3.291
3.064
3.384
3.987
4.239
4.008
3.699
3.486
3.193
2.731
2.218
1.851
1.844
2.293
2.846
2.865
2.178
1.288
0.642
0.181
-0.456
-1.22
-1.499
-0.821
0.451
1.662
2.574
3.221
3.554
3.475
3.059
2.726
2.729
2.869
2.962
3.243
4.013
5.072
5.754
5.591
4.766
3.91
3.479
3.241
2.767
2.209
2.139
2.817
3.942
4.956
5.5
5.566
5.405
5.232
4.99
4.573
4.18
4.119
4.411
4.666
4.52
4.04
3.506
3.008
2.454
1.964
1.769
1.855
1.978
1.998
2.032
2.08
1.889
1.379
0.864
0.585
0.426
0.337
0.408
0.481
0.304
-0.133
-0.696
-1.381
-2.123
-2.622
-2.676
-2.413
-1.966
-1.261
-0.444
0.086
0.084
-0.31
-0.814
-1.336
-1.808
-1.985
-1.748
-1.229
-0.378
0.751
1.687
1.896
1.447
0.88
0.537
0.347
0.256
0.497
1.338
2.697
4.185
5.339
6.006
6.478
7.159
7.973
8.47
8.524
8.676
9.315
10.032
10.334
10.434
10.808
11.352
11.57
11.334
10.994
10.808
10.722
10.616
10.357
9.833
9.143
8.533
8.156
8.002
7.991
8.145
8.476
8.79
8.853
8.685
8.354
7.809
7.018
6.136
5.51
5.385
5.727
6.222
6.591
6.816
6.904
6.75
6.246
5.414
4.332
3.201
2.332
1.81
1.483
1.2
0.991
0.903
0.71
0.124
-0.741
-1.443
-1.674
-1.576
-1.465
-1.422
-1.25
-0.755
-0.077
0.36
0.403
0.387
0.712
1.324
1.88
2.314
2.767
3.269
3.702
3.969
4.053
3.967
3.895
3.999
4.033
3.663
3.098
2.933
3.339
3.761
3.785
3.783
4.337
5.31
6.042
6.344
6.691
7.426
8.313
8.98
9.388
9.69
9.928
10.15
10.395
10.575
10.597
10.606
10.763
10.871
10.527
9.692
8.755
8.102
7.696
7.242
6.693
6.331
6.442
6.843
6.977
6.519
5.786
5.269
4.979
4.639
4.212
4.055
4.446
5.142
5.625
5.682
5.607
5.655
5.675
5.378
4.915
4.736
4.983
5.31
5.392
5.235
5.031
4.899
4.849
4.758
4.437
3.895
3.441
3.436
3.849
4.242
4.316
4.264
4.479
4.99
5.446
5.675
5.936
6.537
7.337
7.923
8.143
8.272
8.479
8.508
8.036
7.181
6.401
6.063
6.14
6.26
6.224
6.278
6.605
6.97
6.975
6.494
5.779
5.244
5.049
5.026
4.913
4.738
4.713
4.716
4.242
3.148
1.959
1.338
1.318
1.372
1.209
1.182
1.671
2.343
2.561
2.114
1.397
0.85
0.524
0.195
-0.238
-0.578
-0.685
-0.755
-1.179
-2.053
-3.003
-3.675
-4.132
-4.611
-5.104
-5.31
-5.065
-4.439
-3.754
-3.332
-3.225
-3.177
-3.071
-2.994
-3.062
-3.155
-3.085
-2.81
-2.593
-2.742
-3.089
-3.241
-3.139
-3.035
-3.067
-3.105
-2.98
-2.812
-2.903
-3.423
-4.205
-4.958
-5.482
-5.695
-5.589
-5.208
-4.618
-3.895
-3.125
-2.45
-1.903
-1.572
-1.513
-1.583
-1.583
-1.401
-1.023
-0.481
0.106
0.585
0.857
0.912
0.769
0.528
0.238
-0.15
-0.675
-1.25
-1.671
-1.921
-2.125
-2.402
-2.708
-2.964
-3.15
-3.364
-3.69
-4.069
-4.418
-4.672
-4.772
-4.854
-5.074
-5.183
-4.926
-4.43
-4.114
-4.026
-3.856
-3.445
-3.069
-3.059
-3.4
-3.774
-3.996
-4.214
-4.55
-4.811
-4.72
-4.312
-3.86
-3.572
-3.35
-2.976
-2.447
-2.055
-1.935
-1.9
-1.649
-1.195
-0.932
-1.2
-1.814
-2.341
-2.706
-3.175
-3.797
-4.251
-4.334
-4.013
-3.309
-2.397
-1.574
-1.045
-0.569
0.127
0.719
0.837
0.746
0.877
1.093
1.188
1.245
1.059
0.369
-0.642
-1.608
-2.402
-2.987
-3.382
-3.599
-3.706
-3.888
-4.303
-4.965
-5.589
-5.906
-6.215
-6.759
-7.106
-6.812
-6.09
-5.378
-4.94
-4.786
-4.947
-5.48
-6.088
-6.299
-6.136
-5.952
-5.807
-5.521
-5.194
-5.319
-6.02
-6.652
-6.639
-6.408
-6.451
-6.265
-5.253
-3.767
-2.715
-2.3
-2.082
-1.976
-2.227
-2.724
-3.087
-3.273
-3.502
-3.783
-3.781
-3.42
-3.005
-2.501
-1.698
-0.905
-0.526
-0.29
0.292
1.07
1.408
1.132
0.83
0.948
1.054
0.68
0.104
-0.227
-0.385
-0.669
-1.222
-2
-2.887
-3.463
-3.427
-3.216
-3.355
-3.604
-3.484
-3.089
-2.878
-3.121
-3.572
-3.813
-3.808
-3.901
-4.323
-4.947
-5.434
-5.605
-5.666
-5.918
-6.408
-6.99
-7.716
-8.678
-9.733
-10.654
-11.384
-11.949
-12.366
-12.691
-12.902
-12.899
-12.684
-12.326
-11.838
-11.307
-10.915
-10.702
-10.568
-10.346
-9.885
-9.139
-8.272
-7.53
-7.002
-6.462
-5.653
-4.74
-4.076
-3.645
-3.214
-2.771
-2.504
-2.477
-2.529
-2.354
-1.774
-1.043
-0.499
-0.249
-0.091
0.097
0.376
0.868
1.538
2.159
2.651
3.241
4.137
5.232
6.117
6.512
6.494
6.314
6.065
5.684
5.223
4.849
4.639
4.686
4.908
4.988
4.666
4.164
3.86
3.813
3.874
4.162
4.84
5.7
6.29
6.344
6.081
5.804
5.448
4.62
3.275
1.923
0.962
0.365
-0.061
-0.326
-0.292
-0.034
0.195
0.227
0.168
0.29
0.812
1.649
2.297
2.343
1.905
1.502
1.215
0.598
-0.651
-2.168
-3.248
-3.59
-3.495
-3.341
-3.166
-2.949
-2.812
-2.976
-3.5
-4.23
-4.906
-5.394
-5.659
-5.727
-5.636
-5.416
-5.133
-4.958
-5.004
-5.122
-5.119
-5.074
-5.135
-5.153
-4.718
-3.702
-2.597
-1.917
-1.71
-1.696
-1.805
-2.229
-2.994
-3.636
-3.785
-3.599
-3.479
-3.504
-3.459
-3.186
-2.785
-2.413
-1.962
-1.247
-0.424
0.154
0.313
0.131
-0.233
-0.741
-1.379
-2.132
-3.023
-3.847
-4.266
-4.387
-4.632
-4.99
-5.038
-4.679
-4.461
-4.87
-5.543
-5.822
-5.736
-5.838
-6.314
-6.893
-7.485
-8.388
-9.724
-11.082
-12.072
-12.666
-12.92
-12.859
-12.537
-12.019
-11.398
-10.897
-10.779
-11.126
-11.808
-12.618
-13.453
-14.269
-14.945
-15.222
-14.975
-14.535
-14.258
-14.009
-13.437
-12.634
-11.924
-11.387
-10.928
-10.436
-9.842
-9.187
-8.665
-8.485
-8.562
-8.565
-8.426
-8.467
-8.737
-8.851
-8.474
-7.755
-7.027
-6.329
-5.484
-4.493
-3.602
-3.064
-2.867
-2.771
-2.563
-2.336
-2.365
-2.658
-3.023
-3.289
-3.427
-3.427
-3.307
-3.182
-3.026
-2.697
-2.32
-2.17
-2.232
-2.25
-2.234
-2.37
-2.661
-2.903
-3.069
-3.395
-3.976
-4.559
-4.84
-4.784
-4.693
-4.702
-4.564
-4.137
-3.765
-3.822
-4.173
-4.541
-4.879
-5.289
-5.906
-6.764
-7.639
-8.315
-8.774
-9.172
-9.613
-10.005
-10.309
-10.672
-11.148
-11.606
-11.947
-12.167
-12.441
-12.87
-13.342
-13.655
-13.762
-13.707
-13.453
-12.917
-12.137
-11.266
-10.459
-9.774
-9.205
-8.878
-8.919
-9.196
-9.42
-9.527
-9.663
-9.81
-9.806
-9.656
-9.51
-9.374
-9.132
-8.844
-8.644
-8.488
-8.252
-7.957
-7.669
-7.369
-7.016
-6.652
-6.292
-5.845
-5.282
-4.661
-4.126
-3.663
-3.28
-2.982
-2.81
-2.656
-2.4
-2.157
-2.266
-2.817
-3.402
-3.604
-3.611
-3.892
-4.613
-5.475
-6.188
-6.825
-7.626
-8.562
-9.211
-9.143
-8.483
-7.805
-7.405
-7.009
-6.417
-6.011
-6.256
-7.124
-8.243
-9.223
-9.857
-10.207
-10.493
-10.613
-10.302
-9.567
-8.66
-7.844
-7.192
-6.63
-6.104
-5.743
-5.623
-5.561
-5.308
-4.94
-4.786
-4.84
-4.788
-4.491
-3.992
-3.329
-2.606
-1.932
-1.227
-0.449
0.141
0.292
0.181
0.179
0.328
0.497
0.592
0.751
0.943
0.98
0.653
-0.034
-0.903
-1.717
-2.241
-2.374
-2.338
-2.282
-2.025
-1.472
-0.943
-0.78
-0.903
-1.045
-1.175
-1.481
-1.871
-1.878
-1.313
-0.515
0.17
0.703
1.179
1.64
2.128
2.615
3.064
3.504
4.015
4.534
4.727
4.384
3.686
2.923
2.125
1.164
0.145
-0.617
-0.835
-0.444
0.281
0.839
1.052
1.322
1.774
1.998
1.737
1.597
2.225
3.13
3.531
3.536
3.636
3.879
4.153
4.328
4.221
4.008
4.187
4.944
5.934
6.367
5.954
5.192
4.552
3.954
3.23
2.415
1.721
1.529
2.055
2.901
3.246
2.787
2.062
1.452
0.687
-0.195
-0.776
-0.794
-0.206
0.673
1.229
1.311
1.2
0.957
0.429
-0.433
-1.408
-2.246
-2.724
-2.706
-2.093
-1.272
-0.805
-0.932
-1.588
-2.411
-2.96
-3.135
-3.207
-3.28
-3.3
-3.128
-2.835
-2.715
-2.828
-3.026
-3.157
-3.067
-2.579
-1.93
-1.363
-0.762
-0.063
0.342
-0.027
-0.723
-0.805
-0.102
0.823
1.785
3.053
4.693
6.406
7.755
8.336
7.957
7.027
6.285
6.127
6.206
6.272
6.48
6.753
6.648
5.925
4.863
3.811
2.744
1.542
0.476
0.022
0.356
1.324
2.468
3.109
2.776
1.529
-0.22
-2.012
-3.613
-4.7
-4.899
-4.337
-3.566
-3.053
-2.874
-2.837
-2.976
-3.531
-4.384
-5.047
-5.081
-4.5
-3.803
-3.575
-3.84
-4.244
-4.711
-5.357
-6.149
-6.748
-6.773
-6.226
-5.401
-4.588
-3.892
-3.266
-2.651
-2.175
-1.919
-1.57
-0.624
0.891
2.379
3.318
3.781
4.146
4.405
4.198
3.388
2.377
1.905
2.255
3.019
3.665
4.015
4.212
4.366
4.228
3.368
1.928
0.689
0.073
-0.347
-1.072
-2.009
-2.651
-2.797
-2.794
-2.931
-3.212
-3.393
-3.32
-3.069
-2.762
-2.459
-2.154
-1.926
-1.812
-1.755
-1.71
-1.665
-1.558
-1.338
-1.084
-0.771
-0.354
0.038
0.231
0.22
0.17
0.17
0.249
0.438
0.798
1.27
1.708
1.867
1.601
1.023
0.349
-0.265
-0.716
-0.959
-0.934
-0.556
0.17
1.177
2.172
2.771
2.783
2.382
1.908
1.533
1.157
0.809
0.73
0.823
0.789
0.503
0.061
-0.488
-1.154
-1.812
-2.329
-2.78
-3.261
-3.604
-3.511
-3.032
-2.51
-2.196
-2.018
-1.846
-1.71
-1.785
-2.034
-2.341
-2.615
-2.758
-2.756
-2.708
-2.663
-2.513
-2.196
-1.721
-1.184
-0.644
-0.206
-0.143
-0.515
-1.063
-1.538
-1.964
-2.436
-3.017
-3.524
-3.658
-3.454
-3.191
-3.035
-2.987
-2.982
-2.899
-2.753
-2.722
-2.81
-2.812
-2.651
-2.459
-2.374
-2.386
-2.479
-2.694
-2.976
-3.261
-3.579
-3.851
-3.908
-3.779
-3.543
-3.232
-2.935
-2.699
-2.574
-2.515
-2.413
-2.293
-2.306
-2.501
-2.801
-2.931
-2.658
-2.207
-1.93
-1.828
-1.703
-1.463
-1.229
-1.336
-1.846
-2.382
-2.508
-2.209
-1.851
-1.873
-2.297
-2.815
-3.273
-3.695
-4.103
-4.382
-4.437
-4.375
-4.498
-4.766
-4.92
-4.854
-4.573
-4.233
-4.178
-4.402
-4.604
-4.72
-4.926
-5.294
-5.689
-5.963
-6.208
-6.51
-6.795
-6.931
-6.827
-6.478
-6.027
-5.532
-4.926
-4.266
-3.77
-3.636
-3.874
-4.214
-4.248
-3.897
-3.388
-2.985
-2.747
-2.536
-2.356
-2.397
-2.69
-3.073
-3.495
-3.824
-3.935
-3.826
-3.536
-3.132
-2.758
-2.545
-2.583
-2.697
-2.756
-2.944
-3.346
-3.647
-3.579
-3.298
-3.032
-2.899
-2.776
-2.554
-2.282
-2.161
-2.347
-2.776
-3.157
-3.278
-3.271
-3.384
-3.717
-4.189
-4.538
-4.584
-4.391
-4.031
-3.539
-3.021
-2.642
-2.499
-2.525
-2.377
-1.964
-1.49
-1.161
-0.982
-0.885
-0.762
-0.644
-0.61
-0.571
-0.506
-0.501
-0.589
-0.617
-0.269
0.512
1.27
1.576
1.517
1.363
1.161
0.721
-0.007
-0.789
-1.438
-1.937
-2.286
-2.527
-2.842
-3.243
-3.522
-3.588
-3.434
-3.098
-2.57
-1.905
-1.322
-1.098
-1.204
-1.424
-1.572
-1.662
-1.903
-2.372
-2.872
-3.221
-3.423
-3.572
-3.84
-4.217
-4.613
-5.06
-5.498
-5.695
-5.555
-5.269
-5.056
-4.906
-4.817
-4.92
-5.273
-5.702
-6.061
-6.401
-6.75
-7.016
-7.049
-6.764
-6.235
-5.793
-5.68
-5.888
-6.274
-6.68
-7.065
-7.456
-7.85
-8.313
-8.858
-9.406
-9.803
-9.835
-9.497
-8.978
-8.465
-8.173
-8.193
-8.304
-8.2
-7.95
-7.673
-7.272
-6.755
-6.378
-6.267
-6.242
-6
-5.566
-5.174
-4.902
-4.659
-4.432
-4.239
-3.949
-3.402
-2.703
-1.985
-1.213
-0.376
0.337
0.673
0.721
0.846
1.195
1.538
1.674
1.703
1.774
1.828
1.896
2.145
2.62
3.112
3.438
3.62
3.803
4.033
4.257
4.498
4.865
5.194
5.194
4.822
4.325
3.942
3.713
3.638
3.774
3.917
3.663
3.01
2.447
2.288
2.382
2.32
1.926
1.417
1.057
0.855
0.716
0.512
0.249
0.034
-0.104
-0.279
-0.503
-0.592
-0.301
0.242
0.678
0.962
1.404
2.012
2.424
2.365
2.025
1.808
1.869
2.093
2.377
2.661
2.892
2.996
2.91
2.549
1.953
1.363
1.105
1.197
1.286
1.32
1.696
2.588
3.468
3.679
3.259
2.874
2.962
3.255
3.382
3.361
3.482
3.838
4.219
4.353
4.185
3.926
3.717
3.548
3.434
3.561
3.999
4.657
5.287
5.634
5.519
4.986
4.45
4.323
4.536
4.822
5.167
5.543
5.655
5.378
4.962
4.707
4.622
4.634
4.779
5.155
5.7
6.26
6.786
7.279
7.694
7.936
7.973
7.818
7.551
7.383
7.512
7.943
8.492
8.837
8.774
8.381
7.875
7.299
6.625
5.983
5.648
5.809
6.333
6.803
6.918
6.766
6.603
6.46
6.174
5.691
5.153
4.822
4.813
4.995
5.153
5.262
5.482
5.822
6.038
5.993
5.922
6.036
6.365
6.854
7.29
7.49
7.426
7.131
6.72
6.412
6.356
6.523
6.619
6.424
6.047
5.668
5.273
4.82
4.343
3.956
3.844
4.092
4.561
5.038
5.484
5.993
6.415
6.397
5.87
5.201
4.698
4.543
4.738
4.988
5.076
5.131
5.267
5.342
5.196
4.867
4.591
4.498
4.468
4.518
4.874
5.464
5.908
6.006
5.886
5.863
6.013
6.119
6.086
6.154
6.485
6.911
7.15
7.211
7.396
7.83
8.36
8.876
9.479
10.273
11.141
11.779
12.078
12.176
12.115
11.788
11.216
10.504
9.774
9.071
8.515
8.272
8.329
8.49
8.635
8.721
8.708
8.56
8.388
8.535
9.243
10.216
10.996
11.475
11.747
11.849
11.731
11.509
11.325
11.162
10.895
10.454
9.942
9.583
9.604
9.908
10.155
10.087
9.751
9.336
9.086
9.202
9.69
10.296
10.767
11.117
11.373
11.36
11.003
10.667
10.672
11.01
11.543
12.192
12.945
13.641
14.027
14.045
14.031
14.188
14.315
14.227
14.056
14.038
14.058
13.979
13.827
13.648
13.312
12.725
11.924
11.139
10.693
10.722
11.119
11.643
11.922
11.734
11.203
10.656
10.175
9.552
8.919
8.653
8.858
9.202
9.411
9.522
9.585
9.391
8.744
7.705
6.562
5.643
5.101
4.89
4.847
4.883
4.94
4.829
4.355
3.607
2.887
2.341
1.83
1.159
0.401
-0.17
-0.456
-0.624
-0.753
-0.794
-0.826
-0.955
-1.102
-1.168
-1.123
-0.943
-0.615
-0.356
-0.42
-0.782
-1.077
-1.068
-0.896
-0.721
-0.537
-0.26
0.152
0.526
0.578
0.231
-0.258
-0.562
-0.567
-0.328
0.054
0.542
1.077
1.59
2.062
2.536
3.014
3.382
3.47
3.261
2.951
2.785
2.912
3.309
3.808
4.151
4.171
4.033
3.983
4.013
4.022
4.053
4.139
4.194
4.053
3.743
3.486
3.366
3.237
3.012
2.733
2.556
2.642
3.005
3.443
3.713
3.788
3.895
4.108
4.259
4.212
3.999
3.792
3.776
4.031
4.428
4.786
5.01
5.087
5.074
4.974
4.766
4.536
4.432
4.523
4.681
4.779
4.852
5.017
5.28
5.462
5.5
5.5
5.646
6.004
6.455
6.825
7.084
7.322
7.596
7.818
7.88
7.75
7.565
7.396
7.211
7.056
6.948
6.795
6.548
6.217
5.732
5.096
4.482
4.028
3.675
3.334
3.062
2.931
2.815
2.581
2.266
1.926
1.526
1.123
0.927
1.05
1.306
1.379
1.177
0.914
0.853
0.948
1.081
1.259
1.508
1.796
2.071
2.284
2.368
2.288
2.062
1.66
1.077
0.438
-0.002
-0.143
-0.127
-0.049
0.095
0.304
0.467
0.442
0.213
-0.047
-0.195
-0.165
0.063
0.372
0.605
0.778
0.9
0.812
0.528
0.333
0.501
1.025
1.638
2.121
2.558
3.168
3.858
4.307
4.452
4.491
4.575
4.756
5.019
5.181
5.078
4.865
4.781
4.745
4.434
3.761
2.991
2.418
2.123
2
1.955
2.025
2.291
2.783
3.334
3.647
3.747
3.963
4.529
5.192
5.5
5.446
5.489
5.861
6.347
6.693
6.886
7.045
7.245
7.451
7.601
7.542
7.251
6.834
6.326
5.68
4.911
4.076
3.257
2.69
2.445
2.32
2.095
1.794
1.524
1.265
0.977
0.835
0.905
1.118
1.538
2.236
2.978
3.468
3.629
3.318
2.536
1.891
2.13
3.166
4.2
4.87
5.716
7.007
8.209
8.658
8.281
7.497
6.904
6.587
6.11
5.398
5.019
5.321
5.822
5.734
4.82
3.715
3.228
3.271
3.091
2.527
2.3
2.921
4.026
4.763
4.636
4.005
3.745
4.294
5.142
5.723
6.356
7.601
9.15
10.053
9.853
8.787
7.306
5.711
4.237
3.164
2.753
3.059
3.869
4.72
5.076
4.77
4.155
3.711
3.411
3.1
3.123
3.915
5.131
6.149
6.716
6.793
6.269
5.047
3.35
1.849
1.193
1.653
2.933
4.428
5.748
6.918
7.841
7.973
7.082
5.698
4.698
4.584
5.235
6.11
6.907
7.666
8.261
8.129
6.963
5.246
3.79
3.055
3.076
3.711
4.652
5.602
6.417
6.9
6.716
5.884
4.899
4.33
4.414
5.001
5.89
6.984
8.045
8.669
8.694
8.234
7.449
6.467
5.709
5.602
6.024
6.566
7.097
7.578
7.662
6.97
5.611
4.178
3.361
3.456
4.387
5.979
7.723
8.867
8.959
8.166
6.807
5.054
3.171
1.776
1.361
1.778
2.663
3.679
4.425
4.666
4.393
3.64
2.697
2.098
2.071
2.461
2.969
3.284
3.207
2.722
1.887
0.739
-0.662
-1.95
-2.459
-2.018
-1.1
-0.12
0.678
1.061
0.962
0.551
-0.065
-0.914
-1.944
-2.812
-3.135
-3.041
-2.994
-3.164
-3.568
-4.314
-5.287
-6.056
-6.26
-5.952
-5.353
-4.373
-2.942
-1.511
-0.628
-0.333
-0.435
-0.88
-1.624
-2.433
-2.985
-3.085
-2.774
-2.25
-1.76
-1.397
-1.143
-1.043
-1.218
-1.658
-2.107
-2.238
-1.948
-1.434
-0.877
-0.396
-0.172
-0.34
-0.83
-1.524
-2.295
-2.999
-3.454
-3.59
-3.414
-2.899
-2.13
-1.452
-1.213
-1.333
-1.515
-1.76
-2.275
-3.01
-3.631
-4.064
-4.609
-5.376
-6.065
-6.356
-6.131
-5.523
-4.874
-4.407
-4.022
-3.634
-3.429
-3.711
-4.541
-5.559
-6.267
-6.548
-6.65
-6.727
-6.646
-6.31
-5.911
-5.782
-5.988
-6.303
-6.519
-6.546
-6.421
-6.199
-5.915
-5.525
-5.01
-4.482
-4.173
-4.167
-4.264
-4.242
-4.114
-4.005
-4.024
-4.04
-3.801
-3.368
-3.046
-2.919
-2.762
-2.452
-2.166
-2.089
-2.163
-2.143
-1.9
-1.653
-1.762
-2.252
-2.76
-3.01
-3.089
-3.186
-3.373
-3.563
-3.672
-3.767
-3.996
-4.484
-5.033
-5.324
-5.385
-5.611
-6.122
-6.555
-6.646
-6.68
-6.999
-7.444
-7.624
-7.471
-7.281
-7.31
-7.508
-7.639
-7.689
-7.862
-8.292
-8.896
-9.372
-9.393
-9.003
-8.544
-8.218
-7.841
-7.247
-6.637
-6.401
-6.485
-6.371
-5.739
-4.922
-4.418
-4.242
-4.09
-3.792
-3.495
-3.391
-3.416
-3.298
-2.826
-2.098
-1.379
-0.864
-0.517
-0.227
-0.025
0.084
0.159
0.211
0.254
0.356
0.565
0.859
1.123
1.254
1.263
1.179
0.986
0.701
0.46
0.34
0.349
0.435
0.451
0.297
0.058
-0.12
-0.251
-0.392
-0.479
-0.374
-0.15
-0.097
-0.465
-1.229
-2.152
-3.041
-3.963
-4.972
-5.934
-6.639
-7.154
-7.778
-8.685
-9.708
-10.681
-11.761
-13.104
-14.387
-15.102
-15.166
-14.998
-14.95
-15.007
-14.98
-14.789
-14.431
-14.131
-14.346
-15.163
-16.03
-16.461
-16.529
-16.391
-15.95
-15.116
-14.152
-13.503
-13.378
-13.448
-13.258
-12.745
-12.19
-11.62
-10.794
-9.606
-8.243
-6.968
-6.124
-5.908
-6.072
-6.108
-5.757
-5.081
-4.277
-3.452
-2.549
-1.529
-0.562
0.065
0.381
0.635
0.912
1.173
1.626
2.52
3.797
5.004
5.811
6.285
6.652
6.948
7.052
6.852
6.48
6.145
5.866
5.607
5.3
4.834
4.266
3.754
3.305
2.839
2.483
2.418
2.552
2.676
2.701
2.722
2.79
2.729
2.361
1.742
1.025
0.247
-0.687
-1.733
-2.758
-3.588
-4.062
-4.196
-4.275
-4.482
-4.602
-4.355
-3.752
-2.949
-1.903
-0.524
0.995
2.257
3.03
3.337
3.191
2.534
1.313
-0.36
-2.053
-3.239
-3.708
-3.672
-3.473
-3.25
-2.921
-2.397
-1.814
-1.426
-1.365
-1.417
-1.379
-1.227
-1.018
-0.714
-0.354
-0.152
-0.354
-0.918
-1.558
-2.009
-2.232
-2.293
-2.134
-1.662
-0.932
-0.163
0.415
0.621
0.44
-0.065
-0.776
-1.41
-1.787
-1.935
-1.905
-1.785
-1.805
-2.172
-2.767
-3.325
-3.844
-4.52
-5.228
-5.389
-4.613
-3.157
-1.84
-1.508
-2.238
-3.346
-4.33
-5.541
-7.424
-9.418
-10.337
-9.685
-8.245
-6.925
-5.664
-3.765
-1.438
-0.061
-0.378
-1.331
-1.297
-0.292
0.154
-0.912
-2.692
-3.901
-4.411
-5.214
-6.812
-8.37
-8.93
-8.608
-8.09
-7.705
-7.322
-6.939
-6.893
-7.712
-9.676
-12.137
-13.884
-14.42
-14.328
-14.111
-13.46
-11.99
-10.201
-9.125
-8.898
-8.601
-7.716
-6.786
-6.305
-5.963
-5.251
-4.441
-4.35
-5.374
-7.109
-8.687
-9.488
-9.749
-10.177
-10.913
-11.257
-10.482
-8.76
-7.056
-6.006
-5.232
-4.114
-2.885
-2.406
-3.01
-4.092
-4.897
-5.364
-5.888
-6.619
-7.227
-7.297
-6.775
-6.129
-5.857
-5.94
-5.983
-5.813
-5.748
-6.088
-6.655
-6.939
-6.746
-6.539
-6.9
-7.923
-9.141
-10.067
-10.599
-10.833
-10.663
-9.982
-9.023
-8.041
-7.082
-6.124
-5.296
-4.892
-4.981
-5.333
-5.68
-5.906
-5.967
-5.866
-5.682
-5.552
-5.668
-5.988
-6.394
-6.85
-7.401
-7.923
-8.261
-8.449
-8.762
-9.42
-10.352
-11.341
-12.203
-12.768
-12.976
-12.913
-12.614
-11.956
-10.917
-9.697
-8.68
-8.107
-7.977
-8.238
-8.837
-9.576
-10.037
-9.86
-9.036
-7.918
-6.898
-6.181
-5.881
-6.045
-6.601
-7.242
-7.621
-7.567
-7.195
-6.555
-5.632
-4.645
-3.981
-3.954
-4.597
-5.609
-6.569
-7.254
-7.624
-7.71
-7.396
-6.501
-5.16
-3.858
-3.109
-3.109
-3.445
-3.486
-3.098
-2.701
-2.556
-2.465
-2.141
-1.583
-1.234
-1.583
-2.465
-3.123
-3.071
-2.54
-2.012
-1.624
-1.304
-1.17
-1.492
-2.436
-3.915
-5.593
-7.004
-7.78
-7.943
-7.794
-7.458
-6.871
-6.285
-6.099
-6.278
-6.437
-6.38
-6.274
-6.136
-5.634
-4.738
-4.001
-3.942
-4.468
-5.133
-5.732
-6.344
-7.034
-7.524
-7.372
-6.442
-5.042
-3.702
-2.833
-2.538
-2.606
-2.835
-3.198
-3.679
-4.101
-4.366
-4.564
-4.865
-5.242
-5.464
-5.401
-5.172
-4.879
-4.393
-3.663
-2.846
-2.086
-1.417
-0.993
-1.129
-1.837
-2.531
-2.688
-2.336
-1.757
-1.052
-0.218
0.728
1.772
2.846
3.949
5.015
5.888
6.501
6.972
7.383
7.714
8.045
8.29
8.052
7.124
5.895
4.766
3.831
3.121
2.672
2.438
2.334
2.431
2.758
3.078
3.091
2.738
2.15
1.515
1.013
0.673
0.383
0.043
-0.405
-0.977
-1.494
-1.832
-1.919
-1.769
-1.399
-0.889
-0.333
0.288
0.923
1.279
1.072
0.374
-0.46
-1.173
-1.68
-1.862
-1.497
-0.628
0.315
1.045
1.66
2.377
3.071
3.479
3.604
3.729
4.112
4.911
6.011
7.104
7.909
8.311
8.277
7.769
6.997
6.489
6.634
7.286
8.081
8.858
9.653
10.427
10.883
10.604
9.51
7.954
6.412
5.09
3.969
2.989
2.273
1.973
1.989
2.021
1.851
1.558
1.338
1.154
0.832
0.401
0.197
0.378
0.764
1.068
1.177
1.057
0.653
0.073
-0.383
-0.51
-0.392
-0.133
0.231
0.637
1.036
1.424
1.633
1.404
0.807
0.254
-0.056
-0.36
-0.844
-1.336
-1.689
-2.009
-2.508
-3.164
-3.672
-3.738
-3.28
-2.365
-1.288
-0.36
0.383
1
1.381
1.374
0.941
0.324
-0.154
-0.328
-0.195
0.145
0.551
1.013
1.436
1.588
1.429
1.234
1.211
1.27
1.254
1.084
0.877
0.758
0.506
-0.17
-1.213
-2.334
-3.325
-4.123
-4.677
-4.843
-4.654
-4.273
-3.856
-3.527
-3.311
-3.032
-2.672
-2.332
-2.03
-1.687
-1.197
-0.53
0.143
0.571
0.655
0.547
0.576
0.796
1.016
1.193
1.479
1.844
2.163
2.345
2.273
1.9
1.222
0.274
-0.789
-1.737
-2.424
-2.837
-3.071
-3.3
-3.665
-4.123
-4.597
-5.019
-5.378
-5.57
-5.464
-5.128
-4.698
-4.169
-3.55
-2.953
-2.459
-2.018
-1.621
-1.29
-0.914
-0.308
0.556
1.481
2.291
2.976
3.634
4.268
4.77
4.983
4.922
4.711
4.514
4.407
4.196
3.704
3.039
2.488
2.18
2.077
2.089
2.116
2.172
2.295
2.386
2.227
1.683
0.962
0.453
0.267
0.183
0.047
0.016
0.281
0.76
1.175
1.347
1.309
1.077
0.61
-0.043
-0.696
-1.222
-1.712
-2.261
-2.828
-3.382
-4.04
-4.84
-5.611
-6.158
-6.439
-6.406
-6.011
-5.419
-4.84
-4.217
-3.388
-2.431
-1.597
-1.027
-0.633
-0.215
0.328
0.889
1.238
1.315
1.345
1.49
1.638
1.59
1.381
1.259
1.338
1.524
1.658
1.721
1.774
1.787
1.633
1.286
0.864
0.429
-0.145
-0.903
-1.574
-1.939
-2.104
-2.372
-2.774
-2.94
-2.715
-2.431
-2.37
-2.402
-2.145
-1.565
-1.086
-0.953
-0.93
-0.644
-0.109
0.222
-0.133
-1.109
-2.064
-2.454
-2.411
-2.481
-2.976
-3.502
-3.506
-3.193
-3.339
-4.196
-5.164
-5.682
-5.911
-6.235
-6.514
-6.197
-5.232
-4.248
-3.904
-4.224
-4.786
-5.276
-5.587
-5.772
-5.952
-6.027
-5.655
-4.838
-4.189
-4.255
-4.77
-5.081
-5.083
-5.264
-5.84
-6.226
-5.915
-5.298
-5.081
-5.205
-4.997
-4.262
-3.607
-3.541
-3.794
-3.808
-3.316
-2.572
-2.023
-1.844
-1.869
-1.855
-1.858
-2.214
-2.958
-3.509
-3.3
-2.692
-2.567
-3.098
-3.477
-3.15
-2.479
-1.996
-1.626
-0.948
0.152
1.147
1.39
0.832
0.04
-0.396
-0.521
-0.809
-1.449
-2.062
-2.248
-2.059
-1.805
-1.64
-1.395
-1.023
-0.787
-0.975
-1.476
-1.998
-2.293
-2.345
-2.384
-2.563
-2.783
-2.953
-3.234
-3.915
-4.995
-6.079
-6.85
-7.317
-7.569
-7.598
-7.279
-6.548
-5.616
-4.829
-4.246
-3.776
-3.388
-3.044
-2.801
-2.837
-3.141
-3.337
-3.109
-2.613
-2.116
-1.692
-1.288
-0.914
-0.526
-0.095
0.286
0.637
1.081
1.524
1.701
1.565
1.247
0.887
0.574
0.383
0.383
0.565
0.853
1.075
1.072
0.894
0.807
1.021
1.506
2.048
2.413
2.588
2.676
2.663
2.501
2.406
2.522
2.579
2.134
1.068
-0.17
-1.12
-1.737
-2.216
-2.685
-3.212
-3.831
-4.443
-4.847
-5.004
-5.155
-5.423
-5.691
-5.972
-6.433
-7.031
-7.51
-7.723
-7.71
-7.596
-7.544
-7.612
-7.787
-8.136
-8.696
-9.304
-9.808
-10.225
-10.599
-10.89
-11.049
-11.094
-11.053
-10.906
-10.661
-10.35
-10.017
-9.778
-9.697
-9.599
-9.338
-8.955
-8.572
-8.333
-8.304
-8.413
-8.508
-8.497
-8.322
-7.914
-7.186
-6.287
-5.484
-4.813
-4.053
-3.082
-2.084
-1.193
-0.422
0.251
0.819
1.368
1.973
2.554
2.987
3.25
3.348
3.359
3.443
3.658
3.974
4.31
4.486
4.448
4.221
3.906
3.835
4.119
4.423
4.448
4.341
4.36
4.443
4.425
4.384
4.459
4.418
3.915
3.096
2.341
1.778
1.322
0.943
0.583
0.197
-0.195
-0.63
-1.147
-1.781
-2.436
-2.933
-3.159
-3.21
-3.186
-3.121
-3.044
-2.982
-2.921
-2.833
-2.672
-2.472
-2.44
-2.783
-3.375
-3.717
-3.563
-3.184
-2.946
-2.78
-2.391
-1.649
-0.737
0.227
1.354
2.593
3.584
3.99
3.901
3.761
3.996
4.545
5.017
5.196
5.328
5.632
5.981
6.217
6.433
6.667
6.759
6.614
6.424
6.412
6.553
6.693
6.757
6.805
6.852
6.812
6.573
6.256
6.079
6.11
6.292
6.571
6.916
7.265
7.605
7.923
8.12
8.03
7.698
7.269
6.861
6.492
6.129
5.759
5.46
5.249
5.006
4.698
4.479
4.384
4.221
3.813
3.259
2.837
2.567
2.22
1.757
1.381
1.114
0.683
-0.133
-1.166
-2.027
-2.617
-3.125
-3.613
-3.958
-3.972
-3.572
-2.926
-2.402
-2.205
-1.955
-1.261
-0.258
0.56
0.891
0.787
0.628
0.705
1
1.374
1.762
2.268
3.001
3.917
4.749
5.403
6.07
6.836
7.433
7.56
7.333
7.236
7.465
7.785
8.118
8.685
9.486
10.261
10.794
11.187
11.627
12.113
12.437
12.5
12.496
12.727
13.142
13.403
13.274
12.884
12.505
12.171
11.72
11.024
10.166
9.359
8.703
8.036
7.274
6.492
5.89
5.578
5.482
5.442
5.389
5.308
5.096
4.666
4.001
3.193
2.318
1.526
1.081
1.132
1.504
1.878
2.166
2.465
2.83
3.259
3.702
4.105
4.323
4.303
4.139
4.103
4.391
4.847
5.122
5.244
5.507
5.915
6.333
6.773
7.335
7.989
8.57
8.964
9.111
8.998
8.71
8.517
8.597
8.858
9.177
9.474
9.683
9.808
9.878
9.828
9.649
9.477
9.515
9.869
10.397
10.933
11.425
11.758
11.822
11.734
11.722
11.817
11.888
11.845
11.786
11.725
11.561
11.31
11.141
11.04
10.783
10.368
10.096
10.191
10.527
10.89
11.203
11.371
11.196
10.688
10.15
9.828
9.699
9.517
9.196
8.975
9.068
9.345
9.593
9.801
9.872
9.536
8.746
7.798
7.056
6.68
6.614
6.739
6.85
6.678
6.292
6.113
6.242
6.278
6.086
6.042
6.169
6.079
5.734
5.362
4.879
4.169
3.568
3.384
3.409
3.541
4.033
4.885
5.866
6.85
7.71
8.127
7.986
7.442
6.601
5.714
5.242
5.344
5.716
6.031
6.156
5.906
5.221
4.332
3.533
3.012
2.912
3.216
3.77
4.369
4.799
4.951
4.84
4.464
3.781
2.881
2.08
1.687
1.649
1.649
1.488
1.127
0.53
-0.342
-1.351
-2.104
-2.279
-1.959
-1.356
-0.675
-0.258
-0.345
-0.796
-1.386
-2.11
-2.982
-3.713
-3.919
-3.684
-3.348
-2.96
-2.37
-1.64
-1.143
-1.105
-1.252
-1.188
-0.832
-0.269
0.431
1.123
1.526
1.535
1.241
0.734
0.213
-0.04
0.19
0.812
1.567
2.323
3.035
3.577
3.625
2.964
1.891
1.063
0.8
0.953
1.336
2.066
3.316
4.881
6.244
7.018
7.177
6.893
6.362
5.748
5.28
5.176
5.428
5.829
6.095
5.97
5.442
4.894
4.634
4.511
4.396
4.502
4.951
5.405
5.475
5.273
5.049
4.695
4.073
3.486
3.361
3.806
4.538
5.255
5.739
5.784
5.357
4.754
4.144
3.541
3.141
3.314
4.13
5.269
6.219
6.676
6.616
6.138
5.26
4.108
3.008
2.311
2.145
2.284
2.386
2.37
2.306
2.168
1.867
1.456
1.141
1.105
1.333
1.733
2.121
2.341
2.391
2.22
1.814
1.372
1.147
1.215
1.603
2.309
3.207
4.071
4.698
4.97
4.849
4.421
3.879
3.452
3.225
3.175
3.309
3.618
3.913
3.904
3.502
2.885
2.198
1.485
0.859
0.492
0.403
0.524
0.837
1.252
1.551
1.542
1.306
1.084
1.048
1.168
1.333
1.531
1.776
1.912
1.785
1.447
1.016
0.499
-0.025
-0.351
-0.411
-0.195
0.288
0.875
1.263
1.263
1.009
0.683
0.333
-0.038
-0.351
-0.503
-0.405
-0.063
0.44
0.93
1.306
1.633
1.919
2.114
2.363
2.991
3.958
4.933
5.646
6.07
6.217
6.21
6.178
6.129
6.065
6.156
6.544
7.161
7.796
8.268
8.562
8.708
8.653
8.379
8.045
7.921
8.072
8.263
8.306
8.286
8.263
8.143
7.805
7.29
6.711
6.176
5.761
5.48
5.328
5.41
5.859
6.457
6.729
6.553
6.26
6.108
6.099
6.106
6.004
5.809
5.675
5.607
5.401
4.951
4.432
4.11
4.064
4.123
4.001
3.643
3.289
3.071
2.794
2.257
1.585
1.123
0.98
0.93
0.832
0.841
1.089
1.454
1.776
1.991
2.062
1.971
1.751
1.413
0.991
0.603
0.481
0.703
1.141
1.61
2.095
2.663
3.298
3.897
4.396
4.808
5.106
5.242
5.226
5.069
4.94
5.099
5.496
5.816
5.938
6.04
6.294
6.648
6.95
7.213
7.485
7.773
8.002
8.077
7.977
7.855
7.927
8.265
8.649
8.846
8.853
8.894
9.032
9.043
8.708
8.236
8.002
8.098
8.288
8.436
8.617
8.887
9.154
9.257
9.107
8.794
8.336
7.701
6.977
6.38
5.988
5.77
5.629
5.437
5.122
4.811
4.722
4.879
5.067
5.122
5.069
5.051
5.104
5.113
4.958
4.632
4.282
4.028
3.913
4.028
4.393
4.87
5.262
5.464
5.516
5.493
5.401
5.255
5.019
4.672
4.307
4.198
4.479
5.056
5.598
5.918
6.049
6.083
6.04
5.913
5.768
5.7
5.653
5.464
5.083
4.645
4.268
3.865
3.397
3.057
3.001
3.087
3.164
3.287
3.423
3.45
3.42
3.45
3.524
3.527
3.35
2.962
2.538
2.277
2.121
1.801
1.295
0.866
0.612
0.401
0.129
-0.082
-0.038
0.192
0.333
0.213
-0.034
-0.15
-0.115
-0.1
-0.129
-0.183
-0.238
-0.163
0.073
0.254
0.109
-0.247
-0.485
-0.551
-0.725
-1.15
-1.517
-1.488
-1.222
-1.023
-0.923
-0.814
-0.764
-0.905
-1.225
-1.601
-1.955
-2.273
-2.629
-3.1
-3.588
-3.879
-3.967
-4.071
-4.275
-4.452
-4.479
-4.353
-4.164
-4.028
-3.94
-3.865
-3.774
-3.747
-3.897
-4.167
-4.226
-3.942
-3.579
-3.368
-3.164
-2.751
-2.429
-2.593
-3.087
-3.463
-3.647
-3.829
-3.992
-3.983
-3.731
-3.359
-3.085
-2.985
-3.109
-3.341
-3.486
-3.568
-3.729
-3.886
-3.797
-3.5
-3.28
-3.302
-3.379
-3.339
-3.266
-3.302
-3.395
-3.307
-2.949
-2.411
-1.939
-1.667
-1.483
-1.32
-1.277
-1.447
-1.628
-1.549
-1.322
-1.263
-1.401
-1.511
-1.608
-1.896
-2.209
-2.17
-1.953
-2.025
-2.136
-1.658
-0.787
-0.401
-0.637
-0.819
-0.671
-0.648
-0.93
-1.177
-1.157
-0.903
-0.549
-0.326
-0.387
-0.44
-0.215
-0.043
-0.46
-1.443
-2.515
-3.23
-3.627
-4.144
-5.087
-6.101
-6.634
-6.857
-7.41
-8.404
-9.189
-9.2
-8.653
-8.227
-8.177
-7.943
-7.049
-6.097
-6.031
-6.723
-7.277
-7.233
-6.918
-6.768
-6.78
-6.689
-6.292
-5.802
-5.584
-5.768
-5.936
-5.611
-4.826
-4.058
-3.602
-3.243
-2.744
-2.45
-2.848
-3.781
-4.568
-4.811
-4.645
-4.282
-3.539
-2.227
-0.605
0.862
1.957
2.712
3.182
3.502
3.799
4.033
4.182
4.421
4.761
4.768
4.144
3.271
2.651
2.216
1.597
0.916
0.556
0.594
0.758
0.8
0.628
0.172
-0.53
-1.218
-1.671
-2.014
-2.572
-3.212
-3.479
-3.391
-3.509
-4.155
-5.108
-6.031
-6.839
-7.58
-8.256
-8.81
-9.261
-9.606
-9.789
-9.955
-10.427
-11.355
-12.357
-12.991
-13.301
-13.648
-14.009
-14.031
-13.696
-13.387
-13.382
-13.591
-13.786
-13.889
-13.963
-14.038
-14.034
-13.8
-13.362
-12.87
-12.441
-12.026
-11.543
-10.996
-10.402
-9.626
-8.667
-7.521
-6.158
-4.707
-3.554
-2.826
-2.2
-1.526
-1.013
-0.694
-0.222
0.642
1.708
2.552
2.971
3.166
3.443
3.871
4.343
4.743
5.096
5.451
5.791
6.04
6.192
6.181
5.902
5.421
5.026
4.904
4.89
4.763
4.466
4.031
3.445
2.806
2.316
2.073
1.966
1.858
1.764
1.814
2.053
2.196
1.953
1.338
0.651
-0.061
-0.887
-1.719
-2.424
-2.98
-3.425
-3.788
-4.121
-4.482
-4.729
-4.677
-4.468
-4.473
-4.745
-4.92
-4.722
-4.343
-4.112
-4.071
-4.01
-3.729
-3.184
-2.522
-2.044
-1.932
-2.077
-2.234
-2.279
-2.187
-1.846
-1.222
-0.453
0.299
0.991
1.635
2.214
2.76
3.355
3.972
4.564
4.983
5.054
4.758
4.396
4.176
3.942
3.511
2.937
2.422
2.066
1.805
1.526
1.166
0.782
0.651
0.943
1.436
1.721
1.719
1.524
1.173
0.601
-0.097
-0.791
-1.522
-2.37
-3.193
-3.84
-4.217
-4.253
-3.924
-3.479
-3.252
-3.377
-3.774
-4.164
-4.418
-4.595
-4.808
-5.092
-5.475
-5.852
-6.047
-6.07
-6.142
-6.457
-6.922
-7.39
-7.818
-8.145
-8.204
-8.086
-8.123
-8.499
-9.048
-9.501
-9.801
-10.171
-10.858
-11.781
-12.568
-13.063
-13.356
-13.442
-13.233
-12.784
-12.251
-11.641
-10.892
-9.962
-9.053
-8.404
-8.156
-8.238
-8.535
-8.876
-9.172
-9.483
-9.86
-10.201
-10.293
-10.021
-9.515
-8.905
-8.109
-7.056
-5.986
-5.255
-4.872
-4.618
-4.543
-4.956
-5.793
-6.614
-7.245
-7.767
-8.022
-7.826
-7.429
-7.245
-7.138
-6.72
-6.022
-5.351
-4.743
-4.051
-3.377
-2.851
-2.572
-2.672
-3.114
-3.806
-4.758
-5.847
-6.693
-7.013
-6.859
-6.494
-6.133
-5.857
-5.7
-5.698
-5.793
-5.927
-6.149
-6.514
-6.8
-6.805
-6.762
-6.984
-7.337
-7.565
-7.664
-7.805
-7.982
-8.018
-7.682
-6.898
-5.929
-4.988
-4.028
-3.005
-2.082
-1.415
-1.098
-1.089
-1.213
-1.238
-1.152
-1.147
-1.365
-1.694
-2
-2.361
-2.89
-3.568
-4.289
-4.974
-5.698
-6.605
-7.637
-8.696
-9.778
-10.992
-12.237
-13.292
-13.952
-14.177
-14.002
-13.516
-12.781
-11.795
-10.602
-9.522
-8.957
-8.903
-9.003
-9.114
-9.377
-9.83
-10.21
-10.257
-10.069
-9.999
-10.18
-10.436
-10.606
-10.829
-11.28
-11.834
-12.269
-12.528
-12.645
-12.657
-12.575
-12.364
-11.947
-11.332
-10.665
-10.1
-9.602
-9.066
-8.467
-7.909
-7.442
-6.922
-6.272
-5.611
-5.087
-4.698
-4.473
-4.396
-4.321
-4.146
-3.976
-3.96
-4.017
-3.922
-3.552
-3.023
-2.463
-2.003
-1.717
-1.511
-1.388
-1.572
-2.068
-2.629
-3.118
-3.618
-4.087
-4.418
-4.575
-4.672
-4.813
-5.026
-5.24
-5.348
-5.398
-5.43
-5.362
-5.142
-4.929
-4.933
-5.144
-5.493
-5.868
-6.106
-6.21
-6.412
-6.818
-7.177
-7.204
-6.922
-6.598
-6.485
-6.569
-6.48
-6.072
-5.58
-5.232
-5.042
-4.865
-4.609
-4.362
-4.251
-4.212
-3.954
-3.223
-2.189
-1.157
-0.179
0.809
1.737
2.442
2.629
2.175
1.304
0.444
-0.165
-0.547
-0.78
-0.776
-0.49
-0.113
0.247
0.741
1.426
2
2.125
1.878
1.685
1.808
2.13
2.37
2.354
2.166
2.018
2.007
2.057
2.071
2.034
2.189
2.703
3.395
3.924
4.262
4.618
5.013
5.146
4.834
4.307
3.915
3.631
3.191
2.422
1.422
0.392
-0.433
-0.973
-1.406
-1.757
-1.721
-1.081
0.009
1.297
2.513
3.488
4.071
4.139
3.84
3.491
3.162
2.753
2.368
2.293
2.726
3.581
4.652
5.77
6.7
7.222
7.512
7.841
8.052
7.753
6.807
5.512
4.203
2.949
1.615
0.159
-1.195
-2.125
-2.572
-2.848
-3.273
-3.679
-3.607
-3.118
-2.901
-3.323
-3.999
-4.305
-4.23
-4.369
-5.036
-5.904
-6.417
-6.421
-6.181
-5.954
-5.684
-5.142
-4.217
-3.057
-1.996
-1.286
-0.823
-0.376
0.043
0.152
-0.084
-0.254
-0.004
0.515
0.927
1.179
1.59
2.379
3.289
4.015
4.6
5.221
5.958
6.773
7.558
8.222
8.612
8.651
8.428
8.032
7.488
6.836
6.192
5.671
5.199
4.652
4.182
4.024
4.135
4.169
3.937
3.533
3.182
2.874
2.404
1.574
0.396
-0.93
-2.17
-3.191
-4.081
-4.906
-5.448
-5.55
-5.444
-5.41
-5.398
-5.217
-4.94
-4.931
-5.315
-5.843
-6.181
-6.185
-5.963
-5.791
-5.791
-5.779
-5.58
-5.242
-5.036
-5.087
-5.151
-4.822
-4.101
-3.255
-2.488
-1.772
-1.025
-0.387
-0.124
-0.215
-0.277
0.036
0.703
1.356
1.86
2.558
3.654
4.772
5.306
5.122
4.65
4.328
4.259
4.357
4.459
4.5
4.668
5.131
5.593
5.627
5.199
4.62
4.094
3.456
2.629
1.996
1.973
2.37
2.654
2.617
2.492
2.418
2.316
2.062
1.542
0.671
-0.331
-1.107
-1.601
-2.121
-2.744
-3.168
-3.293
-3.348
-3.524
-3.69
-3.638
-3.5
-3.568
-3.886
-4.132
-4.087
-3.826
-3.613
-3.563
-3.559
-3.482
-3.329
-3.186
-3.135
-3.125
-3.076
-2.985
-2.982
-3.078
-3.223
-3.382
-3.638
-4.051
-4.568
-5.106
-5.489
-5.578
-5.366
-5.006
-4.6
-4.112
-3.488
-2.837
-2.343
-2.034
-1.783
-1.424
-0.891
-0.199
0.562
1.283
1.842
2.202
2.479
2.593
2.286
1.644
1.066
0.812
0.814
0.877
0.916
0.948
0.95
0.796
0.512
0.236
0.061
0.047
0.229
0.624
1.168
1.687
2.005
2.03
1.83
1.508
1.123
0.707
0.297
-0.013
-0.141
-0.163
-0.251
-0.49
-0.787
-1.098
-1.443
-1.88
-2.433
-3.032
-3.527
-3.799
-3.931
-4.212
-4.881
-5.859
-6.798
-7.426
-7.773
-7.83
-7.549
-7.077
-6.628
-6.154
-5.641
-5.291
-5.196
-5.128
-4.815
-4.266
-3.702
-3.139
-2.554
-2.123
-2.102
-2.433
-2.794
-3.055
-3.359
-3.747
-3.99
-3.91
-3.543
-3.064
-2.71
-2.597
-2.692
-2.962
-3.418
-3.978
-4.384
-4.409
-4.13
-3.781
-3.452
-3.062
-2.543
-1.978
-1.588
-1.538
-1.762
-2.034
-2.198
-2.306
-2.486
-2.76
-3.076
-3.416
-3.811
-4.305
-4.908
-5.561
-6.138
-6.444
-6.394
-6.11
-5.768
-5.46
-5.212
-5.04
-4.908
-4.686
-4.355
-4.024
-3.726
-3.384
-3.001
-2.719
-2.608
-2.558
-2.499
-2.424
-2.325
-2.157
-1.84
-1.415
-1.059
-0.846
-0.707
-0.653
-0.78
-1.004
-1.114
-1.084
-1.109
-1.397
-2.003
-2.819
-3.631
-4.176
-4.268
-3.992
-3.57
-3.196
-2.962
-2.846
-2.783
-2.703
-2.579
-2.406
-2.37
-2.622
-3.026
-3.373
-3.595
-3.806
-3.928
-3.794
-3.429
-3.1
-2.921
-2.733
-2.45
-2.152
-1.978
-1.98
-2.095
-2.325
-2.769
-3.388
-3.999
-4.525
-4.894
-5.008
-4.815
-4.339
-3.675
-2.881
-2.053
-1.338
-0.846
-0.501
-0.156
0.188
0.447
0.524
0.392
0.093
-0.36
-0.945
-1.535
-2.003
-2.402
-2.869
-3.311
-3.436
-3.137
-2.667
-2.266
-1.891
-1.463
-1.091
-0.927
-1.011
-1.22
-1.424
-1.533
-1.52
-1.395
-1.259
-1.245
-1.406
-1.644
-1.746
-1.581
-1.191
-0.835
-0.789
-1.147
-1.792
-2.456
-2.851
-2.985
-3.164
-3.654
-4.446
-5.401
-6.246
-6.798
-7.04
-7.102
-7.118
-7.206
-7.438
-7.732
-8.018
-8.22
-8.349
-8.515
-8.86
-9.474
-10.246
-10.926
-11.389
-11.552
-11.346
-10.869
-10.348
-9.878
-9.488
-9.182
-8.953
-8.751
-8.474
-8.09
-7.762
-7.662
-7.732
-7.875
-8.004
-7.982
-7.73
-7.369
-7.065
-6.768
-6.213
-5.306
-4.323
-3.52
-2.776
-1.959
-1.297
-0.986
-0.803
-0.306
0.689
1.98
3.212
4.132
4.747
5.273
5.791
6.145
6.217
6.049
5.768
5.41
5.017
4.736
4.711
4.929
5.158
5.169
4.988
4.843
4.802
4.618
4.11
3.543
3.307
3.287
3.012
2.525
2.472
3.13
3.949
4.31
4.164
3.922
3.851
3.765
3.348
2.649
1.878
1.179
0.587
0.052
-0.396
-0.619
-0.567
-0.376
-0.227
-0.258
-0.381
-0.378
-0.141
0.104
0.109
0.025
0.136
0.354
0.274
-0.118
-0.378
-0.286
-0.056
0.229
0.739
1.368
1.628
1.408
1.236
1.522
2.08
2.635
3.132
3.522
3.813
4.237
4.908
5.446
5.385
4.745
3.942
3.273
2.771
2.452
2.427
2.742
3.186
3.622
4.028
4.423
4.843
5.289
5.693
5.934
6
6.033
6.267
6.784
7.447
8.048
8.447
8.526
8.315
8.045
7.962
8.045
8.125
8.306
8.706
9.139
9.252
8.957
8.347
7.576
6.85
6.296
5.829
5.303
4.784
4.369
3.974
3.4
2.658
1.987
1.583
1.386
1.304
1.415
1.71
1.982
2.166
2.302
2.463
2.724
3.076
3.379
3.531
3.722
4.182
4.639
4.586
4.046
3.559
3.509
3.697
3.888
4.235
4.972
5.89
6.582
6.913
7.045
7.073
6.943
6.584
6.099
5.691
5.505
5.675
6.176
6.791
7.363
7.962
8.52
8.76
8.665
8.524
8.492
8.522
8.458
8.408
8.665
9.187
9.565
9.534
9.2
8.821
8.467
8
7.358
6.739
6.305
6.095
6.108
6.204
6.246
6.231
6.172
5.993
5.682
5.457
5.552
5.866
6.045
5.854
5.419
5.045
4.852
4.727
4.622
4.731
5.14
5.736
6.399
6.959
7.17
6.945
6.557
6.145
5.605
5.028
4.743
4.826
5.045
5.194
5.405
5.82
6.317
6.702
6.963
7.183
7.324
7.277
7.165
7.206
7.435
7.778
8.218
8.63
8.783
8.703
8.642
8.678
8.644
8.52
8.624
9.143
9.828
10.21
10.114
9.896
9.989
10.434
10.951
11.314
11.666
12.108
12.437
12.392
12.115
11.874
11.72
11.588
11.532
11.622
11.885
12.383
13.099
13.827
14.426
15.022
15.628
15.982
15.907
15.637
15.401
15.197
14.927
14.63
14.365
14.04
13.557
13
12.478
12.101
11.977
12.115
12.348
12.446
12.376
12.33
12.489
12.716
12.775
12.582
12.312
12.174
12.217
12.278
12.203
11.97
11.484
10.59
9.345
8.081
7.127
6.471
5.945
5.53
5.26
5.067
4.911
4.908
4.999
4.913
4.541
4.083
3.658
3.307
3.128
3.221
3.479
3.622
3.456
3.173
3.059
3.076
2.989
2.756
2.595
2.644
2.622
2.148
1.193
0.011
-1.072
-1.862
-2.386
-2.787
-3.105
-3.264
-3.355
-3.645
-4.226
-4.768
-5.008
-5.015
-5.01
-4.974
-4.702
-4.141
-3.473
-2.817
-2.11
-1.449
-1.105
-1.096
-1.116
-1.027
-0.898
-0.773
-0.553
-0.256
-0.056
-0.068
-0.222
-0.442
-0.61
-0.642
-0.51
-0.297
-0.12
-0.029
0.034
0.129
0.197
0.133
0.036
0.056
0.247
0.637
1.302
2.17
3.014
3.763
4.511
5.205
5.777
6.41
7.247
8.118
8.742
9.125
9.472
9.883
10.241
10.4
10.289
10.039
9.808
9.638
9.474
9.286
9.066
8.787
8.338
7.696
7.007
6.492
6.145
5.813
5.557
5.648
6.163
6.814
7.156
6.984
6.392
5.704
5.142
4.707
4.38
4.339
4.677
5.151
5.41
5.462
5.539
5.732
5.7
4.995
3.717
2.49
1.656
1.054
0.501
0.068
-0.183
-0.36
-0.615
-1.007
-1.426
-1.644
-1.562
-1.311
-1.096
-0.941
-0.714
-0.447
-0.372
-0.567
-0.817
-0.855
-0.653
-0.351
-0.097
0.095
0.308
0.492
0.571
0.574
0.58
0.66
0.866
1.136
1.44
1.891
2.538
3.246
3.756
3.906
3.808
3.677
3.577
3.468
3.4
3.545
3.924
4.346
4.652
4.922
5.291
5.748
6.092
6.108
5.847
5.609
5.482
5.249
4.713
3.978
3.291
2.792
2.411
2.05
1.751
1.719
2.003
2.318
2.395
2.395
2.656
3.03
3.094
2.801
2.452
2.22
2.05
1.774
1.318
0.798
0.367
0.084
-0.215
-0.655
-1.048
-1.07
-0.868
-0.868
-1.089
-1.191
-1.05
-0.887
-0.882
-0.912
-0.732
-0.254
0.354
0.921
1.404
1.864
2.406
2.999
3.473
3.717
3.987
4.491
4.974
5.067
4.881
4.865
5.201
5.512
5.478
5.369
5.564
6
6.383
6.718
7.183
7.755
8.365
9.125
10.035
10.895
11.675
12.512
13.265
13.659
13.657
13.43
13.124
12.786
12.428
12.006
11.505
11.017
10.606
10.241
9.869
9.456
8.941
8.372
7.941
7.671
7.374
6.909
6.331
5.795
5.416
5.106
4.659
4.049
3.473
3.085
2.826
2.554
2.168
1.551
0.701
-0.26
-1.17
-1.941
-2.427
-2.497
-2.329
-2.32
-2.579
-2.883
-3.089
-3.35
-3.808
-4.314
-4.5
-4.323
-4.121
-4.185
-4.38
-4.423
-4.144
-3.557
-2.858
-2.189
-1.395
-0.369
0.662
1.374
1.842
2.336
2.914
3.447
3.915
4.525
5.43
6.446
7.233
7.764
8.234
8.796
9.264
9.302
8.858
8.383
8.36
8.735
9.043
9.148
9.404
10.123
11.042
11.698
11.942
12.058
12.337
12.657
12.682
12.328
11.885
11.695
11.761
11.602
10.806
9.67
8.919
8.667
8.311
7.508
6.598
5.956
5.543
5.221
4.974
4.913
5.149
5.686
6.303
6.702
6.762
6.601
6.308
5.723
4.72
3.486
2.456
1.851
1.506
1.193
0.968
1.004
1.265
1.492
1.488
1.29
1.147
1.3
1.683
2.086
2.543
3.184
3.858
4.194
4.094
3.77
3.518
3.443
3.539
3.765
4.037
4.337
4.725
5.081
5.196
5.083
4.979
5.083
5.31
5.396
5.278
5.144
5.115
5.115
5.058
4.926
4.72
4.466
4.259
4.185
4.248
4.38
4.493
4.577
4.622
4.489
4.055
3.477
3.135
3.162
3.28
3.173
2.953
2.908
2.969
2.844
2.35
1.63
0.898
0.256
-0.349
-1.041
-1.803
-2.459
-2.923
-3.407
-4.096
-4.929
-5.659
-6.099
-6.321
-6.457
-6.501
-6.285
-5.709
-5.083
-4.913
-5.244
-5.684
-5.967
-6.21
-6.616
-6.963
-6.852
-6.347
-5.84
-5.587
-5.498
-5.321
-4.999
-4.738
-4.618
-4.452
-4.037
-3.414
-2.839
-2.583
-2.608
-2.729
-2.896
-3.302
-3.94
-4.477
-4.523
-4.049
-3.364
-2.769
-2.257
-1.676
-1.07
-0.703
-0.644
-0.633
-0.331
0.238
0.764
0.977
0.862
0.474
-0.131
-0.98
-2.03
-3.03
-3.704
-4.019
-4.185
-4.264
-4.169
-3.949
-3.871
-4.158
-4.688
-5.096
-5.183
-5.119
-5.069
-4.929
-4.538
-3.954
-3.425
-3.121
-2.958
-2.826
-2.715
-2.622
-2.558
-2.506
-2.427
-2.332
-2.295
-2.436
-2.706
-2.86
-2.787
-2.626
-2.486
-2.291
-1.921
-1.481
-1.186
-1.109
-1.118
-1.175
-1.417
-1.828
-2.125
-2.15
-2.021
-1.935
-1.996
-2.234
-2.683
-3.273
-3.858
-4.398
-4.906
-5.162
-4.986
-4.5
-4.04
-3.779
-3.713
-3.888
-4.339
-4.979
-5.675
-6.303
-6.764
-7.029
-7.12
-7.013
-6.789
-6.669
-6.748
-6.922
-7.04
-7.079
-7.004
-6.757
-6.378
-5.974
-5.568
-5.151
-4.863
-5.001
-5.446
-5.662
-5.371
-4.885
-4.573
-4.407
-4.117
-3.675
-3.373
-3.502
-4.051
-4.675
-5.067
-5.187
-5.178
-5.135
-4.926
-4.343
-3.491
-2.715
-2.193
-1.728
-1.118
-0.485
-0.063
0.211
0.551
0.907
0.977
0.58
-0.034
-0.526
-0.88
-1.213
-1.39
-1.195
-0.689
-0.17
0.095
0.088
-0.047
-0.15
-0.242
-0.467
-0.782
-0.975
-0.934
-0.753
-0.653
-0.794
-1.227
-1.849
-2.545
-3.323
-4.191
-4.867
-5.004
-4.74
-4.636
-4.879
-5.219
-5.471
-5.777
-6.403
-7.417
-8.603
-9.622
-10.402
-11.087
-11.713
-12.137
-12.319
-12.455
-12.711
-12.97
-12.974
-12.653
-12.235
-11.96
-11.863
-11.84
-11.879
-12.017
-12.201
-12.385
-12.484
-12.333
-11.831
-11.037
-10.264
-9.747
-9.44
-9.17
-8.821
-8.302
-7.485
-6.333
-5.024
-3.835
-2.887
-1.944
-0.88
0.016
0.474
0.628
0.644
0.574
0.601
0.896
1.311
1.606
1.772
1.989
2.329
2.667
2.794
2.731
2.724
2.826
2.826
2.729
2.863
3.221
3.352
2.951
2.227
1.635
1.515
1.885
2.402
2.613
2.382
2
1.876
2.055
2.3
2.508
2.842
3.361
3.844
4.067
