Unnamed: 3
Value
1.429
1.486
1.558
1.62
1.638
1.669
1.735
1.762
1.721
1.701
1.681
1.576
1.479
1.449
1.445
1.452
1.49
1.56
1.665
1.762
1.756
1.697
1.703
1.74
1.774
1.799
1.772
1.724
1.737
1.774
1.783
1.769
1.765
1.81
1.844
1.805
1.783
1.79
1.747
1.721
1.772
1.853
1.928
1.971
1.998
2.005
1.985
1.93
1.901
1.926
1.935
1.91
1.855
1.758
1.717
1.81
1.91
1.93
1.91
1.908
1.96
2.003
1.962
1.935
1.901
1.801
1.721
1.681
1.697
1.74
1.781
1.787
1.776
1.717
1.574
1.447
1.415
1.37
1.279
1.229
1.229
1.295
1.449
1.585
1.629
1.626
1.667
1.703
1.629
1.465
1.322
1.159
0.928
0.748
0.669
0.626
0.651
0.735
0.844
0.93
0.996
0.996
1.003
1.091
1.132
1.075
1.003
0.935
0.876
0.83
0.785
0.739
0.735
0.796
0.862
0.844
0.812
0.841
0.846
0.823
0.837
0.853
0.789
0.715
0.703
0.708
0.699
0.649
0.596
0.563
0.576
0.624
0.64
0.601
0.583
0.642
0.703
0.719
0.789
0.851
0.807
0.735
0.712
0.696
0.683
0.703
0.728
0.733
0.773
0.88
0.964
0.989
1.016
1.048
1.014
0.964
0.923
0.855
0.803
0.81
0.807
0.769
0.841
0.989
1.089
1.134
1.191
1.202
1.17
1.134
1.107
1.059
0.984
0.898
0.821
0.792
0.866
1.014
1.102
1.109
1.139
1.193
1.184
1.12
1.05
1.016
0.991
0.973
0.946
0.937
0.971
1.043
1.127
1.213
1.263
1.234
1.148
1.116
1.143
1.1
1
0.959
0.962
0.966
1.012
1.118
1.225
1.311
1.365
1.39
1.372
1.334
1.293
1.22
1.105
1.057
1.1
1.111
1.089
1.125
1.213
1.277
1.3
1.349
1.422
1.461
1.474
1.483
1.49
1.474
1.449
1.433
1.443
1.443
1.368
1.252
1.234
1.277
1.266
1.254
1.307
1.37
1.456
1.556
1.617
1.631
1.649
1.644
1.579
1.465
1.377
1.302
1.195
1.12
1.184
1.279
1.307
1.336
1.431
1.531
1.606
1.647
1.676
1.678
1.647
1.613
1.576
1.551
1.531
1.549
1.613
1.678
1.703
1.692
1.697
1.721
1.678
1.617
1.62
1.626
1.622
1.658
1.701
1.735
1.778
1.83
1.892
1.93
1.921
1.869
1.756
1.647
1.599
1.626
1.64
1.61
1.631
1.71
1.781
1.858
1.971
2.062
2.075
2.037
2.005
1.967
1.894
1.828
1.781
1.728
1.663
1.585
1.545
1.608
1.71
1.758
1.799
1.892
2.01
2.109
2.196
2.236
2.261
2.282
2.264
2.184
2.089
2.041
2.005
1.91
1.803
1.812
1.921
1.989
2.05
2.216
2.404
2.516
2.574
2.649
2.692
2.64
2.552
2.497
2.463
2.411
2.386
2.409
2.47
2.547
2.604
2.661
2.751
2.826
2.858
2.906
2.978
3.06
3.132
3.173
3.185
3.205
3.241
3.271
3.266
3.216
3.173
3.128
3.03
2.926
2.917
2.94
2.919
2.949
3.064
3.228
3.407
3.582
3.724
3.808
3.836
3.802
3.736
3.65
3.543
3.439
3.339
3.219
3.153
3.187
3.225
3.212
3.221
3.296
3.38
3.434
3.495
3.586
3.636
3.625
3.606
3.618
3.577
3.454
3.314
3.237
3.189
3.105
3.042
3.044
3.049
3.073
3.171
3.312
3.457
3.606
3.765
3.847
3.82
3.763
3.704
3.611
3.495
3.373
3.216
3.053
2.953
2.93
2.96
3.04
3.148
3.255
3.375
3.495
3.575
3.597
3.582
3.518
3.436
3.4
3.355
3.273
3.253
3.296
3.316
3.284
3.244
3.214
3.216
3.205
3.196
3.246
3.373
3.523
3.641
3.697
3.754
3.786
3.72
3.609
3.538
3.461
3.337
3.23
3.185
3.203
3.228
3.248
3.314
3.414
3.502
3.591
3.72
3.84
3.904
3.897
3.831
3.724
3.606
3.493
3.364
3.278
3.275
3.318
3.343
3.341
3.382
3.48
3.504
3.52
3.618
3.722
3.74
3.704
3.677
3.652
3.597
3.513
3.405
3.3
3.171
3.053
2.976
2.933
2.901
2.935
3.03
3.135
3.212
3.328
3.448
3.523
3.552
3.525
3.412
3.255
3.085
2.903
2.747
2.64
2.606
2.568
2.506
2.509
2.595
2.645
2.627
2.656
2.758
2.867
2.917
2.91
2.872
2.853
2.81
2.722
2.602
2.45
2.255
2.084
2.016
1.964
1.914
1.926
1.989
2.094
2.223
2.348
2.477
2.602
2.681
2.679
2.581
2.411
2.223
1.992
1.742
1.595
1.547
1.488
1.461
1.554
1.715
1.91
2.118
2.309
2.443
2.529
2.556
2.509
2.384
2.218
2.082
1.987
1.896
1.805
1.772
1.801
1.846
1.946
2.075
2.2
2.307
2.4
2.477
2.538
2.593
2.654
2.715
2.713
2.71
2.706
2.602
2.416
2.259
2.214
2.241
2.264
2.298
2.373
2.493
2.622
2.726
2.808
2.856
2.869
2.865
2.858
2.804
2.699
2.602
2.522
2.413
2.314
2.261
2.245
2.264
2.332
2.382
2.397
2.418
2.475
2.511
2.518
2.563
2.636
2.636
2.561
2.49
2.461
2.438
2.388
2.277
2.121
1.992
1.91
1.851
1.751
1.651
1.66
1.767
1.885
1.998
2.103
2.173
2.159
2.089
2.019
1.903
1.728
1.531
1.377
1.243
1.152
1.136
1.159
1.191
1.263
1.402
1.513
1.538
1.501
1.418
1.359
1.345
1.325
1.261
1.182
1.109
1.05
0.977
0.853
0.724
0.653
0.587
0.531
0.503
0.499
0.49
0.485
0.569
0.703
0.776
0.812
0.862
0.903
0.878
0.807
0.708
0.567
0.401
0.272
0.227
0.227
0.202
0.17
0.209
0.329
0.472
0.59
0.664
0.699
0.708
0.721
0.724
0.646
0.533
0.451
0.379
0.274
0.206
0.156
0.068
-0.011
-0.025
0.029
0.107
0.188
0.265
0.32
0.338
0.338
0.34
0.313
0.24
0.152
0.088
0.002
-0.145
-0.281
-0.352
-0.365
-0.322
-0.254
-0.184
-0.125
-0.088
-0.054
-0.057
-0.138
-0.238
-0.317
-0.413
-0.515
-0.553
-0.567
-0.619
-0.658
-0.64
-0.601
-0.537
-0.469
-0.401
-0.379
-0.411
-0.467
-0.542
-0.64
-0.733
-0.778
-0.767
-0.715
-0.699
-0.699
-0.678
-0.642
-0.574
-0.483
-0.444
-0.469
-0.531
-0.551
-0.572
-0.674
-0.794
-0.83
-0.853
-0.86
-0.819
-0.792
-0.81
-0.783
-0.701
-0.637
-0.626
-0.635
-0.64
-0.626
-0.662
-0.71
-0.744
-0.794
-0.853
-0.887
-0.919
-0.971
-1.005
-0.996
-0.977
-0.948
-0.885
-0.787
-0.721
-0.699
-0.655
-0.619
-0.66
-0.81
-0.944
-1.016
-1.096
-1.15
-1.132
-1.089
-1.082
-1.041
-0.941
-0.832
-0.787
-0.789
-0.776
-0.737
-0.764
-0.855
-0.93
-1.027
-1.157
-1.216
-1.175
-1.15
-1.139
-1.136
-1.139
-1.141
-1.123
-1.091
-1.077
-1.066
-1.025
-0.977
-0.968
-0.984
-0.996
-1.014
-1.08
-1.143
-1.191
-1.32
-1.488
-1.608
-1.663
-1.667
-1.676
-1.697
-1.656
-1.604
-1.592
-1.585
-1.549
-1.527
-1.56
-1.601
-1.674
-1.774
-1.887
-1.967
-2.046
-2.121
-2.187
-2.236
-2.284
-2.275
-2.223
-2.166
-2.098
-2.019
-1.98
-1.989
-1.976
-1.903
-1.876
-1.948
-2.035
-2.082
-2.157
-2.266
-2.384
-2.472
-2.495
-2.506
-2.511
-2.445
-2.361
-2.327
-2.298
-2.193
-2.073
-2.019
-2.019
-2.075
-2.193
-2.289
-2.334
-2.411
-2.534
-2.654
-2.749
-2.794
-2.776
-2.724
-2.683
-2.617
-2.484
-2.318
-2.184
-2.159
-2.232
-2.255
-2.28
-2.379
-2.466
-2.513
-2.595
-2.713
-2.801
-2.833
-2.849
-2.86
-2.847
-2.822
-2.738
-2.656
-2.568
-2.397
-2.218
-2.166
-2.207
-2.275
-2.366
-2.506
-2.683
-2.831
-2.942
-3.067
-3.178
-3.232
-3.262
-3.223
-3.076
-2.908
-2.772
-2.64
-2.531
-2.452
-2.395
-2.386
-2.422
-2.484
-2.581
-2.745
-2.942
-3.166
-3.386
-3.464
-3.402
-3.316
-3.237
-3.132
-3.001
-2.824
-2.638
-2.49
-2.432
-2.395
-2.309
-2.243
-2.343
-2.543
-2.722
-2.89
-3.067
-3.205
-3.275
-3.278
-3.244
-3.119
-2.91
-2.661
-2.452
-2.318
-2.214
-2.08
-2.012
-2.007
-2.019
-2.094
-2.277
-2.493
-2.677
-2.79
-2.822
-2.817
-2.797
-2.697
-2.522
-2.352
-2.248
-2.123
-1.91
-1.724
-1.656
-1.665
-1.731
-1.858
-2.021
-2.157
-2.264
-2.379
-2.486
-2.613
-2.713
-2.708
-2.624
-2.466
-2.207
-1.964
-1.815
-1.719
-1.631
-1.583
-1.581
-1.631
-1.737
-1.908
-2.107
-2.311
-2.545
-2.74
-2.801
-2.822
-2.833
-2.742
-2.588
-2.411
-2.221
-2.05
-1.928
-1.858
-1.853
-1.951
-2.128
-2.343
-2.586
-2.817
-2.953
-3.051
-3.18
-3.269
-3.271
-3.151
-2.935
-2.708
-2.509
-2.35
-2.232
-2.125
-2.103
-2.2
-2.336
-2.5
-2.736
-2.989
-3.194
-3.352
-3.491
-3.557
-3.509
-3.35
-3.169
-3.021
-2.851
-2.631
-2.486
-2.456
-2.388
-2.314
-2.386
-2.574
-2.774
-2.958
-3.137
-3.26
-3.328
-3.348
-3.312
-3.187
-3.076
-3.017
-2.883
-2.69
-2.597
-2.588
-2.563
-2.543
-2.552
-2.613
-2.706
-2.797
-2.894
-3.03
-3.157
-3.153
-3.11
-3.128
-3.06
-2.885
-2.726
-2.661
-2.586
-2.459
-2.345
-2.286
-2.27
-2.341
-2.454
-2.54
-2.654
-2.86
-2.999
-3.012
-3.033
-3.046
-2.978
-2.847
-2.654
-2.459
-2.298
-2.15
-2.037
-2.035
-2.144
-2.255
-2.391
-2.62
-2.819
-2.924
-3.035
-3.169
-3.234
-3.221
-3.13
-2.971
-2.783
-2.588
-2.4
-2.252
-2.157
-2.125
-2.23
-2.402
-2.558
-2.76
-3.001
-3.207
-3.375
-3.489
-3.534
-3.493
-3.391
-3.253
-3.078
-2.858
-2.656
-2.545
-2.522
-2.486
-2.477
-2.631
-2.883
-3.064
-3.196
-3.364
-3.513
-3.57
-3.559
-3.511
-3.43
-3.332
-3.21
-3.028
-2.838
-2.679
-2.549
-2.513
-2.608
-2.713
-2.776
-2.876
-3.008
-3.128
-3.221
-3.275
-3.293
-3.296
-3.25
-3.137
-2.987
-2.842
-2.742
-2.713
-2.672
-2.561
-2.472
-2.518
-2.57
-2.572
-2.647
-2.822
-2.974
-3.037
-3.021
-2.976
-2.924
-2.842
-2.74
-2.645
-2.536
-2.338
-2.118
-2.078
-2.159
-2.196
-2.234
-2.375
-2.52
-2.613
-2.674
-2.731
-2.792
-2.826
-2.799
-2.69
-2.516
-2.336
-2.209
-2.141
-2.089
-2.062
-2.141
-2.25
-2.28
-2.318
-2.463
-2.638
-2.76
-2.849
-2.903
-2.885
-2.788
-2.656
-2.525
-2.391
-2.282
-2.177
-2.098
-2.091
-2.1
-2.144
-2.302
-2.525
-2.708
-2.831
-2.928
-3.012
-3.082
-3.101
-3.058
-2.994
-2.908
-2.792
-2.665
-2.561
-2.5
-2.527
-2.611
-2.661
-2.672
-2.722
-2.804
-2.865
-2.933
-3.024
-3.103
-3.155
-3.153
-3.121
-3.069
-3.024
-2.956
-2.876
-2.849
-2.833
-2.769
-2.756
-2.844
-2.949
-3.008
-3.089
-3.176
-3.225
-3.253
-3.269
-3.28
-3.282
-3.271
-3.25
-3.191
-3.069
-2.935
-2.894
-2.885
-2.831
-2.797
-2.847
-2.912
-2.969
-3.037
-3.123
-3.203
-3.273
-3.337
-3.362
-3.307
-3.166
-2.976
-2.824
-2.763
-2.708
-2.606
-2.556
-2.558
-2.586
-2.629
-2.722
-2.831
-2.915
-2.978
-3.033
-3.046
-3.019
-2.987
-2.962
-2.885
-2.724
-2.57
-2.497
-2.407
-2.252
-2.205
-2.275
-2.395
-2.513
-2.624
-2.71
-2.776
-2.826
-2.856
-2.856
-2.822
-2.704
-2.509
-2.345
-2.266
-2.189
-2.1
-2.094
-2.15
-2.221
-2.298
-2.37
-2.479
-2.627
-2.763
-2.847
-2.878
-2.84
-2.751
-2.667
-2.584
-2.463
-2.4
-2.373
-2.305
-2.257
-2.275
-2.325
-2.404
-2.506
-2.622
-2.74
-2.828
-2.867
-2.894
-2.924
-2.901
-2.833
-2.756
-2.69
-2.624
-2.518
-2.463
-2.509
-2.552
-2.584
-2.631
-2.681
-2.731
-2.794
-2.849
-2.892
-2.928
-2.944
-2.94
-2.906
-2.801
-2.701
-2.631
-2.547
-2.452
-2.402
-2.361
-2.316
-2.316
-2.359
-2.42
-2.47
-2.504
-2.547
-2.59
-2.554
-2.447
-2.402
-2.395
-2.32
-2.223
-2.146
-2.025
-1.898
-1.824
-1.799
-1.815
-1.871
-1.917
-1.951
-2.05
-2.177
-2.255
-2.323
-2.325
-2.241
-2.153
-2.057
-1.933
-1.817
-1.742
-1.694
-1.653
-1.62
-1.633
-1.64
-1.638
-1.683
-1.794
-1.869
-1.919
-1.948
-1.946
-1.903
-1.84
-1.756
-1.676
-1.592
-1.517
-1.474
-1.474
-1.468
-1.456
-1.517
-1.585
-1.583
-1.567
-1.583
-1.606
-1.635
-1.663
-1.663
-1.64
-1.592
-1.533
-1.454
-1.343
-1.272
-1.263
-1.257
-1.272
-1.304
-1.307
-1.277
-1.27
-1.293
-1.325
-1.365
-1.386
-1.411
-1.431
-1.418
-1.399
-1.438
-1.465
-1.429
-1.331
-1.229
-1.152
-1.12
-1.12
-1.096
-1.046
-1.016
-0.993
-0.962
-0.93
-0.944
-0.973
-1.012
-1.075
-1.139
-1.139
-1.091
-1.025
-0.953
-0.923
-0.903
-0.83
-0.746
-0.692
-0.658
-0.619
-0.633
-0.678
-0.683
-0.674
-0.701
-0.728
-0.748
-0.76
-0.773
-0.744
-0.667
-0.576
-0.451
-0.29
-0.161
-0.1
-0.095
-0.125
-0.154
-0.154
-0.177
-0.229
-0.254
-0.281
-0.336
-0.367
-0.342
-0.304
-0.236
-0.175
-0.136
-0.059
0.054
0.145
0.209
0.259
0.265
0.229
0.181
0.122
0.109
0.145
0.193
0.2
0.206
0.254
0.283
0.272
0.295
0.388
0.465
0.494
0.522
0.528
0.499
0.467
0.456
0.469
0.472
0.429
0.363
0.358
0.42
0.467
0.467
0.465
0.494
0.551
0.608
0.64
0.658
0.721
0.805
0.855
0.885
0.921
0.88
0.769
0.733
0.776
0.773
0.742
0.717
0.71
0.742
0.805
0.871
0.928
0.98
1.016
1.041
1.096
1.166
1.179
1.129
1.098
1.118
1.109
1.055
1.041
1.087
1.184
1.291
1.37
1.42
1.486
1.511
1.481
1.492
1.54
1.522
1.47
1.477
1.508
1.513
1.497
1.497
1.531
1.615
1.69
1.717
1.767
1.862
1.908
1.883
1.849
1.851
1.846
1.812
1.769
1.785
1.855
1.923
1.951
2.019
2.116
2.18
2.184
2.225
2.307
2.305
2.207
2.125
2.1
2.066
1.987
1.917
1.93
2.003
2.039
2.044
2.098
2.212
2.341
2.416
2.454
2.493
2.506
2.454
2.397
2.393
2.366
2.282
2.202
2.193
2.243
2.302
2.318
2.318
2.379
2.456
2.502
2.545
2.611
2.67
2.706
2.701
2.688
2.67
2.622
2.561
2.554
2.602
2.688
2.717
2.717
2.706
2.708
2.729
2.778
2.835
2.901
2.928
2.93
2.974
3.058
3.098
3.078
3.046
3.049
3.055
3.035
3.01
3.003
2.999
2.98
2.974
3.014
3.067
3.064
3.058
3.114
3.198
3.241
3.257
3.241
3.244
3.28
3.275
3.225
3.214
3.219
3.185
3.148
3.203
3.314
3.377
3.396
3.436
3.498
3.491
3.461
3.461
3.457
3.464
3.452
3.441
3.441
3.436
3.373
3.282
3.269
3.332
3.368
3.382
3.414
3.461
3.527
3.575
3.568
3.525
3.489
3.464
3.432
3.434
3.511
3.534
3.466
3.43
3.436
3.414
3.35
3.3
3.323
3.391
3.425
3.414
3.4
3.4
3.38
3.346
3.321
3.33
3.33
3.271
3.196
3.189
3.223
3.223
3.191
3.16
3.151
3.146
3.141
3.194
3.282
3.366
3.414
3.457
3.507
3.491
3.375
3.253
3.223
3.25
3.241
3.189
3.146
3.137
3.144
3.162
3.196
3.253
3.323
3.368
3.373
3.407
3.498
3.534
3.477
3.402
3.352
3.296
3.219
3.185
3.221
3.278
3.321
3.341
3.402
3.473
3.459
3.407
3.427
3.507
3.541
3.5
3.434
3.416
3.418
3.418
3.382
3.33
3.273
3.25
3.234
3.237
3.309
3.393
3.384
3.355
3.35
3.339
3.325
3.312
3.334
3.4
3.436
3.416
3.375
3.389
3.421
3.339
3.228
3.187
3.157
3.051
2.969
2.992
3.089
3.178
3.212
3.212
3.225
3.232
3.214
3.166
3.151
3.185
3.148
3.014
2.86
2.738
2.645
2.604
2.624
2.674
2.72
2.751
2.819
2.924
3.073
3.128
3.058
2.96
2.883
2.769
2.595
2.456
2.407
2.418
2.422
2.418
2.441
2.45
2.461
2.561
2.717
2.842
2.885
2.849
2.763
2.672
2.579
2.5
2.416
2.348
2.325
2.329
2.348
2.418
2.572
2.677
2.667
2.647
2.665
2.667
2.588
2.497
2.484
2.527
2.518
2.434
2.393
2.445
2.468
2.49
2.577
2.665
2.686
2.652
2.593
2.549
2.538
2.527
2.52
2.513
2.534
2.597
2.586
2.529
2.565
2.654
2.677
2.642
2.604
2.54
2.42
2.261
2.13
2.105
2.132
2.1
2.089
2.141
2.214
2.252
2.291
2.325
2.368
2.366
2.307
2.227
2.134
2.044
1.939
1.794
1.694
1.683
1.688
1.71
1.794
1.901
1.992
2.014
1.98
1.935
1.921
1.862
1.756
1.672
1.613
1.531
1.452
1.422
1.465
1.547
1.633
1.735
1.858
1.935
1.942
1.892
1.79
1.694
1.629
1.54
1.456
1.409
1.37
1.359
1.422
1.495
1.57
1.728
1.862
1.928
1.982
2.003
1.951
1.883
1.799
1.724
1.672
1.64
1.629
1.651
1.647
1.71
1.821
1.864
1.883
1.937
1.998
2.046
2.071
2.05
2.037
1.998
1.91
1.858
1.903
1.942
1.955
2.021
2.114
2.189
2.212
2.212
2.221
2.241
2.245
2.261
2.3
2.323
2.352
2.348
2.3
2.295
2.357
2.409
2.443
2.452
2.459
2.438
2.402
2.357
2.35
2.416
2.468
2.531
2.622
2.674
2.704
2.738
2.797
2.849
2.867
2.869
2.885
2.865
2.842
2.84
2.826
2.806
2.851
2.924
2.994
3.049
3.071
3.085
3.135
3.18
3.164
3.164
3.153
3.044
2.949
2.915
2.894
2.883
2.921
2.983
3.012
3.042
3.114
3.212
3.278
3.364
3.459
3.421
3.289
3.176
3.11
3.092
3.096
3.082
3.082
3.094
3.06
3.01
3.085
3.244
3.377
3.475
3.511
3.495
3.48
3.461
3.425
3.393
3.402
3.439
3.45
3.436
3.523
3.636
3.647
3.643
3.74
3.863
3.915
3.881
3.829
3.831
3.906
3.917
3.861
3.876
3.922
3.922
3.91
3.94
4.026
4.137
4.169
4.16
4.167
4.212
4.235
4.233
4.28
4.364
4.378
4.305
4.285
4.362
4.428
4.414
4.416
4.473
4.555
4.611
4.611
4.63
4.725
4.818
4.859
4.865
4.89
4.913
4.913
4.838
4.772
4.788
4.813
4.743
4.62
4.566
4.582
4.589
4.589
4.607
4.668
4.713
4.732
4.747
4.786
4.804
4.788
4.716
4.614
4.512
4.369
4.201
4.128
4.162
4.14
4.037
3.981
3.976
3.969
3.956
3.954
3.974
3.974
3.901
3.765
3.604
3.454
3.348
3.275
3.151
2.987
2.899
2.91
2.912
2.862
2.862
2.91
2.949
2.937
2.885
2.792
2.69
2.584
2.45
2.284
2.144
2.048
1.951
1.846
1.778
1.735
1.663
1.633
1.708
1.767
1.717
1.64
1.592
1.517
1.429
1.325
1.213
1.084
0.998
0.962
0.921
0.862
0.841
0.885
0.898
0.853
0.869
0.966
1.005
0.939
0.891
0.935
0.98
0.968
0.909
0.866
0.839
0.816
0.762
0.71
0.689
0.687
0.66
0.64
0.692
0.778
0.83
0.9
1.03
1.141
1.17
1.168
1.134
1.061
0.98
0.88
0.753
0.649
0.601
0.574
0.565
0.621
0.737
0.894
1.034
1.132
1.286
1.483
1.536
1.438
1.349
1.295
1.22
1.102
0.966
0.846
0.771
0.739
0.735
0.753
0.812
0.919
1.025
1.132
1.227
1.286
1.275
1.25
1.263
1.259
1.152
1.005
0.935
0.905
0.878
0.83
0.792
0.794
0.823
0.869
0.923
0.957
0.955
0.937
0.921
0.857
0.785
0.742
0.68
0.578
0.526
0.524
0.526
0.535
0.556
0.581
0.644
0.678
0.653
0.612
0.587
0.587
0.605
0.583
0.551
0.547
0.563
0.594
0.651
0.685
0.633
0.567
0.528
0.465
0.365
0.299
0.233
0.184
0.152
0.172
0.243
0.336
0.451
0.563
0.646
0.676
0.683
0.678
0.608
0.444
0.268
0.15
0.057
-0.045
-0.084
-0.07
-0.023
0.052
0.159
0.27
0.372
0.479
0.551
0.547
0.501
0.435
0.342
0.249
0.211
0.175
0.086
-0.002
-0.043
-0.052
-0.048
-0.013
0.043
0.082
0.107
0.111
0.136
0.195
0.252
0.243
0.193
0.122
0.057
0.05
0.059
0.02
-0.013
0.013
0.029
0.011
-0.007
-0.011
-0.016
-0.02
-0.016
-0.018
-0.002
0.036
0.122
0.227
0.274
0.259
0.247
0.24
0.191
0.097
0.011
-0.088
-0.202
-0.349
-0.503
-0.633
-0.699
-0.717
-0.726
-0.687
-0.608
-0.519
-0.404
-0.279
-0.236
-0.238
-0.265
-0.358
-0.528
-0.708
-0.857
-0.991
-1.123
-1.232
-1.281
-1.257
-1.17
-1.082
-1.055
-1.027
-0.982
-1.003
-1.087
-1.164
-1.234
-1.293
-1.354
-1.39
-1.413
-1.433
-1.454
-1.465
-1.458
-1.501
-1.62
-1.731
-1.767
-1.821
-1.919
-1.967
-1.942
-1.894
-1.828
-1.769
-1.737
-1.697
-1.644
-1.622
-1.647
-1.69
-1.724
-1.785
-1.88
-1.976
-2.05
-2.137
-2.216
-2.232
-2.205
-2.164
-2.116
-2.069
-2.012
-1.96
-1.919
-1.908
-1.937
-2.001
-2.071
-2.128
-2.184
-2.248
-2.275
-2.305
-2.368
-2.416
-2.432
-2.45
-2.468
-2.432
-2.334
-2.221
-2.13
-2.062
-2.016
-2.028
-2.053
-2.078
-2.177
-2.327
-2.404
-2.413
-2.434
-2.49
-2.516
-2.516
-2.488
-2.452
-2.429
-2.452
-2.495
-2.529
-2.516
-2.47
-2.432
-2.386
-2.298
-2.209
-2.148
-2.084
-2.075
-2.105
-2.114
-2.134
-2.236
-2.397
-2.529
-2.602
-2.661
-2.695
-2.636
-2.497
-2.368
-2.259
-2.159
-2.064
-2.014
-2.032
-2.121
-2.234
-2.361
-2.49
-2.627
-2.781
-2.937
-3.014
-2.976
-2.878
-2.783
-2.674
-2.54
-2.425
-2.361
-2.336
-2.357
-2.434
-2.529
-2.613
-2.677
-2.749
-2.774
-2.763
-2.767
-2.758
-2.733
-2.751
-2.826
-2.881
-2.876
-2.844
-2.824
-2.819
-2.808
-2.831
-2.867
-2.872
-2.844
-2.851
-2.862
-2.826
-2.772
-2.742
-2.679
-2.629
-2.636
-2.706
-2.788
-2.853
-2.93
-3.042
-3.119
-3.157
-3.176
-3.169
-3.114
-3.051
-3.01
-2.915
-2.804
-2.733
-2.697
-2.649
-2.588
-2.558
-2.602
-2.726
-2.903
-3.082
-3.187
-3.225
-3.257
-3.293
-3.273
-3.205
-3.135
-3.037
-2.901
-2.781
-2.717
-2.706
-2.729
-2.749
-2.76
-2.799
-2.874
-2.935
-2.953
-2.906
-2.899
-2.978
-3.062
-3.071
-3.101
-3.173
-3.207
-3.155
-3.078
-3.003
-2.937
-2.842
-2.742
-2.656
-2.59
-2.561
-2.617
-2.754
-2.937
-3.112
-3.25
-3.314
-3.318
-3.316
-3.305
-3.284
-3.241
-3.137
-3.014
-2.876
-2.76
-2.665
-2.574
-2.543
-2.629
-2.774
-2.89
-2.989
-3.085
-3.164
-3.219
-3.223
-3.221
-3.205
-3.146
-3.085
-3.017
-2.921
-2.817
-2.736
-2.658
-2.595
-2.556
-2.57
-2.602
-2.649
-2.733
-2.853
-2.976
-3.078
-3.139
-3.144
-3.098
-2.989
-2.835
-2.665
-2.522
-2.463
-2.488
-2.497
-2.456
-2.49
-2.606
-2.713
-2.783
-2.862
-2.962
-3.064
-3.126
-3.139
-3.089
-3.003
-2.906
-2.838
-2.799
-2.792
-2.808
-2.788
-2.745
-2.717
-2.72
-2.749
-2.815
-2.919
-3.012
-3.06
-3.112
-3.201
-3.253
-3.266
-3.266
-3.273
-3.23
-3.126
-2.978
-2.867
-2.813
-2.788
-2.806
-2.888
-3.012
-3.148
-3.291
-3.393
-3.407
-3.405
-3.445
-3.47
-3.434
-3.305
-3.146
-3.001
-2.888
-2.79
-2.745
-2.745
-2.788
-2.867
-2.951
-3.033
-3.137
-3.201
-3.18
-3.157
-3.196
-3.212
-3.132
-2.999
-2.897
-2.828
-2.767
-2.688
-2.645
-2.638
-2.611
-2.563
-2.574
-2.633
-2.679
-2.69
-2.686
-2.683
-2.686
-2.654
-2.568
-2.481
-2.404
-2.323
-2.264
-2.202
-2.155
-2.15
-2.168
-2.189
-2.216
-2.216
-2.214
-2.291
-2.382
-2.413
-2.409
-2.416
-2.386
-2.293
-2.205
-2.134
-2.039
-1.964
-1.933
-1.937
-1.962
-1.994
-2.046
-2.116
-2.159
-2.155
-2.141
-2.141
-2.182
-2.221
-2.198
-2.162
-2.202
-2.214
-2.139
-2.053
-2.007
-1.976
-1.928
-1.892
-1.914
-2.032
-2.153
-2.245
-2.379
-2.547
-2.629
-2.652
-2.658
-2.642
-2.622
-2.59
-2.511
-2.4
-2.314
-2.259
-2.212
-2.164
-2.157
-2.227
-2.35
-2.461
-2.606
-2.747
-2.84
-2.894
-2.872
-2.813
-2.756
-2.717
-2.661
-2.574
-2.502
-2.506
-2.556
-2.597
-2.658
-2.733
-2.76
-2.758
-2.756
-2.747
-2.731
-2.67
-2.608
-2.558
-2.493
-2.37
-2.234
-2.148
-2.116
-2.141
-2.159
-2.166
-2.198
-2.255
-2.298
-2.318
-2.314
-2.295
-2.227
-2.112
-1.998
-1.971
-1.917
-1.758
-1.629
-1.674
-1.762
-1.796
-1.853
-1.964
-2.075
-2.118
-2.096
-2.037
-1.969
-1.869
-1.692
-1.501
-1.37
-1.281
-1.175
-1.111
-1.109
-1.202
-1.365
-1.504
-1.604
-1.706
-1.801
-1.871
-1.889
-1.851
-1.776
-1.601
-1.368
-1.213
-1.114
-1.009
-0.946
-0.98
-1.077
-1.188
-1.27
-1.3
-1.336
-1.415
-1.481
-1.517
-1.549
-1.531
-1.454
-1.329
-1.213
-1.125
-1.064
-1.032
-1.025
-1.007
-1.021
-1.089
-1.116
-1.141
-1.25
-1.365
-1.411
-1.406
-1.388
-1.352
-1.329
-1.291
-1.209
-1.173
-1.168
-1.164
-1.177
-1.2
-1.211
-1.204
-1.159
-1.087
-1.073
-1.107
-1.12
-1.145
-1.188
-1.248
-1.277
-1.275
-1.257
-1.229
-1.213
-1.218
-1.191
-1.123
-1.055
-0.971
-0.866
-0.825
-0.848
-0.862
-0.9
-0.987
-1.077
-1.132
-1.175
-1.225
-1.261
-1.243
-1.186
-1.12
-1.032
-0.941
-0.771
-0.556
-0.456
-0.467
-0.497
-0.558
-0.653
-0.73
-0.787
-0.823
-0.807
-0.801
-0.846
-0.844
-0.771
-0.694
-0.61
-0.515
-0.415
-0.349
-0.363
-0.39
-0.415
-0.497
-0.574
-0.621
-0.646
-0.633
-0.583
-0.544
-0.51
-0.469
-0.442
-0.374
-0.286
-0.211
-0.156
-0.15
-0.209
-0.243
-0.231
-0.261
-0.336
-0.401
-0.469
-0.522
-0.56
-0.59
-0.612
-0.619
-0.642
-0.642
-0.631
-0.553
-0.429
-0.331
-0.283
-0.247
-0.215
-0.188
-0.209
-0.288
-0.34
-0.317
-0.336
-0.429
-0.463
-0.442
-0.46
-0.467
-0.401
-0.299
-0.229
-0.195
-0.147
-0.122
-0.097
-0.084
-0.12
-0.168
-0.15
-0.143
-0.209
-0.283
-0.327
-0.336
-0.315
-0.281
-0.2
-0.032
0.136
0.209
0.292
0.397
0.453
0.463
0.449
0.417
0.356
0.224
0.088
0.043
0.036
0.009
-0.034
-0.057
0.052
0.259
0.438
0.56
0.633
0.649
0.628
0.578
0.503
0.456
0.438
0.361
0.261
0.22
0.206
0.224
0.27
0.34
0.449
0.533
0.537
0.535
0.572
0.59
0.553
0.474
0.465
0.535
0.515
0.383
0.274
0.236
0.224
0.236
0.236
0.259
0.329
0.354
0.295
0.304
0.372
0.433
0.442
0.397
0.356
0.342
0.308
0.249
0.231
0.243
0.236
0.175
0.122
0.202
0.315
0.376
0.404
0.429
0.44
0.435
0.422
0.406
0.44
0.508
0.519
0.499
0.501
0.497
0.474
0.474
0.508
0.56
0.612
0.626
0.617
0.635
0.68
0.71
0.705
0.71
0.805
0.891
0.914
0.925
0.957
1.003
1.057
1.087
1.089
1.139
1.216
1.204
1.173
1.213
1.259
1.254
1.232
1.218
1.232
1.232
1.216
1.245
1.3
1.286
1.263
1.254
1.261
1.363
1.499
1.565
1.59
1.599
1.59
1.551
1.506
1.508
1.56
1.604
1.558
1.499
1.504
1.49
1.463
1.508
1.617
1.697
1.742
1.776
1.794
1.787
1.747
1.74
1.751
1.688
1.649
1.66
1.597
1.501
1.474
1.504
1.533
1.576
1.656
1.753
1.844
1.885
1.892
1.933
1.944
1.878
1.815
1.781
1.694
1.572
1.479
1.424
1.349
1.257
1.236
1.322
1.42
1.538
1.694
1.792
1.821
1.851
1.842
1.76
1.678
1.601
1.515
1.454
1.422
1.368
1.352
1.37
1.379
1.449
1.572
1.674
1.744
1.794
1.812
1.812
1.744
1.66
1.642
1.613
1.549
1.529
1.513
1.506
1.536
1.57
1.606
1.681
1.776
1.846
1.946
2.039
2.046
2.01
1.982
1.91
1.812
1.753
1.733
1.721
1.735
1.785
1.846
1.878
1.894
1.957
2.035
2.069
2.103
2.118
2.046
1.937
1.851
1.812
1.794
1.776
1.785
1.871
2.014
2.1
2.121
2.155
2.173
2.157
2.164
2.171
2.103
2.019
1.971
1.91
1.792
1.712
1.744
1.783
1.762
1.808
1.901
1.942
1.933
1.933
1.926
1.917
1.894
1.86
1.862
1.917
1.93
1.894
1.867
1.851
1.849
1.883
1.912
1.908
1.926
1.962
1.982
1.957
1.942
1.967
1.989
1.967
1.969
2.019
2.023
2.01
1.998
1.973
1.994
2.046
2.071
2.105
2.214
2.298
2.284
2.25
2.25
2.266
2.309
2.382
2.459
2.518
2.565
2.584
2.579
2.565
2.57
2.579
2.54
2.504
2.52
2.538
2.556
2.584
2.647
2.733
2.804
2.819
2.847
2.933
2.985
2.928
2.856
2.783
2.652
2.518
2.454
2.459
2.488
2.538
2.615
2.713
2.794
2.901
3.019
3.062
3.046
3.051
3.019
2.915
2.778
2.642
2.506
2.411
2.341
2.305
2.334
2.429
2.554
2.627
2.615
2.64
2.692
2.701
2.665
2.602
2.495
2.373
2.27
2.173
2.089
2.055
2.053
2.035
1.976
1.955
2.01
2.03
1.969
1.942
1.957
1.944
1.878
1.787
1.649
1.504
1.372
1.266
1.188
1.143
1.143
1.204
1.302
1.365
1.406
1.454
1.465
1.427
1.409
1.399
1.343
1.27
1.223
1.188
1.175
1.159
1.173
1.195
1.209
1.27
1.368
1.418
1.452
1.536
1.59
1.579
1.563
1.56
1.59
1.629
1.678
1.715
1.71
1.681
1.706
1.803
1.878
1.858
1.817
1.828
1.833
1.855
1.946
2.078
2.177
2.255
2.332
2.441
2.497
2.479
2.411
2.307
2.2
2.175
2.13
2.044
2.012
2.039
2.039
2.039
2.06
2.098
2.141
2.171
2.175
2.144
2.08
2.003
1.955
1.948
1.946
1.896
1.858
1.858
1.84
1.842
1.867
1.889
1.885
1.835
1.765
1.719
1.678
1.62
1.563
1.477
1.359
1.22
1.127
1.107
1.155
1.209
1.261
1.302
1.311
1.3
1.286
1.279
1.293
1.268
1.195
1.116
1.075
1.061
1.032
1.012
1.068
1.15
1.195
1.266
1.381
1.488
1.549
1.572
1.556
1.538
1.529
1.52
1.506
1.483
1.495
1.531
1.597
1.694
1.81
1.942
2.041
2.098
2.134
2.13
2.098
2.096
2.114
2.144
2.214
2.316
2.441
2.59
2.736
2.883
3.028
3.108
3.141
3.176
3.21
3.207
3.176
3.141
3.121
3.108
3.114
3.189
3.282
3.316
3.339
3.409
3.491
3.548
3.632
3.729
3.763
3.709
3.618
3.534
3.423
3.316
3.23
3.153
3.08
3.055
3.064
3.092
3.089
3.103
3.148
3.148
3.117
3.112
3.13
3.105
3.03
2.926
2.813
2.704
2.595
2.511
2.425
2.32
2.293
2.366
2.429
2.422
2.438
2.477
2.488
2.466
2.427
2.407
2.413
2.463
2.529
2.604
2.677
2.765
2.867
2.935
2.971
3.001
2.974
2.874
2.797
2.794
2.808
2.808
2.828
2.894
2.983
3.082
3.182
3.264
3.284
3.28
3.291
3.339
3.373
3.373
3.375
3.389
3.448
3.527
3.582
3.629
3.681
3.749
3.829
3.879
3.849
3.783
3.729
3.677
3.668
3.69
3.665
3.591
3.566
3.618
3.709
3.79
3.84
3.861
3.842
3.826
3.811
3.77
3.693
3.652
3.686
3.727
3.7
3.625
3.554
3.513
3.48
3.432
3.382
3.293
3.201
3.171
3.185
3.189
3.166
3.157
3.173
3.153
3.089
3.044
3.008
2.912
2.792
2.713
2.672
2.631
2.574
2.529
2.475
2.386
2.298
2.223
2.121
1.989
1.876
1.778
1.678
1.613
1.585
1.59
1.62
1.649
1.642
1.563
1.431
1.302
1.179
0.993
0.771
0.601
0.488
0.426
0.415
0.404
0.397
0.424
0.474
0.526
0.542
0.508
0.435
0.32
0.168
0.041
-0.041
-0.12
-0.243
-0.367
-0.426
-0.444
-0.501
-0.587
-0.612
-0.572
-0.558
-0.574
-0.59
-0.653
-0.721
-0.715
-0.687
-0.708
-0.764
-0.81
-0.846
-0.903
-0.944
-0.928
-0.944
-1.007
-1.016
-0.946
-0.903
-0.909
-0.887
-0.819
-0.776
-0.76
-0.776
-0.807
-0.853
-0.894
-0.916
-0.919
-0.909
-0.905
-0.909
-0.894
-0.805
-0.694
-0.637
-0.61
-0.587
-0.576
-0.535
-0.499
-0.503
-0.522
-0.515
-0.481
-0.433
-0.367
-0.304
-0.27
-0.22
-0.127
-0.039
-0.036
-0.054
-0.054
-0.07
-0.093
-0.066
-0.032
-0.036
-0.036
0.011
0.052
0.039
-0.011
-0.041
-0.093
-0.127
-0.097
-0.05
-0.072
-0.079
-0.016
0.018
0.02
0.036
0.057
0.072
0.07
0.075
0.041
-0.045
-0.147
-0.152
-0.113
-0.136
-0.163
-0.129
-0.131
-0.229
-0.358
-0.417
-0.456
-0.535
-0.628
-0.642
-0.655
-0.733
-0.848
-0.919
-0.964
-1.021
-1.087
-1.109
-1.139
-1.245
-1.356
-1.431
-1.501
-1.581
-1.656
-1.703
-1.728
-1.737
-1.769
-1.837
-1.953
-2.053
-2.098
-2.144
-2.236
-2.295
-2.286
-2.3
-2.391
-2.461
-2.475
-2.488
-2.472
-2.411
-2.386
-2.436
-2.522
-2.62
-2.69
-2.72
-2.742
-2.788
-2.806
-2.71
-2.547
-2.463
-2.407
-2.354
-2.338
-2.329
-2.291
-2.239
-2.234
-2.27
-2.28
-2.239
-2.198
-2.168
-2.096
-2.019
-1.976
-1.91
-1.808
-1.778
-1.821
-1.828
-1.758
-1.629
-1.486
-1.359
-1.272
-1.248
-1.236
-1.186
-1.08
-1.03
-1.084
-1.075
-1
-0.955
-0.919
-0.862
-0.844
-0.814
-0.712
-0.583
-0.483
-0.451
-0.426
-0.404
-0.42
-0.46
-0.465
-0.472
-0.51
-0.451
-0.347
-0.322
-0.372
-0.39
-0.358
-0.324
-0.322
-0.338
-0.361
-0.388
-0.435
-0.472
-0.476
-0.526
-0.633
-0.689
-0.667
-0.642
-0.637
-0.649
-0.724
-0.832
-0.909
-0.948
-0.973
-1.003
-1.052
-1.116
-1.157
-1.175
-1.209
-1.279
-1.356
-1.368
-1.347
-1.422
-1.57
-1.665
-1.701
-1.721
-1.717
-1.717
-1.724
-1.703
-1.683
-1.706
-1.756
-1.849
-1.971
-2.005
-1.989
-2.032
-2.075
-2.055
-2.071
-2.125
-2.175
-2.223
-2.248
-2.216
-2.168
-2.118
-2.073
-2.001
-1.921
-1.919
-1.948
-1.869
-1.758
-1.79
-1.928
-2.03
-2.084
-2.105
-2.13
-2.144
-2.157
-2.153
-2.094
-2.014
-1.98
-1.955
-1.903
-1.792
-1.647
-1.608
-1.66
-1.719
-1.792
-1.876
-1.933
-1.969
-2.028
-2.019
-1.948
-1.876
-1.772
-1.622
-1.452
-1.327
-1.288
-1.245
-1.166
-1.218
-1.365
-1.44
-1.508
-1.638
-1.724
-1.762
-1.803
-1.819
-1.817
-1.769
-1.697
-1.665
-1.644
-1.524
-1.347
-1.261
-1.238
-1.243
-1.32
-1.388
-1.404
-1.49
-1.642
-1.79
-1.885
-1.926
-1.973
-1.998
-1.921
-1.805
-1.71
-1.581
-1.465
-1.49
-1.592
-1.66
-1.717
-1.805
-1.933
-2.064
-2.182
-2.275
-2.336
-2.361
-2.364
-2.37
-2.382
-2.314
-2.187
-2.112
-2.089
-2.046
-2.037
-2.103
-2.162
-2.221
-2.327
-2.452
-2.57
-2.652
-2.695
-2.726
-2.731
-2.69
-2.649
-2.572
-2.443
-2.418
-2.468
-2.436
-2.384
-2.373
-2.379
-2.443
-2.563
-2.672
-2.756
-2.847
-2.937
-3.037
-3.11
-3.024
-2.844
-2.731
-2.649
-2.5
-2.343
-2.275
-2.266
-2.289
-2.334
-2.425
-2.556
-2.667
-2.763
-2.849
-2.897
-2.924
-2.933
-2.862
-2.731
-2.665
-2.64
-2.52
-2.35
-2.264
-2.248
-2.227
-2.248
-2.327
-2.427
-2.538
-2.624
-2.72
-2.808
-2.806
-2.715
-2.688
-2.672
-2.536
-2.343
-2.189
-2.071
-1.989
-1.969
-1.98
-2.039
-2.137
-2.227
-2.289
-2.345
-2.409
-2.409
-2.397
-2.447
-2.468
-2.382
-2.232
-2.087
-1.987
-1.901
-1.833
-1.778
-1.776
-1.894
-2.005
-2.023
-2.064
-2.116
-2.114
-2.13
-2.168
-2.173
-2.116
-2.05
-1.969
-1.867
-1.749
-1.644
-1.601
-1.617
-1.642
-1.737
-1.896
-2.016
-2.064
-2.089
-2.125
-2.193
-2.284
-2.325
-2.286
-2.23
-2.193
-2.107
-1.962
-1.892
-1.83
-1.778
-1.803
-1.88
-1.982
-2.1
-2.223
-2.364
-2.529
-2.654
-2.67
-2.665
-2.615
-2.502
-2.418
-2.359
-2.232
-2.091
-2.014
-2.014
-2.075
-2.166
-2.273
-2.395
-2.558
-2.776
-2.928
-2.989
-3.012
-2.951
-2.853
-2.745
-2.593
-2.382
-2.209
-2.096
-2.048
-2.041
-2.044
-2.053
-2.13
-2.232
-2.368
-2.588
-2.765
-2.806
-2.788
-2.756
-2.663
-2.509
-2.35
-2.175
-2.048
-2.007
-1.973
-1.901
-1.883
-1.926
-1.992
-2.103
-2.232
-2.336
-2.386
-2.375
-2.329
-2.261
-2.144
-1.957
-1.792
-1.69
-1.59
-1.542
-1.554
-1.565
-1.572
-1.626
-1.717
-1.828
-1.914
-1.951
-1.953
-1.964
-1.989
-1.908
-1.715
-1.576
-1.492
-1.429
-1.427
-1.418
-1.399
-1.418
-1.458
-1.497
-1.538
-1.56
-1.545
-1.558
-1.574
-1.579
-1.622
-1.633
-1.585
-1.558
-1.558
-1.54
-1.52
-1.536
-1.563
-1.572
-1.631
-1.712
-1.706
-1.642
-1.629
-1.62
-1.604
-1.62
-1.626
-1.61
-1.622
-1.658
-1.703
-1.735
-1.717
-1.644
-1.604
-1.563
-1.513
-1.497
-1.488
-1.461
-1.456
-1.49
-1.527
-1.56
-1.613
-1.699
-1.808
-1.926
-2.001
-1.957
-1.889
-1.817
-1.694
-1.565
-1.472
-1.402
-1.356
-1.331
-1.331
-1.377
-1.415
-1.447
-1.499
-1.563
-1.597
-1.649
-1.708
-1.697
-1.624
-1.558
-1.49
-1.393
-1.288
-1.218
-1.186
-1.198
-1.252
-1.286
-1.236
-1.236
-1.32
-1.399
-1.44
-1.433
-1.379
-1.322
-1.238
-1.136
-1.03
-0.939
-0.864
-0.821
-0.773
-0.737
-0.746
-0.783
-0.81
-0.882
-0.989
-1.066
-1.109
-1.12
-1.08
-1.014
-0.946
-0.882
-0.778
-0.655
-0.601
-0.581
-0.551
-0.522
-0.526
-0.549
-0.61
-0.71
-0.81
-0.9
-0.971
-0.989
-0.968
-0.962
-0.946
-0.837
-0.671
-0.563
-0.533
-0.503
-0.433
-0.399
-0.458
-0.565
-0.678
-0.812
-0.953
-1.075
-1.17
-1.245
-1.307
-1.313
-1.275
-1.202
-1.109
-0.98
-0.819
-0.705
-0.642
-0.617
-0.649
-0.773
-0.955
-1.143
-1.277
-1.352
-1.443
-1.549
-1.579
-1.511
-1.399
-1.27
-1.116
-0.962
-0.846
-0.726
-0.619
-0.592
-0.676
-0.844
-1.023
-1.177
-1.318
-1.465
-1.57
-1.59
-1.533
-1.458
-1.325
-1.118
-0.909
-0.728
-0.558
-0.406
-0.308
-0.295
-0.399
-0.54
-0.628
-0.705
-0.807
-0.909
-0.953
-0.946
-0.887
-0.785
-0.633
-0.467
-0.311
-0.159
0.007
0.111
0.125
0.057
-0.039
-0.12
-0.252
-0.429
-0.61
-0.724
-0.703
-0.599
-0.469
-0.338
-0.218
-0.082
0.066
0.197
0.27
0.281
0.218
0.095
-0.043
-0.179
-0.274
-0.345
-0.467
-0.569
-0.581
-0.549
-0.515
-0.456
-0.317
-0.129
-0.002
0.036
0.016
-0.036
-0.104
-0.181
-0.274
-0.361
-0.481
-0.617
-0.712
-0.755
-0.796
-0.816
-0.819
-0.776
-0.717
-0.68
-0.651
-0.64
-0.676
-0.751
-0.839
-0.939
-1.055
-1.159
-1.232
-1.304
-1.354
-1.377
-1.379
-1.352
-1.279
-1.141
-0.987
-0.923
-0.946
-0.971
-0.957
-0.955
-0.987
-1.048
-1.105
-1.161
-1.213
-1.245
-1.266
-1.259
-1.177
-1.018
-0.894
-0.844
-0.78
-0.703
-0.603
-0.492
-0.385
-0.324
-0.345
-0.431
-0.494
-0.494
-0.481
-0.469
-0.451
-0.424
-0.363
-0.261
-0.134
0
0.165
0.311
0.42
0.51
0.547
0.526
0.515
0.528
0.54
0.513
0.479
0.456
0.503
0.637
0.839
1.055
1.268
1.47
1.64
1.785
1.862
1.892
1.867
1.785
1.678
1.608
1.567
1.527
1.529
1.608
1.721
1.853
2.012
2.191
2.379
2.584
2.729
2.774
2.74
2.656
2.545
2.434
2.361
2.329
2.291
2.243
2.193
2.218
2.329
2.527
2.724
2.903
3.037
3.119
3.135
3.123
3.128
3.117
3.033
2.849
2.627
2.438
2.298
2.227
2.257
2.354
2.475
2.556
2.64
2.76
2.906
3.064
3.196
3.275
3.278
3.194
3.053
2.912
2.769
2.64
2.516
2.395
2.323
2.314
2.366
2.475
2.642
2.851
3.03
3.139
3.16
3.176
3.244
3.302
3.253
3.128
2.992
2.838
2.661
2.516
2.466
2.488
2.549
2.608
2.692
2.79
2.865
2.921
3.01
3.087
3.101
3.071
3.005
2.974
2.958
2.89
2.794
2.72
2.652
2.608
2.606
2.615
2.649
2.715
2.751
2.76
2.801
2.842
2.847
2.872
2.935
2.946
2.86
2.74
2.686
2.695
2.717
2.756
2.758
2.71
2.642
2.617
2.652
2.701
2.726
2.745
2.747
2.731
2.692
2.649
2.629
2.608
2.615
2.701
2.765
2.756
2.71
2.701
2.72
2.71
2.606
2.488
2.393
2.343
2.368
2.443
2.5
2.493
2.443
2.411
2.459
2.565
2.663
2.726
2.754
2.733
2.695
2.62
2.52
2.438
2.391
2.37
2.354
2.338
2.3
2.257
2.27
2.393
2.54
2.602
2.624
2.69
2.774
2.853
2.89
2.835
2.717
2.602
2.509
2.463
2.466
2.454
2.42
2.429
2.463
2.54
2.665
2.769
2.826
2.881
2.983
3.055
3.024
2.919
2.872
2.867
2.84
2.797
2.745
2.683
2.658
2.729
2.894
3.067
3.178
3.26
3.398
3.582
3.706
3.756
3.772
3.761
3.72
3.67
3.584
3.466
3.375
3.357
3.4
3.477
3.57
3.656
3.731
3.874
4.128
4.375
4.484
4.491
4.473
4.455
4.409
4.355
4.312
4.292
4.235
4.13
4.069
4.099
4.153
4.228
4.35
4.48
4.582
4.659
4.702
4.684
4.616
4.582
4.555
4.437
4.319
4.298
4.317
4.289
4.28
4.337
4.423
4.478
4.541
4.643
4.75
4.763
4.679
4.63
4.62
4.557
4.475
4.412
4.357
4.312
4.267
4.217
4.196
4.169
4.133
4.081
4.053
4.076
4.121
4.133
4.121
4.158
4.185
4.144
4.076
4.056
4.092
4.11
4.017
3.888
3.815
3.704
3.559
3.468
3.43
3.4
3.396
3.412
3.427
3.43
3.427
3.468
3.516
3.52
3.518
3.489
3.382
3.293
3.273
3.255
3.185
3.105
3.073
3.076
3.085
3.078
3.067
3.103
3.171
3.203
3.214
3.253
3.307
3.368
3.439
3.477
3.432
3.328
3.23
3.164
3.132
3.126
3.053
2.953
2.969
3.08
3.198
3.296
3.434
3.597
3.7
3.729
3.763
3.793
3.765
3.731
3.704
3.593
3.439
3.337
3.23
3.094
3.035
3.092
3.191
3.278
3.334
3.393
3.486
3.609
3.74
3.836
3.879
3.842
3.754
3.729
3.702
3.552
3.323
3.123
3.003
2.91
2.844
2.817
2.858
3.001
3.255
3.504
3.604
3.62
3.681
3.747
3.763
3.722
3.575
3.318
3.03
2.81
2.686
2.593
2.506
2.441
2.463
2.638
2.826
2.89
2.971
3.105
3.194
3.198
3.153
3.06
2.94
2.808
2.688
2.577
2.475
2.411
2.386
2.327
2.332
2.488
2.624
2.677
2.742
2.858
2.96
3.024
3.033
3.001
2.944
2.84
2.708
2.595
2.513
2.434
2.366
2.395
2.479
2.547
2.593
2.627
2.674
2.749
2.822
2.853
2.806
2.742
2.738
2.76
2.733
2.697
2.699
2.695
2.697
2.772
2.865
2.91
2.881
2.84
2.844
2.872
2.869
2.822
2.733
2.681
2.649
2.577
2.552
2.57
2.581
2.611
2.679
2.729
2.756
2.722
2.633
2.588
2.599
2.615
2.595
2.477
2.352
2.334
2.314
2.221
2.109
2.048
2.023
2.019
2.041
2.055
2.06
2.084
2.137
2.153
2.134
2.057
1.914
1.815
1.785
1.692
1.524
1.377
1.3
1.32
1.384
1.424
1.461
1.529
1.656
1.785
1.808
1.79
1.785
1.71
1.554
1.395
1.257
1.145
1.066
1.012
0.987
1.016
1.061
1.082
1.107
1.188
1.25
1.234
1.236
1.263
1.2
1.075
0.939
0.848
0.819
0.805
0.769
0.746
0.787
0.9
1.03
1.064
1.05
1.089
1.089
0.991
0.891
0.839
0.794
0.742
0.708
0.689
0.662
0.628
0.621
0.662
0.783
0.869
0.853
0.857
0.937
1.005
0.998
0.93
0.851
0.81
0.796
0.753
0.696
0.676
0.71
0.769
0.755
0.687
0.669
0.628
0.544
0.506
0.51
0.533
0.59
0.608
0.594
0.585
0.585
0.513
0.399
0.347
0.304
0.2
0.093
0.027
-0.059
-0.141
-0.165
-0.129
-0.048
0.013
0.039
0.063
0.079
0.063
0.072
0.063
-0.05
-0.193
-0.29
-0.438
-0.617
-0.737
-0.771
-0.748
-0.705
-0.66
-0.637
-0.601
-0.524
-0.444
-0.397
-0.411
-0.449
-0.537
-0.721
-0.909
-1.009
-1.091
-1.184
-1.252
-1.297
-1.309
-1.286
-1.243
-1.168
-1.021
-0.846
-0.728
-0.655
-0.653
-0.789
-0.953
-1.055
-1.136
-1.229
-1.331
-1.431
-1.477
-1.468
-1.436
-1.375
-1.27
-1.166
-1.114
-1.125
-1.182
-1.236
-1.297
-1.37
-1.365
-1.281
-1.275
-1.359
-1.445
-1.517
-1.531
-1.479
-1.463
-1.515
-1.59
-1.635
-1.665
-1.672
-1.724
-1.772
-1.721
-1.656
-1.678
-1.699
-1.699
-1.699
-1.701
-1.699
-1.758
-1.883
-2.012
-2.134
-2.261
-2.364
-2.411
-2.402
-2.42
-2.443
-2.368
-2.245
-2.189
-2.168
-2.118
-2.098
-2.153
-2.25
-2.37
-2.525
-2.674
-2.774
-2.79
-2.747
-2.742
-2.794
-2.794
-2.745
-2.717
-2.683
-2.631
-2.633
-2.697
-2.788
-2.883
-3.008
-3.137
-3.246
-3.332
-3.421
-3.473
-3.47
-3.491
-3.532
-3.441
-3.282
-3.176
-3.139
-3.155
-3.246
-3.352
-3.457
-3.57
-3.686
-3.747
-3.752
-3.697
-3.636
-3.636
-3.638
-3.55
-3.473
-3.47
-3.486
-3.498
-3.552
-3.629
-3.688
-3.768
-3.831
-3.845
-3.82
-3.79
-3.795
-3.797
-3.756
-3.706
-3.634
-3.511
-3.441
-3.464
-3.504
-3.573
-3.652
-3.67
-3.656
-3.674
-3.709
-3.743
-3.743
-3.672
-3.584
-3.586
-3.613
-3.584
-3.561
-3.595
-3.652
-3.693
-3.713
-3.743
-3.756
-3.77
-3.804
-3.849
-3.876
-3.899
-3.92
-3.913
-3.929
-3.992
-4.013
-3.945
-3.885
-3.876
-3.888
-3.917
-3.96
-4.031
-4.09
-4.101
-4.158
-4.233
-4.237
-4.198
-4.196
-4.264
-4.305
-4.264
-4.23
-4.253
-4.255
-4.248
-4.246
-4.276
-4.341
-4.405
-4.464
-4.5
-4.527
-4.582
-4.695
-4.768
-4.793
-4.841
-4.856
-4.781
-4.7
-4.65
-4.639
-4.663
-4.716
-4.734
-4.727
-4.745
-4.829
-4.942
-5.024
-5.056
-5.101
-5.187
-5.199
-5.135
-5.092
-5.074
-5.038
-5.015
-5.038
-5.024
-4.986
-4.99
-5.058
-5.138
-5.201
-5.283
-5.405
-5.496
-5.553
-5.591
-5.564
-5.501
-5.453
-5.421
-5.369
-5.308
-5.26
-5.235
-5.226
-5.24
-5.305
-5.367
-5.355
-5.324
-5.362
-5.437
-5.444
-5.457
-5.516
-5.539
-5.494
-5.433
-5.421
-5.428
-5.421
-5.414
-5.405
-5.392
-5.378
-5.371
-5.401
-5.466
-5.514
-5.537
-5.559
-5.566
-5.569
-5.585
-5.627
-5.682
-5.702
-5.627
-5.48
-5.362
-5.315
-5.299
-5.294
-5.328
-5.387
-5.489
-5.559
-5.582
-5.634
-5.711
-5.764
-5.805
-5.818
-5.773
-5.675
-5.582
-5.53
-5.473
-5.421
-5.417
-5.43
-5.423
-5.437
-5.487
-5.564
-5.637
-5.671
-5.7
-5.707
-5.68
-5.618
-5.516
-5.394
-5.349
-5.401
-5.448
-5.444
-5.473
-5.521
-5.564
-5.591
-5.618
-5.664
-5.691
-5.65
-5.609
-5.605
-5.596
-5.541
-5.51
-5.55
-5.603
-5.575
-5.546
-5.58
-5.648
-5.675
-5.709
-5.727
-5.702
-5.623
-5.537
-5.471
-5.43
-5.394
-5.365
-5.378
-5.421
-5.496
-5.557
-5.578
-5.6
-5.657
-5.711
-5.707
-5.627
-5.523
-5.435
-5.392
-5.389
-5.369
-5.33
-5.324
-5.346
-5.367
-5.376
-5.403
-5.473
-5.573
-5.641
-5.639
-5.598
-5.505
-5.371
-5.253
-5.158
-5.083
-5.035
-4.997
-4.967
-4.99
-5.09
-5.203
-5.271
-5.317
-5.378
-5.401
-5.33
-5.208
-5.113
-5.074
-5.017
-4.94
-4.902
-4.904
-4.863
-4.777
-4.754
-4.863
-4.995
-5.033
-4.997
-4.945
-4.899
-4.843
-4.763
-4.65
-4.55
-4.521
-4.512
-4.491
-4.546
-4.639
-4.689
-4.704
-4.768
-4.854
-4.868
-4.793
-4.691
-4.623
-4.575
-4.546
-4.505
-4.478
-4.493
-4.523
-4.493
-4.437
-4.407
-4.416
-4.446
-4.473
-4.5
-4.473
-4.405
-4.332
-4.267
-4.194
-4.158
-4.142
-4.124
-4.13
-4.176
-4.203
-4.171
-4.126
-4.103
-4.119
-4.133
-4.074
-3.94
-3.817
-3.763
-3.763
-3.777
-3.783
-3.79
-3.802
-3.758
-3.713
-3.715
-3.722
-3.681
-3.636
-3.627
-3.62
-3.548
-3.43
-3.307
-3.244
-3.248
-3.273
-3.291
-3.359
-3.477
-3.563
-3.559
-3.523
-3.484
-3.461
-3.418
-3.305
-3.151
-3.028
-2.953
-2.91
-2.921
-2.978
-3.046
-3.051
-3.014
-3.017
-3.021
-2.956
-2.865
-2.774
-2.683
-2.608
-2.558
-2.49
-2.393
-2.341
-2.352
-2.382
-2.416
-2.477
-2.538
-2.549
-2.531
-2.484
-2.409
-2.311
-2.182
-2.075
-2.03
-2.028
-2.023
-2.014
-2.069
-2.177
-2.25
-2.273
-2.28
-2.27
-2.227
-2.141
-2.021
-1.926
-1.855
-1.717
-1.57
-1.558
-1.64
-1.694
-1.758
-1.855
-1.93
-1.987
-2.06
-2.112
-2.098
-2.037
-1.976
-1.885
-1.762
-1.644
-1.515
-1.354
-1.252
-1.254
-1.311
-1.372
-1.445
-1.529
-1.62
-1.685
-1.69
-1.638
-1.554
-1.481
-1.409
-1.279
-1.089
-0.977
-1.046
-1.188
-1.281
-1.359
-1.452
-1.547
-1.601
-1.62
-1.615
-1.579
-1.504
-1.37
-1.191
-1.037
-0.912
-0.767
-0.64
-0.635
-0.733
-0.846
-0.916
-0.977
-1.071
-1.152
-1.143
-1.041
-0.937
-0.823
-0.637
-0.456
-0.397
-0.406
-0.376
-0.338
-0.363
-0.453
-0.551
-0.617
-0.631
-0.615
-0.644
-0.667
-0.59
-0.447
-0.352
-0.249
-0.104
-0.027
-0.045
-0.075
-0.104
-0.134
-0.195
-0.29
-0.372
-0.361
-0.345
-0.347
-0.329
-0.272
-0.191
-0.077
0.023
0.057
0.043
0.009
-0.036
-0.079
-0.141
-0.233
-0.333
-0.383
-0.347
-0.281
-0.165
0.016
0.179
0.308
0.408
0.46
0.435
0.358
0.281
0.243
0.224
0.159
0.039
-0.011
0.023
0.052
0.077
0.222
0.456
0.605
0.635
0.637
0.683
0.715
0.658
0.542
0.438
0.374
0.34
0.277
0.24
0.32
0.472
0.59
0.683
0.769
0.814
0.805
0.773
0.801
0.896
0.959
0.944
0.914
0.914
0.871
0.814
0.792
0.851
0.944
0.957
0.898
0.882
0.907
0.914
0.896
0.864
0.878
0.928
0.905
0.869
0.905
0.982
1.037
1.066
1.098
1.118
1.109
1.077
1.052
1.071
1.098
1.127
1.188
1.204
1.132
1.061
1.071
1.111
1.145
1.173
1.204
1.229
1.223
1.168
1.102
1.05
1.052
1.091
1.107
1.134
1.202
1.254
1.254
1.248
1.309
1.404
1.465
1.515
1.57
1.576
1.522
1.499
1.533
1.529
1.483
1.445
1.418
1.429
1.465
1.465
1.452
1.504
1.54
1.495
1.461
1.452
1.427
1.393
1.354
1.32
1.34
1.375
1.375
1.347
1.336
1.372
1.424
1.474
1.57
1.688
1.708
1.663
1.681
1.735
1.742
1.683
1.635
1.644
1.649
1.536
1.345
1.279
1.329
1.345
1.34
1.399
1.465
1.506
1.551
1.644
1.785
1.898
1.93
1.964
1.967
1.919
1.855
1.767
1.665
1.604
1.599
1.617
1.644
1.672
1.694
1.721
1.742
1.699
1.649
1.66
1.656
1.633
1.638
1.629
1.592
1.558
1.536
1.563
1.644
1.721
1.774
1.787
1.776
1.826
1.864
1.758
1.622
1.549
1.529
1.49
1.468
1.499
1.556
1.567
1.506
1.479
1.59
1.678
1.647
1.622
1.66
1.688
1.674
1.61
1.533
1.49
1.501
1.558
1.62
1.647
1.694
1.744
1.699
1.647
1.658
1.683
1.724
1.769
1.785
1.731
1.638
1.583
1.604
1.681
1.747
1.753
1.776
1.83
1.835
1.805
1.794
1.776
1.756
1.742
1.726
1.721
1.735
1.778
1.846
1.871
1.833
1.855
1.91
1.898
1.86
1.869
1.93
1.969
1.942
1.869
1.808
1.812
1.794
1.776
1.801
1.824
1.826
1.83
1.828
1.815
1.778
1.724
1.69
1.692
1.715
1.772
1.776
1.685
1.638
1.674
1.701
1.678
1.653
1.635
1.608
1.576
1.513
1.436
1.443
1.438
1.37
1.372
1.44
1.465
1.477
1.504
1.554
1.608
1.624
1.599
1.567
1.522
1.468
1.413
1.286
1.143
1.129
1.177
1.216
1.245
1.295
1.356
1.418
1.42
1.39
1.427
1.488
1.463
1.431
1.458
1.472
1.456
1.422
1.386
1.379
1.427
1.486
1.572
1.606
1.599
1.62
1.615
1.524
1.477
1.477
1.418
1.307
1.259
1.268
1.3
1.343
1.384
1.474
1.622
1.669
1.658
1.706
1.783
1.801
1.749
1.638
1.513
1.395
1.277
1.202
1.204
1.266
1.365
1.458
1.486
1.531
1.633
1.742
1.81
1.817
1.756
1.653
1.536
1.354
1.175
1.141
1.148
1.127
1.179
1.279
1.368
1.447
1.529
1.576
1.595
1.588
1.549
1.488
1.447
1.402
1.302
1.216
1.248
1.331
1.309
1.236
1.232
1.257
1.268
1.25
1.223
1.186
1.136
1.059
0.971
0.903
0.88
0.864
0.771
0.696
0.73
0.778
0.742
0.696
0.703
0.712
0.701
0.667
0.617
0.556
0.524
0.531
0.547
0.547
0.524
0.483
0.476
0.497
0.479
0.474
0.524
0.526
0.438
0.388
0.435
0.515
0.578
0.605
0.624
0.637
0.633
0.628
0.669
0.683
0.619
0.499
0.426
0.474
0.572
0.583
0.587
0.689
0.803
0.83
0.876
0.993
1.064
1.075
1.082
1.089
1.066
1.039
1.05
1.096
1.143
1.132
1.08
1.127
1.243
1.309
1.345
1.429
1.542
1.638
1.71
1.733
1.728
1.712
1.681
1.64
1.615
1.624
1.604
1.504
1.422
1.477
1.563
1.588
1.638
1.767
1.864
1.903
1.93
1.951
1.923
1.887
1.869
1.858
1.819
1.753
1.701
1.724
1.787
1.849
1.919
2.039
2.123
2.069
1.98
1.978
1.994
1.989
1.957
1.901
1.842
1.799
1.762
1.724
1.69
1.676
1.644
1.576
1.57
1.649
1.688
1.656
1.649
1.694
1.681
1.595
1.542
1.558
1.601
1.604
1.583
1.581
1.59
1.597
1.617
1.64
1.667
1.683
1.721
1.747
1.701
1.585
1.506
1.433
1.345
1.291
1.304
1.327
1.356
1.397
1.433
1.486
1.576
1.681
1.721
1.69
1.694
1.719
1.656
1.581
1.604
1.617
1.56
1.517
1.522
1.556
1.608
1.699
1.837
1.955
2.021
2.057
2.087
2.103
2.048
1.969
1.948
1.898
1.749
1.601
1.547
1.567
1.64
1.762
1.898
2.039
2.157
2.261
2.332
2.359
2.357
2.307
2.187
2.073
2.025
1.998
1.93
1.908
1.969
2.048
2.141
2.248
2.345
2.454
2.552
2.636
2.679
2.654
2.593
2.531
2.506
2.454
2.364
2.334
2.393
2.411
2.357
2.361
2.436
2.495
2.561
2.686
2.824
2.928
2.996
3.055
3.114
3.153
3.148
3.092
3.005
2.951
2.937
2.872
2.724
2.638
2.633
2.642
2.661
2.722
2.853
3.019
3.185
3.346
3.468
3.538
3.563
3.561
3.563
3.532
3.4
3.266
3.214
3.185
3.117
3.08
3.105
3.178
3.275
3.38
3.491
3.593
3.711
3.831
3.913
3.922
3.872
3.799
3.69
3.566
3.439
3.323
3.239
3.203
3.178
3.169
3.269
3.445
3.618
3.768
3.94
4.101
4.203
4.239
4.246
4.223
4.126
3.942
3.736
3.563
3.439
3.318
3.225
3.232
3.314
3.445
3.602
3.747
3.897
4.017
4.083
4.11
4.072
3.972
3.817
3.67
3.525
3.368
3.221
3.112
3.055
3.06
3.096
3.155
3.26
3.386
3.486
3.616
3.752
3.811
3.749
3.636
3.534
3.427
3.282
3.135
3.01
2.908
2.81
2.733
2.71
2.765
2.865
2.96
3.071
3.221
3.359
3.482
3.566
3.575
3.527
3.457
3.373
3.244
3.069
2.908
2.801
2.726
2.683
2.677
2.695
2.738
2.833
2.983
3.146
3.302
3.47
3.552
3.568
3.62
3.668
3.618
3.473
3.284
3.11
2.942
2.765
2.638
2.584
2.595
2.681
2.831
3.01
3.214
3.427
3.627
3.815
3.91
3.897
3.804
3.634
3.396
3.151
2.974
2.801
2.617
2.527
2.543
2.604
2.681
2.804
2.974
3.146
3.239
3.257
3.26
3.228
3.171
3.114
3.005
2.878
2.81
2.733
2.631
2.572
2.59
2.588
2.547
2.563
2.652
2.736
2.776
2.804
2.901
3.01
3.042
3.003
2.951
2.881
2.769
2.656
2.561
2.454
2.332
2.232
2.187
2.175
2.187
2.245
2.329
2.397
2.452
2.504
2.534
2.543
2.545
2.502
2.432
2.348
2.234
2.139
2.037
1.996
1.996
1.976
1.942
1.939
1.957
1.964
1.976
2.048
2.18
2.282
2.298
2.275
2.268
2.275
2.232
2.148
2.055
1.93
1.819
1.783
1.758
1.765
1.883
2.055
2.18
2.275
2.384
2.459
2.463
2.429
2.366
2.268
2.141
1.994
1.855
1.749
1.674
1.663
1.756
1.887
2.019
2.184
2.343
2.42
2.429
2.445
2.45
2.379
2.261
2.162
2.062
1.955
1.858
1.83
1.889
1.994
2.071
2.118
2.159
2.198
2.248
2.293
2.298
2.282
2.255
2.187
2.1
2.044
1.985
1.898
1.796
1.701
1.644
1.644
1.644
1.656
1.681
1.715
1.756
1.817
1.887
1.91
1.933
1.971
1.976
1.903
1.781
1.665
1.542
1.395
1.27
1.227
1.207
1.166
1.155
1.213
1.279
1.311
1.318
1.302
1.268
1.252
1.254
1.252
1.234
1.223
1.188
1.093
0.953
0.844
0.737
0.574
0.399
0.345
0.363
0.365
0.367
0.44
0.565
0.653
0.705
0.796
0.866
0.86
0.828
0.783
0.692
0.533
0.331
0.143
-0.011
-0.138
-0.186
-0.172
-0.12
-0.054
0.054
0.175
0.27
0.347
0.397
0.395
0.401
0.417
0.397
0.304
0.222
0.145
0.048
-0.091
-0.186
-0.222
-0.218
-0.245
-0.272
-0.256
-0.202
-0.175
-0.127
-0.023
0.066
0.057
0.054
0.12
0.141
0.079
0.02
-0.041
-0.131
-0.245
-0.347
-0.429
-0.503
-0.567
-0.585
-0.567
-0.565
-0.517
-0.397
-0.283
-0.197
-0.079
0.057
0.113
0.104
0.104
0.054
-0.097
-0.256
-0.395
-0.56
-0.737
-0.894
-1.016
-1.109
-1.157
-1.161
-1.071
-0.898
-0.721
-0.506
-0.295
-0.17
-0.141
-0.125
-0.125
-0.188
-0.304
-0.472
-0.671
-0.851
-0.973
-1.114
-1.272
-1.354
-1.347
-1.313
-1.218
-1.037
-0.819
-0.633
-0.506
-0.417
-0.367
-0.408
-0.54
-0.644
-0.724
-0.887
-1.093
-1.257
-1.39
-1.542
-1.649
-1.658
-1.604
-1.513
-1.399
-1.227
-1.003
-0.767
-0.61
-0.549
-0.533
-0.596
-0.753
-0.937
-1.125
-1.309
-1.49
-1.658
-1.803
-1.894
-1.942
-1.962
-1.898
-1.769
-1.647
-1.497
-1.281
-1.075
-0.955
-0.93
-0.937
-0.923
-0.914
-0.98
-1.096
-1.193
-1.248
-1.34
-1.47
-1.504
-1.499
-1.551
-1.597
-1.556
-1.447
-1.363
-1.302
-1.204
-1.073
-1.009
-1.064
-1.166
-1.272
-1.422
-1.524
-1.513
-1.483
-1.533
-1.629
-1.712
-1.724
-1.676
-1.626
-1.592
-1.558
-1.479
-1.436
-1.472
-1.49
-1.504
-1.599
-1.733
-1.808
-1.851
-1.898
-1.948
-1.967
-1.978
-2.001
-2.03
-2.041
-2.046
-2.098
-2.141
-2.116
-2.112
-2.18
-2.255
-2.289
-2.257
-2.218
-2.236
-2.273
-2.286
-2.257
-2.225
-2.23
-2.209
-2.139
-2.148
-2.234
-2.282
-2.311
-2.368
-2.466
-2.54
-2.561
-2.568
-2.636
-2.708
-2.715
-2.69
-2.674
-2.597
-2.463
-2.377
-2.364
-2.357
-2.343
-2.334
-2.348
-2.364
-2.386
-2.42
-2.441
-2.506
-2.624
-2.658
-2.645
-2.683
-2.733
-2.708
-2.69
-2.697
-2.661
-2.59
-2.506
-2.427
-2.384
-2.361
-2.341
-2.395
-2.52
-2.558
-2.554
-2.638
-2.763
-2.856
-2.91
-2.93
-2.894
-2.799
-2.665
-2.534
-2.404
-2.302
-2.225
-2.148
-2.123
-2.162
-2.227
-2.307
-2.434
-2.57
-2.683
-2.763
-2.81
-2.824
-2.799
-2.736
-2.631
-2.547
-2.463
-2.266
-2.089
-2.05
-2.069
-2.125
-2.23
-2.327
-2.37
-2.434
-2.554
-2.674
-2.726
-2.76
-2.842
-2.878
-2.815
-2.715
-2.608
-2.513
-2.461
-2.402
-2.336
-2.298
-2.277
-2.282
-2.366
-2.479
-2.565
-2.652
-2.745
-2.804
-2.847
-2.915
-2.985
-3.017
-2.989
-2.897
-2.783
-2.686
-2.62
-2.529
-2.416
-2.404
-2.497
-2.522
-2.488
-2.495
-2.558
-2.658
-2.736
-2.778
-2.785
-2.783
-2.769
-2.776
-2.835
-2.844
-2.788
-2.76
-2.747
-2.679
-2.613
-2.62
-2.665
-2.713
-2.729
-2.729
-2.729
-2.745
-2.731
-2.656
-2.584
-2.658
-2.72
-2.642
-2.604
-2.661
-2.726
-2.765
-2.758
-2.717
-2.697
-2.717
-2.754
-2.776
-2.772
-2.717
-2.624
-2.574
-2.534
-2.443
-2.407
-2.484
-2.599
-2.681
-2.736
-2.799
-2.894
-2.992
-3.035
-2.989
-2.908
-2.885
-2.838
-2.736
-2.663
-2.656
-2.59
-2.49
-2.438
-2.441
-2.49
-2.599
-2.738
-2.869
-2.985
-3.064
-3.141
-3.255
-3.287
-3.196
-3.108
-3.046
-2.951
-2.804
-2.649
-2.54
-2.49
-2.452
-2.409
-2.386
-2.407
-2.502
-2.608
-2.717
-2.878
-3.014
-3.053
-3.044
-2.985
-2.874
-2.765
-2.692
-2.617
-2.522
-2.445
-2.402
-2.42
-2.52
-2.595
-2.631
-2.731
-2.856
-2.924
-2.96
-3.014
-3.06
-3.071
-3.024
-2.935
-2.806
-2.697
-2.658
-2.681
-2.724
-2.788
-2.822
-2.838
-2.872
-2.908
-2.946
-3.008
-3.089
-3.119
-3.103
-3.078
-3.042
-3.042
-3.08
-3.062
-2.999
-2.98
-2.987
-2.967
-2.994
-3.035
-3.058
-3.062
-3.062
-2.978
-2.826
-2.756
-2.767
-2.79
-2.865
-2.928
-2.933
-2.917
-2.894
-2.885
-2.894
-2.937
-2.992
-2.996
-2.933
-2.881
-2.901
-2.903
-2.869
-2.865
-2.869
-2.815
-2.745
-2.724
-2.729
-2.745
-2.745
-2.704
-2.672
-2.679
-2.654
-2.638
-2.69
-2.747
-2.758
-2.745
-2.708
-2.665
-2.652
-2.665
-2.701
-2.724
-2.686
-2.652
-2.642
-2.599
-2.604
-2.692
-2.781
-2.842
-2.883
-2.883
-2.844
-2.797
-2.742
-2.688
-2.692
-2.722
-2.69
-2.613
-2.561
-2.563
-2.622
-2.701
-2.783
-2.842
-2.867
-2.908
-3.042
-3.162
-3.203
-3.241
-3.214
-3.078
-2.956
-2.906
-2.888
-2.878
-2.876
-2.888
-2.897
-2.885
-2.867
-2.912
-3.053
-3.182
-3.255
-3.314
-3.302
-3.241
-3.225
-3.246
-3.21
-3.13
-3.076
-3.042
-3.021
-2.999
-3.037
-3.101
-3.082
-3.012
-3.019
-3.028
-2.999
-2.983
-3.017
-3.06
-3.096
-3.094
-3.005
-2.93
-2.967
-2.967
-2.924
-2.933
-2.969
-2.967
-2.944
-2.906
-2.897
-2.928
-2.903
-2.874
-2.856
-2.833
-2.842
-2.853
-2.79
-2.738
-2.781
-2.856
-2.892
-2.897
-2.876
-2.876
-2.89
-2.874
-2.824
-2.824
-2.817
-2.758
-2.72
-2.729
-2.74
-2.745
-2.751
-2.76
-2.799
-2.858
-2.919
-2.983
-3.019
-3.06
-3.117
-3.098
-2.983
-2.885
-2.853
-2.856
-2.844
-2.84
-2.817
-2.749
-2.699
-2.708
-2.749
-2.822
-2.89
-2.944
-3.017
-3.082
-3.141
-3.176
-3.223
-3.28
-3.321
-3.321
-3.291
-3.244
-3.201
-3.198
-3.203
-3.121
-3.008
-2.946
-2.888
-2.835
-2.847
-2.903
-2.974
-3.024
-3.037
-3.021
-3.033
-3.101
-3.151
-3.144
-3.108
-3.044
-2.974
-2.906
-2.84
-2.785
-2.751
-2.733
-2.749
-2.765
-2.769
-2.813
-2.874
-2.888
-2.89
-2.926
-2.94
-2.867
-2.758
-2.683
-2.633
-2.563
-2.461
-2.35
-2.3
-2.302
-2.332
-2.393
-2.432
-2.45
-2.488
-2.574
-2.658
-2.713
-2.736
-2.76
-2.806
-2.806
-2.783
-2.74
-2.611
-2.463
-2.413
-2.45
-2.481
-2.479
-2.459
-2.454
-2.459
-2.479
-2.484
-2.459
-2.45
-2.504
-2.579
-2.615
-2.631
-2.652
-2.674
-2.686
-2.697
-2.708
-2.71
-2.679
-2.64
-2.649
-2.695
-2.724
-2.681
-2.633
-2.649
-2.699
-2.71
-2.726
-2.754
-2.756
-2.731
-2.724
-2.74
-2.717
-2.656
-2.606
-2.586
-2.552
-2.506
-2.479
-2.466
-2.436
-2.445
-2.481
-2.466
-2.411
-2.388
-2.397
-2.425
-2.445
-2.407
-2.332
-2.316
-2.357
-2.373
-2.329
-2.298
-2.212
-2.048
-1.914
-1.853
-1.824
-1.805
-1.772
-1.715
-1.658
-1.638
-1.663
-1.651
-1.57
-1.488
-1.474
-1.458
-1.39
-1.352
-1.393
-1.415
-1.388
-1.37
-1.375
-1.37
-1.318
-1.261
-1.232
-1.186
-1.123
-1.018
-0.919
-0.871
-0.866
-0.86
-0.864
-0.889
-0.907
-0.935
-0.998
-1.057
-1.111
-1.148
-1.123
-1.05
-0.971
-0.864
-0.724
-0.603
-0.547
-0.531
-0.596
-0.689
-0.751
-0.801
-0.921
-1.077
-1.211
-1.277
-1.286
-1.248
-1.211
-1.191
-1.143
-1.066
-0.991
-0.896
-0.794
-0.742
-0.757
-0.81
-0.857
-0.919
-1.025
-1.132
-1.198
-1.229
-1.232
-1.218
-1.191
-1.168
-1.129
-1.048
-0.964
-0.925
-0.914
-0.923
-0.944
-0.928
-0.898
-0.894
-0.909
-0.907
-0.907
-0.921
-0.919
-0.916
-0.882
-0.812
-0.68
-0.567
-0.522
-0.494
-0.442
-0.392
-0.352
-0.329
-0.327
-0.336
-0.336
-0.272
-0.17
-0.079
-0.018
0.029
0.018
-0.013
0.009
0.066
0.102
0.134
0.179
0.197
0.211
0.206
0.197
0.218
0.272
0.329
0.367
0.413
0.508
0.608
0.683
0.721
0.735
0.73
0.721
0.71
0.703
0.708
0.733
0.796
0.846
0.882
0.919
0.971
0.996
0.982
0.98
1.016
1.075
1.132
1.152
1.123
1.075
1.03
1.003
1
0.989
0.982
0.98
0.993
1.052
1.15
1.213
1.241
1.291
1.349
1.354
1.316
1.293
1.295
1.313
1.34
1.347
1.304
1.241
1.216
1.223
1.213
1.216
1.252
1.281
1.281
1.272
1.304
1.343
1.356
1.365
1.359
1.345
1.349
1.39
1.411
1.424
1.506
1.588
1.567
1.497
1.454
1.458
1.474
1.495
1.52
1.54
1.538
1.54
1.583
1.658
1.719
1.758
1.767
1.767
1.767
1.787
1.84
1.912
1.955
1.926
1.885
1.867
1.844
1.844
1.876
1.919
2.003
2.114
2.166
2.193
2.241
2.284
2.32
2.364
2.402
2.397
2.379
2.382
2.37
2.379
2.47
2.572
2.584
2.579
2.631
2.686
2.715
2.76
2.847
2.908
2.915
2.888
2.865
2.842
2.847
2.899
2.956
2.946
2.897
2.881
2.906
2.928
2.96
3.024
3.076
3.044
2.985
2.969
2.976
2.987
3.001
3.003
2.996
3.005
3.024
3.053
3.098
3.162
3.178
3.139
3.128
3.139
3.128
3.096
3.067
3.044
3.04
3.035
3.026
3.024
2.999
2.967
2.983
3.044
3.078
3.064
3.089
3.135
3.153
3.157
3.151
3.119
3.08
3.055
3.044
3.049
3.064
3.11
3.146
3.191
3.237
3.255
3.25
3.282
3.339
3.38
3.364
3.321
3.246
3.212
3.223
3.219
3.189
3.155
3.13
3.121
3.185
3.273
3.309
3.343
3.402
3.402
3.364
3.328
3.314
3.296
3.264
3.266
3.289
3.293
3.309
3.362
3.391
3.421
3.486
3.532
3.534
3.513
3.486
3.461
3.425
3.346
3.309
3.352
3.389
3.377
3.355
3.325
3.33
3.386
3.486
3.538
3.561
3.586
3.561
3.495
3.436
3.382
3.355
3.362
3.371
3.337
3.296
3.334
3.464
3.548
3.611
3.722
3.772
3.72
3.643
3.586
3.527
3.473
3.407
3.328
3.25
3.219
3.201
3.185
3.182
3.185
3.244
3.391
3.491
3.495
3.504
3.502
3.473
3.43
3.355
3.271
3.223
3.178
3.123
3.128
3.185
3.25
3.28
3.314
3.416
3.511
3.509
3.457
3.409
3.357
3.305
3.25
3.187
3.141
3.13
3.13
3.144
3.153
3.123
3.148
3.271
3.393
3.436
3.434
3.43
3.398
3.352
3.298
3.262
3.246
3.21
3.169
3.173
3.212
3.282
3.352
3.396
3.468
3.559
3.541
3.432
3.366
3.368
3.373
3.332
3.257
3.207
3.194
3.205
3.232
3.28
3.296
3.302
3.357
3.423
3.423
3.412
3.412
3.389
3.325
3.246
3.173
3.117
3.094
3.096
3.108
3.128
3.171
3.212
3.212
3.196
3.237
3.244
3.146
3.04
2.996
2.985
2.958
2.908
2.856
2.817
2.785
2.745
2.724
2.729
2.701
2.638
2.611
2.599
2.529
2.447
2.409
2.37
2.318
2.298
2.32
2.318
2.3
2.284
2.284
2.27
2.266
2.27
2.221
2.118
2.096
2.139
2.08
2.003
2.019
2.032
1.98
1.937
1.942
1.933
1.903
1.905
1.948
1.967
1.91
1.819
1.846
1.948
1.96
1.939
1.962
1.978
1.957
1.951
1.951
1.937
1.919
1.921
1.944
1.96
1.969
1.969
1.964
1.96
2.032
2.125
2.096
2.03
2.016
1.996
2.01
2.048
2.046
1.996
1.989
2.062
2.128
2.123
2.06
1.998
2.039
2.094
2.071
2.073
2.121
2.137
2.137
2.153
2.128
2.075
2.032
1.994
1.96
1.928
1.914
1.935
1.96
1.976
2.064
2.182
2.207
2.168
2.171
2.171
2.148
2.125
2.1
2.048
2.019
2.014
2.003
1.987
1.962
1.917
1.948
2.044
2.082
2.05
2.025
2.019
2.007
1.955
1.871
1.812
1.81
1.812
1.81
1.799
1.808
1.867
1.953
1.978
1.998
2.06
2.03
1.917
1.824
1.778
1.751
1.712
1.678
1.667
1.694
1.735
1.753
1.781
1.815
1.83
1.892
1.978
1.98
1.923
1.91
1.917
1.876
1.805
1.767
1.765
1.792
1.833
1.901
1.969
2.046
2.157
2.261
2.309
2.37
2.475
2.461
2.345
2.264
2.234
2.164
2.071
2.007
2.01
2.064
2.153
2.257
2.366
2.475
2.545
2.663
2.838
2.91
2.881
2.874
2.862
2.776
2.686
2.613
2.549
2.545
2.611
2.699
2.808
2.937
3.08
3.203
3.291
3.371
3.477
3.482
3.382
3.291
3.212
3.078
2.965
2.949
2.996
3.024
3.03
3.067
3.164
3.241
3.25
3.3
3.457
3.55
3.509
3.507
3.563
3.575
3.507
3.425
3.405
3.459
3.5
3.502
3.498
3.534
3.618
3.72
3.793
3.861
3.956
3.969
3.899
3.872
3.856
3.811
3.774
3.763
3.77
3.77
3.777
3.802
3.854
3.913
3.954
3.994
4.085
4.178
4.187
4.194
4.221
4.208
4.165
4.126
4.115
4.13
4.153
4.167
4.203
4.28
4.369
4.45
4.566
4.663
4.709
4.766
4.841
4.804
4.691
4.634
4.611
4.611
4.632
4.591
4.53
4.507
4.548
4.614
4.673
4.725
4.772
4.809
4.813
4.815
4.888
4.929
4.859
4.757
4.695
4.616
4.502
4.387
4.31
4.292
4.303
4.312
4.326
4.348
4.357
4.355
4.36
4.341
4.262
4.117
3.992
3.924
3.836
3.672
3.543
3.48
3.445
3.407
3.362
3.328
3.325
3.355
3.371
3.348
3.298
3.234
3.114
2.915
2.729
2.652
2.595
2.436
2.28
2.241
2.248
2.25
2.259
2.277
2.286
2.286
2.282
2.234
2.144
2.019
1.876
1.735
1.622
1.508
1.343
1.179
1.143
1.179
1.15
1.132
1.207
1.32
1.404
1.436
1.436
1.397
1.286
1.125
0.962
0.814
0.669
0.517
0.372
0.263
0.272
0.413
0.567
0.653
0.76
0.9
1.016
1.077
1.087
1.071
1.032
0.955
0.853
0.73
0.587
0.46
0.417
0.438
0.483
0.503
0.537
0.671
0.857
0.987
1.032
1.084
1.139
1.15
1.091
0.993
0.882
0.769
0.667
0.583
0.528
0.499
0.513
0.551
0.576
0.649
0.823
1.012
1.096
1.111
1.125
1.125
1.102
1.037
0.905
0.76
0.66
0.605
0.558
0.517
0.528
0.608
0.708
0.825
0.946
1.027
1.093
1.17
1.173
1.082
0.989
0.905
0.801
0.73
0.692
0.646
0.594
0.533
0.456
0.399
0.383
0.417
0.479
0.528
0.535
0.565
0.68
0.742
0.674
0.605
0.558
0.472
0.374
0.279
0.209
0.156
0.116
0.07
0.043
0.075
0.147
0.215
0.324
0.444
0.506
0.508
0.519
0.526
0.479
0.401
0.32
0.233
0.154
0.077
-0.011
-0.043
-0.043
-0.052
-0.041
0.02
0.113
0.181
0.206
0.218
0.263
0.356
0.426
0.392
0.32
0.277
0.227
0.118
0.013
-0.036
-0.052
-0.07
-0.061
-0.043
-0.018
0.039
0.15
0.299
0.451
0.558
0.583
0.603
0.587
0.494
0.392
0.32
0.24
0.179
0.122
0.068
0.011
-0.02
-0.004
0.025
0.077
0.163
0.261
0.333
0.397
0.44
0.508
0.583
0.599
0.531
0.463
0.408
0.333
0.22
0.07
-0.025
-0.039
-0.025
0
0.039
0.097
0.163
0.231
0.308
0.388
0.399
0.358
0.297
0.197
0.086
-0.023
-0.181
-0.329
-0.42
-0.453
-0.483
-0.508
-0.513
-0.488
-0.451
-0.404
-0.383
-0.392
-0.399
-0.417
-0.46
-0.526
-0.596
-0.717
-0.878
-0.959
-0.98
-1.05
-1.141
-1.202
-1.232
-1.238
-1.272
-1.316
-1.309
-1.272
-1.25
-1.234
-1.2
-1.186
-1.234
-1.343
-1.436
-1.506
-1.567
-1.658
-1.783
-1.871
-1.91
-1.928
-1.957
-1.978
-1.982
-1.98
-1.98
-2.005
-2.03
-2.044
-2.084
-2.144
-2.168
-2.155
-2.157
-2.202
-2.252
-2.266
-2.261
-2.293
-2.307
-2.284
-2.28
-2.314
-2.352
-2.359
-2.327
-2.305
-2.293
-2.275
-2.252
-2.218
-2.191
-2.209
-2.232
-2.225
-2.216
-2.239
-2.291
-2.302
-2.289
-2.28
-2.277
-2.255
-2.257
-2.327
-2.395
-2.384
-2.341
-2.309
-2.298
-2.332
-2.354
-2.338
-2.32
-2.286
-2.255
-2.212
-2.173
-2.173
-2.189
-2.2
-2.225
-2.291
-2.361
-2.377
-2.37
-2.382
-2.397
-2.393
-2.373
-2.295
-2.221
-2.221
-2.223
-2.189
-2.166
-2.212
-2.266
-2.284
-2.298
-2.338
-2.375
-2.388
-2.436
-2.525
-2.606
-2.638
-2.597
-2.529
-2.481
-2.436
-2.361
-2.305
-2.275
-2.232
-2.187
-2.2
-2.218
-2.261
-2.327
-2.416
-2.513
-2.624
-2.726
-2.763
-2.751
-2.724
-2.697
-2.683
-2.647
-2.59
-2.545
-2.513
-2.441
-2.411
-2.452
-2.506
-2.593
-2.667
-2.722
-2.774
-2.804
-2.806
-2.844
-2.937
-3.01
-3.035
-3.005
-2.937
-2.872
-2.835
-2.828
-2.828
-2.831
-2.833
-2.835
-2.842
-2.842
-2.883
-2.94
-2.953
-2.967
-3.03
-3.085
-3.085
-3.06
-3.026
-3.001
-2.98
-2.96
-2.94
-2.924
-2.921
-2.919
-2.915
-2.917
-2.91
-2.899
-2.897
-2.892
-2.91
-2.937
-2.917
-2.912
-2.956
-3.005
-3.012
-2.989
-2.946
-2.881
-2.835
-2.844
-2.824
-2.792
-2.799
-2.772
-2.724
-2.715
-2.745
-2.774
-2.783
-2.783
-2.817
-2.842
-2.828
-2.806
-2.79
-2.769
-2.758
-2.74
-2.688
-2.656
-2.665
-2.683
-2.665
-2.652
-2.699
-2.71
-2.665
-2.661
-2.722
-2.788
-2.822
-2.856
-2.926
-2.98
-2.989
-2.989
-3.014
-2.994
-2.96
-2.96
-2.942
-2.874
-2.822
-2.783
-2.731
-2.704
-2.724
-2.765
-2.806
-2.844
-2.906
-3.014
-3.103
-3.126
-3.096
-3.089
-3.132
-3.18
-3.137
-3.087
-3.092
-3.076
-2.974
-2.853
-2.792
-2.769
-2.74
-2.724
-2.758
-2.888
-3.017
-3.148
-3.289
-3.386
-3.432
-3.45
-3.405
-3.278
-3.169
-3.114
-3.033
-2.912
-2.808
-2.74
-2.663
-2.62
-2.667
-2.799
-2.944
-3.03
-3.089
-3.187
-3.302
-3.368
-3.332
-3.28
-3.221
-3.135
-3.001
-2.876
-2.801
-2.754
-2.674
-2.606
-2.649
-2.763
-2.851
-2.958
-3.123
-3.275
-3.4
-3.495
-3.516
-3.448
-3.364
-3.28
-3.153
-2.974
-2.826
-2.745
-2.658
-2.54
-2.502
-2.57
-2.647
-2.704
-2.804
-2.971
-3.162
-3.278
-3.318
-3.341
-3.337
-3.241
-3.092
-2.935
-2.79
-2.67
-2.57
-2.475
-2.441
-2.472
-2.49
-2.502
-2.599
-2.751
-2.901
-2.996
-3.055
-3.123
-3.214
-3.241
-3.157
-3.012
-2.833
-2.622
-2.422
-2.277
-2.189
-2.118
-2.057
-2.019
-2.037
-2.164
-2.332
-2.445
-2.545
-2.701
-2.853
-2.897
-2.826
-2.71
-2.552
-2.37
-2.184
-2.014
-1.842
-1.71
-1.669
-1.76
-1.935
-2.089
-2.234
-2.395
-2.52
-2.62
-2.679
-2.645
-2.54
-2.447
-2.397
-2.327
-2.18
-1.987
-1.828
-1.74
-1.715
-1.726
-1.776
-1.883
-2.032
-2.141
-2.259
-2.441
-2.572
-2.558
-2.502
-2.527
-2.556
-2.479
-2.318
-2.162
-2.062
-2.021
-2.041
-2.116
-2.202
-2.293
-2.461
-2.631
-2.697
-2.715
-2.758
-2.738
-2.704
-2.717
-2.726
-2.62
-2.441
-2.338
-2.366
-2.409
-2.436
-2.432
-2.434
-2.516
-2.661
-2.776
-2.856
-2.96
-3.003
-2.967
-2.937
-2.965
-2.965
-2.874
-2.778
-2.756
-2.783
-2.776
-2.701
-2.62
-2.568
-2.554
-2.64
-2.749
-2.751
-2.724
-2.756
-2.799
-2.824
-2.851
-2.84
-2.756
-2.663
-2.586
-2.5
-2.366
-2.184
-2.014
-1.939
-1.998
-2.066
-2.044
-2.016
-2.05
-2.087
-2.128
-2.159
-2.162
-2.087
-1.964
-1.853
-1.799
-1.706
-1.565
-1.454
-1.395
-1.322
-1.241
-1.218
-1.213
-1.195
-1.198
-1.254
-1.3
-1.329
-1.404
-1.443
-1.399
-1.32
-1.254
-1.166
-1.027
-0.869
-0.742
-0.705
-0.735
-0.715
-0.644
-0.651
-0.708
-0.76
-0.816
-0.909
-0.98
-1
-0.998
-1.009
-1.014
-0.968
-0.935
-0.973
-1.009
-0.98
-0.959
-0.971
-0.957
-0.955
-1.007
-1.048
-1.021
-0.987
-0.98
-1.012
-1.068
-1.164
-1.25
-1.291
-1.275
-1.234
-1.211
-1.263
-1.331
-1.331
-1.356
-1.429
-1.415
-1.34
-1.309
-1.356
-1.449
-1.511
-1.538
-1.551
-1.565
-1.565
-1.583
-1.624
-1.638
-1.615
-1.61
-1.565
-1.479
-1.474
-1.545
-1.613
-1.678
-1.76
-1.821
-1.844
-1.871
-1.896
-1.88
-1.808
-1.697
-1.558
-1.511
-1.501
-1.415
-1.349
-1.39
-1.433
-1.458
-1.504
-1.563
-1.663
-1.753
-1.781
-1.772
-1.744
-1.681
-1.599
-1.547
-1.454
-1.311
-1.193
-1.066
-0.919
-0.839
-0.878
-0.946
-0.968
-1.012
-1.073
-1.123
-1.161
-1.184
-1.17
-1.057
-0.855
-0.581
-0.352
-0.202
-0.023
0.127
0.127
0.054
0.032
0.036
0
-0.1
-0.227
-0.331
-0.363
-0.304
-0.181
-0.029
0.1
0.22
0.388
0.533
0.61
0.726
0.848
0.866
0.798
0.719
0.644
0.553
0.46
0.408
0.392
0.372
0.347
0.406
0.569
0.744
0.83
0.916
1.05
1.08
1.018
1
1.023
0.982
0.878
0.71
0.524
0.367
0.283
0.254
0.261
0.268
0.288
0.383
0.503
0.567
0.66
0.764
0.776
0.735
0.674
0.542
0.354
0.184
0.045
-0.05
-0.125
-0.218
-0.322
-0.324
-0.206
-0.145
-0.095
0.043
0.143
0.1
0.02
-0.013
-0.041
-0.131
-0.281
-0.438
-0.596
-0.764
-0.921
-1.014
-1.039
-0.996
-0.876
-0.742
-0.696
-0.633
-0.46
-0.308
-0.263
-0.265
-0.331
-0.474
-0.626
-0.753
-0.862
-0.937
-0.989
-1.027
-0.971
-0.789
-0.621
-0.503
-0.338
-0.145
-0.052
-0.002
0.057
0.054
-0.009
-0.079
-0.175
-0.302
-0.415
-0.485
-0.501
-0.451
-0.327
-0.107
0.141
0.281
0.374
0.587
0.805
0.885
0.891
0.878
0.801
0.694
0.615
0.572
0.533
0.501
0.499
0.592
0.76
0.916
1.077
1.286
1.497
1.669
1.812
1.876
1.858
1.796
1.733
1.651
1.556
1.429
1.281
1.127
1.073
1.152
1.277
1.415
1.61
1.835
2.016
2.162
2.268
2.32
2.32
2.266
2.166
2.019
1.842
1.694
1.622
1.522
1.422
1.44
1.533
1.581
1.64
1.749
1.878
1.967
1.992
1.973
1.923
1.864
1.787
1.651
1.474
1.3
1.107
0.916
0.887
0.984
1.052
1.064
1.089
1.139
1.198
1.25
1.309
1.331
1.304
1.27
1.218
1.084
0.873
0.735
0.669
0.59
0.499
0.451
0.449
0.483
0.565
0.689
0.81
0.885
0.891
0.823
0.739
0.703
0.628
0.479
0.376
0.361
0.347
0.313
0.299
0.345
0.433
0.54
0.624
0.696
0.783
0.88
0.977
1.037
1.016
0.957
0.894
0.785
0.68
0.664
0.696
0.728
0.767
0.846
0.964
1.077
1.184
1.302
1.406
1.495
1.542
1.527
1.524
1.56
1.545
1.488
1.458
1.433
1.431
1.472
1.533
1.629
1.767
1.953
2.175
2.357
2.443
2.5
2.581
2.595
2.531
2.452
2.368
2.282
2.241
2.248
2.275
2.302
2.332
2.402
2.463
2.558
2.692
2.804
2.899
3.012
3.101
3.108
3.062
2.983
2.885
2.808
2.788
2.783
2.745
2.688
2.681
2.76
2.817
2.856
2.962
3.071
3.123
3.16
3.189
3.169
3.087
2.987
2.91
2.817
2.715
2.638
2.561
2.479
2.445
2.42
2.407
2.466
2.568
2.642
2.681
2.692
2.663
2.593
2.509
2.429
2.352
2.284
2.243
2.221
2.137
1.978
1.855
1.815
1.772
1.712
1.672
1.665
1.697
1.742
1.778
1.781
1.751
1.694
1.649
1.617
1.574
1.474
1.354
1.329
1.379
1.384
1.331
1.293
1.307
1.372
1.458
1.508
1.52
1.513
1.545
1.604
1.644
1.592
1.506
1.445
1.372
1.295
1.281
1.295
1.275
1.281
1.368
1.477
1.542
1.576
1.62
1.667
1.724
1.756
1.721
1.706
1.742
1.783
1.783
1.762
1.731
1.69
1.699
1.79
1.921
2.053
2.159
2.259
2.35
2.409
2.475
2.527
2.534
2.525
2.511
2.5
2.486
2.477
2.459
2.468
2.538
2.649
2.801
2.949
3.058
3.151
3.253
3.355
3.423
3.445
3.384
3.296
3.241
3.187
3.094
3.026
3.01
2.985
2.96
2.985
3.051
3.092
3.098
3.096
3.13
3.162
3.13
3.019
2.885
2.765
2.62
2.47
2.341
2.202
2.096
2.078
2.112
2.107
2.073
2.069
2.096
2.159
2.216
2.232
2.259
2.257
2.155
2.001
1.896
1.799
1.651
1.508
1.438
1.427
1.413
1.397
1.427
1.472
1.49
1.479
1.465
1.445
1.406
1.322
1.268
1.243
1.186
1.127
1.084
1.032
1.016
1.034
1.075
1.148
1.25
1.297
1.284
1.304
1.307
1.266
1.218
1.175
1.127
1.093
1.05
0.984
0.916
0.876
0.86
0.86
0.851
0.844
0.855
0.919
0.966
0.987
1.012
1.039
1.055
1.068
1.077
1.096
1.089
1.114
1.186
1.257
1.27
1.254
1.229
1.223
1.227
1.241
1.318
1.404
1.399
1.349
1.361
1.395
1.406
1.445
1.499
1.558
1.622
1.678
1.692
1.701
1.724
1.733
1.735
1.76
1.785
1.808
1.84
1.871
1.912
1.962
2.01
2.069
2.128
2.173
2.216
2.305
2.425
2.506
2.529
2.543
2.588
2.64
2.674
2.697
2.747
2.817
2.869
2.899
2.944
2.962
2.937
2.928
2.976
3.062
3.151
3.225
3.316
3.402
3.482
3.509
3.48
3.43
3.377
3.312
3.255
3.205
3.128
3.046
2.992
2.951
2.919
2.915
2.937
2.994
3.067
3.123
3.117
3.064
3.021
3.001
2.983
2.94
2.851
2.729
2.604
2.522
2.477
2.436
2.35
2.252
2.168
2.109
2.057
2.025
2.01
1.978
1.919
1.862
1.785
1.676
1.549
1.433
1.39
1.422
1.454
1.422
1.379
1.388
1.411
1.436
1.515
1.617
1.701
1.747
1.785
1.851
1.953
2.019
1.98
1.908
1.894
1.937
2.007
2.091
2.189
2.302
2.456
2.629
2.792
2.894
2.951
3.046
3.212
3.343
3.389
3.407
3.425
3.418
3.43
3.502
3.632
3.781
3.915
4.09
4.339
4.58
4.734
4.841
4.949
5.029
4.999
4.881
4.793
4.754
4.698
4.641
4.666
4.736
4.786
4.8
4.874
5.011
5.11
5.088
5.067
5.11
5.135
5.056
4.974
4.924
4.843
4.761
4.716
4.695
4.645
4.598
4.57
4.58
4.546
4.457
4.391
4.326
4.198
4.046
3.94
3.863
3.786
3.672
3.536
3.466
3.468
3.454
3.357
3.244
3.141
2.994
2.822
2.665
2.497
2.268
2.057
1.973
1.976
1.937
1.876
1.855
1.876
1.885
1.844
1.776
1.692
1.583
1.424
1.286
1.195
1.109
0.998
0.871
0.776
0.748
0.773
0.796
0.778
0.744
0.699
0.633
0.569
0.513
0.431
0.324
0.24
0.175
0.072
-0.075
-0.206
-0.274
-0.27
-0.204
-0.116
-0.079
-0.057
0.02
0.104
0.159
0.163
0.1
0
-0.095
-0.163
-0.238
-0.32
-0.356
-0.338
-0.268
-0.209
-0.206
-0.172
-0.057
0.043
0.091
0.127
0.143
0.12
0.063
0.045
0.084
0.122
0.118
0.088
0.052
0.027
0.018
0.025
0.095
0.188
0.213
0.172
0.193
0.274
0.277
0.231
0.254
0.311
0.327
0.286
0.227
0.197
0.181
0.161
0.159
0.152
0.093
0.002
-0.002
0.032
0.045
0.05
0.063
0.057
0.025
-0.013
-0.063
-0.102
-0.125
-0.17
-0.2
-0.184
-0.163
-0.218
-0.265
-0.213
-0.125
-0.134
-0.177
-0.168
-0.191
-0.299
-0.379
-0.408
-0.458
-0.583
-0.742
-0.816
-0.78
-0.705
-0.674
-0.601
-0.481
-0.433
-0.429
-0.376
-0.356
-0.408
-0.503
-0.603
-0.68
-0.776
-0.948
-1.129
-1.232
-1.229
-1.193
-1.193
-1.195
-1.175
-1.177
-1.143
-1.023
-0.948
-1.009
-1.105
-1.168
-1.234
-1.343
-1.479
-1.626
-1.747
-1.844
-1.928
-1.951
-1.912
-1.885
-1.88
-1.887
-1.91
-1.912
-1.889
-1.933
-2.014
-2.041
-2.064
-2.141
-2.241
-2.329
-2.395
-2.407
-2.379
-2.332
-2.298
-2.314
-2.332
-2.318
-2.286
-2.227
-2.218
-2.268
-2.298
-2.284
-2.293
-2.311
-2.3
-2.277
-2.266
-2.225
-2.193
-2.171
-2.134
-2.057
-1.951
-1.833
-1.731
-1.747
-1.821
-1.83
-1.742
-1.629
-1.549
-1.517
-1.524
-1.538
-1.542
-1.54
-1.52
-1.443
-1.384
-1.334
-1.245
-1.179
-1.152
-1.082
-0.968
-0.864
-0.783
-0.696
-0.61
-0.549
-0.528
-0.476
-0.397
-0.458
-0.612
-0.68
-0.655
-0.615
-0.59
-0.578
-0.553
-0.522
-0.49
-0.424
-0.259
-0.066
0.023
0.043
0.091
0.079
-0.025
-0.154
-0.268
-0.406
-0.54
-0.608
-0.619
-0.633
-0.635
-0.549
-0.426
-0.338
-0.283
-0.274
-0.297
-0.299
-0.317
-0.422
-0.594
-0.767
-0.993
-1.245
-1.331
-1.304
-1.307
-1.316
-1.318
-1.322
-1.284
-1.25
-1.213
-1.157
-1.102
-1.111
-1.159
-1.25
-1.363
-1.465
-1.635
-1.828
-1.905
-1.942
-2.048
-2.159
-2.182
-2.125
-2.048
-1.964
-1.914
-1.86
-1.79
-1.756
-1.71
-1.669
-1.726
-1.842
-1.928
-2.016
-2.118
-2.175
-2.166
-2.13
-2.103
-2.071
-1.953
-1.83
-1.801
-1.767
-1.647
-1.527
-1.499
-1.545
-1.608
-1.656
-1.724
-1.84
-1.976
-2.037
-2.078
-2.137
-2.103
-2.003
-1.894
-1.787
-1.676
-1.563
-1.44
-1.334
-1.257
-1.202
-1.193
-1.227
-1.266
-1.397
-1.585
-1.719
-1.803
-1.851
-1.867
-1.873
-1.878
-1.83
-1.703
-1.551
-1.375
-1.184
-1.089
-1.08
-1.034
-1.005
-1.059
-1.195
-1.349
-1.499
-1.656
-1.833
-1.946
-1.957
-1.939
-1.835
-1.656
-1.545
-1.488
-1.381
-1.252
-1.157
-1.15
-1.193
-1.277
-1.429
-1.649
-1.86
-1.96
-1.996
-2.1
-2.18
-2.148
-2.064
-1.971
-1.862
-1.753
-1.635
-1.595
-1.608
-1.615
-1.633
-1.747
-1.878
-2.025
-2.2
-2.352
-2.472
-2.588
-2.624
-2.581
-2.52
-2.425
-2.345
-2.343
-2.35
-2.241
-2.128
-2.132
-2.189
-2.273
-2.416
-2.577
-2.706
-2.808
-2.906
-2.999
-3.042
-3.017
-2.969
-2.89
-2.815
-2.797
-2.76
-2.674
-2.615
-2.627
-2.654
-2.686
-2.772
-2.867
-2.935
-3.053
-3.187
-3.26
-3.296
-3.278
-3.182
-3.073
-2.987
-2.892
-2.783
-2.652
-2.525
-2.443
-2.409
-2.413
-2.452
-2.5
-2.597
-2.76
-2.883
-2.928
-2.944
-2.94
-2.897
-2.799
-2.652
-2.456
-2.293
-2.171
-2.023
-1.933
-1.914
-1.86
-1.796
-1.844
-1.957
-2.06
-2.157
-2.248
-2.275
-2.241
-2.182
-2.091
-1.93
-1.762
-1.642
-1.488
-1.252
-1.082
-1.05
-1.068
-1.093
-1.179
-1.322
-1.477
-1.592
-1.69
-1.785
-1.876
-1.912
-1.833
-1.656
-1.465
-1.329
-1.22
-1.059
-0.957
-0.966
-0.993
-1.025
-1.141
-1.347
-1.554
-1.758
-1.967
-2.141
-2.225
-2.216
-2.134
-2.025
-1.901
-1.79
-1.694
-1.617
-1.576
-1.581
-1.631
-1.79
-2.025
-2.245
-2.416
-2.586
-2.758
-2.924
-3.028
-3.051
-2.98
-2.917
-2.867
-2.804
-2.704
-2.647
-2.661
-2.713
-2.733
-2.79
-2.94
-3.108
-3.216
-3.325
-3.466
-3.597
-3.668
-3.654
-3.591
-3.507
-3.4
-3.293
-3.187
-3.092
-2.98
-2.894
-2.915
-3.019
-3.082
-3.114
-3.248
-3.445
-3.573
-3.606
-3.593
-3.559
-3.489
-3.362
-3.194
-2.996
-2.783
-2.574
-2.416
-2.329
-2.32
-2.388
-2.477
-2.506
-2.554
-2.697
-2.835
-2.869
-2.84
-2.749
-2.62
-2.45
-2.239
-2.007
-1.805
-1.624
-1.479
-1.365
-1.329
-1.361
-1.402
-1.456
-1.558
-1.644
-1.697
-1.735
-1.765
-1.726
-1.617
-1.445
-1.248
-1.075
-0.919
-0.778
-0.699
-0.685
-0.701
-0.719
-0.762
-0.869
-1.064
-1.243
-1.3
-1.313
-1.375
-1.395
-1.329
-1.229
-1.093
-0.948
-0.853
-0.803
-0.785
-0.796
-0.805
-0.851
-0.953
-1.109
-1.245
-1.34
-1.49
-1.688
-1.772
-1.767
-1.803
-1.849
-1.796
-1.685
-1.615
-1.574
-1.536
-1.524
-1.563
-1.66
-1.803
-1.973
-2.141
-2.275
-2.413
-2.57
-2.674
-2.677
-2.654
-2.677
-2.638
-2.502
-2.379
-2.32
-2.305
-2.268
-2.214
-2.207
-2.27
-2.343
-2.416
-2.495
-2.57
-2.608
-2.59
-2.604
-2.604
-2.504
-2.357
-2.257
-2.214
-2.139
-2.014
-1.876
-1.79
-1.751
-1.747
-1.749
-1.778
-1.828
-1.867
-1.885
-1.896
-1.871
-1.794
-1.644
-1.429
-1.232
-1.105
-0.964
-0.773
-0.655
-0.637
-0.655
-0.701
-0.757
-0.812
-0.821
-0.816
-0.803
-0.762
-0.651
-0.481
-0.306
-0.179
-0.045
0.136
0.265
0.281
0.224
0.156
0.084
0.007
-0.086
-0.168
-0.243
-0.286
-0.288
-0.281
-0.224
-0.12
0
0.086
0.15
0.238
0.333
0.381
0.313
0.181
0.063
-0.093
-0.306
-0.522
-0.703
-0.851
-0.964
-1.005
-0.962
-0.873
-0.764
-0.619
-0.453
-0.333
-0.299
-0.354
-0.458
-0.565
-0.726
-0.996
-1.318
-1.604
-1.842
-2.025
-2.118
-2.141
-2.109
-2.05
-1.91
-1.715
-1.504
-1.295
-1.136
-1.061
-1.068
-1.188
-1.406
-1.665
-1.935
-2.193
-2.418
-2.588
-2.701
-2.742
-2.692
-2.57
-2.4
-2.196
-1.957
-1.728
-1.556
-1.409
-1.307
-1.297
-1.368
-1.47
-1.635
-1.862
-2.116
-2.289
-2.357
-2.338
-2.255
-2.125
-1.962
-1.767
-1.533
-1.3
-1.068
-0.846
-0.685
-0.59
-0.553
-0.569
-0.64
-0.789
-0.948
-1.061
-1.125
-1.148
-1.098
-0.95
-0.737
-0.506
-0.268
-0.034
0.179
0.32
0.358
0.379
0.415
0.395
0.302
0.193
0.143
0.113
0.027
-0.05
-0.027
0.063
0.218
0.433
0.683
0.889
1.009
1.068
1.109
1.102
1.037
0.907
0.753
0.626
0.522
0.37
0.186
0.068
0.029
-0.009
-0.025
0.027
0.131
0.249
0.383
0.51
0.585
0.599
0.526
0.365
0.154
-0.054
-0.274
-0.51
-0.699
-0.814
-0.909
-1.059
-1.179
-1.177
-1.082
-0.982
-0.896
-0.814
-0.767
-0.778
-0.873
-0.996
-1.134
-1.359
-1.644
-1.896
-2.071
-2.214
-2.298
-2.325
-2.284
-2.193
-2.073
-1.955
-1.819
-1.649
-1.468
-1.334
-1.279
-1.304
-1.404
-1.556
-1.724
-1.889
-2.014
-2.082
-2.078
-2.001
-1.846
-1.635
-1.433
-1.234
-1.032
-0.86
-0.764
-0.701
-0.66
-0.651
-0.66
-0.674
-0.712
-0.764
-0.769
-0.712
-0.605
-0.435
-0.209
0.036
0.265
0.458
0.601
0.689
0.757
0.798
0.787
0.733
0.696
0.724
0.778
0.844
0.939
1.077
1.248
1.395
1.517
1.663
1.833
1.944
2.048
2.166
2.209
2.157
2.089
2.048
2.025
1.998
1.994
2.032
2.125
2.264
2.425
2.584
2.738
2.851
2.883
2.883
2.885
2.856
2.813
2.729
2.622
2.556
2.554
2.531
2.516
2.577
2.683
2.772
2.865
2.996
3.073
3.042
2.971
2.933
2.899
2.826
2.706
2.613
2.581
2.579
2.599
2.692
2.81
2.885
2.878
2.881
2.89
2.881
2.892
2.899
2.885
2.851
2.813
2.772
2.778
2.817
2.84
2.84
2.822
2.785
2.758
2.724
2.647
2.608
2.652
2.72
2.733
2.722
2.731
2.788
2.844
2.908
2.994
3.049
3.017
2.915
2.804
2.724
2.688
2.665
2.624
2.588
2.636
2.72
2.788
2.897
3.051
3.151
3.178
3.212
3.241
3.164
2.989
2.815
2.683
2.565
2.434
2.298
2.252
2.323
2.409
2.502
2.713
3.021
3.269
3.38
3.432
3.477
3.482
3.382
3.182
2.978
2.813
2.627
2.436
2.314
2.314
2.357
2.393
2.481
2.695
2.917
3.028
3.08
3.185
3.298
3.302
3.196
3.078
2.951
2.769
2.579
2.452
2.373
2.291
2.196
2.173
2.236
2.3
2.361
2.475
2.615
2.722
2.774
2.792
2.819
2.849
2.822
2.701
2.561
2.459
2.379
2.266
2.146
2.112
2.13
2.103
2.06
2.125
2.259
2.368
2.477
2.599
2.708
2.76
2.76
2.681
2.57
2.479
2.409
2.284
2.132
2.023
1.957
1.96
2.06
2.2
2.368
2.561
2.751
2.894
3.005
3.058
3.026
2.971
2.94
2.894
2.799
2.69
2.622
2.642
2.74
2.867
2.994
3.119
3.248
3.377
3.495
3.618
3.729
3.77
3.693
3.582
3.536
3.489
3.418
3.418
3.489
3.577
3.643
3.7
3.802
3.956
4.058
4.097
4.165
4.285
4.312
4.23
4.126
4.065
4.031
3.994
3.967
3.958
4.003
4.09
4.198
4.344
4.507
4.618
4.62
4.539
4.478
4.498
4.518
4.484
4.459
4.448
4.407
4.326
4.248
4.201
4.187
4.228
4.301
4.344
4.298
4.194
4.146
4.192
4.233
4.214
4.235
4.319
4.337
4.267
4.208
4.167
4.153
4.142
4.081
3.978
3.92
3.933
3.969
4.019
4.101
4.196
4.235
4.171
4.106
4.106
4.085
4.022
3.994
3.99
3.951
3.863
3.752
3.677
3.688
3.736
3.802
3.847
3.87
3.879
3.901
3.929
3.91
3.842
3.808
3.822
3.817
3.795
3.758
3.718
3.709
3.752
3.77
3.731
3.709
3.754
3.847
3.917
3.867
3.802
3.808
3.783
3.681
3.616
3.611
3.622
3.647
3.684
3.704
3.695
3.618
3.563
3.534
3.493
3.473
3.432
3.305
3.187
3.135
3.094
3.051
3.08
3.155
3.201
3.26
3.314
3.287
3.264
3.273
3.21
3.105
2.992
2.888
2.808
2.736
2.642
2.563
2.529
2.518
2.568
2.611
2.654
2.801
2.969
3.064
3.096
3.082
3.026
2.935
2.831
2.769
2.765
2.76
2.633
2.47
2.4
2.388
2.397
2.475
2.593
2.708
2.799
2.856
2.912
2.958
2.96
2.944
2.91
2.794
2.69
2.679
2.656
2.588
2.513
2.472
2.463
2.497
2.52
2.538
2.608
2.745
2.817
2.885
2.951
2.942
2.872
2.826
2.792
2.772
2.745
2.699
2.586
2.407
2.261
2.232
2.252
2.252
2.375
2.584
2.713
2.815
2.937
3.042
3.112
3.148
3.128
3.049
3.017
2.935
2.756
2.613
2.558
2.536
2.568
2.656
2.751
2.86
2.985
3.101
3.201
3.266
3.264
3.214
3.076
2.93
2.872
2.828
2.738
2.686
2.688
2.683
2.686
2.715
2.817
2.974
3.117
3.166
3.191
3.228
3.21
3.114
3.014
2.942
2.84
2.733
2.663
2.647
2.597
2.488
2.434
2.463
2.479
2.556
2.699
2.767
2.794
2.806
2.817
2.835
2.808
2.683
2.534
2.463
2.384
2.209
2.05
1.994
1.994
2.001
1.992
1.998
2.069
2.166
2.23
2.261
2.284
2.268
2.212
2.096
2.007
1.996
1.955
1.824
1.667
1.536
1.449
1.393
1.352
1.37
1.474
1.613
1.669
1.71
1.83
1.926
1.919
1.851
1.74
1.583
1.436
1.288
1.123
0.948
0.785
0.674
0.658
0.68
0.805
1.023
1.186
1.257
1.331
1.381
1.356
1.277
1.175
1.032
0.896
0.733
0.508
0.349
0.331
0.342
0.379
0.44
0.49
0.558
0.667
0.769
0.828
0.823
0.771
0.699
0.581
0.381
0.249
0.2
0.141
0.084
0.061
0.041
0.045
0.077
0.15
0.252
0.358
0.447
0.506
0.581
0.594
0.526
0.433
0.342
0.256
0.134
-0.025
-0.163
-0.263
-0.299
-0.281
-0.245
-0.181
-0.077
0.029
0.111
0.159
0.188
0.2
0.168
0.084
0.016
-0.034
-0.184
-0.397
-0.467
-0.413
-0.374
-0.379
-0.392
-0.399
-0.363
-0.27
-0.202
-0.191
-0.161
-0.12
-0.136
-0.175
-0.191
-0.195
-0.2
-0.202
-0.295
-0.458
-0.572
-0.619
-0.651
-0.667
-0.66
-0.646
-0.599
-0.515
-0.453
-0.415
-0.376
-0.336
-0.347
-0.417
-0.517
-0.596
-0.694
-0.81
-0.894
-0.891
-0.882
-0.923
-0.948
-0.885
-0.776
-0.717
-0.755
-0.812
-0.839
-0.86
-0.935
-1.059
-1.195
-1.297
-1.375
-1.429
-1.42
-1.349
-1.236
-1.114
-1.066
-1.087
-1.109
-1.114
-1.152
-1.238
-1.345
-1.458
-1.583
-1.694
-1.753
-1.74
-1.699
-1.647
-1.606
-1.57
-1.508
-1.452
-1.44
-1.486
-1.576
-1.631
-1.697
-1.812
-1.926
-1.996
-2.071
-2.177
-2.282
-2.336
-2.314
-2.27
-2.248
-2.234
-2.216
-2.189
-2.153
-2.13
-2.125
-2.121
-2.132
-2.184
-2.282
-2.429
-2.57
-2.652
-2.736
-2.878
-3.005
-3.06
-3.035
-2.953
-2.869
-2.781
-2.688
-2.615
-2.586
-2.586
-2.613
-2.656
-2.751
-2.876
-3.008
-3.128
-3.228
-3.302
-3.359
-3.359
-3.312
-3.266
-3.205
-3.119
-3.035
-2.956
-2.894
-2.883
-2.919
-2.96
-3.008
-3.044
-3.098
-3.178
-3.223
-3.246
-3.289
-3.312
-3.332
-3.332
-3.307
-3.28
-3.271
-3.223
-3.173
-3.162
-3.164
-3.176
-3.241
-3.346
-3.441
-3.527
-3.6
-3.677
-3.756
-3.824
-3.865
-3.833
-3.718
-3.634
-3.591
-3.543
-3.464
-3.375
-3.302
-3.28
-3.343
-3.477
-3.622
-3.736
-3.849
-3.967
-4.072
-4.165
-4.217
-4.219
-4.176
-4.081
-3.931
-3.802
-3.706
-3.643
-3.597
-3.606
-3.668
-3.713
-3.736
-3.826
-3.969
-4.124
-4.26
-4.357
-4.414
-4.421
-4.396
-4.346
-4.294
-4.239
-4.183
-4.144
-4.09
-3.999
-3.942
-3.96
-4.026
-4.083
-4.135
-4.221
-4.335
-4.437
-4.509
-4.582
-4.643
-4.643
-4.605
-4.559
-4.493
-4.425
-4.403
-4.385
-4.346
-4.348
-4.387
-4.421
-4.459
-4.491
-4.573
-4.679
-4.729
-4.743
-4.781
-4.781
-4.729
-4.695
-4.698
-4.704
-4.713
-4.727
-4.736
-4.763
-4.827
-4.929
-4.993
-4.977
-4.945
-4.906
-4.872
-4.843
-4.802
-4.766
-4.788
-4.82
-4.811
-4.788
-4.763
-4.763
-4.797
-4.861
-4.927
-4.961
-4.956
-4.954
-4.986
-5.035
-5.083
-5.092
-5.04
-4.961
-4.886
-4.834
-4.777
-4.743
-4.711
-4.677
-4.666
-4.695
-4.757
-4.863
-5.011
-5.169
-5.269
-5.351
-5.451
-5.523
-5.539
-5.507
-5.423
-5.308
-5.178
-5.035
-4.893
-4.788
-4.743
-4.752
-4.806
-4.872
-4.936
-5.026
-5.151
-5.292
-5.423
-5.514
-5.598
-5.675
-5.721
-5.741
-5.739
-5.691
-5.573
-5.392
-5.222
-5.129
-5.074
-5.011
-4.972
-4.972
-4.99
-5.022
-5.081
-5.167
-5.278
-5.401
-5.516
-5.582
-5.616
-5.641
-5.641
-5.6
-5.528
-5.405
-5.262
-5.131
-5.061
-5.035
-5.031
-5.04
-5.067
-5.094
-5.11
-5.129
-5.16
-5.215
-5.319
-5.439
-5.53
-5.578
-5.609
-5.623
-5.598
-5.514
-5.385
-5.285
-5.197
-5.122
-5.09
-5.099
-5.07
-5.02
-5.038
-5.108
-5.183
-5.235
-5.315
-5.442
-5.591
-5.711
-5.77
-5.793
-5.809
-5.786
-5.707
-5.594
-5.519
-5.498
-5.457
-5.344
-5.215
-5.138
-5.088
-5.042
-5.006
-5.011
-5.049
-5.113
-5.224
-5.362
-5.482
-5.589
-5.673
-5.734
-5.741
-5.698
-5.614
-5.516
-5.419
-5.301
-5.135
-4.979
-4.872
-4.804
-4.763
-4.754
-4.797
-4.883
-4.983
-5.063
-5.144
-5.226
-5.242
-5.197
-5.185
-5.19
-5.129
-5.017
-4.952
-4.883
-4.761
-4.62
-4.527
-4.48
-4.466
-4.457
-4.493
-4.568
-4.625
-4.659
-4.709
-4.804
-4.89
-4.883
-4.815
-4.743
-4.691
-4.673
-4.645
-4.589
-4.546
-4.493
-4.409
-4.33
-4.328
-4.373
-4.364
-4.348
-4.366
-4.405
-4.391
-4.366
-4.366
-4.423
-4.466
-4.484
-4.509
-4.575
-4.641
-4.684
-4.677
-4.639
-4.573
-4.473
-4.378
-4.31
-4.26
-4.246
-4.226
-4.198
-4.187
-4.198
-4.189
-4.174
-4.212
-4.264
-4.264
-4.271
-4.323
-4.341
-4.28
-4.228
-4.26
-4.307
-4.26
-4.185
-4.155
-4.162
-4.137
-4.046
-3.92
-3.815
-3.722
-3.6
-3.498
-3.461
-3.498
-3.577
-3.659
-3.754
-3.876
-3.974
-3.967
-3.908
-3.838
-3.743
-3.595
-3.434
-3.291
-3.162
-3.001
-2.838
-2.769
-2.781
-2.804
-2.856
-3.014
-3.189
-3.284
-3.332
-3.362
-3.334
-3.271
-3.169
-3.04
-2.93
-2.853
-2.747
-2.629
-2.554
-2.506
-2.438
-2.368
-2.37
-2.454
-2.509
-2.452
-2.402
-2.411
-2.422
-2.402
-2.382
-2.402
-2.445
-2.45
-2.427
-2.416
-2.436
-2.42
-2.327
-2.236
-2.198
-2.162
-2.069
-1.987
-1.978
-1.969
-1.896
-1.826
-1.828
-1.835
-1.812
-1.826
-1.926
-1.976
-1.898
-1.772
-1.726
-1.753
-1.785
-1.799
-1.862
-1.964
-2.016
-1.967
-1.937
-1.976
-1.982
-1.951
-1.894
-1.808
-1.706
-1.622
-1.538
-1.488
-1.497
-1.517
-1.54
-1.551
-1.592
-1.694
-1.781
-1.851
-1.973
-2.053
-1.973
-1.801
-1.617
-1.445
-1.288
-1.193
-1.143
-1.091
-1.034
-0.955
-0.923
-0.982
-1.075
-1.166
-1.261
-1.347
-1.365
-1.3
-1.168
-1.043
-0.944
-0.805
-0.667
-0.585
-0.472
-0.327
-0.233
-0.218
-0.254
-0.308
-0.333
-0.338
-0.383
-0.479
-0.494
-0.458
-0.453
-0.447
-0.404
-0.379
-0.37
-0.349
-0.295
-0.243
-0.195
-0.12
-0.002
0.113
0.179
0.204
0.159
0.082
0.05
0.063
0.084
0.082
0.061
0.018
-0.02
-0.013
-0.011
-0.048
-0.05
-0.011
0.045
0.143
0.218
0.213
0.168
0.147
0.134
0.091
0.039
0.025
0.088
0.145
0.159
0.172
0.152
0.1
0.059
0.054
0.057
0.063
0.086
0.129
0.152
0.147
0.077
0.018
0.052
0.118
0.175
0.261
0.354
0.415
0.447
0.467
0.481
0.469
0.426
0.37
0.342
0.304
0.288
0.306
0.29
0.279
0.347
0.435
0.528
0.624
0.692
0.742
0.789
0.816
0.773
0.737
0.764
0.769
0.746
0.724
0.692
0.642
0.621
0.631
0.658
0.678
0.719
0.803
0.921
1.023
1.096
1.125
1.075
1.032
1.048
1.071
1.046
1.018
1.021
1.032
1.014
0.975
0.925
0.95
1.048
1.132
1.195
1.25
1.288
1.304
1.316
1.338
1.349
1.329
1.331
1.349
1.352
1.316
1.329
1.381
1.343
1.261
1.243
1.259
1.248
1.268
1.309
1.349
1.402
1.44
1.409
1.361
1.399
1.456
1.424
1.386
1.381
1.372
1.327
1.272
1.252
1.266
1.281
1.327
1.413
1.492
1.533
1.581
1.635
1.61
1.515
1.433
1.381
1.322
1.259
1.216
1.234
1.281
1.322
1.336
1.379
1.492
1.588
1.622
1.676
1.678
1.626
1.579
1.558
1.495
1.39
1.322
1.322
1.359
1.413
1.44
1.481
1.572
1.635
1.658
1.706
1.719
1.676
1.599
1.554
1.529
1.495
1.477
1.458
1.438
1.481
1.517
1.497
1.522
1.601
1.644
1.649
1.626
1.59
1.567
1.56
1.59
1.676
1.792
1.821
1.794
1.792
1.724
1.606
1.588
1.647
1.663
1.629
1.583
1.583
1.629
1.678
1.71
1.744
1.844
1.921
1.885
1.826
1.805
1.74
1.613
1.506
1.458
1.424
1.381
1.375
1.472
1.642
1.774
1.871
1.987
2.048
2.055
2.066
2.053
1.992
1.892
1.774
1.663
1.59
1.527
1.431
1.349
1.393
1.513
1.585
1.633
1.721
1.835
1.926
1.98
1.985
1.969
1.944
1.88
1.817
1.781
1.712
1.647
1.647
1.595
1.513
1.511
1.558
1.613
1.697
1.762
1.749
1.694
1.644
1.558
1.449
1.438
1.488
1.445
1.368
1.34
1.363
1.429
1.506
1.565
1.635
1.699
1.726
1.744
1.79
1.803
1.824
1.84
1.747
1.597
1.529
1.508
1.495
1.504
1.536
1.54
1.513
1.499
1.488
1.47
1.538
1.635
1.633
1.579
1.558
1.536
1.515
1.542
1.581
1.576
1.542
1.524
1.547
1.56
1.506
1.506
1.599
1.613
1.551
1.531
1.542
1.527
1.52
1.547
1.572
1.529
1.452
1.359
1.243
1.204
1.229
1.232
1.263
1.331
1.361
1.365
1.422
1.497
1.533
1.551
1.606
1.64
1.647
1.615
1.59
1.604
1.576
1.49
1.424
1.384
1.372
1.404
1.474
1.517
1.536
1.522
1.463
1.386
1.39
1.424
1.397
1.375
1.386
1.363
1.318
1.291
1.295
1.309
1.318
1.281
1.241
1.213
1.164
1.116
1.152
1.213
1.179
1.102
1.059
1.048
1.052
1.071
1.064
1.034
1.018
1.021
0.984
0.907
0.896
0.955
0.957
0.93
0.932
0.946
0.95
0.959
0.966
0.953
0.932
0.935
0.946
0.944
0.928
0.909
0.93
1.018
1.048
0.973
0.923
0.987
1.068
1.068
1.03
1.016
1.03
1.034
1.016
0.964
0.871
0.855
0.889
0.898
0.919
0.98
1.025
1.009
0.966
0.957
0.991
1.005
0.957
0.891
0.882
0.921
0.923
0.907
0.923
0.905
0.862
0.862
0.88
0.876
0.876
0.905
0.935
0.953
0.953
0.909
0.83
0.776
0.807
0.823
0.783
0.785
0.81
0.783
0.776
0.805
0.825
0.835
0.83
0.823
0.891
1.009
1.055
1.025
1.05
1.077
0.998
0.882
0.812
0.773
0.769
0.789
0.812
0.844
0.882
0.896
0.923
0.987
1.075
1.188
1.238
1.257
1.304
1.32
1.286
1.259
1.211
1.129
1.055
1.014
0.996
0.991
1.03
1.089
1.152
1.241
1.309
1.302
1.284
1.313
1.368
1.397
1.354
1.268
1.186
1.141
1.123
1.116
1.071
1.041
1.087
1.127
1.155
1.229
1.295
1.316
1.349
1.372
1.381
1.388
1.363
1.313
1.318
1.368
1.359
1.3
1.275
1.232
1.175
1.184
1.232
1.254
1.266
1.263
1.297
1.381
1.445
1.456
1.436
1.379
1.334
1.345
1.377
1.395
1.384
1.343
1.352
1.379
1.42
1.49
1.588
1.667
1.703
1.724
1.715
1.69
1.663
1.647
1.592
1.522
1.472
1.427
1.431
1.504
1.599
1.69
1.781
1.812
1.794
1.733
1.674
1.694
1.776
1.803
1.772
1.749
1.76
1.81
1.842
1.864
1.908
1.933
1.919
1.876
1.858
1.858
1.862
1.912
1.951
1.914
1.846
1.826
1.864
1.939
2.012
2.073
2.1
2.091
2.057
2.016
1.964
1.908
1.905
1.921
1.885
1.853
1.869
1.917
1.964
2.005
2.057
2.134
2.184
2.189
2.209
2.295
2.352
2.386
2.434
2.416
2.291
2.212
2.221
2.255
2.275
2.282
2.273
2.252
2.243
2.259
2.277
2.298
2.323
2.364
2.391
2.42
2.461
2.522
2.595
2.654
2.692
2.715
2.726
2.749
2.776
2.81
2.865
2.903
2.865
2.844
2.838
2.806
2.79
2.838
2.903
2.965
3.026
3.076
3.119
3.16
3.189
3.178
3.117
3.037
2.978
2.956
2.958
2.967
3.014
3.112
3.164
3.166
3.216
3.323
3.396
3.43
3.464
3.477
3.436
3.362
3.328
3.314
3.309
3.318
3.339
3.33
3.305
3.296
3.302
3.302
3.309
3.332
3.332
3.302
3.282
3.282
3.266
3.244
3.246
3.312
3.38
3.389
3.402
3.452
3.452
3.373
3.287
3.237
3.212
3.173
3.139
3.135
3.151
3.185
3.246
3.33
3.384
3.412
3.409
3.368
3.291
3.237
3.205
3.144
3.046
3.005
2.987
2.969
2.944
2.953
2.983
2.985
2.989
3.042
3.146
3.201
3.203
3.219
3.244
3.228
3.164
3.114
3.098
3.096
3.11
3.137
3.173
3.212
3.255
3.26
3.25
3.278
3.332
3.343
3.289
3.253
3.273
3.275
3.198
3.151
3.203
3.275
3.289
3.278
3.293
3.298
3.302
3.312
3.346
3.389
3.414
3.409
3.386
3.389
3.407
3.432
3.47
3.504
3.473
3.414
3.393
3.4
3.405
3.398
3.405
3.407
3.382
3.346
3.291
3.282
3.352
3.445
3.489
3.486
3.475
3.475
3.47
3.445
3.405
3.359
3.291
3.205
3.117
3.055
2.999
2.983
3.017
3.055
3.042
3.04
3.071
3.064
3.021
3.012
3.008
2.949
2.851
2.776
2.72
2.647
2.577
2.538
2.497
2.481
2.513
2.554
2.574
2.593
2.631
2.679
2.679
2.597
2.502
2.404
2.293
2.202
2.171
2.144
2.114
2.118
2.177
2.23
2.257
2.332
2.445
2.504
2.463
2.413
2.416
2.395
2.361
2.352
2.345
2.298
2.23
2.187
2.175
2.191
2.261
2.354
2.436
2.466
2.477
2.52
2.525
2.456
2.395
2.35
2.314
2.291
2.27
2.248
2.25
2.305
2.411
2.484
2.495
2.511
2.574
2.608
2.565
2.534
2.581
2.608
2.593
2.597
2.617
2.597
2.543
2.534
2.57
2.606
2.617
2.631
2.636
2.613
2.604
2.633
2.636
2.565
2.493
2.447
2.427
2.407
2.393
2.391
2.366
2.357
2.368
2.391
2.375
2.382
2.452
2.513
2.486
2.418
2.4
2.438
2.445
2.402
2.386
2.348
2.218
2.1
2.073
2.066
2.075
2.134
2.134
2.048
1.978
1.969
1.951
1.871
1.849
1.939
1.998
1.937
1.869
1.833
1.796
1.781
1.817
1.853
1.846
1.796
1.735
1.703
1.66
1.585
1.556
1.531
1.463
1.413
1.411
1.375
1.295
1.243
1.254
1.277
1.259
1.232
1.234
1.204
1.157
1.139
1.089
0.962
0.844
0.803
0.819
0.871
0.905
0.887
0.835
0.798
0.825
0.887
0.894
0.882
0.903
0.912
0.846
0.748
0.658
0.581
0.519
0.481
0.508
0.558
0.54
0.492
0.485
0.517
0.556
0.608
0.594
0.547
0.553
0.603
0.558
0.458
0.372
0.322
0.304
0.315
0.311
0.299
0.295
0.297
0.342
0.37
0.342
0.315
0.274
0.245
0.249
0.243
0.191
0.118
0.045
0.009
0.02
0.023
0.002
0.016
0.057
0.054
0.059
0.079
0.007
-0.088
-0.107
-0.095
-0.145
-0.227
-0.313
-0.379
-0.422
-0.438
-0.411
-0.449
-0.494
-0.435
-0.329
-0.306
-0.331
-0.358
-0.39
-0.429
-0.479
-0.528
-0.553
-0.615
-0.712
-0.71
-0.64
-0.651
-0.728
-0.764
-0.762
-0.746
-0.694
-0.642
-0.66
-0.726
-0.746
-0.701
-0.692
-0.715
-0.676
-0.642
-0.628
-0.596
-0.569
-0.592
-0.615
-0.599
-0.542
-0.499
-0.513
-0.572
-0.59
-0.565
-0.585
-0.617
-0.603
-0.592
-0.608
-0.621
-0.596
-0.556
-0.563
-0.592
-0.585
-0.569
-0.544
-0.467
-0.426
-0.465
-0.485
-0.494
-0.515
-0.592
-0.683
-0.757
-0.764
-0.703
-0.683
-0.717
-0.748
-0.776
-0.773
-0.726
-0.699
-0.685
-0.701
-0.769
-0.855
-0.944
-1.059
-1.198
-1.325
-1.37
-1.322
-1.291
-1.304
-1.304
-1.275
-1.236
-1.164
-1.105
-1.116
-1.164
-1.184
-1.209
-1.277
-1.379
-1.524
-1.669
-1.733
-1.717
-1.706
-1.747
-1.794
-1.819
-1.837
-1.851
-1.826
-1.819
-1.826
-1.796
-1.79
-1.835
-1.883
-1.953
-2.023
-2.028
-2.007
-2.01
-2.007
-1.982
-1.914
-1.853
-1.873
-1.948
-2.019
-2.105
-2.18
-2.202
-2.218
-2.289
-2.386
-2.434
-2.429
-2.407
-2.361
-2.302
-2.243
-2.23
-2.236
-2.232
-2.216
-2.227
-2.293
-2.318
-2.298
-2.336
-2.425
-2.502
-2.529
-2.486
-2.411
-2.373
-2.37
-2.361
-2.314
-2.266
-2.218
-2.148
-2.134
-2.212
-2.261
-2.225
-2.225
-2.298
-2.364
-2.382
-2.37
-2.338
-2.327
-2.341
-2.341
-2.341
-2.354
-2.361
-2.37
-2.4
-2.42
-2.388
-2.402
-2.484
-2.497
-2.438
-2.432
-2.488
-2.513
-2.511
-2.513
-2.531
-2.565
-2.577
-2.565
-2.606
-2.69
-2.715
-2.642
-2.604
-2.624
-2.629
-2.615
-2.665
-2.717
-2.686
-2.645
-2.652
-2.652
-2.677
-2.751
-2.824
-2.858
-2.888
-2.908
-2.924
-2.897
-2.822
-2.763
-2.801
-2.853
-2.783
-2.695
-2.713
-2.765
-2.794
-2.831
-2.838
-2.828
-2.844
-2.888
-2.894
-2.826
-2.724
-2.602
-2.486
-2.488
-2.577
-2.577
-2.506
-2.511
-2.593
-2.683
-2.736
-2.745
-2.715
-2.674
-2.631
-2.572
-2.502
-2.456
-2.416
-2.382
-2.348
-2.291
-2.277
-2.368
-2.459
-2.447
-2.441
-2.468
-2.468
-2.429
-2.416
-2.42
-2.404
-2.336
-2.257
-2.189
-2.153
-2.162
-2.144
-2.13
-2.187
-2.243
-2.221
-2.187
-2.207
-2.214
-2.202
-2.216
-2.252
-2.282
-2.307
-2.343
-2.368
-2.364
-2.357
-2.384
-2.434
-2.441
-2.343
-2.298
-2.357
-2.345
-2.227
-2.182
-2.205
-2.212
-2.225
-2.286
-2.338
-2.364
-2.42
-2.5
-2.556
-2.563
-2.577
-2.57
-2.57
-2.631
-2.681
-2.638
-2.57
-2.552
-2.568
-2.595
-2.615
-2.652
-2.724
-2.835
-2.983
-3.103
-3.166
-3.203
-3.244
-3.266
-3.244
-3.157
-3.085
-3.087
-3.037
-2.917
-2.849
-2.844
-2.888
-2.967
-3.076
-3.214
-3.348
-3.402
-3.421
-3.407
-3.321
-3.203
-3.073
-3.033
-3.071
-3.087
-3.049
-3.051
-3.08
-3.087
-3.114
-3.194
-3.287
-3.352
-3.366
-3.355
-3.341
-3.314
-3.284
-3.278
-3.264
-3.194
-3.082
-3.042
-3.008
-2.869
-2.736
-2.697
-2.701
-2.724
-2.799
-2.876
-2.937
-2.983
-3.03
-3.087
-3.123
-3.148
-3.112
-2.996
-2.91
-2.876
-2.774
-2.617
-2.511
-2.452
-2.432
-2.456
-2.484
-2.54
-2.631
-2.76
-2.894
-2.999
-3.03
-2.999
-2.978
-2.942
-2.872
-2.783
-2.726
-2.674
-2.568
-2.463
-2.427
-2.47
-2.563
-2.656
-2.76
-2.924
-3.087
-3.166
-3.207
-3.28
-3.318
-3.26
-3.162
-3.024
-2.872
-2.731
-2.604
-2.477
-2.407
-2.452
-2.57
-2.692
-2.838
-3.001
-3.164
-3.307
-3.4
-3.436
-3.441
-3.393
-3.248
-3.042
-2.844
-2.706
-2.606
-2.522
-2.472
-2.525
-2.683
-2.844
-2.951
-3.062
-3.221
-3.368
-3.441
-3.439
-3.352
-3.221
-3.101
-2.969
-2.822
-2.679
-2.525
-2.377
-2.314
-2.329
-2.366
-2.459
-2.652
-2.89
-3.073
-3.18
-3.291
-3.38
-3.377
-3.287
-3.148
-2.971
-2.749
-2.52
-2.354
-2.23
-2.118
-2.055
-2.089
-2.234
-2.452
-2.715
-2.969
-3.153
-3.271
-3.357
-3.38
-3.266
-3.037
-2.792
-2.588
-2.393
-2.198
-2.046
-1.976
-2.012
-2.137
-2.323
-2.549
-2.74
-2.89
-3.026
-3.169
-3.262
-3.289
-3.26
-3.207
-3.085
-2.849
-2.611
-2.459
-2.368
-2.316
-2.311
-2.348
-2.429
-2.563
-2.745
-2.942
-3.157
-3.323
-3.402
-3.412
-3.38
-3.314
-3.196
-2.978
-2.758
-2.638
-2.554
-2.466
-2.429
-2.495
-2.663
-2.851
-3.01
-3.185
-3.384
-3.527
-3.595
-3.602
-3.516
-3.325
-3.108
-2.915
-2.738
-2.563
-2.422
-2.418
-2.529
-2.681
-2.822
-2.976
-3.148
-3.305
-3.425
-3.513
-3.523
-3.482
-3.402
-3.289
-3.146
-2.992
-2.847
-2.717
-2.624
-2.579
-2.568
-2.608
-2.706
-2.842
-3.071
-3.318
-3.468
-3.525
-3.541
-3.516
-3.436
-3.296
-3.112
-2.917
-2.722
-2.525
-2.386
-2.338
-2.352
-2.407
-2.52
-2.649
-2.778
-2.894
-3.001
-3.121
-3.223
-3.232
-3.18
-3.114
-3.024
-2.908
-2.788
-2.658
-2.518
-2.441
-2.438
-2.441
-2.418
-2.445
-2.536
-2.629
-2.701
-2.801
-2.924
-2.996
-3.021
-3.114
-3.191
-3.176
-3.108
-3.037
-2.944
-2.833
-2.726
-2.681
-2.677
-2.681
-2.715
-2.767
-2.824
-2.876
-2.942
-3.003
-3.053
-3.04
-2.971
-2.908
-2.865
-2.813
-2.758
-2.699
-2.704
-2.776
-2.824
-2.835
-2.865
-2.894
-2.921
-2.96
-2.989
-2.974
-2.937
-2.869
-2.781
-2.708
-2.654
-2.602
-2.563
-2.527
-2.556
-2.647
-2.715
-2.792
-2.878
-2.944
-2.978
-3.008
-3.037
-3.026
-2.951
-2.842
-2.738
-2.608
-2.438
-2.266
-2.123
-2.014
-1.946
-1.935
-2.005
-2.164
-2.379
-2.593
-2.745
-2.844
-2.921
-2.946
-2.901
-2.806
-2.692
-2.547
-2.338
-2.123
-1.964
-1.83
-1.715
-1.663
-1.669
-1.721
-1.821
-1.955
-2.1
-2.25
-2.37
-2.402
-2.4
-2.427
-2.443
-2.404
-2.343
-2.252
-2.134
-2.016
-1.892
-1.756
-1.644
-1.56
-1.499
-1.515
-1.613
-1.697
-1.765
-1.835
-1.944
-2.094
-2.234
-2.293
-2.3
-2.275
-2.232
-2.141
-2.032
-1.901
-1.751
-1.622
-1.536
-1.479
-1.438
-1.395
-1.327
-1.288
-1.336
-1.456
-1.574
-1.66
-1.735
-1.812
-1.923
-1.985
-2.012
-2.039
-2.014
-1.921
-1.821
-1.737
-1.669
-1.583
-1.483
-1.402
-1.363
-1.322
-1.268
-1.232
-1.254
-1.284
-1.3
-1.361
-1.44
-1.452
-1.436
-1.474
-1.56
-1.642
-1.667
-1.649
-1.658
-1.685
-1.642
-1.545
-1.433
-1.3
-1.107
-0.894
-0.719
-0.612
-0.549
-0.506
-0.526
-0.621
-0.751
-0.853
-0.971
-1.136
-1.297
-1.44
-1.52
-1.499
-1.377
-1.195
-0.993
-0.753
-0.476
-0.222
-0.045
0.048
0.1
0.136
0.143
0.063
-0.075
-0.268
-0.517
-0.773
-0.964
-1.073
-1.116
-1.098
-0.98
-0.742
-0.444
-0.163
0.111
0.37
0.537
0.603
0.64
0.689
0.674
0.544
0.354
0.159
-0.023
-0.2
-0.352
-0.444
-0.483
-0.497
-0.447
-0.265
-0.054
0.061
0.145
0.288
0.451
0.542
0.549
0.533
0.542
0.544
0.515
0.485
0.442
0.363
0.281
0.268
0.295
0.279
0.2
0.138
0.145
0.172
0.175
0.165
0.177
0.2
0.211
0.263
0.374
0.51
0.624
0.737
0.88
0.982
0.996
0.984
1.009
1.007
0.894
0.73
0.569
0.399
0.245
0.175
0.215
0.313
0.417
0.553
0.753
0.982
1.168
1.302
1.415
1.536
1.595
1.574
1.547
1.465
1.281
1.046
0.862
0.739
0.646
0.592
0.658
0.857
1.091
1.254
1.438
1.672
1.864
1.989
2.116
2.268
2.357
2.311
2.166
2.021
1.889
1.728
1.524
1.329
1.195
1.145
1.157
1.263
1.497
1.758
1.987
2.23
2.47
2.615
2.661
2.69
2.731
2.701
2.577
2.402
2.234
2.107
1.989
1.887
1.835
1.853
1.887
1.967
2.098
2.257
2.409
2.561
2.663
2.654
2.561
2.529
2.558
2.536
2.459
2.432
2.432
2.393
2.307
2.268
2.332
2.427
2.477
2.502
2.518
2.525
2.497
2.488
2.529
2.484
2.384
2.336
2.348
2.375
2.397
2.441
2.529
2.64
2.717
2.788
2.819
2.849
2.906
2.94
2.91
2.849
2.726
2.536
2.427
2.438
2.472
2.49
2.525
2.579
2.688
2.858
3.035
3.203
3.373
3.473
3.48
3.466
3.448
3.4
3.364
3.332
3.269
3.141
3.003
2.91
2.867
2.838
2.869
3.033
3.198
3.332
3.47
3.611
3.747
3.863
3.931
3.945
3.942
3.915
3.829
3.704
3.593
3.489
3.414
3.391
3.364
3.337
3.377
3.459
3.541
3.659
3.777
3.87
3.94
3.999
4.003
3.96
3.845
3.727
3.641
3.552
3.489
3.452
3.4
3.33
3.275
3.255
3.307
3.414
3.473
3.482
3.536
3.625
3.695
3.756
3.756
3.627
3.459
3.364
3.328
3.3
3.269
3.23
3.26
3.325
3.366
3.355
3.296
3.309
3.418
3.477
3.482
3.454
3.373
3.278
3.248
3.262
3.264
3.262
3.246
3.246
3.341
3.47
3.554
3.627
3.736
3.777
3.724
3.65
3.575
3.493
3.432
3.398
3.389
3.346
3.289
3.248
3.219
3.234
3.382
3.529
3.566
3.575
3.641
3.736
3.786
3.781
3.722
3.654
3.584
3.507
3.473
3.482
3.443
3.38
3.418
3.534
3.548
3.486
3.475
3.545
3.645
3.709
3.684
3.588
3.532
3.529
3.532
3.545
3.618
3.69
3.616
3.536
3.568
3.586
3.498
3.382
3.289
3.212
3.135
3.073
3.062
3.135
3.25
3.341
3.459
3.609
3.674
3.632
3.584
3.593
3.582
3.475
3.291
3.123
3.017
2.974
2.937
2.853
2.79
2.853
2.946
2.983
3.003
3.042
3.058
3.04
2.994
2.933
2.867
2.797
2.769
2.831
2.953
3.04
3.021
2.967
3.014
3.069
2.965
2.835
2.763
2.663
2.506
2.366
2.3
2.293
2.309
2.357
2.495
2.647
2.717
2.772
2.919
3.058
3.101
3.087
3.035
2.912
2.717
2.502
2.345
2.282
2.259
2.225
2.221
2.289
2.438
2.627
2.781
2.897
3.028
3.126
3.089
2.978
2.853
2.765
2.722
2.656
2.579
2.536
2.522
2.527
2.547
2.581
2.613
2.663
2.697
2.649
2.563
2.558
2.586
2.574
2.563
2.595
2.586
2.538
2.547
2.645
2.717
2.692
2.647
2.638
2.561
2.404
2.293
2.212
2.112
2.023
2.003
2.041
2.105
2.148
2.218
2.338
2.436
2.452
2.384
2.264
2.1
1.978
1.923
1.837
1.731
1.701
1.715
1.728
1.762
1.853
1.917
1.946
1.946
1.919
1.871
1.79
1.703
1.64
1.576
1.542
1.574
1.551
1.479
1.468
1.545
1.656
1.751
1.815
1.83
1.781
1.706
1.642
1.592
1.499
1.334
1.254
1.313
1.336
1.309
1.368
1.506
1.617
1.731
1.864
1.978
1.989
1.901
1.817
1.826
1.851
1.826
1.774
1.715
1.706
1.767
1.801
1.821
1.919
2.041
2.137
2.184
2.193
2.157
2.112
2.075
2.064
2.084
2.075
2.039
2.075
2.187
2.241
2.295
2.438
2.549
2.561
2.511
2.447
2.395
2.35
2.318
2.32
2.343
2.364
2.411
2.452
2.468
2.581
2.772
2.872
2.853
2.81
2.751
2.692
2.638
2.62
2.606
2.593
2.554
2.511
2.529
2.568
2.577
2.665
2.813
2.915
2.944
2.94
2.901
2.856
2.81
2.794
2.824
2.881
2.908
2.874
2.874
2.946
3.087
3.166
3.166
3.194
3.262
3.232
3.153
