Unnamed: 3
Value
-0.374
-0.372
-0.422
-0.485
-0.531
-0.581
-0.64
-0.683
-0.726
-0.755
-0.705
-0.626
-0.558
-0.476
-0.386
-0.324
-0.331
-0.336
-0.313
-0.304
-0.374
-0.499
-0.617
-0.724
-0.823
-0.846
-0.78
-0.712
-0.685
-0.606
-0.438
-0.245
-0.127
-0.097
-0.111
-0.141
-0.218
-0.338
-0.445
-0.542
-0.64
-0.712
-0.719
-0.699
-0.712
-0.726
-0.676
-0.556
-0.426
-0.363
-0.327
-0.279
-0.288
-0.367
-0.424
-0.426
-0.472
-0.576
-0.676
-0.721
-0.742
-0.771
-0.753
-0.683
-0.628
-0.612
-0.574
-0.494
-0.429
-0.401
-0.408
-0.426
-0.46
-0.488
-0.49
-0.499
-0.526
-0.583
-0.622
-0.628
-0.61
-0.615
-0.61
-0.533
-0.39
-0.247
-0.136
-0.052
0.014
0.048
0.05
0.066
0.057
-0.002
-0.104
-0.197
-0.252
-0.302
-0.386
-0.463
-0.451
-0.399
-0.349
-0.277
-0.172
-0.088
-0.077
-0.12
-0.17
-0.209
-0.293
-0.422
-0.504
-0.517
-0.542
-0.592
-0.601
-0.563
-0.556
-0.563
-0.504
-0.406
-0.372
-0.401
-0.431
-0.454
-0.517
-0.606
-0.612
-0.59
-0.626
-0.724
-0.81
-0.828
-0.81
-0.803
-0.807
-0.803
-0.805
-0.844
-0.842
-0.78
-0.742
-0.792
-0.862
-0.853
-0.83
-0.853
-0.864
-0.817
-0.789
-0.812
-0.848
-0.848
-0.86
-0.905
-0.914
-0.821
-0.662
-0.542
-0.499
-0.515
-0.517
-0.522
-0.526
-0.565
-0.637
-0.717
-0.796
-0.857
-0.891
-0.923
-0.948
-0.946
-0.914
-0.846
-0.753
-0.656
-0.594
-0.569
-0.565
-0.576
-0.622
-0.685
-0.751
-0.801
-0.817
-0.814
-0.803
-0.748
-0.651
-0.542
-0.447
-0.39
-0.315
-0.234
-0.197
-0.204
-0.234
-0.268
-0.32
-0.415
-0.553
-0.626
-0.624
-0.606
-0.603
-0.603
-0.563
-0.483
-0.431
-0.413
-0.34
-0.254
-0.236
-0.286
-0.345
-0.392
-0.401
-0.352
-0.331
-0.361
-0.383
-0.383
-0.397
-0.415
-0.431
-0.447
-0.485
-0.533
-0.528
-0.447
-0.39
-0.374
-0.383
-0.39
-0.429
-0.499
-0.581
-0.637
-0.696
-0.817
-0.946
-1
-0.98
-0.939
-0.878
-0.801
-0.724
-0.66
-0.592
-0.528
-0.494
-0.501
-0.524
-0.569
-0.674
-0.828
-0.91
-0.862
-0.776
-0.735
-0.719
-0.678
-0.612
-0.549
-0.472
-0.383
-0.311
-0.295
-0.306
-0.331
-0.367
-0.388
-0.361
-0.34
-0.342
-0.372
-0.37
-0.349
-0.333
-0.299
-0.256
-0.256
-0.297
-0.304
-0.254
-0.191
-0.186
-0.229
-0.261
-0.247
-0.238
-0.254
-0.277
-0.306
-0.354
-0.388
-0.42
-0.436
-0.404
-0.345
-0.308
-0.295
-0.272
-0.215
-0.177
-0.161
-0.154
-0.177
-0.231
-0.32
-0.401
-0.44
-0.467
-0.504
-0.558
-0.581
-0.578
-0.606
-0.599
-0.519
-0.433
-0.395
-0.397
-0.406
-0.377
-0.347
-0.34
-0.342
-0.345
-0.363
-0.354
-0.329
-0.342
-0.361
-0.318
-0.279
-0.261
-0.245
-0.218
-0.177
-0.138
-0.125
-0.147
-0.175
-0.215
-0.256
-0.27
-0.277
-0.315
-0.342
-0.34
-0.37
-0.424
-0.433
-0.372
-0.313
-0.315
-0.322
-0.318
-0.315
-0.315
-0.283
-0.215
-0.168
-0.175
-0.225
-0.245
-0.227
-0.206
-0.193
-0.209
-0.277
-0.349
-0.354
-0.313
-0.27
-0.236
-0.236
-0.272
-0.308
-0.315
-0.272
-0.238
-0.277
-0.333
-0.336
-0.32
-0.308
-0.281
-0.2
-0.136
-0.116
-0.122
-0.077
0.007
0.063
0.079
0.095
0.163
0.22
0.231
0.238
0.27
0.306
0.322
0.302
0.268
0.265
0.304
0.327
0.288
0.238
0.231
0.22
0.2
0.22
0.24
0.234
0.252
0.288
0.315
0.333
0.358
0.42
0.49
0.54
0.565
0.601
0.644
0.678
0.674
0.622
0.567
0.508
0.46
0.44
0.447
0.445
0.463
0.538
0.619
0.635
0.624
0.633
0.64
0.624
0.594
0.569
0.51
0.367
0.236
0.193
0.211
0.27
0.324
0.336
0.361
0.449
0.556
0.644
0.696
0.68
0.633
0.608
0.597
0.574
0.576
0.587
0.567
0.522
0.472
0.44
0.438
0.447
0.449
0.442
0.46
0.483
0.504
0.558
0.644
0.676
0.628
0.583
0.603
0.64
0.635
0.574
0.49
0.399
0.349
0.318
0.302
0.318
0.349
0.381
0.438
0.556
0.687
0.776
0.776
0.744
0.737
0.701
0.603
0.497
0.422
0.363
0.318
0.288
0.315
0.361
0.381
0.395
0.456
0.547
0.608
0.644
0.653
0.674
0.687
0.671
0.615
0.56
0.528
0.504
0.449
0.39
0.381
0.388
0.363
0.311
0.288
0.299
0.345
0.429
0.499
0.553
0.585
0.599
0.608
0.597
0.538
0.481
0.438
0.377
0.302
0.24
0.209
0.218
0.259
0.32
0.411
0.517
0.601
0.633
0.633
0.64
0.651
0.631
0.553
0.431
0.327
0.243
0.202
0.177
0.15
0.15
0.22
0.327
0.392
0.44
0.488
0.549
0.606
0.59
0.556
0.563
0.572
0.556
0.544
0.556
0.528
0.47
0.44
0.467
0.499
0.492
0.488
0.526
0.583
0.587
0.587
0.64
0.651
0.619
0.59
0.597
0.619
0.608
0.567
0.479
0.367
0.293
0.259
0.274
0.295
0.318
0.352
0.392
0.44
0.513
0.581
0.594
0.553
0.508
0.494
0.508
0.488
0.458
0.442
0.358
0.243
0.184
0.181
0.211
0.259
0.283
0.272
0.249
0.263
0.318
0.356
0.324
0.297
0.299
0.324
0.333
0.297
0.234
0.2
0.17
0.134
0.116
0.134
0.15
0.161
0.22
0.324
0.395
0.451
0.492
0.458
0.37
0.336
0.358
0.345
0.272
0.204
0.186
0.134
0.063
0.034
0.043
0.073
0.102
0.179
0.286
0.315
0.331
0.388
0.442
0.413
0.333
0.302
0.308
0.283
0.234
0.188
0.166
0.129
0.059
-0.014
-0.02
0
0.039
0.111
0.215
0.311
0.372
0.422
0.431
0.367
0.277
0.245
0.252
0.218
0.175
0.116
0.025
-0.023
-0.016
0.025
0.077
0.154
0.236
0.311
0.352
0.404
0.481
0.538
0.519
0.424
0.347
0.293
0.254
0.247
0.243
0.215
0.159
0.104
0.079
0.125
0.204
0.263
0.315
0.349
0.379
0.404
0.424
0.465
0.499
0.467
0.42
0.399
0.347
0.274
0.204
0.116
0.02
-0.02
0.007
0.052
0.095
0.138
0.202
0.277
0.338
0.377
0.429
0.451
0.383
0.279
0.236
0.218
0.161
0.084
-0.002
-0.102
-0.166
-0.152
-0.077
-0.025
-0.025
-0.032
0.002
0.032
0.027
0.032
0.075
0.088
0.068
0.025
-0.025
-0.063
-0.1
-0.152
-0.236
-0.338
-0.417
-0.422
-0.363
-0.306
-0.268
-0.24
-0.166
-0.05
0.052
0.1
0.07
0.005
-0.002
0.007
-0.034
-0.111
-0.2
-0.293
-0.381
-0.436
-0.422
-0.358
-0.268
-0.231
-0.227
-0.204
-0.116
0.007
0.073
0.061
0.045
0.032
0
-0.034
-0.052
-0.095
-0.141
-0.172
-0.2
-0.218
-0.225
-0.168
-0.102
-0.057
-0.007
0.082
0.204
0.277
0.225
0.152
0.138
0.134
0.109
0.059
-0.029
-0.134
-0.209
-0.238
-0.238
-0.249
-0.252
-0.197
-0.154
-0.177
-0.193
-0.136
-0.088
-0.109
-0.175
-0.254
-0.306
-0.338
-0.336
-0.293
-0.288
-0.331
-0.365
-0.352
-0.333
-0.342
-0.374
-0.379
-0.37
-0.367
-0.352
-0.34
-0.399
-0.481
-0.508
-0.504
-0.483
-0.442
-0.422
-0.454
-0.508
-0.524
-0.49
-0.454
-0.454
-0.44
-0.415
-0.377
-0.324
-0.254
-0.215
-0.225
-0.263
-0.27
-0.243
-0.245
-0.279
-0.279
-0.268
-0.277
-0.315
-0.308
-0.238
-0.161
-0.118
-0.084
-0.05
-0.045
-0.041
-0.043
-0.104
-0.213
-0.272
-0.254
-0.218
-0.231
-0.288
-0.327
-0.311
-0.252
-0.188
-0.161
-0.163
-0.172
-0.166
-0.147
-0.109
-0.102
-0.188
-0.318
-0.411
-0.492
-0.553
-0.578
-0.563
-0.572
-0.587
-0.587
-0.533
-0.442
-0.383
-0.358
-0.329
-0.274
-0.213
-0.184
-0.188
-0.27
-0.422
-0.544
-0.574
-0.592
-0.615
-0.633
-0.646
-0.631
-0.549
-0.415
-0.274
-0.197
-0.204
-0.222
-0.236
-0.243
-0.238
-0.236
-0.279
-0.374
-0.463
-0.506
-0.542
-0.578
-0.587
-0.565
-0.551
-0.524
-0.456
-0.374
-0.311
-0.272
-0.249
-0.236
-0.247
-0.277
-0.268
-0.279
-0.372
-0.474
-0.488
-0.449
-0.46
-0.51
-0.538
-0.519
-0.492
-0.406
-0.252
-0.129
-0.091
-0.079
-0.043
-0.007
-0.036
-0.125
-0.229
-0.354
-0.499
-0.592
-0.619
-0.61
-0.635
-0.624
-0.556
-0.492
-0.408
-0.293
-0.197
-0.168
-0.2
-0.234
-0.252
-0.302
-0.408
-0.51
-0.597
-0.683
-0.708
-0.671
-0.656
-0.644
-0.601
-0.504
-0.39
-0.295
-0.202
-0.141
-0.109
-0.116
-0.161
-0.193
-0.204
-0.245
-0.324
-0.415
-0.476
-0.544
-0.587
-0.547
-0.472
-0.451
-0.447
-0.367
-0.225
-0.095
-0.014
0.034
0.032
-0.016
-0.05
-0.07
-0.109
-0.156
-0.195
-0.195
-0.188
-0.184
-0.211
-0.218
-0.177
-0.086
0
0.1
0.193
0.24
0.247
0.227
0.159
0.095
0.079
0.07
0.032
-0.041
-0.127
-0.202
-0.236
-0.222
-0.204
-0.184
-0.184
-0.163
-0.086
0.007
0.043
0.025
-0.002
-0.034
-0.084
-0.134
-0.17
-0.256
-0.374
-0.442
-0.431
-0.46
-0.563
-0.617
-0.565
-0.451
-0.363
-0.324
-0.304
-0.293
-0.288
-0.288
-0.288
-0.32
-0.358
-0.361
-0.367
-0.417
-0.524
-0.622
-0.644
-0.606
-0.578
-0.556
-0.513
-0.449
-0.39
-0.338
-0.29
-0.274
-0.283
-0.288
-0.268
-0.247
-0.231
-0.229
-0.215
-0.152
-0.116
-0.154
-0.195
-0.147
-0.036
0.068
0.109
0.134
0.177
0.206
0.202
0.172
0.147
0.118
0.063
0.029
0.073
0.111
0.063
-0.07
-0.138
-0.091
-0.036
-0.027
-0.025
-0.014
-0.011
-0.014
0.023
0.061
0.066
0.034
0.029
0.059
0.07
0.048
0.018
0.023
-0.009
-0.116
-0.238
-0.238
-0.15
-0.122
-0.163
-0.191
-0.195
-0.188
-0.166
-0.136
-0.132
-0.209
-0.286
-0.29
-0.279
-0.324
-0.406
-0.445
-0.426
-0.39
-0.336
-0.274
-0.204
-0.166
-0.145
-0.107
-0.086
-0.086
-0.084
-0.073
-0.068
-0.077
-0.073
-0.041
-0.016
-0.043
-0.102
-0.138
-0.147
-0.125
-0.109
-0.116
-0.129
-0.125
-0.097
-0.07
-0.057
-0.036
-0.036
-0.073
-0.082
-0.027
0.009
-0.048
-0.161
-0.254
-0.263
-0.229
-0.218
-0.218
-0.177
-0.125
-0.125
-0.073
0.025
0.077
0.07
0.054
0.025
-0.025
-0.025
0.054
0.086
0.009
-0.07
-0.086
-0.088
-0.088
-0.077
-0.045
-0.045
-0.077
-0.082
0.002
0.12
0.145
0.102
0.129
0.204
0.243
0.243
0.238
0.222
0.181
0.161
0.134
0.068
-0.011
-0.029
0.034
0.102
0.129
0.163
0.22
0.247
0.236
0.225
0.222
0.209
0.177
0.154
0.12
0.034
-0.052
-0.063
-0.05
-0.116
-0.22
-0.236
-0.15
-0.052
-0.005
0.016
-0.014
-0.057
-0.034
0.052
0.125
0.118
0.061
0.009
-0.048
-0.107
-0.143
-0.138
-0.134
-0.138
-0.116
-0.029
0.12
0.265
0.361
0.442
0.483
0.488
0.513
0.597
0.66
0.667
0.619
0.542
0.47
0.458
0.533
0.585
0.583
0.587
0.608
0.653
0.714
0.783
0.842
0.871
0.855
0.807
0.764
0.721
0.692
0.68
0.658
0.565
0.395
0.229
0.141
0.15
0.179
0.17
0.141
0.152
0.218
0.299
0.345
0.37
0.392
0.379
0.315
0.209
0.109
0.057
0.009
-0.075
-0.181
-0.274
-0.302
-0.24
-0.113
0.011
0.107
0.129
0.136
0.188
0.272
0.329
0.327
0.331
0.308
0.243
0.204
0.236
0.288
0.315
0.322
0.342
0.388
0.47
0.563
0.631
0.696
0.767
0.805
0.851
0.925
1.009
1.075
1.1
1.062
1
0.948
0.889
0.821
0.785
0.767
0.744
0.744
0.762
0.78
0.826
0.873
0.919
0.932
0.864
0.76
0.649
0.576
0.544
0.51
0.449
0.367
0.306
0.29
0.293
0.315
0.315
0.299
0.263
0.193
0.111
0.066
0.093
0.12
0.088
0.045
0.052
0.138
0.261
0.336
0.315
0.272
0.243
0.215
0.168
0.141
0.143
0.136
0.122
0.134
0.172
0.234
0.277
0.336
0.408
0.465
0.483
0.46
0.438
0.429
0.44
0.451
0.447
0.47
0.51
0.549
0.583
0.612
0.61
0.583
0.551
0.522
0.517
0.56
0.633
0.678
0.739
0.823
0.898
0.959
1.057
1.145
1.152
1.08
1.025
1.025
0.971
0.83
0.667
0.563
0.501
0.42
0.37
0.397
0.424
0.415
0.46
0.556
0.603
0.592
0.581
0.576
0.567
0.551
0.547
0.542
0.497
0.438
0.42
0.399
0.313
0.231
0.213
0.22
0.177
0.147
0.197
0.277
0.345
0.429
0.519
0.574
0.59
0.622
0.665
0.646
0.565
0.513
0.492
0.431
0.342
0.308
0.311
0.272
0.218
0.279
0.392
0.415
0.413
0.533
0.714
0.803
0.771
0.739
0.783
0.81
0.78
0.771
0.742
0.687
0.66
0.653
0.603
0.488
0.401
0.377
0.358
0.32
0.299
0.358
0.445
0.538
0.642
0.68
0.633
0.594
0.644
0.683
0.637
0.544
0.481
0.424
0.313
0.225
0.186
0.134
0.073
0.063
0.134
0.195
0.195
0.252
0.415
0.551
0.563
0.544
0.612
0.696
0.719
0.683
0.608
0.501
0.39
0.308
0.231
0.136
0.045
0.009
0.016
-0.002
0.009
0.077
0.193
0.302
0.383
0.463
0.497
0.497
0.524
0.569
0.528
0.401
0.268
0.161
0.068
-0.009
-0.045
-0.061
-0.091
-0.086
0.02
0.177
0.265
0.313
0.426
0.606
0.73
0.826
0.903
0.928
0.887
0.817
0.73
0.601
0.447
0.338
0.302
0.279
0.259
0.256
0.261
0.279
0.354
0.467
0.565
0.622
0.692
0.787
0.803
0.714
0.651
0.656
0.61
0.481
0.381
0.347
0.288
0.206
0.184
0.209
0.197
0.179
0.263
0.413
0.467
0.413
0.426
0.547
0.649
0.662
0.619
0.563
0.494
0.424
0.377
0.279
0.138
0.025
0
-0.014
-0.052
-0.068
-0.036
0.009
0.025
0.018
0.084
0.181
0.274
0.363
0.383
0.304
0.256
0.295
0.322
0.268
0.163
0.113
0.116
0.079
0.039
0.086
0.147
0.159
0.177
0.274
0.383
0.44
0.522
0.656
0.773
0.783
0.76
0.764
0.746
0.694
0.656
0.674
0.642
0.538
0.415
0.349
0.324
0.315
0.302
0.288
0.29
0.342
0.445
0.483
0.447
0.465
0.535
0.531
0.401
0.27
0.256
0.308
0.272
0.161
0.097
0.052
-0.016
-0.041
-0.005
0.007
-0.009
0.05
0.181
0.231
0.184
0.193
0.272
0.299
0.222
0.136
0.12
0.152
0.172
0.145
0.054
-0.063
-0.143
-0.15
-0.127
-0.107
-0.057
-0.011
-0.014
-0.02
0.009
0.07
0.107
0.118
0.159
0.206
0.193
0.177
0.227
0.293
0.27
0.227
0.245
0.256
0.193
0.156
0.22
0.32
0.331
0.283
0.299
0.401
0.483
0.508
0.49
0.465
0.438
0.397
0.358
0.318
0.272
0.24
0.234
0.227
0.181
0.147
0.193
0.288
0.34
0.297
0.202
0.159
0.197
0.259
0.245
0.163
0.102
0.125
0.122
0.068
0.048
0.102
0.152
0.102
-0.018
-0.116
-0.193
-0.27
-0.34
-0.374
-0.399
-0.415
-0.386
-0.308
-0.22
-0.195
-0.186
-0.163
-0.181
-0.252
-0.306
-0.308
-0.306
-0.349
-0.44
-0.526
-0.531
-0.479
-0.451
-0.429
-0.374
-0.265
-0.188
-0.218
-0.279
-0.29
-0.274
-0.281
-0.286
-0.265
-0.263
-0.247
-0.209
-0.166
-0.154
-0.195
-0.202
-0.147
-0.109
-0.134
-0.152
-0.1
-0.036
-0.027
-0.036
-0.041
-0.029
0
0.014
-0.002
-0.043
-0.075
-0.118
-0.2
-0.308
-0.42
-0.46
-0.445
-0.44
-0.438
-0.386
-0.293
-0.175
-0.066
0.018
0.043
0.039
0.036
-0.011
-0.127
-0.281
-0.388
-0.431
-0.454
-0.456
-0.456
-0.47
-0.46
-0.388
-0.297
-0.225
-0.188
-0.184
-0.184
-0.195
-0.206
-0.243
-0.299
-0.374
-0.431
-0.442
-0.424
-0.401
-0.399
-0.386
-0.349
-0.329
-0.347
-0.411
-0.451
-0.424
-0.345
-0.27
-0.22
-0.177
-0.136
-0.107
-0.107
-0.143
-0.227
-0.283
-0.263
-0.252
-0.313
-0.39
-0.417
-0.406
-0.367
-0.327
-0.293
-0.268
-0.204
-0.088
0.014
0.025
-0.011
-0.045
-0.102
-0.2
-0.293
-0.345
-0.388
-0.424
-0.424
-0.39
-0.372
-0.367
-0.329
-0.256
-0.206
-0.209
-0.259
-0.318
-0.354
-0.372
-0.401
-0.438
-0.472
-0.499
-0.497
-0.494
-0.513
-0.549
-0.587
-0.622
-0.649
-0.656
-0.662
-0.683
-0.724
-0.737
-0.748
-0.769
-0.762
-0.714
-0.653
-0.597
-0.524
-0.474
-0.494
-0.547
-0.581
-0.597
-0.635
-0.68
-0.68
-0.665
-0.624
-0.558
-0.513
-0.494
-0.488
-0.519
-0.572
-0.578
-0.549
-0.547
-0.567
-0.569
-0.528
-0.492
-0.447
-0.39
-0.34
-0.315
-0.283
-0.24
-0.247
-0.29
-0.342
-0.411
-0.51
-0.594
-0.653
-0.696
-0.705
-0.658
-0.558
-0.474
-0.436
-0.42
-0.401
-0.386
-0.379
-0.42
-0.479
-0.519
-0.553
-0.61
-0.631
-0.601
-0.587
-0.617
-0.635
-0.626
-0.578
-0.522
-0.479
-0.442
-0.442
-0.438
-0.395
-0.379
-0.397
-0.397
-0.39
-0.356
-0.342
-0.424
-0.524
-0.553
-0.563
-0.587
-0.64
-0.726
-0.801
-0.814
-0.771
-0.692
-0.622
-0.594
-0.583
-0.567
-0.538
-0.488
-0.426
-0.429
-0.504
-0.599
-0.676
-0.728
-0.737
-0.69
-0.66
-0.656
-0.651
-0.642
-0.633
-0.581
-0.504
-0.476
-0.481
-0.499
-0.544
-0.572
-0.547
-0.519
-0.51
-0.494
-0.492
-0.519
-0.565
-0.542
-0.447
-0.417
-0.497
-0.569
-0.581
-0.583
-0.585
-0.574
-0.528
-0.465
-0.431
-0.404
-0.354
-0.306
-0.277
-0.263
-0.279
-0.311
-0.352
-0.374
-0.338
-0.29
-0.302
-0.342
-0.354
-0.347
-0.342
-0.342
-0.333
-0.313
-0.327
-0.383
-0.426
-0.415
-0.361
-0.313
-0.299
-0.336
-0.401
-0.431
-0.374
-0.306
-0.315
-0.395
-0.472
-0.524
-0.567
-0.56
-0.499
-0.44
-0.42
-0.451
-0.488
-0.504
-0.467
-0.404
-0.374
-0.406
-0.433
-0.417
-0.417
-0.431
-0.422
-0.392
-0.374
-0.372
-0.401
-0.417
-0.365
-0.245
-0.15
-0.159
-0.218
-0.281
-0.306
-0.302
-0.283
-0.268
-0.274
-0.283
-0.331
-0.39
-0.408
-0.377
-0.331
-0.331
-0.338
-0.32
-0.302
-0.277
-0.227
-0.163
-0.143
-0.175
-0.222
-0.247
-0.229
-0.195
-0.163
-0.17
-0.227
-0.308
-0.381
-0.408
-0.377
-0.34
-0.324
-0.331
-0.338
-0.318
-0.279
-0.254
-0.277
-0.342
-0.422
-0.492
-0.538
-0.547
-0.542
-0.526
-0.522
-0.526
-0.522
-0.483
-0.438
-0.386
-0.322
-0.272
-0.277
-0.338
-0.37
-0.361
-0.352
-0.356
-0.395
-0.442
-0.449
-0.438
-0.413
-0.358
-0.313
-0.311
-0.329
-0.331
-0.306
-0.231
-0.15
-0.07
-0.007
-0.005
-0.034
-0.016
0.039
0.048
-0.007
-0.077
-0.113
-0.134
-0.17
-0.172
-0.118
-0.059
-0.034
-0.007
0.05
0.12
0.184
0.225
0.213
0.166
0.088
-0.005
-0.102
-0.179
-0.211
-0.188
-0.161
-0.161
-0.159
-0.1
-0.014
0.07
0.116
0.097
0.061
0.014
-0.041
-0.045
-0.02
-0.025
-0.091
-0.168
-0.191
-0.159
-0.111
-0.059
-0.02
-0.034
-0.073
-0.07
-0.066
-0.075
-0.088
-0.088
-0.12
-0.186
-0.204
-0.161
-0.134
-0.141
-0.132
-0.143
-0.209
-0.265
-0.283
-0.281
-0.263
-0.222
-0.159
-0.107
-0.088
-0.068
-0.032
0.02
0.066
0.063
0.005
-0.095
-0.181
-0.256
-0.342
-0.404
-0.422
-0.413
-0.388
-0.308
-0.211
-0.086
0.039
0.113
0.093
0.011
-0.05
-0.088
-0.163
-0.245
-0.281
-0.302
-0.315
-0.261
-0.143
-0.034
0.027
0.068
0.091
0.1
0.086
0.048
0.032
0.034
-0.011
-0.088
-0.136
-0.141
-0.134
-0.12
-0.102
-0.061
-0.011
-0.032
-0.116
-0.163
-0.132
-0.109
-0.122
-0.118
-0.084
-0.057
-0.005
0.095
0.193
0.238
0.231
0.186
0.104
0.041
0.039
0.05
0.02
-0.009
-0.002
0.025
0.073
0.147
0.215
0.252
0.263
0.265
0.249
0.238
0.229
0.238
0.229
0.181
0.136
0.161
0.256
0.358
0.422
0.451
0.506
0.576
0.592
0.553
0.483
0.433
0.426
0.415
0.365
0.338
0.354
0.408
0.483
0.513
0.513
0.542
0.581
0.572
0.494
0.44
0.426
0.406
0.338
0.283
0.283
0.308
0.311
0.318
0.347
0.358
0.399
0.49
0.517
0.429
0.322
0.268
0.238
0.204
0.181
0.17
0.17
0.141
0.091
0.05
0.048
0.095
0.107
0.029
-0.088
-0.129
-0.102
-0.07
-0.048
0.011
0.082
0.111
0.113
0.145
0.195
0.227
0.261
0.286
0.265
0.184
0.116
0.1
0.109
0.154
0.222
0.279
0.299
0.306
0.327
0.39
0.436
0.458
0.447
0.37
0.27
0.195
0.2
0.277
0.331
0.324
0.306
0.338
0.377
0.399
0.433
0.463
0.467
0.456
0.449
0.451
0.422
0.406
0.408
0.397
0.39
0.401
0.397
0.381
0.395
0.422
0.42
0.383
0.342
0.322
0.295
0.231
0.193
0.227
0.279
0.293
0.288
0.313
0.345
0.363
0.374
0.383
0.379
0.367
0.383
0.42
0.458
0.488
0.531
0.576
0.581
0.581
0.624
0.642
0.603
0.549
0.519
0.515
0.51
0.515
0.524
0.522
0.51
0.531
0.578
0.587
0.578
0.597
0.597
0.556
0.506
0.456
0.433
0.411
0.388
0.377
0.377
0.383
0.401
0.436
0.442
0.397
0.333
0.315
0.288
0.231
0.193
0.175
0.179
0.188
0.193
0.215
0.204
0.161
0.145
0.136
0.052
-0.075
-0.145
-0.156
-0.154
-0.147
-0.122
-0.068
-0.009
0.025
0.041
0.066
0.091
0.082
0.054
0.009
-0.018
-0.011
0.034
0.045
0.002
0
0.059
0.109
0.161
0.225
0.281
0.306
0.336
0.374
0.399
0.379
0.37
0.406
0.438
0.399
0.365
0.392
0.465
0.508
0.508
0.526
0.569
0.585
0.587
0.631
0.69
0.724
0.755
0.776
0.769
0.798
0.853
0.871
0.812
0.737
0.701
0.69
0.68
0.649
0.646
0.68
0.701
0.712
0.73
0.755
0.735
0.701
0.701
0.703
0.674
0.615
0.585
0.599
0.574
0.538
0.538
0.526
0.51
0.524
0.544
0.544
0.524
0.499
0.49
0.483
0.476
0.465
0.429
0.365
0.336
0.372
0.397
0.365
0.358
0.399
0.39
0.331
0.293
0.302
0.288
0.247
0.215
0.195
0.143
0.084
0.07
0.091
0.077
0.05
0.057
0.07
0.066
0.045
0.011
-0.023
-0.023
0.002
0.036
0.048
0.077
0.113
0.097
0.041
-0.005
-0.016
-0.014
-0.057
-0.107
-0.111
-0.097
-0.061
0.005
0.079
0.138
0.175
0.202
0.227
0.222
0.168
0.141
0.193
0.225
0.202
0.184
0.218
0.252
0.229
0.229
0.311
0.429
0.488
0.501
0.517
0.549
0.556
0.538
0.538
0.549
0.531
0.515
0.519
0.528
0.535
0.56
0.578
0.567
0.567
0.592
0.59
0.549
0.517
0.522
0.533
0.549
0.587
0.617
0.592
0.547
0.524
0.567
0.592
0.549
0.501
0.485
0.47
0.422
0.37
0.358
0.349
0.297
0.24
0.218
0.22
0.202
0.159
0.147
0.172
0.179
0.132
0.039
-0.036
-0.041
-0.039
-0.073
-0.122
-0.179
-0.204
-0.204
-0.188
-0.191
-0.229
-0.29
-0.306
-0.279
-0.27
-0.338
-0.401
-0.379
-0.347
-0.358
-0.352
-0.32
-0.306
-0.331
-0.361
-0.338
-0.308
-0.324
-0.342
-0.338
-0.32
-0.324
-0.358
-0.363
-0.304
-0.229
-0.161
-0.107
-0.075
-0.077
-0.082
-0.075
-0.034
0.007
0.007
-0.016
0.005
0.057
0.088
0.084
0.1
0.152
0.211
0.222
0.225
0.254
0.29
0.295
0.283
0.283
0.32
0.347
0.365
0.417
0.533
0.612
0.603
0.572
0.569
0.553
0.528
0.519
0.499
0.483
0.483
0.492
0.517
0.563
0.603
0.646
0.703
0.744
0.737
0.683
0.633
0.597
0.544
0.458
0.39
0.388
0.422
0.429
0.415
0.467
0.576
0.649
0.667
0.694
0.733
0.717
0.676
0.669
0.658
0.628
0.606
0.592
0.606
0.622
0.631
0.637
0.662
0.656
0.599
0.542
0.506
0.467
0.431
0.431
0.476
0.528
0.54
0.524
0.542
0.576
0.558
0.506
0.476
0.472
0.47
0.422
0.354
0.315
0.324
0.361
0.397
0.426
0.44
0.451
0.451
0.422
0.349
0.249
0.181
0.17
0.166
0.172
0.188
0.197
0.215
0.24
0.254
0.254
0.252
0.243
0.225
0.195
0.168
0.147
0.132
0.111
0.113
0.136
0.163
0.213
0.252
0.259
0.236
0.184
0.138
0.134
0.129
0.132
0.136
0.145
0.154
0.132
0.061
0.032
0.063
0.111
0.095
0.048
0.05
0.086
0.059
-0.027
-0.05
0.007
0.039
-0.005
-0.061
-0.079
-0.086
-0.159
-0.283
-0.349
-0.354
-0.363
-0.372
-0.349
-0.288
-0.256
-0.288
-0.327
-0.34
-0.356
-0.383
-0.415
-0.429
-0.467
-0.551
-0.656
-0.721
-0.742
-0.76
-0.792
-0.814
-0.801
-0.778
-0.776
-0.771
-0.771
-0.823
-0.907
-0.946
-0.932
-0.932
-0.966
-1.009
-1.041
-1.077
-1.109
-1.096
-1.057
-1.032
-1.009
-1.003
-0.978
-0.978
-1.012
-1.016
-0.939
-0.869
-0.896
-0.95
-0.928
-0.851
-0.807
-0.819
-0.812
-0.769
-0.717
-0.678
-0.622
-0.533
-0.474
-0.456
-0.445
-0.413
-0.381
-0.377
-0.37
-0.347
-0.347
-0.361
-0.347
-0.288
-0.213
-0.175
-0.197
-0.179
-0.113
-0.066
-0.091
-0.141
-0.156
-0.122
-0.107
-0.161
-0.252
-0.259
-0.188
-0.152
-0.181
-0.209
-0.213
-0.243
-0.27
-0.274
-0.283
-0.333
-0.395
-0.431
-0.429
-0.449
-0.504
-0.551
-0.576
-0.608
-0.649
-0.696
-0.755
-0.821
-0.851
-0.848
-0.885
-0.934
-0.921
-0.855
-0.796
-0.755
-0.73
-0.703
-0.701
-0.737
-0.776
-0.787
-0.805
-0.894
-0.984
-0.987
-0.95
-0.916
-0.882
-0.835
-0.764
-0.678
-0.622
-0.64
-0.701
-0.726
-0.712
-0.708
-0.739
-0.737
-0.692
-0.676
-0.669
-0.626
-0.563
-0.558
-0.583
-0.594
-0.59
-0.587
-0.59
-0.578
-0.526
-0.494
-0.46
-0.395
-0.318
-0.306
-0.322
-0.308
-0.338
-0.456
-0.574
-0.599
-0.612
-0.656
-0.642
-0.592
-0.556
-0.54
-0.485
-0.408
-0.374
-0.379
-0.383
-0.383
-0.426
-0.506
-0.574
-0.585
-0.572
-0.547
-0.522
-0.506
-0.492
-0.467
-0.463
-0.506
-0.515
-0.474
-0.447
-0.501
-0.587
-0.624
-0.61
-0.646
-0.719
-0.719
-0.656
-0.644
-0.696
-0.71
-0.685
-0.687
-0.746
-0.762
-0.726
-0.696
-0.724
-0.728
-0.678
-0.622
-0.603
-0.603
-0.601
-0.581
-0.553
-0.531
-0.551
-0.606
-0.633
-0.628
-0.615
-0.601
-0.542
-0.438
-0.347
-0.288
-0.249
-0.202
-0.193
-0.252
-0.324
-0.372
-0.429
-0.506
-0.528
-0.46
-0.34
-0.247
-0.218
-0.195
-0.107
0.029
0.12
0.138
0.111
0.097
0.102
0.07
0.043
0.082
0.141
0.15
0.161
0.209
0.268
0.27
0.231
0.213
0.225
0.218
0.231
0.306
0.381
0.401
0.411
0.438
0.433
0.356
0.288
0.256
0.191
0.054
-0.052
-0.029
0.034
0.029
0.05
0.161
0.283
0.32
0.32
0.377
0.429
0.358
0.215
0.095
0.005
-0.1
-0.197
-0.245
-0.24
-0.247
-0.327
-0.404
-0.44
-0.429
-0.42
-0.445
-0.472
-0.488
-0.538
-0.615
-0.656
-0.646
-0.653
-0.692
-0.724
-0.744
-0.778
-0.842
-0.846
-0.785
-0.78
-0.869
-0.916
-0.837
-0.735
-0.705
-0.676
-0.635
-0.637
-0.676
-0.658
-0.581
-0.547
-0.633
-0.744
-0.76
-0.735
-0.755
-0.78
-0.73
-0.615
-0.515
-0.406
-0.247
-0.122
-0.104
-0.102
-0.036
-0.016
-0.118
-0.2
-0.195
-0.166
-0.168
-0.163
-0.097
-0.025
0.032
0.122
0.27
0.367
0.381
0.365
0.383
0.411
0.388
0.318
0.281
0.318
0.377
0.411
0.422
0.422
0.463
0.476
0.404
0.338
0.352
0.417
0.504
0.569
0.578
0.563
0.585
0.635
0.649
0.608
0.544
0.476
0.374
0.236
0.15
0.134
0.127
0.12
0.141
0.218
0.331
0.383
0.374
0.37
0.358
0.24
0.095
0.073
0.138
0.147
0.052
-0.025
-0.039
-0.07
-0.127
-0.177
-0.188
-0.168
-0.138
-0.104
-0.095
-0.179
-0.324
-0.37
-0.324
-0.327
-0.381
-0.42
-0.463
-0.549
-0.671
-0.787
-0.91
-1.032
-1.134
-1.143
-1.066
-1.005
-1.048
-1.127
-1.132
-1.098
-1.109
-1.132
-1.125
-1.116
-1.152
-1.216
-1.25
-1.284
-1.35
-1.431
-1.477
-1.474
-1.447
-1.381
-1.268
-1.155
-1.123
-1.134
-1.073
-0.978
-0.948
-0.928
-0.855
-0.814
-0.837
-0.83
-0.744
-0.649
-0.617
-0.615
-0.563
-0.451
-0.342
-0.279
-0.188
-0.059
0.018
0.048
0.109
0.231
0.313
0.304
0.29
0.318
0.34
0.32
0.293
0.338
0.413
0.472
0.544
0.628
0.68
0.674
0.667
0.739
0.83
0.828
0.748
0.726
0.758
0.751
0.717
0.717
0.744
0.699
0.612
0.633
0.755
0.83
0.792
0.728
0.714
0.703
0.671
0.651
0.662
0.653
0.601
0.549
0.551
0.572
0.535
0.467
0.436
0.422
0.413
0.431
0.481
0.513
0.481
0.467
0.524
0.597
0.597
0.567
0.556
0.547
0.494
0.47
0.522
0.576
0.569
0.556
0.601
0.676
0.701
0.705
0.796
0.873
0.857
0.796
0.796
0.86
0.885
0.837
0.776
0.733
0.714
0.68
0.667
0.694
0.721
0.724
0.724
0.726
0.696
0.642
0.61
0.633
0.635
0.612
0.622
0.662
0.69
0.699
0.726
0.771
0.755
0.646
0.51
0.456
0.458
0.438
0.379
0.338
0.358
0.383
0.395
0.397
0.445
0.494
0.504
0.47
0.451
0.46
0.445
0.415
0.436
0.467
0.417
0.32
0.277
0.279
0.288
0.297
0.315
0.315
0.283
0.238
0.229
0.259
0.299
0.342
0.395
0.433
0.474
0.524
0.56
0.592
0.578
0.497
0.39
0.318
0.256
0.179
0.116
0.068
0.077
0.172
0.324
0.47
0.51
0.499
0.538
0.626
0.669
0.642
0.608
0.553
0.47
0.392
0.342
0.281
0.197
0.122
0.073
0.075
0.093
0.079
0.093
0.145
0.175
0.163
0.163
0.2
0.259
0.324
0.381
0.404
0.401
0.417
0.465
0.483
0.44
0.367
0.288
0.229
0.17
0.147
0.163
0.181
0.209
0.304
0.438
0.549
0.597
0.637
0.667
0.624
0.556
0.508
0.499
0.533
0.597
0.637
0.646
0.644
0.637
0.592
0.501
0.404
0.333
0.297
0.283
0.245
0.206
0.238
0.283
0.274
0.254
0.265
0.263
0.254
0.274
0.29
0.252
0.166
0.048
-0.093
-0.204
-0.279
-0.322
-0.367
-0.39
-0.388
-0.336
-0.295
-0.313
-0.342
-0.297
-0.204
-0.143
-0.143
-0.127
-0.066
-0.005
0.023
0.052
0.084
0.061
-0.002
-0.068
-0.1
-0.138
-0.209
-0.274
-0.27
-0.179
-0.079
0.027
0.152
0.304
0.488
0.617
0.644
0.617
0.597
0.599
0.585
0.531
0.438
0.318
0.209
0.109
0.005
-0.05
-0.029
0.05
0.145
0.238
0.336
0.47
0.565
0.578
0.549
0.517
0.47
0.401
0.356
0.318
0.263
0.206
0.136
0.061
-0.018
-0.12
-0.197
-0.209
-0.147
-0.034
0.07
0.161
0.295
0.46
0.553
0.599
0.624
0.612
0.572
0.538
0.519
0.447
0.349
0.327
0.342
0.345
0.361
0.429
0.549
0.683
0.814
0.962
1.109
1.211
1.293
1.341
1.336
1.311
1.238
1.116
1.046
1.048
1.071
1.068
1.062
1.1
1.15
1.2
1.245
1.227
1.109
1
1.012
1.075
1.098
1.098
1.127
1.168
1.202
1.207
1.195
1.139
1.034
0.959
0.919
0.853
0.785
0.773
0.785
0.785
0.746
0.671
0.615
0.603
0.615
0.612
0.619
0.646
0.651
0.597
0.515
0.456
0.44
0.433
0.438
0.454
0.463
0.467
0.506
0.574
0.59
0.54
0.447
0.324
0.222
0.22
0.306
0.429
0.515
0.59
0.685
0.787
0.848
0.832
0.812
0.851
0.862
0.76
0.619
0.572
0.622
0.646
0.592
0.54
0.551
0.624
0.721
0.801
0.851
0.876
0.896
0.873
0.796
0.724
0.667
0.619
0.547
0.467
0.422
0.424
0.422
0.397
0.372
0.352
0.356
0.329
0.231
0.191
0.225
0.24
0.186
0.138
0.156
0.184
0.166
0.134
0.107
0.075
0.07
0.07
0.018
-0.091
-0.17
-0.163
-0.129
-0.132
-0.172
-0.181
-0.129
-0.059
-0.016
0.02
0.068
0.104
0.12
0.166
0.186
0.179
0.175
0.159
0.132
0.127
0.132
0.12
0.109
0.109
0.136
0.179
0.211
0.166
0.091
0.091
0.145
0.143
0.141
0.17
0.24
0.315
0.374
0.397
0.436
0.481
0.467
0.37
0.222
0.132
0.084
0.061
0.027
-0.025
-0.079
-0.1
-0.048
0.036
0.118
0.184
0.243
0.313
0.379
0.417
0.42
0.374
0.243
0.075
-0.057
-0.125
-0.154
-0.179
-0.197
-0.166
-0.07
-0.005
0.002
-0.016
-0.027
-0.068
-0.109
-0.116
-0.079
-0.043
-0.039
0.002
0.059
0.086
0.093
0.118
0.1
0.032
-0.036
-0.086
-0.109
-0.127
-0.156
-0.2
-0.236
-0.231
-0.197
-0.177
-0.175
-0.168
-0.163
-0.179
-0.215
-0.281
-0.37
-0.456
-0.499
-0.494
-0.472
-0.422
-0.354
-0.308
-0.272
-0.231
-0.184
-0.179
-0.225
-0.283
-0.354
-0.445
-0.517
-0.513
-0.44
-0.379
-0.349
-0.277
-0.122
0.057
0.179
0.245
0.259
0.234
0.17
0.095
0.018
-0.07
-0.154
-0.211
-0.234
-0.206
-0.175
-0.12
-0.041
0.032
0.082
0.127
0.163
0.15
0.088
0.039
0.057
0.079
0.05
-0.007
-0.045
-0.05
-0.016
-0.014
-0.059
-0.111
-0.154
-0.202
-0.249
-0.302
-0.32
-0.286
-0.259
-0.218
-0.125
-0.023
0.097
0.193
0.209
0.161
0.086
-0.029
-0.186
-0.331
-0.458
-0.538
-0.556
-0.524
-0.47
-0.379
-0.288
-0.24
-0.202
-0.147
-0.086
-0.036
-0.05
-0.116
-0.202
-0.295
-0.381
-0.438
-0.494
-0.549
-0.547
-0.488
-0.399
-0.329
-0.281
-0.247
-0.238
-0.277
-0.352
-0.438
-0.494
-0.499
-0.488
-0.467
-0.415
-0.34
-0.27
-0.206
-0.15
-0.116
-0.12
-0.166
-0.234
-0.311
-0.386
-0.431
-0.46
-0.463
-0.438
-0.399
-0.358
-0.32
-0.259
-0.127
0.007
0.079
0.107
0.088
0.029
-0.05
-0.129
-0.211
-0.302
-0.379
-0.424
-0.429
-0.417
-0.408
-0.367
-0.299
-0.272
-0.318
-0.388
-0.415
-0.424
-0.424
-0.413
-0.356
-0.279
-0.229
-0.2
-0.175
-0.143
-0.159
-0.172
-0.195
-0.252
-0.302
-0.322
-0.331
-0.34
-0.361
-0.361
-0.318
-0.252
-0.177
-0.12
-0.057
0.014
0.107
0.184
0.188
0.116
0.014
-0.063
-0.156
-0.265
-0.329
-0.308
-0.259
-0.238
-0.24
-0.231
-0.186
-0.102
-0.025
-0.009
-0.032
-0.07
-0.125
-0.175
-0.186
-0.193
-0.191
-0.166
-0.15
-0.159
-0.193
-0.193
-0.156
-0.125
-0.152
-0.209
-0.247
-0.256
-0.263
-0.293
-0.295
-0.247
-0.204
-0.218
-0.218
-0.206
-0.209
-0.213
-0.186
-0.166
-0.197
-0.245
-0.302
-0.377
-0.438
-0.488
-0.494
-0.474
-0.424
-0.392
-0.354
-0.302
-0.259
-0.245
-0.272
-0.299
-0.304
-0.304
-0.333
-0.399
-0.429
-0.392
-0.313
-0.234
-0.181
-0.179
-0.243
-0.327
-0.342
-0.338
-0.356
-0.386
-0.395
-0.367
-0.356
-0.356
-0.295
-0.202
-0.129
-0.111
-0.143
-0.179
-0.2
-0.209
-0.202
-0.218
-0.308
-0.415
-0.458
-0.454
-0.463
-0.451
-0.37
-0.247
-0.154
-0.104
-0.079
-0.061
-0.059
-0.045
-0.05
-0.1
-0.163
-0.225
-0.293
-0.363
-0.429
-0.456
-0.458
-0.447
-0.451
-0.479
-0.519
-0.547
-0.544
-0.528
-0.519
-0.497
-0.463
-0.456
-0.501
-0.553
-0.576
-0.569
-0.563
-0.606
-0.692
-0.771
-0.853
-0.937
-0.993
-1.003
-0.975
-0.941
-0.934
-0.934
-0.921
-0.869
-0.814
-0.778
-0.771
-0.785
-0.832
-0.894
-0.919
-0.9
-0.88
-0.871
-0.839
-0.783
-0.744
-0.726
-0.669
-0.592
-0.556
-0.56
-0.574
-0.563
-0.567
-0.601
-0.624
-0.622
-0.626
-0.606
-0.551
-0.483
-0.411
-0.367
-0.358
-0.342
-0.286
-0.254
-0.281
-0.313
-0.306
-0.274
-0.297
-0.379
-0.42
-0.386
-0.358
-0.377
-0.406
-0.363
-0.306
-0.279
-0.247
-0.22
-0.261
-0.345
-0.404
-0.411
-0.399
-0.411
-0.447
-0.467
-0.474
-0.488
-0.506
-0.54
-0.581
-0.624
-0.694
-0.787
-0.826
-0.801
-0.748
-0.708
-0.674
-0.628
-0.583
-0.556
-0.553
-0.542
-0.531
-0.533
-0.54
-0.585
-0.653
-0.721
-0.76
-0.758
-0.748
-0.739
-0.696
-0.594
-0.472
-0.372
-0.304
-0.283
-0.299
-0.327
-0.347
-0.397
-0.449
-0.465
-0.449
-0.436
-0.406
-0.352
-0.295
-0.229
-0.12
-0.02
0.034
0.073
0.129
0.127
0.032
-0.082
-0.107
-0.07
-0.063
-0.086
-0.075
-0.045
-0.034
-0.048
-0.025
0.025
0.023
-0.039
-0.088
-0.122
-0.181
-0.256
-0.322
-0.347
-0.358
-0.406
-0.44
-0.431
-0.408
-0.397
-0.399
-0.383
-0.338
-0.327
-0.365
-0.347
-0.268
-0.218
-0.204
-0.206
-0.186
-0.172
-0.249
-0.367
-0.436
-0.485
-0.551
-0.603
-0.572
-0.524
-0.528
-0.538
-0.474
-0.338
-0.222
-0.179
-0.147
-0.093
-0.07
-0.116
-0.204
-0.297
-0.365
-0.413
-0.442
-0.42
-0.361
-0.283
-0.193
-0.059
0.075
0.118
0.054
-0.016
-0.025
-0.009
-0.063
-0.181
-0.263
-0.299
-0.306
-0.308
-0.299
-0.274
-0.229
-0.181
-0.122
-0.079
-0.102
-0.191
-0.263
-0.302
-0.318
-0.32
-0.32
-0.302
-0.234
-0.168
-0.15
-0.141
-0.138
-0.168
-0.24
-0.306
-0.324
-0.324
-0.367
-0.411
-0.379
-0.311
-0.313
-0.367
-0.413
-0.39
-0.34
-0.329
-0.383
-0.454
-0.494
-0.51
-0.476
-0.438
-0.426
-0.401
-0.333
-0.252
-0.166
-0.141
-0.143
-0.132
-0.147
-0.227
-0.347
-0.438
-0.479
-0.501
-0.463
-0.363
-0.261
-0.206
-0.154
-0.075
0.005
0.082
0.102
0.045
-0.091
-0.213
-0.256
-0.259
-0.29
-0.338
-0.358
-0.311
-0.197
-0.097
-0.045
-0.016
0.002
-0.018
-0.086
-0.154
-0.191
-0.243
-0.311
-0.333
-0.347
-0.395
-0.456
-0.454
-0.386
-0.327
-0.313
-0.354
-0.431
-0.501
-0.506
-0.476
-0.485
-0.528
-0.501
-0.374
-0.218
-0.084
-0.018
-0.007
-0.014
-0.009
-0.05
-0.15
-0.215
-0.261
-0.318
-0.361
-0.331
-0.256
-0.209
-0.17
-0.082
0.036
0.107
0.116
0.1
0.052
-0.005
-0.073
-0.141
-0.215
-0.295
-0.293
-0.179
-0.016
0.086
0.118
0.191
0.32
0.392
0.349
0.249
0.143
0.048
-0.063
-0.177
-0.265
-0.347
-0.406
-0.356
-0.234
-0.161
-0.141
-0.088
-0.041
-0.104
-0.243
-0.363
-0.438
-0.508
-0.581
-0.583
-0.535
-0.517
-0.519
-0.494
-0.415
-0.333
-0.322
-0.381
-0.417
-0.386
-0.404
-0.485
-0.54
-0.54
-0.531
-0.506
-0.431
-0.365
-0.34
-0.318
-0.277
-0.254
-0.279
-0.324
-0.347
-0.34
-0.347
-0.399
-0.417
-0.349
-0.259
-0.172
-0.05
0.109
0.195
0.156
0.077
0.059
0.048
-0.002
-0.054
-0.059
-0.059
-0.073
-0.027
0.107
0.229
0.27
0.315
0.392
0.406
0.354
0.318
0.304
0.261
0.186
0.122
0.1
0.12
0.109
0.12
0.211
0.313
0.308
0.204
0.143
0.184
0.225
0.159
0.068
0.014
0.005
0.032
0.075
0.104
0.107
0.145
0.227
0.277
0.197
0.041
-0.073
-0.113
-0.141
-0.195
-0.234
-0.213
-0.159
-0.104
-0.059
-0.002
0.057
0.088
0.1
0.097
0.073
-0.011
-0.088
-0.111
-0.102
-0.118
-0.129
-0.05
0.109
0.215
0.256
0.299
0.356
0.401
0.401
0.379
0.327
0.234
0.122
0.063
0.063
0.077
0.102
0.206
0.374
0.488
0.519
0.551
0.626
0.667
0.637
0.567
0.51
0.463
0.426
0.417
0.392
0.331
0.283
0.349
0.474
0.513
0.454
0.429
0.476
0.494
0.42
0.311
0.259
0.249
0.238
0.243
0.313
0.392
0.386
0.338
0.356
0.406
0.356
0.268
0.268
0.345
0.347
0.283
0.268
0.352
0.46
0.558
0.635
0.705
0.764
0.785
0.78
0.753
0.708
0.635
0.599
0.656
0.762
0.846
0.925
1.066
1.238
1.368
1.415
1.434
1.463
1.477
1.424
1.311
1.225
1.184
1.173
1.177
1.209
1.259
1.343
1.468
1.57
1.599
1.588
1.572
1.545
1.468
1.397
1.37
1.338
1.279
1.286
1.37
1.468
1.508
1.531
1.597
1.701
1.767
1.751
1.685
1.617
1.536
1.445
1.37
1.341
1.334
1.343
1.368
1.42
1.472
1.502
1.522
1.542
1.527
1.44
1.318
1.25
1.248
1.229
1.177
1.17
1.254
1.318
1.311
1.272
1.216
1.134
1.071
1.057
1.057
1.014
0.948
0.957
0.987
0.991
1.016
1.098
1.161
1.15
1.102
1.059
1.012
0.948
0.896
0.862
0.817
0.758
0.744
0.796
0.903
1.005
1.068
1.111
1.141
1.13
1.107
1.109
1.091
1.032
0.971
0.953
1.003
1.059
1.077
1.073
1.077
1.075
1.048
1.055
1.118
1.175
1.168
1.123
1.118
1.179
1.225
1.22
1.195
1.173
1.114
1.057
1.08
1.141
1.139
1.071
1.039
1.064
1.109
1.132
1.152
1.193
1.238
1.234
1.173
1.125
1.141
1.157
1.13
1.089
1.055
1.039
1.005
0.993
1.052
1.107
1.087
1.046
1.075
1.136
1.164
1.155
1.107
1.046
1.014
1.023
1.052
1.073
1.016
0.91
0.869
0.866
0.869
0.869
0.86
0.853
0.855
0.86
0.857
0.878
0.916
0.923
0.873
0.783
0.69
0.637
0.637
0.653
0.628
0.599
0.61
0.676
0.739
0.796
0.864
0.912
0.898
0.862
0.864
0.869
0.821
0.733
0.692
0.703
0.71
0.717
0.762
0.814
0.86
0.885
0.891
0.907
0.928
0.9
0.821
0.771
0.762
0.762
0.746
0.742
0.769
0.769
0.746
0.771
0.851
0.912
0.905
0.88
0.871
0.871
0.839
0.801
0.776
0.771
0.755
0.733
0.762
0.837
0.853
0.796
0.758
0.755
0.726
0.676
0.658
0.624
0.565
0.538
0.572
0.644
0.719
0.785
0.864
0.948
0.944
0.887
0.905
0.934
0.862
0.751
0.669
0.649
0.649
0.66
0.721
0.819
0.903
0.982
1.071
1.15
1.179
1.141
1.057
1.028
1
0.916
0.819
0.769
0.758
0.76
0.73
0.748
0.832
0.86
0.762
0.676
0.701
0.728
0.669
0.592
0.619
0.68
0.637
0.565
0.56
0.587
0.544
0.467
0.433
0.451
0.429
0.34
0.297
0.333
0.358
0.322
0.265
0.252
0.279
0.299
0.295
0.286
0.324
0.352
0.306
0.222
0.193
0.213
0.172
0.102
0.1
0.136
0.138
0.104
0.113
0.222
0.349
0.377
0.352
0.381
0.404
0.333
0.215
0.166
0.161
0.12
0.054
0.027
0.075
0.138
0.17
0.181
0.234
0.302
0.347
0.352
0.329
0.295
0.24
0.125
0.041
0.061
0.1
0.073
0.009
0
0.05
0.07
0.032
0.025
0.027
-0.052
-0.156
-0.172
-0.191
-0.268
-0.329
-0.304
-0.243
-0.206
-0.168
-0.111
-0.07
-0.061
-0.061
-0.054
-0.082
-0.141
-0.222
-0.268
-0.279
-0.27
-0.222
-0.177
-0.163
-0.145
-0.097
-0.079
-0.107
-0.168
-0.231
-0.297
-0.395
-0.483
-0.531
-0.538
-0.526
-0.485
-0.429
-0.401
-0.386
-0.352
-0.318
-0.354
-0.431
-0.47
-0.463
-0.49
-0.556
-0.551
-0.504
-0.49
-0.46
-0.374
-0.306
-0.318
-0.383
-0.429
-0.481
-0.565
-0.626
-0.656
-0.662
-0.669
-0.646
-0.558
-0.431
-0.354
-0.338
-0.338
-0.388
-0.497
-0.567
-0.574
-0.628
-0.735
-0.817
-0.801
-0.739
-0.683
-0.608
-0.492
-0.401
-0.333
-0.286
-0.263
-0.277
-0.324
-0.367
-0.386
-0.395
-0.445
-0.492
-0.465
-0.408
-0.372
-0.352
-0.34
-0.32
-0.279
-0.243
-0.268
-0.333
-0.401
-0.463
-0.515
-0.531
-0.501
-0.481
-0.483
-0.492
-0.522
-0.549
-0.592
-0.68
-0.744
-0.814
-0.919
-1
-1.016
-0.996
-0.957
-0.916
-0.876
-0.842
-0.814
-0.787
-0.769
-0.803
-0.907
-1.016
-1.091
-1.139
-1.173
-1.209
-1.25
-1.277
-1.279
-1.238
-1.139
-1.034
-0.98
-0.955
-0.916
-0.891
-0.912
-0.959
-1.014
-1.08
-1.173
-1.263
-1.3
-1.282
-1.257
-1.263
-1.27
-1.234
-1.186
-1.164
-1.15
-1.15
-1.136
-1.109
-1.087
-1.05
-0.991
-0.944
-0.948
-0.944
-0.869
-0.801
-0.796
-0.828
-0.894
-0.971
-1.048
-1.093
-1.114
-1.148
-1.2
-1.225
-1.209
-1.184
-1.136
-1.073
-1.016
-1.012
-1.048
-1.091
-1.15
-1.241
-1.341
-1.418
-1.452
-1.454
-1.436
-1.395
-1.35
-1.322
-1.302
-1.275
-1.325
-1.395
-1.422
-1.454
-1.477
-1.456
-1.409
-1.377
-1.329
-1.225
-1.15
-1.145
-1.145
-1.123
-1.123
-1.166
-1.245
-1.304
-1.304
-1.27
-1.268
-1.309
-1.311
-1.268
-1.218
-1.141
-1.032
-0.987
-0.982
-0.941
-0.864
-0.821
-0.826
-0.83
-0.846
-0.882
-0.9
-0.878
-0.864
-0.9
-0.975
-1.023
-1.041
-1.075
-1.148
-1.207
-1.245
-1.284
-1.307
-1.288
-1.238
-1.164
-1.073
-0.989
-0.925
-0.887
-0.876
-0.882
-0.914
-0.987
-1.096
-1.182
-1.225
-1.248
-1.279
-1.304
-1.331
-1.363
-1.359
-1.318
-1.268
-1.248
-1.211
-1.141
-1.1
-1.064
-1.03
-1.009
-1.021
-1.059
-1.082
-1.071
-1.068
-1.102
-1.105
-1.059
-1.05
-1.071
-1.1
-1.155
-1.189
-1.173
-1.132
-1.102
-1.055
-0.987
-0.903
-0.83
-0.776
-0.739
-0.737
-0.769
-0.83
-0.885
-0.914
-0.964
-1.064
-1.125
-1.139
-1.175
-1.2
-1.155
-1.084
-1.03
-0.978
-0.898
-0.798
-0.719
-0.667
-0.64
-0.642
-0.678
-0.742
-0.769
-0.778
-0.839
-0.937
-1.018
-1.064
-1.043
-1.009
-1.023
-1.075
-1.125
-1.136
-1.1
-1.062
-1.039
-0.957
-0.855
-0.814
-0.819
-0.83
-0.871
-0.964
-1.1
-1.207
-1.293
-1.37
-1.397
-1.354
-1.297
-1.252
-1.204
-1.116
-0.978
-0.857
-0.792
-0.733
-0.633
-0.504
-0.397
-0.331
-0.295
-0.281
-0.315
-0.39
-0.458
-0.504
-0.542
-0.594
-0.601
-0.551
-0.479
-0.417
-0.379
-0.379
-0.365
-0.313
-0.272
-0.259
-0.24
-0.225
-0.229
-0.283
-0.349
-0.388
-0.42
-0.497
-0.656
-0.814
-0.925
-1.007
-1.055
-1.037
-0.998
-1
-1.032
-1.021
-0.964
-0.95
-0.964
-0.937
-0.864
-0.789
-0.748
-0.712
-0.667
-0.671
-0.71
-0.73
-0.737
-0.737
-0.73
-0.73
-0.735
-0.696
-0.624
-0.558
-0.506
-0.479
-0.46
-0.442
-0.417
-0.381
-0.315
-0.231
-0.159
-0.136
-0.125
-0.118
-0.134
-0.181
-0.209
-0.222
-0.252
-0.238
-0.188
-0.136
-0.129
-0.152
-0.179
-0.175
-0.147
-0.154
-0.197
-0.202
-0.138
-0.086
-0.079
-0.086
-0.1
-0.168
-0.311
-0.454
-0.553
-0.64
-0.73
-0.794
-0.801
-0.771
-0.746
-0.758
-0.753
-0.71
-0.669
-0.699
-0.726
-0.687
-0.603
-0.538
-0.515
-0.492
-0.497
-0.528
-0.569
-0.601
-0.617
-0.615
-0.572
-0.472
-0.342
-0.234
-0.188
-0.156
-0.084
-0.007
0.02
0.043
0.111
0.236
0.345
0.406
0.463
0.504
0.524
0.563
0.585
0.542
0.463
0.42
0.463
0.547
0.606
0.646
0.692
0.751
0.787
0.787
0.801
0.796
0.76
0.724
0.73
0.728
0.687
0.628
0.59
0.551
0.481
0.413
0.361
0.322
0.279
0.211
0.125
0.097
0.12
0.107
0.036
-0.029
-0.048
-0.032
-0.032
-0.002
0.075
0.152
0.152
0.095
0.02
-0.066
-0.191
-0.313
-0.383
-0.422
-0.472
-0.51
-0.483
-0.39
-0.32
-0.277
-0.225
-0.118
-0.009
0.057
0.118
0.202
0.249
0.238
0.222
0.238
0.24
0.234
0.245
0.261
0.268
0.234
0.193
0.191
0.236
0.281
0.311
0.354
0.417
0.49
0.578
0.674
0.771
0.86
0.914
0.903
0.851
0.776
0.683
0.585
0.458
0.299
0.184
0.147
0.195
0.281
0.367
0.451
0.517
0.574
0.646
0.712
0.758
0.76
0.73
0.662
0.581
0.488
0.404
0.331
0.297
0.261
0.156
0.066
0.016
0.005
0.045
0.102
0.168
0.27
0.377
0.476
0.59
0.678
0.721
0.717
0.676
0.644
0.628
0.592
0.547
0.519
0.46
0.349
0.238
0.195
0.259
0.367
0.445
0.506
0.597
0.696
0.828
0.955
1.057
1.1
1.093
1.098
1.116
1.111
1.048
0.987
0.955
0.882
0.785
0.719
0.714
0.758
0.798
0.812
0.842
0.891
0.964
1.068
1.166
1.218
1.216
1.157
1.096
1.082
1.071
1.012
0.953
0.946
0.919
0.776
0.581
0.449
0.404
0.352
0.293
0.327
0.429
0.508
0.551
0.628
0.719
0.746
0.708
0.683
0.68
0.631
0.506
0.358
0.279
0.218
0.113
-0.025
-0.091
-0.014
0.097
0.154
0.161
0.218
0.299
0.365
0.449
0.558
0.637
0.617
0.56
0.551
0.587
0.64
0.676
0.683
0.649
0.578
0.506
0.46
0.447
0.463
0.515
0.544
0.553
0.601
0.712
0.814
0.876
0.894
0.864
0.798
0.728
0.694
0.699
0.662
0.515
0.34
0.236
0.186
0.138
0.086
0.045
0.016
0
0.005
0.011
0.041
0.129
0.227
0.247
0.225
0.263
0.383
0.467
0.476
0.467
0.429
0.336
0.263
0.259
0.302
0.295
0.22
0.175
0.234
0.281
0.272
0.263
0.32
0.379
0.395
0.415
0.479
0.54
0.549
0.526
0.504
0.492
0.451
0.363
0.295
0.272
0.259
0.227
0.215
0.245
0.29
0.293
0.281
0.331
0.431
0.522
0.567
0.597
0.606
0.583
0.547
0.519
0.485
0.467
0.472
0.454
0.449
0.456
0.438
0.401
0.374
0.342
0.302
0.238
0.186
0.186
0.229
0.256
0.268
0.295
0.318
0.322
0.306
0.29
0.252
0.202
0.159
0.132
0.116
0.118
0.132
0.159
0.181
0.202
0.209
0.229
0.261
0.318
0.395
0.415
0.338
0.286
0.322
0.39
0.408
0.358
0.311
0.311
0.342
0.354
0.345
0.311
0.206
0.068
-0.036
-0.088
-0.107
-0.118
-0.145
-0.17
-0.177
-0.17
-0.141
-0.093
-0.086
-0.159
-0.245
-0.306
-0.299
-0.234
-0.177
-0.166
-0.215
-0.283
-0.304
-0.256
-0.197
-0.184
-0.225
-0.256
-0.229
-0.138
-0.045
0.005
0.034
0.043
0.057
0.097
0.152
0.195
0.238
0.249
0.209
0.17
0.168
0.134
0.039
-0.068
-0.127
-0.17
-0.181
-0.127
-0.027
0.036
0.039
0.063
0.159
0.259
0.281
0.295
0.345
0.381
0.381
0.379
0.363
0.308
0.204
0.068
-0.025
-0.079
-0.118
-0.129
-0.129
-0.116
-0.075
0.007
0.097
0.138
0.161
0.227
0.274
0.279
0.299
0.365
0.388
0.318
0.261
0.259
0.245
0.161
0.07
0.034
0.025
-0.016
-0.041
-0.016
0.043
0.116
0.172
0.215
0.288
0.37
0.422
0.46
0.51
0.576
0.599
0.538
0.438
0.322
0.238
0.17
0.086
0.057
0.107
0.107
0.034
0.029
0.104
0.159
0.166
0.175
0.222
0.256
0.249
0.243
0.247
0.222
0.156
0.079
0.029
-0.023
-0.086
-0.168
-0.238
-0.274
-0.295
-0.308
-0.304
-0.261
-0.218
-0.191
-0.172
-0.152
-0.05
0.093
0.166
0.152
0.107
0.088
0.077
0.032
-0.041
-0.104
-0.156
-0.204
-0.227
-0.211
-0.161
-0.088
-0.041
-0.023
0.034
0.125
0.172
0.175
0.17
0.177
0.147
0.104
0.079
0.048
-0.036
-0.136
-0.215
-0.263
-0.279
-0.297
-0.34
-0.358
-0.347
-0.308
-0.24
-0.168
-0.122
-0.068
0.009
0.057
0.084
0.07
0.039
0.005
-0.016
-0.025
-0.048
-0.104
-0.161
-0.161
-0.152
-0.184
-0.215
-0.193
-0.172
-0.17
-0.152
-0.088
-0.011
0.02
0.068
0.159
0.218
0.184
0.145
0.179
0.209
0.166
0.077
0.032
0.011
-0.045
-0.084
-0.075
-0.034
-0.034
-0.052
-0.043
-0.011
0.02
0.066
0.088
0.082
0.1
0.156
0.186
0.17
0.122
0.109
0.091
0.018
-0.02
0.02
0.052
0.02
-0.045
-0.057
-0.025
-0.032
-0.034
0.043
0.134
0.136
0.113
0.159
0.245
0.274
0.236
0.17
0.143
0.172
0.215
0.218
0.188
0.168
0.17
0.177
0.175
0.159
0.166
0.206
0.191
0.113
0.113
0.156
0.136
0.075
0.066
0.107
0.088
0.002
-0.034
0.005
-0.029
-0.156
-0.231
-0.195
-0.138
-0.156
-0.186
-0.193
-0.195
-0.206
-0.211
-0.211
-0.191
-0.113
-0.002
0.05
0.009
-0.048
-0.068
-0.061
-0.068
-0.039
0.005
-0.018
-0.061
-0.041
0.011
0.014
-0.034
-0.027
0.054
0.068
-0.009
-0.036
0.041
0.104
0.084
0.061
0.095
0.161
0.202
0.261
0.299
0.288
0.225
0.177
0.143
0.1
0.048
-0.009
-0.073
-0.104
-0.082
-0.016
-0.002
-0.057
-0.075
0.007
0.088
0.091
0.063
0.057
0.039
-0.025
-0.066
-0.041
-0.025
-0.068
-0.102
-0.082
-0.1
-0.2
-0.279
-0.254
-0.197
-0.197
-0.229
-0.222
-0.143
-0.05
0.005
0.02
0.052
0.122
0.204
0.249
0.243
0.247
0.293
0.329
0.322
0.268
0.245
0.274
0.324
0.37
0.442
0.517
0.526
0.492
0.535
0.642
0.73
0.714
0.669
0.637
0.594
0.544
0.522
0.51
0.481
0.429
0.383
0.358
0.352
0.352
0.354
0.32
0.259
0.231
0.279
0.329
0.342
0.365
0.383
0.313
0.209
0.206
0.272
0.27
0.15
0.039
0.043
0.088
0.061
-0.02
-0.059
-0.057
-0.066
-0.063
-0.005
0.077
0.125
0.147
0.161
0.136
0.091
0.077
0.118
0.143
0.113
0.07
0.045
0.068
0.129
0.193
0.209
0.15
0.113
0.147
0.152
0.068
-0.002
0.041
0.15
0.206
0.15
0.107
0.147
0.227
0.297
0.342
0.338
0.277
0.234
0.277
0.308
0.245
0.136
0.05
-0.007
-0.043
-0.048
-0.016
0.025
0.059
0.113
0.156
0.136
0.141
0.243
0.347
0.318
0.191
0.122
0.166
0.211
0.195
0.152
0.111
0.052
-0.018
-0.007
0.068
0.12
0.102
0.102
0.141
0.15
0.125
0.136
0.177
0.206
0.229
0.263
0.261
0.231
0.249
0.324
0.338
0.27
0.24
0.268
0.281
0.265
0.293
0.354
0.349
0.322
0.345
0.397
0.392
0.331
0.297
0.315
0.331
0.304
0.297
0.327
0.342
0.327
0.286
0.2
0.118
0.122
0.209
0.274
0.24
0.177
0.202
0.256
0.279
0.32
0.379
0.374
0.304
0.263
0.277
0.313
0.331
0.361
0.399
0.39
0.327
0.297
0.333
0.39
0.413
0.361
0.24
0.154
0.152
0.168
0.147
0.118
0.152
0.211
0.22
0.184
0.209
0.274
0.263
0.175
0.1
0.095
0.07
-0.007
-0.061
-0.036
-0.02
-0.063
-0.107
-0.05
0.014
-0.007
-0.102
-0.186
-0.145
-0.032
0.068
0.097
0.077
0.079
0.07
0.036
0.02
0.057
0.032
-0.127
-0.295
-0.358
-0.377
-0.417
-0.426
-0.358
-0.245
-0.186
-0.161
-0.079
0.05
0.163
0.191
0.136
0.059
0.011
-0.025
-0.088
-0.141
-0.175
-0.188
-0.197
-0.206
-0.202
-0.177
-0.193
-0.213
-0.152
-0.043
-0.014
-0.029
0.018
0.127
0.197
0.193
0.166
0.177
0.172
0.104
0.02
-0.057
-0.152
-0.238
-0.268
-0.245
-0.202
-0.163
-0.091
0.005
0.052
0.041
0.068
0.136
0.166
0.141
0.075
-0.018
-0.082
-0.088
-0.045
0.002
-0.025
-0.1
-0.143
-0.122
-0.029
0.113
0.197
0.138
0.095
0.193
0.308
0.313
0.274
0.29
0.306
0.211
0.061
0.007
0.036
0.039
-0.02
-0.088
-0.109
-0.066
0.034
0.172
0.281
0.281
0.2
0.175
0.245
0.345
0.39
0.32
0.22
0.15
0.154
0.184
0.211
0.229
0.229
0.168
0.091
0.082
0.175
0.252
0.225
0.166
0.163
0.166
0.141
0.156
0.229
0.249
0.109
-0.075
-0.113
-0.045
0
-0.025
-0.075
-0.097
-0.097
-0.068
0.002
0.059
0.057
0.009
-0.002
0.018
0.045
0.032
-0.023
-0.093
-0.168
-0.238
-0.283
-0.272
-0.215
-0.15
-0.111
-0.111
-0.084
-0.018
0.036
0.066
0.068
0.041
-0.018
-0.088
-0.143
-0.193
-0.268
-0.361
-0.399
-0.347
-0.308
-0.342
-0.388
-0.342
-0.218
-0.136
-0.154
-0.175
-0.175
-0.17
-0.166
-0.141
-0.125
-0.129
-0.168
-0.222
-0.274
-0.311
-0.327
-0.29
-0.245
-0.272
-0.306
-0.263
-0.172
-0.068
-0.016
-0.048
-0.066
-0.057
-0.048
-0.057
-0.091
-0.177
-0.302
-0.397
-0.431
-0.408
-0.336
-0.306
-0.315
-0.306
-0.234
-0.125
-0.025
0
-0.005
-0.041
-0.122
-0.168
-0.154
-0.132
-0.172
-0.243
-0.283
-0.249
-0.181
-0.077
0.059
0.15
0.136
0.097
0.15
0.263
0.329
0.277
0.177
0.129
0.141
0.172
0.163
0.107
0.009
-0.066
-0.095
-0.082
-0.036
0.027
0.061
0.061
0.066
0.134
0.211
0.227
0.209
0.184
0.166
0.129
0.084
0.084
0.086
0.027
-0.091
-0.184
-0.177
-0.1
-0.045
-0.014
0.018
0.077
0.145
0.195
0.211
0.166
0.075
-0.018
-0.07
-0.113
-0.147
-0.2
-0.238
-0.204
-0.147
-0.104
-0.052
0.009
0.061
0.066
0.043
0.032
0.057
0.048
-0.027
-0.088
-0.095
-0.095
-0.122
-0.152
-0.163
-0.195
-0.254
-0.288
-0.254
-0.222
-0.24
-0.222
-0.147
-0.082
-0.043
0.023
0.082
0.088
0.029
-0.052
-0.079
-0.063
-0.095
-0.202
-0.322
-0.413
-0.472
-0.501
-0.497
-0.436
-0.34
-0.272
-0.247
-0.218
-0.166
-0.122
-0.175
-0.302
-0.381
-0.401
-0.404
-0.358
-0.308
-0.327
-0.406
-0.445
-0.415
-0.381
-0.361
-0.318
-0.252
-0.168
-0.109
-0.059
0.032
0.116
0.122
0.068
0
-0.054
-0.095
-0.118
-0.177
-0.281
-0.365
-0.374
-0.338
-0.259
-0.136
-0.009
0.039
0.043
0.093
0.188
0.229
0.159
0.02
-0.091
-0.141
-0.152
-0.166
-0.181
-0.204
-0.231
-0.238
-0.211
-0.195
-0.154
-0.079
-0.018
-0.005
-0.002
0.02
0.045
0.063
0.045
-0.016
-0.084
-0.084
-0.034
-0.007
-0.075
-0.193
-0.263
-0.283
-0.313
-0.32
-0.243
-0.127
-0.07
-0.075
-0.05
0.011
0.054
0.041
-0.009
-0.052
-0.075
-0.093
-0.138
-0.195
-0.243
-0.286
-0.281
-0.234
-0.22
-0.254
-0.286
-0.288
-0.286
-0.32
-0.372
-0.392
-0.358
-0.342
-0.358
-0.361
-0.306
-0.252
-0.279
-0.324
-0.372
-0.438
-0.54
-0.631
-0.656
-0.628
-0.578
-0.538
-0.494
-0.417
-0.32
-0.268
-0.268
-0.286
-0.29
-0.345
-0.429
-0.467
-0.508
-0.606
-0.694
-0.717
-0.69
-0.662
-0.617
-0.542
-0.467
-0.383
-0.327
-0.304
-0.318
-0.331
-0.338
-0.318
-0.279
-0.261
-0.274
-0.336
-0.397
-0.422
-0.426
-0.44
-0.429
-0.388
-0.347
-0.313
-0.302
-0.297
-0.252
-0.177
-0.107
-0.057
-0.048
-0.091
-0.127
-0.143
-0.204
-0.293
-0.381
-0.431
-0.433
-0.413
-0.365
-0.274
-0.193
-0.127
-0.057
0.007
0.048
0.041
0.011
-0.043
-0.104
-0.166
-0.238
-0.304
-0.32
-0.299
-0.299
-0.299
-0.295
-0.29
-0.213
-0.075
0.032
0.032
-0.02
-0.048
0.002
0.048
0.002
-0.054
-0.039
0
0.002
-0.043
-0.059
-0.059
-0.079
-0.086
-0.014
0.113
0.197
0.236
0.283
0.34
0.352
0.308
0.283
0.306
0.318
0.279
0.191
0.134
0.138
0.102
0.068
0.093
0.129
0.12
0.1
0.143
0.218
0.195
0.107
0.061
0.095
0.104
0.088
0.086
0.107
0.127
0.1
0.027
-0.025
-0.045
-0.048
-0.059
-0.048
-0.016
0
-0.005
0.011
0.073
0.12
0.134
0.138
0.163
0.17
0.1
0.02
-0.002
-0.025
-0.093
-0.17
-0.197
-0.177
-0.163
-0.168
-0.138
-0.075
-0.027
-0.023
-0.027
-0.014
0.036
0.059
0.029
-0.007
-0.061
-0.143
-0.215
-0.277
-0.324
-0.347
-0.363
-0.39
-0.386
-0.327
-0.27
-0.215
-0.154
-0.104
-0.1
-0.075
-0.029
-0.027
-0.068
-0.127
-0.204
-0.265
-0.299
-0.333
-0.386
-0.372
-0.302
-0.261
-0.263
-0.211
-0.093
-0.048
-0.125
-0.193
-0.15
-0.082
-0.1
-0.179
-0.243
-0.297
-0.358
-0.397
-0.372
-0.318
-0.281
-0.249
-0.184
-0.082
0.002
0.075
0.118
0.129
0.132
0.12
0.111
0.095
0.07
0.009
-0.054
-0.093
-0.075
-0.045
-0.02
-0.009
0
0
0.016
0.084
0.184
0.261
0.293
0.297
0.293
0.249
0.188
0.134
0.111
0.088
0.068
0.079
0.12
0.15
0.141
0.129
0.163
0.227
0.277
0.329
0.383
0.415
0.42
0.408
0.37
0.302
0.218
0.163
0.15
0.147
0.134
0.127
0.107
0.068
0.052
0.1
0.193
0.252
0.24
0.218
0.222
0.249
0.256
0.256
0.218
0.145
0.068
0.002
-0.011
0.007
0.005
-0.011
0.009
0.068
0.15
0.209
0.227
0.236
0.24
0.24
0.238
0.231
0.236
0.211
0.152
0.1
0.068
0.045
0.034
0.052
0.061
0.057
0.061
0.097
0.134
0.118
0.095
0.12
0.177
0.209
0.204
0.211
0.204
0.15
0.063
0.009
-0.007
-0.02
-0.043
-0.052
-0.007
0.057
0.091
0.107
0.159
0.215
0.261
0.283
0.265
0.225
0.177
0.141
0.111
0.102
0.077
0.036
0.029
0.029
0.007
0.025
0.102
0.168
0.2
0.215
0.238
0.227
0.17
0.138
0.161
0.17
0.145
0.12
0.111
0.097
0.086
0.075
0.068
0.032
0.002
0.039
0.12
0.195
0.229
0.227
0.206
0.177
0.193
0.202
0.154
0.116
0.113
0.082
0.045
0.029
0.018
0.005
-0.007
0
0.036
0.054
0.073
0.1
0.116
0.093
0.059
0.077
0.109
0.095
0.029
-0.036
-0.048
-0.011
0.009
0.009
0.002
-0.018
-0.043
-0.075
-0.102
-0.088
-0.061
-0.054
-0.048
-0.043
-0.054
-0.068
-0.104
-0.138
-0.125
-0.077
-0.054
-0.052
-0.057
-0.052
-0.025
0.009
0.014
0.016
0.034
0.029
0.002
0.016
0.088
0.168
0.231
0.227
0.202
0.2
0.218
0.204
0.17
0.145
0.134
0.113
0.066
0.039
0.041
0.009
-0.025
-0.014
0.048
0.107
0.12
0.111
0.127
0.186
0.245
0.268
0.24
0.193
0.159
0.125
0.122
0.159
0.195
0.215
0.184
0.129
0.129
0.179
0.218
0.213
0.204
0.234
0.277
0.293
0.302
0.311
0.302
0.302
0.293
0.261
0.229
0.213
0.234
0.286
0.329
0.338
0.327
0.315
0.322
0.347
0.401
0.46
0.499
0.508
0.506
0.494
0.479
0.449
0.433
0.406
0.352
0.333
0.345
0.356
0.388
0.451
0.506
0.54
0.547
0.535
0.51
0.492
0.504
0.517
0.476
0.397
0.374
0.406
0.433
0.442
0.445
0.454
0.499
0.542
0.56
0.581
0.601
0.617
0.662
0.719
0.721
0.662
0.606
0.606
0.637
0.61
0.565
0.556
0.565
0.547
0.522
0.533
0.569
0.606
0.628
0.624
0.61
0.597
0.576
0.549
0.472
0.422
0.438
0.436
0.399
0.372
0.379
0.404
0.442
0.483
0.485
0.465
0.467
0.504
0.558
0.608
0.642
0.674
0.726
0.73
0.662
0.597
0.567
0.549
0.54
0.524
0.517
0.528
0.558
0.599
0.615
0.631
0.665
0.705
0.696
0.646
0.61
0.601
0.56
0.476
0.397
0.338
0.279
0.218
0.177
0.166
0.159
0.166
0.202
0.206
0.172
0.136
0.15
0.206
0.229
0.202
0.143
0.093
0.061
0.02
0.009
0.036
0.061
0.048
0.005
-0.025
-0.041
-0.052
-0.048
-0.032
-0.063
-0.118
-0.125
-0.068
-0.014
0
-0.029
-0.034
-0.034
-0.054
-0.093
-0.127
-0.175
-0.191
-0.17
-0.147
-0.116
-0.057
0.018
0.059
0.057
0.079
0.084
0.057
0.011
-0.045
-0.034
0.02
0.075
0.12
0.161
0.175
0.193
0.245
0.311
0.352
0.372
0.367
0.392
0.431
0.465
0.506
0.528
0.542
0.572
0.578
0.583
0.626
0.676
0.71
0.724
0.71
0.699
0.705
0.721
0.742
0.755
0.78
0.778
0.767
0.742
0.69
0.633
0.572
0.524
0.538
0.576
0.597
0.574
0.551
0.542
0.549
0.544
0.538
0.578
0.599
0.59
0.608
0.615
0.606
0.587
0.574
0.565
0.522
0.46
0.442
0.44
0.44
0.476
0.528
0.544
0.515
0.501
0.508
0.501
0.492
0.508
0.563
0.622
0.628
0.619
0.649
0.701
0.69
0.658
0.66
0.696
0.705
0.68
0.717
0.771
0.812
0.844
0.88
0.921
0.946
0.953
0.946
0.937
0.934
0.959
0.953
0.891
0.842
0.866
0.898
0.864
0.792
0.753
0.733
0.692
0.633
0.617
0.631
0.606
0.556
0.572
0.626
0.628
0.567
0.519
0.524
0.563
0.583
0.56
0.508
0.467
0.445
0.438
0.42
0.411
0.451
0.526
0.549
0.538
0.544
0.54
0.467
0.356
0.313
0.356
0.365
0.345
0.338
0.365
0.386
0.365
0.367
0.422
0.429
0.372
0.37
0.47
0.606
0.683
0.708
0.746
0.819
0.882
0.903
0.91
0.95
1.016
1.073
1.096
1.1
1.139
1.168
1.164
1.141
1.148
1.182
1.182
1.17
1.189
1.229
1.252
1.245
1.22
1.168
1.116
1.068
1.007
0.987
0.971
0.903
0.828
0.78
0.758
0.755
0.744
0.733
0.708
0.687
0.676
0.637
0.583
0.531
0.492
0.429
0.347
0.302
0.311
0.322
0.274
0.204
0.177
0.166
0.084
-0.018
-0.018
0.045
0.079
0.1
0.154
0.204
0.2
0.147
0.113
0.075
0.018
-0.034
-0.039
0
0.029
0.034
0.009
0.011
0.059
0.134
0.195
0.234
0.249
0.297
0.367
0.431
0.438
0.458
0.494
0.481
0.458
0.456
0.476
0.499
0.474
0.445
0.483
0.558
0.583
0.567
0.574
0.606
0.635
0.64
0.642
0.642
0.599
0.519
0.449
0.44
0.431
0.386
0.338
0.315
0.338
0.372
0.392
0.365
0.338
0.347
0.34
0.308
0.274
0.306
0.338
0.277
0.193
0.188
0.2
0.118
-0.002
-0.075
-0.109
-0.141
-0.168
-0.168
-0.179
-0.202
-0.225
-0.247
-0.283
-0.324
-0.377
-0.454
-0.535
-0.572
-0.56
-0.563
-0.61
-0.671
-0.692
-0.703
-0.703
-0.685
-0.665
-0.66
-0.662
-0.633
-0.551
-0.474
-0.451
-0.467
-0.476
-0.456
-0.431
-0.449
-0.497
-0.504
-0.483
-0.472
-0.476
-0.438
-0.383
-0.352
-0.347
-0.333
-0.324
-0.338
-0.372
-0.411
-0.42
-0.392
-0.333
-0.288
-0.295
-0.338
-0.356
-0.313
-0.243
-0.204
-0.188
-0.163
-0.127
-0.086
-0.059
-0.032
-0.039
-0.095
-0.15
-0.184
-0.206
-0.222
-0.222
-0.22
-0.225
-0.231
-0.245
-0.283
-0.338
-0.37
-0.388
-0.408
-0.411
-0.377
-0.374
-0.429
-0.463
-0.426
-0.372
-0.386
-0.447
-0.472
-0.465
-0.49
-0.538
-0.535
-0.497
-0.492
-0.556
-0.587
-0.549
-0.492
-0.472
-0.456
-0.442
-0.445
-0.513
-0.603
-0.644
-0.669
-0.726
-0.742
-0.68
-0.581
-0.524
-0.519
-0.524
-0.501
-0.467
-0.49
-0.54
-0.569
-0.572
-0.576
-0.61
-0.637
-0.594
-0.528
-0.508
-0.538
-0.533
-0.492
-0.472
-0.467
-0.456
-0.481
-0.549
-0.626
-0.669
-0.68
-0.705
-0.767
-0.783
-0.726
-0.667
-0.653
-0.624
-0.576
-0.544
-0.542
-0.549
-0.56
-0.603
-0.66
-0.683
-0.676
-0.649
-0.597
-0.581
-0.64
-0.71
-0.746
-0.751
-0.762
-0.76
-0.767
-0.805
-0.835
-0.86
-0.873
-0.896
-0.937
-0.989
-1.005
-1.005
-1.046
-1.114
-1.136
-1.118
-1.15
-1.243
-1.304
-1.322
-1.307
-1.263
-1.214
-1.125
-1.034
-1.005
-1.016
-1.007
-0.996
-1.021
-1.025
-1.016
-1.039
-1.048
-1.025
-0.993
-0.939
-0.876
-0.803
-0.746
-0.705
-0.69
-0.685
-0.66
-0.624
-0.597
-0.612
-0.665
-0.728
-0.778
-0.812
-0.839
-0.866
-0.832
-0.751
-0.705
-0.705
-0.68
-0.626
-0.606
-0.592
-0.594
-0.633
-0.696
-0.76
-0.814
-0.819
-0.817
-0.819
-0.817
-0.823
-0.839
-0.837
-0.826
-0.796
-0.742
-0.701
-0.701
-0.728
-0.78
-0.855
-0.916
-0.969
-1.007
-0.993
-0.991
-1.039
-1.111
-1.155
-1.168
-1.179
-1.182
-1.177
-1.179
-1.186
-1.214
-1.227
-1.204
-1.17
-1.15
-1.173
-1.22
-1.286
-1.345
-1.35
-1.325
-1.309
-1.293
-1.279
-1.279
-1.263
-1.209
-1.136
-1.059
-0.991
-0.923
-0.887
-0.866
-0.837
-0.807
-0.78
-0.78
-0.801
-0.794
-0.778
-0.792
-0.789
-0.739
-0.674
-0.617
-0.553
-0.501
-0.463
-0.429
-0.395
-0.374
-0.37
-0.374
-0.386
-0.415
-0.458
-0.492
-0.492
-0.456
-0.397
-0.358
-0.347
-0.327
-0.32
-0.336
-0.342
-0.352
-0.399
-0.442
-0.479
-0.549
-0.628
-0.678
-0.755
-0.857
-0.932
-0.975
-1.03
-1.1
-1.139
-1.125
-1.111
-1.121
-1.127
-1.127
-1.132
-1.17
-1.214
-1.234
-1.218
-1.22
-1.232
-1.236
-1.266
-1.288
-1.275
-1.229
-1.189
-1.175
-1.166
-1.155
-1.152
-1.166
-1.161
-1.15
-1.175
-1.241
-1.288
-1.313
-1.322
-1.318
-1.318
-1.37
-1.404
-1.361
-1.295
-1.291
-1.329
-1.318
-1.236
-1.173
-1.189
-1.218
-1.209
-1.209
-1.225
-1.22
-1.207
-1.2
-1.189
-1.159
-1.148
-1.173
-1.182
-1.15
-1.08
-1.021
-1.003
-0.996
-0.973
-0.941
-0.919
-0.916
-0.941
-0.964
-0.934
-0.887
-0.903
-0.966
-0.989
-0.941
-0.896
-0.862
-0.823
-0.796
-0.78
-0.744
-0.658
-0.594
-0.612
-0.66
-0.667
-0.624
-0.597
-0.594
-0.581
-0.567
-0.558
-0.56
-0.551
-0.535
-0.528
-0.501
-0.465
-0.467
-0.501
-0.519
-0.531
-0.567
-0.622
-0.671
-0.696
-0.726
-0.758
-0.771
-0.783
-0.807
-0.814
-0.764
-0.662
-0.583
-0.56
-0.558
-0.547
-0.551
-0.569
-0.549
-0.499
-0.494
-0.542
-0.581
-0.592
-0.597
-0.61
-0.612
-0.585
-0.542
-0.526
-0.519
-0.485
-0.472
-0.506
-0.553
-0.603
-0.653
-0.662
-0.642
-0.631
-0.61
-0.569
-0.517
-0.501
-0.522
-0.517
-0.479
-0.445
-0.433
-0.422
-0.392
-0.388
-0.386
-0.361
-0.311
-0.281
-0.29
-0.297
-0.281
-0.268
-0.247
-0.231
-0.252
-0.306
-0.327
-0.279
-0.227
-0.206
-0.202
-0.209
-0.213
-0.181
-0.113
-0.082
-0.134
-0.213
-0.27
-0.311
-0.342
-0.342
-0.34
-0.299
-0.229
-0.184
-0.159
-0.143
-0.125
-0.097
-0.129
-0.218
-0.29
-0.288
-0.259
-0.259
-0.281
-0.297
-0.272
-0.243
-0.238
-0.218
-0.156
-0.102
-0.097
-0.141
-0.156
-0.152
-0.175
-0.209
-0.22
-0.234
-0.254
-0.249
-0.238
-0.229
-0.245
-0.256
-0.231
-0.161
-0.107
-0.107
-0.127
-0.104
-0.02
0.041
0.036
0.032
0.059
0.073
0.039
-0.016
-0.048
-0.054
-0.079
-0.125
-0.093
-0.025
-0.002
0.005
0.007
0.018
0.041
0.045
0.023
0.002
-0.009
0.007
0.039
0.059
0.077
0.043
-0.02
-0.057
-0.011
0.073
0.116
0.113
0.095
0.12
0.129
0.084
0.061
0.109
0.154
0.116
0.045
0.023
0.039
0.018
-0.05
-0.097
-0.073
-0.029
0.009
0.059
0.122
0.168
0.181
0.186
0.181
0.172
0.159
0.066
-0.061
-0.147
-0.109
-0.027
-0.018
-0.023
0.05
0.125
0.12
0.136
0.229
0.293
0.252
0.177
0.17
0.191
0.168
0.138
0.15
0.22
0.272
0.279
0.283
0.297
0.342
0.392
0.383
0.293
0.209
0.22
0.256
0.247
0.247
0.322
0.408
0.431
0.449
0.497
0.499
0.442
0.388
0.381
0.358
0.304
0.29
0.347
0.44
0.474
0.451
0.476
0.558
0.653
0.683
0.597
0.458
0.395
0.408
0.379
0.311
0.27
0.286
0.306
0.313
0.349
0.44
0.476
0.42
0.372
0.365
0.324
0.225
0.145
0.136
0.143
0.091
0.045
0.086
0.184
0.259
0.261
0.177
0.109
0.152
0.234
0.234
0.172
0.159
0.213
0.265
0.281
0.313
0.37
0.395
0.342
0.283
0.313
0.372
0.338
0.286
0.299
0.34
0.349
0.377
0.483
0.608
0.662
0.66
0.649
0.658
0.669
0.66
0.64
0.626
0.622
0.653
0.724
0.776
0.814
0.844
0.848
0.848
0.921
1.028
1.046
0.955
0.882
0.905
0.896
0.801
0.728
0.717
0.699
0.674
0.653
0.599
0.563
0.533
0.494
0.451
0.386
0.336
0.336
0.361
0.347
0.34
0.329
0.306
0.311
0.345
0.324
0.24
0.15
0.141
0.181
0.175
0.143
0.143
0.188
0.24
0.274
0.286
0.259
0.252
0.302
0.356
0.358
0.336
0.311
0.277
0.245
0.243
0.259
0.272
0.268
0.288
0.349
0.408
0.454
0.524
0.599
0.656
0.649
0.619
0.662
0.755
0.794
0.748
0.694
0.637
0.601
0.61
0.642
0.642
0.603
0.585
0.617
0.669
0.696
0.726
0.767
0.76
0.728
0.724
0.773
0.805
0.739
0.656
0.587
0.488
0.383
0.363
0.399
0.388
0.308
0.229
0.211
0.247
0.286
0.299
0.299
0.272
0.259
0.293
0.345
0.39
0.392
0.356
0.32
0.315
0.308
0.261
0.204
0.179
0.179
0.177
0.195
0.259
0.347
0.438
0.522
0.581
0.644
0.714
0.792
0.835
0.807
0.746
0.687
0.617
0.569
0.563
0.565
0.581
0.619
0.685
0.801
0.93
1.007
1.025
1.028
1.046
1.071
1.082
1.068
1.059
1.068
1.066
1.071
1.098
1.057
0.98
0.955
0.953
0.905
0.846
0.803
0.798
0.776
0.735
0.726
0.794
0.896
0.993
1.039
1.028
0.993
0.955
0.919
0.866
0.769
0.674
0.606
0.578
0.587
0.619
0.653
0.694
0.719
0.719
0.685
0.631
0.603
0.633
0.685
0.687
0.667
0.68
0.719
0.735
0.703
0.685
0.712
0.721
0.696
0.665
0.637
0.601
0.547
0.49
0.488
0.535
0.635
0.712
0.776
0.851
0.932
0.98
0.962
0.889
0.794
0.705
0.603
0.504
0.465
0.465
0.492
0.544
0.603
0.617
0.608
0.61
0.615
0.651
0.671
0.669
0.68
0.703
0.699
0.671
0.644
0.615
0.597
0.587
0.587
0.567
0.522
0.433
0.352
0.302
0.268
0.274
0.333
0.438
0.524
0.581
0.644
0.696
0.703
0.665
0.637
0.594
0.488
0.404
0.377
0.379
0.379
0.37
0.39
0.429
0.476
0.492
0.508
0.61
0.717
0.719
0.658
0.633
0.662
0.669
0.631
0.628
0.665
0.696
0.665
0.599
0.533
0.472
0.395
0.318
0.259
0.265
0.345
0.451
0.54
0.574
0.599
0.64
0.669
0.685
0.687
0.66
0.59
0.499
0.454
0.458
0.483
0.513
0.535
0.533
0.494
0.451
0.456
0.501
0.515
0.458
0.374
0.383
0.463
0.553
0.601
0.617
0.66
0.687
0.674
0.628
0.583
0.519
0.433
0.313
0.222
0.202
0.256
0.358
0.467
0.538
0.56
0.585
0.619
0.683
0.742
0.714
0.61
0.494
0.401
0.352
0.34
0.322
0.293
0.274
0.256
0.243
0.249
0.274
0.288
0.245
0.154
0.088
0.104
0.159
0.243
0.329
0.377
0.363
0.318
0.29
0.288
0.231
0.102
-0.045
-0.147
-0.186
-0.161
-0.068
0.034
0.073
0.068
0.084
0.147
0.261
0.392
0.44
0.401
0.315
0.263
0.24
0.202
0.122
0.025
-0.061
-0.136
-0.172
-0.143
-0.036
0.091
0.138
0.166
0.213
0.277
0.361
0.449
0.526
0.59
0.631
0.644
0.653
0.637
0.572
0.456
0.342
0.213
0.1
0.079
0.129
0.163
0.177
0.222
0.313
0.406
0.488
0.592
0.705
0.737
0.683
0.653
0.694
0.703
0.599
0.47
0.39
0.331
0.29
0.297
0.386
0.533
0.646
0.728
0.819
0.889
0.903
0.925
0.941
0.932
0.88
0.805
0.724
0.644
0.572
0.51
0.449
0.404
0.383
0.39
0.445
0.547
0.631
0.721
0.796
0.842
0.873
0.914
0.953
0.989
0.984
0.921
0.83
0.755
0.714
0.667
0.592
0.501
0.431
0.397
0.411
0.472
0.563
0.61
0.599
0.599
0.619
0.631
0.612
0.597
0.565
0.501
0.399
0.315
0.288
0.268
0.213
0.143
0.12
0.175
0.234
0.249
0.236
0.218
0.195
0.172
0.191
0.236
0.272
0.293
0.299
0.286
0.236
0.175
0.136
0.097
0.034
-0.063
-0.156
-0.181
-0.168
-0.2
-0.261
-0.268
-0.218
-0.159
-0.127
-0.088
-0.014
0.048
0.093
0.15
0.181
0.136
0.043
-0.016
-0.009
-0.041
-0.141
-0.209
-0.209
-0.191
-0.2
-0.204
-0.179
-0.161
-0.134
-0.061
0.041
0.125
0.154
0.12
0.054
-0.005
-0.045
-0.097
-0.15
-0.209
-0.272
-0.304
-0.279
-0.215
-0.141
-0.082
-0.027
0.054
0.152
0.186
0.2
0.229
0.22
0.127
0
-0.061
-0.066
-0.079
-0.109
-0.095
-0.054
-0.063
-0.091
-0.045
0.048
0.054
-0.02
-0.052
0.023
0.12
0.177
0.22
0.274
0.286
0.247
0.247
0.297
0.295
0.222
0.15
0.15
0.175
0.136
0.068
0.039
0.068
0.156
0.252
0.272
0.24
0.218
0.24
0.249
0.213
0.159
0.107
0.079
0.118
0.195
0.243
0.247
0.243
0.236
0.202
0.095
-0.02
-0.063
-0.057
-0.054
-0.043
0.016
0.102
0.188
0.297
0.388
0.374
0.265
0.152
0.077
-0.016
-0.127
-0.2
-0.234
-0.286
-0.331
-0.295
-0.161
-0.061
-0.027
0.02
0.125
0.193
0.159
0.068
-0.016
-0.116
-0.243
-0.315
-0.327
-0.34
-0.363
-0.34
-0.268
-0.218
-0.209
-0.197
-0.163
-0.163
-0.197
-0.261
-0.338
-0.356
-0.304
-0.247
-0.234
-0.283
-0.336
-0.342
-0.338
-0.315
-0.281
-0.261
-0.295
-0.365
-0.374
-0.372
-0.408
-0.436
-0.406
-0.354
-0.347
-0.352
-0.306
-0.272
-0.311
-0.363
-0.356
-0.361
-0.397
-0.458
-0.508
-0.542
-0.56
-0.553
-0.547
-0.587
-0.653
-0.669
-0.626
-0.578
-0.56
-0.522
-0.447
-0.392
-0.381
-0.415
-0.46
-0.488
-0.465
-0.442
-0.467
-0.533
-0.594
-0.631
-0.644
-0.601
-0.54
-0.504
-0.497
-0.483
-0.463
-0.522
-0.612
-0.653
-0.617
-0.574
-0.601
-0.649
-0.66
-0.61
-0.553
-0.481
-0.404
-0.406
-0.465
-0.46
-0.413
-0.438
-0.572
-0.674
-0.674
-0.644
-0.628
-0.612
-0.578
-0.542
-0.517
-0.456
-0.422
-0.456
-0.513
-0.526
-0.522
-0.587
-0.656
-0.646
-0.626
-0.646
-0.669
-0.651
-0.608
-0.556
-0.492
-0.433
-0.424
-0.485
-0.531
-0.533
-0.572
-0.619
-0.619
-0.601
-0.615
-0.631
-0.637
-0.68
-0.73
-0.721
-0.669
-0.64
-0.658
-0.646
-0.585
-0.569
-0.619
-0.622
-0.547
-0.481
-0.501
-0.585
-0.662
-0.714
-0.758
-0.751
-0.71
-0.699
-0.705
-0.68
-0.608
-0.553
-0.547
-0.583
-0.615
-0.637
-0.631
-0.626
-0.653
-0.683
-0.685
-0.667
-0.637
-0.617
-0.619
-0.61
-0.563
-0.522
-0.531
-0.538
-0.533
-0.574
-0.649
-0.671
-0.646
-0.628
-0.631
-0.612
-0.578
-0.54
-0.553
-0.626
-0.696
-0.71
-0.685
-0.649
-0.665
-0.714
-0.73
-0.703
-0.692
-0.687
-0.64
-0.585
-0.612
-0.701
-0.742
-0.73
-0.778
-0.801
-0.739
-0.649
-0.649
-0.701
-0.694
-0.622
-0.576
-0.606
-0.624
-0.597
-0.594
-0.615
-0.651
-0.717
-0.748
-0.714
-0.678
-0.649
-0.583
-0.499
-0.456
-0.472
-0.476
-0.447
-0.442
-0.488
-0.533
-0.549
-0.567
-0.61
-0.628
-0.587
-0.578
-0.608
-0.631
-0.59
-0.519
-0.492
-0.506
-0.51
-0.513
-0.553
-0.606
-0.637
-0.619
-0.547
-0.497
-0.547
-0.633
-0.665
-0.656
-0.699
-0.78
-0.794
-0.721
-0.714
-0.796
-0.855
-0.814
-0.764
-0.778
-0.814
-0.814
-0.83
-0.912
-1
-1.037
-1.041
-1.055
-1.039
-0.971
-0.885
-0.819
-0.805
-0.832
-0.848
-0.826
-0.81
-0.857
-0.914
-0.921
-0.928
-1.003
-1.064
-1.028
-0.939
-0.885
-0.887
-0.853
-0.76
-0.687
-0.671
-0.644
-0.578
-0.56
-0.615
-0.651
-0.628
-0.597
-0.569
-0.563
-0.597
-0.656
-0.68
-0.692
-0.719
-0.724
-0.701
-0.703
-0.735
-0.751
-0.717
-0.66
-0.678
-0.767
-0.821
-0.789
-0.769
-0.823
-0.885
-0.946
-1.014
-1.071
-1.075
-1.016
-0.932
-0.857
-0.823
-0.848
-0.887
-0.925
-0.923
-0.871
-0.835
-0.857
-0.894
-0.889
-0.832
-0.778
-0.776
-0.828
-0.919
-0.959
-0.937
-0.914
-0.919
-0.912
-0.873
-0.832
-0.792
-0.708
-0.603
-0.51
-0.426
-0.356
-0.32
-0.342
-0.365
-0.329
-0.295
-0.342
-0.426
-0.436
-0.356
-0.245
-0.118
-0.016
0
-0.048
-0.061
-0.005
0.041
-0.002
-0.1
-0.179
-0.243
-0.272
-0.245
-0.168
-0.125
-0.132
-0.141
-0.129
-0.191
-0.295
-0.322
-0.272
-0.256
-0.311
-0.336
-0.293
-0.247
-0.249
-0.283
-0.327
-0.377
-0.401
-0.381
-0.333
-0.324
-0.374
-0.438
-0.467
-0.447
-0.399
-0.377
-0.397
-0.44
-0.447
-0.426
-0.433
-0.447
-0.424
-0.395
-0.42
-0.481
-0.485
-0.413
-0.327
-0.283
-0.288
-0.313
-0.356
-0.399
-0.381
-0.34
-0.336
-0.338
-0.324
-0.286
-0.211
-0.12
-0.054
-0.048
-0.032
0.011
0.029
-0.005
-0.054
-0.109
-0.122
-0.127
-0.143
-0.168
-0.166
-0.129
-0.134
-0.202
-0.259
-0.265
-0.238
-0.215
-0.2
-0.206
-0.202
-0.188
-0.206
-0.209
-0.168
-0.156
-0.209
-0.254
-0.252
-0.249
-0.283
-0.331
-0.347
-0.329
-0.322
-0.381
-0.426
-0.356
-0.234
-0.186
-0.206
-0.227
-0.209
-0.202
-0.234
-0.204
-0.097
-0.009
0.002
-0.02
0.005
0.097
0.168
0.177
0.177
0.225
0.249
0.202
0.17
0.181
0.2
0.172
0.109
0.05
0.045
0.041
-0.009
-0.061
-0.075
-0.084
-0.143
-0.211
-0.211
-0.143
-0.122
-0.186
-0.197
-0.107
-0.005
0.052
0.075
0.125
0.166
0.143
0.102
0.104
0.152
0.181
0.161
0.125
0.118
0.166
0.22
0.272
0.318
0.365
0.401
0.42
0.454
0.515
0.576
0.594
0.563
0.551
0.572
0.587
0.578
0.615
0.703
0.758
0.753
0.776
0.839
0.871
0.812
0.705
0.651
0.669
0.683
0.646
0.612
0.606
0.601
0.581
0.583
0.594
0.569
0.499
0.436
0.392
0.392
0.374
0.329
0.311
0.302
0.274
0.213
0.159
0.132
0.127
0.143
0.147
0.143
0.156
0.179
0.195
0.2
0.197
0.177
0.138
0.136
0.147
0.134
0.1
0.077
0.095
0.134
0.159
0.184
0.22
0.24
0.279
0.34
0.404
0.454
0.522
0.567
0.563
0.549
0.553
0.59
0.633
0.658
0.667
0.669
0.665
0.644
0.644
0.671
0.68
0.66
0.633
0.653
0.68
0.692
0.676
0.635
0.608
0.594
0.558
0.479
0.417
0.356
0.299
0.261
0.245
0.252
0.297
0.354
0.383
0.39
0.404
0.429
0.458
0.492
0.501
0.463
0.39
0.363
0.383
0.388
0.379
0.408
0.447
0.438
0.406
0.415
0.465
0.508
0.504
0.485
0.494
0.508
0.51
0.526
0.572
0.612
0.619
0.574
0.517
0.508
0.551
0.583
0.574
0.553
0.587
0.662
0.739
0.83
0.916
0.973
0.998
1.025
1.062
1.08
1.059
1.03
1.009
0.966
0.921
0.919
0.991
1.084
1.13
1.145
1.177
1.243
1.291
1.327
1.329
1.277
1.193
1.132
1.098
1.084
1.077
1.089
1.091
1.041
1.005
1.014
1.048
1.05
1.025
1.009
0.993
0.934
0.873
0.846
0.851
0.862
0.864
0.826
0.735
0.696
0.746
0.787
0.739
0.669
0.658
0.692
0.703
0.703
0.73
0.758
0.746
0.724
0.767
0.826
0.828
0.83
0.851
0.862
0.842
0.826
0.88
0.946
0.973
0.975
0.982
0.989
1.014
1.052
1.109
1.125
1.059
0.991
0.971
0.964
0.955
0.973
0.973
0.932
0.878
0.857
0.862
0.857
0.807
0.728
0.665
0.615
0.576
0.578
0.615
0.642
0.622
0.565
0.519
0.504
0.499
0.485
0.467
0.44
0.408
0.406
0.431
0.458
0.515
0.587
0.619
0.592
0.567
0.597
0.622
0.599
0.547
0.508
0.49
0.46
0.47
0.542
0.601
0.631
0.665
0.705
0.739
0.776
0.803
0.771
0.683
0.601
0.622
0.658
0.66
0.696
0.803
0.873
0.837
0.803
0.828
0.855
0.83
0.801
0.794
0.769
0.694
0.692
0.792
0.862
0.871
0.885
0.921
0.932
0.937
0.941
0.941
0.894
0.814
0.792
0.803
0.796
0.819
0.914
1.003
1.03
1.048
1.08
1.093
1.073
1.032
0.98
0.891
0.796
0.798
0.862
0.912
0.932
0.964
1.034
1.084
1.08
1.059
1.041
1
0.959
0.953
0.969
1.003
1.03
1.066
1.111
1.157
1.191
1.209
1.198
1.184
1.193
1.193
1.161
1.152
1.155
1.161
1.193
1.241
1.268
1.286
1.291
1.291
1.288
1.248
1.159
1.037
0.932
0.88
0.869
0.851
0.812
0.776
0.771
0.783
0.796
0.778
0.728
0.683
0.619
0.519
0.436
0.397
0.374
0.329
0.311
0.367
0.438
0.47
0.485
0.533
0.592
0.581
0.472
0.383
0.379
0.363
0.286
0.243
0.27
0.331
0.336
0.32
0.336
0.392
0.379
0.254
0.129
0.125
0.163
0.147
0.109
0.125
0.17
0.191
0.181
0.213
0.297
0.356
0.37
0.365
0.37
0.424
0.51
0.617
0.701
0.71
0.683
0.71
0.773
0.769
0.708
0.674
0.69
0.696
0.649
0.601
0.603
0.626
0.642
0.665
0.671
0.637
0.606
0.626
0.667
0.642
0.576
0.515
0.479
0.456
0.429
0.404
0.424
0.467
0.476
0.433
0.399
0.42
0.44
0.399
0.34
0.333
0.349
0.311
0.229
0.191
0.24
0.27
0.234
0.17
0.154
0.172
0.179
0.17
0.15
0.109
0.061
0.054
0.082
0.122
0.163
0.209
0.231
0.195
0.15
0.138
0.136
0.093
0.02
-0.05
-0.122
-0.177
-0.188
-0.154
-0.073
0
0.041
0.073
0.088
0.082
0.063
0.054
0.023
-0.027
-0.077
-0.075
-0.029
0.034
0.077
0.093
0.125
0.159
0.159
0.134
0.138
0.181
0.195
0.143
0.082
0.079
0.111
0.132
0.138
0.12
0.107
0.084
0.011
-0.054
-0.061
-0.036
-0.043
-0.111
-0.181
-0.213
-0.231
-0.263
-0.304
-0.331
-0.338
-0.324
-0.288
-0.277
-0.283
-0.281
-0.268
-0.272
-0.299
-0.308
-0.295
-0.272
-0.274
-0.277
-0.256
-0.272
-0.327
-0.367
-0.377
-0.395
-0.438
-0.46
-0.44
-0.42
-0.386
-0.329
-0.24
-0.156
-0.12
-0.088
-0.023
0.02
-0.014
-0.107
-0.152
-0.12
-0.093
-0.102
-0.109
-0.084
-0.011
0.066
0.097
0.07
0.068
0.091
0.116
0.104
0.073
0.07
0.077
0.05
0
-0.02
-0.014
-0.036
-0.104
-0.127
-0.093
-0.082
-0.107
-0.116
-0.082
-0.045
-0.027
-0.014
0.005
0.027
0.027
0.041
0.066
0.059
0
-0.05
-0.079
-0.102
-0.136
-0.197
-0.249
-0.252
-0.222
-0.197
-0.184
-0.136
-0.07
-0.052
-0.111
-0.238
-0.306
-0.329
-0.377
-0.445
-0.46
-0.431
-0.404
-0.401
-0.367
-0.306
-0.272
-0.302
-0.318
-0.265
-0.215
-0.218
-0.256
-0.279
-0.297
-0.322
-0.354
-0.365
-0.397
-0.442
-0.454
-0.445
-0.456
-0.46
-0.424
-0.404
-0.413
-0.426
-0.422
-0.44
-0.506
-0.558
-0.544
-0.506
-0.485
-0.51
-0.501
-0.447
-0.436
-0.465
-0.44
-0.42
-0.424
-0.44
-0.424
-0.413
-0.431
-0.474
-0.508
-0.538
-0.59
-0.642
-0.69
-0.744
-0.771
-0.748
-0.73
-0.726
-0.728
-0.742
-0.746
-0.746
-0.764
-0.78
-0.81
-0.88
-0.975
-1.012
-0.971
-0.925
-0.916
-0.878
-0.792
-0.712
-0.658
-0.628
-0.617
-0.628
-0.667
-0.68
-0.701
-0.742
-0.758
-0.712
-0.692
-0.669
-0.619
-0.569
-0.563
-0.597
-0.606
-0.59
-0.578
-0.619
-0.651
-0.665
-0.671
-0.683
-0.687
-0.66
-0.637
-0.628
-0.603
-0.544
-0.506
-0.519
-0.519
-0.481
-0.445
-0.408
-0.377
-0.358
-0.352
-0.342
-0.333
-0.345
-0.347
-0.342
-0.352
-0.377
-0.392
-0.401
-0.415
-0.46
-0.522
-0.542
-0.504
-0.479
-0.504
-0.544
-0.553
-0.547
-0.572
-0.631
-0.692
-0.721
-0.744
-0.776
-0.751
-0.676
-0.644
-0.656
-0.624
-0.565
-0.519
-0.535
-0.592
-0.635
-0.676
-0.724
-0.776
-0.789
-0.78
-0.762
-0.755
-0.742
-0.708
-0.708
-0.796
-0.871
-0.88
-0.889
-0.934
-1
-1.059
-1.062
-1.034
-1.041
-1.08
-1.098
-1.071
-1.034
-0.996
-0.957
-0.966
-1.021
-1.08
-1.089
-1.043
-1.005
-0.996
-0.971
-0.934
-0.905
-0.891
-0.878
-0.866
-0.916
-0.971
-0.966
-0.93
-0.919
-0.939
-0.941
-0.88
-0.826
-0.832
-0.864
-0.891
-0.916
-0.944
-0.93
-0.919
-0.959
-1.028
-1.041
-1.005
-0.959
-0.962
-0.989
-0.982
-0.93
-0.905
-0.887
-0.871
-0.873
-0.898
-0.921
-0.905
-0.894
-0.842
-0.783
-0.767
-0.73
-0.637
-0.606
-0.674
-0.753
-0.751
-0.703
-0.701
-0.728
-0.726
-0.708
-0.714
-0.714
-0.69
-0.66
-0.674
-0.699
-0.665
-0.601
-0.587
-0.601
-0.585
-0.569
-0.567
-0.569
-0.56
-0.522
-0.483
-0.47
-0.483
-0.49
-0.499
-0.544
-0.612
-0.633
-0.606
-0.59
-0.601
-0.619
-0.594
-0.533
-0.488
-0.494
-0.531
-0.563
-0.601
-0.683
-0.748
-0.764
-0.76
-0.794
-0.803
-0.755
-0.714
-0.721
-0.744
-0.724
-0.692
-0.721
-0.769
-0.776
-0.801
-0.855
-0.88
-0.857
-0.807
-0.748
-0.721
-0.696
-0.64
-0.608
-0.626
-0.669
-0.687
-0.669
-0.617
-0.572
-0.54
-0.499
-0.476
-0.467
-0.451
-0.429
-0.397
-0.37
-0.352
-0.354
-0.381
-0.436
-0.485
-0.497
-0.47
-0.417
-0.372
-0.336
-0.265
-0.204
-0.2
-0.215
-0.211
-0.209
-0.249
-0.286
-0.274
-0.238
-0.227
-0.243
-0.274
-0.32
-0.306
-0.263
-0.249
-0.261
-0.252
-0.265
-0.331
-0.406
-0.447
-0.465
-0.47
-0.46
-0.46
-0.463
-0.451
-0.445
-0.454
-0.492
-0.522
-0.515
-0.481
-0.472
-0.497
-0.499
-0.465
-0.406
-0.358
-0.329
-0.324
-0.338
-0.374
-0.42
-0.454
-0.474
-0.465
-0.433
-0.404
-0.386
-0.379
-0.358
-0.315
-0.288
-0.27
-0.227
-0.195
-0.231
-0.288
-0.322
-0.336
-0.34
-0.363
-0.381
-0.372
-0.336
-0.29
-0.263
-0.293
-0.338
-0.34
-0.347
-0.383
-0.397
-0.372
-0.352
-0.352
-0.367
-0.39
-0.431
-0.474
-0.456
-0.424
-0.404
-0.408
-0.442
-0.463
-0.458
-0.46
-0.449
-0.436
-0.454
-0.499
-0.528
-0.531
-0.508
-0.515
-0.528
-0.497
-0.451
-0.442
-0.44
-0.404
-0.331
-0.295
-0.302
-0.297
-0.272
-0.247
-0.209
-0.159
-0.12
-0.075
-0.032
-0.018
-0.009
0.027
0.095
0.127
0.113
0.113
0.12
0.12
0.127
0.15
0.143
0.141
0.202
0.274
0.263
0.222
0.22
0.277
0.347
0.374
0.356
0.336
0.361
0.395
0.388
0.361
0.383
0.467
0.549
0.553
0.517
0.544
0.578
0.56
0.553
0.563
0.572
0.565
0.547
0.522
0.499
0.494
0.517
0.549
0.56
0.528
0.483
0.474
0.49
0.476
0.413
0.417
0.51
0.565
0.542
0.533
0.556
0.594
0.633
0.649
0.633
0.603
0.608
0.624
0.651
0.667
0.66
0.66
0.676
0.683
0.728
0.783
0.796
0.762
0.737
0.71
0.674
0.671
0.66
0.624
0.583
0.567
0.558
0.56
0.569
0.578
0.594
0.61
0.64
0.676
0.694
0.701
0.687
0.642
0.603
0.585
0.578
0.578
0.594
0.615
0.606
0.592
0.608
0.594
0.567
0.572
0.581
0.547
0.467
0.415
0.404
0.383
0.374
0.367
0.311
0.24
0.213
0.225
0.209
0.206
0.24
0.274
0.286
0.304
0.356
0.386
0.386
0.377
0.356
0.338
0.306
0.274
0.256
0.259
0.279
0.288
0.304
0.333
0.399
0.422
0.392
0.381
0.361
0.338
0.34
0.342
0.327
0.27
0.202
0.195
0.245
0.263
0.238
0.229
0.227
0.256
0.318
0.352
0.37
0.379
0.374
0.377
0.411
0.481
0.533
0.51
0.456
0.429
0.42
0.395
0.397
0.413
0.42
0.433
0.479
0.544
0.633
0.737
0.812
0.819
0.776
0.733
0.717
0.721
0.737
0.726
0.667
0.615
0.594
0.603
0.635
0.671
0.728
0.792
0.812
0.842
0.91
0.971
0.987
0.966
0.923
0.88
0.873
0.894
0.891
0.837
0.783
0.792
0.783
0.714
0.667
0.658
0.637
0.615
0.619
0.637
0.667
0.703
0.726
0.717
0.671
0.576
0.483
0.426
0.388
0.315
0.195
0.093
0.057
0.048
0.034
0.059
0.132
0.2
0.261
0.313
0.379
0.424
0.442
0.401
0.318
0.245
0.227
0.234
0.188
0.111
0.068
0.086
0.12
0.15
0.154
0.161
0.186
0.243
0.324
0.408
0.445
0.463
0.492
0.501
0.46
0.415
0.406
0.424
0.404
0.315
0.209
0.168
0.202
0.213
0.209
0.222
0.265
0.302
0.338
0.395
0.47
0.542
0.567
0.517
0.426
0.386
0.404
0.424
0.363
0.247
0.141
0.113
0.134
0.159
0.193
0.222
0.259
0.313
0.374
0.408
0.401
0.358
0.313
0.268
0.193
0.154
0.195
0.206
0.156
0.097
0.088
0.122
0.143
0.156
0.175
0.206
0.229
0.222
0.227
0.245
0.265
0.302
0.315
0.27
0.215
0.24
0.311
0.304
0.193
0.1
0.079
0.091
0.102
0.116
0.113
0.095
0.111
0.184
0.265
0.338
0.397
0.42
0.404
0.363
0.306
0.283
0.286
0.204
0.086
0.018
0.041
0.091
0.129
0.143
0.107
0.091
0.12
0.177
0.204
0.229
0.259
0.274
0.204
0.111
0.095
0.15
0.209
0.202
0.168
0.145
0.113
0.068
0.057
0.075
0.052
-0.007
-0.027
0.039
0.132
0.168
0.156
0.116
0.057
0.02
0.039
0.057
0.027
-0.039
-0.1
-0.122
-0.077
-0.034
-0.023
-0.023
0
0.032
0.07
0.059
0.009
-0.005
0.018
0.007
-0.075
-0.136
-0.134
-0.095
-0.079
-0.086
-0.073
-0.011
0.07
0.15
0.177
0.147
0.113
0.138
0.193
0.204
0.156
0.109
0.104
0.095
0.052
0.034
0.05
0.034
-0.032
-0.079
-0.059
-0.034
-0.018
-0.036
-0.093
-0.163
-0.195
-0.177
-0.116
-0.093
-0.138
-0.177
-0.172
-0.177
-0.204
-0.249
-0.293
-0.299
-0.247
-0.159
-0.075
-0.016
0.029
0.054
0.02
-0.061
-0.104
-0.095
-0.122
-0.231
-0.356
-0.426
-0.474
-0.569
-0.665
-0.644
-0.576
-0.535
-0.51
-0.445
-0.345
-0.259
-0.238
-0.254
-0.286
-0.295
-0.299
-0.286
-0.274
-0.315
-0.406
-0.463
-0.463
-0.445
-0.429
-0.417
-0.372
-0.286
-0.17
-0.1
-0.073
0.007
0.118
0.143
0.075
0.009
-0.007
-0.005
-0.043
-0.132
-0.197
-0.22
-0.243
-0.27
-0.234
-0.129
-0.063
-0.036
0.02
0.097
0.175
0.243
0.283
0.268
0.191
0.073
-0.025
-0.088
-0.156
-0.229
-0.315
-0.404
-0.454
-0.433
-0.381
-0.367
-0.374
-0.32
-0.197
-0.077
-0.025
0.025
0.116
0.132
0.009
-0.122
-0.177
-0.177
-0.218
-0.327
-0.433
-0.485
-0.524
-0.538
-0.474
-0.361
-0.27
-0.22
-0.141
-0.014
0.111
0.154
0.118
0.068
0.027
-0.029
-0.084
-0.132
-0.17
-0.181
-0.2
-0.243
-0.268
-0.24
-0.191
-0.211
-0.238
-0.172
-0.068
-0.014
0.025
0.107
0.161
0.145
0.061
-0.016
-0.066
-0.15
-0.306
-0.465
-0.563
-0.615
-0.637
-0.617
-0.61
-0.594
-0.522
-0.42
-0.349
-0.306
-0.249
-0.193
-0.2
-0.274
-0.336
-0.383
-0.472
-0.565
-0.624
-0.662
-0.751
-0.842
-0.819
-0.699
-0.624
-0.667
-0.703
-0.665
-0.597
-0.504
-0.399
-0.363
-0.379
-0.372
-0.32
-0.322
-0.386
-0.431
-0.47
-0.569
-0.694
-0.728
-0.667
-0.565
-0.49
-0.406
-0.288
-0.186
-0.107
0.009
0.168
0.206
0.097
0.02
0.02
0.005
-0.043
-0.127
-0.231
-0.322
-0.333
-0.268
-0.191
-0.118
-0.054
-0.032
-0.061
-0.095
-0.07
-0.005
0.023
-0.016
-0.066
-0.061
-0.034
-0.043
-0.023
0.002
-0.093
-0.308
-0.429
-0.397
-0.331
-0.313
-0.361
-0.413
-0.361
-0.243
-0.161
-0.154
-0.181
-0.222
-0.288
-0.333
-0.342
-0.356
-0.442
-0.56
-0.612
-0.59
-0.551
-0.558
-0.549
-0.472
-0.381
-0.363
-0.386
-0.379
-0.322
-0.295
-0.34
-0.424
-0.442
-0.383
-0.32
-0.324
-0.342
-0.315
-0.281
-0.299
-0.324
-0.324
-0.329
-0.345
-0.374
-0.352
-0.29
-0.256
-0.268
-0.234
-0.156
-0.107
-0.125
-0.172
-0.177
-0.134
-0.127
-0.195
-0.281
-0.299
-0.297
-0.304
-0.306
-0.279
-0.231
-0.225
-0.24
-0.238
-0.197
-0.22
-0.306
-0.333
-0.293
-0.295
-0.356
-0.386
-0.308
-0.2
-0.163
-0.225
-0.286
-0.268
-0.234
-0.249
-0.302
-0.354
-0.365
-0.342
-0.288
-0.245
-0.215
-0.186
-0.204
-0.215
-0.17
-0.129
-0.156
-0.225
-0.249
-0.222
-0.209
-0.231
-0.222
-0.143
-0.07
-0.082
-0.125
-0.134
-0.088
-0.02
0.007
-0.025
-0.07
-0.068
-0.059
-0.061
-0.027
0.029
0.073
0.07
0.05
0.029
-0.009
-0.052
-0.063
-0.032
-0.02
-0.066
-0.118
-0.107
-0.02
0.075
0.095
0.054
0.045
0.075
0.086
0.07
0.054
0.041
0.036
0.016
0
0.02
0.077
0.118
0.132
0.143
0.138
0.118
0.109
0.122
0.12
0.066
-0.054
-0.161
-0.138
-0.009
0.061
0.027
-0.034
-0.057
-0.054
-0.061
-0.086
-0.125
-0.188
-0.279
-0.372
-0.413
-0.354
-0.27
-0.249
-0.249
-0.222
-0.179
-0.175
-0.209
-0.222
-0.197
-0.197
-0.256
-0.324
-0.327
-0.272
-0.247
-0.27
-0.274
-0.249
-0.236
-0.249
-0.263
-0.252
-0.24
-0.254
-0.274
-0.247
-0.175
-0.138
-0.154
-0.166
-0.136
-0.127
-0.147
-0.17
-0.136
-0.061
-0.045
-0.068
-0.079
-0.052
0.005
0.059
0.095
0.129
0.159
0.172
0.202
0.286
0.358
0.358
0.308
0.229
0.184
0.179
0.177
0.168
0.179
0.175
0.132
0.059
0.057
0.141
0.225
0.202
0.109
0.093
0.159
0.209
0.206
0.193
0.193
0.184
0.177
0.181
0.186
0.168
0.134
0.104
0.093
0.116
0.159
0.195
0.204
0.202
0.215
0.229
0.22
0.218
0.227
0.213
0.147
0.084
0.086
0.132
0.166
0.175
0.177
0.17
0.179
0.195
0.247
0.302
0.338
0.374
0.413
0.42
0.411
0.411
0.42
0.406
0.395
0.417
0.404
0.299
0.254
0.329
0.392
0.345
0.281
0.32
0.397
0.408
0.386
0.413
0.463
0.451
0.413
0.401
0.399
0.352
0.256
0.202
0.193
0.17
0.163
0.195
0.236
0.247
0.245
0.259
0.281
0.304
0.304
0.261
0.206
0.179
0.184
0.2
0.195
0.193
0.225
0.238
0.184
0.138
0.188
0.279
0.288
0.234
0.218
0.245
0.247
0.229
0.213
0.197
0.193
0.227
0.293
0.299
0.263
0.268
0.322
0.381
0.397
0.377
0.342
0.327
0.345
0.39
0.422
0.422
0.436
0.485
0.519
0.508
0.488
0.526
0.556
0.515
0.458
0.465
0.51
0.513
0.474
0.404
0.342
0.333
0.331
0.342
0.372
0.377
0.345
0.308
0.299
0.315
0.361
0.411
0.408
0.379
0.388
0.429
0.451
0.454
0.445
0.392
0.342
0.374
0.506
0.617
0.603
0.528
0.506
0.538
0.581
0.587
0.556
0.51
0.476
0.449
0.429
0.399
0.354
0.315
0.243
0.141
0.084
0.084
0.097
0.129
0.188
0.288
0.361
0.349
0.318
0.336
0.361
0.315
0.238
0.209
0.229
0.24
0.259
0.277
0.29
0.283
0.283
0.336
0.392
0.377
0.338
0.336
0.374
0.401
0.381
0.327
0.281
0.261
0.234
0.181
0.159
0.188
0.236
0.254
0.281
0.37
0.492
0.531
0.524
0.572
0.678
0.758
0.771
0.771
0.783
0.798
0.796
0.778
0.737
0.687
0.66
0.71
0.819
0.905
0.921
0.891
0.88
0.885
0.837
0.773
0.712
0.624
0.531
0.483
0.476
0.458
0.417
0.395
0.408
0.438
0.438
0.411
0.381
0.354
0.331
0.297
0.218
0.129
0.082
0.093
0.109
0.084
0.023
-0.023
-0.005
0.068
0.102
0.059
-0.025
-0.061
-0.068
-0.107
-0.168
-0.2
-0.172
-0.129
-0.088
-0.027
0.014
-0.002
-0.059
-0.088
-0.032
0.068
0.107
0.097
0.116
0.17
0.229
0.261
0.272
0.281
0.29
0.345
0.395
0.415
0.438
0.46
0.504
0.578
0.656
0.674
0.658
0.646
0.66
0.656
0.637
0.626
0.676
0.735
0.728
0.68
0.728
0.778
0.755
0.73
0.753
0.783
0.771
0.703
0.592
0.51
0.456
0.386
0.293
0.225
0.245
0.311
0.342
0.338
0.324
0.304
0.279
0.274
0.272
0.227
0.129
0.068
0.109
0.161
0.147
0.118
0.156
0.211
0.231
0.249
0.288
0.315
0.315
0.327
0.417
0.506
0.488
0.408
0.374
0.381
0.377
0.349
0.352
0.395
0.429
0.436
0.447
0.451
0.42
0.395
0.438
0.535
0.599
0.619
0.622
0.656
0.699
0.71
0.694
0.66
0.617
0.581
0.578
0.608
0.633
0.66
0.701
0.71
0.692
0.644
0.581
0.544
0.556
0.553
0.519
0.485
0.46
0.454
0.47
0.479
0.46
0.408
0.34
0.297
0.302
0.345
0.356
0.286
0.225
0.24
0.274
0.27
0.236
0.211
0.238
0.259
0.256
0.274
0.313
0.315
0.227
0.145
0.125
0.138
0.122
0.097
0.116
0.122
0.082
0.029
0.016
0.011
0.005
0.016
0.048
0.075
0.082
0.107
0.143
0.156
0.166
0.17
0.2
0.22
0.227
0.222
0.227
0.222
0.231
0.274
0.324
0.365
0.383
0.408
0.411
0.411
0.424
0.463
0.508
0.515
0.483
0.44
0.374
0.288
0.2
0.161
0.204
0.297
0.365
0.361
0.299
0.249
0.274
0.322
0.327
0.274
0.245
0.234
0.211
0.147
0.063
0.005
-0.036
-0.07
-0.075
-0.068
-0.075
-0.082
-0.066
-0.052
-0.061
-0.077
-0.097
-0.116
-0.141
-0.213
-0.272
-0.263
-0.229
-0.191
-0.172
-0.2
-0.263
-0.299
-0.27
-0.204
-0.125
-0.061
-0.02
-0.009
-0.014
-0.007
-0.009
-0.016
-0.02
-0.007
0.034
0.041
0.016
0.027
0.077
0.109
0.116
0.113
0.109
0.122
0.161
0.222
0.268
0.283
0.315
0.354
0.361
0.327
0.29
0.268
0.293
0.354
0.413
0.44
0.399
0.324
0.279
0.288
0.299
0.304
0.338
0.388
0.392
0.358
0.331
0.342
0.336
0.313
0.277
0.209
0.129
0.075
0.034
0.011
-0.018
-0.034
0.016
0.091
0.113
0.077
0.036
0.057
0.15
0.229
0.245
0.202
0.143
0.097
0.077
0.05
0.02
0
0.025
0.086
0.086
0.029
0.016
0.041
0.052
0.045
0.068
0.086
0.039
-0.05
-0.122
-0.168
-0.227
-0.293
-0.34
-0.367
-0.388
-0.395
-0.413
-0.436
-0.408
-0.327
-0.259
-0.234
-0.268
-0.295
-0.277
-0.236
-0.202
-0.17
-0.163
-0.172
-0.175
-0.134
-0.1
-0.084
-0.032
0.075
0.159
0.15
0.079
0.043
0.054
0.034
-0.045
-0.1
-0.093
-0.048
-0.027
-0.07
-0.145
-0.2
-0.206
-0.181
-0.181
-0.236
-0.311
-0.363
-0.401
-0.442
-0.479
-0.49
-0.49
-0.506
-0.497
-0.445
-0.358
-0.297
-0.268
-0.265
-0.272
-0.286
-0.308
-0.32
-0.342
-0.397
-0.424
-0.388
-0.333
-0.306
-0.315
-0.322
-0.313
-0.286
-0.265
-0.254
-0.265
-0.279
-0.29
-0.306
-0.345
-0.413
-0.451
-0.44
-0.456
-0.485
-0.447
-0.361
-0.327
-0.356
-0.377
-0.329
-0.263
-0.261
-0.281
-0.27
-0.247
-0.236
-0.24
-0.265
-0.293
-0.29
-0.272
-0.297
-0.37
-0.417
-0.365
-0.279
-0.288
-0.363
-0.404
-0.413
-0.424
-0.442
-0.47
-0.485
-0.47
-0.445
-0.417
-0.404
-0.417
-0.429
-0.422
-0.413
-0.442
-0.483
-0.454
-0.426
-0.47
-0.519
-0.488
-0.422
-0.401
-0.422
-0.467
-0.481
-0.463
-0.415
-0.383
-0.415
-0.501
-0.551
-0.531
-0.492
-0.501
-0.535
-0.533
-0.528
-0.574
-0.633
-0.637
-0.612
-0.581
-0.54
-0.517
-0.524
-0.542
-0.528
-0.492
-0.492
-0.519
-0.519
-0.481
-0.481
-0.519
-0.535
-0.563
-0.601
-0.646
-0.642
-0.581
-0.517
-0.467
-0.417
-0.377
-0.358
-0.34
-0.333
-0.37
-0.408
-0.406
-0.352
-0.327
-0.386
-0.451
-0.465
-0.44
-0.386
-0.34
-0.32
-0.318
-0.297
-0.29
-0.322
-0.388
-0.442
-0.465
-0.483
-0.501
-0.524
-0.519
-0.472
-0.426
-0.413
-0.429
-0.431
-0.413
-0.388
-0.395
-0.429
-0.474
-0.476
-0.456
-0.44
-0.433
-0.424
-0.411
-0.401
-0.417
-0.431
-0.406
-0.395
-0.445
-0.531
-0.54
-0.467
-0.411
-0.417
-0.438
-0.451
-0.431
-0.365
-0.329
-0.354
-0.39
-0.356
-0.302
-0.34
-0.438
-0.504
-0.485
-0.433
-0.426
-0.454
-0.476
-0.449
-0.397
-0.358
-0.338
-0.363
-0.42
-0.449
-0.445
-0.49
-0.59
-0.669
-0.69
-0.685
-0.699
-0.712
-0.71
-0.692
-0.612
-0.517
-0.474
-0.483
-0.504
-0.526
-0.54
-0.526
-0.515
-0.519
-0.508
-0.497
-0.501
-0.49
-0.456
-0.417
-0.406
-0.377
-0.32
-0.27
-0.279
-0.322
-0.352
-0.363
-0.363
-0.363
-0.383
-0.399
-0.374
-0.349
-0.379
-0.411
-0.397
-0.372
-0.363
-0.411
-0.465
-0.47
-0.451
-0.485
-0.531
-0.547
-0.544
-0.535
-0.488
-0.401
-0.338
-0.345
-0.37
-0.388
-0.422
-0.492
-0.556
-0.576
-0.565
-0.556
-0.565
-0.597
-0.606
-0.551
-0.492
-0.485
-0.494
-0.501
-0.499
-0.476
-0.463
-0.479
-0.476
-0.447
-0.436
-0.431
-0.379
-0.256
-0.156
-0.113
-0.107
-0.104
-0.084
-0.082
-0.104
-0.122
-0.125
-0.1
-0.097
-0.125
-0.152
-0.147
-0.12
-0.088
-0.095
-0.127
-0.132
-0.143
-0.215
-0.286
-0.302
-0.308
-0.322
-0.313
-0.268
-0.243
-0.252
-0.247
-0.222
-0.209
-0.209
-0.209
-0.229
-0.27
-0.299
-0.288
-0.252
-0.231
-0.229
-0.231
-0.259
-0.29
-0.313
-0.32
-0.281
-0.249
-0.252
-0.265
-0.283
-0.318
-0.329
-0.272
-0.197
-0.15
-0.166
-0.202
-0.236
-0.283
-0.29
-0.263
-0.27
-0.313
-0.324
-0.299
-0.286
-0.256
-0.197
-0.145
-0.116
-0.109
-0.134
-0.159
-0.163
-0.156
-0.143
-0.15
-0.188
-0.236
-0.24
-0.193
-0.134
-0.097
-0.084
-0.086
-0.082
-0.043
0.005
0.018
0.007
-0.007
-0.043
-0.1
-0.129
-0.136
-0.109
-0.084
-0.068
-0.057
-0.039
-0.002
0.032
0.034
0.029
0.011
-0.011
-0.036
-0.052
-0.043
-0.02
-0.011
-0.02
-0.029
-0.025
-0.014
-0.007
-0.002
-0.016
-0.045
-0.1
-0.156
-0.211
-0.245
-0.247
-0.274
-0.342
-0.42
-0.449
-0.429
-0.411
-0.431
-0.454
-0.483
-0.51
-0.526
-0.497
-0.472
-0.504
-0.542
-0.56
-0.54
-0.49
-0.431
-0.399
-0.374
-0.363
-0.363
-0.331
-0.277
-0.222
-0.161
-0.116
-0.122
-0.163
-0.154
-0.1
-0.034
0.007
0.005
-0.005
0.007
0.052
0.109
0.154
0.184
0.204
0.225
0.191
0.116
0.084
0.118
0.168
0.202
0.22
0.229
0.2
0.193
0.231
0.306
0.37
0.374
0.361
0.372
0.39
0.388
0.381
0.388
0.399
0.406
0.397
0.392
0.42
0.429
0.392
0.349
0.342
0.333
0.311
0.295
0.299
0.29
0.256
0.215
0.215
0.249
0.27
0.249
0.209
0.159
0.127
0.159
0.213
0.195
0.145
0.127
0.125
0.095
0.084
0.084
0.077
0.061
0.025
-0.018
-0.036
-0.016
0.029
0.048
0.002
-0.079
-0.118
-0.1
-0.073
-0.054
-0.059
-0.082
-0.104
-0.1
-0.075
-0.082
-0.104
-0.07
-0.02
-0.029
-0.073
-0.068
0.009
0.052
0.066
0.082
0.107
0.136
0.166
0.175
0.159
0.152
0.145
0.111
0.075
0.084
0.12
0.156
0.168
0.172
0.202
0.238
0.238
0.213
0.188
0.184
0.213
0.206
0.168
0.152
0.184
0.234
0.238
0.193
0.147
0.141
0.141
0.145
0.152
0.127
0.066
0.059
0.132
0.191
0.175
0.172
0.22
0.247
0.243
0.229
0.227
0.225
0.204
0.166
0.132
0.152
0.188
0.202
0.213
0.225
0.227
0.247
0.281
0.327
0.358
0.342
0.279
0.254
0.283
0.331
0.342
0.279
0.22
0.218
0.215
0.211
0.245
0.288
0.272
0.24
0.268
0.32
0.352
0.397
0.463
0.492
0.474
0.447
0.454
0.47
0.483
0.472
0.438
0.417
0.42
0.415
0.426
0.47
0.463
0.442
0.494
0.585
0.622
0.592
0.547
0.533
0.56
0.549
0.49
0.458
0.449
0.422
0.37
0.333
0.308
0.311
0.311
0.293
0.254
0.222
0.184
0.197
0.238
0.249
0.225
0.204
0.177
0.125
0.057
-0.025
-0.088
-0.154
-0.238
-0.297
-0.311
-0.313
-0.329
-0.313
-0.265
-0.204
-0.186
-0.206
-0.206
-0.188
-0.193
-0.252
-0.356
-0.431
-0.447
-0.426
-0.352
-0.24
-0.156
-0.111
-0.045
0.034
0.104
0.138
0.163
0.22
0.252
0.197
0.136
0.161
0.238
0.306
0.329
0.311
0.329
0.426
0.517
0.576
0.608
0.597
0.592
0.642
0.696
0.717
0.724
0.744
0.801
0.86
0.891
0.916
0.923
0.914
0.857
0.798
0.807
0.842
0.83
0.805
0.828
0.848
0.821
0.783
0.789
0.851
0.864
0.789
0.705
0.705
0.719
0.669
0.553
0.451
0.426
0.438
0.47
0.504
0.515
0.506
0.508
0.528
0.528
0.472
0.37
0.315
0.34
0.367
0.329
0.254
0.188
0.161
0.163
0.179
0.202
0.2
0.17
0.107
0.061
0.045
0.014
0.005
0.068
0.166
0.184
0.154
0.188
0.306
0.401
0.363
0.27
0.209
0.161
0.102
0.073
0.097
0.122
0.154
0.213
0.302
0.392
0.431
0.438
0.456
0.504
0.528
0.494
0.451
0.415
0.372
0.329
0.281
0.254
0.272
0.361
0.456
0.483
0.456
0.429
0.431
0.472
0.485
0.447
0.426
0.492
0.594
0.622
0.587
0.565
0.572
0.528
0.449
0.408
0.383
0.297
0.17
0.132
0.188
0.22
0.218
0.27
0.374
0.474
0.499
0.492
0.531
0.563
0.517
0.429
0.367
0.347
0.333
0.295
0.252
0.22
0.22
0.245
0.293
0.329
0.302
0.234
0.206
0.238
0.252
0.234
0.236
0.225
0.166
0.091
0.063
0.088
0.063
-0.048
-0.156
-0.204
-0.288
-0.442
-0.563
-0.553
-0.488
-0.458
-0.454
-0.424
-0.356
-0.304
-0.297
-0.288
-0.265
-0.283
-0.363
-0.436
-0.47
-0.506
-0.583
-0.626
-0.59
-0.565
-0.565
-0.551
-0.479
-0.372
-0.299
-0.281
-0.29
-0.302
-0.286
-0.193
-0.05
0.039
0.018
-0.007
0.059
0.177
0.209
0.17
0.138
0.138
0.166
0.195
0.259
0.379
0.485
0.542
0.581
0.66
0.73
0.773
0.807
0.853
0.864
0.785
0.678
0.64
0.66
0.658
0.633
0.631
0.658
0.712
0.785
0.882
0.953
0.948
0.905
0.862
0.844
0.832
0.826
0.857
0.925
0.946
0.887
0.851
0.885
0.914
0.857
0.767
0.719
0.708
0.685
0.651
0.658
0.671
0.635
0.587
0.583
0.603
0.597
0.601
0.676
0.776
0.814
0.776
0.746
0.755
0.789
0.812
0.776
0.737
0.719
0.685
0.662
0.687
0.703
0.606
0.456
0.374
0.392
0.424
0.47
0.535
0.594
0.606
0.624
0.683
0.737
0.687
0.569
0.483
0.433
0.358
0.256
0.202
0.211
0.231
0.202
0.175
0.209
0.277
0.336
0.411
0.506
0.563
0.547
0.524
0.517
0.49
0.431
0.356
0.302
0.252
0.202
0.163
0.161
0.154
0.084
-0.039
-0.109
-0.111
-0.091
-0.061
0.007
0.118
0.213
0.27
0.295
0.318
0.327
0.306
0.259
0.218
0.161
0.077
-0.02
-0.063
-0.059
-0.111
-0.17
-0.145
-0.1
-0.095
-0.032
0.095
0.2
0.2
0.145
0.134
0.12
0.05
-0.073
-0.181
-0.254
-0.299
-0.333
-0.336
-0.374
-0.451
-0.51
-0.504
-0.474
-0.488
-0.524
-0.524
-0.451
-0.352
-0.288
-0.283
-0.277
-0.283
-0.361
-0.472
-0.556
-0.59
-0.633
-0.724
-0.814
-0.869
-0.889
-0.914
-0.939
-0.937
-0.932
-0.907
-0.842
-0.755
-0.68
-0.644
-0.628
-0.619
-0.626
-0.651
-0.726
-0.803
-0.821
-0.817
-0.821
-0.828
-0.832
-0.842
-0.857
-0.855
-0.862
-0.853
-0.794
-0.676
-0.547
-0.458
-0.42
-0.404
-0.395
-0.383
-0.358
-0.374
-0.447
-0.472
-0.424
-0.395
-0.395
-0.395
-0.397
-0.467
-0.576
-0.622
-0.556
-0.465
-0.411
-0.336
-0.218
-0.125
-0.084
-0.05
-0.018
-0.011
-0.048
-0.1
-0.132
-0.138
-0.193
-0.288
-0.34
-0.342
-0.338
-0.372
-0.392
-0.379
-0.32
-0.209
-0.097
-0.002
0.011
-0.077
-0.184
-0.236
-0.274
-0.342
-0.417
-0.445
-0.467
-0.515
-0.544
-0.542
-0.533
-0.547
-0.587
-0.651
-0.669
-0.644
-0.633
-0.656
-0.642
-0.619
-0.64
-0.669
-0.642
-0.574
-0.563
-0.576
-0.56
-0.558
-0.624
-0.733
-0.785
-0.76
-0.76
-0.758
-0.708
-0.622
-0.54
-0.474
-0.406
-0.358
-0.372
-0.431
-0.49
-0.542
-0.592
-0.637
-0.651
-0.651
-0.66
-0.692
-0.692
-0.637
-0.556
-0.497
-0.497
-0.504
-0.494
-0.501
-0.551
-0.615
-0.651
-0.662
-0.651
-0.612
-0.574
-0.547
-0.508
-0.488
-0.476
-0.481
-0.538
-0.662
-0.773
-0.814
-0.853
-0.9
-0.914
-0.878
-0.83
-0.794
-0.726
-0.66
-0.651
-0.685
-0.705
-0.719
-0.778
-0.855
-0.905
-0.969
-1.023
-1.016
-0.934
-0.862
-0.803
-0.73
-0.658
-0.594
-0.531
-0.499
-0.538
-0.608
-0.637
-0.665
-0.699
-0.699
-0.631
-0.551
-0.522
-0.488
-0.424
-0.34
-0.261
-0.195
-0.177
-0.172
-0.168
-0.145
-0.1
-0.079
-0.048
0.007
0.036
0.016
0.002
0.023
0.036
0.029
0.025
0.016
-0.016
-0.052
-0.063
-0.016
0.063
0.159
0.238
0.281
0.295
0.297
0.302
0.306
0.27
0.184
0.079
-0.025
-0.093
-0.125
-0.177
-0.229
-0.22
-0.177
-0.177
-0.177
-0.12
-0.018
0.066
0.116
0.138
0.116
0.043
-0.025
-0.077
-0.132
-0.154
-0.145
-0.179
-0.222
-0.211
-0.17
-0.129
-0.097
-0.068
-0.048
-0.048
-0.027
0.041
0.093
0.075
0.036
0.059
0.1
0.066
0.002
-0.02
-0.007
-0.036
-0.111
-0.172
-0.197
-0.259
-0.372
-0.442
-0.426
-0.356
-0.32
-0.311
-0.29
-0.213
-0.141
-0.125
-0.122
-0.118
-0.168
-0.295
-0.436
-0.508
-0.569
-0.674
-0.744
-0.703
-0.649
-0.667
-0.669
-0.581
-0.47
-0.426
-0.454
-0.467
-0.476
-0.556
-0.624
-0.624
-0.572
-0.565
-0.628
-0.685
-0.683
-0.649
-0.635
-0.601
-0.531
-0.474
-0.515
-0.581
-0.585
-0.549
-0.544
-0.551
-0.451
-0.268
-0.141
-0.116
-0.045
0.088
0.156
0.111
0.052
-0.011
-0.111
-0.209
-0.234
-0.168
-0.068
0.02
0.066
0.107
0.181
0.281
0.374
0.485
0.578
0.594
0.544
0.476
0.404
0.333
0.265
0.231
0.259
0.299
0.295
0.29
0.345
0.429
0.426
0.361
0.324
0.308
0.254
0.225
0.261
0.32
0.361
0.413
0.467
0.497
0.499
0.515
0.581
0.631
0.601
0.508
0.349
0.204
0.1
0.011
-0.061
-0.061
-0.005
0.034
0.027
0.045
0.113
0.2
0.263
0.256
0.181
0.084
0.005
-0.059
-0.141
-0.231
-0.29
-0.318
-0.367
-0.426
-0.431
-0.388
-0.358
-0.401
-0.458
-0.508
-0.583
-0.687
-0.789
-0.894
-0.982
-1.028
-1.014
-1.018
-1.087
-1.152
-1.127
-1.082
-1.102
-1.216
-1.345
-1.418
-1.456
-1.529
-1.595
-1.579
-1.477
-1.381
-1.331
-1.284
-1.186
-1.105
-1.08
-1.066
-1.071
-1.13
-1.207
-1.277
-1.345
-1.402
-1.409
-1.354
-1.275
-1.164
-1.03
-0.894
-0.764
-0.669
-0.626
-0.633
-0.64
-0.669
-0.703
-0.705
-0.662
-0.547
-0.379
-0.234
-0.154
-0.093
0.007
0.111
0.172
0.213
0.197
0.088
-0.043
-0.086
-0.061
-0.052
-0.014
0.113
0.277
0.381
0.445
0.513
0.617
0.696
0.678
0.567
0.454
0.392
0.377
0.372
0.395
0.47
0.542
0.601
0.66
0.708
0.753
0.807
0.83
0.764
0.653
0.563
0.51
0.465
0.426
0.463
0.56
0.64
0.671
0.69
0.701
0.685
0.656
0.59
0.513
0.438
0.383
0.352
0.358
0.399
0.454
0.522
0.601
0.683
0.755
0.801
0.755
0.656
0.569
0.501
0.397
0.281
0.293
0.372
0.433
0.46
0.501
0.592
0.694
0.733
0.71
0.642
0.572
0.528
0.501
0.438
0.383
0.358
0.367
0.417
0.481
0.549
0.662
0.762
0.767
0.678
0.59
0.54
0.458
0.363
0.352
0.429
0.513
0.551
0.594
0.683
0.796
0.882
0.896
0.857
0.81
0.773
0.728
0.69
0.676
0.674
0.601
0.513
0.522
0.574
0.603
0.619
0.628
0.628
0.624
0.608
0.558
0.497
0.474
0.447
0.367
0.279
0.234
0.259
0.288
0.254
0.172
0.104
0.095
0.1
0.07
0.039
0.034
0.05
0.052
0.048
0.043
0.107
0.202
0.206
0.129
0.088
0.15
0.245
0.27
0.252
0.272
0.32
0.302
0.225
0.17
0.156
0.154
0.15
0.141
0.172
0.222
0.256
0.306
0.386
0.449
0.44
0.395
0.336
0.315
0.333
0.338
0.338
0.324
0.34
0.395
0.433
0.476
0.542
0.601
0.628
0.608
0.565
0.563
0.544
0.465
0.37
0.308
0.259
0.229
0.243
0.293
0.345
0.367
0.345
0.265
0.195
0.15
0.125
0.073
-0.039
-0.147
-0.186
-0.147
-0.088
-0.052
0.007
0.075
0.073
-0.002
-0.063
-0.075
-0.084
-0.122
-0.191
-0.263
-0.286
-0.254
-0.163
-0.045
0.034
0.048
0.054
0.088
0.086
0.068
0.045
0.018
-0.032
-0.077
-0.082
-0.045
0.032
0.116
0.22
0.329
0.408
0.465
0.494
0.506
0.465
0.361
0.261
0.193
0.159
0.136
0.15
0.206
0.286
0.386
0.456
0.476
0.488
0.463
0.363
0.222
0.102
0.068
0.075
0.057
0.02
0.027
0.086
0.138
0.136
0.097
0.048
0.007
-0.059
-0.147
-0.245
-0.318
-0.392
-0.447
-0.438
-0.354
-0.272
-0.231
-0.2
-0.184
-0.195
-0.209
-0.238
-0.306
-0.372
-0.417
-0.445
-0.449
-0.413
-0.306
-0.195
-0.136
-0.1
-0.077
-0.048
-0.039
-0.075
-0.111
-0.109
-0.102
-0.084
-0.027
0.052
0.138
0.234
0.302
0.356
0.399
0.431
0.438
0.406
0.383
0.404
0.46
0.492
0.488
0.517
0.59
0.653
0.692
0.76
0.878
1.009
1.062
1.039
1.028
1.048
1.087
1.136
1.152
1.141
1.121
1.145
1.202
1.214
1.155
1.107
1.093
1.059
1.03
1.025
1.039
1.048
1.093
1.175
1.218
1.22
1.204
1.189
1.168
1.098
1.012
0.98
0.987
1.016
1.028
1.014
0.996
0.996
1.021
1.052
1.057
1.034
1.012
0.955
0.88
0.817
0.764
0.735
0.714
0.649
0.558
0.492
0.451
0.406
0.356
0.329
0.288
0.22
0.138
0.075
0.07
0.063
0.066
0.116
0.181
0.234
0.308
0.367
0.374
0.347
0.349
0.374
0.388
0.39
0.383
0.399
0.451
0.515
0.556
0.578
0.631
0.699
0.721
0.68
0.619
0.597
0.61
0.656
0.717
0.776
0.789
0.771
0.796
0.866
0.885
0.828
0.776
0.742
0.694
0.642
0.597
0.608
0.699
0.801
0.857
0.885
0.891
0.919
0.955
0.957
0.882
0.785
0.726
0.683
0.631
0.585
0.583
0.606
0.637
0.658
0.669
0.717
0.758
0.708
0.608
0.524
0.46
0.379
0.293
0.288
0.338
0.379
0.392
0.44
0.526
0.594
0.612
0.572
0.488
0.381
0.299
0.252
0.204
0.152
0.152
0.22
0.322
0.372
0.356
0.377
0.447
0.46
0.39
0.331
0.254
0.138
0.025
-0.02
-0.023
-0.034
-0.027
0.014
0.102
0.202
0.22
0.179
0.159
0.184
0.179
0.118
0.045
0.014
0.032
0.05
0.07
0.086
0.095
0.134
0.193
0.172
0.073
-0.039
-0.091
-0.075
-0.048
-0.054
-0.077
-0.1
-0.118
-0.107
-0.077
-0.066
-0.077
-0.107
-0.166
-0.256
-0.34
-0.397
-0.426
-0.388
-0.347
-0.365
-0.404
-0.42
-0.404
-0.363
-0.354
-0.406
-0.506
-0.567
-0.574
-0.56
-0.601
-0.628
-0.597
-0.538
-0.463
-0.381
-0.304
-0.27
-0.27
-0.274
-0.256
-0.263
-0.286
-0.297
-0.247
-0.211
-0.247
-0.288
-0.227
-0.082
0.061
0.132
0.109
0.075
0.05
0.048
0.077
0.093
0.063
0.057
0.12
0.213
0.261
0.256
0.295
0.399
0.46
0.447
0.44
0.445
0.397
0.308
0.274
0.304
0.356
0.388
0.399
0.39
0.331
0.211
0.118
0.132
0.175
0.122
0.018
-0.054
-0.091
-0.141
-0.206
-0.254
-0.263
-0.272
-0.279
-0.272
-0.272
-0.32
-0.377
-0.356
-0.272
-0.234
-0.231
-0.206
-0.161
-0.138
-0.143
-0.122
-0.095
-0.091
-0.088
-0.052
-0.027
-0.045
-0.088
-0.048
0.079
0.143
0.088
0.032
0.05
0.088
0.063
-0.009
-0.073
-0.1
-0.104
-0.095
-0.088
-0.068
-0.043
-0.014
0.048
0.111
0.111
0.061
0.029
0
-0.059
-0.134
-0.195
-0.231
-0.227
-0.181
-0.107
-0.048
-0.005
0
0.011
0.039
0.045
-0.009
-0.086
-0.093
-0.052
-0.077
-0.172
-0.256
-0.245
-0.177
-0.129
-0.1
-0.095
-0.095
-0.088
-0.052
-0.059
-0.086
-0.116
-0.15
-0.161
-0.172
-0.229
-0.274
-0.256
-0.231
-0.213
-0.204
-0.234
-0.288
-0.324
-0.342
-0.377
-0.411
-0.413
-0.395
-0.327
-0.227
-0.188
-0.243
-0.304
-0.304
-0.279
-0.286
-0.308
-0.306
-0.288
-0.274
-0.243
-0.163
-0.068
0.02
0.077
0.1
0.1
0.07
0.007
-0.048
-0.082
-0.138
-0.193
-0.188
-0.152
-0.111
-0.075
-0.048
-0.018
0.02
0.048
0.054
0.043
-0.007
-0.097
-0.186
-0.234
-0.252
-0.274
-0.295
-0.279
-0.222
-0.177
-0.143
-0.088
0.02
0.102
0.093
0.034
-0.034
-0.086
-0.132
-0.163
-0.154
-0.125
-0.093
-0.041
0.045
0.093
0.073
0.041
0.066
0.088
0.034
-0.054
-0.086
-0.057
-0.025
-0.05
-0.097
-0.102
-0.093
-0.122
-0.136
-0.107
-0.095
-0.147
-0.195
-0.186
-0.143
-0.145
-0.2
-0.211
-0.193
-0.213
-0.265
-0.293
-0.277
-0.286
-0.327
-0.336
-0.336
-0.397
-0.492
-0.513
