Unnamed: 3
Value
-8.603
-8.442
-8.118
-7.871
-7.939
-8.132
-8.077
-7.732
-7.521
-7.683
-7.932
-7.955
-7.737
-7.54
-7.456
-7.304
-7.016
-6.845
-6.911
-7.092
-7.32
-7.578
-7.848
-8.134
-8.413
-8.487
-8.309
-8.152
-8.267
-8.433
-8.24
-7.762
-7.424
-7.356
-7.322
-7.17
-6.977
-6.863
-6.906
-7.104
-7.265
-7.306
-7.564
-8.267
-9.066
-9.486
-9.653
-10.053
-10.776
-11.459
-11.786
-11.84
-11.888
-12.126
-12.391
-12.305
-11.747
-11.008
-10.54
-10.377
-10.143
-9.722
-9.461
-9.624
-10.003
-10.114
-9.817
-9.52
-9.638
-10.055
-10.366
-10.325
-10.128
-10.182
-10.506
-10.715
-10.534
-10.17
-9.923
-9.81
-9.62
-9.202
-8.73
-8.386
-8.071
-7.582
-6.961
-6.464
-6.206
-6.009
-5.562
-4.936
-4.611
-4.861
-5.353
-5.471
-5.035
-4.475
-4.239
-4.164
-3.865
-3.395
-3.166
-3.32
-3.534
-3.436
-3.062
-2.763
-2.708
-2.633
-2.232
-1.672
-1.286
-1.043
-0.785
-0.542
-0.329
-0.097
0.12
0.353
0.692
1.104
1.411
1.404
1.188
1.038
1.018
0.984
0.805
0.524
0.331
0.306
0.367
0.44
0.56
0.762
1
1.351
1.928
2.57
2.867
2.737
2.683
2.928
3.028
2.631
2.048
1.708
1.653
1.748
1.892
2.082
2.339
2.574
2.697
2.713
2.599
2.386
2.193
2.209
2.411
2.563
2.468
2.241
2.123
2.061
1.869
1.658
1.64
1.703
1.644
1.522
1.637
2.032
2.354
2.454
2.57
2.851
3.014
2.71
1.996
1.336
1.043
0.939
0.796
0.669
0.603
0.601
0.674
0.739
0.684
0.61
0.737
1
1.141
1.032
0.785
0.674
0.749
0.744
0.519
0.259
0.238
0.449
0.512
0.163
-0.301
-0.404
-0.22
-0.22
-0.465
-0.528
-0.265
-0.018
0.086
0.317
0.773
1.267
1.628
1.831
1.887
1.821
1.642
1.365
1.034
0.698
0.451
0.399
0.499
0.551
0.444
0.342
0.494
0.898
1.222
1.29
1.297
1.422
1.576
1.617
1.544
1.413
1.245
1.102
1.027
0.98
0.959
0.957
1
1.084
1.122
1.052
0.961
0.936
0.846
0.653
0.521
0.539
0.669
0.803
0.866
0.782
0.469
-0.086
-0.683
-1.077
-1.304
-1.601
-1.971
-2.168
-2.043
-1.792
-1.748
-1.991
-2.247
-2.268
-2.182
-2.259
-2.504
-2.697
-2.764
-2.955
-3.343
-3.747
-4.017
-4.171
-4.391
-4.804
-5.289
-5.768
-6.34
-6.993
-7.551
-7.891
-8.018
-8.005
-7.977
-8.104
-8.376
-8.603
-8.796
-9.098
-9.411
-9.592
-9.674
-9.815
-10.128
-10.443
-10.491
-10.309
-10.257
-10.459
-10.659
-10.672
-10.704
-11.039
-11.566
-11.89
-11.843
-11.62
-11.579
-11.741
-11.811
-11.668
-11.459
-11.332
-11.341
-11.341
-11.092
-10.686
-10.466
-10.443
-10.241
-9.706
-9.109
-8.766
-8.658
-8.528
-8.313
-8.164
-8.249
-8.506
-8.58
-8.324
-8.034
-7.988
-8.002
-7.707
-7.143
-6.68
-6.407
-6.084
-5.646
-5.31
-5.18
-5.069
-4.91
-4.788
-4.715
-4.675
-4.632
-4.545
-4.411
-4.382
-4.597
-4.863
-4.924
-4.804
-4.768
-4.967
-5.26
-5.301
-5.011
-4.654
-4.545
-4.597
-4.378
-3.795
-3.277
-3.18
-3.262
-3.155
-2.967
-3.046
-3.502
-4.035
-4.389
-4.561
-4.715
-4.949
-5.237
-5.418
-5.432
-5.426
-5.484
-5.543
-5.514
-5.435
-5.319
-5.194
-5.135
-5.017
-4.715
-4.387
-4.251
-4.219
-4.019
-3.665
-3.527
-3.865
-4.341
-4.623
-4.779
-5.101
-5.637
-6.108
-6.172
-5.949
-5.949
-6.308
-6.584
-6.444
-6.054
-5.814
-5.832
-5.786
-5.441
-4.951
-4.666
-4.663
-4.697
-4.548
-4.396
-4.67
-5.346
-6.04
-6.557
-6.968
-7.396
-7.805
-7.71
-6.879
-5.991
-5.577
-5.253
-4.566
-4.017
-4.348
-5.337
-5.995
-5.73
-4.999
-4.69
-5.192
-5.741
-5.285
-4.151
-3.883
-5.104
-6.557
-6.845
-6.085
-5.462
-5.405
-5.276
-4.411
-2.914
-1.739
-1.703
-2.345
-2.561
-2.232
-2.2
-2.842
-3.665
-4.139
-4.357
-4.72
-5.427
-6.129
-6.165
-5.528
-5.044
-5.002
-4.79
-3.949
-3.037
-2.853
-3.373
-3.888
-3.938
-3.799
-3.974
-4.632
-5.371
-5.646
-5.502
-5.51
-5.94
-6.31
-6.099
-5.478
-4.993
-4.663
-4.149
-3.364
-2.599
-2.302
-2.595
-3.112
-3.52
-4.026
-4.947
-6.149
-7.19
-7.862
-8.338
-8.669
-8.766
-8.646
-8.333
-7.984
-7.737
-7.254
-6.247
-5.083
-4.318
-4.094
-4.083
-3.951
-3.783
-3.874
-4.341
-5.002
-5.453
-5.493
-5.439
-5.634
-6.031
-6.415
-6.696
-6.905
-6.998
-6.906
-6.671
-6.346
-6.02
-5.823
-5.65
-5.307
-4.965
-4.915
-5.113
-5.214
-5.094
-4.981
-5.117
-5.417
-5.65
-5.743
-5.82
-5.926
-5.977
-5.997
-5.859
-5.464
-5.038
-4.843
-4.761
-4.57
-4.38
-4.366
-4.625
-4.981
-4.999
-4.5
-3.93
-3.926
-4.525
-5.147
-5.455
-5.804
-6.407
-6.87
-6.836
-6.451
-6.027
-5.757
-5.534
-5.178
-4.745
-4.518
-4.564
-4.693
-4.711
-4.6
-4.473
-4.464
-4.475
-4.248
-3.64
-2.896
-2.418
-2.297
-2.238
-2.123
-2.202
-2.615
-3.16
-3.527
-3.69
-3.881
-4.239
-4.521
-4.402
-3.892
-3.286
-2.885
-2.731
-2.685
-2.617
-2.558
-2.499
-2.461
-2.511
-2.52
-2.255
-1.783
-1.433
-1.351
-1.324
-1.302
-1.515
-2.034
-2.488
-2.488
-2.27
-2.33
-2.601
-2.661
-2.331
-1.846
-1.515
-1.417
-1.35
-1.248
-1.254
-1.368
-1.39
-1.347
-1.474
-1.837
-2.15
-2.2
-2.12
-2.143
-2.359
-2.751
-3.151
-3.291
-3.132
-2.962
-2.958
-3.064
-3.021
-2.64
-2.107
-1.744
-1.497
-1.183
-0.945
-1.041
-1.433
-1.853
-2.163
-2.377
-2.579
-2.812
-3.039
-3.298
-3.699
-4.185
-4.595
-4.913
-5.162
-5.303
-5.233
-4.919
-4.477
-4.051
-3.711
-3.477
-3.341
-3.173
-2.847
-2.497
-2.404
-2.633
-2.919
-3.155
-3.482
-4.003
-4.693
-5.432
-5.991
-6.271
-6.376
-6.24
-5.802
-5.267
-4.881
-4.634
-4.384
-4.026
-3.602
-3.232
-3.019
-2.978
-2.978
-2.94
-2.953
-3.13
-3.407
-3.724
-4.117
-4.521
-4.761
-4.741
-4.552
-4.345
-4.216
-4.194
-4.123
-3.86
-3.468
-3.148
-2.94
-2.565
-1.837
-1.111
-0.812
-0.968
-1.24
-1.435
-1.658
-1.989
-2.3
-2.372
-2.186
-2.005
-1.989
-1.978
-1.921
-1.937
-1.989
-1.978
-1.876
-1.635
-1.186
-0.576
0.106
0.749
1.258
1.64
1.892
2.052
2.105
2.096
2.18
2.388
2.554
2.619
2.692
2.772
2.667
2.436
2.288
2.259
2.229
2.25
2.404
2.626
2.749
2.706
2.629
2.71
3.012
3.418
3.917
4.555
5.334
6.215
7.018
7.501
7.637
7.601
7.503
7.288
6.841
6.281
5.868
5.736
5.797
5.886
5.829
5.691
5.648
5.75
5.897
6.047
6.26
6.548
6.83
7.034
7.283
7.712
8.222
8.57
8.621
8.562
8.624
8.69
8.533
8.227
8.093
8.213
8.358
8.351
8.281
8.284
8.438
8.651
8.817
8.937
9.121
9.447
9.778
9.953
9.96
9.885
9.842
9.853
9.728
9.393
9.005
8.744
8.571
8.327
8.093
8.029
8.159
8.345
8.49
8.579
8.621
8.748
9.098
9.545
9.703
9.56
9.493
9.661
9.851
9.733
9.27
8.726
8.372
8.263
8.218
7.984
7.537
7.161
7.106
7.236
7.233
7.018
6.83
6.848
7.027
7.247
7.467
7.674
7.839
7.975
8.036
7.982
7.873
7.748
7.617
7.488
7.358
7.176
6.905
6.677
6.605
6.575
6.494
6.494
6.664
6.896
7.036
7.124
7.238
7.32
7.313
7.267
7.251
7.213
7.088
6.861
6.657
6.605
6.619
6.596
6.514
6.387
6.178
5.956
5.868
5.893
5.899
5.868
5.861
5.902
5.922
5.845
5.723
5.752
5.931
6.042
5.938
5.786
5.759
5.781
5.584
5.185
4.822
4.632
4.522
4.425
4.237
3.883
3.45
3.128
2.955
2.778
2.529
2.227
2.066
2.22
2.517
2.679
2.701
2.772
2.908
3.044
3.085
2.971
2.726
2.447
2.2
2.055
1.903
1.54
0.925
0.259
-0.259
-0.53
-0.665
-0.814
-0.914
-0.852
-0.707
-0.497
-0.138
0.37
0.887
1.286
1.565
1.85
2.132
2.229
2.082
1.873
1.676
1.474
1.249
0.943
0.515
0.122
0.025
0.286
0.687
1.009
1.2
1.417
1.771
2.166
2.42
2.577
2.862
3.239
3.479
3.602
3.785
4.003
4.119
4.203
4.439
4.822
5.105
5.228
5.328
5.541
5.761
5.823
5.716
5.543
5.446
5.418
5.258
4.922
4.688
4.77
5.124
5.594
6.009
6.231
6.31
6.451
6.707
6.954
7.102
7.251
7.456
7.637
7.68
7.512
7.143
6.621
6.013
5.369
4.666
4.013
3.792
4.214
4.72
4.561
3.965
3.994
4.761
5.099
4.561
4.212
4.972
6.285
7.124
7.288
7.292
7.503
7.721
7.34
6.117
4.702
3.865
3.515
3.132
2.619
2.406
2.724
3.216
3.293
2.812
2.415
2.949
4.185
4.881
4.657
4.518
5.124
5.577
4.915
3.715
3.209
3.347
3.13
2.359
1.878
2.202
2.803
2.801
2.116
1.664
2.061
2.901
3.355
3.309
3.427
4.162
5.156
5.657
5.473
5.024
4.623
4.194
3.572
3.012
2.989
3.479
3.774
3.431
2.987
3.198
3.867
4.196
3.935
3.734
4.364
5.555
6.258
6.102
5.943
6.592
7.519
7.619
6.798
6.085
6.183
6.603
6.605
6.231
6.07
6.285
6.448
6.192
5.779
5.732
6.097
6.383
6.238
5.986
6.072
6.364
6.322
5.754
5.096
4.897
5.246
5.646
5.673
5.496
5.594
5.899
5.823
5.228
4.634
4.419
4.344
4.014
3.47
3.146
3.343
3.822
4.044
3.854
3.597
3.593
3.851
4.194
4.473
4.715
4.954
5.065
4.913
4.534
4.04
3.538
3.023
2.472
2.073
2.007
2.12
2.1
1.846
1.633
1.805
2.311
2.901
3.443
3.935
4.432
5.044
5.757
6.398
6.793
6.859
6.682
6.374
6.084
6.006
6.004
5.815
5.643
5.854
6.265
6.419
6.244
6.065
6.076
6.247
6.473
6.723
7.052
7.46
7.841
8.193
8.635
9.171
9.499
9.506
9.484
9.647
9.801
9.755
9.626
9.633
9.792
9.964
10.087
10.112
10.089
10.119
10.245
10.441
10.568
10.488
10.305
10.248
10.2
10.037
9.971
10.275
10.797
11.048
10.912
10.901
11.323
11.727
11.659
11.332
11.298
11.654
12.019
12.096
12.042
12.199
12.693
13.296
13.623
13.589
13.573
13.864
14.256
14.396
14.351
14.498
14.95
15.345
15.347
15.054
14.895
15.089
15.363
15.412
15.356
15.519
15.866
16.075
15.925
15.673
15.715
15.916
15.898
15.626
15.322
15.159
15.123
15.007
14.75
14.637
14.784
14.939
14.875
14.735
14.717
14.843
14.975
14.955
14.918
15.061
15.247
15.075
14.508
13.975
13.775
13.755
13.471
12.749
12.017
11.643
11.312
10.647
9.819
9.238
8.955
8.64
7.979
7.143
6.677
6.764
6.861
6.557
6.169
6.187
6.53
6.77
6.593
6.088
5.679
5.612
5.553
5.122
4.468
4.069
4.094
4.135
3.804
3.37
3.284
3.436
3.337
2.833
2.282
1.985
1.844
1.526
0.925
0.372
0.195
0.26
0.086
-0.392
-0.848
-1.045
-1.164
-1.413
-1.663
-1.562
-1.054
-0.356
0.322
0.764
0.98
1.272
1.905
2.615
2.89
2.776
2.71
2.819
2.79
2.429
1.892
1.501
1.311
1.132
0.945
0.839
0.814
0.689
0.342
-0.038
-0.202
-0.149
-0.143
-0.299
-0.483
-0.462
-0.229
0.034
0.077
-0.172
-0.528
-0.696
-0.665
-0.812
-1.248
-1.594
-1.495
-1.134
-0.964
-1.057
-1.036
-0.719
-0.488
-0.759
-1.444
-2.125
-2.583
-3.023
-3.731
-4.566
-5.165
-5.519
-5.836
-6.167
-6.292
-6.213
-6.217
-6.38
-6.482
-6.421
-6.342
-6.269
-6.015
-5.487
-4.915
-4.525
-4.303
-4.194
-4.121
-3.935
-3.627
-3.409
-3.338
-3.277
-3.089
-2.819
-2.522
-2.225
-1.989
-1.751
-1.406
-1.068
-0.925
-1
-1.22
-1.508
-1.744
-1.853
-1.943
-2.18
-2.497
-2.606
-2.379
-2.091
-1.919
-1.669
-1.084
-0.061
1.145
2.229
3.116
3.872
4.634
5.418
6.113
6.56
6.61
6.331
6.013
5.795
5.394
4.573
3.541
2.662
2.148
1.948
1.876
1.903
2.116
2.57
3.132
3.488
3.627
3.799
3.953
3.881
3.633
3.482
3.534
3.624
3.593
3.477
3.477
3.663
3.921
4.089
4.237
4.522
4.988
5.505
5.974
6.415
6.875
7.285
7.374
7.02
6.478
5.904
5.253
4.443
3.584
2.905
2.463
2.123
1.828
1.676
1.719
1.975
2.302
2.61
3.057
3.781
4.559
5.044
5.169
5.253
5.471
5.493
5.069
4.355
3.788
3.663
3.876
4.005
3.785
3.431
3.259
3.257
3.087
2.59
2.057
1.812
1.719
1.444
0.925
0.251
-0.424
-0.982
-1.538
-2.236
-2.969
-3.559
-4.089
-4.747
-5.466
-6
-6.301
-6.541
-6.77
-6.791
-6.385
-5.684
-5.147
-5.119
-5.301
-5.187
-4.886
-4.997
-5.65
-6.206
-6.14
-5.802
-5.854
-6.31
-6.68
-6.739
-6.739
-7.184
-8.188
-9.134
-9.484
-9.477
-9.592
-9.728
-9.436
-8.685
-7.896
-7.492
-7.367
-7.086
-6.416
-5.614
-5.113
-4.99
-4.69
-3.788
-2.794
-2.456
-2.64
-2.683
-2.282
-1.676
-1.368
-1.504
-1.631
-1.238
-0.528
-0.127
-0.016
0.317
0.977
1.619
2.034
2.195
2.143
2.073
2.05
1.994
1.814
1.579
1.562
1.941
2.375
2.393
2.209
2.4
3.005
3.402
3.273
3.189
3.819
4.881
5.391
5.156
5.104
5.763
6.428
6.526
6.589
7.124
7.621
7.435
6.691
6.065
5.922
5.682
4.659
3.334
2.878
3.597
4.468
4.629
4.336
4.291
4.504
4.536
4.008
2.896
1.914
1.941
2.815
3.119
2.057
0.81
0.843
1.785
2.105
1.284
0.519
1.229
3.128
4.536
4.6
4.117
4.06
4.243
3.708
2.354
1.081
0.582
0.462
0.181
-0.161
-0.22
0.131
0.34
-0.437
-2.307
-4.058
-4.471
-3.808
-3.248
-3.361
-3.445
-2.32
0.122
2.361
2.754
1.379
-0.029
-0.131
0.596
1.059
0.871
0.426
0.331
1.02
2.204
2.862
2.175
0.572
-0.528
-0.417
0.1
0.043
-0.388
-0.467
-0.077
0.109
-0.283
-0.73
-0.768
-0.86
-1.592
-2.662
-3.189
-2.719
-1.672
-0.878
-0.789
-0.903
-0.306
1.02
2.007
1.832
0.932
0.494
1.043
1.81
1.663
0.499
-0.721
-1.173
-1
-1.05
-1.765
-2.656
-3.014
-2.797
-2.556
-2.742
-3.218
-3.586
-3.629
-3.441
-3.184
-2.787
-2.27
-1.907
-1.887
-2.08
-2.313
-2.781
-3.581
-4.591
-5.648
-6.569
-6.9
-6.612
-6.278
-6.136
-5.786
-4.97
-3.947
-3.334
-3.515
-4.123
-4.48
-4.398
-4.203
-4.466
-5.482
-6.562
-6.746
-6.14
-5.815
-6.453
-7.637
-8.438
-8.374
-7.812
-7.471
-7.675
-8.048
-7.859
-6.859
-5.655
-5.092
-5.219
-5.496
-5.389
-4.768
-4.051
-3.897
-4.326
-4.627
-4.336
-3.74
-3.436
-3.604
-3.892
-3.881
-3.439
-2.754
-2.154
-1.885
-1.805
-1.756
-1.765
-1.831
-1.832
-1.85
-2.125
-2.608
-2.817
-2.465
-1.778
-1.188
-0.918
-0.773
-0.324
0.648
1.762
2.311
2.159
1.898
2.132
2.708
3.132
3.132
2.829
2.595
2.667
2.858
2.778
2.379
2.172
2.57
3.323
3.892
4.069
4.18
4.543
4.967
5.047
4.79
4.765
5.301
6.067
6.544
6.707
6.802
6.902
6.841
6.5
6.018
5.748
5.94
6.43
6.95
7.358
7.653
7.987
8.318
8.27
7.619
6.782
6.335
6.46
6.857
6.977
6.714
6.528
6.526
6.21
5.189
3.79
2.829
2.731
3.241
3.901
4.336
4.618
5.099
5.641
5.586
4.659
3.366
2.388
1.831
1.347
0.869
0.551
0.553
0.814
0.961
0.753
0.46
0.397
0.372
0.109
-0.315
-0.569
-0.515
-0.34
-0.329
-0.621
-1.059
-1.345
-1.333
-1.164
-1.071
-1.154
-1.331
-1.474
-1.694
-2.227
-3.025
-3.633
-3.647
-3.166
-2.601
-2.111
-1.59
-1.05
-0.703
-0.732
-1.182
-1.964
-2.758
-3.223
-3.332
-3.239
-3.051
-2.665
-2.034
-1.35
-0.891
-0.646
-0.401
-0.167
-0.1
-0.199
-0.213
0.059
0.426
0.453
0.1
-0.224
-0.381
-0.601
-1.009
-1.404
-1.486
-1.202
-0.767
-0.424
-0.19
0.063
0.453
0.95
1.347
1.528
1.678
1.916
2.157
2.229
2.125
1.985
1.846
1.59
1.225
0.903
0.712
0.582
0.426
0.288
0.342
0.551
0.651
0.476
0.215
0.247
0.591
0.878
0.841
0.623
0.528
0.587
0.485
0.054
-0.469
-0.821
-1.016
-1.125
-1.182
-1.277
-1.426
-1.506
-1.424
-1.243
-1.129
-1.218
-1.531
-1.887
-2.157
-2.445
-2.914
-3.486
-3.974
-4.33
-4.545
-4.597
-4.591
-4.659
-4.772
-4.779
-4.654
-4.668
-5.008
-5.478
-5.791
-5.936
-6.133
-6.48
-6.882
-7.215
-7.512
-7.814
-8.081
-8.258
-8.379
-8.528
-8.57
-8.331
-8.005
-7.868
-7.966
-8.188
-8.444
-8.644
-8.78
-8.898
-9.087
-9.313
-9.349
-9.093
-8.901
-9.121
-9.649
-10.091
-10.205
-10.098
-9.989
-9.828
-9.479
-8.894
-8.218
-7.657
-7.374
-7.381
-7.594
-7.882
-8.159
-8.456
-8.792
-9.098
-9.211
-9.018
-8.667
-8.469
-8.465
-8.454
-8.349
-8.236
-8.179
-8.086
-7.843
-7.478
-7.136
-6.906
-6.768
-6.587
-6.308
-6.031
-5.899
-5.841
-5.686
-5.471
-5.455
-5.75
-6.124
-6.256
-6.167
-6.187
-6.503
-6.777
-6.68
-6.369
-6.197
-6.265
-6.337
-6.21
-5.926
-5.768
-5.836
-5.781
-5.339
-4.736
-4.353
-4.137
-3.788
-3.338
-3.236
-3.763
-4.632
-5.355
-5.711
-5.949
-6.43
-6.968
-7.154
-7.038
-7.074
-7.476
-7.95
-8.1
-7.925
-7.759
-7.848
-8.061
-8.09
-7.964
-8.027
-8.383
-8.726
-8.814
-8.91
-9.293
-9.81
-10.175
-10.346
-10.42
-10.52
-10.65
-10.65
-10.45
-10.268
-10.35
-10.599
-10.697
-10.547
-10.429
-10.593
-10.972
-11.296
-11.428
-11.491
-11.573
-11.6
-11.477
-11.269
-11.119
-11.028
-10.783
-10.32
-9.878
-9.622
-9.388
-9.007
-8.56
-8.209
-7.957
-7.617
-7.156
-6.793
-6.714
-6.784
-6.707
-6.41
-6.056
-5.875
-5.811
-5.603
-5.237
-4.936
-4.754
-4.532
-4.203
-3.854
-3.602
-3.509
-3.52
-3.461
-3.196
-2.946
-2.878
-2.683
-2.055
-1.293
-0.927
-0.982
-0.843
-0.175
0.555
0.75
0.549
0.539
0.837
0.984
0.723
0.358
0.322
0.553
0.594
0.269
0
0.045
0.181
0.188
0.17
0.299
0.628
1.063
1.315
1.258
1.293
1.742
2.22
2.22
1.841
1.592
1.621
1.626
1.56
1.76
2.064
1.934
1.549
1.619
2.175
2.334
1.542
0.594
0.832
2.157
3.039
2.878
2.81
3.593
4.291
3.856
2.67
1.748
1.417
1.211
0.655
-0.136
-0.578
-0.335
0.322
0.732
0.63
0.633
1.286
2.048
1.928
1.164
0.961
1.805
2.885
3.286
3.152
3.227
3.568
3.377
2.247
0.812
-0.136
-0.648
-1.173
-1.626
-1.556
-1.084
-0.855
-1.023
-1.095
-0.737
-0.12
0.272
0.097
-0.34
-0.46
-0.161
0.154
0.231
0.202
0.236
0.413
0.834
1.216
1.016
0.358
-0.115
-0.213
-0.297
-0.551
-0.834
-1.011
-1.165
-1.463
-1.903
-2.275
-2.49
-2.597
-2.599
-2.375
-2.05
-1.973
-2.105
-2.037
-1.556
-0.948
-0.623
-0.572
-0.469
-0.37
-0.508
-0.728
-0.778
-0.721
-0.678
-0.53
-0.279
-0.14
-0.236
-0.497
-0.746
-0.964
-1.193
-1.431
-1.608
-1.658
-1.66
-1.744
-1.896
-1.873
-1.619
-1.433
-1.617
-1.971
-2.116
-1.946
-1.606
-1.216
-0.83
-0.546
-0.32
-0.091
0.031
-0.047
-0.251
-0.422
-0.59
-0.848
-1.182
-1.501
-1.798
-2.089
-2.454
-2.88
-3.152
-3.114
-2.989
-3.098
-3.404
-3.577
-3.577
-3.701
-4.06
-4.448
-4.645
-4.759
-5.011
-5.448
-5.911
-6.111
-6.01
-5.949
-6.213
-6.544
-6.487
-6.031
-5.557
-5.403
-5.498
-5.446
-5.147
-5.074
-5.603
-6.544
-7.385
-7.996
-8.765
-9.912
-10.962
-11.251
-10.91
-10.772
-11.28
-11.936
-12.058
-11.713
-11.534
-11.867
-12.223
-12.042
-11.446
-10.942
-10.679
-10.463
-10.116
-9.67
-9.316
-9.291
-9.56
-9.703
-9.524
-9.395
-9.71
-10.221
-10.368
-10.169
-10.164
-10.518
-10.856
-10.86
-10.593
-10.402
-10.468
-10.595
-10.5
-10.173
-9.839
-9.656
-9.536
-9.309
-8.977
-8.669
-8.477
-8.478
-8.588
-8.483
-8.075
-7.707
-7.653
-7.665
-7.326
-6.705
-6.103
-5.575
-5.131
-4.838
-4.697
-4.65
-4.668
-4.688
-4.684
-4.783
-5.078
-5.391
-5.532
-5.668
-6.022
-6.535
-6.893
-6.999
-7.036
-7.115
-7.202
-7.222
-7.095
-6.712
-6.102
-5.543
-5.178
-4.783
-4.18
-3.631
-3.386
-3.32
-3.166
-2.905
-2.662
-2.545
-2.579
-2.742
-3.055
-3.52
-4.069
-4.586
-5.02
-5.396
-5.761
-6.099
-6.34
-6.403
-6.242
-5.92
-5.616
-5.492
-5.441
-5.24
-4.933
-4.745
-4.702
-4.466
-3.84
-3.141
-2.824
-2.974
-3.291
-3.504
-3.695
-4.042
-4.521
-4.931
-5.119
-5.133
-5.115
-5.158
-5.233
-5.312
-5.373
-5.273
-5.029
-4.872
-4.854
-4.813
-4.666
-4.516
-4.443
-4.475
-4.666
-4.931
-5.135
-5.328
-5.53
-5.67
-5.745
-5.693
-5.448
-5.221
-5.292
-5.528
-5.604
-5.427
-5.126
-4.783
-4.428
-4.067
-3.72
-3.454
-3.382
-3.523
-3.668
-3.74
-3.885
-4.137
-4.318
-4.307
-4.119
-4.003
-4.309
-4.915
-5.28
-5.151
-4.985
-5.224
-5.571
-5.301
-4.296
-3.28
-2.856
-2.772
-2.433
-1.928
-1.862
-2.477
-3.266
-3.572
-3.404
-3.325
-3.613
-3.903
-3.799
-3.459
-3.413
-3.779
-4.049
-3.854
-3.488
-3.384
-3.59
-3.833
-3.836
-3.64
-3.55
-3.695
-3.836
-3.779
-3.663
-3.743
-3.974
-4.135
-4.121
-4.051
-4.162
-4.527
-4.817
-4.774
-4.663
-4.738
-4.777
-4.491
-4.01
-3.788
-3.93
-4.067
-3.912
-3.647
-3.538
-3.572
-3.586
-3.473
-3.3
-3.359
-3.701
-4.074
-4.289
-4.314
-4.296
-4.425
-4.727
-5.033
-5.119
-5.031
-5.147
-5.492
-5.646
-5.478
-5.26
-5.167
-5.029
-4.65
-4.098
-3.663
-3.482
-3.448
-3.359
-3.209
-3.157
-3.253
-3.298
-3.143
-3.016
-3.207
-3.638
-3.951
-4.035
-4.155
-4.434
-4.756
-5.078
-5.31
-5.303
-5.122
-4.956
-4.724
-4.242
-3.611
-3.171
-3.044
-2.985
-2.812
-2.662
-2.824
-3.263
-3.656
-3.783
-3.765
-3.86
-4.094
-4.271
-4.255
-4.158
-4.044
-3.949
-3.911
-3.903
-3.851
-3.722
-3.613
-3.568
-3.497
-3.305
-3.067
-3.025
-3.241
-3.466
-3.627
-3.86
-4.214
-4.62
-4.918
-4.994
-4.826
-4.566
-4.425
-4.4
-4.402
-4.339
-4.101
-3.697
-3.221
-2.726
-2.255
-1.923
-1.828
-1.858
-1.858
-1.841
-1.975
-2.259
-2.479
-2.592
-2.783
-3.055
-3.302
-3.473
-3.532
-3.552
-3.64
-3.668
-3.52
-3.373
-3.461
-3.615
-3.513
-3.28
-3.273
-3.509
-3.713
-3.681
-3.523
-3.443
-3.357
-2.985
-2.265
-1.531
-1.127
-1.111
-1.257
-1.39
-1.526
-1.814
-2.345
-3.03
-3.568
-3.797
-4.001
-4.504
-5.144
-5.48
-5.462
-5.525
-5.861
-6.147
-6.117
-5.907
-5.811
-5.838
-5.677
-5.151
-4.522
-4.248
-4.411
-4.593
-4.507
-4.35
-4.439
-4.765
-5.117
-5.351
-5.45
-5.532
-5.759
-5.983
-5.881
-5.521
-5.312
-5.432
-5.664
-5.779
-5.781
-5.908
-6.281
-6.648
-6.73
-6.575
-6.528
-6.737
-6.888
-6.612
-6.063
-5.688
-5.553
-5.282
-4.815
-4.455
-4.284
-4.094
-3.776
-3.375
-2.964
-2.776
-2.964
-3.254
-3.218
-2.922
-2.755
-2.833
-3.01
-3.064
-2.719
-2.139
-1.898
-1.996
-1.885
-1.356
-0.771
-0.635
-1.005
-1.386
-1.39
-1.143
-0.882
-0.764
-0.884
-1.1
-1.093
-0.737
-0.188
0.442
1.257
2.33
3.55
4.57
5.104
5.226
5.278
5.264
4.901
4.296
3.953
3.93
3.783
3.309
2.899
2.917
3.141
3.271
3.404
3.801
4.586
5.586
6.49
7.061
7.419
7.841
8.279
8.517
8.463
8.2
7.961
7.93
7.964
7.771
7.48
7.483
7.819
8.164
8.402
8.776
9.481
10.23
10.618
10.827
11.228
11.751
12.051
11.854
11.266
10.697
10.305
9.833
9.141
8.513
8.329
8.411
8.254
7.927
7.894
8.225
8.681
9.121
9.54
10.059
10.822
11.727
12.342
12.33
11.958
11.675
11.391
10.767
9.853
9.027
8.51
8.138
7.555
6.791
6.271
6.167
6.244
6.151
5.904
5.926
6.467
7.19
7.692
7.907
8.048
8.209
8.286
8.143
7.773
7.396
7.179
7.043
6.877
6.641
6.337
5.865
5.273
4.835
4.79
5.022
5.278
5.511
5.759
6.042
6.349
6.548
6.56
6.53
6.557
6.605
6.575
6.392
6.244
6.305
6.521
6.737
6.882
6.914
6.868
6.845
6.791
6.732
6.721
6.664
6.508
6.292
6.136
6.229
6.5
6.639
6.632
6.775
7.145
7.564
7.759
7.63
7.424
7.401
7.501
7.546
7.501
7.385
7.152
6.859
6.614
6.433
6.231
6.02
5.814
5.655
5.65
5.772
5.952
6.167
6.335
6.415
6.433
6.367
6.14
5.786
5.464
5.296
5.122
4.817
4.555
4.507
4.452
4.103
3.652
3.586
3.981
4.407
4.509
4.389
4.305
4.28
4.092
3.606
3.071
2.887
2.996
3.051
2.919
2.751
2.751
2.923
3.06
2.967
2.783
2.783
3.082
3.425
3.495
3.289
3.105
3.119
3.151
2.955
2.497
2.052
1.849
1.86
1.86
1.858
2.066
2.468
2.874
3.134
3.309
3.532
3.827
4.096
4.291
4.559
4.958
5.244
5.174
4.831
4.504
4.35
4.3
4.262
4.2
4.101
4.033
4.105
4.289
4.419
4.434
4.441
4.613
4.965
5.396
5.845
6.31
6.786
7.199
7.46
7.498
7.299
6.943
6.612
6.416
6.367
6.415
6.378
6.24
6.138
6.154
6.167
6.187
6.328
6.546
6.686
6.723
6.714
6.677
6.53
6.199
5.843
5.616
5.45
5.346
5.412
5.607
5.788
5.911
5.968
5.963
5.875
5.73
5.634
5.641
5.679
5.65
5.523
5.437
5.398
5.135
4.446
3.586
3.046
2.919
2.919
2.912
2.949
3.103
3.343
3.581
3.734
3.735
3.665
3.647
3.772
4.092
4.457
4.575
4.314
3.827
3.375
2.987
2.563
2.116
1.789
1.705
1.892
2.229
2.497
2.542
2.493
2.545
2.644
2.631
2.547
2.549
2.746
3.028
3.244
3.35
3.391
3.395
3.286
3.016
2.681
2.604
2.899
3.212
3.225
3.096
3.189
3.527
3.808
3.854
3.772
3.872
4.239
4.57
4.543
4.176
3.863
3.876
3.996
3.969
3.885
4.022
4.493
5.156
5.772
6.267
6.714
7.106
7.292
7.231
7.086
7.031
7.052
7.068
7.04
6.986
6.9
6.741
6.378
5.827
5.369
5.224
5.271
5.287
5.226
5.217
5.28
5.26
5.042
4.745
4.527
4.411
4.326
4.23
4.149
4.103
4.06
4.017
3.942
3.849
3.827
3.756
3.463
3.051
2.662
2.331
1.975
1.542
1.141
0.805
0.446
0.118
-0.1
-0.185
-0.061
0.333
0.871
1.327
1.526
1.465
1.399
1.465
1.571
1.644
1.667
1.635
1.517
1.406
1.463
1.601
1.519
1.27
1.173
1.309
1.495
1.685
1.946
2.33
2.865
3.672
4.634
5.337
5.632
5.75
5.916
6.204
6.519
6.694
6.653
6.532
6.583
6.823
6.966
6.963
7.068
7.44
7.987
8.585
9.102
9.436
9.751
10.352
11.033
11.312
11.205
11.162
11.309
11.402
11.502
11.754
12.042
12.262
12.505
12.711
12.686
12.564
12.595
12.67
12.677
12.895
13.591
14.467
14.987
15.143
15.267
15.393
15.3
14.741
13.714
12.668
12.162
12.296
12.718
13.122
13.616
14.401
15.272
15.921
16.359
16.733
17.087
17.438
17.792
18.053
18.08
17.711
16.944
15.966
15.027
14.272
13.671
13.221
13.015
13.14
13.646
14.485
15.32
15.869
16.298
16.983
17.899
18.523
18.568
18.339
18.182
18.01
17.557
16.724
15.66
14.698
13.989
13.374
12.899
12.806
13.108
13.426
13.412
13.274
13.303
13.36
13.099
12.462
11.811
11.411
11.123
10.758
10.323
9.899
9.529
9.302
9.175
9.052
8.867
8.774
9
9.475
9.808
9.792
9.572
9.298
8.934
8.37
7.665
7.056
6.63
6.258
5.818
5.296
4.616
3.783
2.998
2.52
2.375
2.313
2.168
2.05
1.978
1.821
1.599
1.571
1.858
2.132
2.091
2.009
2.497
3.543
4.239
3.953
3.343
3.293
3.636
3.495
2.536
1.463
1.267
1.934
2.574
2.608
2.406
2.649
3.082
2.851
2.057
1.692
1.98
2.246
2.009
1.619
1.658
1.907
1.835
1.461
1.043
0.864
1.347
2.331
3.32
4.139
4.976
6.111
7.32
7.912
7.721
7.365
7.199
7.007
6.313
5.246
4.597
4.457
4.08
3.309
2.715
2.661
2.758
2.563
2.359
2.595
3.096
3.477
3.674
3.69
3.361
2.456
1.063
-0.22
-1.165
-2.13
-3.364
-4.555
-5.278
-5.666
-6.24
-7.027
-7.564
-7.562
-7.167
-6.68
-6.258
-5.861
-5.543
-5.369
-5.316
-5.505
-6.07
-6.936
-7.95
-8.846
-9.413
-9.787
-10.003
-9.932
-9.794
-9.883
-10.096
-10.114
-9.869
-9.792
-10.055
-9.98
-9.195
-8.267
-7.789
-7.834
-8.009
-7.957
-7.794
-7.794
-7.925
-7.905
-7.587
-7.052
-6.355
-5.505
-4.65
-3.89
-3.096
-2.046
-0.666
0.669
1.336
1.331
1.306
1.676
2.145
2.223
1.923
1.869
2.34
3.044
3.497
3.343
2.731
2.15
1.783
1.542
1.39
1.451
1.905
2.558
2.985
3.214
3.534
3.929
4.135
3.924
3.47
3.473
4.242
5.237
5.902
6.199
6.548
7.224
7.855
7.95
7.404
6.557
6.09
6.358
6.934
7.156
6.886
6.628
6.605
6.281
5.282
4.142
3.527
3.4
3.328
3.076
3.007
3.368
3.79
3.897
3.67
3.43
3.606
4.389
5.369
6.027
6.176
6.07
5.981
5.766
5.131
4.119
3.139
2.633
2.615
2.624
2.384
2.223
2.497
2.917
2.838
2.275
1.86
1.91
2.211
2.391
2.275
2.052
1.855
1.374
0.383
-0.852
-1.864
-2.406
-2.588
-2.542
-2.268
-1.787
-1.197
-0.644
-0.356
-0.34
-0.37
-0.417
-0.646
-1.089
-1.497
-1.601
-1.456
-1.463
-1.969
-2.894
-3.774
-4.296
-4.817
-5.73
-6.703
-7.193
-7.204
-7.043
-6.927
-6.932
-7.07
-7.367
-7.714
-7.862
-7.771
-7.54
-7.265
-7.102
-7.082
-6.923
-6.424
-5.811
-5.546
-5.702
-5.877
-5.75
-5.353
-5.033
-5.169
-5.621
-5.834
-5.661
-5.351
-5.035
-4.715
-4.459
-4.303
-4.078
-3.629
-3.193
-3.023
-3.019
-2.969
-2.676
-2.087
-1.426
-1.007
-0.805
-0.517
0.036
0.755
1.472
2.162
2.787
3.318
3.849
4.491
5.122
5.607
6.076
6.439
6.521
6.403
6.358
6.342
6.04
5.475
4.947
4.634
4.557
4.684
4.811
4.808
4.904
5.369
6.015
6.433
6.569
6.868
7.469
7.945
8.006
7.807
7.59
7.483
7.347
6.938
6.322
5.811
5.498
5.083
4.332
3.47
2.847
2.475
2.102
1.517
0.945
0.839
1.168
1.402
1.288
1.038
1.032
1.17
1.007
0.497
-0.059
-0.422
-0.573
-0.635
-0.744
-0.861
-0.819
-0.608
-0.544
-0.841
-1.249
-1.252
-0.755
-0.365
-0.637
-1.29
-1.676
-1.649
-1.76
-2.297
-2.901
-3.171
-3.3
-3.65
-4.198
-4.512
-4.416
-4.326
-4.625
-5.054
-5.031
-4.353
-3.421
-2.751
-2.255
-1.49
-0.311
0.907
1.506
1.313
0.843
0.723
1.066
1.524
1.681
1.486
1.275
1.243
1.168
0.778
0.111
-0.569
-1.102
-1.408
-1.424
-1.213
-0.943
-0.768
-0.689
-0.564
-0.29
0.016
0.176
0.199
0.222
0.342
0.451
0.453
0.419
0.277
0.02
-0.175
-0.199
-0.143
-0.07
0.047
0.25
0.342
0.113
-0.301
-0.73
-1.183
-1.739
-2.354
-2.964
-3.391
-3.597
-3.828
-4.221
-4.65
-4.97
-5.292
-5.775
-6.19
-6.145
-5.623
-5.085
-4.806
-4.613
-4.321
-3.999
-3.833
-4.013
-4.521
-5.047
-5.233
-5.14
-5.14
-5.412
-5.815
-6.036
-6.031
-6.054
-6.29
-6.63
-6.78
-6.61
-6.31
-6.111
-5.988
-5.845
-5.757
-5.814
-5.917
-5.913
-5.87
-5.961
-6.108
-6.058
-5.768
-5.412
-5.196
-5.219
-5.346
-5.362
-5.178
-4.981
-4.945
-4.89
-4.536
-3.983
-3.511
-3.262
-3.253
-3.404
-3.52
-3.511
-3.422
-3.375
-3.454
-3.52
-3.386
-3.096
-2.821
-2.515
-2.069
-1.696
-1.681
-1.737
-1.39
-0.819
-0.562
-0.719
-0.941
-0.9
-0.678
-0.533
-0.585
-0.726
-0.762
-0.519
-0.018
0.308
0.229
0.07
0.222
0.675
1.188
1.633
2.027
2.635
3.488
4.173
4.38
4.389
4.428
4.362
4.123
3.836
3.604
3.477
3.45
3.597
3.947
4.284
4.486
4.736
4.997
5.205
5.528
5.934
6.103
5.988
5.902
6.006
6.117
6.126
6.09
6.102
6.262
6.562
6.786
6.743
6.491
6.283
6.233
6.169
5.875
5.462
5.24
5.278
5.325
5.169
4.874
4.666
4.471
4.089
3.572
3.18
3.035
3.044
3.076
3.057
2.962
2.887
2.862
2.713
2.27
1.667
1.288
1.231
1.147
0.746
0.188
-0.158
-0.193
-0.238
-0.546
-0.936
-1.063
-0.832
-0.519
-0.37
-0.351
-0.277
-0.059
0.147
0.175
0.236
0.551
0.964
1.002
0.222
-1.025
-1.619
-1.411
-1.56
-2.413
-2.601
-1.109
0.916
1.424
0.24
-0.791
-0.555
0.009
-0.485
-2.059
-3.259
-2.713
-0.773
0.712
0.596
-0.022
0.353
1.338
1.495
0.562
-0.492
-0.646
0.181
0.78
0.269
-0.333
0.113
0.71
0.043
-1.533
-2.357
-1.826
-1.12
-1.211
-1.757
-1.925
-1.44
-0.821
-0.891
-1.571
-1.853
-1.168
-0.19
0.292
0.469
0.816
1.204
1.249
0.959
0.603
0.474
0.521
0.446
0.238
0.138
0.152
0.106
-0.24
-1.077
-1.964
-2.246
-1.973
-1.672
-1.424
-0.819
0.184
0.914
0.81
0.195
-0.236
-0.385
-0.794
-1.576
-1.971
-1.39
-0.399
-0.007
-0.503
-1.281
-1.594
-1.463
-1.486
-1.901
-2.256
-1.985
-1.225
-0.684
-0.8
-1.243
-1.556
-1.826
-2.438
-3.393
-4.085
-4.037
-3.57
-3.434
-3.801
-4.155
-4.094
-3.89
-4.119
-4.838
-5.391
-5.221
-4.555
-4.022
-3.921
-4.11
-4.382
-4.777
-5.371
-6.018
-6.514
-6.866
-7.12
-7.22
-7.167
-7.068
-7.065
-7.369
-7.912
-8.252
-8.168
-7.816
-7.498
-7.417
-7.497
-7.573
-7.73
-8.104
-8.528
-8.805
-8.93
-8.955
-8.792
-8.463
-8.156
-7.932
-7.903
-8.315
-9.046
-9.622
-9.942
-10.25
-10.597
-10.686
-10.161
-9.159
-8.318
-8.011
-8.057
-8.179
-8.236
-8.222
-8.277
-8.458
-8.522
-8.216
-7.633
-7.136
-7.027
-7.206
-7.315
-7.267
-7.383
-7.85
-8.374
-8.642
-8.64
-8.585
-8.658
-8.814
-8.762
-8.338
-7.657
-6.927
-6.283
-5.795
-5.412
-5.094
-4.94
-5.065
-5.369
-5.609
-5.614
-5.439
-5.28
-5.192
-5.151
-5.307
-5.655
-5.959
-6.158
-6.467
-6.998
-7.605
-7.959
-7.812
-7.29
-6.748
-6.458
-6.328
-6.136
-5.913
-5.861
-6.009
-6.185
-6.281
-6.244
-6.124
-6.106
-6.485
-7.258
-7.997
-8.467
-8.864
-9.327
-9.706
-9.817
-9.724
-9.644
-9.674
-9.622
-9.334
-8.996
-8.83
-8.73
-8.499
-8.2
-8.095
-8.34
-8.817
-9.359
-9.903
-10.359
-10.629
-10.756
-10.86
-10.906
-10.744
-10.436
-10.207
-10.041
-9.737
-9.395
-9.291
-9.415
-9.47
-9.153
-8.547
-8.068
-7.864
-7.63
-7.19
-6.784
-6.65
-6.766
-6.909
-6.909
-6.707
-6.287
-5.818
-5.612
-5.637
-5.514
-5.165
-4.879
-4.815
-4.797
-4.591
-4.278
-4.087
-3.938
-3.622
-3.112
-2.613
-2.325
-2.066
-1.54
-0.939
-0.68
-0.698
-0.562
-0.152
0.154
0.111
-0.077
-0.195
-0.268
-0.329
-0.397
-0.51
-0.587
-0.46
-0.211
-0.009
0.179
0.453
0.767
0.88
0.851
1.005
1.449
1.957
2.331
2.406
2.273
2.255
2.427
2.568
2.61
2.656
2.731
2.699
2.477
2.241
2.186
2.256
2.33
2.477
2.865
3.441
3.903
4.017
3.876
3.729
3.665
3.55
3.239
2.878
2.592
2.259
1.794
1.408
1.342
1.583
1.841
1.889
1.798
1.699
1.631
1.642
1.744
1.901
2.078
2.295
2.588
2.931
3.268
3.541
3.668
3.527
3.091
2.484
1.896
1.411
0.871
0.222
-0.353
-0.678
-0.771
-0.785
-0.78
-0.716
-0.59
-0.465
-0.417
-0.44
-0.515
-0.573
-0.453
-0.134
0.19
0.358
0.48
0.61
0.646
0.623
0.619
0.61
0.492
0.156
-0.304
-0.698
-0.909
-0.907
-0.843
-0.907
-1.016
-0.9
-0.621
-0.476
-0.59
-0.773
-0.737
-0.399
0.101
0.474
0.528
0.349
0.163
-0.038
-0.306
-0.569
-0.776
-0.936
-1.054
-1.089
-0.98
-0.796
-0.59
-0.254
0.175
0.555
0.871
1.211
1.592
1.894
1.964
1.841
1.633
1.404
1.145
0.834
0.404
-0.082
-0.488
-0.789
-1.054
-1.351
-1.794
-2.238
-2.447
-2.517
-2.746
-3.073
-3.139
-2.806
-2.273
-1.896
-1.751
-1.644
-1.519
-1.467
-1.633
-2.082
-2.595
-2.829
-2.919
-3.318
-4.044
-4.706
-5.078
-5.362
-5.781
-6.195
-6.406
-6.482
-6.63
-6.914
-7.188
-7.335
-7.401
-7.503
-7.771
-8.141
-8.442
-8.571
-8.606
-8.726
-8.957
-9.127
-9.153
-9.304
-9.828
-10.475
-10.79
-10.668
-10.368
-10.08
-9.754
-9.322
-8.885
-8.583
-8.506
-8.576
-8.599
-8.535
-8.56
-8.814
-9.148
-9.368
-9.536
-9.867
-10.244
-10.391
-10.286
-10.105
-10.025
-9.974
-9.667
-9.18
-8.867
-8.805
-8.672
-8.293
-7.796
-7.362
-6.923
-6.385
-5.92
-5.557
-5.16
-4.779
-4.527
-4.323
-4.105
-4.092
-4.512
-5.094
-5.423
-5.537
-5.686
-5.863
-5.972
-6.029
-6.151
-6.425
-6.63
-6.5
-6.106
-5.661
-5.321
-5.029
-4.627
-4.246
-4.194
-4.4
-4.557
-4.575
-4.507
-4.42
-4.423
-4.638
-4.958
-5.142
-5.119
-5.092
-5.14
-5.153
-5.058
-4.886
-4.693
-4.498
-4.326
-4.18
-4.022
-3.863
-3.81
-3.788
-3.642
-3.536
-3.699
-4.037
-4.336
-4.557
-4.786
-5.076
-5.324
-5.466
-5.475
-5.21
-4.786
-4.57
-4.48
-4.117
-3.475
-2.91
-2.726
-2.776
-2.731
-2.515
-2.284
-2.139
-2.043
-1.867
-1.728
-1.951
-2.588
-3.112
-2.992
-2.556
-2.685
-3.407
-3.79
-3.439
-3.178
-3.962
-5.427
-6.147
-5.609
-5.029
-5.502
-6.514
-6.625
-5.427
-4.133
-3.972
-4.577
-4.695
-3.978
-3.271
-3.207
-3.434
-3.214
-2.397
-1.699
-1.894
-2.717
-3.305
-3.593
-4.339
-5.677
-6.759
-6.893
-6.544
-6.694
-7.426
-7.759
-7.047
-5.956
-5.7
-6.425
-6.909
-6.231
-5.085
-4.718
-5.203
-5.446
-4.756
-3.744
-3.593
-4.518
-5.405
-5.258
-4.477
-4.126
-4.335
-4.42
-4.001
-3.511
-3.575
-4.266
-4.924
-5.011
-4.804
-4.954
-5.457
-5.759
-5.58
-5.357
-5.646
-6.301
-6.671
-6.499
-6.224
-6.271
-6.476
-6.303
-5.691
-5.205
-5.212
-5.396
-5.162
-4.446
-3.851
-3.846
-4.13
-4.162
-3.874
-3.629
-3.828
-4.4
-4.897
-5.11
-5.312
-5.691
-6.006
-5.981
-5.695
-5.51
-5.586
-5.745
-5.818
-5.902
-6.199
-6.73
-7.145
-7.065
-6.659
-6.494
-6.637
-6.571
-6.072
-5.555
-5.473
-5.732
-5.72
-5.113
-4.275
-3.776
-3.761
-3.894
-3.729
-3.4
-3.452
-4.001
-4.613
-4.951
-5.135
-5.473
-6.058
-6.662
-6.99
-7.074
-7.143
-7.34
-7.512
-7.501
-7.342
-7.147
-6.9
-6.532
-6.045
-5.564
-5.251
-5.033
-4.745
-4.321
-3.942
-3.753
-3.672
-3.486
-3.178
-2.985
-3.096
-3.425
-3.665
-3.642
-3.523
-3.595
-3.824
-3.96
-3.903
-3.767
-3.774
-3.929
-4.08
-4.198
-4.446
-4.951
-5.559
-5.897
-5.843
-5.607
-5.385
-5.113
-4.677
-4.18
-3.724
-3.296
-2.842
-2.334
-1.867
-1.551
-1.381
-1.225
-1.018
-0.855
-0.93
-1.222
-1.524
-1.783
-2.175
-2.706
-3.212
-3.572
-3.749
-3.828
-4.005
-4.239
-4.316
-4.178
-4.074
-4.214
-4.448
-4.366
-3.865
-3.404
-3.37
-3.572
-3.59
-3.248
-2.778
-2.513
-2.393
-2.153
-1.769
-1.472
-1.399
-1.461
-1.501
-1.544
-1.751
-2.071
-2.302
-2.397
-2.442
-2.599
-2.931
-3.311
-3.493
-3.513
-3.647
-3.99
-4.398
-4.675
-4.7
-4.564
-4.5
-4.503
-4.42
-4.128
-3.708
-3.466
-3.443
-3.379
-3.146
-2.876
-2.754
-2.751
-2.64
-2.381
-2.172
-2.13
-2.125
-1.953
-1.617
-1.368
-1.32
-1.345
-1.383
-1.533
-1.826
-2.154
-2.456
-2.737
-3.01
-3.263
-3.473
-3.681
-3.89
-4.01
-4.022
-3.987
-3.974
-4.008
-3.96
-3.69
-3.316
-2.978
-2.608
-2.207
-1.901
-1.721
-1.567
-1.44
-1.454
-1.646
-1.951
-2.282
-2.617
-2.951
-3.266
-3.545
-3.79
-4.031
-4.3
-4.459
-4.387
-4.234
-4.239
-4.353
-4.357
-4.205
-4.046
-3.981
-3.929
-3.752
-3.43
-3.098
-2.964
-3.146
-3.425
-3.466
-3.298
-3.328
-3.729
-4.105
-4.062
-3.752
-3.593
-3.711
-3.836
-3.713
-3.355
-2.996
-2.754
-2.588
-2.397
-2.139
-1.914
-1.783
-1.608
-1.311
-1.107
-1.165
-1.252
-0.991
-0.542
-0.315
-0.437
-0.75
-1.043
-1.218
-1.261
-1.24
-1.147
-0.839
-0.095
0.95
1.787
2.08
2.125
2.484
3.178
3.588
3.461
3.277
3.561
4.246
4.852
4.985
4.783
4.618
4.609
4.491
4.105
3.699
3.633
3.985
4.527
5.051
5.507
5.992
6.503
6.816
6.793
6.666
6.823
7.276
7.581
7.521
7.419
7.591
7.95
8.122
7.97
7.791
7.857
8.136
8.367
8.363
8.27
8.311
8.508
8.633
8.615
8.624
8.762
8.977
9.168
9.354
9.652
9.969
10.041
9.86
9.608
9.472
9.511
9.606
9.62
9.649
9.942
10.502
11.085
11.402
11.393
11.28
11.266
11.251
11.046
10.558
9.758
8.839
8.2
7.884
7.489
6.834
6.154
5.863
6.058
6.485
7.175
8.102
8.588
8.472
8.673
9.681
10.763
11.03
10.45
9.652
9.334
9.375
9.236
8.619
7.433
6.079
5.315
5.414
5.73
5.496
4.811
4.588
5.334
6.406
6.927
6.807
6.578
6.583
6.593
6.496
6.671
7.065
7.172
6.998
6.966
7.317
7.719
7.683
7.269
6.873
6.621
6.467
6.387
6.169
5.741
5.441
5.516
5.865
6.276
6.41
6.283
6.401
6.793
6.934
6.644
6.21
5.913
5.788
5.757
5.768
5.922
6.151
6.292
6.485
6.961
7.558
7.891
7.746
7.251
6.961
7.113
7.247
6.936
6.371
5.936
5.824
5.986
6.14
6.009
5.514
5.002
4.834
4.91
4.793
4.38
3.996
3.833
3.761
3.608
3.463
3.275
2.883
2.486
2.154
1.664
1.225
1.141
1.129
0.959
0.837
1.089
1.681
2.13
2.234
2.268
2.261
1.932
1.293
0.499
-0.344
-1.025
-1.433
-1.682
-1.96
-2.415
-2.792
-2.622
-1.928
-1.304
-1.15
-1.231
-1.2
-0.948
-0.623
-0.467
-0.603
-0.873
-1.072
-1.075
-0.794
-0.435
-0.401
-0.758
-1.134
-1.147
-0.843
-0.526
-0.281
-0.106
-0.045
0.082
0.476
1.029
1.417
1.467
1.456
1.708
1.982
1.964
1.88
2.032
2.331
2.61
2.876
3.318
3.956
4.586
5.06
5.385
5.688
6.213
6.9
7.215
6.938
6.433
6.183
6.453
6.936
7.233
7.515
7.977
8.376
8.354
7.859
7.26
6.943
6.686
6.129
5.559
5.342
5.439
5.827
6.471
7.175
7.694
8.018
8.347
8.576
8.12
7.163
6.816
7.369
7.903
7.78
7.413
7.365
7.581
7.451
6.523
4.994
3.674
3.187
3.196
3.055
2.615
2.295
2.549
3.352
4.044
4.085
3.797
3.883
4.414
4.715
4.375
3.953
4.098
4.516
4.432
3.686
2.869
2.661
3.014
3.169
2.511
1.435
0.687
0.299
-0.022
-0.324
-0.551
-0.617
-0.358
0.292
1.156
1.966
2.599
3.057
3.18
2.941
2.767
2.962
3.078
2.672
1.951
1.481
1.522
1.737
1.524
0.773
0.124
0.197
0.764
1.093
1.127
1.486
2.429
3.536
4.446
5.101
5.455
5.519
5.548
5.677
5.734
5.627
5.548
5.575
5.514
5.28
5.047
4.945
4.965
5.087
5.267
5.493
5.959
6.757
7.533
7.982
8.188
8.376
8.588
8.663
8.621
8.621
8.612
8.501
8.381
8.266
8.113
8.054
8.109
8.089
8.014
8.014
8.048
8.057
8.005
7.846
7.562
7.265
7.031
6.859
6.655
6.48
6.494
6.574
6.369
5.879
5.466
5.298
5.224
5.099
4.965
4.945
5.049
5.249
5.423
5.453
5.344
5.201
5.038
4.854
4.611
4.225
3.752
3.436
3.422
3.524
3.395
3.048
2.953
3.298
3.566
3.352
2.867
2.529
2.47
2.461
2.388
2.368
2.427
2.497
2.722
3.125
3.491
3.697
3.815
4.026
4.336
4.577
4.788
5.169
5.618
5.854
5.926
6.111
6.464
6.712
6.593
6.299
6.174
6.235
6.287
6.235
6.262
6.639
7.288
8.034
8.744
9.195
9.359
9.502
9.692
9.701
9.458
9.302
9.597
10.114
10.338
10.218
10.166
10.37
10.59
10.429
9.914
9.692
10.125
10.836
11.355
11.77
12.412
13.165
13.644
13.802
13.732
13.397
12.925
12.539
12.319
12.201
12.221
12.464
12.856
13.108
13.088
12.981
13.013
13.238
13.509
13.671
13.831
14.199
14.637
14.889
14.955
15.043
15.191
15.159
14.913
14.811
14.859
14.737
14.56
14.687
15.025
15.216
15.231
15.32
15.506
15.651
15.757
15.839
15.724
15.277
14.599
13.981
13.471
12.917
12.387
12.081
11.91
11.697
11.466
11.464
11.806
12.214
12.273
12.208
12.5
13.133
13.653
13.716
13.535
13.526
13.596
13.308
12.521
11.448
10.443
9.676
8.907
8.02
7.215
6.691
6.34
5.784
4.967
4.312
4.216
4.555
4.91
5.012
5.094
5.475
5.934
6.009
5.682
5.328
5.38
5.72
5.745
5.244
4.659
4.443
4.473
4.13
3.193
2.275
1.84
1.617
1.164
0.446
-0.07
-0.022
0.351
0.562
0.406
0.056
-0.061
0.1
0.181
0.02
-0.175
-0.211
-0.14
-0.288
-0.675
-0.918
-0.794
-0.544
-0.37
-0.167
0.315
0.996
1.444
1.506
1.49
1.663
1.946
2.066
1.844
1.461
1.277
1.395
1.571
1.544
1.324
1.143
1.129
1.107
0.941
0.749
0.791
1.116
1.501
1.776
1.962
2.046
1.898
1.508
1.107
0.934
0.9
0.794
0.506
0.134
-0.065
-0.04
0.079
0.161
0.115
-0.106
-0.437
-0.794
-1.164
-1.501
-1.796
-2.105
-2.442
-2.847
-3.416
-4.014
-4.452
-4.695
-4.865
-5.074
-5.187
-5.115
-5.117
-5.385
-5.666
-5.557
-5.069
-4.625
-4.389
-4.087
-3.613
-3.218
-3.218
-3.645
-4.164
-4.391
-4.366
-4.543
-5.104
-5.666
-5.793
-5.466
-5.047
-4.768
-4.557
-4.167
-3.502
-2.862
-2.586
-2.465
-2.061
-1.356
-0.841
-0.746
-0.68
-0.324
0.138
0.32
0.129
-0.101
0.002
0.308
0.351
0.007
-0.288
-0.052
0.537
0.932
1.02
1.267
1.943
2.749
3.275
3.427
3.431
3.59
3.906
4.101
4.076
4.022
4.105
4.266
4.253
4.019
3.833
3.851
3.869
3.629
3.173
2.83
2.867
3.064
3.039
2.894
3.082
3.686
4.262
4.416
4.323
4.414
4.829
5.242
5.289
5.122
5.108
5.316
5.421
5.171
4.786
4.709
4.981
5.149
4.909
4.448
4.257
4.443
4.62
4.459
4.191
4.289
4.761
5.16
5.137
4.863
4.901
5.24
5.192
4.428
3.502
3.042
2.967
2.731
2.172
1.757
1.946
2.547
3.051
3.239
3.366
3.706
4.13
4.314
4.23
4.16
4.146
3.958
3.443
2.688
1.873
1.213
0.666
0.056
-0.787
-1.817
-2.701
-3.337
-3.926
-4.588
-5.167
-5.482
-5.55
-5.591
-5.754
-5.992
-6.142
-6.174
-6.269
-6.589
-7.008
-7.158
-6.975
-6.841
-7.036
-7.369
-7.456
-7.215
-6.923
-6.961
-7.215
-7.176
-6.668
-6.124
-5.949
-6.07
-6.14
-6.054
-6.074
-6.476
-7.122
-7.623
-7.726
-7.642
-7.689
-7.816
-7.723
-7.372
-7.05
-6.852
-6.566
-5.995
-5.249
-4.577
-3.962
-3.157
-2.114
-1.02
-0.101
0.442
0.666
0.97
1.581
2.186
2.432
2.665
3.466
4.486
4.825
4.525
4.332
4.332
3.99
3.232
2.64
2.554
2.708
2.83
2.908
2.914
2.797
2.581
2.339
2.259
2.583
3.069
3.227
3.244
3.677
4.623
5.521
5.949
6.16
6.592
7.317
8.132
8.685
8.64
8.09
7.367
6.541
5.492
4.257
3.03
2.032
1.39
0.984
0.644
0.442
0.546
0.749
0.683
0.413
0.388
0.785
1.245
1.603
2.168
3.087
4.017
4.675
5.072
5.113
4.718
4.067
3.389
2.79
2.256
1.783
1.463
1.338
1.252
0.964
0.342
-0.469
-1.141
-1.571
-1.951
-2.264
-2.368
-2.427
-2.563
-2.615
-2.511
-2.397
-2.311
-2.168
-1.975
-1.907
-1.844
-1.513
-0.959
-0.444
-0.17
-0.106
-0.061
0.265
0.825
1.154
1.041
0.794
0.719
0.703
0.401
-0.231
-0.914
-1.483
-1.96
-2.339
-2.619
-2.838
-3.035
-3.037
-2.767
-2.572
-2.617
-2.61
-2.311
-1.869
-1.558
-1.435
-1.306
-0.945
-0.428
-0.059
0.129
0.292
0.356
0.25
0.101
-0.045
-0.251
-0.419
-0.533
-0.719
-1.048
-1.454
-1.817
-2.123
-2.463
-2.829
-3.139
-3.404
-3.683
-4.019
-4.414
-4.729
-4.779
-4.532
-4.212
-4.037
-3.974
-3.788
-3.436
-3.119
-3.001
-3.032
-3.016
-2.922
-2.951
-3.187
-3.463
-3.631
-3.638
-3.624
-3.627
-3.547
-3.466
-3.538
-3.74
-3.992
-4.339
-4.79
-5.255
-5.695
-6.165
-6.499
-6.469
-6.19
-5.872
-5.398
-4.65
-3.881
-3.377
-3.13
-2.922
-2.622
-2.302
-2.098
-2.075
-2.071
-1.955
-1.819
-1.939
-2.295
-2.574
-2.692
-2.874
-3.184
-3.427
-3.448
-3.212
-2.778
-2.277
-1.803
-1.315
-0.758
-0.227
0.156
0.442
0.735
0.959
0.95
0.712
0.446
0.311
0.39
0.51
0.469
0.51
1.052
1.912
2.52
2.778
3.021
3.436
3.903
4.176
4.153
4.049
4.044
4.008
3.851
3.663
3.559
3.475
3.347
3.173
3.114
3.391
3.767
4.074
4.536
5.149
5.537
5.77
6.154
6.499
6.453
6.233
6.344
6.659
6.777
6.639
6.53
6.537
6.535
6.415
6.242
6.269
6.485
6.78
7.016
7.091
7.083
7.034
6.807
6.421
6.199
6.226
6.362
6.43
6.378
6.29
6.231
6.195
6.061
5.657
5.144
5.006
5.214
5.324
5.267
5.437
5.881
6.149
5.977
5.453
4.815
4.214
3.636
2.955
2.157
1.61
1.612
1.882
1.88
1.524
1.186
1.09
1.095
1.014
0.852
0.776
0.975
1.345
1.492
1.164
0.61
0.326
0.347
0.308
0.097
-0.004
0.25
0.644
0.723
0.376
-0.065
-0.333
-0.594
-0.984
-1.363
-1.51
-1.327
-1.029
-0.861
-0.814
-0.8
-0.755
-0.678
-0.689
-0.819
-0.848
-0.63
-0.329
-0.268
-0.351
-0.274
-0.056
-0.088
-0.515
-1.05
-1.281
-1.063
-0.719
-0.594
-0.582
-0.353
0.242
0.861
1.061
0.887
0.866
1.252
1.801
2.116
2.075
1.867
1.621
1.261
0.703
0.061
-0.446
-0.71
-0.914
-1.08
-0.991
-0.601
-0.208
-0.065
-0.047
0.118
0.533
1.002
1.254
1.234
1.258
1.538
1.756
1.542
0.961
0.41
0.036
-0.419
-1.136
-1.85
-2.295
-2.472
-2.592
-2.862
-3.216
-3.434
-3.409
-3.254
-3.076
-2.894
-2.708
-2.47
-2.22
-2.084
-2.136
-2.293
-2.556
-2.976
-3.556
-4.149
-4.606
-4.942
-5.346
-5.795
-5.992
-5.886
-5.748
-5.77
-5.781
-5.582
-5.228
-4.913
-4.788
-4.79
-4.743
-4.627
-4.729
-5.158
-5.709
-6.14
-6.435
-6.68
-6.95
-7.254
-7.506
-7.683
-7.837
-7.979
-7.987
-7.832
-7.612
-7.428
-7.329
-7.138
-6.795
-6.607
-6.77
-7.047
-7.083
-6.934
-6.981
-7.378
-7.834
-8.034
-8.039
-8.245
-8.805
-9.232
-9.114
-8.721
-8.612
-8.853
-9.043
-8.803
-8.32
-8.152
-8.458
-8.826
-8.839
-8.594
-8.46
-8.562
-8.58
-8.188
-7.553
-7.19
-7.24
-7.415
-7.446
-7.342
-7.442
-7.9
-8.311
-8.309
-8.147
-8.367
-8.985
-9.506
-9.572
-9.322
-9.15
-9.136
-8.994
-8.599
-8.138
-7.871
-7.805
-7.671
-7.331
-6.943
-6.707
-6.648
-6.551
-6.328
-6.163
-6.24
-6.496
-6.703
-6.709
-6.77
-7.17
-7.728
-7.993
-7.859
-7.655
-7.675
-7.81
-7.714
-7.396
-7.166
-7.131
-7.077
-6.798
-6.385
-6.067
-5.979
-6.038
-6.154
-6.398
-6.764
-7.233
-7.726
-8.066
-8.24
-8.39
-8.492
-8.487
-8.487
-8.558
-8.57
-8.528
-8.496
-8.447
-8.379
-8.318
-8.297
-8.429
-8.664
-8.855
-9.043
-9.293
-9.538
-9.71
-9.772
-9.838
-10.041
-10.284
-10.38
-10.359
-10.293
-10.212
-10.064
-9.81
-9.502
-9.256
-9.157
-9.163
-9.127
-8.964
-8.792
-8.726
-8.789
-8.889
-8.857
-8.642
-8.426
-8.37
-8.349
-8.238
-8.05
-7.816
-7.564
-7.383
-7.333
-7.254
-6.934
-6.389
-5.843
-5.444
-5.054
-4.509
-3.987
-3.792
-3.856
-3.819
-3.509
-3.191
-3.128
-3.314
-3.488
-3.461
-3.402
-3.584
-3.956
-3.962
-3.169
-2.039
-1.49
-1.506
-1.195
-0.349
0.172
-0.027
-0.288
-0.072
0.483
1.164
1.86
2.204
2.041
1.901
1.964
1.635
0.75
0.104
0.197
0.572
0.726
0.828
1.129
1.495
1.649
1.526
1.341
1.429
1.969
2.558
2.808
2.976
3.346
3.615
3.377
2.829
2.318
1.903
1.672
1.748
2.03
2.418
2.983
3.552
3.65
3.105
2.533
2.595
2.974
2.878
2.268
1.789
1.703
1.756
1.533
0.873
0.127
-0.068
0.413
0.973
1.249
1.565
2.145
2.638
2.871
3.2
3.659
3.72
3.196
2.529
2.109
1.853
1.606
1.417
1.152
0.572
-0.147
-0.537
-0.599
-0.768
-1.1
-1.122
-0.66
-0.166
-0.038
-0.161
-0.063
0.394
0.787
0.782
0.581
0.567
0.762
0.864
0.646
0.179
-0.458
-1.216
-1.903
-2.372
-2.613
-2.701
-2.536
-2.025
-1.429
-1.132
-1.122
-1.113
-0.891
-0.59
-0.49
-0.617
-0.689
-0.605
-0.59
-0.746
-1.038
-1.422
-1.84
-2.211
-2.47
-2.577
-2.64
-2.715
-2.644
-2.316
-1.951
-1.748
-1.71
-1.756
-1.774
-1.576
-1.016
-0.229
0.329
0.299
-0.054
-0.22
-0.26
-0.646
-1.331
-1.774
-1.692
-1.37
-1.281
-1.501
-1.653
-1.56
-1.492
-1.624
-1.855
-1.978
-1.855
-1.66
-1.669
-1.846
-1.914
-1.787
-1.612
-1.551
-1.692
-1.907
-1.955
-1.841
-1.78
-1.85
-1.898
-1.739
-1.447
-1.351
-1.567
-1.812
-1.896
-1.962
-2.175
-2.465
-2.581
-2.354
-2.107
-2.282
-2.903
-3.608
-4.164
-4.484
-4.657
-4.924
-5.334
-5.704
-5.926
-6.094
-6.303
-6.523
-6.63
-6.541
-6.448
-6.605
-6.893
-7.05
-7.152
-7.469
-7.997
-8.395
-8.433
-8.349
-8.454
-8.739
-8.957
-8.985
-9.014
-9.304
-9.885
-10.527
-11.132
-11.738
-12.405
-13.042
-13.496
-13.691
-13.625
-13.464
-13.482
-13.677
-13.759
-13.571
-13.208
-12.786
-12.382
-12.003
-11.645
-11.368
-11.144
-10.906
-10.715
-10.549
-10.341
-10.151
-10.062
-10.141
-10.459
-10.99
-11.573
-11.974
-12.128
-12.176
-12.117
-11.82
-11.251
-10.561
-9.964
-9.495
-8.977
-8.284
-7.44
-6.789
-6.655
-6.768
-6.718
-6.641
-6.859
-7.311
-7.696
-7.871
-7.955
-8.111
-8.236
-8.066
-7.544
-6.841
-6.103
-5.362
-4.597
-3.956
-3.629
-3.509
-3.257
-2.797
-2.459
-2.384
-2.493
-2.785
-3.268
-3.765
-4.212
-4.799
-5.591
-6.367
-6.814
-6.877
-6.83
-6.936
-7.034
-6.845
-6.317
-5.716
-5.362
-5.105
-4.55
-3.722
-3.078
-2.815
-2.758
-2.724
-2.694
-2.787
-3.112
-3.602
-3.981
-4.155
-4.312
-4.679
-5.158
-5.478
-5.591
-5.811
-6.314
-6.752
-6.766
-6.535
-6.517
-6.761
-6.909
-6.655
-6.204
-6.042
-6.181
-6.195
-5.888
-5.478
-5.231
-5.212
-5.271
-5.285
-5.307
-5.482
-5.777
-5.995
-5.995
-5.854
-5.707
-5.478
-5.113
-4.849
-5.012
-5.464
-5.67
-5.502
-5.435
-5.781
-6.296
-6.49
-6.136
-5.584
-5.43
-5.707
-5.899
-5.704
-5.496
-5.716
-6.213
-6.537
-6.555
-6.471
-6.38
-6.158
-5.772
-5.282
-4.727
-4.228
-3.89
-3.534
-3.103
-2.842
-2.844
-2.848
-2.783
-2.88
-3.18
-3.495
-3.722
-3.781
-3.665
-3.593
-3.797
-4.117
-4.23
-4.13
-4.058
-4.101
-4.037
-3.708
-3.23
-2.76
-2.452
-2.424
-2.526
-2.463
-2.297
-2.322
-2.506
-2.536
-2.402
-2.413
-2.617
-2.665
-2.384
-2.014
-1.871
-1.982
-2.041
-1.853
-1.703
-1.862
-2.109
-2.109
-1.941
-1.905
-2.145
-2.561
-2.91
-3.119
-3.284
-3.59
-4.026
-4.335
-4.416
-4.495
-4.643
-4.555
-4.194
-3.994
-4.08
-4.028
-3.599
-3.151
-3.046
-3.155
-3.196
-3.023
-2.613
-2.234
-2.22
-2.475
-2.579
-2.49
-2.57
-2.987
-3.561
-4.094
-4.525
-4.867
-5.276
-5.85
-6.398
-6.682
-6.863
-7.17
-7.399
-7.279
-6.984
-6.789
-6.508
-6.01
-5.471
-5.035
-4.754
-4.606
-4.473
-4.246
-3.969
-3.813
-3.867
-4.042
-4.196
-4.239
-4.28
-4.561
-5.094
-5.673
-6.172
-6.584
-6.873
-7.027
-7.007
-6.773
-6.471
-6.283
-6.156
-5.983
-5.82
-5.698
-5.537
-5.337
-5.137
-4.999
-4.976
-4.915
-4.643
-4.303
-4.171
-4.216
-4.212
-4.074
-3.947
-4.026
-4.357
-4.702
-4.732
-4.364
-3.894
-3.708
-3.849
-3.926
-3.697
-3.43
-3.452
-3.629
-3.665
-3.593
-3.604
-3.785
-4.053
-4.205
-4.144
-4.022
-3.856
-3.506
-3.071
-2.815
-2.838
-2.856
-2.538
-1.998
-1.664
-1.655
-1.644
-1.483
-1.306
-1.186
-1.072
-0.98
-0.952
-0.97
-1.081
-1.318
-1.628
-2.005
-2.47
-2.926
-3.139
-3.078
-2.992
-3.105
-3.337
-3.468
-3.439
-3.37
-3.436
-3.717
-3.972
-3.976
-3.944
-4.162
-4.495
-4.588
-4.289
-3.738
-3.311
-3.28
-3.52
-3.761
-3.881
-4.128
-4.77
-5.603
-6.165
-6.364
-6.553
-7.007
-7.642
-8.281
-8.819
-9.247
-9.467
-9.25
-8.551
-7.839
-7.771
-8.2
-8.236
-7.542
-6.975
-7.387
-8.272
-8.404
-7.519
-6.612
-6.571
-7.145
-7.313
-6.694
-6.015
-6.094
-6.755
-7.19
-7.073
-6.795
-6.8
-6.995
-6.932
-6.424
-5.92
-6.065
-6.748
-7.05
-6.562
-6.027
-6.195
-6.639
-6.442
-5.498
-4.713
-4.82
-5.455
-5.637
-4.94
-4.022
-3.722
-3.874
-3.541
-2.481
-1.338
-0.707
-0.628
-0.665
-0.353
0.308
0.744
0.515
-0.05
-0.122
0.444
0.982
1.068
0.959
1.209
1.896
2.479
2.504
2.193
2.027
2.3
2.819
3.187
3.268
3.236
3.409
4.014
4.825
5.337
5.426
5.505
5.868
6.335
6.508
6.301
6.047
6.102
6.428
6.761
6.897
6.863
6.814
6.879
6.914
6.571
5.904
5.516
5.639
5.772
5.607
5.459
5.781
6.571
7.347
7.696
7.601
7.492
7.789
8.46
9.145
9.661
9.919
9.797
9.429
9.087
8.637
7.943
7.233
7.013
7.451
8.186
8.841
9.327
9.661
9.901
9.994
9.81
9.547
9.454
9.49
9.54
9.685
10.058
10.66
11.228
11.303
10.688
9.717
8.962
8.769
8.907
8.848
8.551
8.454
8.873
9.531
9.835
9.572
9.087
8.898
9.172
9.586
9.717
9.635
9.694
9.862
9.797
9.433
9.084
8.882
8.735
8.54
8.395
8.381
8.589
8.873
8.91
8.496
7.828
7.324
7.172
7.222
7.24
7.176
7.124
7.229
7.428
7.506
7.451
7.494
7.771
8.202
8.603
8.941
9.304
9.56
9.493
9.055
8.327
7.433
6.61
6.058
5.922
6.169
6.589
6.995
7.324
7.544
7.623
7.467
7.131
6.859
6.845
6.966
7.074
7.288
7.587
7.753
7.666
7.492
7.315
7.068
6.875
6.866
6.87
6.748
6.587
6.482
6.26
5.82
5.325
5.076
5.117
5.273
5.371
5.426
5.673
6.16
6.383
5.922
5.094
4.477
4.257
4.219
4.18
4.103
4.096
4.303
4.652
4.834
4.62
4.205
3.892
3.618
3.209
2.819
2.647
2.533
2.198
1.712
1.458
1.672
2.143
2.422
2.322
2.209
2.568
3.245
3.636
3.425
2.901
2.438
2.12
1.901
1.787
1.832
2.034
2.375
2.742
2.971
2.992
2.88
2.617
2.223
1.849
1.658
1.783
2.114
2.388
2.549
2.792
3.196
3.55
3.64
3.541
3.524
3.734
3.949
3.912
3.734
3.699
3.801
3.874
3.763
3.588
3.563
3.749
4.089
4.464
4.743
4.924
5.083
5.244
5.287
5.169
5.022
5.035
5.235
5.455
5.539
5.448
5.271
5.113
4.947
4.711
4.512
4.503
4.69
4.956
5.237
5.604
6
6.103
5.834
5.532
5.501
5.589
5.623
5.725
5.92
5.977
5.854
5.784
5.745
5.496
4.999
4.314
3.663
3.4
3.65
4.053
4.303
4.512
4.963
5.562
5.997
6.126
5.961
5.652
5.459
5.484
5.502
5.228
4.763
4.443
4.33
4.153
3.894
3.731
3.688
3.618
3.491
3.43
3.509
3.638
3.683
3.59
3.52
3.874
4.668
5.373
5.67
5.824
5.997
5.974
5.612
4.97
4.146
3.293
2.751
2.658
2.694
2.652
2.647
2.733
2.874
3.166
3.624
4.121
4.484
4.715
4.954
5.253
5.582
5.85
5.845
5.575
5.394
5.473
5.543
5.344
5.047
4.983
5.083
5.003
4.645
4.216
3.924
3.815
3.795
3.828
4.014
4.493
5.226
5.863
6.122
6.102
6.106
6.226
6.303
6.326
6.38
6.43
6.435
6.448
6.557
6.77
6.95
7.002
6.945
6.886
6.918
6.99
7.004
6.873
6.562
6.106
5.655
5.289
4.806
4.098
3.534
3.468
3.752
4.014
4.194
4.498
4.922
5.221
5.292
5.278
5.334
5.418
5.316
4.897
4.335
3.885
3.493
2.812
1.835
0.982
0.465
0.134
-0.101
-0.12
0.095
0.494
1.048
1.653
2.123
2.441
2.713
2.896
2.851
2.617
2.368
2.163
1.937
1.64
1.267
0.973
0.871
0.83
0.692
0.635
0.921
1.456
1.932
2.268
2.597
3.037
3.586
4.11
4.564
4.981
5.387
5.668
5.811
5.92
6.094
6.305
6.487
6.716
7.092
7.465
7.651
7.739
7.855
7.896
7.782
7.696
7.782
8.025
8.381
8.792
9.236
9.797
10.545
11.362
11.972
12.232
12.312
12.427
12.417
12.121
11.7
11.396
11.289
11.303
11.389
11.525
11.738
12.078
12.566
13.131
13.691
14.247
14.784
15.12
15.143
14.859
14.413
14.008
13.741
13.578
13.539
13.628
13.734
13.8
13.875
13.859
13.614
13.287
13.208
13.442
13.707
13.9
14.192
14.778
15.492
16.075
16.368
16.445
16.443
16.467
16.484
16.322
16.132
16.27
16.765
17.214
17.389
17.443
17.502
17.377
16.971
16.431
15.934
15.615
15.393
14.968
14.367
14.063
14.199
14.428
14.549
14.782
15.412
16.193
16.613
16.588
16.418
16.3
16.182
15.841
15.12
14.176
13.355
12.684
11.879
10.779
9.692
8.986
8.603
8.606
9.406
10.729
11.489
11.373
11.275
11.765
12.09
11.189
9.372
8.122
8.164
8.547
8.216
7.512
7.172
7.149
6.936
6.412
5.795
5.24
4.623
3.94
3.602
3.858
4.591
5.357
5.573
5.054
4.588
4.886
5.316
4.89
3.831
3.515
4.461
5.65
5.865
5.074
4.187
3.876
3.774
3.039
1.817
1.063
1.098
1.252
1.086
0.989
1.365
1.901
2.153
2.168
2.366
3.114
4.107
4.6
4.457
4.271
4.318
4.191
3.692
3.207
3.076
3.196
3.352
3.398
3.282
3.239
3.43
3.622
3.47
3.094
3.087
3.59
4.101
4.146
3.926
3.94
4.173
4.026
3.234
2.259
1.535
0.964
0.247
-0.349
-0.233
0.535
1.213
1.202
0.696
0.118
-0.467
-1.174
-1.903
-2.626
-3.364
-3.981
-4.42
-4.918
-5.523
-5.908
-6.042
-6.369
-6.977
-7.451
-7.542
-7.417
-7.431
-7.773
-8.136
-8.059
-7.551
-7.131
-7.213
-7.555
-7.56
-7.152
-6.809
-6.911
-7.161
-7.145
-6.986
-7.065
-7.41
-7.739
-7.857
-7.814
-7.794
-7.834
-7.85
-7.841
-7.948
-8.236
-8.376
-8.034
-7.308
-6.574
-6.04
-5.532
-4.817
-3.949
-3.205
-2.783
-2.52
-1.973
-0.891
0.36
1.156
1.211
0.914
0.968
1.381
1.542
1.195
0.683
0.374
0.362
0.524
0.703
0.83
0.955
1.118
1.132
0.909
0.703
0.767
0.991
1.218
1.562
2.313
3.497
4.666
5.208
4.963
4.455
4.443
5.038
5.441
5.249
5.072
5.553
6.274
6.322
5.586
4.922
4.881
5.087
4.883
4.33
4.144
4.672
5.298
5.285
4.82
4.6
4.779
4.844
4.384
3.701
3.346
3.563
4.103
4.482
4.566
4.743
5.192
5.532
5.382
5.035
5.119
5.732
6.335
6.387
5.986
5.67
5.498
4.936
3.815
2.826
2.563
2.742
2.649
2.236
2.055
2.209
2.15
1.633
1.1
1.048
1.411
1.658
1.47
1.052
0.927
1.261
1.565
1.359
0.755
0.259
0.131
0.161
0.007
-0.456
-0.907
-0.998
-0.771
-0.671
-0.932
-1.306
-1.54
-1.728
-1.975
-2.159
-2.311
-2.644
-3.227
-3.894
-4.561
-5.228
-5.94
-6.584
-7.013
-7.185
-7.158
-7.127
-7.218
-7.488
-7.918
-8.252
-8.186
-7.837
-7.474
-7.013
-6.403
-5.845
-5.427
-5.033
-4.636
-4.359
-4.164
-3.949
-3.86
-4.065
-4.375
-4.652
-4.993
-5.421
-5.741
-5.907
-5.983
-5.929
-5.752
-5.616
-5.634
-5.514
-5.02
-4.391
-4.067
-4.121
-4.162
-3.645
-2.49
-1.252
-0.573
-0.286
0.313
1.302
2.007
2.116
2.048
2.22
2.708
3.357
3.836
3.92
3.749
3.672
3.672
3.491
3.189
3.116
3.328
3.536
3.568
3.491
3.427
3.425
3.541
3.695
3.758
3.819
4.121
4.559
4.858
5.124
5.58
6.115
6.482
6.61
6.587
6.621
6.893
7.304
7.567
7.542
7.399
7.267
7.061
6.73
6.326
5.843
5.278
4.815
4.593
4.41
4.053
3.581
3.028
2.404
1.903
1.649
1.415
1.014
0.63
0.524
0.671
0.823
0.812
0.619
0.331
0.188
0.299
0.46
0.476
0.526
0.819
1.222
1.399
1.266
1.005
0.78
0.564
0.265
-0.14
-0.51
-0.782
-1.17
-1.832
-2.558
-3.014
-3.205
-3.425
-3.863
-4.234
-4.151
-3.638
-3.098
-2.824
-2.649
-2.211
-1.57
-1.143
-1.025
-0.925
-0.696
-0.322
0.215
0.798
1.229
1.513
1.828
2.168
2.325
2.227
2.005
1.687
1.206
0.726
0.279
-0.247
-0.782
-1.173
-1.402
-1.631
-1.873
-2.057
-2.134
-2.098
-2.021
-2.027
-2.168
-2.204
-1.966
-1.642
-1.331
-0.98
-0.555
-0.136
0.184
0.399
0.537
0.415
0.134
-0.02
-0.068
-0.233
-0.488
-0.776
-1.093
-1.522
-2.225
-3.146
-3.93
-4.373
-4.588
-4.768
-4.956
-5.078
-5.081
-4.924
-4.638
-4.468
-4.491
-4.441
-4.191
-3.881
-3.713
-3.699
-3.708
-3.67
-3.713
-3.949
-4.364
-4.847
-5.244
-5.621
-6.085
-6.544
-6.845
-7.025
-7.17
-7.32
-7.419
-7.351
-7.138
-6.906
-6.668
-6.36
-5.979
-5.582
-5.325
-5.312
-5.559
-5.934
-6.16
-6.19
-6.276
-6.523
-6.768
-6.87
-6.859
-6.877
-7.029
-7.285
-7.458
-7.458
-7.285
-6.954
-6.448
-5.852
-5.269
-4.788
-4.491
-4.239
-3.921
-3.752
-3.854
-4.013
-3.938
-3.659
-3.413
-3.334
-3.193
-2.856
-2.558
-2.511
-2.488
-2.193
-1.78
-1.642
-1.823
-1.98
-1.948
-1.871
-1.862
-1.903
-1.821
-1.474
-0.982
-0.542
-0.175
0.154
0.594
1.272
1.962
2.291
2.238
2.193
2.508
3.023
3.309
3.375
3.4
3.352
3.234
3.171
3.151
3.123
3.202
3.436
3.774
4.13
4.482
4.979
5.625
6.217
6.603
6.861
7.152
7.437
7.53
7.424
7.215
6.989
6.884
6.87
6.712
6.29
5.793
5.385
5.171
5.105
5.149
5.391
5.677
5.859
6.058
6.416
6.859
7.247
7.401
7.295
7.17
7.043
6.746
6.204
5.466
4.681
4.098
3.722
3.225
2.313
1.134
0.376
0.385
0.63
0.501
0.29
0.687
1.522
1.914
1.608
1.306
1.497
1.812
1.724
1.086
0.306
-0.134
-0.313
-0.674
-1.318
-1.939
-2.191
-2.091
-2.037
-2.256
-2.502
-2.445
-2.204
-2.143
-2.381
-2.653
-2.588
-2.198
-2.018
-2.456
-2.989
-2.869
-2.207
-1.739
-1.905
-2.352
-2.447
-2.089
-1.742
-1.737
-1.831
-1.685
-1.338
-1.045
-0.993
-1.22
-1.601
-1.953
-2.073
-1.914
-1.579
-1.238
-0.825
-0.17
0.53
0.998
1.211
1.186
0.939
0.442
-0.176
-0.572
-0.497
-0.149
0.19
0.433
0.542
0.558
0.558
0.585
0.591
0.56
0.626
1.032
1.724
2.255
2.295
2.069
1.943
1.982
1.821
1.295
0.705
0.335
0.091
-0.259
-0.683
-0.921
-0.83
-0.578
-0.24
0.25
0.891
1.492
1.887
2.05
2.048
1.892
1.501
0.925
0.326
-0.236
-0.869
-1.567
-2.105
-2.375
-2.536
-2.797
-3.18
-3.584
-3.815
-3.758
-3.37
-2.858
-2.463
-2.102
-1.495
-0.728
-0.299
-0.546
-1.24
-1.928
-2.454
-2.962
-3.611
-4.452
-5.305
-5.952
-6.353
-6.659
-6.918
-7.077
-7.118
-7.004
-6.768
-6.569
-6.514
-6.421
-6.199
-6.122
-6.528
-7.304
-8.045
-8.458
-8.619
-8.712
-8.892
-9.154
-9.279
-9.093
-8.885
-8.976
-9.184
-9.118
-8.78
-8.415
-8.177
-8.072
-8.168
-8.501
-8.966
-9.484
-9.969
-10.325
-10.513
-10.638
-10.72
-10.683
-10.491
-10.221
-9.996
-9.842
-9.671
-9.391
-8.946
-8.472
-8.1
-7.785
-7.488
-7.374
-7.551
-7.886
-8.256
-8.612
-8.885
-9.079
-9.198
-9.088
-8.621
-7.977
-7.576
-7.507
-7.44
-7.063
-6.49
-6.04
-5.838
-5.723
-5.462
-5.108
-4.965
-5.165
-5.51
-5.75
-5.861
-5.931
-6
-6.094
-6.149
-5.968
-5.571
-5.203
-5.015
-4.874
-4.638
-4.339
-4.089
-3.856
-3.602
-3.461
-3.5
-3.654
-3.84
-4.04
-4.296
-4.597
-4.838
-4.91
-4.883
-4.972
-5.189
-5.423
-5.677
-6.111
-6.696
-7.149
-7.387
-7.578
-7.744
-7.791
-7.712
-7.655
-7.746
-8.002
-8.347
-8.696
-8.991
-9.193
-9.238
-9.075
-8.726
-8.402
-8.243
-8.245
-8.393
-8.667
-8.982
-9.345
-9.88
-10.558
-11.153
-11.529
-11.722
-11.831
-11.822
-11.643
-11.252
-10.69
-10.155
-9.755
-9.467
-9.225
-8.966
-8.637
-8.297
-8.029
-7.964
-8.136
-8.342
-8.444
-8.526
-8.637
-8.669
-8.589
-8.556
-8.574
-8.358
-7.848
-7.238
-6.662
-6.076
-5.353
-4.522
-3.872
-3.586
-3.509
-3.402
-3.268
-3.223
-3.375
-3.611
-3.706
-3.622
-3.466
-3.318
-3.175
-2.871
-2.297
-1.69
-1.35
-1.263
-1.072
-0.524
0.259
0.966
1.433
1.765
2.041
2.238
2.191
1.855
1.429
1.068
0.771
0.576
0.558
0.719
0.952
1.134
1.183
1.279
1.599
1.957
2.069
2.05
2.218
2.658
3.125
3.273
3.037
2.71
2.635
2.772
2.81
2.742
2.787
2.955
3.021
2.88
2.652
2.506
2.481
2.465
2.343
2.216
2.345
2.74
3.014
2.821
2.402
2.247
2.372
2.349
1.962
1.467
1.267
1.483
1.762
1.692
1.322
0.984
0.841
0.684
0.326
-0.072
-0.229
-0.184
-0.217
-0.265
-0.152
0.007
0.007
-0.092
-0.086
0.172
0.671
1.245
1.692
1.939
2.048
2.012
1.742
1.275
0.812
0.469
0.106
-0.488
-1.331
-2.211
-2.851
-3.171
-3.337
-3.532
-3.74
-3.831
-3.674
-3.241
-2.597
-1.835
-0.891
0.233
1.333
2.261
2.919
3.268
3.346
3.3
3.248
3.103
2.742
2.052
1.027
-0.05
-0.857
-1.393
-1.823
-2.171
-2.293
-2.116
-1.792
-1.574
-1.495
-1.293
-0.875
-0.465
-0.236
-0.079
0.131
0.399
0.587
0.614
0.623
0.739
0.88
0.789
0.376
0.02
0.199
0.825
1.311
1.277
0.927
0.794
1
1.084
0.635
-0.052
-0.399
-0.449
-0.692
-1.22
-1.653
-1.792
-1.841
-2.061
-2.436
-2.728
-2.83
-2.941
-3.148
-3.254
-3.1
-2.797
-2.631
-2.83
-3.105
-3.098
-2.996
-3.277
-3.96
-4.539
-4.67
-4.532
-4.591
-5.078
-5.677
-5.856
-5.501
-5.049
-5.015
-5.418
-5.772
-5.872
-6.006
-6.448
-7.179
-7.987
-8.735
-9.452
-10.166
-10.706
-11.001
-11.255
-11.559
-11.713
-11.473
-10.994
-10.715
-10.831
-10.899
-10.475
-9.671
-9.012
-8.78
-8.708
-8.379
-7.909
-7.791
-8.225
-8.934
-9.495
-9.755
-9.844
-10.007
-10.318
-10.611
-10.797
-10.967
-11.18
-11.242
-11.014
-10.781
-10.776
-10.744
-10.366
-9.758
-9.268
-9.05
-8.98
-8.794
-8.338
-7.773
-7.453
-7.422
-7.247
-6.539
-5.575
-4.913
-4.625
-4.432
-4.191
-3.901
-3.699
-3.717
-3.976
-4.326
-4.629
-4.951
-5.398
-5.972
-6.5
-6.784
-6.743
-6.592
-6.512
-6.412
-6.181
-5.832
-5.448
-5.04
-4.568
-4.158
-4.008
-4.044
-3.924
-3.457
-2.917
-2.746
-2.856
-2.656
-1.957
-1.431
-1.831
-2.896
-3.536
-3.282
-2.922
-3.309
-4.04
-4.126
-3.468
-2.98
-3.296
-3.938
-4.044
-3.631
-3.64
-4.521
-5.271
-4.747
-3.642
-3.59
-4.636
-5.217
-4.466
-3.37
-3.413
-4.425
-4.825
-3.999
-2.969
-3.003
-4.098
-4.879
-4.339
-3.347
-3.212
-3.779
-3.978
-3.375
-2.64
-2.685
-3.509
-4.2
-4.062
-3.434
-3.341
-4.11
-4.779
-4.595
-4.248
-4.881
-6.326
-7.163
-6.637
-5.698
-5.537
-6.12
-6.491
-6.031
-5.328
-5.396
-6.027
-6.045
-5.131
-4.149
-3.81
-3.851
-3.779
-3.441
-3.028
-2.778
-2.685
-2.499
-2.241
-2.265
-2.783
-3.568
-4.162
-4.448
-4.768
-5.312
-5.87
-6.238
-6.435
-6.707
-7.224
-7.576
-7.279
-6.61
-6.167
-6.02
-5.655
-4.77
-3.815
-3.347
-3.123
-2.724
-2.163
-1.724
-1.603
-1.728
-1.862
-1.925
-2.084
-2.52
-3.216
-3.813
-4.149
-4.516
-5.128
-5.85
-6.416
-6.673
-6.791
-7.152
-7.684
-7.805
-7.181
-6.247
-5.677
-5.505
-5.101
-4.26
-3.552
-3.407
-3.545
-3.52
-3.169
-2.708
-2.642
-3.182
-3.779
-4.019
-4.08
-4.42
-5.169
-5.952
-6.256
-6.111
-6.047
-6.292
-6.48
-6.097
-5.285
-4.797
-4.877
-4.877
-4.344
-3.738
-3.797
-4.564
-5.231
-5.351
-5.432
-6.036
-6.925
-7.415
-7.236
-6.83
-6.789
-7.038
-7.091
-6.659
-5.943
-5.521
-5.546
-5.38
-4.584
-3.581
-3.071
-3.189
-3.307
-2.94
-2.568
-2.887
-3.831
-4.82
-5.423
-5.823
-6.526
-7.492
-8.077
-7.984
-7.678
-7.637
-7.646
-7.308
-6.691
-6.251
-6.133
-6.018
-5.621
-4.906
-4.167
-3.837
-3.883
-3.717
-3.098
-2.536
-2.533
-2.867
-2.964
-2.715
-2.511
-2.733
-3.263
-3.677
-3.774
-3.808
-4.112
-4.555
-4.802
-4.904
-5.047
-5.192
-5.292
-5.357
-5.396
-5.328
-5.008
-4.518
-4.144
-3.885
-3.543
-3.091
-2.715
-2.497
-2.334
-2.172
-2.132
-2.288
-2.529
-2.601
-2.531
-2.475
-2.468
-2.386
-2.163
-1.871
-1.635
-1.481
-1.341
-1.204
-1.102
-1.168
-1.474
-1.869
-2.22
-2.513
-2.874
-3.368
-3.944
-4.41
-4.582
-4.557
-4.675
-5.022
-5.092
-4.588
-3.81
-3.207
-2.797
-2.297
-1.594
-0.927
-0.497
-0.088
0.44
0.834
0.823
0.503
0.065
-0.367
-0.8
-1.288
-1.953
-2.701
-3.23
-3.543
-3.903
-4.364
-4.666
-4.611
-4.359
-4.191
-4.135
-4.028
-3.715
-3.212
-2.819
-2.808
-2.835
-2.42
-1.726
-1.386
-1.649
-1.946
-1.748
-1.386
-1.461
-1.962
-2.359
-2.256
-1.957
-2.059
-2.561
-2.88
-2.733
-2.493
-2.676
-3.332
-4.017
-4.4
-4.579
-4.945
-5.584
-5.983
-5.707
-5.094
-4.879
-5.212
-5.53
-5.373
-5.072
-5.167
-5.639
-5.815
-5.255
-4.443
-4.171
-4.387
-4.368
-3.774
-3.028
-2.746
-2.958
-3.169
-3.073
-2.923
-3.044
-3.421
-3.735
-3.699
-3.502
-3.622
-4.149
-4.67
-4.981
-5.271
-5.754
-6.34
-6.723
-6.698
-6.446
-6.34
-6.346
-6.07
-5.31
-4.326
-3.488
-2.829
-2.105
-1.234
-0.546
-0.308
-0.388
-0.41
-0.229
-0.052
-0.145
-0.408
-0.549
-0.46
-0.335
-0.399
-0.639
-0.869
-0.907
-0.837
-0.889
-0.989
-0.778
-0.147
0.585
1.054
1.266
1.64
2.339
2.883
2.865
2.61
2.728
3.25
3.801
4.119
4.335
4.747
5.348
5.739
5.714
5.516
5.435
5.496
5.632
5.727
5.714
5.716
5.956
6.396
6.752
6.902
7.07
7.367
7.585
7.462
7.088
6.768
6.632
6.508
6.229
5.945
5.884
6.049
6.258
6.406
6.593
6.966
7.512
8.109
8.608
8.964
9.349
9.894
10.411
10.647
10.568
10.457
10.536
10.568
10.291
9.803
9.218
8.585
8.164
7.966
7.567
6.884
6.428
6.508
6.809
6.863
6.818
7.22
7.943
8.347
8.487
8.943
9.604
9.858
9.531
9.107
9.043
9.182
9.078
8.681
8.218
7.832
7.587
7.535
7.687
7.732
7.458
7.249
7.433
7.678
7.601
7.378
7.306
7.396
7.404
7.238
7.176
7.292
7.213
6.875
6.528
6.36
6.355
6.349
6.367
6.589
6.854
6.927
7.05
7.44
7.807
7.857
7.646
7.44
7.41
7.46
7.483
7.569
7.694
7.692
7.553
7.462
7.519
7.601
7.501
7.145
6.746
6.532
6.496
6.376
6.163
6.099
6.226
6.265
6.097
6.036
6.26
6.43
6.294
6.067
5.929
5.818
5.784
5.899
6.106
6.328
6.521
6.653
6.732
6.775
6.628
6.229
5.779
5.385
4.808
4.014
3.382
3.13
3.1
3.005
2.794
2.701
2.81
2.896
2.885
2.928
3.055
3.182
3.236
3.218
3.2
3.245
3.162
2.767
2.216
1.794
1.524
1.22
0.807
0.347
-0.104
-0.444
-0.478
-0.295
-0.152
-0.072
0.097
0.46
0.9
1.227
1.35
1.32
1.195
0.961
0.558
0.1
-0.158
-0.19
-0.206
-0.333
-0.44
-0.428
-0.408
-0.426
-0.353
-0.17
-0.05
-0.031
0.124
0.549
1.009
1.286
1.415
1.61
2.027
2.504
2.774
2.817
2.683
2.359
2.223
2.808
3.611
3.767
3.624
4.16
5.31
5.986
5.582
4.877
4.886
5.448
5.641
5.085
4.402
4.41
5.119
5.693
5.523
4.96
4.752
5.083
5.464
5.441
5.144
5.096
5.702
6.723
7.292
7.184
7.301
7.991
8.318
7.812
7.251
7.385
7.803
7.675
7.029
6.451
6.174
6.052
5.829
5.346
4.947
5.026
5.378
5.427
5.119
4.954
5.167
5.364
5.231
5.02
5.022
5.199
5.36
5.319
5.058
4.904
5.101
5.301
5.074
4.595
4.362
4.41
4.225
3.652
3.119
3.032
3.125
2.833
2.136
1.526
1.39
1.574
1.535
1.147
0.934
1.191
1.513
1.483
1.29
1.311
1.544
1.751
1.876
2
2.177
2.395
2.563
2.484
2.18
1.919
1.862
1.751
1.297
0.855
0.952
1.458
1.819
1.84
1.844
2.116
2.488
2.67
2.683
2.665
2.797
3.119
3.409
3.497
3.568
3.767
4.051
4.402
4.802
5.096
5.192
5.269
5.577
6.04
6.421
6.668
6.777
6.689
6.58
6.677
6.866
6.85
6.607
6.349
6.299
6.358
6.292
6.229
6.437
6.959
7.628
8.266
8.937
9.649
10.254
10.642
10.863
11.003
11.092
11.033
10.688
10.041
9.218
8.367
7.535
6.691
5.772
4.974
4.507
4.255
4.031
3.938
4.185
4.881
5.863
6.795
7.462
7.903
8.258
8.438
8.141
7.435
6.723
6.076
5.196
4.051
2.946
2.193
1.769
1.424
1.084
0.955
1.15
1.522
1.803
1.928
2.172
2.595
2.871
2.767
2.477
2.411
2.662
2.815
2.554
2.118
2.032
2.297
2.424
2.184
1.819
1.653
1.756
1.971
2.084
2.139
2.386
2.824
3.189
3.402
3.704
4.246
4.752
4.901
4.906
5.165
5.666
6.04
6.12
6.169
6.451
6.905
7.238
7.242
7.083
7.065
7.306
7.642
7.875
8.002
8.236
8.673
9.079
9.325
9.52
9.76
9.932
9.901
9.815
9.835
9.821
9.606
9.311
9.05
9.027
9.443
10.082
10.557
10.972
11.672
12.532
13.018
12.913
12.639
12.559
12.537
12.285
11.843
11.568
11.697
12.033
12.124
11.811
11.437
11.393
11.6
11.654
11.539
11.586
11.981
12.534
12.947
13.049
13.009
13.212
13.73
14.045
13.861
13.675
14.045
14.873
15.631
16.032
16.275
16.642
17.048
17.085
16.667
16.141
15.819
15.592
15.245
14.75
14.192
13.655
13.267
13.083
13.085
13.332
13.873
14.501
14.843
14.843
14.801
14.862
14.75
14.276
13.761
13.509
13.437
13.233
12.795
12.337
12.169
12.333
12.511
12.502
12.466
12.589
12.648
12.455
12.228
12.115
11.958
11.69
11.284
10.734
10.116
9.445
8.601
7.605
6.716
6.185
5.931
5.623
5.124
4.711
4.724
5.011
5.128
4.974
4.852
4.993
5.31
5.414
5.108
4.727
4.548
4.366
4.042
3.738
3.57
3.495
3.495
3.466
3.259
2.851
2.461
2.202
1.905
1.486
1.075
0.741
0.446
0.127
-0.217
-0.53
-0.758
-0.81
-0.737
-0.698
-0.581
-0.29
-0.05
-0.077
-0.206
-0.12
0.175
0.524
0.912
1.37
1.792
2.127
2.508
2.964
3.357
3.608
3.681
3.556
3.284
2.919
2.495
2.082
1.801
1.644
1.451
1.17
0.952
0.814
0.694
0.687
0.977
1.454
1.901
2.33
2.914
3.67
4.296
4.543
4.582
4.652
4.754
4.686
4.321
3.776
3.218
2.674
2.041
1.354
0.753
0.335
0.082
-0.124
-0.456
-1.061
-1.676
-2.046
-2.37
-2.937
-3.785
-4.62
-5.033
-5.04
-5.142
-5.614
-6.208
-6.485
-6.353
-6.235
-6.38
-6.444
-6.07
-5.418
-5.02
-4.999
-4.91
-4.419
-3.731
-3.298
-3.431
-3.974
-4.411
-4.593
-4.863
-5.426
-6.027
-6.358
-6.439
-6.509
-6.635
-6.614
-6.305
-5.818
-5.421
-5.289
-5.176
-4.747
-4.162
-3.708
-3.232
-2.515
-1.742
-1.24
-0.887
-0.301
0.428
0.889
1.02
1.057
1.254
1.669
2.159
2.515
2.662
2.772
3.071
3.422
3.398
2.955
2.459
2.123
1.831
1.39
0.773
0.281
0.25
0.537
0.81
0.939
1.174
1.805
2.624
3.119
3.268
3.579
4.242
4.863
5.214
5.496
5.983
6.555
6.836
6.562
5.934
5.444
5.203
4.919
4.382
3.776
3.538
3.72
3.872
3.672
3.389
3.523
4.089
4.53
4.498
4.314
4.473
4.913
5.081
4.713
4.251
4.225
4.393
4.16
3.545
3.112
3.112
3.291
3.346
3.375
3.572
3.969
4.452
4.879
5.201
5.421
5.511
5.502
5.391
5.06
4.498
3.856
3.191
2.481
1.785
1.304
1.061
0.796
0.324
-0.167
-0.444
-0.46
-0.428
-0.528
-0.608
-0.444
-0.179
-0.179
-0.576
-1.113
-1.486
-1.769
-2.246
-2.842
-3.282
-3.584
-3.885
-4.022
-3.845
-3.65
-3.84
-4.221
-4.198
-3.894
-4.162
-5.482
-7.222
-8.243
-8.336
-8.506
-9.143
-9.114
-7.519
-5.412
-4.697
-5.73
-6.95
-6.993
-6.385
-6.721
-8.347
-9.533
-8.599
-6.063
-3.915
-3.273
-3.518
-3.475
-3.037
-3.244
-4.733
-6.714
-7.651
-7.086
-6.084
-5.519
-5.189
-4.527
-3.482
-2.735
-2.815
-3.187
-2.874
-1.828
-0.791
-0.043
0.945
2.52
4.08
4.736
4.466
4.089
4.117
4.176
3.701
2.946
2.635
2.885
3.198
3.164
2.946
3.03
3.536
4.123
4.541
4.813
5.067
5.43
5.637
5.287
4.618
4.335
4.718
5.249
5.228
4.817
4.752
5.078
5.187
4.679
3.767
2.974
2.484
1.998
1.37
0.959
1.231
2.073
2.826
3.037
3.051
3.477
4.228
4.688
4.623
4.459
4.652
5.085
5.171
4.405
3.039
1.862
1.229
0.651
-0.37
-1.393
-1.57
-0.864
-0.185
-0.229
-0.646
-0.683
-0.272
-0.056
-0.542
-1.324
-1.458
-0.671
0.215
0.347
0.011
-0.097
-0.045
-0.311
-1.061
-2.05
-2.713
-2.715
-2.411
-2.343
-2.506
-2.441
-1.928
-1.363
-1.252
-1.461
-1.495
-1.236
-1.093
-1.506
-2.402
-3.139
-3.357
-3.391
-3.679
-4.101
-4.21
-3.851
-3.375
-3.091
-3.014
-2.914
-2.565
-2.096
-1.808
-1.785
-1.69
-1.193
-0.465
0.002
0.086
-0.002
-0.195
-0.666
-1.519
-2.586
-3.513
-3.983
-4.08
-4.119
-4.017
-3.45
-2.463
-1.447
-0.8
-0.657
-0.823
-0.952
-0.977
-1.254
-1.882
-2.499
-2.76
-2.754
-2.79
-2.905
-2.944
-2.833
-2.699
-2.71
-2.899
-3.091
-3.105
-3.01
-3.037
-3.105
-2.862
-2.279
-1.733
-1.486
-1.517
-1.653
-1.776
-2.041
-2.572
-3.207
-3.715
-4.003
-4.089
-4.022
-3.731
-3.196
-2.631
-2.261
-2.082
-2.016
-1.939
-1.864
-1.948
-2.259
-2.57
-2.558
-2.232
-1.957
-2.009
-2.157
-2.064
-1.76
-1.646
-1.907
-2.207
-2.109
-1.681
-1.243
-0.927
-0.614
-0.129
0.508
1.032
1.202
0.914
0.372
-0.149
-0.696
-1.377
-2.041
-2.381
-2.368
-2.189
-1.934
-1.454
-0.739
0.045
0.723
1.222
1.672
2.168
2.665
3.087
3.368
3.468
3.488
3.477
3.404
3.275
3.121
2.801
2.232
1.608
1.143
0.964
1.077
1.345
1.603
1.878
2.406
3.155
3.869
4.35
4.611
4.847
5.26
5.77
6.029
5.788
5.194
4.759
4.779
4.942
4.765
4.312
4.008
4.089
4.477
4.829
4.904
4.863
5.149
5.759
6.217
6.251
6.009
5.761
5.607
5.505
5.346
5.16
5.042
5.042
5.158
5.364
5.575
5.757
5.897
5.952
5.888
5.75
5.625
5.614
5.732
5.823
5.759
5.625
5.466
5.199
4.741
4.078
3.305
2.764
2.676
2.826
2.829
2.751
2.899
3.257
3.509
3.463
3.155
2.719
2.381
2.148
1.93
1.735
1.663
1.832
2.141
2.211
1.912
1.479
1.138
0.873
0.458
-0.208
-0.851
-1.164
-1.213
-1.191
-1.098
-0.846
-0.442
-0.029
0.283
0.469
0.406
0.101
-0.297
-0.639
-0.852
-1.016
-1.209
-1.374
-1.406
-1.245
-0.968
-0.83
-1.009
-1.36
-1.655
-1.844
-1.985
-2.145
-2.343
-2.339
-1.93
-1.388
-1.093
-1.063
-1.032
-0.857
-0.689
-0.707
-0.823
-0.925
-0.975
-0.996
-1.061
-1.138
-1.09
-0.961
-0.95
-1.147
-1.463
-1.667
-1.724
-1.873
-2.229
-2.452
-2.207
-1.581
-0.878
-0.383
-0.127
0.134
0.517
0.798
0.716
0.24
-0.376
-0.764
-0.923
-1.145
-1.619
-2.084
-2.234
-2.166
-2.207
-2.429
-2.652
-2.676
-2.468
-2.25
-2.189
-2.093
-1.748
-1.266
-0.932
-0.823
-0.837
-0.875
-0.927
-1.066
-1.313
-1.672
-2.232
-2.887
-3.364
-3.656
-3.921
-4.158
-4.248
-4.144
-3.983
-3.892
-3.872
-3.854
-3.722
-3.532
-3.479
-3.62
-3.79
-3.837
-3.831
-3.863
-3.967
-4.155
-4.368
-4.518
-4.636
-4.888
-5.328
-5.824
-6.129
-6.251
-6.415
-6.628
-6.741
-6.807
-6.954
-7.086
-7.077
-7.04
-7.061
-7.04
-6.943
-6.861
-6.893
-7.04
-7.267
-7.528
-7.768
-8.034
-8.37
-8.663
-8.844
-9.041
-9.311
-9.508
-9.465
-9.3
-9.32
-9.542
-9.617
-9.37
-9.023
-8.871
-8.88
-8.783
-8.386
-7.85
-7.628
-7.894
-8.324
-8.637
-8.95
-9.44
-10.025
-10.486
-10.749
-10.883
-11.001
-11.144
-11.176
-10.912
-10.545
-10.357
-10.161
-9.662
-9.043
-8.626
-8.433
-8.213
-7.814
-7.358
-7.086
-7.074
-7.208
-7.308
-7.383
-7.684
-8.243
-8.621
-8.558
-8.336
-8.27
-8.311
-8.17
-7.628
-6.875
-6.281
-5.988
-5.838
-5.577
-5.208
-5.165
-5.555
-6
-6.174
-6.201
-6.299
-6.509
-6.664
-6.689
-6.73
-6.941
-7.251
-7.387
-7.197
-6.954
-6.963
-7.061
-6.897
-6.544
-6.353
-6.487
-6.816
-7.138
-7.492
-8.075
-8.832
-9.486
-9.833
-9.976
-10.16
-10.377
-10.35
-10.053
-9.848
-9.842
-9.851
-9.746
-9.608
-9.56
-9.613
-9.71
-9.817
-9.86
-9.88
-9.983
-10.055
-9.948
-9.806
-9.803
-9.901
-9.978
-10.048
-10.178
-10.418
-10.613
-10.531
-10.18
-9.81
-9.635
-9.493
-8.985
-8.107
-7.555
-7.726
-7.982
-7.451
-6.319
-5.502
-5.16
-4.521
-3.282
-2.282
-2.313
-3.062
-3.597
-3.681
-4.028
-5.058
-6.206
-6.635
-6.163
-5.328
-4.783
-4.706
-4.718
-4.393
-3.753
-3.178
-2.928
-2.674
-1.737
-0.311
0.587
0.674
0.767
1.272
1.585
1.229
0.582
0.431
0.78
0.896
0.483
0.193
0.646
1.538
1.978
1.612
1.052
0.982
1.293
1.354
0.907
0.388
0.422
1.1
1.812
1.882
1.42
1.275
1.973
2.896
3.16
2.745
2.475
2.806
3.395
3.717
3.876
4.312
4.863
4.815
4.005
3.064
2.447
2.003
1.433
0.812
0.51
0.712
1.156
1.417
1.517
1.85
2.465
2.971
3.13
3.087
3.073
3.114
3.227
3.347
3.318
3.202
3.202
3.134
2.579
1.617
0.728
0.149
-0.231
-0.562
-0.764
-0.696
-0.353
0.056
0.362
0.655
1.138
1.678
1.882
1.653
1.347
1.188
1.038
0.791
0.524
0.333
0.077
-0.37
-0.927
-1.374
-1.76
-2.325
-3.069
-3.615
-3.663
-3.404
-3.151
-2.905
-2.542
-2.034
-1.329
-0.471
0.166
0.279
-0.016
-0.394
-0.735
-1.2
-1.785
-2.136
-2.052
-1.803
-1.766
-2.05
-2.441
-2.624
-2.524
-2.384
-2.366
-2.286
-1.989
-1.599
-1.272
-0.932
-0.426
0.242
0.903
1.359
1.497
1.351
1.107
0.857
0.413
-0.37
-1.025
-0.964
-0.476
-0.356
-0.737
-0.903
-0.313
0.68
1.267
1.243
1.086
1.177
1.47
1.653
1.56
1.411
1.57
1.928
1.98
1.54
0.873
0.313
-0.129
-0.524
-0.932
-1.24
-1.345
-1.345
-1.386
-1.422
-1.313
-1.068
-0.852
-0.941
-1.347
-1.597
-1.372
-1.02
-1.141
-1.757
-2.352
-2.568
-2.662
-3.085
-3.785
-4.355
-4.555
-4.545
-4.715
-5.212
-5.781
-6.074
-6.213
-6.623
-7.428
-8.281
-8.817
-9.023
-9.148
-9.345
-9.513
-9.556
-9.671
-10.044
-10.495
-10.65
-10.543
-10.647
-11.101
-11.495
-11.489
-11.357
-11.591
-12.158
-12.589
-12.657
-12.555
-12.564
-12.736
-12.895
-12.879
-12.709
-12.493
-12.271
-12.105
-11.972
-11.822
-11.654
-11.491
-11.307
-11.078
-10.845
-10.758
-10.958
-11.326
-11.597
-11.643
-11.631
-11.657
-11.579
-11.355
-11.126
-10.863
-10.457
-9.828
-9.018
-8.295
-7.857
-7.562
-7.12
-6.416
-5.664
-5.083
-4.688
-4.357
-4.087
-3.938
-4.056
-4.522
-5.237
-5.972
-6.464
-6.644
-6.703
-6.812
-6.875
-6.662
-6.187
-5.727
-5.448
-5.276
-5.072
-4.702
-4.282
-4.001
-3.792
-3.443
-2.953
-2.511
-2.343
-2.513
-2.764
-2.885
-3.016
-3.409
-4.096
-4.829
-5.366
-5.745
-6.024
-6.015
-5.586
-4.967
-4.468
-4.162
-3.863
-3.572
-3.502
-3.688
-4.06
-4.566
-5.051
-5.4
-5.675
-5.929
-6.072
-6.178
-6.505
-6.989
-7.276
-7.258
-7.115
-6.891
-6.49
-5.861
-5.029
-4.06
-3.107
-2.452
-2.184
-2.05
-1.846
-1.823
-2.255
-3.073
-4.031
-4.909
-5.707
-6.601
-7.546
-8.245
-8.535
-8.678
-8.867
-8.919
-8.544
-7.914
-7.44
-7.152
-6.707
-5.899
-4.983
-4.355
-3.987
-3.473
-2.79
-2.381
-2.542
-3.087
-3.552
-3.699
-3.806
-4.246
-4.865
-5.135
-4.883
-4.573
-4.741
-5.226
-5.382
-5.092
-4.89
-5.147
-5.586
-5.709
-5.478
-5.255
-5.253
-5.31
-5.144
-4.709
-4.305
-4.233
-4.198
-3.699
-2.951
-2.629
-2.724
-2.69
-2.304
-1.801
-1.533
-1.594
-1.699
-1.508
-1.084
-0.791
-0.905
-1.202
-1.261
-1.132
-1.204
-1.579
-1.996
-2.198
-2.198
-2.225
-2.422
-2.67
-2.931
-3.212
-3.586
-4.137
-4.681
-4.931
-4.979
-5.047
-5.06
-4.872
-4.584
-4.335
-4.094
-3.67
-2.903
-1.93
-1.113
-0.655
-0.424
-0.166
0.068
-0.034
-0.569
-1.275
-1.903
-2.511
-3.25
-4.11
-5.002
-5.875
-6.707
-7.462
-8.104
-8.64
-9.055
-9.259
-9.184
-8.826
-8.213
-7.401
-6.478
-5.498
-4.6
-3.897
-3.377
-2.998
-2.869
-3.06
-3.357
-3.622
-3.958
-4.491
-5.137
-5.775
-6.296
-6.677
-7.074
-7.646
-8.234
-8.579
-8.683
-8.76
-8.892
-8.994
-8.905
-8.558
-8.213
-8.109
-8.164
-8.113
-7.859
-7.608
-7.657
-7.936
-8.118
-7.991
-7.726
-7.578
-7.489
-7.233
-6.73
-6.102
-5.566
-5.264
-5.042
-4.722
-4.461
-4.423
-4.516
-4.555
-4.623
-4.765
-4.883
-4.897
-4.877
-4.904
-5.04
-5.344
-5.727
-6.02
-6.129
-6.147
-6.108
-5.931
-5.625
-5.26
-4.863
-4.473
-4.101
-3.744
-3.361
-2.919
-2.465
-2.078
-1.785
-1.449
-0.936
-0.367
0.104
0.431
0.499
0.193
-0.256
-0.612
-0.943
-1.399
-1.93
-2.375
-2.758
-3.094
-3.338
-3.532
-3.765
-3.881
-3.758
-3.527
-3.323
-3.171
-3.044
-2.937
-2.817
-2.579
-2.214
-1.828
-1.533
-1.393
-1.479
-1.658
-1.771
-1.946
-2.4
-2.937
-3.323
-3.672
-4.169
-4.672
-4.804
-4.398
-3.779
-3.493
-3.819
-4.477
-4.843
-4.634
-4.393
-4.883
-5.907
-6.398
-5.954
-5.625
-6.425
-7.837
-8.663
-8.837
-9.134
-9.626
-9.778
-9.551
-9.256
-8.848
-8.009
-6.893
-5.94
-5.237
-4.668
-4.495
-4.715
-4.761
-4.471
-4.216
-4.189
-4.41
-4.817
-5.226
-5.688
-6.761
-8.637
-10.373
-10.879
-10.504
-10.223
-9.989
-9.191
-7.778
-6.314
-5.412
-5.176
-5.033
-4.428
-3.543
-2.964
-2.79
-2.465
-1.864
-1.694
-2.238
-3.001
-3.547
-3.647
-3.244
-2.724
-2.638
-2.817
-2.558
-1.794
-1.333
-1.676
-2.238
-2.339
-2.141
-2.107
-2.252
-2.27
-1.943
-1.506
-1.424
-1.687
-1.726
-1.32
-1.045
-1.266
-1.488
-1.152
-0.115
1.222
2.084
2.021
1.508
1.393
1.798
2.078
1.994
2.078
2.647
3.382
3.842
3.878
3.636
3.268
2.767
2.034
1.359
1.263
1.801
2.27
2.198
1.989
2.154
2.54
2.681
2.395
1.84
1.517
1.88
2.848
3.828
4.393
4.652
4.947
5.285
5.409
5.394
5.487
5.704
5.983
6.322
6.675
7.034
7.338
7.306
6.7
5.94
5.691
5.908
5.952
5.584
5.171
5.104
5.319
5.516
5.502
5.364
5.496
6.21
7.154
7.748
7.927
8.045
8.397
8.932
9.454
9.815
9.914
9.772
9.617
9.71
10.007
10.232
10.273
10.151
9.856
9.47
9.227
9.275
9.363
9.238
9.107
9.255
9.644
10.044
10.191
9.983
9.622
9.477
9.706
10.087
10.225
10.137
10.128
10.32
10.527
10.57
10.45
10.443
10.613
10.64
10.325
9.935
9.736
9.781
9.923
9.944
9.828
9.785
9.847
9.937
9.971
9.869
9.688
9.56
9.44
9.177
8.762
8.297
7.975
7.896
7.896
7.759
7.542
7.39
7.299
7.063
6.725
6.566
6.65
6.786
6.896
7.027
7.12
7.152
7.172
7.211
7.199
7.1
7.068
7.213
7.353
7.227
6.861
6.406
5.947
5.562
5.244
5.022
4.886
4.756
4.616
4.564
4.618
4.77
4.913
4.84
4.493
4.205
4.264
4.588
4.928
5.076
5.056
4.994
4.922
4.777
4.457
3.93
3.421
3.234
3.323
3.488
3.599
3.597
3.556
3.561
3.572
3.504
3.509
3.833
4.327
4.641
4.741
4.709
4.455
3.929
3.225
2.459
1.792
1.413
1.302
1.329
1.388
1.465
1.551
1.626
1.712
1.721
1.617
1.653
2.098
2.842
3.427
3.713
3.892
4.013
3.867
3.334
2.703
2.218
1.898
1.678
1.606
1.664
1.747
1.78
1.708
1.531
1.39
1.429
1.585
1.766
2.005
2.318
2.638
2.944
3.227
3.421
3.486
3.59
3.89
4.264
4.475
4.475
4.378
4.291
4.169
3.958
3.642
3.309
3.128
3.155
3.307
3.504
3.679
3.731
3.65
3.552
3.538
3.606
3.701
3.836
4.176
4.795
5.487
5.856
5.8
5.6
5.546
5.564
5.435
5.094
4.693
4.4
4.225
4.035
3.726
3.355
3.125
3.119
3.178
3.234
3.502
4.107
4.713
4.861
4.718
4.892
5.459
5.847
5.661
5.371
5.609
6.183
6.371
6.038
5.604
5.391
5.267
5.002
4.632
4.371
4.344
4.53
4.806
4.954
4.972
5.081
5.31
5.38
5.26
5.269
5.598
6.054
6.34
6.358
6.367
6.598
6.818
6.612
6.133
5.959
6.271
6.544
6.326
5.868
5.65
5.612
5.333
4.788
4.366
4.391
4.736
4.994
4.983
4.97
5.264
5.75
6.093
6.149
6.088
6.084
6.111
6.027
5.814
5.543
5.339
5.208
5.022
4.579
3.99
3.577
3.422
3.268
2.996
2.928
3.375
4.001
4.269
4.234
4.362
4.797
5.226
5.371
5.396
5.51
5.594
5.459
5.078
4.593
4.151
3.837
3.566
3.32
3.263
3.513
4.094
4.786
5.305
5.589
5.804
6.136
6.562
6.75
6.61
6.435
6.328
6.097
5.598
4.976
4.416
3.845
3.191
2.672
2.499
2.615
2.801
2.964
3.302
3.996
4.879
5.427
5.453
5.371
5.519
5.625
5.296
4.638
4.044
3.692
3.337
2.81
2.297
2.003
1.898
1.885
1.978
2.141
2.33
2.59
2.838
2.955
3.003
3.253
3.729
4.071
4.008
3.81
3.845
4.008
3.86
3.418
3.189
3.443
3.872
3.93
3.69
3.753
4.371
5.067
5.325
5.205
5.178
5.441
5.659
5.559
5.285
5.092
5.147
5.475
5.859
6.07
6.097
6.154
6.419
6.8
7.149
7.478
7.85
8.173
8.393
8.694
9.134
9.449
9.384
9.096
9.073
9.558
10.085
9.967
9.363
9.027
9.275
9.597
9.475
9.027
8.812
9.055
9.549
10.164
10.819
11.482
12.094
12.546
12.797
12.898
12.859
12.65
12.423
12.355
12.417
12.498
12.5
12.366
12.099
11.849
11.863
12.029
12.001
11.834
11.879
12.221
12.616
12.879
13.099
13.566
14.358
15.225
15.712
15.619
15.363
15.492
15.887
16.073
15.982
15.985
16.261
16.635
16.733
16.452
16.03
15.739
15.649
15.562
15.331
15.029
14.816
14.764
14.862
15.016
15.258
15.628
16.05
16.313
16.392
16.538
16.901
17.08
16.613
15.862
15.617
15.902
15.986
15.495
14.635
13.911
13.734
13.861
13.485
12.502
11.938
12.387
13.085
13.208
13.04
13.269
13.791
14.043
13.884
13.517
13.11
12.74
12.292
11.461
10.386
9.506
8.774
7.896
7.034
6.571
6.385
6.213
6.322
6.875
7.374
7.515
7.526
7.442
7.077
6.578
6.278
6.138
5.959
5.784
5.716
5.48
5.017
4.613
4.251
3.734
3.253
2.962
2.733
2.588
2.647
2.829
2.885
2.838
2.923
2.919
2.402
1.626
1.136
0.923
0.776
0.648
0.635
0.753
0.925
1.154
1.354
1.351
1.231
1.249
1.524
2.218
3.148
3.731
3.908
4.158
4.595
4.817
4.512
3.897
3.409
3.078
2.726
2.339
1.925
1.42
0.871
0.331
-0.215
-0.63
-0.759
-0.608
-0.25
0.26
0.773
1.129
1.399
1.73
1.91
1.669
1.236
0.9
0.623
0.238
-0.308
-0.909
-1.617
-2.486
-3.364
-4.128
-4.729
-5.104
-5.276
-5.398
-5.525
-5.539
-5.489
-5.521
-5.65
-5.779
-5.943
-6.133
-6.16
-6.054
-6.133
-6.541
-7.065
-7.46
-7.651
-7.732
-7.782
-7.848
-7.907
-7.78
-7.374
-6.884
-6.43
-6.022
-5.723
-5.573
-5.534
-5.482
-5.371
-5.301
-5.255
-5.162
-5.044
-4.854
-4.606
-4.543
-4.704
-4.768
-4.512
-4.089
-3.726
-3.422
-2.912
-2.118
-1.304
-0.669
-0.172
0.39
0.996
1.36
1.333
1.186
1.35
1.794
2.073
2.009
1.828
1.672
1.467
1.216
1.048
1.05
1.249
1.642
2.069
2.415
2.737
3.037
3.257
3.484
3.836
4.28
4.702
4.956
4.844
4.393
4.017
4.071
4.251
4.037
3.65
3.724
4.278
4.675
4.593
4.48
4.922
5.777
6.342
6.333
6.226
6.541
7.002
6.954
6.374
5.981
6.154
6.451
6.353
5.922
5.643
5.877
6.521
6.986
6.92
6.77
7.079
7.594
7.623
7.156
6.73
6.603
6.555
6.328
5.922
5.51
5.303
5.174
4.765
4.2
4.053
4.373
4.557
4.223
3.747
3.699
4.023
4.234
4.117
3.833
3.652
3.618
3.497
3.087
2.542
2.189
2.048
1.785
1.347
1.12
1.218
1.2
0.768
0.086
-0.517
-0.805
-0.93
-1.272
-1.932
-2.549
-2.894
-3.209
-3.763
-4.42
-4.963
-5.403
-5.777
-6.067
-6.335
-6.596
-6.761
-6.807
-6.823
-6.818
-6.805
-6.743
-6.499
-6.145
-6.106
-6.473
-6.668
-6.351
-5.931
-5.907
-6.265
-6.682
-6.952
-6.989
-6.977
-7.279
-7.81
-7.941
-7.483
-7.068
-7.195
-7.53
-7.562
-7.274
-6.888
-6.458
-6.038
-5.686
-5.255
-4.722
-4.355
-4.126
-3.772
-3.291
-2.871
-2.604
-2.45
-2.241
-1.831
-1.286
-0.753
-0.295
0.17
0.78
1.333
1.524
1.519
1.608
1.776
1.896
1.982
2.171
2.377
2.241
1.85
1.864
2.517
3.137
3.271
3.139
3.114
3.323
3.629
3.765
3.536
3.309
3.513
4.098
4.584
4.761
4.834
4.99
5.169
5.226
5.269
5.353
5.532
5.823
6.065
6.185
6.496
7.07
7.395
7.156
6.464
5.609
4.802
4.056
3.223
2.339
1.653
1.42
1.64
1.871
1.774
1.513
1.331
1.27
1.281
1.22
0.998
0.75
0.581
0.453
0.379
0.426
0.521
0.573
0.497
0.24
-0.072
-0.242
-0.281
-0.503
-1.081
-1.644
-1.685
-1.24
-0.857
-0.918
-1.227
-1.402
-1.422
-1.621
-2.255
-3.155
-3.881
-4.248
-4.419
-4.536
-4.484
-4.137
-3.647
-3.164
-2.713
-2.316
-1.858
-1.152
-0.44
0.031
0.451
1.111
1.898
2.429
2.592
2.522
2.261
1.832
1.354
0.758
0.018
-0.474
-0.49
-0.446
-0.778
-1.324
-1.673
-1.817
-1.978
-2.18
-2.265
-2.143
-1.849
-1.488
-1.218
-1.182
-1.257
-1.218
-1.002
-0.791
-0.768
-0.832
-0.714
-0.288
0.147
0.277
0.172
0.04
-0.193
-0.573
-0.925
-1.206
-1.528
-1.971
-2.42
-2.754
-2.994
-3.298
-3.677
-4.049
-4.364
-4.552
-4.625
-4.604
-4.513
-4.455
-4.597
-4.817
-4.87
-4.663
-4.375
-4.298
-4.512
-4.768
-4.847
-4.788
-4.783
-4.879
-4.949
-4.967
-4.936
-4.84
-4.747
-4.715
-4.609
-4.273
-3.894
-3.799
-3.976
-4.284
-4.72
-5.24
-5.779
-6.287
-6.635
-6.816
-6.877
-6.834
-6.812
-6.834
-6.773
-6.653
-6.574
-6.485
-6.385
-6.276
-6.085
-5.75
-5.312
-4.797
-4.094
-3.16
-2.32
-1.951
-1.914
-1.971
-2.12
-2.479
-2.987
-3.484
-3.906
-4.239
-4.414
-4.389
-4.257
-4.046
-3.699
-3.268
-2.962
-2.76
-2.522
-2.189
-1.733
-1.206
-0.723
-0.26
0.217
0.617
0.861
1.023
1.29
1.687
2.005
2.123
2.22
2.413
2.542
2.542
2.701
3.184
3.756
4.207
4.559
4.858
5.119
5.373
5.521
5.437
5.18
4.924
4.84
4.843
4.732
4.45
4.112
3.899
3.892
3.865
3.547
3.234
3.781
5.321
6.639
7.136
8
9.604
10.182
8.957
7.762
7.81
7.97
7.376
6.886
7.181
7.798
8.12
7.886
6.85
5.366
4.484
4.355
4.023
3.139
2.67
3.448
4.983
5.986
5.627
4.484
3.974
4.504
4.648
3.543
2.642
3.379
4.643
4.541
3.373
2.713
2.731
2.377
1.513
0.8
0.581
0.966
1.687
2.021
1.705
1.35
1.379
1.263
0.331
-0.936
-1.608
-1.701
-1.853
-2.397
-3.169
-3.679
-3.624
-3.443
-3.74
-4.144
-3.559
-1.971
-0.794
-0.767
-0.912
-0.451
-0.12
-0.873
-2.363
-3.314
-3.141
-2.633
-2.644
-2.967
-2.737
-1.858
-1.311
-1.71
-2.484
-2.883
-2.815
-2.52
-2.241
-2.071
-1.765
-1.041
-0.281
-0.32
-1.24
-2.041
-2.03
-1.769
-1.923
-2.184
-1.85
-0.97
-0.344
-0.451
-0.778
-0.539
0.215
0.805
1.027
1.415
2.297
3.239
3.588
3.291
2.731
2.209
1.769
1.258
0.665
0.231
0.22
0.549
0.819
0.701
0.315
0.104
0.206
0.304
0.215
0.245
0.721
1.504
2.082
2.059
1.617
1.299
1.168
0.794
0.154
-0.245
-0.152
0.063
-0.082
-0.539
-1.018
-1.486
-2.046
-2.61
-3.062
-3.37
-3.445
-3.193
-2.801
-2.586
-2.685
-3.06
-3.572
-4.13
-4.75
-5.38
-5.748
-5.698
-5.389
-5.017
-4.657
-4.336
-4.137
-4.21
-4.648
-5.156
-5.473
-5.748
-6.097
-6.396
-6.632
-7.007
-7.578
-8.118
-8.37
-8.406
-8.429
-8.465
-8.39
-8.174
-7.959
-7.914
-8.141
-8.465
-8.553
-8.327
-8.059
-7.925
-7.689
-7.306
-7.068
-7.129
-7.413
-7.877
-8.486
-8.928
-9.064
-9.134
-9.277
-9.189
-8.86
-8.817
-9.234
-9.624
-9.736
-9.79
-9.932
-9.921
-9.445
-8.624
-7.903
-7.542
-7.424
-7.372
-7.426
-7.669
-8.045
-8.363
-8.438
-8.258
-7.948
-7.558
-7.163
-6.882
-6.777
-6.793
-6.873
-7.038
-7.206
-7.267
-7.306
-7.353
-7.344
-7.304
-7.258
-7.079
-6.764
-6.433
-6.131
-5.886
-5.766
-5.702
-5.521
-5.292
-5.366
-5.818
-6.26
-6.294
-6.024
-5.739
-5.448
-5.101
-4.752
-4.471
-4.303
-4.355
-4.695
-5.158
-5.496
-5.682
-5.865
-6.181
-6.48
-6.675
-6.873
-7.188
-7.507
-7.651
-7.569
-7.446
-7.483
-7.549
-7.396
-7.095
-6.929
-6.92
-6.839
-6.698
-6.734
-6.981
-7.304
-7.669
-8.071
-8.535
-9.066
-9.595
-10.085
-10.552
-10.924
-11.096
-11.098
-10.981
-10.692
-10.214
-9.754
-9.479
-9.247
-8.882
-8.472
-8.179
-8.005
-7.886
-7.875
-7.977
-8.249
-8.757
-9.363
-9.839
-10.105
-10.2
-10.184
-10.041
-9.803
-9.538
-9.236
-8.719
-8.057
-7.558
-7.213
-6.768
-6.24
-5.836
-5.58
-5.387
-5.246
-5.183
-5.183
-5.269
-5.432
-5.564
-5.573
-5.435
-5.165
-4.854
-4.588
-4.321
-3.985
-3.584
-3.227
-2.94
-2.694
-2.484
-2.359
-2.357
-2.377
-2.339
-2.286
-2.295
-2.325
-2.189
-1.858
-1.51
-1.281
-1.118
-0.909
-0.628
-0.322
-0.083
0.034
0.145
0.415
0.798
1.129
1.254
1.15
0.957
0.909
0.989
0.932
0.778
0.912
1.395
1.862
2.089
2.241
2.579
3.007
3.236
3.239
3.164
3.223
3.352
3.316
3.076
2.776
2.579
2.442
2.184
1.748
1.342
1.238
1.44
1.76
2.052
2.336
2.754
3.43
4.203
4.638
4.668
4.679
4.815
4.747
4.242
3.409
2.547
1.864
1.306
0.678
0.063
-0.215
-0.152
-0.143
-0.453
-0.796
-0.73
-0.32
0.038
0.269
0.542
0.884
1.116
1.188
1.277
1.458
1.597
1.501
1.122
0.572
0.029
-0.458
-1.032
-1.703
-2.223
-2.313
-1.98
-1.556
-1.463
-1.703
-1.812
-1.558
-1.299
-1.472
-1.776
-1.682
-1.395
-1.49
-1.991
-2.456
-2.626
-2.601
-2.568
-2.563
-2.454
-2.191
-1.887
-1.699
-1.588
-1.388
-1.075
-0.749
-0.362
0.143
0.591
0.823
0.861
0.832
0.834
0.848
0.692
0.311
-0.083
-0.281
-0.335
-0.397
-0.558
-0.798
-0.936
-0.923
-1.002
-1.35
-1.803
-2.066
-1.919
-1.488
-1.027
-0.537
0.07
0.705
1.141
1.302
1.341
1.585
2.071
2.42
2.293
1.882
1.682
1.757
1.672
1.206
0.71
0.462
0.254
-0.222
-0.898
-1.438
-1.733
-1.919
-2.166
-2.579
-3.037
-3.311
-3.439
-3.665
-4.037
-4.294
-4.273
-4.198
-4.446
-4.951
-5.301
-5.334
-5.233
-5.244
-5.492
-5.784
-5.788
-5.625
-5.761
-6.195
-6.517
-6.589
-6.63
-6.884
-7.351
-7.8
-8.029
-8.161
-8.463
-9.012
-9.67
-10.302
-10.817
-11.144
-11.375
-11.57
-11.675
-11.742
-11.919
-12.24
-12.502
-12.532
-12.355
-12.029
-11.539
-11.003
-10.665
-10.413
-10.023
-9.484
-9.041
-8.832
-8.794
-8.778
-8.721
-8.708
-8.739
-8.64
-8.347
-8.1
-8.184
-8.567
-9.005
-9.384
-9.706
-10.035
-10.262
-10.271
-10.157
-10.041
-9.81
-9.368
-8.776
-8.086
-7.367
-6.677
-6.113
-5.695
-5.462
-5.446
-5.528
-5.528
-5.487
-5.627
-5.727
-5.104
-3.885
-3.45
-4.414
-5.501
-5.369
-4.593
-4.795
-6.276
-7.446
-6.909
-5.373
-4.643
-5.149
-5.618
-5.04
-4.069
-3.956
-4.752
-5.385
-5.328
-5.217
-5.67
-6.142
-5.716
-4.459
-3.459
-3.65
-4.482
-4.568
-3.744
-3.328
-3.985
-4.765
-4.378
-2.896
-1.735
-1.783
-2.293
-2.198
-1.551
-1.368
-2.232
-3.37
-3.824
-3.828
-4.216
-4.99
-5.444
-5.142
-4.491
-4.307
-4.756
-5.069
-4.591
-3.842
-3.804
-4.398
-4.582
-4.035
-3.534
-3.513
-3.532
-3.098
-2.348
-1.86
-2.016
-2.563
-2.851
-2.67
-2.672
-3.443
-4.437
-4.634
-4.08
-3.828
-4.41
-5.072
-4.979
-4.396
-4.194
-4.693
-5.258
-5.187
-4.727
-4.772
-5.532
-6.14
-5.85
-5.094
-4.877
-5.296
-5.577
-5.26
-4.634
-4.28
-4.432
-4.564
-4.133
-3.413
-3.021
-3.216
-3.674
-3.947
-4.076
-4.411
-4.802
-4.834
-4.509
-4.182
-4.23
-4.559
-4.643
-4.378
-4.35
-4.91
-5.548
-5.478
-4.72
-4.058
-4.089
-4.522
-4.555
-3.921
-3.268
-3.359
-4.042
-4.512
-4.423
-4.216
-4.348
-4.602
-4.552
-4.253
-4.001
-3.865
-3.584
-3.044
-2.631
-2.76
-3.277
-3.524
-3.2
-2.899
-3.296
-4.014
-4.151
-3.581
-3.119
-3.373
-4.139
-4.736
-4.87
-4.879
-5.208
-5.832
-6.262
-6.215
-5.806
-5.276
-4.688
-3.972
-3.202
-2.619
-2.497
-2.806
-3.207
-3.475
-3.713
-4.028
-4.246
-4.114
-3.735
-3.529
-3.752
-4.164
-4.314
-4.16
-4.198
-4.727
-5.324
-5.427
-5.133
-5.063
-5.382
-5.548
-5.28
-4.988
-5.101
-5.577
-6.084
-6.407
-6.566
-6.698
-6.954
-7.115
-6.812
-6.167
-5.725
-5.557
-5.196
-4.471
-3.865
-3.772
-4.11
-4.466
-4.552
-4.53
-4.738
-5.192
-5.423
-5.147
-4.738
-4.804
-5.31
-5.754
-5.981
-6.271
-6.746
-7.202
-7.517
-7.626
-7.437
-7.025
-6.593
-6.117
-5.559
-5.126
-4.938
-4.763
-4.364
-3.883
-3.588
-3.515
-3.457
-3.125
-2.461
-1.898
-1.901
-2.204
-2.141
-1.774
-1.792
-2.442
-3.205
-3.699
-4.13
-4.795
-5.573
-6.072
-6.024
-5.625
-5.212
-4.847
-4.387
-3.833
-3.343
-3.064
-2.901
-2.699
-2.452
-2.214
-1.98
-1.789
-1.663
-1.567
-1.522
-1.599
-1.821
-1.941
-1.798
-1.615
-1.631
-1.701
-1.678
-1.678
-1.792
-1.982
-2.134
-2.136
-2.141
-2.402
-2.856
-3.13
-3.071
-2.962
-3.16
-3.541
-3.652
-3.436
-3.232
-3.239
-3.262
-3.037
-2.574
-2.148
-1.907
-1.744
-1.637
-1.685
-1.905
-2.162
-2.261
-2.139
-1.943
-1.787
-1.642
-1.513
-1.497
-1.692
-2.093
-2.549
-2.901
-3.173
-3.561
-4.155
-4.732
-5.012
-4.999
-4.927
-5.038
-5.249
-5.287
-5.078
-4.892
-4.928
-5.006
-4.938
-4.799
-4.668
-4.461
-4.121
-3.602
-3.014
-2.688
-2.633
-2.581
-2.441
-2.531
-3.291
-4.681
-5.956
-6.526
-6.677
-6.999
-7.517
-7.744
-7.374
-6.61
-6.024
-5.94
-6.117
-6.102
-5.856
-5.695
-5.763
-5.868
-5.754
-5.414
-5.044
-4.806
-4.677
-4.57
-4.525
-4.557
-4.595
-4.503
-4.323
-4.289
-4.432
-4.402
-3.947
-3.202
-2.633
-2.538
-2.701
-2.665
-2.318
-2.071
-2.331
-3.005
-3.584
-3.67
-3.443
-3.441
-3.715
-3.788
-3.448
-3.035
-2.826
-2.647
-2.304
-1.919
-1.633
-1.395
-1.007
-0.301
0.637
1.435
1.914
2.247
2.586
2.817
2.749
2.4
1.987
1.81
1.934
2.007
1.766
1.465
1.571
2.15
2.731
2.808
2.549
2.533
2.958
3.425
3.506
3.298
3.266
3.701
4.344
4.909
5.482
6.226
7.031
7.669
8.075
8.361
8.619
8.705
8.379
7.732
7.124
6.773
6.569
6.342
6.018
5.77
5.832
6.142
6.303
6.187
6.126
6.43
6.995
7.474
7.787
8.2
8.792
9.325
9.644
9.763
9.74
9.592
9.286
8.862
8.442
8.068
7.628
7.147
6.725
6.387
6.206
6.31
6.7
7.115
7.385
7.587
7.905
8.284
8.438
8.331
8.238
8.354
8.619
8.864
8.957
8.928
8.912
8.907
8.778
8.535
8.297
8.039
7.71
7.413
7.265
7.269
7.372
7.526
7.741
7.987
8.2
8.379
8.492
8.571
8.683
8.787
8.828
8.769
8.601
8.486
8.535
8.644
8.628
8.472
8.342
8.333
8.345
8.209
7.921
7.63
7.437
7.304
7.222
7.24
7.32
7.413
7.626
8.018
8.374
8.504
8.411
8.22
8.054
7.889
7.66
7.467
7.378
7.338
7.251
7.054
6.766
6.532
6.36
6.19
6.056
6.094
6.342
6.551
6.535
6.471
6.625
6.875
6.999
6.92
6.686
6.421
6.222
6.047
5.763
5.244
4.57
4.103
3.911
3.735
3.475
3.343
3.515
3.824
3.944
3.831
3.735
3.781
3.788
3.579
3.291
3.232
3.452
3.752
3.867
3.776
3.636
3.491
3.241
2.903
2.649
2.517
2.452
2.391
2.363
2.397
2.447
2.422
2.261
1.962
1.56
1.168
0.843
0.542
0.179
-0.292
-0.878
-1.372
-1.1
0.301
1.862
2.318
2.066
2.415
3.461
3.77
2.339
0.437
0.251
1.789
2.848
2.302
1.377
1.551
2.652
3.334
2.763
1.624
1.122
1.481
1.903
1.81
1.655
2.2
3.482
4.593
4.641
3.953
3.645
3.797
3.523
2.592
1.91
2.413
3.912
5.214
5.364
4.79
4.627
5.21
5.77
5.514
4.709
4.382
4.983
5.922
6.324
5.97
5.493
5.514
5.806
5.75
5.369
5.208
5.303
5.269
5.002
4.636
4.357
4.498
5.003
5.287
5.244
5.612
6.544
7.211
7.088
6.551
6.136
6.036
6.056
5.838
5.408
5.251
5.646
6.049
5.841
5.255
5.029
5.292
5.466
5.11
4.545
4.355
4.654
5.067
5.258
5.242
5.18
5.11
4.919
4.609
4.353
4.221
4.058
3.792
3.665
3.833
4.089
4.225
4.237
4.04
3.704
3.545
3.613
3.523
3.245
3.241
3.568
3.731
3.495
3.155
3.001
2.985
2.896
2.672
2.542
2.708
3.055
3.248
3.216
3.262
3.568
3.836
3.817
3.686
3.57
3.377
3.046
2.613
2.209
1.955
1.898
2.055
2.357
2.624
2.892
3.311
3.765
3.93
3.817
3.708
3.842
4.146
4.493
4.879
5.287
5.562
5.523
5.144
4.684
4.371
3.976
3.266
2.468
2.012
2.116
2.547
2.901
3.205
3.772
4.625
5.389
5.791
6.006
6.371
6.848
6.977
6.616
6.251
6.333
6.75
6.891
6.389
5.643
5.231
5.169
4.981
4.326
3.427
2.74
2.52
2.631
2.833
3.137
3.756
4.709
5.67
6.303
6.641
6.879
6.863
6.346
5.475
4.779
4.425
4.065
3.441
2.665
2.037
1.655
1.327
0.894
0.426
0.1
0.111
0.451
0.996
1.694
2.652
3.863
5.078
5.92
6.165
5.936
5.484
4.974
4.461
3.808
2.937
2.107
1.551
1.193
0.989
0.918
0.789
0.585
0.619
1.025
1.531
1.921
2.172
2.456
3.071
4.037
4.97
5.609
6.084
6.425
6.526
6.416
6.305
6.265
6.103
5.754
5.478
5.464
5.571
5.743
6.093
6.614
7.24
7.932
8.44
8.474
8.188
7.959
7.973
8.155
8.454
8.844
9.225
9.599
10.037
10.227
9.835
9.141
8.669
8.58
8.728
9.207
10.048
11.037
11.981
12.74
13.281
13.68
14.016
14.07
13.72
13.208
12.947
13.063
13.299
13.244
12.861
12.627
12.916
13.455
13.444
12.707
12.226
12.709
13.584
14.013
14.061
14.279
14.735
14.991
14.791
14.347
14.018
13.99
14.056
13.929
13.707
13.798
14.428
15.403
16.345
17.142
17.842
18.543
19.287
19.795
19.575
18.774
18.012
17.425
16.733
15.91
15.349
15.154
14.868
14.324
13.995
14.074
14.242
14.208
13.968
13.821
14.111
14.71
15.174
15.245
15.159
15.195
15.107
14.635
14.063
13.734
13.573
13.446
13.353
13.385
13.526
13.737
13.959
13.998
13.72
13.442
13.389
13.149
12.353
11.275
10.504
10.053
9.397
8.358
7.383
6.893
6.768
6.5
5.852
5.36
5.357
5.301
4.743
4.094
3.935
4.191
4.4
4.384
4.425
4.681
5.144
5.625
5.784
5.507
5.078
4.702
4.348
3.942
3.536
3.155
2.749
2.141
1.299
0.36
-0.483
-1.229
-2.182
-3.273
-3.815
-3.457
-2.661
-2.021
-1.663
-1.231
-0.51
0.127
0.269
0.143
0.206
0.444
0.506
0.494
0.759
1.222
1.435
1.302
1.2
1.404
1.669
1.592
1.315
1.252
1.422
1.633
1.812
1.982
2.052
1.932
1.726
1.621
1.653
1.664
1.556
1.395
1.318
1.515
1.987
2.461
2.724
2.865
3.307
4.23
5.162
5.364
4.89
4.534
4.715
4.956
4.661
4.044
3.917
4.457
4.91
4.618
3.846
3.268
2.892
2.177
0.846
-0.719
-2.005
-2.919
-3.808
-4.829
-5.691
-6.085
-6.199
-6.444
-6.954
-7.507
-7.803
-7.814
-7.755
-7.728
-7.569
-7.013
-6.158
-5.621
-5.704
-5.811
-5.319
-4.62
-4.55
-5.115
-5.618
-5.648
-5.421
-5.376
-5.648
-5.997
-6.16
-6.124
-6.142
-6.517
-7.215
-7.936
-8.649
-9.359
-9.896
-10.187
-10.25
-9.957
-9.357
-8.683
-7.912
-6.784
-5.382
-4.275
-3.738
-3.266
-2.148
-0.517
0.959
1.982
2.844
3.831
4.668
4.913
4.53
3.996
3.645
3.286
2.619
1.812
1.397
1.517
1.66
1.306
0.576
-0.027
-0.245
-0.424
-0.957
-1.519
-1.424
-0.501
0.648
1.461
1.975
2.681
3.654
4.391
4.645
4.82
5.423
6.362
7.038
7.158
7.12
7.206
7.215
6.861
6.231
5.684
5.426
5.26
4.888
4.312
3.74
3.379
3.148
2.806
2.37
2.039
1.853
1.682
1.481
1.272
1.156
1.122
1.072
0.984
1.029
1.359
1.921
2.495
2.992
3.663
4.681
5.711
6.145
5.89
5.571
5.573
5.589
5.196
4.513
3.965
3.692
3.407
2.653
1.449
0.349
-0.351
-0.925
-1.576
-2.111
-2.202
-1.864
-1.381
-0.973
-0.684
-0.401
-0.031
0.351
0.453
0.129
-0.227
-0.236
-0.224
-0.655
-1.156
-1.161
-0.921
-1.066
-1.71
-2.556
-3.212
-3.486
-3.806
-4.584
-5.487
-5.784
-5.33
-4.861
-5.054
-5.625
-5.899
-5.702
-5.43
-5.598
-6.313
-7.12
-7.601
-7.823
-8.204
-8.776
-8.957
-8.501
-7.932
-7.669
-7.521
-7.163
-6.596
-6.029
-5.584
-5.126
-4.437
-3.47
-2.563
-2.125
-2.153
-2.214
-2.141
-2.136
-2.22
-2.348
-2.561
-2.717
-2.517
-1.957
-1.36
-0.857
-0.335
0.204
0.701
1.164
1.531
1.717
1.776
2.027
2.719
3.65
4.366
4.768
5.051
5.457
6.136
6.839
7.104
6.957
6.952
7.41
7.905
7.948
7.612
7.29
7.22
7.329
7.372
7.079
6.584
6.308
6.353
6.36
5.991
5.398
4.963
4.627
4.04
3.284
2.715
2.504
2.547
2.556
2.427
2.427
2.71
3.055
3.296
3.468
3.763
4.303
5.012
5.734
6.276
6.442
6.21
5.806
5.391
5.012
4.527
3.69
2.581
1.59
0.936
0.41
-0.29
-1.272
-2.279
-2.776
-2.665
-2.463
-2.685
-3.169
-3.234
-2.624
-1.928
-1.696
-1.664
-1.363
-0.812
-0.326
-0.147
-0.188
-0.111
0.129
0.304
0.245
0.145
0.233
0.351
0.231
-0.036
-0.251
-0.465
-0.728
-1.168
-1.903
-2.676
-3.146
-3.441
-3.956
-4.715
-5.355
-5.586
-5.492
-5.373
-5.55
-5.926
-5.89
-5.144
-4.198
-3.663
-3.457
-3.062
-2.391
-1.821
-1.54
-1.472
-1.513
-1.608
-1.692
-1.78
-1.928
-2.134
-2.304
-2.37
-2.436
-2.558
-2.676
-2.806
-3.003
-3.155
-3.209
-3.248
-3.259
-3.241
-3.187
-3.112
-3.112
-3.225
-3.364
-3.45
-3.425
-3.254
-3.123
-3.128
-2.996
-2.395
-1.535
-0.866
-0.415
0.161
1
1.76
2.055
1.946
1.682
1.306
0.846
0.349
-0.242
-0.887
-1.402
-1.783
-2.1
-2.379
-2.674
-2.96
-3.162
-3.266
-3.25
-3.134
-3.035
-2.878
-2.506
-2.061
-1.708
-1.465
-1.383
-1.411
-1.408
-1.49
-1.789
-2.157
-2.379
-2.424
-2.404
-2.343
-2.105
-1.735
-1.49
-1.433
-1.56
-1.878
-2.27
-2.617
-3.007
-3.506
-4.04
-4.398
-4.419
-4.171
-3.926
-3.772
-3.568
-3.296
-2.96
-2.57
-2.154
-1.742
-1.329
-1
-0.698
-0.335
-0.034
0.14
0.167
-0.056
-0.431
-0.648
-0.712
-0.764
-0.837
-0.973
-0.966
-0.599
-0.091
0.256
0.422
0.637
1.147
1.93
2.61
2.896
2.869
2.797
2.787
2.758
2.622
2.357
2.052
1.946
2.18
2.604
2.899
2.869
2.649
2.613
2.896
3.262
3.511
3.74
4.046
4.477
5.174
6.054
6.777
7.181
7.295
7.306
7.422
7.623
7.617
7.195
6.612
6.242
6.249
6.437
6.294
5.682
5.06
4.924
5.269
5.53
5.351
5.126
5.382
5.931
6.192
6.01
5.752
5.727
5.748
5.625
5.487
5.344
5.208
5.253
5.351
5.104
4.548
4.149
4.083
3.951
3.463
2.919
2.67
2.676
2.706
2.475
1.862
1.098
0.608
0.372
0.068
-0.408
-0.873
-1.061
-0.882
-0.578
-0.524
-0.714
-0.787
-0.435
0.115
0.326
0.106
-0.17
-0.236
-0.229
-0.465
-0.991
-1.461
-1.606
-1.426
-1.227
-1.236
-1.359
-1.377
-1.213
-1.09
-1.345
-1.885
-2.264
-2.259
-2.025
-1.831
-1.84
-1.919
-1.814
-1.615
-1.603
-1.765
-1.805
-1.588
-1.272
-1.034
-0.841
-0.499
-0.007
0.397
0.66
0.871
1.09
1.164
0.984
0.655
0.347
0.101
-0.184
-0.539
-0.871
-1.014
-0.923
-0.737
-0.635
-0.614
-0.41
0.036
0.488
0.723
0.843
1.043
1.261
1.356
1.315
1.309
1.479
1.728
1.789
1.47
0.927
0.474
0.152
-0.304
-0.982
-1.56
-1.84
-2.016
-2.195
-2.236
-2.111
-1.912
-1.655
-1.377
-1.236
-1.191
-0.977
-0.662
-0.61
-0.864
-1.089
-1.116
-1.1
-1.302
-1.778
-2.37
-2.869
-3.202
-3.524
-4.001
-4.513
-4.793
-4.899
-5.026
-5.119
-5.051
-4.886
-4.724
-4.618
-4.525
-4.457
-4.477
-4.411
-4.228
-4.167
-4.384
-4.627
-4.677
-4.681
-4.947
-5.457
-5.913
-6.169
-6.374
-6.705
-7.213
-7.864
-8.526
-8.928
-9.027
-9.093
-9.354
-9.563
-9.447
-9.13
-8.812
-8.558
-8.347
-8.129
-7.916
-7.771
-7.766
-7.914
-8.127
-8.356
-8.633
-8.98
-9.418
-9.921
-10.422
-10.849
-11.191
-11.443
-11.491
-11.323
-11.162
-11.167
-11.132
-10.827
-10.343
-9.93
-9.635
-9.313
-8.832
-8.281
-7.941
-7.988
-8.266
-8.522
-8.642
-8.757
-9.037
-9.372
-9.499
-9.354
-9.216
-9.246
-9.234
-9.03
-8.785
-8.765
-8.914
-8.923
-8.705
-8.349
-7.957
-7.626
-7.356
-7.036
-6.714
-6.496
-6.394
-6.281
-6.14
-6.079
-6.147
-6.274
-6.416
-6.605
-6.884
-7.247
-7.567
-7.748
-7.807
-7.859
