Unnamed: 3
Value
0.047
0.285
0.39
0.367
0.19
-0.235
-0.95
-1.814
-2.704
-3.556
-4.309
-4.782
-4.858
-4.609
-4.14
-3.513
-2.917
-2.558
-2.517
-2.853
-3.667
-4.865
-6.06
-6.734
-6.646
-5.906
-4.709
-2.932
-0.489
2.048
3.84
4.659
4.947
5.158
5.273
5.208
5.081
5.19
5.68
6.238
6.376
5.988
5.427
5.021
4.734
4.296
3.491
2.393
1.347
0.558
-0.229
-1.207
-2.148
-2.633
-2.572
-2.22
-1.901
-1.674
-1.363
-0.884
-0.456
-0.437
-0.934
-1.747
-2.624
-3.375
-3.901
-4.032
-3.55
-2.431
-1.159
-0.422
-0.506
-1.125
-1.875
-2.704
-3.647
-4.527
-4.995
-4.924
-4.443
-3.856
-3.47
-3.325
-3.268
-3.182
-3.084
-3.105
-3.196
-3.021
-2.32
-1.256
-0.235
0.51
1.088
1.647
2.1
2.459
3.03
4.153
5.891
7.768
9.134
9.853
10.291
10.622
10.706
10.416
9.969
9.848
10.295
10.965
11.239
10.899
10.252
9.603
8.937
8.097
7.151
6.329
5.739
5.346
5.042
4.799
4.795
5.101
5.48
5.596
5.355
4.963
4.648
4.364
3.883
3.248
2.651
2.094
1.429
0.655
-0.072
-0.528
-0.591
-0.342
-0.002
0.213
0.2
-0.142
-0.914
-2.107
-3.513
-4.815
-5.646
-5.854
-5.55
-4.949
-4.257
-3.645
-3.223
-2.987
-2.828
-2.558
-2.188
-1.855
-1.626
-1.397
-1.052
-0.603
-0.242
-0.09
-0.102
-0.161
-0.131
0.054
0.313
0.573
0.862
1.179
1.49
1.739
1.896
1.966
2.003
2.016
2.021
2.144
2.404
2.647
2.66
2.379
1.98
1.678
1.508
1.424
1.476
1.884
2.604
3.277
3.749
4.182
4.613
4.804
4.609
4.196
3.94
3.967
4.06
4.017
3.93
4.026
4.321
4.581
4.481
3.992
3.404
2.98
2.687
2.377
1.941
1.399
0.905
0.582
0.29
-0.229
-0.841
-1.252
-1.374
-1.365
-1.274
-0.938
-0.152
0.927
1.799
2.157
2.286
2.631
3.232
3.731
3.86
3.749
3.752
3.985
4.212
4.166
3.982
4.038
4.407
4.779
4.84
4.677
4.534
4.411
4.101
3.515
2.862
2.433
2.225
2.05
1.901
1.953
2.307
2.844
3.289
3.445
3.346
3.198
3.073
2.806
2.368
2.091
2.359
3.046
3.645
3.74
3.309
2.549
1.572
0.34
-0.993
-2.132
-2.844
-3.039
-2.88
-2.576
-2.211
-1.864
-1.71
-1.849
-2.298
-2.937
-3.561
-4.001
-4.192
-4.223
-4.187
-4.026
-3.647
-3.184
-2.996
-3.339
-4.09
-4.843
-5.323
-5.409
-5.16
-4.736
-4.255
-3.722
-3.203
-2.873
-2.769
-2.669
-2.4
-2.066
-1.864
-1.832
-1.884
-1.884
-1.83
-1.975
-2.395
-2.745
-2.767
-2.624
-2.643
-2.86
-3.062
-2.951
-2.654
-2.543
-2.769
-3.144
-3.427
-3.554
-3.529
-3.363
-3.025
-2.452
-1.749
-1.236
-1.064
-1.009
-0.821
-0.487
-0.092
0.383
0.932
1.578
2.186
2.402
1.984
1.2
0.499
0.009
-0.415
-0.83
-0.984
-0.558
0.322
1.213
1.764
2.009
2.107
1.994
1.549
1.005
0.866
1.361
2.193
2.905
3.261
3.323
3.127
2.583
1.723
0.807
0.083
-0.322
-0.437
-0.352
-0.086
0.261
0.449
0.32
-0.19
-0.918
-1.585
-1.964
-2.091
-2.105
-2.025
-1.787
-1.508
-1.363
-1.435
-1.699
-2.021
-2.24
-2.27
-2.155
-1.966
-1.884
-2.079
-2.524
-3.092
-3.702
-4.257
-4.682
-4.845
-4.634
-4.116
-3.561
-3.103
-2.683
-2.302
-2.125
-2.248
-2.635
-3.11
-3.518
-3.763
-3.912
-4.087
-4.362
-4.75
-5.355
-6.264
-7.367
-8.374
-9
-9.173
-9.091
-8.973
-8.946
-9.021
-9.145
-9.259
-9.327
-9.302
-9.102
-8.622
-7.834
-6.898
-5.997
-5.19
-4.543
-4.155
-4.114
-4.248
-4.212
-3.897
-3.439
-3.034
-2.749
-2.583
-2.574
-2.799
-3.314
-4.082
-4.797
-5.053
-4.782
-4.178
-3.4
-2.57
-1.789
-1.2
-0.871
-0.757
-0.71
-0.594
-0.36
-0.013
0.394
0.78
1.045
1.127
0.998
0.639
0.181
-0.172
-0.356
-0.408
-0.326
-0.072
0.363
0.751
0.762
0.29
-0.417
-1.005
-1.44
-1.901
-2.322
-2.531
-2.493
-2.304
-2.159
-2.173
-2.22
-2.193
-2.096
-1.986
-1.936
-1.928
-1.834
-1.703
-1.723
-1.975
-2.372
-2.751
-3.012
-3.214
-3.334
-3.241
-2.928
-2.435
-1.851
-1.39
-1.222
-1.313
-1.528
-1.744
-1.864
-1.884
-1.796
-1.565
-1.254
-1.055
-1.192
-1.776
-2.64
-3.524
-4.366
-5.262
-6.117
-6.716
-6.993
-7.16
-7.476
-7.971
-8.52
-9.034
-9.538
-10.125
-10.686
-10.883
-10.618
-10.23
-10.141
-10.388
-10.742
-11.037
-11.334
-11.704
-11.99
-11.888
-11.418
-10.881
-10.54
-10.443
-10.458
-10.436
-10.454
-10.59
-10.761
-10.833
-10.863
-10.987
-11.164
-11.234
-11.098
-10.753
-10.334
-9.863
-9.218
-8.345
-7.308
-6.351
-5.782
-5.353
-4.566
-3.717
-3.731
-4.591
-5.303
-5.135
-4.418
-3.876
-3.396
-2.148
-0.181
1.145
1.057
0.585
0.945
2.012
2.917
3.25
3.454
4.155
5.283
6.188
6.439
6.174
5.774
5.448
5.015
4.094
2.799
1.771
1.347
1.032
0.224
-0.821
-1.374
-1.359
-1.437
-1.946
-2.329
-2.057
-1.599
-1.755
-2.406
-2.944
-3.103
-3.121
-3.148
-3.107
-2.937
-2.749
-2.563
-2.381
-2.433
-2.745
-2.975
-3.005
-3.116
-3.486
-3.772
-3.572
-3.064
-2.622
-2.016
-0.918
0.358
1.154
1.3
1.109
0.895
0.81
0.986
1.649
2.669
3.527
3.965
4.187
4.368
4.325
3.988
3.52
2.951
2.196
1.356
0.766
0.821
1.671
2.934
3.973
4.52
4.586
4.21
3.633
3.268
3.282
3.552
3.973
4.498
4.999
5.275
5.203
4.858
4.446
4.035
3.427
2.628
2.075
2.034
2.383
2.79
2.978
2.878
2.624
2.42
2.268
1.86
1.036
0.181
-0.179
0.007
0.344
0.56
0.662
0.787
0.798
0.526
0.252
0.311
0.599
0.678
0.294
-0.474
-1.376
-2.236
-2.962
-3.626
-4.341
-5.062
-5.704
-6.329
-6.943
-7.365
-7.516
-7.68
-8.132
-8.746
-9.082
-8.914
-8.433
-8.041
-7.791
-7.431
-6.884
-6.453
-6.421
-6.641
-6.802
-6.789
-6.822
-7.151
-7.569
-7.469
-6.644
-5.689
-5.183
-4.983
-4.595
-4.044
-3.688
-3.574
-3.518
-3.504
-3.661
-3.98
-4.277
-4.264
-3.819
-3.055
-2.141
-1.125
-0.179
0.474
0.821
0.909
0.807
0.864
1.32
2.012
2.681
3.327
4.114
4.917
5.296
4.881
3.86
2.862
2.186
1.51
0.691
0.131
0.152
0.544
0.721
0.29
-0.535
-1.365
-2.168
-3.203
-4.55
-5.768
-6.308
-6.147
-5.945
-6.279
-7.045
-7.698
-8.03
-8.356
-8.991
-9.699
-10.021
-9.871
-9.57
-9.381
-9.229
-8.807
-8.26
-8.156
-8.703
-9.393
-9.618
-9.336
-9.043
-9.013
-9.048
-8.982
-9.039
-9.429
-9.948
-10.084
-9.694
-9.063
-8.481
-8.041
-7.7
-7.358
-7.058
-7.013
-7.163
-7.151
-6.732
-5.997
-5.176
-4.344
-3.379
-2.248
-1.224
-0.714
-0.719
-0.716
-0.354
0.265
0.905
1.495
2.196
3.014
3.743
4.044
3.747
2.917
1.875
1.095
0.827
0.927
1.25
1.866
2.724
3.518
4.053
4.507
5.135
5.861
6.373
6.555
6.641
6.834
7.041
7.073
6.913
6.585
6.19
5.867
5.652
5.47
5.392
5.475
5.559
5.362
4.858
4.227
3.552
2.887
2.25
1.558
0.925
0.606
0.556
0.426
0.118
-0.161
-0.224
-0.086
0.095
0.276
0.632
1.256
1.93
2.352
2.54
2.665
2.685
2.259
1.3
0.222
-0.589
-1.122
-1.537
-1.898
-2.157
-2.338
-2.695
-3.479
-4.72
-6.127
-7.431
-8.644
-9.907
-11.193
-12.398
-13.605
-15.018
-16.608
-18.071
-19.178
-19.965
-20.605
-21.081
-21.301
-21.229
-20.963
-20.63
-20.138
-19.342
-18.38
-17.579
-17.105
-16.695
-15.93
-14.746
-13.589
-12.834
-12.278
-11.5
-10.432
-9.356
-8.508
-7.843
-7.075
-6.047
-5.004
-4.268
-3.792
-3.377
-3.03
-2.837
-2.717
-2.415
-1.637
-0.494
0.549
1.292
1.955
2.683
3.416
4.046
4.645
5.371
6.294
7.179
7.866
8.374
8.692
8.707
8.247
7.269
6.045
4.978
4.323
3.908
3.477
3.066
2.887
2.903
2.949
2.753
2.079
1.07
0.013
-1.009
-1.928
-2.649
-3.223
-3.769
-4.373
-4.992
-5.47
-5.622
-5.557
-5.437
-5.269
-4.917
-4.416
-3.99
-3.765
-3.733
-3.897
-4.166
-4.337
-4.359
-4.253
-3.919
-3.307
-2.533
-1.825
-1.345
-1.064
-0.889
-0.853
-0.953
-1.023
-0.816
-0.254
0.512
1.279
1.896
2.345
2.737
3.098
3.241
3.196
3.361
3.944
4.631
5.092
5.435
5.938
6.566
7.013
7.154
7.184
7.353
7.635
7.739
7.426
6.793
6.081
5.357
4.402
3.089
1.658
0.599
0.124
-0.165
-0.716
-1.411
-1.805
-1.782
-1.719
-1.946
-2.365
-2.692
-2.787
-2.61
-2.25
-1.726
-1.107
-0.537
-0.2
0.05
0.46
1.125
1.887
2.406
2.647
2.853
3.123
3.352
3.443
3.346
3.025
2.543
1.941
1.359
0.925
0.589
0.292
0.02
-0.381
-0.948
-1.508
-1.896
-1.98
-1.803
-1.481
-0.97
-0.326
0.185
0.506
0.751
0.889
0.864
0.699
0.48
0.34
0.285
0.258
0.192
0.054
-0.059
-0.05
-0.113
-0.378
-0.805
-1.376
-2.041
-2.66
-3.275
-3.856
-4.307
-4.811
-5.516
-6.194
-6.573
-6.564
-6.294
-5.984
-5.68
-5.292
-4.674
-3.743
-2.914
-2.69
-2.628
-2.071
-1.32
-1.002
-0.97
-0.499
0.63
1.869
2.522
2.749
3.044
3.361
3.103
1.953
0.699
0.396
0.891
1.218
1.068
0.701
0.274
-0.256
-1.166
-2.61
-4.164
-5.255
-5.704
-5.854
-6.149
-6.428
-6.162
-5.375
-4.6
-4.175
-3.886
-3.136
-1.839
-0.696
-0.086
0.376
1.095
2.034
2.851
3.142
3.012
2.984
3.246
3.457
3.191
2.504
1.925
1.732
1.635
1.302
0.816
0.565
0.751
1.075
1.157
1.081
1.084
1.2
1.426
1.697
2.016
2.643
3.688
4.668
5.138
5.273
5.577
6.179
6.562
6.162
5.292
4.745
4.826
5.103
5.16
5.069
5.162
5.494
5.659
5.273
4.543
4.082
4.064
4.035
3.693
3.207
2.867
2.847
2.892
2.427
1.404
0.356
-0.322
-0.649
-0.855
-1.107
-1.238
-0.941
-0.354
-0.077
-0.39
-0.988
-1.549
-2.096
-2.547
-2.613
-2.336
-1.971
-1.497
-0.839
-0.27
-0.183
-0.612
-1.014
-0.959
-0.628
-0.396
-0.147
0.39
1.111
1.68
1.894
1.808
1.558
1.213
0.834
0.526
0.372
0.331
0.36
0.589
1.152
1.896
2.558
2.932
2.999
2.842
2.647
2.567
2.683
3.042
3.6
4.194
4.684
5.053
5.327
5.427
5.36
5.19
4.869
4.321
3.736
3.357
3.116
2.654
1.741
0.646
-0.188
-0.68
-1.032
-1.345
-1.595
-1.747
-1.785
-1.817
-1.953
-2.25
-2.619
-2.919
-3.003
-2.806
-2.216
-1.179
0.265
1.96
3.457
4.327
4.75
5.076
5.271
5.167
4.886
4.767
5.008
5.373
5.455
5.094
4.464
3.719
2.878
1.916
0.921
0.185
-0.104
-0.113
-0.161
-0.274
-0.254
-0.074
0.052
-0.07
-0.354
-0.644
-0.912
-1.222
-1.583
-1.794
-1.649
-1.333
-1.202
-1.297
-1.376
-1.231
-0.948
-0.825
-1.066
-1.508
-1.896
-2.313
-3.094
-4.323
-5.622
-6.553
-7.029
-7.385
-7.871
-8.351
-8.601
-8.762
-9.143
-9.633
-9.824
-9.553
-9.034
-8.605
-8.345
-8.056
-7.566
-6.965
-6.559
-6.469
-6.466
-6.269
-5.958
-5.872
-6.079
-6.174
-5.757
-5.008
-4.42
-4.137
-3.897
-3.67
-3.858
-4.752
-5.995
-6.922
-7.195
-7.079
-7.038
-7.222
-7.39
-7.367
-7.308
-7.444
-7.633
-7.397
-6.526
-5.351
-4.348
-3.62
-2.758
-1.467
-0.025
0.975
1.433
1.737
2.205
2.606
2.558
2.193
2.059
2.454
3.055
3.422
3.522
3.597
3.641
3.357
2.595
1.578
0.689
0.172
-0.016
-0.136
-0.283
-0.256
0.072
0.469
0.58
0.335
-0.061
-0.349
-0.422
-0.313
-0.118
0.1
0.233
0.127
-0.285
-0.889
-1.519
-2.079
-2.604
-3.182
-3.795
-4.405
-4.942
-5.319
-5.48
-5.494
-5.546
-5.852
-6.48
-7.376
-8.444
-9.572
-10.577
-11.189
-11.266
-10.946
-10.613
-10.438
-10.259
-9.876
-9.377
-8.957
-8.685
-8.444
-8.182
-8.043
-8.091
-8.197
-8.231
-8.197
-8.197
-8.173
-8.018
-7.848
-7.814
-7.848
-7.748
-7.353
-6.678
-5.863
-5.135
-4.663
-4.432
-4.064
-3.264
-2.198
-1.216
-0.446
0.283
1.138
2.062
2.887
3.597
4.337
5.151
5.897
6.387
6.618
6.802
7.199
7.821
8.388
8.612
8.497
8.213
7.83
7.24
6.433
5.67
5.314
5.503
5.949
6.329
6.609
6.807
6.77
6.396
5.789
5.121
4.518
4.019
3.561
3.2
3.064
3.189
3.413
3.418
2.996
2.286
1.481
0.637
-0.306
-1.211
-1.737
-1.769
-1.674
-1.891
-2.368
-2.687
-2.695
-2.578
-2.488
-2.327
-1.887
-1.166
-0.474
-0.05
0.235
0.703
1.333
1.921
2.422
2.964
3.559
4.162
4.709
5.16
5.511
5.811
6.174
6.62
7.229
8.175
9.524
11.158
12.793
14.138
14.979
15.331
15.161
14.417
13.321
12.264
11.514
11.074
10.874
10.792
10.688
10.468
10.169
9.93
9.887
10.084
10.332
10.248
9.674
8.839
8.111
7.657
7.281
6.761
6.271
6.072
6.069
6.029
5.965
6.067
6.285
6.292
5.861
5.176
4.507
3.942
3.502
3.239
3.284
3.715
4.398
5.088
5.482
5.477
5.319
5.371
5.759
6.355
7.008
7.657
8.197
8.381
8.082
7.537
7.015
6.568
6.088
5.437
4.729
4.116
3.62
3.114
2.61
2.257
2.132
2.132
2.12
2.109
2.316
2.808
3.407
3.956
4.459
4.854
4.978
4.82
4.641
4.672
4.986
5.462
5.972
6.576
7.324
8.08
8.66
9.019
9.221
9.273
9.297
9.338
9.234
8.83
8.265
7.818
7.576
7.417
7.288
7.265
7.26
6.965
6.288
5.52
4.963
4.91
5.477
6.36
7.26
8.347
9.767
11.167
11.965
12.001
11.457
10.622
9.726
8.785
7.768
7.034
7.169
8.188
9.366
10.003
10.019
9.701
9.236
8.576
7.662
6.807
6.528
6.945
7.505
7.603
7.143
6.433
5.689
5.053
4.686
4.784
5.462
6.559
7.705
8.614
9.118
9.159
8.8
8.195
7.503
6.995
7.061
7.741
8.497
8.789
8.635
8.288
7.614
6.308
4.591
3.339
3.218
4.055
5.049
5.559
5.535
5.203
4.604
3.641
2.479
1.535
1.198
1.499
2.046
2.368
2.454
2.549
2.701
2.726
2.647
2.946
4.053
5.806
7.683
9.286
10.449
11.171
11.59
11.707
11.319
10.4
9.266
8.436
8.34
9.1
10.427
11.692
12.289
11.951
10.924
9.62
8.392
7.383
6.734
6.637
7.015
7.594
8.227
8.803
9.107
9.041
8.746
8.345
7.973
7.893
8.229
8.855
9.599
10.254
10.554
10.316
9.72
9.093
8.52
7.814
6.92
6.179
5.87
5.82
5.611
5.017
4.101
2.994
1.907
1.109
0.866
1.309
2.236
3.18
3.622
3.336
2.504
1.599
0.993
0.591
0.115
-0.454
-0.798
-0.78
-0.614
-0.556
-0.541
-0.372
-0.038
0.387
0.962
1.674
2.302
2.658
2.794
2.908
3.103
3.413
3.921
4.522
4.928
4.997
4.934
4.954
4.956
4.738
4.323
3.888
3.448
2.882
2.116
1.37
0.923
0.814
0.912
1.102
1.218
1.12
0.827
0.435
0.022
-0.274
-0.324
-0.14
0.163
0.544
1.066
1.76
2.445
2.853
2.815
2.465
2.044
1.608
1.1
0.651
0.612
1.045
1.556
1.776
1.651
1.388
1.061
0.646
0.179
-0.144
-0.172
0.163
0.719
1.202
1.445
1.485
1.445
1.437
1.474
1.465
1.39
1.345
1.367
1.37
1.261
1.181
1.347
1.73
2.05
2.034
1.682
1.233
0.795
0.294
-0.333
-1.05
-1.732
-2.3
-2.721
-2.992
-3.11
-3.116
-3.08
-3.028
-2.949
-2.747
-2.422
-2.116
-1.934
-1.871
-1.787
-1.599
-1.324
-1.048
-0.81
-0.589
-0.36
-0.168
-0.092
-0.272
-0.723
-1.204
-1.395
-1.283
-0.979
-0.492
0.188
0.834
1.118
0.895
0.328
-0.238
-0.587
-0.73
-0.734
-0.617
-0.378
-0.09
0.133
0.213
0.152
0.036
-0.038
0
0.086
0.111
0.2
0.451
0.757
0.903
0.739
0.304
-0.188
-0.551
-0.662
-0.465
0.05
0.875
1.986
3.155
3.947
4.099
3.752
3.246
2.713
2.009
1.211
0.628
0.378
0.19
-0.211
-0.749
-1.093
-1.084
-0.941
-0.955
-1.107
-1.116
-0.891
-0.653
-0.626
-0.76
-0.921
-1.113
-1.385
-1.639
-1.834
-1.986
-2.134
-2.318
-2.626
-3.105
-3.704
-4.262
-4.648
-4.888
-4.992
-4.713
-3.951
-3.001
-2.316
-2.068
-2.091
-2.243
-2.515
-2.787
-2.86
-2.572
-1.932
-1.154
-0.396
0.356
1.066
1.621
1.923
1.925
1.691
1.481
1.599
2.044
2.543
2.958
3.375
3.867
4.368
4.734
4.969
5.242
5.68
6.206
6.732
7.288
7.925
8.596
9.063
9.066
8.599
7.977
7.522
7.249
7.013
6.696
6.296
5.888
5.602
5.437
5.217
4.817
4.239
3.52
2.728
2.064
1.728
1.701
1.81
1.873
1.821
1.751
1.773
1.837
1.866
1.891
1.977
2.129
2.298
2.391
2.313
2.105
1.837
1.495
1.007
0.372
-0.279
-0.771
-1.088
-1.331
-1.483
-1.483
-1.292
-1
-0.746
-0.612
-0.53
-0.229
0.454
1.397
2.35
3.127
3.704
4.108
4.3
4.164
3.765
3.375
3.244
3.375
3.561
3.638
3.583
3.5
3.35
3.01
2.472
1.989
1.66
1.399
1.09
0.653
0.188
-0.072
-0.104
-0.159
-0.446
-0.884
-1.29
-1.585
-1.862
-2.086
-2.127
-1.928
-1.682
-1.612
-1.687
-1.706
-1.537
-1.248
-0.979
-0.812
-0.646
-0.344
0.004
0.17
-0.007
-0.437
-0.88
-1.109
-1.077
-0.909
-0.769
-0.71
-0.703
-0.664
-0.576
-0.385
-0.074
0.244
0.39
0.229
-0.083
-0.233
-0.011
0.501
1.073
1.615
2.181
2.824
3.461
3.992
4.359
4.595
4.758
4.91
5.121
5.389
5.686
5.99
6.301
6.652
7.093
7.446
7.472
7.131
6.632
6.199
5.861
5.5
5.114
4.804
4.62
4.484
4.318
4.105
3.871
3.641
3.407
3.066
2.604
2.088
1.604
1.209
0.83
0.365
-0.138
-0.535
-0.83
-1.12
-1.356
-1.406
-1.313
-1.352
-1.639
-2.053
-2.42
-2.806
-3.341
-3.867
-4.073
-3.926
-3.699
-3.643
-3.765
-3.942
-4.103
-4.477
-5.253
-6.124
-6.528
-6.6
-6.832
-6.865
-5.867
-3.953
-2.1
-0.83
0.22
1.424
2.381
2.298
1.216
0.365
0.608
1.168
0.891
0.133
0.068
0.943
2.003
2.608
2.667
2.479
2.515
2.745
2.427
1.175
-0.294
-1.116
-1.261
-1.381
-1.801
-2.079
-1.796
-1.474
-1.955
-2.878
-3.13
-2.649
-2.493
-3.346
-4.589
-5.103
-4.858
-4.65
-4.691
-4.4
-3.45
-2.395
-1.891
-1.869
-1.86
-1.832
-2.148
-3.064
-4.466
-5.65
-5.707
-4.659
-3.702
-3.74
-4.246
-4.205
-3.788
-4.096
-5.357
-6.641
-7.025
-6.537
-5.716
-4.806
-3.733
-2.667
-2.053
-1.975
-2.079
-1.884
-1.256
-0.396
0.569
1.463
1.986
2.098
2.021
1.853
1.492
0.982
0.41
-0.059
-0.281
-0.097
0.68
1.846
2.626
2.413
1.469
0.658
0.437
0.535
0.551
0.632
0.953
1.283
1.32
1.207
1.315
1.592
1.465
0.537
-0.805
-1.767
-1.953
-1.597
-1.218
-1.19
-1.492
-1.914
-2.368
-2.792
-3.136
-3.545
-4.128
-4.665
-4.954
-5.092
-5.325
-5.836
-6.661
-7.616
-8.388
-8.694
-8.54
-8.123
-7.542
-6.909
-6.514
-6.546
-6.92
-7.269
-7.165
-6.603
-5.986
-5.439
-4.656
-3.586
-2.704
-2.465
-2.597
-2.497
-2.027
-1.576
-1.315
-1.095
-0.653
-0.016
0.485
0.582
0.285
-0.142
-0.358
-0.24
-0.057
-0.115
-0.392
-0.628
-0.827
-1.415
-2.52
-3.638
-4.3
-4.505
-4.502
-4.37
-3.944
-3.311
-2.94
-3.11
-3.631
-4.18
-4.734
-5.346
-5.856
-6.038
-5.872
-5.535
-5.325
-5.511
-6.031
-6.566
-7.063
-7.735
-8.689
-9.769
-10.629
-11.001
-10.963
-10.751
-10.359
-9.633
-8.703
-8.041
-7.843
-7.748
-7.281
-6.478
-5.861
-5.818
-6.119
-6.136
-5.618
-4.906
-4.425
-4.253
-4.21
-4.071
-3.878
-3.756
-3.728
-3.626
-3.316
-2.932
-2.647
-2.424
-1.966
-1.084
-0.079
0.446
0.458
0.519
0.893
1.129
0.9
0.68
1.016
1.869
2.776
3.493
4.062
4.511
4.584
4.099
3.291
2.622
2.359
2.438
2.485
2.254
1.834
1.408
0.909
0.083
-1.068
-2.19
-3.08
-3.982
-5.114
-6.212
-6.811
-6.959
-7.156
-7.75
-8.59
-9.299
-9.753
-10.184
-10.858
-11.672
-12.362
-12.816
-13.035
-13.174
-13.408
-13.727
-14.009
-14.281
-14.66
-15.113
-15.451
-15.658
-15.996
-16.569
-17.048
-17.107
-16.894
-16.826
-17.077
-17.389
-17.343
-16.882
-16.152
-15.193
-13.986
-12.629
-11.208
-9.792
-8.388
-7.036
-5.827
-4.924
-4.341
-3.854
-3.189
-2.329
-1.42
-0.614
-0.004
0.474
1.002
1.592
2.152
2.708
3.474
4.477
5.33
5.602
5.275
4.613
3.715
2.543
1.24
0.272
0.081
0.678
1.608
2.27
2.395
2.084
1.545
0.936
0.372
0.074
0.252
0.787
1.3
1.535
1.606
1.71
1.767
1.542
1.081
0.691
0.428
0.138
-0.194
-0.539
-0.866
-1.188
-1.63
-2.161
-2.583
-2.819
-3.082
-3.57
-4.171
-4.481
-4.198
-3.518
-2.903
-2.608
-2.467
-2.159
-1.547
-0.669
0.344
1.361
2.309
3.048
3.339
3.139
2.721
2.324
1.973
1.678
1.539
1.647
2.014
2.467
2.66
2.463
2.084
1.846
1.86
1.986
2.014
1.948
1.946
1.916
1.585
0.984
0.451
0.19
0.15
0.274
0.565
1.086
1.758
2.372
2.858
3.218
3.298
3.019
2.558
2.127
1.841
1.719
1.801
2.175
2.73
3.277
3.638
3.715
3.583
3.316
2.887
2.406
2.1
1.873
1.585
1.306
1.143
1.154
1.24
1.233
1.186
1.2
1.204
1.107
0.953
0.773
0.444
-0.174
-0.979
-1.805
-2.667
-3.561
-4.259
-4.577
-4.645
-4.754
-5.012
-5.316
-5.498
-5.63
-5.997
-6.693
-7.535
-8.206
-8.401
-8.08
-7.603
-7.385
-7.433
-7.474
-7.455
-7.662
-8.213
-8.937
-9.54
-9.785
-9.64
-9.275
-8.839
-8.403
-8.034
-7.805
-7.798
-7.896
-7.782
-7.322
-6.787
-6.469
-6.342
-6.097
-5.539
-4.828
-4.277
-3.917
-3.572
-3.084
-2.47
-1.801
-1.077
-0.32
0.276
0.46
0.2
-0.311
-0.725
-0.819
-0.63
-0.281
0.256
1.034
1.812
2.214
2.159
1.896
1.624
1.309
0.973
0.823
0.957
1.274
1.597
1.662
1.363
0.78
0.1
-0.603
-1.385
-2.25
-3.053
-3.681
-4.132
-4.527
-5.106
-6.004
-7.145
-8.386
-9.513
-10.266
-10.572
-10.545
-10.293
-9.878
-9.504
-9.445
-9.801
-10.418
-11.042
-11.477
-11.722
-11.79
-11.538
-10.842
-9.803
-8.712
-7.802
-7.054
-6.392
-5.874
-5.552
-5.287
-4.852
-4.196
-3.561
-3.268
-3.413
-3.88
-4.543
-5.255
-5.947
-6.428
-6.335
-5.38
-3.756
-2.025
-0.606
0.508
1.626
2.853
3.874
4.398
4.688
5.448
6.839
8.158
8.719
8.56
8.301
8.325
8.438
8.182
7.714
7.698
8.418
9.316
9.694
9.468
9.032
8.594
7.98
7.011
5.845
4.967
4.684
4.67
4.434
3.908
3.389
3.028
2.628
1.905
1
0.426
0.344
0.487
0.658
0.903
1.292
1.68
1.828
1.715
1.624
1.785
2.05
1.994
1.606
1.313
1.413
1.821
2.275
2.547
2.54
2.307
1.785
0.793
-0.646
-2.214
-3.506
-4.387
-4.995
-5.657
-6.576
-7.664
-8.701
-9.647
-10.703
-11.87
-12.854
-13.378
-13.328
-12.757
-12.022
-11.688
-12.04
-12.874
-13.866
-14.914
-15.875
-16.649
-17.322
-17.938
-18.289
-18.16
-17.649
-17.125
-16.89
-16.955
-17.141
-17.375
-17.745
-18.135
-18.177
-17.654
-16.719
-15.653
-14.512
-13.335
-12.206
-11.123
-9.991
-8.807
-7.546
-6.095
-4.414
-2.57
-0.771
0.803
2.057
3.037
3.871
4.695
5.589
6.587
7.572
8.351
8.789
8.678
8.007
7.093
6.378
5.981
5.752
5.607
5.577
5.745
6.045
6.373
6.614
6.648
6.221
5.185
3.849
2.912
2.749
3.144
3.806
4.711
5.82
6.911
7.628
7.68
7.058
6.054
4.949
3.878
2.812
1.853
1.15
0.585
-0.052
-0.862
-1.773
-2.556
-3.086
-3.626
-4.427
-5.407
-6.26
-6.83
-7.201
-7.519
-7.709
-7.569
-7.186
-6.795
-6.362
-5.698
-4.765
-3.749
-2.908
-2.415
-2.152
-1.88
-1.447
-0.898
-0.376
0.118
0.812
1.817
2.785
3.307
3.429
3.489
3.62
3.738
3.697
3.47
3.18
2.928
2.595
2.016
1.25
0.519
-0.045
-0.565
-1.17
-1.896
-2.47
-2.481
-1.884
-1.02
-0.229
0.349
0.696
0.841
0.864
0.873
1.107
1.723
2.538
3.205
3.611
4.069
4.89
5.859
6.421
6.437
6.305
6.403
6.659
6.732
6.539
6.308
6.305
6.442
6.273
5.622
4.695
3.733
2.903
2.307
1.853
1.383
0.959
0.782
0.857
1.007
1.098
1.268
1.753
2.522
3.153
3.3
3.001
2.483
1.869
1.288
0.95
0.903
0.898
0.73
0.444
0.211
0.059
-0.14
-0.496
-0.995
-1.513
-2.082
-2.892
-3.999
-5.214
-6.119
-6.46
-6.542
-6.952
-7.739
-8.342
-8.295
-7.705
-6.95
-6.31
-5.707
-4.906
-3.978
-3.302
-3.001
-2.747
-2.096
-1
0.152
1.027
1.726
2.461
3.144
3.413
3.15
2.663
2.354
2.372
2.463
2.311
2.016
1.875
1.932
1.884
1.376
0.287
-1.134
-2.415
-3.393
-4.135
-4.502
-4.285
-3.543
-2.581
-1.825
-1.461
-1.359
-1.331
-1.268
-1.036
-0.508
0.256
1.016
1.599
1.968
2.155
2.144
1.849
1.245
0.358
-0.737
-1.866
-2.747
-3.155
-3.216
-3.189
-3.177
-3.132
-3.227
-3.674
-4.237
-4.5
-4.45
-4.314
-4.151
-3.778
-2.973
-1.728
-0.422
0.66
1.589
2.619
3.813
5.028
5.932
6.323
6.376
6.46
6.766
7.106
7.147
6.85
6.428
6.002
5.6
5.181
4.677
4.155
3.647
3.144
2.704
2.445
2.465
2.78
3.144
3.264
3.082
2.74
2.3
1.773
1.27
1.027
1.204
1.773
2.602
3.527
4.373
4.928
5.04
4.72
4.164
3.479
2.656
1.741
0.891
0.358
0.233
0.292
0.324
0.328
0.369
0.335
0.05
-0.415
-0.734
-0.653
-0.217
0.376
0.916
1.277
1.463
1.517
1.456
1.311
1.263
1.385
1.606
1.737
1.76
1.878
2.286
2.944
3.726
4.437
4.981
5.423
5.809
6.045
6.04
5.813
5.383
4.824
4.192
3.506
2.851
2.331
2.073
2.188
2.522
2.826
2.98
2.896
2.395
1.487
0.401
-0.544
-1.216
-1.703
-2.125
-2.511
-2.858
-3.118
-3.203
-3.051
-2.721
-2.359
-2.064
-1.819
-1.624
-1.463
-1.268
-0.995
-0.71
-0.521
-0.444
-0.385
-0.279
-0.211
-0.308
-0.508
-0.599
-0.537
-0.483
-0.558
-0.632
-0.463
-0.02
0.649
1.335
1.828
2.03
2.044
1.905
1.599
1.302
1.233
1.461
1.882
2.288
2.561
2.758
2.962
3.123
3.205
3.25
3.363
3.622
4.019
4.47
4.817
4.954
4.919
4.718
4.232
3.466
2.628
1.919
1.411
1.043
0.743
0.556
0.533
0.487
0.188
-0.449
-1.238
-1.962
-2.563
-3.101
-3.672
-4.305
-4.906
-5.377
-5.736
-6.069
-6.36
-6.544
-6.626
-6.714
-6.877
-6.995
-6.977
-6.922
-6.975
-7.156
-7.403
-7.651
-7.925
-8.315
-8.76
-9.145
-9.486
-9.867
-10.316
-10.815
-11.366
-11.933
-12.486
-12.994
-13.453
-13.795
-13.884
-13.757
-13.605
-13.501
-13.137
-11.917
-9.753
-7.516
-6.119
-5.514
-5.028
-4.385
-3.869
-3.591
-3.15
-2.105
-0.515
1.15
2.422
3.164
3.591
3.999
4.298
4.012
3.084
2.336
2.692
4.051
5.403
5.963
5.94
6.002
6.203
5.995
5.287
4.822
5.131
5.754
5.739
4.763
3.393
2.381
1.966
1.755
1.309
0.687
0.396
0.749
1.361
1.619
1.42
1.224
1.265
1.2
0.693
0.018
-0.27
-0.211
-0.313
-0.784
-1.342
-1.796
-2.379
-3.439
-4.949
-6.589
-8.095
-9.393
-10.616
-11.801
-12.718
-13.154
-13.239
-13.385
-13.791
-14.242
-14.48
-14.617
-14.879
-15.238
-15.285
-14.585
-13.201
-11.795
-10.987
-10.709
-10.427
-9.837
-9.277
-9.195
-9.279
-8.952
-8.252
-7.794
-7.902
-8.123
-7.646
-6.192
-4.329
-2.871
-2.088
-1.545
-0.714
0.367
1.118
1.242
1.242
1.864
3.302
4.834
5.689
5.945
6.378
7.297
8.136
8.272
7.852
7.569
7.805
8.279
8.46
8.354
8.429
8.903
9.293
8.932
7.818
6.659
6.124
6.186
6.414
6.564
6.648
6.646
6.349
5.611
4.593
3.554
2.735
2.166
1.732
1.537
1.776
2.316
2.726
2.73
2.547
2.531
2.622
2.524
2.218
2.014
2.132
2.483
2.622
2.266
1.647
1.222
1.179
1.379
1.619
2.007
2.78
3.672
4.119
3.86
3.15
2.431
1.914
1.61
1.463
1.558
1.941
2.495
2.987
3.391
3.89
4.566
5.353
6.069
6.505
6.782
7.277
8.26
9.615
10.917
11.745
11.963
11.736
11.232
10.379
9.209
8.073
7.437
7.446
7.878
8.247
8.288
8.208
8.338
8.674
8.774
8.288
7.46
6.793
6.369
5.882
5.21
4.761
4.978
5.809
6.587
6.854
6.889
7.215
7.88
8.363
8.199
7.476
6.589
5.75
4.776
3.574
2.493
2.109
2.515
3.191
3.622
3.862
4.282
4.899
5.325
5.364
5.394
5.884
6.518
6.578
5.999
5.464
5.342
5.412
5.281
4.906
4.652
4.767
4.954
4.815
4.498
4.294
4.309
4.502
4.802
5.149
5.53
5.967
6.238
6.022
5.323
4.563
4.06
3.933
4.132
4.581
5.333
6.317
7.249
7.909
8.279
8.438
8.508
8.633
8.914
9.384
9.892
10.297
10.531
10.445
9.905
8.943
7.785
6.739
6.074
5.861
6.047
6.568
7.299
7.961
8.215
7.896
7.115
6.288
5.863
5.954
6.167
6.115
5.936
5.947
6.083
6.063
5.836
5.598
5.543
5.607
5.652
5.546
5.296
5.06
5.006
4.969
4.745
4.411
4.212
4.287
4.57
4.91
5.273
5.739
6.177
6.319
6.077
5.611
5.153
4.938
5.194
6.015
7.247
8.619
9.819
10.57
10.797
10.554
10
9.356
8.894
8.733
8.819
9.054
9.275
9.306
9.148
8.955
8.805
8.572
8.186
7.614
6.961
6.381
5.981
5.745
5.593
5.383
4.988
4.425
3.921
3.676
3.631
3.656
3.743
3.883
4.038
4.155
4.312
4.684
5.342
6.072
6.641
7.038
7.385
7.723
7.954
7.975
7.852
7.828
8.043
8.37
8.535
8.39
7.925
7.262
6.496
5.582
4.525
3.674
3.433
3.826
4.464
5.085
5.734
6.537
7.329
7.703
7.383
6.673
6.081
5.818
5.774
5.904
6.299
6.954
7.642
8.063
8.059
7.828
7.712
7.746
7.683
7.324
6.77
6.273
6.024
5.981
5.988
5.99
5.995
5.861
5.389
4.595
3.754
3.198
3.037
3.082
3.051
2.878
2.79
2.978
3.355
3.672
3.778
3.754
3.706
3.55
3.084
2.257
1.252
0.328
-0.292
-0.503
-0.376
-0.016
0.58
1.385
2.181
2.64
2.765
2.771
2.749
2.531
1.991
1.322
0.968
1.07
1.356
1.558
1.626
1.558
1.166
0.258
-0.968
-1.907
-2.073
-1.619
-1.138
-1.007
-1.098
-1.19
-1.274
-1.478
-1.86
-2.198
-2.181
-1.896
-1.753
-1.939
-2.096
-1.853
-1.274
-0.807
-0.81
-1.066
-1.018
-0.594
-0.226
-0.174
-0.242
-0.095
0.204
0.22
-0.308
-1.081
-1.535
-1.456
-1.118
-0.81
-0.521
-0.059
0.544
1.002
1.145
1.22
1.583
2.177
2.615
2.708
2.676
2.803
3.094
3.307
3.246
2.98
2.71
2.47
2.181
1.925
1.869
2.15
2.683
3.116
3.153
2.851
2.476
2.196
1.966
1.834
1.837
1.928
1.934
1.715
1.261
0.739
0.315
0
-0.304
-0.655
-1.088
-1.558
-1.96
-2.202
-2.198
-2.005
-1.866
-1.948
-2.19
-2.556
-3.037
-3.443
-3.556
-3.409
-3.291
-3.275
-2.955
-2.082
-1.016
-0.159
0.63
1.49
2.275
2.717
2.502
1.685
0.943
0.778
0.839
0.596
0.066
-0.374
-0.533
-0.587
-0.921
-1.699
-2.429
-2.483
-2.077
-1.982
-2.298
-2.435
-2.025
-1.367
-1.277
-2.105
-3.084
-3.366
-2.949
-2.388
-1.914
-1.268
-0.272
0.673
1.009
0.716
0.304
0.061
-0.081
-0.276
-0.383
-0.118
0.344
0.392
-0.467
-2.048
-3.588
-4.661
-5.435
-6.092
-6.351
-5.934
-5.081
-4.448
-4.477
-4.942
-5.237
-5.11
-4.893
-4.934
-4.908
-4.192
-2.819
-1.554
-1.102
-1.302
-1.363
-0.959
-0.499
-0.308
-0.07
0.749
2.313
4.035
5.053
5.264
5.242
5.233
4.89
3.949
2.753
2.014
2.138
2.767
3.234
3.336
3.389
3.574
3.769
3.883
4.062
4.427
4.893
5.385
5.884
6.496
7.236
7.814
7.891
7.566
7.229
7.113
7.24
7.544
7.968
8.476
8.873
8.917
8.628
8.165
7.714
7.412
7.288
7.199
6.828
6.065
5.164
4.196
2.921
1.347
-0.07
-0.895
-1.068
-0.934
-0.866
-0.805
-0.485
0.057
0.556
0.823
0.95
1.195
1.712
2.336
2.726
2.706
2.52
2.422
2.295
1.869
1.116
0.439
0.422
1.07
1.791
2.209
2.395
2.427
2.173
1.458
0.428
-0.313
-0.396
-0.031
0.233
0.206
0.131
0.136
0.02
-0.349
-0.834
-1.172
-1.127
-0.73
-0.294
0.018
0.304
0.594
0.787
0.843
0.732
0.565
0.573
0.755
0.882
0.923
1.157
1.658
2.025
1.862
1.224
0.499
-0.081
-0.608
-1.14
-1.433
-1.309
-1.043
-1.011
-1.388
-2.077
-2.817
-3.341
-3.579
-3.586
-3.386
-2.917
-2.225
-1.474
-0.88
-0.444
0.159
1.081
1.936
2.341
2.397
2.481
2.701
2.946
3.046
2.955
2.78
2.59
2.313
1.914
1.558
1.385
1.437
1.78
2.257
2.508
2.47
2.361
2.311
2.248
2.155
2.17
2.538
3.311
4.207
4.817
5.049
5.158
5.355
5.573
5.668
5.724
5.908
6.231
6.514
6.591
6.578
6.72
6.934
6.802
6.208
5.462
4.931
4.577
4.076
3.325
2.66
2.388
2.404
2.284
1.799
1.179
0.798
0.658
0.424
-0.083
-0.606
-0.875
-1.009
-1.474
-2.365
-3.175
-3.389
-3.127
-2.928
-2.876
-2.517
-1.635
-0.612
0.016
0.131
0.016
0.013
0.061
-0.05
-0.272
-0.378
-0.346
-0.322
-0.499
-0.948
-1.452
-1.621
-1.426
-1.175
-1.079
-0.993
-0.703
-0.369
-0.349
-0.667
-0.977
-1.07
-1.161
-1.478
-1.901
-2.1
-2.018
-1.832
-1.649
-1.381
-1.045
-0.764
-0.687
-0.795
-0.943
-0.962
-0.773
-0.51
-0.36
-0.372
-0.435
-0.628
-1.068
-1.703
-2.345
-2.812
-3.048
-3.162
-3.212
-3.164
-2.962
-2.663
-2.381
-2.227
-2.175
-2.155
-2.164
-2.184
-2.193
-2.286
-2.508
-2.769
-2.975
-3.168
-3.331
-3.3
-2.98
-2.413
-1.699
-1.086
-0.782
-0.816
-1.143
-1.694
-2.288
-2.687
-2.778
-2.633
-2.431
-2.322
-2.322
-2.372
-2.377
-2.304
-2.22
-2.155
-1.916
-1.297
-0.399
0.43
1.016
1.469
1.875
2.12
2.066
1.728
1.311
1.018
0.81
0.537
0.294
0.296
0.521
0.641
0.435
0.1
-0.011
0.131
0.209
0.018
-0.281
-0.378
-0.231
-0.054
-0.038
-0.113
-0.179
-0.25
-0.392
-0.632
-0.884
-0.962
-0.864
-0.762
-0.751
-0.81
-0.895
-1.027
-1.279
-1.63
-2.018
-2.413
-2.812
-3.244
-3.783
-4.307
-4.584
-4.531
-4.305
-4.14
-4.082
-3.967
-3.772
-3.769
-4.101
-4.507
-4.648
-4.423
-4.032
-3.688
-3.375
-3.039
-2.756
-2.595
-2.511
-2.42
-2.331
-2.309
-2.374
-2.443
-2.447
-2.324
-2.094
-1.832
-1.719
-1.905
-2.354
-2.873
-3.377
-3.865
-4.318
-4.741
-5.16
-5.559
-5.943
-6.312
-6.614
-6.834
-6.997
-7.099
-7.19
-7.335
-7.462
-7.483
-7.372
-7.163
-6.911
-6.644
-6.364
-6.136
-5.997
-5.917
-5.838
-5.752
-5.707
-5.765
-5.897
-6.008
-6.127
-6.403
-6.941
-7.594
-7.975
-7.921
-7.666
-7.417
-7.122
-6.644
-6.019
-5.457
-5.049
-4.627
-4.116
-3.719
-3.568
-3.539
-3.379
-2.958
-2.348
-1.762
-1.326
-0.959
-0.549
-0.183
0.038
0.217
0.519
0.95
1.42
1.825
2.064
2.134
2.211
2.246
2.103
1.755
1.399
1.233
1.295
1.374
1.333
1.248
1.2
1.222
1.324
1.476
1.691
1.957
2.234
2.465
2.531
2.441
2.343
2.248
2.021
1.547
0.862
0.131
-0.533
-1.168
-1.805
-2.459
-3.203
-4.144
-5.337
-6.728
-8.109
-9.306
-10.364
-11.323
-12.117
-12.675
-13.015
-13.283
-13.645
-14.147
-14.639
-15.061
-15.728
-16.83
-18.023
-18.711
-18.704
-18.35
-17.933
-17.207
-15.828
-14.013
-12.412
-11.423
-10.887
-10.214
-9.316
-8.871
-9.166
-9.681
-9.948
-9.924
-9.746
-9.497
-8.88
-7.635
-6.301
-5.813
-6.36
-7.186
-7.694
-7.843
-7.735
-7.26
-6.335
-4.995
-3.563
-2.583
-2.175
-1.905
-1.449
-0.814
-0.013
1.025
2.365
3.819
4.784
4.745
3.951
3.159
2.869
2.892
2.733
2.311
1.982
2.094
2.393
2.17
1.07
-0.454
-1.656
-2.246
-2.395
-2.307
-1.932
-1.068
0.159
1.05
1.009
0.281
-0.456
-0.886
-1.245
-1.682
-1.817
-1.242
-0.185
0.728
1.113
0.941
0.494
0.147
0.072
0.161
0.356
0.787
1.376
1.841
2.009
1.866
1.449
0.684
-0.528
-2.048
-3.182
-3.246
-2.391
-1.222
-0.109
0.807
1.406
1.558
1.125
0.192
-0.673
-0.893
-0.413
0.322
1.048
1.773
2.461
2.96
3.01
2.397
1.406
0.708
0.848
1.839
3.103
3.976
4.47
4.84
4.897
4.171
2.643
1.023
0.027
-0.32
-0.426
-0.562
-0.632
-0.396
-0.113
-0.337
-1.113
-1.828
-2.003
-1.639
-0.97
-0.165
0.803
1.884
2.767
3.084
2.905
2.576
2.272
1.875
1.313
0.823
0.805
1.465
2.513
3.286
3.4
3.105
2.76
2.456
2.091
1.558
1.005
0.649
0.342
-0.211
-0.959
-1.592
-2.018
-2.452
-3.162
-4.13
-5.081
-5.768
-6.162
-6.349
-6.401
-6.299
-6.077
-5.874
-6.008
-6.687
-7.592
-8.071
-7.959
-7.748
-7.794
-7.864
-7.761
-7.648
-7.709
-7.907
-7.948
-7.519
-6.65
-5.745
-5.225
-5.21
-5.516
-5.929
-6.439
-7.186
-7.989
-8.304
-7.928
-7.279
-7.006
-7.095
-6.936
-6.238
-5.377
-4.838
-4.624
-4.225
-3.27
-2.007
-0.843
0.086
0.843
1.563
2.166
2.307
2.055
1.919
2.111
2.381
2.395
2.118
1.941
2.196
2.628
2.73
2.415
1.986
1.595
0.982
-0.077
-1.417
-2.717
-3.797
-4.648
-5.398
-5.949
-6.038
-5.659
-5.119
-4.663
-4.353
-4.132
-3.956
-3.899
-3.992
-4.112
-4.189
-4.373
-4.84
-5.539
-6.192
-6.63
-7.038
-7.596
-8.32
-9.011
-9.402
-9.366
-9.071
-8.664
-8.19
-7.678
-7.231
-7.093
-7.376
-7.889
-8.415
-8.896
-9.229
-9.213
-8.751
-7.873
-6.732
-5.47
-4.277
-3.218
-2.293
-1.452
-0.646
0.031
0.492
0.691
0.725
0.737
0.705
0.492
0.088
-0.374
-0.76
-1.005
-1.048
-0.743
-0.133
0.415
0.594
0.426
0.057
-0.39
-0.789
-1.036
-1.043
-0.725
-0.072
0.689
1.233
1.506
1.723
1.971
2.211
2.418
2.699
3.273
4.164
5.074
5.682
5.884
5.713
5.162
4.248
3.08
1.86
0.762
-0.042
-0.369
-0.235
0.109
0.396
0.483
0.476
0.519
0.637
0.871
1.306
1.88
2.415
2.844
3.218
3.583
3.833
3.765
3.511
3.5
3.962
4.672
5.285
5.666
5.972
6.276
6.376
5.984
5.126
4.164
3.331
2.406
1.216
-0.063
-1.231
-2.236
-3.2
-4.373
-5.859
-7.449
-8.819
-9.867
-10.742
-11.666
-12.548
-13.181
-13.655
-14.274
-15.131
-16.046
-16.778
-17.214
-17.477
-17.731
-18.012
-18.212
-18.316
-18.484
-18.808
-19.176
-19.335
-19.031
-18.348
-17.654
-17.121
-16.581
-15.971
-15.508
-15.383
-15.435
-15.358
-15.007
-14.487
-13.986
-13.455
-12.577
-11.293
-9.88
-8.533
-7.136
-5.552
-3.867
-2.259
-0.905
0.181
1.272
2.504
3.674
4.57
5.342
6.226
7.347
8.544
9.551
10.304
10.98
11.672
12.124
12.104
11.865
11.865
12.101
12.206
11.938
11.432
10.976
10.651
10.225
9.431
8.32
7.163
6.188
5.407
4.62
3.661
2.617
1.615
0.801
0.194
-0.306
-0.721
-1
-1.331
-1.975
-2.93
-3.947
-4.654
-4.992
-5.173
-5.201
-5.012
-4.711
-4.513
-4.652
-5.14
-5.625
-5.815
-5.757
-5.646
-5.652
-5.704
-5.704
-5.734
-5.936
-6.21
-6.355
-6.188
-5.739
-5.201
-4.668
-4.012
-3.13
-2.025
-0.9
0.172
1.313
2.563
3.76
4.776
5.548
6.269
7.117
7.948
8.438
8.392
7.939
7.405
6.984
6.632
6.301
5.934
5.475
4.949
4.309
3.586
2.969
2.597
2.377
2.198
2.014
1.91
1.96
2.129
2.281
2.324
2.348
2.483
2.728
3.01
3.377
3.876
4.552
5.405
6.223
6.691
6.725
6.355
5.689
4.867
3.949
2.996
2.181
1.517
0.834
-0.011
-1.02
-2.118
-3.125
-3.862
-4.314
-4.527
-4.459
-3.958
-3.08
-2.322
-2.059
-2.109
-2.357
-3.225
-4.897
-6.682
-7.771
-7.945
-7.501
-6.739
-5.394
-3.15
-0.596
1.17
1.966
2.476
3.168
3.767
3.786
2.967
1.608
0.546
0.465
0.859
0.895
0.68
0.684
0.693
0.174
-0.909
-2.068
-2.622
-2.431
-2.186
-2.357
-2.672
-2.654
-2.331
-2.079
-2.066
-2.03
-1.628
-0.755
0.279
0.936
1.088
0.925
0.66
0.48
0.467
0.485
0.428
0.399
0.41
0.235
-0.279
-1.055
-2.077
-3.486
-5.246
-6.925
-7.961
-8.161
-7.589
-6.576
-5.63
-5.04
-4.793
-4.863
-5.158
-5.416
-5.412
-4.963
-3.919
-2.415
-0.855
0.283
0.757
0.619
0.05
-0.632
-0.903
-0.474
0.565
2.001
3.568
5.094
6.478
7.327
7.169
6.058
4.545
3.227
2.538
2.459
2.742
3.194
3.813
4.665
5.48
5.652
4.958
3.854
3.064
2.858
2.962
3.08
3.327
3.919
4.82
5.702
6.177
6.267
6.435
6.766
6.95
6.83
6.632
6.598
6.711
6.612
5.965
4.96
4.123
3.81
3.88
3.915
3.699
3.225
2.395
1.186
-0.302
-1.875
-3.268
-4.273
-4.641
-4.182
-3.084
-1.849
-0.932
-0.539
-0.521
-0.524
-0.396
-0.272
-0.177
0.047
0.553
1.25
1.805
2.032
2.007
2.059
2.45
3.066
3.665
4.298
5.074
5.845
6.279
6.121
5.275
4.005
2.812
1.982
1.456
1.238
1.437
1.946
2.433
2.52
2.034
1.161
0.233
-0.567
-1.213
-1.626
-1.651
-1.183
-0.311
0.716
1.599
2.136
2.205
1.855
1.352
0.973
0.789
0.793
1.029
1.522
2.216
2.946
3.359
3.121
2.218
0.941
-0.352
-1.474
-2.406
-3.116
-3.431
-3.268
-2.89
-2.78
-3.155
-3.728
-4.135
-4.303
-4.325
-4.169
-3.617
-2.563
-1.229
-0.002
0.914
1.537
2.048
2.5
2.799
3.012
3.329
3.74
4.071
4.196
4.187
4.219
4.382
4.468
4.227
3.743
3.37
3.302
3.286
2.984
2.406
1.787
1.233
0.653
0.029
-0.415
-0.408
0.09
0.81
1.397
1.669
1.715
1.647
1.417
1.009
0.635
0.684
1.209
1.805
2.088
2.025
1.808
1.44
0.673
-0.651
-2.259
-3.543
-4.099
-4.105
-3.906
-3.586
-3.125
-2.733
-2.79
-3.495
-4.62
-5.75
-6.711
-7.555
-8.22
-8.56
-8.587
-8.526
-8.633
-9.066
-9.692
-10.154
-10.232
-10.032
-9.826
-9.622
-9.238
-8.649
-8.091
-7.791
-7.766
-7.891
-8.036
-8.236
-8.472
-8.576
-8.472
-8.223
-7.977
-7.93
-8.218
-8.678
-9.023
-9.095
-8.917
-8.488
-7.714
-6.664
-5.689
-5.271
-5.552
-6.186
-6.652
-6.664
-6.188
-5.203
-3.74
-2.082
-0.578
0.553
1.261
1.549
1.583
1.551
1.612
1.791
2.152
2.699
3.286
3.756
3.994
3.988
3.769
3.377
2.914
2.581
2.533
2.851
3.402
3.982
4.464
4.674
4.394
3.613
2.572
1.49
0.601
0.115
0.129
0.433
0.594
0.381
-0.138
-0.757
-1.335
-1.834
-2.205
-2.324
-2.161
-1.98
-2.053
-2.445
-3.132
-4.055
-5.138
-6.326
-7.499
-8.49
-9.204
-9.776
-10.37
-10.963
-11.412
-11.657
-11.84
-12.117
-12.389
-12.419
-12.128
-11.618
-11.019
-10.438
-10.05
-9.937
-10.071
-10.454
-11.008
-11.502
-11.634
-11.223
-10.343
-9.189
-7.887
-6.564
-5.383
-4.475
-3.858
-3.452
-3.125
-2.745
-2.27
-1.651
-0.816
0.226
1.297
2.19
2.792
3.182
3.581
4.144
4.826
5.475
5.995
6.344
6.582
6.714
6.714
6.659
6.607
6.501
6.346
6.24
6.181
6.043
5.763
5.33
4.904
4.645
4.539
4.545
4.652
4.793
4.906
4.958
4.938
4.89
4.861
4.772
4.518
4.144
3.743
3.316
2.975
2.849
2.921
3.014
2.949
2.699
2.343
1.946
1.481
1.061
0.784
0.58
0.346
0.163
0.074
0.04
0.02
-0.027
-0.057
-0.013
0.092
0.299
0.678
1.168
1.617
1.801
1.604
1.118
0.533
-0.063
-0.503
-0.444
0.265
1.508
3.136
4.915
6.478
7.544
8.141
8.506
8.903
9.354
9.874
10.416
10.899
11.219
11.237
10.96
10.529
10.098
9.71
9.463
9.488
9.831
10.436
11.135
11.686
11.976
11.985
11.638
10.892
9.822
8.674
7.761
7.349
7.542
8.275
9.173
9.778
9.935
9.649
9.057
8.325
7.56
6.87
6.285
5.782
5.373
4.949
4.429
3.869
3.327
2.799
2.322
1.946
1.76
1.914
2.504
3.425
4.441
5.192
5.475
5.392
5.185
4.981
4.849
4.917
5.323
5.852
6.019
5.6
4.828
3.969
3.098
2.327
1.871
1.778
1.934
2.202
2.626
3.182
3.62
3.765
3.652
3.125
2.109
1.011
0.369
0.142
0.022
0.217
1.333
3.454
5.75
7.247
8.021
8.998
10.445
11.649
12.25
12.874
14.086
15.717
17.182
17.955
18.051
17.942
17.908
17.715
17.085
16.07
14.944
13.981
13.135
11.956
10.248
8.585
7.56
6.9
6.002
4.99
4.457
4.686
5.271
5.6
5.584
5.52
5.385
4.963
4.35
3.801
3.472
3.452
3.643
3.849
3.926
3.933
3.976
3.969
3.62
3.016
2.676
2.737
2.656
1.975
1.011
0.296
-0.083
-0.276
-0.24
0.104
0.653
1.236
1.737
2.046
2.161
2.4
2.94
3.667
4.321
4.895
5.609
6.696
8.015
9.127
9.871
10.37
10.604
10.618
10.654
10.815
11.1
11.547
12.046
12.434
12.603
12.421
11.815
10.946
10.069
9.254
8.468
7.746
7.192
6.954
7.104
7.383
7.397
7.095
6.8
6.766
7.113
7.757
8.44
9.191
10.137
11.03
11.395
11.1
10.379
9.508
8.714
8.15
7.971
8.106
8.31
8.279
7.832
7.054
6.133
5.155
4.232
3.539
3.021
2.535
2.075
1.776
1.776
1.975
2.196
2.343
2.383
2.316
2.307
2.545
3.086
3.826
4.618
5.214
5.398
5.071
4.459
3.976
3.854
4.144
4.852
5.811
6.784
7.46
7.592
7.172
6.526
5.897
5.321
4.884
4.782
5.169
6.004
6.877
7.338
7.417
7.419
7.374
6.963
6.11
5.133
4.362
3.933
3.892
4.116
4.407
4.732
5.081
5.255
5.149
4.888
4.722
4.77
4.931
5.067
5.199
5.466
5.879
6.174
6.097
5.709
5.371
5.208
5.004
4.505
3.786
3.139
2.567
1.744
0.614
-0.506
-1.283
-1.687
-1.898
-2.152
-2.491
-2.771
-2.91
-3.034
-3.305
-3.641
-3.765
-3.583
-3.289
-3.121
-3.025
-2.658
-1.871
-0.934
-0.27
-0.016
0.059
0.283
0.623
0.807
0.795
0.875
1.216
1.604
1.723
1.515
1.3
1.39
1.66
1.889
2.202
2.685
3.107
3.198
2.964
2.554
2.068
1.645
1.399
1.238
1.007
0.757
0.646
0.787
1.143
1.519
1.839
2.152
2.266
1.941
1.347
0.909
0.853
1.118
1.517
1.962
2.368
2.64
2.543
1.936
0.991
0.013
-0.728
-1.207
-1.626
-2.17
-2.685
-2.826
-2.587
-2.268
-1.944
-1.385
-0.63
-0.061
0.074
-0.102
-0.39
-0.678
-0.948
-1.122
-1.168
-1.07
-0.753
-0.122
0.741
1.633
2.377
2.849
2.919
2.535
1.785
0.871
0.029
-0.474
-0.501
-0.152
0.322
0.73
0.816
0.474
-0.181
-0.893
-1.435
-1.703
-1.674
-1.424
-1.136
-0.991
-1.07
-1.385
-1.891
-2.481
-2.978
-3.22
-3.142
-2.785
-2.248
-1.599
-0.873
-0.15
0.378
0.535
0.358
0.118
0.092
0.328
0.61
0.787
0.88
0.814
0.378
-0.476
-1.499
-2.307
-2.721
-2.758
-2.502
-2.041
-1.42
-0.71
-0.127
0.133
0.206
0.344
0.571
0.669
0.503
0.292
0.181
-0.009
-0.485
-1.222
-1.914
-2.288
-2.229
-1.832
-1.131
-0.109
1.157
2.324
3.012
3.077
2.681
2.075
1.465
0.95
0.635
0.746
1.374
2.246
3.016
3.531
3.851
4.114
4.309
4.248
3.862
3.391
3.134
3.103
3.071
2.96
2.882
2.899
2.903
2.769
2.57
2.631
3.125
3.815
4.385
4.668
4.693
4.607
4.484
4.282
4.017
3.953
4.244
4.631
4.711
4.321
3.547
2.504
1.27
-0.029
-1.188
-1.96
-2.266
-2.19
-1.853
-1.352
-0.805
-0.267
0.215
0.562
0.751
0.886
1.125
1.472
1.819
2.188
2.704
3.366
4.001
4.432
4.579
4.496
4.264
3.988
3.728
3.541
3.311
2.887
2.281
1.697
1.277
1.066
1.036
1.198
1.542
1.939
2.24
2.424
2.581
2.785
2.994
3.173
3.305
3.391
3.375
3.273
3.146
3.08
3.142
3.339
3.586
3.683
3.552
3.239
2.803
2.311
1.875
1.61
1.526
1.574
1.589
1.474
1.254
0.962
0.637
0.29
-0.111
-0.539
-0.945
-1.34
-1.753
-2.12
-2.257
-2.053
-1.599
-1.07
-0.58
-0.107
0.478
1.145
1.723
2.05
2.17
2.152
2.001
1.776
1.635
1.691
1.889
2.098
2.205
2.186
2.129
2.021
1.737
1.292
0.871
0.549
0.283
0.009
-0.292
-0.651
-0.957
-1.052
-0.968
-0.841
-0.628
-0.107
0.743
1.662
2.345
2.867
3.531
4.339
4.965
5.264
5.425
5.663
5.917
6.036
5.999
5.891
5.791
5.602
5.024
3.928
2.558
1.388
0.703
0.465
0.521
0.848
1.524
2.365
2.864
2.572
1.662
0.662
-0.365
-1.624
-2.903
-3.531
-3.186
-2.236
-1.192
-0.192
0.848
1.76
2.2
2.22
2.155
2.309
2.751
3.225
3.411
3.359
3.329
3.318
2.962
1.994
0.741
-0.068
-0.079
0.185
0.031
-0.526
-1.023
-1.413
-2.209
-3.563
-4.834
-5.26
-4.808
-3.949
-2.923
-1.708
-0.456
0.404
0.591
0.144
-0.517
-0.798
-0.342
0.617
1.478
1.894
2.073
2.188
1.875
0.789
-0.725
-1.986
-2.663
-2.892
-2.923
-2.79
-2.554
-2.431
-2.531
-2.785
-3.166
-3.649
-4.11
-4.531
-4.986
-5.292
-5.117
-4.355
-3.377
-2.749
-2.669
-2.853
-3.084
-3.386
-3.733
-3.899
-3.726
-3.253
-2.69
-2.231
-1.948
-1.744
-1.528
-1.385
-1.433
-1.669
-2.014
-2.302
-2.413
-2.522
-2.914
-3.593
-4.219
-4.443
-4.171
-3.539
-2.767
-1.946
-1.222
-0.953
-1.417
-2.35
-3.186
-3.626
-3.654
-3.359
-2.783
-1.916
-0.741
0.594
1.545
1.592
0.827
-0.194
-1.016
-1.499
-1.73
-1.749
-1.395
-0.693
-0.042
0.299
0.326
0.052
-0.603
-1.689
-2.88
-3.611
-3.595
-3.046
-2.281
-1.528
-0.839
-0.311
-0.168
-0.494
-0.982
-1.279
-1.322
-1.245
-1.179
-1.168
-1.227
-1.34
-1.381
-1.302
-1.166
-0.991
-0.757
-0.437
-0.133
0.018
0.05
0.092
-0.011
-0.546
-1.365
-2.014
-2.307
-2.395
-2.388
-2.216
-1.905
-1.721
-1.88
-2.338
-2.964
-3.702
-4.472
-5.038
-5.106
-4.715
-4.337
-4.335
-4.702
-5.21
-5.763
-6.303
-6.678
-6.693
-6.276
-5.516
-4.541
-3.47
-2.483
-1.801
-1.619
-2.012
-2.88
-4.03
-5.151
-5.977
-6.433
-6.594
-6.496
-6.242
-6.063
-6.221
-6.728
-7.327
-7.757
-7.966
-8.075
-8.247
-8.465
-8.508
-8.329
-8.1
-7.878
-7.54
-7.049
-6.496
-6.022
-5.661
-5.38
-5.121
-4.861
-4.722
-4.901
-5.337
-5.752
-5.947
-5.904
-5.784
-5.713
-5.527
-5.123
-4.677
-4.402
-4.255
-4.144
-4.06
-3.901
-3.529
-3.116
-2.975
-3.012
-2.849
-2.474
-2.216
-2.088
-1.701
-0.787
0.296
0.957
1.107
1.202
1.585
2.066
2.298
2.307
2.307
2.259
1.858
1.066
0.181
-0.506
-0.968
-1.37
-1.875
-2.409
-2.669
-2.526
-2.354
-2.593
-3.107
-3.336
-3.069
-2.726
-2.762
-3.046
-3.11
-2.812
-2.493
-2.361
-2.329
-2.288
-2.214
-2.168
-2.293
-2.467
-2.406
-2.003
-1.599
-1.624
-2.079
-2.687
-3.361
-4.259
-5.507
-6.922
-8.123
-8.993
-9.81
-10.772
-11.763
-12.532
-12.94
-13.099
-13.254
-13.493
-13.836
-14.304
-14.9
-15.545
-16.091
-16.356
-16.216
-15.712
-15.057
-14.535
-14.213
-13.85
-13.292
-12.859
-12.879
-13.19
-13.299
-12.992
-12.545
-12.165
-11.679
-10.892
-9.776
-8.533
-7.566
-7.086
-6.909
-6.787
-6.603
-6.371
-6.142
-5.772
-5.074
-4.135
-3.234
-2.561
-1.86
-0.843
0.328
1.22
1.791
2.298
2.842
3.266
3.277
2.844
2.333
2.064
1.998
1.966
1.919
2.016
2.343
2.719
2.88
2.708
2.354
1.982
1.569
1.059
0.658
0.623
0.936
1.333
1.526
1.461
1.268
1.02
0.562
-0.217
-1.084
-1.583
-1.433
-0.814
-0.209
0.154
0.331
0.413
0.374
0.097
-0.433
-0.955
-1.265
-1.313
-1.204
-1.05
-0.769
-0.276
0.356
0.959
1.354
1.578
1.834
2.118
2.234
2.164
2.12
2.24
2.338
2.025
1.179
0.15
-0.662
-1.064
-1.145
-1.057
-0.803
-0.422
-0.136
-0.122
-0.496
-1.15
-1.723
-1.889
-1.732
-1.524
-1.288
-0.825
-0.054
0.687
0.957
0.775
0.603
0.721
1.048
1.429
1.925
2.678
3.622
4.425
4.808
4.697
4.239
3.679
3.175
2.871
2.876
3.184
3.609
3.867
3.715
3.071
2.105
1.12
0.247
-0.573
-1.188
-1.295
-0.714
0.304
1.222
1.78
2.136
2.295
1.939
0.932
-0.326
-1.311
-1.862
-2.198
-2.567
-3.062
-3.645
-4.232
-4.763
-5.303
-5.888
-6.457
-6.857
-7.111
-7.412
-7.864
-8.395
-8.821
-9.109
-9.34
-9.451
-9.299
-8.982
-8.687
-8.468
-8.258
-8.021
-7.728
-7.288
-6.648
-5.795
-4.928
-4.246
-3.67
-3.014
-2.318
-1.785
-1.624
-1.841
-2.313
-2.885
-3.457
-3.89
-4.108
-4.062
-3.758
-3.275
-2.765
-2.288
-1.957
-1.873
-1.923
-1.896
-1.769
-1.554
-1.342
-1.29
-1.431
-1.671
-1.919
-2.032
-1.91
-1.592
-1.17
-0.705
-0.235
0.211
0.535
0.664
0.58
0.279
-0.29
-1.075
-1.951
-2.887
-3.836
-4.732
-5.446
-6.002
-6.539
-7.099
-7.63
-8.143
-8.66
-9.197
-9.715
-10.169
-10.633
-11.316
-12.16
-12.716
-12.757
-12.512
-11.983
-11.135
-10.289
-9.71
-9.059
-8.206
-7.542
-7.108
-6.485
-5.566
-4.828
-4.561
-4.534
-4.257
-3.357
-2.161
-1.42
-1.179
-0.714
-0.018
0.092
-0.601
-1.528
-2.094
-2.018
-1.379
-0.662
-0.287
-0.22
-0.276
-0.521
-1.152
-1.966
-2.37
-1.747
-0.235
1.345
2.495
3.4
4.103
4.112
3.323
2.406
2.088
2.479
3.339
4.346
5.21
5.654
5.444
4.477
2.934
1.338
0.279
0.124
0.719
1.642
2.533
3.236
3.561
3.132
1.977
0.696
-0.136
-0.596
-0.945
-1.148
-1.073
-0.641
0.013
0.401
0.079
-0.644
-1.034
-0.678
0.131
0.841
1.354
1.894
2.517
3.046
3.261
3.168
3.182
3.697
4.665
5.724
6.546
7.224
7.852
8.125
7.818
7.095
6.206
5.441
4.96
4.627
4.525
4.799
5.067
4.856
3.999
2.361
0
-2.701
-5.294
-7.469
-9.132
-10.191
-10.663
-10.876
-11.255
-11.949
-13.07
-14.832
-17.123
-19.412
-20.986
-21.519
-21.346
-20.982
-20.737
-20.761
-21.14
-21.809
-22.73
-23.701
-24.405
-24.352
-23.309
-21.571
-19.743
-18.239
-17.114
-16.283
-15.719
-15.415
-15.215
-14.773
-13.82
-12.353
-10.724
-9.279
-8.104
-7.015
-5.932
-4.786
-3.509
-2.044
-0.294
1.682
3.591
5.083
6.124
6.795
7.163
7.385
7.721
8.338
9.306
10.563
11.763
12.557
12.842
12.714
12.273
11.636
10.944
10.291
9.742
9.279
8.853
8.468
8.154
7.859
7.331
6.31
4.924
3.568
2.495
1.715
1.218
1.061
1.138
1.227
1.138
0.655
-0.261
-1.487
-2.873
-4.364
-5.811
-6.993
-7.78
-8.204
-8.47
-8.83
-9.304
-9.681
-9.928
-10.119
-10.169
-9.967
-9.59
-9.104
-8.418
-7.676
-7.099
-6.535
-5.711
-4.713
-3.747
-2.776
-1.572
-0.129
1.145
1.834
2.055
2.24
2.667
3.307
4.003
4.629
5.225
5.777
6.095
5.967
5.47
4.919
4.443
3.942
3.474
3.431
4.042
5.015
5.856
6.299
6.428
6.337
5.913
5.099
4.128
3.431
3.398
3.99
4.84
5.514
5.865
5.97
5.859
5.491
4.89
4.305
3.999
4.008
4.103
4.064
3.93
3.876
3.897
3.815
3.543
3.121
2.692
2.377
2.148
1.914
1.803
1.925
2.068
1.994
1.691
1.295
0.898
0.589
0.363
0.211
0.224
0.485
0.801
0.868
0.621
0.233
-0.068
-0.226
-0.344
-0.483
-0.587
-0.576
-0.537
-0.703
-1.148
-1.58
-1.803
-1.944
-2.307
-2.93
-3.436
-3.498
-3.234
-2.914
-2.687
-2.649
-2.867
-3.348
-4.051
-4.732
-5.112
-5.06
-4.754
-4.418
-4.182
-3.962
-3.786
-3.917
-4.475
-5.237
-5.724
-5.602
-4.949
-4.099
-3.302
-2.561
-1.706
-0.653
0.322
0.921
1.161
1.254
1.458
1.98
2.728
3.536
4.291
4.849
4.999
4.709
4.259
3.971
3.969
4.087
4.073
3.888
3.645
3.339
2.819
2.138
1.542
1.131
0.945
1.005
1.134
1.111
0.916
0.639
0.326
-0.018
-0.363
-0.671
-0.853
-0.743
-0.406
-0.045
0.276
0.58
0.764
0.569
-0.202
-1.461
-2.832
-3.938
-4.684
-5.212
-5.518
-5.518
-5.366
-5.325
-5.475
-5.67
-5.654
-5.303
-4.709
-3.976
-3.127
-2.229
-1.395
-0.687
-0.013
0.703
1.478
2.181
2.715
3.139
3.611
4.201
4.784
5.185
5.321
5.249
5.128
5.138
5.285
5.473
5.691
5.943
6.186
6.249
5.888
5.108
4.232
3.593
3.261
3.218
3.454
3.938
4.615
5.373
6.049
6.533
6.768
6.865
6.952
7.047
7.136
7.199
7.233
7.327
7.446
7.367
6.936
6.376
5.863
5.266
4.47
3.615
2.88
2.272
1.735
1.281
0.898
0.499
-0.038
-0.682
-1.238
-1.569
-1.728
-1.891
-2.146
-2.307
-2.177
-1.706
-1.048
-0.363
0.252
0.753
1.043
1.19
1.365
1.624
1.821
1.855
1.737
1.617
1.639
1.737
1.741
1.551
1.148
0.553
-0.12
-0.773
-1.333
-1.751
-1.998
-2.064
-1.977
-1.717
-1.277
-0.827
-0.621
-0.793
-1.248
-1.732
-1.986
-1.851
-1.399
-0.753
0.115
1.222
2.415
3.439
4.114
4.507
4.7
4.575
4.069
3.393
2.869
2.697
2.812
3.023
3.236
3.413
3.459
3.155
2.481
1.699
1.129
0.959
1.181
1.639
2.155
2.76
3.489
4.085
4.355
4.298
4.08
3.86
3.613
3.212
2.745
2.488
2.517
2.64
2.64
2.476
2.318
2.336
2.418
2.322
2.025
1.721
1.517
1.254
0.691
-0.197
-1.143
-1.887
-2.35
-2.665
-2.885
-2.946
-2.842
-2.713
-2.787
-3.194
-3.83
-4.423
-4.84
-5.114
-5.335
-5.646
-6.031
-6.215
-6.177
-6.566
-7.603
-8.403
-8.252
-7.741
-7.626
-7.531
-6.748
-5.507
-4.845
-5.392
-6.542
-7.063
-6.784
-6.804
-7.633
-8.193
-7.485
-6.024
-4.861
-4.364
-4.289
-4.273
-4.271
-4.726
-6.017
-7.578
-8.304
-8.004
-7.54
-7.535
-7.773
-7.809
-7.691
-7.93
-8.685
-9.148
-8.351
-6.562
-5.019
-4.414
-4.264
-3.715
-2.633
-1.671
-1.304
-1.088
-0.247
1.154
2.177
2.27
1.889
1.651
1.447
0.73
-0.526
-1.415
-0.893
0.862
2.554
3.25
3.207
3.086
2.923
2.238
0.88
-0.576
-1.211
-0.725
0.213
0.898
1.229
1.429
1.367
0.805
0
-0.354
0.102
1.086
2.038
2.513
2.515
2.495
2.71
2.735
2.141
1.088
0.102
-0.385
-0.322
0.05
0.524
1.098
1.495
0.968
-0.857
-3.466
-5.829
-7.369
-8.125
-8.46
-8.583
-8.51
-8.275
-8.268
-9.05
-10.668
-12.48
-13.948
-14.907
-15.358
-15.358
-15.022
-14.43
-13.757
-13.358
-13.555
-14.179
-14.537
-14.199
-13.573
-13.242
-12.99
-12.104
-10.499
-8.905
-8.063
-7.911
-7.823
-7.306
-6.394
-5.187
-3.445
-1.032
1.44
3.157
3.908
4.044
3.98
3.897
3.717
3.531
3.799
4.854
6.457
7.907
8.726
9.091
9.399
9.66
9.601
9.268
9.025
9.202
9.715
10.182
10.423
10.67
11.108
11.475
11.345
10.744
10.107
9.694
9.349
8.817
8.045
7.277
6.722
6.376
6.183
6.006
5.663
5.187
4.741
4.321
3.781
3.007
2.032
0.927
-0.344
-1.778
-3.077
-3.888
-4.212
-4.452
-4.795
-4.843
-4.185
-3.044
-2.1
-1.808
-2.068
-2.418
-2.561
-2.602
-2.726
-2.837
-2.71
-2.313
-1.875
-1.58
-1.302
-0.836
-0.233
0.34
0.921
1.717
2.824
4.144
5.473
6.685
7.694
8.41
8.887
9.343
9.896
10.434
10.803
10.951
10.985
10.98
11.012
11.221
11.643
12.174
12.705
13.239
13.809
14.333
14.58
14.378
13.814
13.083
12.31
11.588
11.035
10.84
10.976
11.205
11.198
10.792
10.209
9.769
9.513
9.234
8.76
8.065
7.231
6.273
5.183
3.962
2.812
1.96
1.526
1.528
1.862
2.463
3.296
4.219
4.813
4.808
4.377
3.828
3.232
2.606
2.098
1.853
1.88
2.012
2.025
1.875
1.608
1.227
0.617
-0.174
-0.945
-1.376
-1.286
-0.845
-0.363
0.083
0.63
1.254
1.682
1.758
1.685
1.794
2.179
2.84
3.799
5.049
6.469
7.766
8.669
9.141
9.304
9.404
9.644
10.13
10.77
11.366
11.77
11.99
12.044
11.792
11.069
10.123
9.447
9.304
9.603
10.084
10.638
11.25
11.786
11.908
11.412
10.436
9.282
8.229
7.583
7.553
8.086
8.803
9.325
9.422
8.982
8.147
7.215
6.483
6.058
5.774
5.416
5.012
4.806
4.765
4.611
4.178
3.597
3.136
2.94
2.923
2.994
3.162
3.498
3.888
4.038
3.84
3.652
3.847
4.332
4.706
4.893
5.281
6.156
7.227
7.864
7.871
7.653
7.58
7.633
7.54
7.303
7.179
7.335
7.664
7.913
7.989
8.068
8.32
8.531
8.465
8.177
7.93
7.968
8.206
8.295
8.034
7.56
7.025
6.385
5.698
5.176
5.006
5.128
5.257
5.162
4.806
4.364
4.021
3.715
3.352
3.073
3.077
3.463
4.16
4.978
5.793
6.496
7.017
7.31
7.315
6.975
6.469
6.056
5.795
5.518
5.212
5.058
5.123
5.228
5.117
4.791
4.461
4.385
4.575
4.843
5.114
5.371
5.525
5.543
5.548
5.587
5.774
6.244
6.898
7.522
8.034
8.374
8.47
8.32
8.102
7.975
8.052
8.322
8.644
8.846
8.964
9.098
9.168
9.032
8.653
8.127
7.546
6.977
6.509
6.183
5.911
5.607
5.325
5.155
5.065
4.934
4.654
4.201
3.647
3.175
2.873
2.654
2.431
2.318
2.333
2.293
1.934
1.302
0.782
0.812
1.302
1.758
1.891
1.825
1.747
1.595
1.302
0.905
0.549
0.306
0.086
-0.174
-0.34
-0.294
-0.14
-0.109
-0.358
-0.812
-1.245
-1.576
-1.864
-2.132
-2.316
-2.302
-2.032
-1.653
-1.315
-0.984
-0.53
-0.031
0.261
0.435
0.841
1.604
2.488
3.239
3.663
3.674
3.393
3.148
3.125
3.22
3.244
3.194
3.229
3.331
3.348
3.227
3.075
2.928
2.706
2.343
2.003
1.882
1.998
2.186
2.345
2.517
2.735
2.91
2.908
2.812
2.821
2.987
3.182
3.311
3.441
3.611
3.743
3.702
3.241
2.193
0.807
-0.487
-1.68
-3.057
-4.559
-5.772
-6.433
-6.804
-7.227
-7.41
-6.614
-4.82
-3.105
-2.431
-2.52
-2.447
-2.016
-1.986
-2.885
-4.06
-4.341
-3.495
-2.524
-2.259
-2.175
-1.383
0.016
1.055
1.105
0.562
0.342
0.637
0.521
-0.63
-2.071
-2.608
-2.123
-1.449
-1.183
-1.168
-1.002
-0.725
-0.814
-1.395
-1.905
-1.844
-1.376
-0.986
-0.905
-0.973
-0.832
-0.404
0.061
0.256
0.185
0.2
0.553
1.023
1.231
1.143
1.045
1.023
0.757
0.109
-0.231
0.404
1.539
2.064
1.621
0.884
0.489
0.267
-0.299
-1.37
-2.508
-2.98
-2.459
-1.274
-0.133
0.435
0.533
0.573
0.591
0.344
-0.057
-0.118
0.591
1.96
3.266
3.944
4.18
4.4
4.525
4.078
2.882
1.524
0.807
1.055
1.875
2.672
3.157
3.302
3.039
2.318
1.352
0.494
-0.045
-0.281
-0.439
-0.687
-0.921
-0.793
-0.185
0.442
0.337
-0.732
-2.17
-3.123
-3.302
-2.946
-2.316
-1.465
-0.506
0.204
0.358
0.188
0.113
0.129
-0.027
-0.374
-0.628
-0.737
-0.905
-1.383
-2.225
-3.273
-4.049
-4.092
-3.359
-2.295
-1.242
-0.156
0.918
1.492
1.066
-0.036
-0.836
-0.801
-0.385
-0.111
0.372
1.633
3.375
4.745
5.305
5.269
5.088
4.913
4.65
4.362
4.35
4.772
5.421
5.932
6.017
5.637
5.078
4.77
4.779
4.758
4.648
4.741
5.144
5.459
5.314
4.936
4.804
4.997
5.131
5.099
5.271
5.906
6.535
6.553
6.024
5.464
5.081
4.611
3.865
3.132
2.896
3.255
3.806
4.035
3.828
3.357
2.765
2.071
1.181
0.029
-1.011
-1.433
-1.175
-0.714
-0.378
-0.068
0.279
0.27
-0.535
-1.823
-2.667
-2.581
-2.161
-2.22
-2.608
-2.508
-1.635
-0.61
-0.263
-0.696
-1.25
-1.404
-1.315
-1.238
-0.991
-0.296
0.734
1.621
1.853
1.461
1.066
1.202
1.642
1.715
1.306
1.14
1.662
2.254
2.088
1.365
1.07
1.597
2.318
2.543
2.454
2.708
3.359
3.774
3.581
3.127
2.987
3.246
3.459
3.352
3.146
3.325
4.005
4.779
5.099
4.96
4.782
4.693
4.294
3.391
2.438
2.03
2.188
2.359
1.98
1.134
0.454
0.231
0.022
-0.649
-1.542
-1.951
-1.547
-0.741
-0.09
0.317
0.753
1.304
1.651
1.542
1.138
0.825
0.909
1.345
1.849
2.234
2.658
3.234
3.597
3.229
2.177
1.125
0.671
0.764
1.043
1.37
1.941
2.812
3.565
3.708
3.159
2.309
1.569
1.088
0.762
0.506
0.508
1.009
1.887
2.608
2.882
2.885
2.926
2.996
2.91
2.706
2.663
2.892
3.168
3.13
2.631
1.88
1.188
0.689
0.385
0.283
0.444
0.823
1.218
1.388
1.163
0.515
-0.36
-1.245
-2.038
-2.687
-3.037
-3.001
-2.704
-2.377
-2.243
-2.479
-3.021
-3.706
-4.425
-5.069
-5.435
-5.269
-4.5
-3.361
-2.343
-1.799
-1.63
-1.549
-1.658
-2.246
-3.13
-3.654
-3.357
-2.556
-2.046
-2.198
-2.658
-2.992
-3.22
-3.586
-4.135
-4.609
-4.661
-4.264
-3.726
-3.302
-2.984
-2.656
-2.406
-2.454
-2.753
-2.91
-2.59
-1.801
-0.891
-0.281
-0.027
0.142
0.299
0.229
-0.238
-0.909
-1.385
-1.467
-1.326
-1.198
-1.055
-0.859
-0.757
-1.009
-1.608
-2.254
-2.556
-2.388
-1.962
-1.539
-1.1
-0.499
0.138
0.492
0.451
0.197
-0.029
-0.15
-0.202
-0.197
-0.04
0.331
0.719
0.784
0.422
-0.113
-0.467
-0.539
-0.489
-0.451
-0.406
-0.29
-0.185
-0.29
-0.658
-1.145
-1.472
-1.547
-1.431
-1.304
-1.209
-1.148
-1.093
-1.043
-1.034
-1.064
-1.043
-0.893
-0.658
-0.399
-0.092
0.265
0.596
0.821
0.782
0.367
-0.346
-1.254
-2.118
-2.692
-2.932
-3.057
-3.121
-2.98
-2.726
-2.749
-3.279
-4.196
-5.181
-5.934
-6.385
-6.62
-6.676
-6.578
-6.371
-6.183
-6.177
-6.376
-6.664
-6.893
-7.049
-7.163
-7.219
-7.102
-6.784
-6.464
-6.401
-6.67
-7.169
-7.721
-8.115
-8.329
-8.399
-8.26
-7.868
-7.362
-7.054
-7.122
-7.435
-7.739
-7.902
-7.98
-8.011
-7.889
-7.542
-7.088
-6.734
-6.585
-6.533
-6.437
-6.221
-5.872
-5.357
-4.686
-3.917
-3.11
-2.388
-1.916
-1.658
-1.442
-1.202
-1.002
-0.862
-0.58
-0.002
0.764
1.449
1.903
2.075
1.955
1.574
1.029
0.503
0.22
0.279
0.653
1.207
1.732
1.971
1.823
1.315
0.541
-0.317
-1.05
-1.461
-1.379
-0.962
-0.558
-0.322
-0.14
0.063
0.174
0.031
-0.374
-0.845
-1.157
-1.242
-1.111
-0.839
-0.571
-0.43
-0.533
-0.877
-1.361
-1.882
-2.361
-2.776
-3.229
-3.886
-4.763
-5.711
-6.591
-7.227
-7.349
-6.884
-6.219
-5.752
-5.316
-4.65
-4.164
-4.466
-5.314
-5.963
-6.149
-6.247
-6.58
-6.968
-7.086
-6.947
-6.778
-6.772
-7.02
-7.501
-8.154
-8.83
-9.427
-10.009
-10.633
-11.108
-11.219
-11.208
-11.473
-11.894
-12.158
-12.282
-12.358
-12.414
-12.364
-12.2
-12.16
-12.346
-12.482
-12.346
-12.221
-12.414
-12.693
-12.586
-12.069
-11.459
-10.881
-10.275
-9.708
-9.245
-8.787
-8.272
-7.741
-7.186
-6.421
-5.342
-4.309
-3.702
-3.253
-2.604
-2.048
-2.053
-2.687
-3.554
-4.132
-4.255
-4.069
-3.728
-3.307
-2.74
-1.941
-1.105
-0.619
-0.612
-0.793
-0.682
-0.004
1.023
2.129
3.164
3.908
4.285
4.368
4.21
3.938
3.611
3.046
2.298
1.789
1.649
1.737
1.896
2.016
1.896
1.333
0.352
-0.737
-1.678
-2.345
-2.695
-2.76
-2.345
-1.352
-0.296
0.344
0.487
0.32
0.042
-0.279
-0.841
-1.619
-2.181
-2.257
-1.977
-1.747
-1.823
-2.082
-2.207
-2.181
-2.157
-2.146
-1.973
-1.487
-0.903
-0.496
-0.215
0.052
0.086
-0.192
-0.651
-0.995
-0.955
-0.599
-0.2
0.115
0.226
0.079
-0.179
-0.392
-0.517
-0.535
-0.435
-0.129
0.48
1.329
2.327
3.404
4.341
4.881
4.906
4.55
4.119
3.813
3.667
3.649
3.869
4.45
5.233
5.639
5.231
4.325
3.55
3.214
3.223
3.311
3.357
3.463
3.695
3.86
3.752
3.466
3.323
3.386
3.384
3.092
2.572
2.107
1.914
1.86
1.649
1.292
1.038
0.975
0.934
0.671
0.202
-0.124
-0.142
-0.1
-0.274
-0.853
-1.855
-3.114
-4.355
-5.389
-6.169
-6.802
-7.286
-7.564
-7.787
-8.188
-8.792
-9.438
-9.944
-10.125
-9.987
-9.658
-9.364
-9.213
-9.041
-8.667
-8.24
-8.175
-8.562
-8.993
-8.919
-8.31
-7.481
-6.553
-5.47
-4.314
-3.368
-2.932
-3.116
-3.674
-4.266
-4.786
-5.196
-5.262
-4.856
-4.144
-3.583
-3.457
-3.57
-3.536
-3.241
-2.835
-2.533
-2.379
-2.168
-1.701
-1.04
-0.442
-0.054
0.244
0.569
0.775
0.757
0.728
0.898
1.231
1.531
1.662
1.808
2.177
2.558
2.622
2.429
2.281
2.409
2.683
2.651
1.925
0.594
-0.823
-1.821
-2.333
-2.676
-3.023
-3.284
-3.433
-3.69
-4.323
-5.283
-6.242
-7.047
-7.839
-8.667
-9.345
-9.676
-9.672
-9.556
-9.524
-9.568
-9.556
-9.527
-9.69
-10.178
-10.788
-11.128
-10.965
-10.502
-10.134
-10.087
-10.347
-10.794
-11.31
-11.772
-12.015
-11.899
-11.371
-10.561
-9.717
-8.832
-7.802
-6.798
-6.054
-5.55
-5.067
-4.387
-3.556
-2.821
-2.216
-1.567
-0.855
-0.263
0.04
0.109
0.256
0.693
1.338
2.062
2.801
3.524
4.175
4.552
4.432
3.997
3.541
3.209
2.923
2.663
2.656
3.114
3.813
4.368
4.67
4.963
5.462
6.106
6.659
7.081
7.426
7.689
7.771
7.574
7.186
6.757
6.199
5.437
4.65
4.103
3.849
3.74
3.518
3.157
2.84
2.631
2.406
2.046
1.51
0.909
0.512
0.372
0.331
0.235
0.19
0.326
0.537
0.565
0.317
-0.072
-0.383
-0.458
-0.435
-0.471
-0.456
-0.229
0.072
0.172
-0.083
-0.53
-0.803
-0.925
-1.218
-1.791
-2.418
-2.842
-3.134
-3.704
-4.847
-6.346
-7.839
-9.152
-10.273
-11.248
-12.085
-12.872
-13.795
-15.022
-16.49
-18.049
-19.559
-20.954
-22.097
-22.726
-22.796
-22.542
-22.123
-21.605
-21.056
-20.383
-19.57
-18.747
-17.947
-17.085
-16.066
-14.929
-13.77
-12.643
-11.538
-10.513
-9.644
-8.964
-8.36
-7.607
-6.616
-5.611
-4.75
-3.947
-3.094
-2.188
-1.342
-0.535
0.492
1.864
3.37
4.672
5.625
6.329
7.029
7.735
8.17
8.223
8.147
8.19
8.301
8.363
8.451
8.753
9.238
9.56
9.499
9.195
8.9
8.567
7.939
7.088
6.364
5.915
5.537
5.076
4.541
4.087
3.792
3.502
2.934
1.991
0.816
-0.335
-1.335
-2.205
-3.03
-3.799
-4.418
-4.931
-5.57
-6.399
-7.143
-7.417
-7.172
-6.655
-6.197
-5.886
-5.535
-5.024
-4.541
-4.196
-3.836
-3.296
-2.606
-1.957
-1.463
-1.113
-0.88
-0.793
-0.866
-1.036
-1.204
-1.231
-1.055
-0.739
-0.378
0.083
0.78
1.637
2.361
2.812
3.086
3.393
3.728
4.017
4.318
4.811
5.427
5.961
6.194
6.024
5.577
5.155
4.995
5.012
5.01
4.89
4.697
4.434
3.944
3.189
2.363
1.68
1.161
0.723
0.406
0.394
0.712
1.105
1.335
1.415
1.437
1.363
1.029
0.394
-0.433
-1.19
-1.63
-1.68
-1.437
-1.016
-0.546
-0.261
-0.317
-0.454
-0.263
0.233
0.655
0.873
1.272
2.077
2.903
3.293
3.384
3.606
3.985
4.164
3.935
3.513
3.391
3.711
4.03
3.892
3.381
2.84
2.374
1.817
1.059
0.226
-0.365
-0.501
-0.369
-0.487
-0.973
-1.404
-1.313
-0.836
-0.565
-0.871
-1.392
-1.645
-1.671
-1.767
-1.951
-1.953
-1.703
-1.458
-1.508
-1.832
-2.266
-2.626
-2.923
-3.35
-3.819
-3.883
-3.339
-2.552
-2.24
-2.669
-3.277
-3.5
-3.522
-3.774
-4.237
-4.518
-4.37
-4.06
-4.001
-4.257
-4.405
-4.064
-3.425
-2.955
-2.86
-2.79
-2.318
-1.537
-1.107
-1.408
-1.977
-2.114
-1.787
-1.461
-1.404
-1.399
-1.023
-0.247
0.392
0.449
0.133
-0.179
-0.474
-0.841
-1.163
-1.081
-0.463
0.376
0.889
0.845
0.476
0.142
0.007
0.111
0.539
1.3
2.254
3.153
3.719
3.971
4.187
4.448
4.543
4.368
4.017
3.758
3.797
4.049
4.309
4.627
5.053
5.362
5.287
4.756
3.94
3.18
2.86
3.157
3.74
4.073
4.026
3.88
3.772
3.661
3.518
3.339
3.207
3.148
2.973
2.461
1.762
1.3
1.347
1.73
2.009
2.046
2.046
2.277
2.631
2.747
2.595
2.543
2.842
3.381
3.801
3.801
3.472
3.116
3.037
3.327
3.824
4.142
4.049
3.656
3.094
2.504
1.991
1.506
0.95
0.387
0.018
-0.079
-0.036
-0.038
-0.027
0.261
0.884
1.472
1.645
1.411
1.179
1.236
1.426
1.549
1.651
1.825
2.064
2.295
2.37
2.293
2.246
2.286
2.222
1.851
1.218
0.549
0.111
-0.027
-0.045
-0.02
0.161
0.506
0.737
0.53
-0.15
-0.903
-1.324
-1.363
-1.17
-0.789
-0.313
0.109
0.387
0.503
0.594
0.905
1.297
1.437
1.265
0.966
0.843
1.122
1.689
2.12
2.125
1.93
1.862
1.832
1.567
1.248
1.3
1.796
2.377
2.695
2.724
2.678
2.617
2.259
1.417
0.358
-0.32
-0.34
0.007
0.337
0.626
1.157
2.034
2.973
3.433
3.339
3.148
3.264
3.568
3.702
3.574
3.418
3.543
3.767
3.506
2.517
1.302
0.503
0.194
-0.02
-0.433
-0.909
-1.143
-1.095
-1.207
-1.791
-2.543
-2.899
-2.842
-2.828
-3.125
-3.42
-3.329
-3.127
-3.366
-4.073
-4.682
-4.75
-4.353
-3.908
-3.683
-3.547
-3.329
-3.142
-3.289
-3.98
-4.91
-5.457
-5.414
-5.223
-5.273
-5.405
-5.29
-5.026
-5.081
-5.691
-6.496
-6.943
-6.954
-6.893
-6.938
-6.925
-6.714
-6.521
-6.682
-7.177
-7.594
-7.671
-7.501
-7.333
-7.151
-6.768
-6.156
-5.527
-5.21
-5.327
-5.641
-5.838
-5.856
-5.797
-5.695
-5.383
-4.704
-3.951
-3.631
-3.838
-4.314
-4.876
-5.487
-6.115
-6.65
-6.852
-6.55
-5.791
-4.784
-3.86
-3.209
-2.797
-2.418
-2.038
-1.844
-1.846
-1.751
-1.313
-0.571
0.211
0.823
1.306
1.764
2.123
2.205
1.973
1.712
1.805
2.379
3.092
3.556
3.728
3.756
3.643
3.309
2.78
2.284
2.066
2.064
1.964
1.583
1.095
0.696
0.392
-0.016
-0.635
-1.292
-1.706
-1.789
-1.703
-1.719
-1.837
-1.891
-1.875
-1.964
-2.231
-2.685
-3.253
-3.928
-4.732
-5.485
-5.929
-6.065
-6.219
-6.628
-7.188
-7.712
-8.104
-8.427
-8.839
-9.408
-9.985
-10.377
-10.586
-10.817
-11.187
-11.573
-11.84
-12.028
-12.253
-12.48
-12.489
-12.16
-11.622
-11.144
-10.858
-10.772
-10.74
-10.559
-10.062
-9.245
-8.152
-6.925
-5.689
-4.545
-3.588
-2.826
-2.116
-1.304
-0.417
0.424
1.113
1.637
2.107
2.651
3.377
4.296
5.292
6.179
6.825
7.245
7.476
7.519
7.347
7.099
6.993
7.047
7.049
6.8
6.296
5.806
5.67
6.031
6.732
7.51
8.134
8.49
8.535
8.256
7.739
7.24
6.979
6.984
7.09
7.093
6.909
6.537
5.913
5.04
4.078
3.248
2.615
2.1
1.606
1.143
0.778
0.61
0.635
0.764
0.834
0.739
0.48
0.168
-0.077
-0.181
-0.068
0.385
1.088
1.726
2.032
1.923
1.533
1.057
0.623
0.439
0.68
1.322
2.105
2.812
3.461
4.175
4.917
5.539
5.979
6.247
6.387
6.505
6.628
6.743
6.934
7.206
7.433
7.429
7.167
6.852
6.687
6.763
7.093
7.566
8.138
8.821
9.513
10
10.204
10.223
10.284
10.536
10.892
11.196
11.398
11.507
11.473
11.345
11.31
11.459
11.733
11.961
11.972
11.634
10.946
9.976
8.719
7.236
5.7
4.285
3.118
2.357
2.057
2.12
2.476
3.077
3.719
4.125
4.248
4.303
4.387
4.379
4.21
3.938
3.645
3.225
2.454
1.51
0.912
0.812
1.02
1.485
2.214
3.11
4.096
4.978
5.5
5.854
6.16
6.113
5.575
4.854
4.251
3.978
4.164
4.505
4.543
4.45
4.674
4.997
4.913
4.776
5.305
6.609
8.202
9.377
9.792
9.869
9.933
9.763
9.356
9.238
9.871
11.189
12.664
13.686
13.954
13.56
12.866
12.144
11.395
10.715
10.545
11.121
12.058
12.605
12.369
11.668
10.799
9.647
8.17
6.763
5.829
5.448
5.482
5.675
5.677
5.346
4.72
3.828
2.645
1.415
0.617
0.585
1.242
2.161
2.984
3.649
3.967
3.69
3.053
2.454
2.17
2.422
3.146
3.86
4.3
4.691
4.997
4.919
4.37
3.55
2.878
2.73
3.144
3.822
4.711
5.963
7.227
7.937
7.998
7.58
6.852
6.174
5.924
6.054
6.487
7.327
8.356
9.213
9.696
9.731
9.408
9.084
9.109
9.599
10.318
10.853
11.103
11.182
11.119
10.726
9.941
8.984
8.211
7.601
7.02
6.594
6.455
6.582
6.952
7.376
7.54
7.44
7.329
7.303
7.335
7.349
7.437
7.726
8.141
8.383
8.301
8.059
7.957
7.986
7.909
7.73
7.555
7.297
6.915
6.405
5.829
5.557
5.716
5.943
5.904
5.532
5.053
4.711
4.398
3.883
3.277
2.908
3.019
3.539
4.032
4.223
4.248
4.344
4.598
4.826
4.888
4.949
5.203
5.561
5.797
5.765
5.691
6.015
6.637
6.934
6.664
6.229
6.038
6.049
5.888
5.503
5.246
5.455
5.952
6.256
6.188
5.958
5.77
5.537
5.085
4.357
3.579
3.171
3.207
3.352
3.418
3.539
3.919
4.581
5.164
5.264
4.942
4.65
4.572
4.468
4.296
4.348
4.741
5.108
5.094
4.622
3.826
3.044
2.352
1.508
0.419
-0.594
-1.3
-1.712
-2.068
-2.654
-3.298
-3.563
-3.489
-3.495
-3.733
-3.928
-3.788
-3.27
-2.749
-2.578
-2.549
-2.184
-1.495
-1.02
-1
-0.977
-0.53
0.183
0.751
0.955
0.921
0.921
0.953
0.714
0.209
-0.238
-0.337
-0.063
0.306
0.439
0.378
0.424
0.671
0.886
0.834
0.553
0.36
0.401
0.578
0.769
1.043
1.449
1.83
1.928
1.778
1.599
1.587
1.744
2.027
2.413
2.851
3.171
3.266
3.116
2.832
2.57
2.404
2.293
2.254
2.281
2.277
2.134
1.841
1.458
1.007
0.494
-0.07
-0.621
-1.105
-1.397
-1.306
-0.805
-0.113
0.485
0.805
0.836
0.678
0.41
0.025
-0.446
-0.793
-0.821
-0.567
-0.252
-0.111
-0.204
-0.428
-0.637
-0.734
-0.73
-0.723
-0.762
-0.766
-0.714
-0.757
-1
-1.331
-1.635
-2.016
-2.649
-3.422
-3.901
-3.897
-3.693
-3.57
-3.527
-3.463
-3.418
-3.586
-4.08
-4.718
-5.155
-5.16
-4.754
-4.21
-3.752
-3.391
-2.942
-2.361
-1.81
-1.383
-0.973
-0.34
0.537
1.417
2.134
2.74
3.325
3.733
3.76
3.377
2.817
2.216
1.476
0.544
-0.383
-0.984
-1.19
-1.177
-1.148
-1.152
-1.084
-0.843
-0.599
-0.442
-0.181
0.34
1.036
1.592
1.653
1.292
0.993
0.97
0.95
0.667
0.354
0.401
0.934
1.563
1.776
1.474
0.966
0.485
-0.068
-0.857
-1.737
-2.275
-2.218
-1.737
-1.24
-0.889
-0.585
-0.324
-0.247
-0.439
-0.757
-0.873
-0.603
-0.068
0.499
0.953
1.333
1.749
2.053
2.007
1.751
1.78
2.348
3.214
4.035
4.774
5.627
6.571
7.286
7.546
7.451
7.424
7.621
7.712
7.478
7.131
6.956
6.954
6.832
6.362
5.652
5.024
4.636
4.305
3.828
3.268
2.86
2.681
2.5
2.12
1.678
1.481
1.578
1.767
1.93
2.225
2.745
3.3
3.602
3.5
3.112
2.656
2.279
2.007
1.778
1.56
1.352
1.075
0.61
-0.165
-1.224
-2.302
-3.082
-3.468
-3.579
-3.561
-3.341
-2.812
-2.136
-1.628
-1.361
-1.159
-0.916
-0.689
-0.533
-0.349
-0.002
0.546
1.192
1.735
2.155
2.543
2.867
3.048
3.039
2.91
2.792
2.733
2.701
2.721
2.785
2.894
3.069
3.255
3.339
3.307
3.316
3.468
3.586
3.359
2.882
2.513
2.383
2.372
2.431
2.645
3.107
3.62
3.951
4.069
4.064
4.028
4.051
4.094
4.121
4.114
3.992
3.679
3.212
2.633
2.032
1.492
1.011
0.551
0.086
-0.401
-0.857
-1.143
-1.277
-1.381
-1.589
-1.971
-2.441
-2.953
-3.572
-4.219
-4.654
-4.711
-4.446
-4.069
-3.731
-3.379
-2.887
-2.272
-1.737
-1.545
-1.592
-1.533
-1.392
-1.447
-1.737
-1.923
-1.669
-1.011
-0.274
0.419
1.272
2.35
3.334
3.897
4.128
4.464
5.114
5.954
6.734
7.308
7.646
7.916
8.22
8.351
8.202
8.086
8.281
8.529
8.397
7.855
7.324
7.075
6.941
6.596
6.034
5.634
5.652
5.793
5.672
5.31
4.867
4.448
4.03
3.502
2.899
2.452
2.236
2.057
1.723
1.166
0.541
0.061
-0.27
-0.723
-1.44
-2.3
-3.121
-3.849
-4.541
-5.173
-5.57
-5.639
-5.507
-5.351
-5.19
-4.945
-4.659
-4.548
-4.884
-5.593
-6.294
-6.687
-6.763
-6.58
-6.217
-5.743
-5.221
-4.724
-4.332
-4.06
-3.797
-3.493
-3.173
-2.842
-2.465
-2.059
-1.647
-1.263
-1.036
-1.075
-1.331
-1.617
-1.747
-1.633
-1.37
-1.213
-1.372
-1.721
-1.919
-1.864
-1.732
-1.697
-1.619
-1.331
-0.895
-0.601
-0.521
-0.385
0.016
0.51
0.787
0.782
0.737
0.793
0.853
0.728
0.469
0.242
0.111
-0.054
-0.401
-0.975
-1.712
-2.42
-2.973
-3.427
-3.801
-4.021
-4.053
-4.105
-4.405
-4.976
-5.535
-5.732
-5.487
-4.94
-4.298
-3.636
-3.014
-2.585
-2.513
-2.687
-2.812
-2.674
-2.37
-2.105
-1.989
-1.975
-2.018
-2.068
-2.186
-2.388
-2.585
-2.733
-2.801
-2.713
-2.465
-2.062
-1.554
-1.116
-0.81
-0.56
-0.224
0.156
0.426
0.587
0.807
1.175
1.526
1.689
1.697
1.73
1.837
1.896
1.896
2.007
2.313
2.643
2.79
2.73
2.506
2.114
1.506
0.728
-0.059
-0.739
-1.322
-1.83
-2.211
-2.393
-2.4
-2.331
-2.286
-2.354
-2.538
-2.737
-2.975
-3.331
-3.754
-4.128
-4.434
-4.745
-5.171
-5.641
-5.906
-5.813
-5.437
-4.988
-4.695
-4.579
-4.496
-4.411
-4.439
-4.552
-4.631
-4.604
-4.552
-4.627
-4.908
-5.364
-5.952
-6.55
-7.079
-7.519
-7.952
-8.392
-8.737
-8.978
-9.252
-9.542
-9.674
-9.606
-9.538
-9.583
-9.653
-9.553
-9.202
-8.701
-8.227
-7.761
-7.179
-6.478
-5.809
-5.246
-4.779
-4.366
-3.956
-3.552
-3.212
-2.944
-2.69
-2.381
-2.125
-2.055
-2.032
-1.936
-1.921
-2.238
-2.973
-3.822
-4.402
-4.591
-4.472
-4.175
-3.733
-3.142
-2.395
-1.63
-0.97
-0.385
0.204
0.712
1.027
1.154
1.188
1.213
1.27
1.367
1.524
1.676
1.767
1.715
1.411
0.877
0.29
-0.129
-0.261
-0.25
-0.285
-0.451
-0.712
-0.957
-1.07
-1.075
-1.157
-1.502
-2.088
-2.799
-3.461
-3.947
-4.253
-4.379
-4.309
-4.146
-4.032
-4.096
-4.329
-4.668
-5.112
-5.784
-6.716
-7.768
-8.66
-9.293
-9.755
-10.128
-10.397
-10.502
-10.443
-10.499
-10.942
-11.761
-12.607
-13.087
-13.135
-12.968
-12.772
-12.625
-12.568
-12.699
-13.201
-14.063
-14.938
-15.331
-15.127
-14.644
-14.217
-13.755
-13.047
-12.165
-11.343
-10.697
-10.117
-9.361
-8.472
-7.712
-7.167
-6.609
-5.949
-5.319
-4.919
-4.82
-4.897
-4.999
-5.16
-5.45
-5.797
-5.929
-5.707
-5.281
-4.89
-4.62
-4.407
-3.997
-3.214
-2.272
-1.445
-0.68
0.133
0.936
1.635
2.205
2.663
3.021
3.334
3.683
4.071
4.434
4.697
4.786
4.648
4.327
3.926
3.506
3.103
2.613
1.887
1.025
0.283
-0.217
-0.517
-0.651
-0.703
-0.807
-0.984
-1.254
-1.556
-1.778
-1.799
-1.578
-1.233
-0.916
-0.73
-0.749
-0.909
-1.113
-1.283
-1.395
-1.361
-1.093
-0.676
-0.349
-0.213
-0.115
0.083
0.337
0.537
0.667
0.803
0.988
1.202
1.367
1.395
1.233
0.898
0.401
-0.133
-0.582
-0.921
-1.07
-0.873
-0.274
0.549
1.354
1.971
2.388
2.71
2.984
3.209
3.377
3.425
3.289
3.06
2.885
2.81
2.832
2.978
3.207
3.457
3.652
3.695
3.541
3.277
3.069
2.971
2.86
2.587
2.166
1.665
1.229
1.032
1.061
1.172
1.347
1.517
1.502
1.204
0.635
-0.07
-0.651
-0.914
-0.807
-0.474
-0.109
0.165
0.399
0.612
0.687
0.471
0.066
-0.315
-0.582
-0.886
-1.35
-1.951
-2.483
-2.74
-2.78
-2.928
-3.427
-4.237
-5.14
-5.94
-6.501
-6.798
-6.82
-6.573
-6.183
-5.924
-5.934
-6.169
-6.455
-6.659
-6.632
-6.281
-5.637
-4.899
-4.346
-4.148
-4.232
-4.457
-4.722
-4.917
-4.861
-4.595
-4.314
-4.119
-4.092
-4.257
-4.457
-4.581
-4.767
-5.187
-5.752
-6.165
-6.215
-5.908
-5.394
-4.763
-4.071
-3.386
-2.803
-2.422
-2.234
-2.136
-2.098
-2.107
-2.227
-2.463
-2.737
-3.034
-3.466
-4.035
-4.572
-4.861
-4.788
-4.414
-3.874
-3.198
-2.324
-1.497
-1.113
-1.229
-1.889
-3.411
-5.675
-7.857
-9.227
-9.556
-9.054
-8.247
-7.262
-5.774
-4.178
-3.47
-3.674
-3.797
-3.407
-3.098
-3.509
-4.505
-5.383
-5.518
-5.006
-4.668
-4.949
-5.225
-4.978
-4.602
-4.729
-5.412
-6.115
-6.138
-5.48
-5.078
-5.507
-6.206
-6.331
-5.707
-4.917
-4.531
-4.468
-4.312
-4.001
-3.933
-4.323
-4.772
-4.861
-4.659
-4.398
-4.123
-3.862
-3.576
-3.116
-2.552
-2.211
-2.071
-1.747
-1.202
-0.97
-1.383
-1.925
-1.855
-1.168
-0.326
0.435
1.252
2.17
2.88
3.089
2.934
2.869
3.148
3.69
4.337
4.931
5.425
5.877
6.262
6.369
6.019
5.418
4.901
4.627
4.561
4.613
4.724
5.126
5.913
6.533
6.387
5.511
4.271
3.023
1.953
0.991
0.115
-0.471
-0.614
-0.424
-0.142
0.011
-0.192
-0.927
-1.955
-2.79
-3.311
-3.626
-3.574
-2.871
-1.465
0.358
2.005
3.066
3.556
3.581
3.146
2.359
1.51
0.855
0.39
-0.036
-0.458
-0.903
-1.408
-1.907
-2.361
-2.826
-3.336
-3.951
-4.826
-5.859
-6.863
-7.909
-9.127
-10.408
-11.389
-11.844
-12.017
-12.196
-12.455
-12.749
-12.922
-12.87
-12.886
-13.396
-14.322
-15.131
-15.533
-15.63
-15.597
-15.399
-14.925
-14.252
-13.675
-13.371
-13.172
-12.775
-12.18
-11.774
-11.768
-11.942
-11.931
-11.398
-10.411
-9.488
-8.911
-8.336
-7.39
-6.264
-5.518
-5.453
-5.657
-5.57
-5.225
-5.171
-5.516
-5.618
-4.863
-3.57
-2.431
-1.531
-0.465
0.934
2.309
3.146
3.452
3.647
4.021
4.391
4.572
4.686
5.024
5.616
6.063
5.949
5.29
4.439
3.643
2.842
1.846
0.834
0.333
0.703
1.567
2.136
2.057
1.687
1.383
1.036
0.385
-0.437
-0.9
-0.606
0.209
0.916
1.342
1.739
2.184
2.357
1.887
0.855
-0.172
-0.689
-0.819
-1.145
-1.844
-2.3
-1.93
-1.02
-0.392
-0.478
-0.932
-1.12
-0.968
-0.948
-1.277
-1.574
-1.426
-0.907
-0.433
-0.226
-0.072
0.238
0.508
0.444
0.15
0.086
0.435
0.916
1.113
0.934
0.832
1.277
2.157
2.93
3.286
3.436
3.711
3.982
3.91
3.52
3.214
3.25
3.45
3.483
3.311
3.146
3.098
3.019
2.602
1.682
0.619
-0.152
-0.689
-1.242
-1.712
-1.671
-0.905
0.254
1.268
1.851
2.073
2.166
2.146
1.837
1.431
1.359
1.787
2.485
3.019
3.157
3.098
3.08
2.98
2.522
1.744
0.988
0.526
0.299
-0.063
-0.821
-1.678
-2.075
-1.96
-1.873
-2.012
-1.91
-1.245
-0.311
0.39
0.725
1.048
1.642
2.397
3.101
3.579
3.854
4.064
4.196
4.114
3.79
3.327
2.76
2.062
1.14
0.122
-0.671
-1.038
-1.018
-0.749
-0.519
-0.478
-0.614
-0.984
-1.739
-2.801
-3.799
-4.407
-4.641
-4.706
-4.659
-4.366
-3.756
-2.946
-2.2
-1.68
-1.254
-0.669
0.025
0.637
1.116
1.624
2.279
2.882
3.096
2.799
2.064
1.066
0.09
-0.721
-1.408
-1.801
-1.723
-1.354
-1.14
-1.309
-1.747
-2.25
-2.721
-3.232
-3.695
-3.988
-4.078
-4.049
-4.078
-4.171
-4.105
-3.67
-2.978
-2.286
-1.656
-0.966
-0.25
0.354
0.789
1.061
1.15
1.029
0.723
0.294
-0.077
-0.172
-0.054
0.05
-0.042
-0.442
-1.098
-1.755
-2.214
-2.615
-3.162
-3.763
-4.114
-4.069
-3.67
-3.103
-2.633
-2.42
-2.359
-2.302
-2.243
-2.298
-2.52
-2.758
-2.704
-2.157
-1.188
-0.057
1.098
2.2
3.255
4.225
5.062
5.832
6.539
6.986
7.041
6.8
6.399
5.965
5.648
5.546
5.713
6.147
6.591
6.807
6.802
6.582
6.083
5.344
4.634
4.277
4.359
4.688
5.065
5.421
5.772
6.153
6.439
6.426
6.045
5.303
4.411
3.767
3.645
3.997
4.661
5.371
5.772
5.659
5.092
4.298
3.425
2.585
1.896
1.476
1.347
1.376
1.238
0.775
0.154
-0.36
-0.701
-0.93
-1.057
-1.029
-0.805
-0.424
0.016
0.383
0.653
0.912
1.14
1.207
1.07
0.973
1.134
1.513
1.86
2.086
2.231
2.318
2.293
2.071
1.645
1.188
0.932
0.923
0.986
0.886
0.489
-0.09
-0.617
-1.036
-1.383
-1.63
-1.747
-1.717
-1.645
-1.653
-1.764
-1.916
-2.007
-2.021
-1.914
-1.674
-1.37
-1.032
-0.549
0.177
1.061
1.944
2.71
3.331
3.795
4.03
4.069
4.032
4.073
4.248
4.443
4.591
4.713
4.72
4.459
4.051
3.797
3.792
3.874
3.892
3.826
3.804
3.856
3.883
3.74
3.409
3.055
2.812
2.597
2.225
1.687
1.166
0.827
0.608
0.294
-0.124
-0.501
-0.789
-1.018
-1.259
-1.583
-2.018
-2.495
-3.016
-3.833
-5.144
-6.65
-7.789
-8.318
-8.39
-8.204
-7.805
-7.008
-5.852
-4.869
-4.382
-4.13
-3.715
-3.121
-2.567
-2.216
-1.982
-1.515
-0.614
0.471
1.195
1.25
0.851
0.267
-0.578
-1.932
-3.688
-5.319
-6.371
-7.058
-7.9
-8.921
-9.647
-9.792
-9.56
-9.327
-9.259
-9.279
-9.282
-9.291
-9.316
-9.39
-9.463
-9.358
-8.896
-8.138
-7.329
-6.614
-5.997
-5.494
-5.246
-5.223
-5.214
-5.033
-4.709
-4.491
-4.481
-4.541
-4.516
-4.325
-3.994
-3.756
-3.738
-3.754
-3.531
-3.069
-2.583
-2.179
-1.755
-1.163
-0.463
0.097
0.408
0.71
1.163
1.61
1.839
1.923
2.15
2.613
3.069
3.205
3.051
2.955
3.182
3.522
3.647
3.586
3.665
4.09
4.704
5.178
5.262
4.965
4.541
4.14
3.69
3.025
2.141
1.288
0.612
0.077
-0.439
-0.986
-1.495
-1.864
-2.082
-2.146
-2.214
-2.504
-3.037
-3.722
-4.496
-5.468
-6.63
-7.676
-8.342
-8.674
-8.807
-8.819
-8.653
-8.36
-8.225
-8.524
-9.213
-10.062
-10.98
-12.008
-13.085
-13.961
-14.445
-14.637
-14.728
-14.714
-14.537
-14.331
-14.315
-14.506
-14.673
-14.508
-14.009
-13.326
-12.525
-11.532
-10.209
-8.587
-6.804
-5.04
-3.481
-2.136
-0.903
0.2
1.05
1.678
2.277
3.077
4.132
5.26
6.292
7.227
8.065
8.664
9.023
9.277
9.477
9.542
9.481
9.343
9.109
8.76
8.252
7.766
7.642
7.95
8.403
8.798
9.236
9.603
9.551
9.021
8.395
8.082
8.123
8.277
8.313
8.186
7.948
7.651
7.414
7.242
6.979
6.523
5.917
5.242
4.346
3.082
1.671
0.528
-0.204
-0.769
-1.399
-2.136
-2.892
-3.708
-4.607
-5.387
-5.634
-5.192
-4.314
-3.42
-2.762
-2.379
-2.148
-1.869
-1.476
-1.105
-0.823
-0.474
0.034
0.515
0.834
1.188
2.062
3.617
5.233
6.264
6.828
7.481
8.374
9.223
9.874
10.618
11.64
12.627
13.192
13.249
13.047
12.847
12.641
12.258
11.713
11.258
11.08
11.1
11.037
10.751
10.456
10.364
10.362
10.191
9.826
9.579
9.658
9.826
9.749
9.451
9.282
9.395
9.508
9.325
8.789
8.182
7.689
7.14
6.273
5.094
3.774
2.388
1.04
-0.079
-0.836
-1.029
-0.56
0.324
1.24
1.919
2.336
2.669
2.98
3.236
3.343
3.309
3.289
3.431
3.797
4.346
4.897
5.128
4.924
4.387
3.697
3.023
2.395
1.758
1.268
1.166
1.508
2.096
2.733
3.384
3.953
4.287
4.379
4.434
4.62
4.922
5.38
6.022
6.78
7.626
8.56
9.497
10.234
10.699
10.965
11.198
11.464
11.599
11.525
11.468
11.684
12.108
12.425
12.457
12.414
12.603
13.044
13.471
13.614
13.344
12.691
11.761
10.72
9.871
9.463
9.588
10.067
10.518
10.665
10.579
10.345
9.924
9.27
8.436
7.614
6.984
6.587
6.301
6.045
5.782
5.518
5.14
4.531
3.733
2.878
2.048
1.32
0.719
0.331
0.256
0.48
0.859
1.116
1.034
0.789
0.678
0.743
0.932
1.338
2.071
3.042
4.026
4.795
5.387
5.956
6.559
7.131
7.514
7.659
7.68
7.7
7.723
7.7
7.524
7.154
6.673
6.179
5.847
5.806
6.029
6.285
6.387
6.366
6.276
6.086
5.786
5.409
5.112
4.988
4.958
4.931
4.886
4.854
4.845
4.822
4.736
4.659
4.874
5.535
6.462
7.331
8.054
8.669
9.134
9.384
9.44
9.425
9.451
9.601
9.903
10.2
10.338
10.275
9.998
9.458
8.796
8.22
7.796
7.519
7.401
7.401
7.526
7.737
7.875
7.83
7.585
7.236
7.029
7.09
7.286
7.422
7.483
7.587
7.75
7.834
7.694
7.41
7.286
7.414
7.576
7.572
7.526
7.566
7.551
7.247
6.612
5.82
5.053
4.373
3.731
3.089
2.57
2.281
2.222
2.281
2.393
2.549
2.721
2.801
2.715
2.631
2.751
3.086
3.445
3.622
3.52
3.255
3.042
2.912
2.799
2.726
2.792
3.034
3.309
3.506
3.763
4.223
4.797
5.303
5.661
5.934
6.19
6.349
6.235
5.854
5.327
4.756
4.18
3.656
3.203
2.832
2.604
2.576
2.701
2.83
2.815
2.687
2.441
1.941
1.2
0.458
-0.097
-0.458
-0.664
-0.623
-0.209
0.541
1.433
2.234
2.871
3.4
3.813
4.014
3.876
3.341
2.497
1.547
0.606
-0.376
-1.404
-2.313
-2.971
-3.481
-3.886
-4.085
-4.135
-4.3
-4.491
-4.318
-3.915
-3.836
-4.09
-4.026
-3.386
-2.685
-2.35
-2.127
-1.504
-0.517
0.229
0.352
0.142
0.19
0.603
1.029
1.335
1.834
2.624
3.483
4.123
4.123
3.327
2.257
1.719
1.808
1.912
1.599
1.034
0.43
-0.369
-1.504
-2.674
-3.166
-2.658
-1.429
0.19
2.005
3.617
4.409
4.237
3.393
2.318
1.449
1.048
1.15
1.624
2.275
3.06
3.88
4.366
4.192
3.495
2.701
1.975
1.152
0.19
-0.537
-0.696
-0.669
-1.045
-1.975
-3.051
-3.667
-3.604
-3.357
-3.527
-3.93
-3.928
-3.422
-2.88
-2.787
-3.057
-3.11
-2.545
-1.551
-0.56
0.129
0.451
0.449
0.136
-0.489
-1.213
-1.728
-1.866
-1.703
-1.304
-0.587
0.376
1.211
1.665
1.817
1.737
1.354
0.562
-0.565
-1.49
-1.687
-1.261
-0.667
-0.326
-0.417
-0.739
-1.098
-1.583
-2.229
-2.619
-2.22
-0.95
0.571
1.637
2.248
2.622
2.61
1.986
0.855
-0.383
-1.277
-1.669
-1.665
-1.483
-1.424
-1.633
-1.984
-2.357
-2.878
-3.647
-4.545
-5.253
-5.423
-5.119
-4.684
-4.348
-4.076
-3.752
-3.348
-2.901
-2.395
-1.706
-0.691
0.48
1.374
1.717
1.71
1.726
1.941
2.427
3.121
3.947
4.797
5.475
5.761
5.591
5.056
4.355
3.663
2.951
2.202
1.685
1.789
2.558
3.674
4.791
5.716
6.308
6.501
6.414
6.281
6.305
6.435
6.476
6.396
6.383
6.605
6.893
6.956
6.775
6.603
6.628
6.768
6.789
6.639
6.498
6.546
6.75
6.893
6.895
6.768
6.453
5.754
4.684
3.42
2.222
1.154
0.276
-0.192
-0.231
-0.161
-0.287
-0.56
-0.701
-0.61
-0.562
-0.834
-1.309
-1.844
-2.467
-3.127
-3.574
-3.647
-3.445
-3.189
-2.946
-2.665
-2.354
-1.934
-1.268
-0.476
0.179
0.653
0.945
1.12
1.229
1.2
0.962
0.526
-0.029
-0.662
-1.318
-1.948
-2.454
-2.649
-2.506
-2.231
-1.932
-1.304
-0.107
1.306
2.381
3.053
3.604
4.157
4.537
4.554
4.277
4.062
4.132
4.282
4.339
4.491
4.945
5.672
6.401
6.82
6.757
6.301
5.593
4.738
3.824
3.007
2.377
1.771
0.966
0.025
-0.78
-1.254
-1.533
-1.814
-2.12
-2.248
-2.073
-1.633
-1.15
-0.737
-0.215
0.485
1.088
1.256
1.027
0.719
0.463
0.14
-0.283
-0.639
-0.798
-0.782
-0.689
-0.612
-0.587
-0.533
-0.404
-0.206
0.031
0.168
0.081
-0.233
-0.691
-1.045
-1.02
-0.626
-0.111
0.337
0.682
0.959
1.15
1.283
1.597
2.324
3.416
4.516
5.303
5.72
6.031
6.423
6.75
6.804
6.612
6.431
6.405
6.373
6.231
6.086
6.013
5.891
5.577
5.058
4.461
3.876
3.341
2.826
2.327
1.839
1.359
0.866
0.331
-0.222
-0.725
-1.081
-1.245
-1.209
-1.036
-0.787
-0.474
-0.109
0.174
0.272
0.34
0.596
1.002
1.302
1.329
1.192
1.093
0.988
0.639
-0.036
-0.773
-1.42
-2.136
-3.01
-3.886
-4.554
-5.001
-5.298
-5.532
-5.748
-5.934
-6.067
-6.133
-6.153
-6.167
-6.188
-6.104
-5.797
-5.285
-4.718
-4.144
-3.477
-2.753
-2.123
-1.689
-1.445
-1.422
-1.758
-2.479
-3.384
-4.285
-5.04
-5.568
-5.802
-5.702
-5.373
-5.019
-4.799
-4.741
-4.788
-4.874
-4.89
-4.738
-4.432
-4.026
-3.547
-3.025
-2.543
-2.227
-2.164
-2.266
-2.379
-2.504
-2.742
-2.971
-2.987
-2.806
-2.626
-2.656
-2.876
-3.071
-3.13
-3.082
-2.89
-2.504
-2.05
-1.723
-1.574
-1.502
-1.404
-1.304
-1.19
-0.977
-0.599
-0.144
0.222
0.408
0.444
0.404
0.352
0.369
0.476
0.637
0.853
1.183
1.712
2.413
3.114
3.728
4.23
4.604
4.808
4.824
4.774
4.817
5.044
5.337
5.298
4.641
3.486
2.136
0.798
-0.356
-1.259
-1.896
-2.261
-2.413
-2.587
-2.921
-3.343
-3.681
-3.908
-4.142
-4.487
-4.836
-5.103
-5.316
-5.58
-5.888
-6.077
-5.974
-5.707
-5.498
-5.498
-5.539
-5.462
-5.351
-5.43
-5.695
-5.943
-6.097
-6.29
-6.58
-6.77
-6.62
-6.171
-5.716
-5.559
-5.707
-5.979
-6.206
-6.337
-6.448
-6.598
-6.618
-6.326
-5.815
-5.357
-5.071
-4.878
-4.726
-4.736
-5.049
-5.602
-6.169
-6.58
-6.759
-6.775
-6.732
-6.676
-6.618
-6.598
-6.661
-6.755
-6.768
-6.635
-6.378
-6.088
-5.9
-5.884
-5.911
-5.917
-5.922
-5.972
-6.038
-6.034
-5.9
-5.752
-5.724
-5.832
-5.995
-6.158
-6.308
-6.442
-6.496
-6.36
-6.034
-5.657
-5.316
-4.978
-4.498
-3.838
-3.2
-2.769
-2.479
-2.107
-1.626
-1.172
-0.934
-0.918
-1.059
-1.313
-1.637
-1.973
-2.2
-2.261
-2.136
-1.701
-1.016
-0.454
-0.263
-0.168
0.133
0.478
0.539
0.372
0.34
0.68
1.22
1.563
1.694
2.127
3.157
4.405
5.287
5.63
5.607
5.427
5.169
4.663
3.813
2.951
2.606
2.699
2.506
1.617
0.394
-0.696
-1.706
-2.849
-4.032
-4.969
-5.541
-5.913
-6.333
-6.922
-7.569
-8.106
-8.51
-9.078
-10.132
-11.471
-12.464
-12.804
-12.802
-12.913
-13.213
-13.462
-13.573
-13.775
-14.226
-14.651
-14.614
-14.12
-13.689
-13.782
-14.313
-14.929
-15.404
-15.74
-16.025
-16.281
-16.376
-16.245
-15.996
-15.851
-15.803
-15.624
-15.17
-14.56
-13.913
-13.174
-12.232
-11.219
-10.384
-9.728
-8.991
-8.011
-6.889
-5.845
-5.01
-4.239
-3.209
-1.896
-0.565
0.58
1.542
2.413
3.08
3.229
2.826
2.3
2.134
2.476
3.064
3.457
3.443
3.239
3.13
3.071
2.708
1.901
1.05
0.519
0.252
0.095
0.031
0.079
0.317
0.782
1.229
1.345
1.102
0.814
0.821
1.016
0.991
0.653
0.296
0.222
0.39
0.515
0.378
-0.004
-0.526
-1.131
-1.869
-2.701
-3.491
-4.198
-4.813
-5.203
-5.26
-5.056
-4.682
-4.216
-3.836
-3.586
-3.361
-2.955
-2.381
-1.794
-1.12
-0.034
1.435
2.869
3.862
4.377
4.598
4.611
4.35
3.867
3.506
3.559
3.942
4.366
4.584
4.527
4.214
3.697
3.118
2.737
2.69
2.917
3.361
3.942
4.411
4.595
4.554
4.427
4.239
3.915
3.441
3.034
2.908
3.082
3.47
3.973
4.389
4.584
4.545
4.335
4.112
4.053
4.078
3.982
3.686
3.234
2.76
2.313
1.805
1.131
0.279
-0.612
-1.229
-1.42
-1.376
-1.399
-1.537
-1.755
-2.084
-2.633
-3.346
-4.058
-4.627
-5.004
-5.208
-5.339
-5.537
-5.711
-5.689
-5.427
-5.106
-4.91
-4.806
-4.67
-4.461
-4.318
-4.375
-4.602
-4.826
-4.931
-4.958
-5.074
-5.269
-5.357
-5.319
-5.283
-5.185
-4.913
-4.511
-4.205
-4.162
-4.305
-4.452
-4.566
-4.639
-4.548
-4.192
-3.638
-3.107
-2.78
-2.645
-2.61
-2.635
-2.728
-2.894
-3.08
-3.142
-2.996
-2.695
-2.359
-2.116
-2.044
-2.144
-2.336
-2.554
-2.842
-3.207
-3.539
-3.806
-4.012
-4.069
-3.988
-3.871
-3.788
-3.778
-3.838
-3.867
-3.842
-3.81
-3.769
-3.591
-3.241
-2.992
-3.042
-3.255
-3.389
-3.352
-3.162
-2.885
-2.585
-2.298
-1.98
-1.706
-1.682
-2.057
-2.762
-3.576
-4.273
-4.767
-5.088
-5.273
-5.325
-5.29
-5.353
-5.618
-5.97
-6.281
-6.489
-6.492
-6.312
-6.09
-5.867
-5.689
-5.616
-5.704
-5.893
-5.974
-5.774
-5.353
-4.942
-4.663
-4.534
-4.531
-4.695
-5.036
-5.38
-5.423
-5.155
-4.872
-4.743
-4.634
-4.329
-3.883
-3.5
-3.229
-2.978
-2.76
-2.669
-2.797
-3.025
-3.084
-2.856
-2.424
-1.948
-1.587
-1.356
-1.05
-0.508
0.172
0.81
1.315
1.651
1.834
1.828
1.612
1.342
1.204
1.326
1.676
2.12
2.558
2.914
3.155
3.227
3.096
2.758
2.352
1.982
1.647
1.265
0.769
0.281
-0.007
-0.07
-0.1
-0.292
-0.632
-0.988
-1.183
-1.177
-0.995
-0.641
-0.061
0.725
1.481
1.962
2.107
2.091
2.168
2.447
2.79
3.03
3.142
3.191
3.166
3.062
2.869
2.576
2.202
1.894
1.791
1.764
1.73
1.849
2.1
2.181
1.86
1.19
0.349
-0.541
-1.385
-2.148
-2.853
-3.474
-3.869
-4.042
-4.155
-4.337
-4.732
-5.433
-6.366
-7.403
-8.526
-9.713
-10.922
-12.154
-13.476
-14.864
-16.227
-17.413
-18.341
-19.031
-19.587
-19.997
-20.188
-20.219
-20.169
-20.006
-19.82
-19.698
-19.489
-19.019
-18.28
-17.305
-16.089
-14.716
-13.399
-12.26
-11.208
-10.026
-8.737
-7.601
-6.755
-5.977
-4.94
-3.581
-2.082
-0.739
0.313
1.279
2.352
3.413
4.182
4.636
5.012
5.584
6.34
6.997
7.224
7.058
6.9
6.959
7.049
6.963
6.791
6.854
7.331
7.977
8.429
8.599
8.646
8.612
8.429
8.063
7.633
7.376
7.347
7.376
7.181
6.63
5.789
4.849
3.958
3.073
2.073
0.932
-0.202
-1.2
-2.103
-3.044
-4.185
-5.537
-6.961
-8.281
-9.366
-10.132
-10.568
-10.735
-10.761
-10.656
-10.321
-9.66
-8.744
-7.785
-6.882
-5.995
-5.103
-4.366
-3.976
-3.897
-3.822
-3.565
-3.207
-2.792
-2.248
-1.565
-0.88
-0.387
-0.2
-0.342
-0.655
-0.907
-0.895
-0.573
0.02
0.834
1.805
2.882
3.919
4.648
4.895
4.788
4.57
4.305
3.997
3.795
3.888
4.341
4.75
4.65
4.394
4.786
5.882
7
7.848
8.71
9.67
10.309
10.282
9.726
9.016
8.436
7.866
7.006
6.119
5.689
5.584
5.468
5.389
5.409
5.353
5.221
5.04
4.496
3.5
2.647
2.431
2.64
2.817
2.817
2.71
2.583
2.266
1.499
0.553
0.231
0.699
1.359
1.585
1.318
0.877
0.444
-0.034
-0.63
-1.186
-1.365
-1.077
-0.741
-0.789
-1.183
-1.799
-2.721
-3.994
-5.518
-6.952
-7.628
-7.29
-6.41
-5.605
-5.024
-4.598
-4.391
-4.581
-5.164
-5.913
-6.596
-6.95
-6.768
-6.065
-5.053
-4.146
-3.738
-3.767
-3.871
-3.745
-3.184
-2.22
-1.043
0.077
0.898
1.318
1.551
1.751
1.732
1.335
0.626
-0.174
-0.641
-0.437
0.367
1.445
2.338
2.715
2.617
2.438
2.429
2.45
2.333
2.268
2.418
2.678
2.903
3.114
3.511
4.051
4.232
3.595
2.377
1.222
0.48
0.086
-0.118
-0.15
-0.05
0
-0.217
-0.773
-1.531
-2.37
-3.309
-4.244
-4.945
-5.416
-5.958
-6.65
-7.186
-7.467
-7.68
-7.796
-7.487
-6.557
-5.223
-3.892
-2.91
-2.227
-1.687
-1.277
-0.964
-0.653
-0.374
-0.159
0.152
0.655
1.286
1.919
2.676
3.704
4.776
5.548
5.882
6.049
6.36
6.725
6.789
6.514
6.329
6.394
6.464
6.437
6.439
6.512
6.546
6.501
6.426
6.308
6.119
6.01
6.095
6.362
6.655
6.795
6.822
6.932
7.063
7.079
7.108
7.151
7.043
6.589
5.813
5.006
4.609
4.679
4.863
5.019
5.312
5.724
5.958
5.774
5.099
3.969
2.604
1.309
0.2
-0.743
-1.315
-1.297
-0.741
-0.092
0.14
-0.074
-0.333
-0.428
-0.658
-1.218
-1.689
-1.449
-0.356
1.052
1.953
1.932
1.259
0.378
-0.517
-1.385
-2.012
-2.107
-1.615
-0.855
-0.247
0.118
0.474
0.918
1.088
0.526
-0.693
-1.898
-2.488
-2.522
-2.445
-2.374
-2.001
-1.37
-0.905
-0.962
-1.504
-2.155
-2.561
-2.593
-2.331
-1.803
-1
-0.052
0.816
1.381
1.624
1.776
2.036
2.298
2.329
2.17
2.129
2.263
2.318
2.257
2.309
2.672
3.275
3.81
4.01
4.023
4.185
4.541
4.793
4.639
4.069
3.429
3.118
3.123
3.225
3.511
4.175
5.031
5.541
5.344
4.566
3.606
2.826
2.377
2.181
2.227
2.597
3.177
3.631
3.6
2.992
2.05
1.224
0.751
0.501
0.352
0.408
0.795
1.34
1.717
1.642
1.109
0.217
-0.803
-1.78
-2.565
-2.934
-2.74
-2.22
-1.828
-1.825
-2.125
-2.565
-3.186
-3.99
-4.682
-4.988
-4.942
-4.861
-4.91
-5.056
-5.271
-5.743
-6.589
-7.583
-8.379
-8.819
-9.032
-9.143
-9.102
-8.817
-8.279
-7.648
-7.131
-6.857
-6.832
-7.015
-7.251
-7.417
-7.516
-7.655
-7.857
-8.138
-8.581
-9.127
-9.531
-9.518
-9.013
-8.22
-7.353
-6.591
-6.06
-5.813
-5.793
-5.847
-5.843
-5.768
-5.648
-5.368
-4.808
-4.038
-3.359
-2.912
-2.5
-1.869
-1.22
-0.812
-0.606
-0.381
0.05
0.755
1.606
2.413
2.999
3.275
3.207
2.756
2.012
1.309
0.848
0.653
0.635
0.689
0.766
0.966
1.29
1.574
1.832
2.216
2.756
3.275
3.595
3.631
3.375
2.819
2.084
1.379
0.734
0.14
-0.287
-0.406
-0.231
0.079
0.346
0.413
0.256
-0.079
-0.632
-1.385
-2.202
-2.962
-3.681
-4.411
-5.19
-6.019
-6.959
-8.013
-9.041
-9.878
-10.461
-10.876
-11.193
-11.35
-11.314
-11.221
-11.085
-10.824
-10.499
-10.334
-10.427
-10.622
-10.681
-10.697
-10.896
-11.202
-11.377
-11.386
-11.382
-11.454
-11.514
-11.423
-11.089
-10.432
-9.42
-8.093
-6.501
-4.824
-3.368
-2.359
-1.73
-1.252
-0.746
-0.197
0.358
0.991
1.858
2.955
4.116
5.09
5.813
6.416
6.941
7.331
7.574
7.75
7.937
8.129
8.258
8.238
8.097
7.852
7.442
6.863
6.183
5.507
4.969
4.627
4.45
4.411
4.466
4.559
4.584
4.466
4.214
3.919
3.693
3.647
3.817
4.146
4.543
4.852
4.849
4.479
3.86
3.084
2.288
1.601
1.09
0.862
0.95
1.122
1.098
0.812
0.324
-0.222
-0.658
-0.995
-1.372
-1.76
-2.023
-2.036
-1.741
-1.245
-0.749
-0.344
-0.054
0.097
0.1
0.013
-0.036
0.124
0.528
1.177
2.123
3.296
4.373
5.024
5.33
5.648
6.197
7
8.039
9.175
10.096
10.595
10.645
10.347
9.971
9.774
9.805
9.93
10.102
10.259
10.3
10.154
9.953
9.857
9.848
9.833
9.819
9.794
9.647
9.177
8.329
7.408
6.746
6.414
6.253
6.183
6.314
6.95
8.179
9.483
10.257
10.445
10.391
10.003
8.737
6.603
4.446
3.044
2.508
2.456
2.626
3.259
4.525
5.843
6.444
6.223
5.72
5.561
5.815
5.977
5.784
5.539
5.652
6.101
6.509
6.555
6.342
6.088
5.713
4.942
3.903
3.232
3.32
3.76
3.89
3.647
3.511
3.828
4.373
4.741
4.931
5.153
5.339
5.303
5.015
4.613
4.327
4.321
4.505
4.786
5.346
6.414
7.794
8.764
8.787
8.138
7.637
7.685
7.941
7.909
7.587
7.403
7.626
8.168
8.724
9.032
9.052
8.967
8.798
8.424
7.973
7.871
8.331
9.171
9.883
10.15
10.082
9.889
9.655
9.306
8.739
8.113
7.614
7.181
6.743
6.416
6.271
6.199
5.94
5.287
4.366
3.489
2.83
2.491
2.483
2.708
3.112
3.581
3.901
4.001
3.867
3.574
3.289
3.094
2.969
2.98
3.241
3.776
4.432
4.99
5.516
6.215
7.099
7.961
8.61
9
9.182
9.27
9.282
9.152
8.819
8.354
7.88
7.485
7.138
6.784
6.478
6.455
6.725
6.986
6.984
6.734
6.469
6.351
6.469
6.698
6.863
6.986
7.149
7.294
7.186
6.816
6.478
6.319
6.244
6.124
6.113
6.462
7.256
8.281
9.304
10.18
10.849
11.287
11.488
11.425
11.1
10.595
10.028
9.518
9.069
8.614
8.123
7.612
7.104
6.655
6.349
6.174
6.043
5.836
5.552
5.292
5.185
5.133
5.028
4.999
5.305
5.974
6.748
7.249
7.351
7.14
6.809
6.416
5.956
5.5
5.169
5.015
4.981
4.956
4.931
5.015
5.138
5.112
4.72
3.915
2.94
2.159
1.787
1.737
1.767
1.905
2.348
3.012
3.513
3.643
3.552
3.572
3.763
3.903
3.819
3.624
3.493
3.461
3.372
3.168
2.93
2.801
2.812
2.821
2.699
2.578
2.762
3.316
3.938
4.337
4.629
5.074
5.518
5.593
5.285
4.983
4.951
4.908
4.35
3.236
2.046
1.283
0.995
0.791
0.401
-0.002
-0.168
-0.168
-0.342
-0.882
-1.522
-1.898
-2.046
-2.234
-2.547
-2.745
-2.554
-2.036
-1.442
-0.991
-0.691
-0.337
0.07
0.294
0.229
0.031
0.05
0.446
0.93
1.055
0.871
0.716
0.693
0.58
0.144
-0.485
-1.029
-1.338
-1.449
-1.397
-1.109
-0.487
0.358
1.148
1.68
1.91
1.998
2.181
2.388
2.393
2.275
2.322
2.595
2.871
2.892
2.778
2.869
3.266
3.702
3.81
3.479
2.967
2.549
2.114
1.463
0.791
0.492
0.558
0.582
0.315
-0.045
-0.156
-0.031
0.007
-0.22
-0.533
-0.714
-0.819
-1.018
-1.292
-1.406
-1.209
-0.834
-0.524
-0.465
-0.632
-0.871
-1.211
-1.744
-2.341
-2.769
-2.99
-3.08
-3.105
-3.075
-3.042
-3.098
-3.282
-3.481
-3.643
-3.801
-4.021
-4.137
-3.969
-3.706
-3.638
-3.743
-3.915
-4.166
-4.618
-5.294
-5.997
-6.34
-6.113
-5.505
-4.881
-4.379
-3.933
-3.498
-3.218
-3.244
-3.5
-3.763
-3.792
-3.533
-3.08
-2.483
-1.769
-1.005
-0.358
0.074
0.435
0.877
1.345
1.662
1.871
2.216
2.749
3.189
3.275
2.992
2.617
2.381
2.211
1.882
1.34
0.83
0.612
0.626
0.617
0.465
0.279
0.296
0.655
1.159
1.587
1.828
1.971
2.079
2.111
1.948
1.653
1.458
1.442
1.522
1.537
1.612
2.082
2.921
3.665
3.93
3.722
3.348
3.064
2.74
2.173
1.465
0.918
0.653
0.401
-0.136
-0.882
-1.469
-1.691
-1.682
-1.645
-1.515
-1.148
-0.705
-0.494
-0.617
-0.784
-0.649
-0.185
0.344
0.775
1.14
1.612
2.254
2.89
3.359
3.76
4.296
4.945
5.362
5.337
5.069
4.917
4.969
5.04
5.019
4.91
4.622
3.999
3.001
1.841
0.953
0.569
0.569
0.649
0.446
-0.109
-0.626
-0.725
-0.558
-0.422
-0.36
-0.222
0.113
0.603
1.075
1.408
1.76
2.352
3.155
3.906
4.366
4.55
4.62
4.645
4.491
4.073
3.572
3.142
2.751
2.252
1.601
0.923
0.426
0.124
-0.011
0.018
0.231
0.582
0.993
1.406
1.776
2.141
2.5
2.828
3.069
3.162
3.121
3.03
2.987
3.053
3.214
3.448
3.697
3.842
3.801
3.661
3.624
3.743
3.819
3.674
3.266
2.71
2.152
1.669
1.252
0.909
0.646
0.433
0.217
-0.047
-0.424
-0.938
-1.56
-2.2
-2.719
-2.987
-3.046
-2.93
-2.647
-2.236
-1.801
-1.388
-1.032
-0.617
-0.231
-0.15
-0.439
-0.914
-1.342
-1.556
-1.497
-1.236
-0.921
-0.558
0.2
1.612
3.134
3.806
3.511
3.046
2.81
2.329
1.263
0.224
0.007
0.653
1.633
2.286
2.383
2.485
3.241
4.266
4.631
4.187
3.674
3.719
4.232
4.641
4.513
4.135
4.169
4.765
5.281
5.383
5.509
6.088
6.85
7.004
6.151
4.861
4.092
4.096
4.291
4.076
3.522
3.171
3.352
3.676
3.454
2.626
1.955
1.894
1.873
1.295
0.667
0.81
1.676
2.372
2.313
1.834
1.547
1.542
1.411
0.895
0.194
-0.15
0.063
0.287
-0.113
-1.02
-1.685
-1.715
-1.73
-2.461
-3.509
-3.781
-3.028
-2.324
-2.583
-3.323
-3.329
-2.359
-1.367
-1.302
-1.994
-2.386
-1.93
-1.322
-1.24
-1.356
-0.977
0.013
1.084
1.44
0.959
0.53
0.884
1.637
1.819
1.159
0.454
0.492
1.027
1.098
0.29
-0.617
-0.517
0.467
1.161
0.991
0.374
-0.081
-0.299
-0.825
-1.96
-3.066
-3.363
-2.801
-1.975
-1.495
-1.452
-1.309
-0.851
-0.693
-1.485
-2.96
-4.166
-4.602
-4.682
-4.779
-4.659
-3.999
-2.999
-2.304
-2.415
-3.064
-3.611
-3.933
-4.45
-5.346
-6.229
-6.483
-6.121
-5.784
-5.809
-5.861
-5.503
-4.813
-4.307
-4.255
-4.368
-4.173
-3.622
-3.121
-3.046
-3.302
-3.377
-3.005
-2.465
-2.127
-1.905
-1.315
-0.211
0.714
0.793
0.233
-0.313
-0.48
-0.435
-0.521
-0.712
-0.639
-0.133
0.599
1.216
1.576
1.776
2.048
2.524
2.975
3.066
2.953
3.214
4.046
4.958
5.448
5.537
5.564
5.611
5.346
4.493
3.379
2.533
2.134
1.984
1.723
1.218
0.705
0.399
0.107
-0.549
-1.647
-2.76
-3.495
-3.897
-4.355
-5.053
-5.713
-5.863
-5.582
-5.516
-5.929
-6.331
-6.14
-5.418
-4.815
-4.779
-5.09
-5.269
-5.255
-5.455
-6.056
-6.676
-6.906
-6.804
-6.793
-7.199
-7.88
-8.231
-7.945
-7.496
-7.442
-7.639
-7.551
-7.065
-6.659
-6.664
-6.78
-6.442
-5.734
-5.228
-5.138
-5.11
-4.786
-4.268
-3.883
-3.74
-3.593
-3.257
-2.937
-2.953
-3.284
-3.581
-3.629
-3.543
-3.529
-3.643
-3.767
-3.781
-3.772
-3.862
-4.012
-4.219
-4.437
-4.611
-4.734
-4.811
-4.876
-5.026
-5.158
-4.99
-4.496
-3.992
-3.726
-3.597
-3.402
-3.155
-2.994
-2.946
-2.992
-2.971
-2.737
-2.429
-2.27
-2.173
-1.955
-1.649
-1.515
-1.844
-2.481
-2.905
-2.894
-2.701
-2.506
-2.148
-1.406
-0.43
0.285
0.396
0.04
-0.335
-0.463
-0.53
-0.853
-1.333
-1.528
-1.281
-0.801
-0.385
-0.063
0.408
1.055
1.528
1.524
1.084
0.517
0.174
0.138
0.159
0.066
-0.083
-0.168
-0.274
-0.571
-1.057
-1.435
-1.499
-1.513
-1.946
-2.899
-4.005
-4.847
-5.457
-6.165
-7.013
-7.735
-8.165
-8.465
-8.909
-9.56
-10.225
-10.663
-10.82
-10.98
-11.454
-12.098
-12.448
-12.462
-12.523
-12.795
-13.015
-12.981
-12.861
-12.963
-13.421
-13.977
-14.211
-14.009
-13.677
-13.534
-13.605
-13.834
-14.183
-14.485
-14.501
-14.22
-13.723
-13.013
-12.167
-11.391
-10.735
-10.03
-9.136
-8.188
-7.46
-7.047
-6.661
-6.04
-5.264
-4.656
-4.266
-3.89
-3.329
-2.692
-2.248
-2.066
-1.791
-1.098
-0.113
0.673
1.077
1.417
2.096
3.012
3.733
4.014
4.085
4.373
4.999
5.607
5.795
5.57
5.24
4.942
4.443
3.529
2.435
1.647
1.397
1.502
1.535
1.379
1.274
1.306
1.148
0.506
-0.449
-1.233
-1.481
-1.335
-1.179
-1.107
-0.834
-0.242
0.279
0.344
0.129
0.107
0.36
0.537
0.32
-0.2
-0.651
-0.841
-0.941
-1.159
-1.431
-1.49
-1.19
-0.696
-0.333
-0.25
-0.274
-0.247
-0.274
-0.528
-0.891
-1.048
-0.907
-0.662
-0.535
-0.571
-0.626
-0.551
-0.383
-0.32
-0.458
-0.621
-0.539
-0.181
0.154
0.272
0.25
0.254
0.306
0.302
0.194
0.185
0.517
1.186
1.849
2.127
1.982
1.687
1.395
1.027
0.508
0.036
-0.054
0.404
1.14
1.708
1.858
1.76
1.747
1.832
1.78
1.612
1.66
2.125
2.81
3.4
3.815
4.289
4.899
5.316
5.264
4.815
4.196
3.604
3.205
2.953
2.71
2.474
2.338
2.252
2.012
1.429
0.682
0.04
-0.46
-0.982
-1.697
-2.497
-3.116
-3.543
-3.962
-4.479
-4.947
-5.167
-4.978
-4.47
-3.928
-3.536
-3.214
-2.955
-2.987
-3.472
-4.305
-5.117
-5.632
-5.911
-6.197
-6.514
-6.582
-6.253
-5.865
-5.874
-6.346
-6.995
-7.587
-8.115
-8.744
-9.384
-9.731
-9.767
-9.765
-9.896
-10.102
-10.25
-10.264
-10.154
-9.962
-9.755
-9.468
-8.928
-8.193
-7.68
-7.618
-7.621
-7.197
-6.331
-5.351
-4.477
-3.539
-2.368
-1.265
-0.606
-0.333
-0.17
0.097
0.565
1.061
1.429
1.73
2.064
2.438
2.815
3.073
3.08
2.908
2.733
2.433
1.747
0.927
0.546
0.712
1.122
1.678
2.393
3.055
3.302
2.832
1.78
0.664
-0.172
-0.725
-1.007
-1.118
-1.356
-2.075
-3.268
-4.631
-5.832
-6.728
-7.372
-7.873
-8.211
-8.37
-8.514
-8.935
-9.79
-11.033
-12.378
-13.569
-14.549
-15.279
-15.59
-15.41
-14.934
-14.392
-13.843
-13.228
-12.55
-11.82
-11.062
-10.391
-9.844
-9.238
-8.462
-7.648
-6.943
-6.435
-6.017
-5.398
-4.487
-3.379
-2.12
-0.88
0.057
0.63
0.973
1.045
0.921
0.825
0.921
1.268
1.844
2.57
3.363
4.119
4.786
5.273
5.613
5.922
6.219
6.528
7.134
8.234
9.599
10.824
11.711
12.219
12.343
12.087
11.425
10.502
9.608
8.971
8.614
8.451
8.342
8.218
7.957
7.474
6.861
6.219
5.487
4.598
3.641
2.817
2.175
1.549
0.834
0.181
-0.285
-0.521
-0.606
-0.673
-0.646
-0.254
0.508
1.238
1.533
1.342
1.007
0.827
0.591
-0.05
-0.97
-1.715
-2.109
-2.454
-3.062
-3.86
-4.661
-5.412
-6.192
-7.26
-8.617
-9.778
-10.499
-11.132
-11.97
-12.979
-13.975
-14.916
-15.968
-17.248
-18.511
-19.407
-19.782
-19.827
-19.797
-19.665
-19.35
-18.979
-18.732
-18.606
-18.463
-18.087
-17.504
-17.021
-16.771
-16.615
-16.298
-15.734
-15.088
-14.476
-13.712
-12.695
-11.634
-10.82
-10.289
-9.807
-9.2
-8.508
-7.875
-7.279
-6.591
-5.724
-4.62
-3.314
-1.86
-0.419
0.873
2.059
3.162
4.128
4.949
5.639
6.288
7.004
7.759
8.424
8.98
9.425
9.681
9.588
9.005
8.075
7.106
6.323
5.932
5.915
6.038
6.153
6.262
6.242
5.938
5.303
4.391
3.439
2.663
2.032
1.392
0.866
0.662
0.646
0.46
-0.04
-0.669
-1.093
-1.125
-0.986
-0.945
-0.927
-0.76
-0.569
-0.594
-0.859
-1.254
-1.728
-2.268
-2.776
-3.164
-3.325
-3.105
-2.631
-2.216
-2.005
-1.955
-2.059
-2.374
-2.887
-3.486
-3.942
-4.173
-4.201
-4.128
-3.999
-3.686
-3.136
-2.433
-1.639
-0.749
0.224
1.281
2.338
3.234
3.874
4.264
4.409
4.314
4.038
3.683
3.466
3.445
3.439
3.227
2.803
2.363
2.193
2.318
2.474
2.491
2.409
2.316
2.181
1.934
1.533
1.1
0.83
0.635
0.372
0.144
0.279
0.866
1.685
2.483
3.08
3.479
3.778
4.085
4.45
4.824
5.138
5.387
5.593
5.716
5.589
5.103
4.273
3.25
2.275
1.42
0.637
0.004
-0.308
-0.306
-0.25
-0.41
-0.827
-1.236
-1.487
-1.676
-1.875
-2.103
-2.309
-2.411
-2.322
-2.075
-1.86
-1.785
-1.769
-1.678
-1.612
-1.706
-1.903
-2.03
-1.936
-1.587
-1.084
-0.626
-0.356
-0.285
-0.392
-0.725
-1.183
-1.599
-1.914
-2.152
-2.293
-2.307
-2.32
-2.491
-2.824
-3.101
-3.112
-2.964
-2.88
-2.721
-2.24
-1.542
-0.943
-0.551
-0.349
