Unnamed: 3
Value
-0.608
-0.658
-0.644
-0.608
-0.642
-0.723
-0.778
-0.787
-0.778
-0.762
-0.792
-0.83
-0.835
-0.857
-0.896
-0.91
-0.916
-0.971
-1.084
-1.214
-1.245
-1.207
-1.166
-1.143
-1.068
-0.9
-0.705
-0.587
-0.551
-0.556
-0.606
-0.662
-0.726
-0.86
-1.057
-1.211
-1.279
-1.279
-1.257
-1.234
-1.184
-1.068
-0.903
-0.778
-0.676
-0.547
-0.458
-0.451
-0.479
-0.488
-0.501
-0.519
-0.542
-0.533
-0.474
-0.354
-0.211
-0.166
-0.195
-0.204
-0.209
-0.2
-0.204
-0.279
-0.361
-0.349
-0.272
-0.179
-0.07
0.034
0.132
0.261
0.415
0.467
0.472
0.479
0.44
0.39
0.361
0.327
0.274
0.225
0.202
0.286
0.449
0.596
0.624
0.603
0.631
0.649
0.626
0.606
0.585
0.517
0.42
0.379
0.379
0.392
0.388
0.37
0.39
0.411
0.445
0.479
0.408
0.29
0.204
0.163
0.134
0.093
0.066
0.066
0.129
0.256
0.311
0.272
0.193
0.116
0.036
-0.066
-0.202
-0.329
-0.458
-0.601
-0.696
-0.717
-0.737
-0.746
-0.721
-0.653
-0.542
-0.445
-0.449
-0.513
-0.596
-0.685
-0.776
-0.855
-0.975
-1.096
-1.123
-1.127
-1.145
-1.114
-1.084
-1.098
-1.077
-1.012
-0.987
-1.037
-1.114
-1.143
-1.152
-1.202
-1.257
-1.27
-1.275
-1.259
-1.161
-1.05
-1.007
-0.989
-0.975
-0.987
-1.041
-1.087
-1.091
-1.068
-1.032
-1.012
-0.978
-0.878
-0.769
-0.662
-0.567
-0.458
-0.381
-0.37
-0.435
-0.535
-0.635
-0.705
-0.773
-0.855
-0.916
-0.869
-0.733
-0.608
-0.479
-0.329
-0.204
-0.134
-0.097
-0.088
-0.077
-0.054
-0.068
-0.138
-0.2
-0.204
-0.177
-0.136
-0.113
-0.091
-0.014
0.093
0.141
0.109
0.002
-0.116
-0.161
-0.188
-0.245
-0.249
-0.197
-0.125
-0.052
0.027
0.125
0.179
0.186
0.161
0.111
0.029
-0.073
-0.204
-0.338
-0.465
-0.549
-0.562
-0.538
-0.524
-0.501
-0.447
-0.361
-0.272
-0.247
-0.32
-0.454
-0.569
-0.61
-0.644
-0.798
-1.007
-1.148
-1.191
-1.168
-1.159
-1.175
-1.191
-1.159
-1.109
-1.121
-1.204
-1.313
-1.413
-1.445
-1.418
-1.386
-1.393
-1.427
-1.447
-1.436
-1.399
-1.402
-1.465
-1.599
-1.726
-1.735
-1.756
-1.855
-1.976
-2.05
-2.039
-1.973
-1.892
-1.801
-1.692
-1.561
-1.422
-1.356
-1.352
-1.418
-1.531
-1.647
-1.713
-1.753
-1.794
-1.801
-1.772
-1.731
-1.663
-1.57
-1.49
-1.452
-1.399
-1.295
-1.225
-1.22
-1.214
-1.207
-1.214
-1.22
-1.207
-1.173
-1.127
-1.062
-1
-0.928
-0.841
-0.787
-0.782
-0.803
-0.78
-0.735
-0.701
-0.692
-0.676
-0.633
-0.608
-0.535
-0.417
-0.315
-0.259
-0.234
-0.27
-0.313
-0.313
-0.293
-0.304
-0.343
-0.377
-0.358
-0.272
-0.172
-0.122
-0.143
-0.145
-0.095
-0.086
-0.143
-0.179
-0.188
-0.222
-0.274
-0.324
-0.399
-0.463
-0.483
-0.463
-0.413
-0.365
-0.377
-0.472
-0.535
-0.508
-0.515
-0.642
-0.801
-0.876
-0.866
-0.846
-0.823
-0.814
-0.846
-0.885
-0.894
-0.88
-0.91
-1.007
-1.093
-1.161
-1.207
-1.223
-1.268
-1.356
-1.443
-1.483
-1.504
-1.54
-1.606
-1.663
-1.683
-1.667
-1.647
-1.676
-1.738
-1.753
-1.722
-1.713
-1.735
-1.753
-1.738
-1.701
-1.679
-1.708
-1.76
-1.785
-1.794
-1.817
-1.855
-1.892
-1.892
-1.874
-1.894
-1.908
-1.874
-1.815
-1.76
-1.685
-1.585
-1.517
-1.481
-1.452
-1.429
-1.422
-1.415
-1.429
-1.449
-1.397
-1.275
-1.175
-1.118
-1.059
-0.946
-0.826
-0.758
-0.733
-0.751
-0.801
-0.823
-0.746
-0.633
-0.556
-0.524
-0.531
-0.513
-0.44
-0.299
-0.19
-0.152
-0.127
-0.079
0.016
0.113
0.168
0.168
0.168
0.227
0.315
0.333
0.322
0.356
0.447
0.522
0.551
0.499
0.422
0.383
0.386
0.381
0.363
0.363
0.374
0.417
0.479
0.538
0.569
0.528
0.458
0.433
0.474
0.501
0.47
0.401
0.349
0.358
0.367
0.306
0.163
0.034
-0.02
-0.032
-0.054
-0.095
-0.145
-0.179
-0.188
-0.229
-0.306
-0.372
-0.431
-0.474
-0.51
-0.553
-0.578
-0.61
-0.674
-0.739
-0.767
-0.835
-0.964
-1.077
-1.116
-1.087
-1.052
-1.082
-1.134
-1.134
-1.084
-1.062
-1.136
-1.243
-1.311
-1.334
-1.352
-1.39
-1.44
-1.513
-1.551
-1.542
-1.551
-1.59
-1.597
-1.595
-1.576
-1.531
-1.454
-1.402
-1.386
-1.336
-1.248
-1.182
-1.195
-1.216
-1.186
-1.109
-1.034
-1.005
-1.041
-1.096
-1.098
-1.071
-1.08
-1.121
-1.127
-1.091
-1.016
-0.871
-0.685
-0.515
-0.422
-0.377
-0.306
-0.193
-0.132
-0.166
-0.22
-0.19
-0.095
-0.014
-0.004
-0.025
0.068
0.249
0.379
0.404
0.426
0.522
0.676
0.787
0.755
0.64
0.606
0.678
0.753
0.721
0.658
0.678
0.769
0.848
0.887
0.932
0.993
1
0.948
0.894
0.88
0.894
0.889
0.835
0.769
0.762
0.796
0.782
0.721
0.671
0.626
0.574
0.476
0.354
0.259
0.24
0.234
0.163
0.045
-0.029
-0.016
0.025
-0.018
-0.12
-0.179
-0.163
-0.156
-0.236
-0.381
-0.542
-0.64
-0.701
-0.805
-0.898
-0.937
-0.919
-0.88
-0.855
-0.878
-0.878
-0.869
-0.848
-0.837
-0.891
-1.014
-1.114
-1.109
-1.102
-1.157
-1.232
-1.272
-1.252
-1.22
-1.209
-1.216
-1.227
-1.232
-1.204
-1.127
-1.071
-1.052
-1.005
-0.946
-0.889
-0.823
-0.769
-0.726
-0.714
-0.723
-0.701
-0.64
-0.581
-0.522
-0.483
-0.406
-0.277
-0.2
-0.206
-0.209
-0.132
-0.014
0.082
0.138
0.193
0.281
0.404
0.515
0.556
0.549
0.558
0.592
0.592
0.585
0.574
0.615
0.689
0.753
0.803
0.86
0.898
0.903
0.907
0.896
0.878
0.871
0.869
0.873
0.86
0.832
0.794
0.685
0.56
0.51
0.497
0.445
0.365
0.288
0.227
0.168
0.07
-0.048
-0.118
-0.163
-0.229
-0.29
-0.324
-0.367
-0.399
-0.438
-0.515
-0.628
-0.748
-0.9
-1.062
-1.223
-1.384
-1.492
-1.551
-1.565
-1.545
-1.565
-1.61
-1.64
-1.706
-1.79
-1.837
-1.855
-1.917
-1.998
-2.032
-2.057
-2.08
-2.105
-2.078
-2.028
-1.989
-1.982
-1.953
-1.908
-1.883
-1.837
-1.785
-1.79
-1.819
-1.821
-1.817
-1.785
-1.728
-1.638
-1.526
-1.404
-1.275
-1.141
-1.03
-0.957
-0.873
-0.798
-0.739
-0.662
-0.587
-0.54
-0.483
-0.399
-0.286
-0.161
-0.036
0.086
0.202
0.279
0.311
0.329
0.395
0.488
0.556
0.626
0.708
0.787
0.885
1.007
1.139
1.279
1.404
1.474
1.533
1.615
1.669
1.674
1.644
1.672
1.726
1.744
1.756
1.835
1.928
2.026
2.139
2.255
2.339
2.409
2.491
2.552
2.559
2.525
2.482
2.513
2.572
2.606
2.64
2.674
2.69
2.729
2.828
2.919
2.983
3.03
3.053
3.103
3.162
3.185
3.162
3.108
3.096
3.146
3.139
3.055
2.965
2.887
2.858
2.878
2.892
2.853
2.833
2.862
2.874
2.842
2.806
2.779
2.79
2.853
2.874
2.844
2.808
2.747
2.652
2.543
2.429
2.311
2.196
2.082
2.005
1.96
1.946
1.964
1.994
2.012
2.06
2.105
2.073
2.003
1.944
1.883
1.826
1.787
1.747
1.699
1.658
1.624
1.601
1.581
1.551
1.497
1.483
1.513
1.513
1.468
1.433
1.427
1.44
1.461
1.474
1.458
1.413
1.395
1.411
1.397
1.356
1.347
1.375
1.381
1.424
1.481
1.483
1.47
1.468
1.481
1.511
1.529
1.511
1.492
1.479
1.458
1.418
1.375
1.322
1.272
1.293
1.361
1.356
1.309
1.304
1.32
1.327
1.313
1.27
1.2
1.155
1.15
1.166
1.155
1.107
1.066
1.046
1.046
1.064
1.075
0.991
0.878
0.81
0.778
0.728
0.66
0.619
0.578
0.542
0.504
0.476
0.456
0.435
0.404
0.431
0.501
0.483
0.44
0.447
0.447
0.372
0.274
0.186
0.134
0.127
0.141
0.116
0.102
0.113
0.134
0.132
0.1
0.093
0.122
0.066
-0.043
-0.082
-0.093
-0.136
-0.172
-0.188
-0.206
-0.206
-0.166
-0.113
-0.045
-0.016
-0.068
-0.116
-0.097
-0.141
-0.213
-0.204
-0.186
-0.252
-0.345
-0.377
-0.32
-0.236
-0.209
-0.234
-0.24
-0.22
-0.184
-0.143
-0.15
-0.17
-0.136
-0.156
-0.24
-0.265
-0.197
-0.122
-0.066
-0.025
0.007
0.05
0.102
0.166
0.188
0.156
0.066
0.018
0.068
0.113
0.097
0.122
0.179
0.193
0.19
0.225
0.297
0.367
0.401
0.372
0.354
0.383
0.429
0.451
0.445
0.465
0.531
0.542
0.46
0.42
0.465
0.526
0.581
0.592
0.556
0.535
0.578
0.619
0.601
0.556
0.501
0.492
0.59
0.674
0.644
0.621
0.651
0.66
0.64
0.599
0.551
0.499
0.42
0.32
0.227
0.143
0.082
0.043
-0.007
-0.061
-0.045
-0.052
-0.159
-0.213
-0.145
-0.084
-0.084
-0.113
-0.127
-0.166
-0.222
-0.27
-0.32
-0.406
-0.522
-0.617
-0.631
-0.64
-0.717
-0.76
-0.737
-0.733
-0.758
-0.782
-0.778
-0.785
-0.823
-0.882
-0.907
-0.907
-0.937
-0.964
-0.946
-0.889
-0.785
-0.712
-0.748
-0.739
-0.606
-0.454
-0.383
-0.34
-0.295
-0.256
-0.227
-0.188
-0.186
-0.2
-0.19
-0.136
-0.014
0.097
0.12
0.166
0.254
0.324
0.374
0.433
0.488
0.524
0.533
0.542
0.576
0.66
0.751
0.819
0.928
1.075
1.177
1.236
1.329
1.409
1.445
1.481
1.49
1.458
1.461
1.474
1.481
1.47
1.47
1.522
1.622
1.747
1.837
1.874
1.842
1.794
1.849
1.919
1.865
1.79
1.796
1.801
1.76
1.717
1.726
1.776
1.837
1.88
1.912
1.957
1.962
1.917
1.903
1.937
1.973
1.926
1.865
1.88
1.903
1.846
1.776
1.767
1.808
1.889
1.978
2.014
2.012
1.989
1.967
1.946
1.923
1.878
1.84
1.808
1.767
1.772
1.821
1.842
1.842
1.903
1.98
2.012
2.035
2.082
2.107
2.096
2.084
2.13
2.191
2.214
2.225
2.275
2.361
2.443
2.484
2.47
2.502
2.59
2.64
2.62
2.561
2.504
2.504
2.534
2.561
2.554
2.54
2.559
2.602
2.652
2.672
2.636
2.611
2.597
2.597
2.674
2.779
2.828
2.849
2.865
2.858
2.826
2.799
2.808
2.817
2.801
2.758
2.722
2.683
2.643
2.613
2.631
2.663
2.672
2.638
2.579
2.574
2.536
2.429
2.343
2.275
2.191
2.166
2.171
2.125
2.037
1.973
1.955
1.951
1.937
1.919
1.883
1.794
1.674
1.606
1.595
1.522
1.42
1.377
1.354
1.302
1.225
1.145
1.089
1.043
1.003
0.969
0.919
0.839
0.764
0.701
0.631
0.576
0.499
0.42
0.422
0.46
0.442
0.372
0.345
0.363
0.372
0.361
0.333
0.315
0.315
0.302
0.27
0.245
0.22
0.181
0.132
0.052
0.007
0.036
0.038
-0.034
-0.057
-0.02
0.034
0.075
0.104
0.143
0.177
0.179
0.186
0.213
0.231
0.229
0.202
0.19
0.186
0.15
0.07
0.029
0.061
0.057
0.02
0.029
0.102
0.168
0.222
0.286
0.318
0.302
0.243
0.193
0.161
0.141
0.102
0.02
-0.079
-0.138
-0.127
-0.073
-0.082
-0.141
-0.175
-0.186
-0.22
-0.261
-0.308
-0.361
-0.415
-0.488
-0.578
-0.655
-0.73
-0.785
-0.817
-0.817
-0.796
-0.801
-0.801
-0.76
-0.762
-0.862
-0.993
-1.114
-1.204
-1.259
-1.309
-1.395
-1.517
-1.635
-1.69
-1.708
-1.731
-1.738
-1.728
-1.74
-1.762
-1.749
-1.679
-1.617
-1.626
-1.647
-1.626
-1.604
-1.608
-1.624
-1.644
-1.644
-1.651
-1.681
-1.744
-1.803
-1.855
-1.889
-1.883
-1.824
-1.731
-1.66
-1.574
-1.413
-1.275
-1.223
-1.204
-1.173
-1.116
-1.077
-1.077
-1.111
-1.15
-1.175
-1.211
-1.232
-1.214
-1.182
-1.155
-1.125
-1.077
-0.975
-0.817
-0.708
-0.678
-0.612
-0.499
-0.442
-0.465
-0.485
-0.49
-0.515
-0.599
-0.68
-0.701
-0.689
-0.665
-0.624
-0.538
-0.408
-0.299
-0.261
-0.229
-0.152
-0.077
-0.079
-0.102
-0.109
-0.122
-0.159
-0.206
-0.261
-0.333
-0.408
-0.456
-0.445
-0.406
-0.372
-0.345
-0.297
-0.231
-0.138
-0.018
0.07
0.111
0.138
0.166
0.147
0.129
0.134
0.107
0.043
-0.016
-0.068
-0.129
-0.17
-0.134
-0.045
0.036
0.102
0.186
0.288
0.379
0.481
0.538
0.535
0.526
0.56
0.596
0.596
0.54
0.476
0.429
0.415
0.429
0.465
0.506
0.569
0.669
0.782
0.841
0.907
1.009
1.093
1.139
1.175
1.195
1.143
1.091
1.046
1.005
0.969
0.957
0.937
0.905
0.905
0.991
1.125
1.241
1.343
1.452
1.558
1.64
1.701
1.697
1.608
1.454
1.32
1.252
1.207
1.139
1.071
1.037
1.032
1.059
1.136
1.252
1.372
1.468
1.54
1.629
1.694
1.679
1.617
1.549
1.477
1.388
1.279
1.189
1.13
1.1
1.077
1.048
1.005
0.996
1.039
1.127
1.234
1.311
1.372
1.431
1.49
1.59
1.658
1.626
1.506
1.368
1.263
1.198
1.139
1.05
0.948
0.9
0.898
0.914
0.928
0.957
0.982
1.014
1.073
1.155
1.214
1.234
1.223
1.175
1.098
1.028
0.944
0.821
0.723
0.653
0.594
0.533
0.479
0.476
0.551
0.626
0.692
0.733
0.773
0.826
0.873
0.887
0.869
0.796
0.655
0.447
0.256
0.154
0.068
-0.082
-0.204
-0.218
-0.159
-0.104
-0.059
-0.011
0.011
-0.007
-0.054
-0.118
-0.168
-0.186
-0.225
-0.345
-0.485
-0.565
-0.615
-0.687
-0.762
-0.814
-0.866
-0.914
-0.916
-0.862
-0.794
-0.76
-0.753
-0.755
-0.776
-0.839
-0.9
-0.939
-0.971
-1.059
-1.248
-1.397
-1.433
-1.413
-1.436
-1.524
-1.579
-1.506
-1.402
-1.359
-1.343
-1.291
-1.236
-1.225
-1.236
-1.245
-1.241
-1.245
-1.284
-1.363
-1.447
-1.477
-1.477
-1.486
-1.499
-1.522
-1.549
-1.547
-1.497
-1.397
-1.302
-1.229
-1.195
-1.179
-1.17
-1.202
-1.243
-1.241
-1.229
-1.293
-1.404
-1.479
-1.481
-1.461
-1.497
-1.549
-1.526
-1.424
-1.356
-1.34
-1.32
-1.234
-1.139
-1.102
-1.157
-1.218
-1.227
-1.248
-1.334
-1.461
-1.57
-1.601
-1.565
-1.54
-1.556
-1.599
-1.629
-1.606
-1.565
-1.513
-1.452
-1.445
-1.504
-1.547
-1.57
-1.588
-1.601
-1.631
-1.676
-1.751
-1.844
-1.889
-1.878
-1.905
-2.01
-2.116
-2.125
-2.069
-2.007
-2.005
-2.021
-2.001
-1.919
-1.883
-1.957
-2.046
-2.064
-2.044
-2.069
-2.164
-2.273
-2.316
-2.259
-2.171
-2.118
-2.141
-2.184
-2.223
-2.207
-2.075
-1.91
-1.865
-1.901
-1.903
-1.874
-1.821
-1.792
-1.815
-1.883
-1.955
-2.001
-1.962
-1.896
-1.88
-1.892
-1.819
-1.66
-1.508
-1.424
-1.365
-1.302
-1.195
-1.062
-1
-1.028
-1.055
-1.041
-0.982
-0.907
-0.866
-0.9
-0.912
-0.817
-0.699
-0.624
-0.574
-0.551
-0.544
-0.499
-0.367
-0.234
-0.202
-0.252
-0.265
-0.209
-0.152
-0.111
-0.05
-0.052
-0.143
-0.15
-0.034
0.061
0.075
0.043
0.048
0.102
0.181
0.254
0.29
0.286
0.263
0.254
0.254
0.254
0.225
0.118
0.034
0.052
0.068
0.025
-0.007
0.016
0.048
0.086
0.134
0.104
0
-0.091
-0.061
0.059
0.082
-0.061
-0.195
-0.256
-0.268
-0.206
-0.184
-0.306
-0.472
-0.49
-0.404
-0.352
-0.411
-0.481
-0.483
-0.456
-0.442
-0.472
-0.485
-0.435
-0.397
-0.494
-0.626
-0.674
-0.687
-0.719
-0.787
-0.851
-0.871
-0.86
-0.801
-0.726
-0.689
-0.689
-0.669
-0.64
-0.683
-0.76
-0.764
-0.708
-0.678
-0.696
-0.708
-0.73
-0.735
-0.699
-0.628
-0.612
-0.651
-0.671
-0.606
-0.508
-0.467
-0.431
-0.361
-0.263
-0.2
-0.156
-0.063
0.025
0.05
0.066
0.111
0.143
0.175
0.195
0.193
0.179
0.181
0.184
0.19
0.227
0.277
0.333
0.415
0.449
0.479
0.551
0.655
0.726
0.751
0.771
0.776
0.742
0.68
0.628
0.594
0.549
0.431
0.306
0.268
0.274
0.247
0.225
0.236
0.202
0.156
0.204
0.284
0.306
0.227
0.075
-0.007
-0.038
-0.134
-0.306
-0.49
-0.653
-0.773
-0.828
-0.898
-1.041
-1.073
-0.984
-0.95
-1.018
-1.059
-1.039
-0.955
-0.9
-0.898
-0.912
-0.91
-0.905
-0.957
-1.032
-1.075
-1.127
-1.252
-1.388
-1.508
-1.615
-1.672
-1.651
-1.622
-1.658
-1.728
-1.708
-1.59
-1.502
-1.551
-1.676
-1.776
-1.815
-1.837
-1.889
-2.046
-2.221
-2.243
-2.175
-2.143
-2.143
-2.109
-2.053
-1.953
-1.844
-1.747
-1.663
-1.599
-1.556
-1.517
-1.449
-1.415
-1.506
-1.64
-1.738
-1.828
-1.917
-2.001
-2.073
-2.143
-2.2
-2.198
-2.123
-2.055
-2.046
-2.075
-2.075
-2.035
-1.951
-1.876
-1.892
-1.957
-1.942
-1.849
-1.758
-1.733
-1.787
-1.86
-1.844
-1.722
-1.622
-1.626
-1.692
-1.742
-1.735
-1.66
-1.595
-1.663
-1.796
-1.853
-1.853
-1.883
-1.917
-1.914
-1.926
-1.905
-1.853
-1.803
-1.776
-1.769
-1.776
-1.76
-1.728
-1.685
-1.61
-1.563
-1.592
-1.558
-1.415
-1.32
-1.313
-1.34
-1.35
-1.313
-1.259
-1.218
-1.211
-1.223
-1.227
-1.236
-1.225
-1.17
-1.22
-1.359
-1.418
-1.386
-1.363
-1.352
-1.329
-1.309
-1.261
-1.2
-1.123
-1.062
-1.048
-1.057
-1.034
-0.984
-0.966
-0.969
-0.953
-0.919
-0.817
-0.667
-0.599
-0.592
-0.556
-0.485
-0.424
-0.413
-0.433
-0.456
-0.451
-0.447
-0.499
-0.585
-0.619
-0.655
-0.742
-0.823
-0.866
-0.91
-0.953
-0.966
-0.966
-0.907
-0.819
-0.721
-0.615
-0.519
-0.467
-0.431
-0.39
-0.397
-0.435
-0.47
-0.508
-0.51
-0.447
-0.445
-0.528
-0.603
-0.637
-0.685
-0.726
-0.739
-0.735
-0.708
-0.676
-0.667
-0.696
-0.669
-0.615
-0.628
-0.642
-0.651
-0.71
-0.762
-0.753
-0.76
-0.76
-0.73
-0.689
-0.66
-0.601
-0.515
-0.451
-0.449
-0.472
-0.494
-0.476
-0.451
-0.449
-0.415
-0.411
-0.47
-0.492
-0.447
-0.42
-0.42
-0.424
-0.413
-0.361
-0.331
-0.327
-0.311
-0.268
-0.249
-0.259
-0.222
-0.2
-0.238
-0.24
-0.195
-0.159
-0.12
-0.079
-0.054
-0.016
0.041
0.102
0.111
0.079
0.043
0
-0.054
-0.052
-0.036
-0.059
-0.088
-0.095
-0.093
-0.107
-0.104
-0.073
-0.027
0.011
0.034
0.095
0.175
0.188
0.141
0.07
-0.007
-0.057
-0.091
-0.145
-0.222
-0.279
-0.299
-0.288
-0.284
-0.261
-0.231
-0.193
-0.132
-0.068
-0.079
-0.084
-0.023
0
-0.043
-0.095
-0.156
-0.202
-0.231
-0.249
-0.247
-0.256
-0.274
-0.245
-0.179
-0.161
-0.166
-0.154
-0.168
-0.177
-0.145
-0.104
-0.088
-0.061
-0.032
0.004
0.029
0.018
-0.025
-0.113
-0.17
-0.161
-0.188
-0.211
-0.127
-0.029
0.002
0.029
0.041
0.048
0.079
0.132
0.156
0.138
0.118
0.168
0.265
0.24
0.116
0.045
0.059
0.079
0.086
0.093
0.104
0.116
0.136
0.143
0.136
0.152
0.181
0.195
0.204
0.215
0.166
0.113
0.175
0.238
0.197
0.107
0.077
0.095
0.104
0.095
0.097
0.127
0.184
0.247
0.322
0.343
0.343
0.374
0.379
0.32
0.288
0.322
0.365
0.374
0.345
0.324
0.338
0.338
0.284
0.195
0.156
0.209
0.249
0.24
0.297
0.379
0.429
0.506
0.581
0.628
0.626
0.633
0.644
0.637
0.592
0.556
0.578
0.601
0.596
0.626
0.689
0.717
0.737
0.739
0.737
0.735
0.733
0.708
0.655
0.594
0.556
0.504
0.442
0.406
0.374
0.347
0.377
0.433
0.456
0.467
0.476
0.492
0.522
0.578
0.64
0.644
0.61
0.59
0.615
0.603
0.497
0.383
0.302
0.202
0.102
0.048
0.018
0
-0.004
0.018
0.068
0.118
0.163
0.2
0.202
0.206
0.218
0.186
0.166
0.152
0.116
0.079
0.038
-0.025
-0.077
-0.102
-0.129
-0.145
-0.127
-0.082
-0.045
-0.014
0
-0.004
0.007
-0.018
-0.07
-0.091
-0.086
-0.075
-0.059
-0.077
-0.132
-0.159
-0.12
-0.066
-0.032
-0.009
0.014
0.018
0.059
0.156
0.193
0.175
0.163
0.161
0.143
0.136
0.113
0.048
-0.025
-0.014
0.091
0.166
0.172
0.218
0.302
0.365
0.438
0.49
0.522
0.549
0.572
0.578
0.583
0.596
0.558
0.499
0.456
0.438
0.465
0.51
0.494
0.435
0.422
0.485
0.544
0.565
0.578
0.669
0.81
0.907
0.916
0.844
0.826
0.848
0.796
0.674
0.606
0.619
0.637
0.624
0.578
0.567
0.619
0.71
0.755
0.753
0.739
0.794
0.91
0.95
0.887
0.805
0.769
0.76
0.753
0.703
0.615
0.544
0.549
0.581
0.547
0.497
0.481
0.492
0.535
0.606
0.66
0.674
0.687
0.719
0.769
0.762
0.685
0.535
0.426
0.365
0.343
0.356
0.361
0.377
0.472
0.587
0.658
0.705
0.76
0.814
0.835
0.835
0.855
0.796
0.667
0.594
0.569
0.519
0.46
0.424
0.451
0.542
0.608
0.59
0.56
0.621
0.696
0.723
0.721
0.735
0.821
0.932
0.978
0.98
0.993
1.021
1.064
1.087
1.091
1.08
1.082
1.114
1.116
1.073
1.043
1.037
1.057
1.059
1.021
0.996
1.003
1
1.005
1.034
1.046
1.007
0.996
1.05
1.096
1.118
1.118
1.091
1.1
1.127
1.125
1.107
1.139
1.198
1.288
1.379
1.447
1.454
1.431
1.427
1.404
1.318
1.214
1.15
1.134
1.136
1.141
1.136
1.15
1.198
1.259
1.302
1.325
1.352
1.402
1.44
1.452
1.436
1.422
1.384
1.338
1.313
1.336
1.399
1.468
1.54
1.583
1.574
1.561
1.549
1.515
1.474
1.429
1.404
1.386
1.35
1.295
1.277
1.3
1.293
1.254
1.225
1.241
1.297
1.35
1.34
1.295
1.277
1.293
1.325
1.336
1.327
1.329
1.381
1.486
1.561
1.529
1.456
1.429
1.411
1.381
1.329
1.257
1.225
1.261
1.313
1.309
1.277
1.232
1.216
1.225
1.248
1.284
1.304
1.313
1.325
1.345
1.35
1.327
1.297
1.295
1.311
1.343
1.375
1.372
1.34
1.336
1.39
1.436
1.456
1.422
1.404
1.429
1.454
1.438
1.406
1.395
1.397
1.359
1.325
1.309
1.311
1.329
1.365
1.375
1.395
1.406
1.386
1.375
1.399
1.427
1.445
1.449
1.456
1.474
1.495
1.515
1.551
1.549
1.463
1.37
1.379
1.406
1.39
1.331
1.286
1.297
1.343
1.402
1.443
1.456
1.44
1.413
1.415
1.395
1.309
1.195
1.114
1.068
1.055
1.064
1.098
1.123
1.13
1.166
1.243
1.3
1.302
1.261
1.225
1.232
1.263
1.25
1.186
1.15
1.145
1.139
1.134
1.15
1.145
1.096
1.071
1.073
1.066
1.003
0.912
0.853
0.828
0.801
0.794
0.823
0.857
0.853
0.853
0.887
0.894
0.855
0.798
0.726
0.671
0.667
0.655
0.596
0.547
0.572
0.637
0.687
0.714
0.665
0.626
0.626
0.615
0.556
0.474
0.392
0.338
0.354
0.404
0.447
0.435
0.392
0.352
0.352
0.383
0.39
0.338
0.281
0.229
0.202
0.215
0.252
0.24
0.195
0.175
0.227
0.331
0.404
0.401
0.381
0.386
0.422
0.456
0.411
0.308
0.209
0.17
0.229
0.295
0.27
0.19
0.193
0.299
0.422
0.481
0.474
0.463
0.465
0.451
0.449
0.449
0.377
0.252
0.186
0.213
0.254
0.254
0.281
0.372
0.467
0.531
0.596
0.64
0.651
0.626
0.583
0.603
0.637
0.64
0.615
0.606
0.637
0.712
0.785
0.805
0.744
0.653
0.617
0.637
0.642
0.585
0.526
0.519
0.569
0.676
0.728
0.726
0.721
0.76
0.803
0.837
0.832
0.755
0.665
0.624
0.635
0.635
0.621
0.61
0.64
0.723
0.848
0.984
1.052
1.043
1.014
1.007
0.998
0.923
0.814
0.733
0.653
0.606
0.628
0.683
0.701
0.717
0.817
0.957
1.055
1.068
1.062
1.018
0.969
0.944
0.93
0.889
0.866
0.841
0.814
0.844
0.898
0.914
0.91
0.925
0.964
1.005
1.018
1.021
0.993
0.955
0.948
0.982
1.025
0.996
0.948
0.982
1.023
0.993
0.932
0.912
0.939
0.962
0.984
1.012
1.023
1.009
0.991
0.996
1.009
1.016
0.971
0.921
0.925
0.969
0.964
0.948
0.953
0.946
0.925
0.962
1.073
1.139
1.116
1.084
1.13
1.225
1.311
1.327
1.284
1.25
1.22
1.173
1.116
1.05
0.955
0.907
0.93
0.987
1.048
1.093
1.107
1.143
1.245
1.316
1.3
1.288
1.272
1.227
1.214
1.218
1.155
1.064
1.009
1.03
1.111
1.191
1.234
1.266
1.248
1.179
1.168
1.198
1.175
1.096
1.018
0.973
0.91
0.841
0.769
0.723
0.712
0.703
0.739
0.814
0.846
0.848
0.914
1.023
1.102
1.125
1.1
1.041
1.003
1.014
1.046
1.016
0.873
0.746
0.717
0.735
0.742
0.671
0.556
0.467
0.458
0.497
0.538
0.624
0.721
0.807
0.91
0.987
0.919
0.755
0.628
0.569
0.513
0.44
0.408
0.431
0.488
0.562
0.658
0.719
0.696
0.651
0.642
0.649
0.631
0.56
0.463
0.367
0.277
0.206
0.184
0.188
0.156
0.138
0.177
0.236
0.265
0.268
0.263
0.272
0.277
0.265
0.252
0.229
0.202
0.19
0.145
0.057
0.014
-0.002
-0.043
-0.073
-0.097
-0.093
-0.077
-0.077
-0.095
-0.136
-0.168
-0.156
-0.17
-0.22
-0.254
-0.272
-0.234
-0.172
-0.168
-0.234
-0.27
-0.234
-0.179
-0.163
-0.175
-0.179
-0.209
-0.265
-0.247
-0.166
-0.125
-0.118
-0.116
-0.12
-0.166
-0.243
-0.329
-0.424
-0.458
-0.442
-0.431
-0.42
-0.388
-0.347
-0.284
-0.229
-0.202
-0.197
-0.211
-0.236
-0.252
-0.281
-0.329
-0.365
-0.435
-0.526
-0.567
-0.526
-0.47
-0.449
-0.467
-0.449
-0.383
-0.329
-0.347
-0.433
-0.449
-0.429
-0.408
-0.406
-0.504
-0.678
-0.782
-0.737
-0.631
-0.587
-0.61
-0.621
-0.576
-0.476
-0.365
-0.352
-0.467
-0.553
-0.522
-0.454
-0.445
-0.504
-0.578
-0.608
-0.596
-0.628
-0.737
-0.805
-0.817
-0.848
-0.857
-0.857
-0.889
-0.907
-0.891
-0.889
-0.864
-0.823
-0.789
-0.737
-0.71
-0.742
-0.744
-0.767
-0.86
-0.993
-1.136
-1.248
-1.291
-1.272
-1.27
-1.302
-1.338
-1.354
-1.291
-1.141
-1.068
-1.123
-1.218
-1.261
-1.241
-1.207
-1.227
-1.297
-1.347
-1.331
-1.254
-1.207
-1.261
-1.295
-1.259
-1.243
-1.25
-1.218
-1.245
-1.297
-1.275
-1.193
-1.15
-1.182
-1.225
-1.241
-1.177
-1.073
-1.046
-1.057
-1.059
-1.064
-1.037
-0.973
-0.91
-0.894
-0.903
-0.898
-0.86
-0.803
-0.748
-0.696
-0.701
-0.758
-0.737
-0.651
-0.651
-0.703
-0.705
-0.66
-0.592
-0.56
-0.583
-0.608
-0.583
-0.515
-0.411
-0.327
-0.315
-0.34
-0.333
-0.286
-0.215
-0.211
-0.338
-0.456
-0.42
-0.345
-0.347
-0.397
-0.426
-0.408
-0.363
-0.327
-0.302
-0.268
-0.247
-0.225
-0.209
-0.213
-0.179
-0.116
-0.068
-0.041
-0.07
-0.154
-0.227
-0.249
-0.27
-0.299
-0.336
-0.374
-0.39
-0.383
-0.381
-0.361
-0.302
-0.249
-0.231
-0.272
-0.354
-0.372
-0.318
-0.308
-0.347
-0.392
-0.449
-0.483
-0.442
-0.381
-0.356
-0.395
-0.483
-0.551
-0.533
-0.479
-0.483
-0.556
-0.596
-0.587
-0.569
-0.565
-0.562
-0.599
-0.703
-0.748
-0.744
-0.782
-0.841
-0.864
-0.814
-0.742
-0.712
-0.726
-0.744
-0.735
-0.748
-0.792
-0.876
-0.969
-1.012
-1.021
-1.087
-1.087
-1.003
-0.955
-0.991
-1.014
-0.98
-0.914
-0.878
-0.914
-1
-1.057
-1.046
-1.003
-1.018
-1.005
-0.941
-0.896
-0.871
-0.819
-0.839
-0.941
-0.964
-0.907
-0.891
-0.935
-1.007
-1.034
-0.991
-0.937
-0.896
-0.885
-0.896
-0.928
-0.971
-1.03
-1.091
-1.093
-1.064
-1.093
-1.123
-1.059
-0.973
-0.93
-0.898
-0.862
-0.835
-0.828
-0.826
-0.841
-0.882
-0.93
-0.98
-1.048
-1.121
-1.166
-1.22
-1.266
-1.232
-1.214
-1.261
-1.261
-1.22
-1.159
-1.089
-1.052
-1.071
-1.102
-1.143
-1.214
-1.268
-1.288
-1.32
-1.388
-1.504
-1.617
-1.574
-1.458
-1.452
-1.49
-1.456
-1.404
-1.368
-1.327
-1.316
-1.34
-1.354
-1.345
-1.361
-1.445
-1.547
-1.624
-1.663
-1.672
-1.685
-1.722
-1.703
-1.583
-1.463
-1.404
-1.35
-1.302
-1.293
-1.288
-1.27
-1.259
-1.284
-1.354
-1.452
-1.529
-1.572
-1.606
-1.64
-1.728
-1.81
-1.81
-1.769
-1.767
-1.756
-1.688
-1.629
-1.583
-1.517
-1.456
-1.413
-1.388
-1.356
-1.345
-1.363
-1.422
-1.481
-1.504
-1.52
-1.565
-1.626
-1.651
-1.61
-1.613
-1.64
-1.604
-1.506
-1.415
-1.404
-1.47
-1.511
-1.52
-1.531
-1.558
-1.608
-1.633
-1.592
-1.497
-1.447
-1.443
-1.395
-1.291
-1.214
-1.139
-1.073
-1.057
-1.059
-1.03
-0.991
-0.993
-1.052
-1.105
-1.093
-1.041
-1.018
-1.032
-1.062
-1.096
-1.068
-0.989
-0.959
-0.98
-0.962
-0.869
-0.776
-0.712
-0.66
-0.583
-0.519
-0.51
-0.565
-0.667
-0.73
-0.719
-0.723
-0.758
-0.739
-0.68
-0.617
-0.562
-0.526
-0.485
-0.467
-0.49
-0.54
-0.567
-0.547
-0.528
-0.501
-0.454
-0.481
-0.567
-0.615
-0.619
-0.617
-0.608
-0.599
-0.617
-0.628
-0.624
-0.619
-0.621
-0.615
-0.569
-0.547
-0.531
-0.458
-0.386
-0.406
-0.474
-0.547
-0.633
-0.703
-0.764
-0.828
-0.86
-0.83
-0.787
-0.746
-0.678
-0.649
-0.669
-0.631
-0.565
-0.578
-0.624
-0.662
-0.71
-0.737
-0.73
-0.714
-0.753
-0.835
-0.866
-0.848
-0.841
-0.814
-0.794
-0.826
-0.869
-0.907
-0.919
-0.919
-0.932
-0.941
-0.903
-0.801
-0.683
-0.596
-0.551
-0.556
-0.59
-0.621
-0.669
-0.755
-0.848
-0.896
-0.907
-0.891
-0.873
-0.851
-0.853
-0.871
-0.807
-0.694
-0.64
-0.635
-0.64
-0.669
-0.674
-0.642
-0.619
-0.617
-0.628
-0.628
-0.606
-0.556
-0.522
-0.522
-0.483
-0.447
-0.485
-0.515
-0.463
-0.39
-0.349
-0.29
-0.213
-0.161
-0.152
-0.17
-0.206
-0.256
-0.311
-0.338
-0.374
-0.381
-0.318
-0.234
-0.172
-0.152
-0.116
-0.057
0.038
0.111
0.116
0.061
0.02
0.011
0.036
0.052
0
-0.048
-0.045
-0.052
-0.079
-0.084
-0.1
-0.136
-0.145
-0.113
-0.075
-0.073
-0.088
-0.077
-0.066
-0.052
0.009
0.066
0.043
0
-0.014
-0.02
-0.038
-0.073
-0.111
-0.109
-0.077
-0.032
0.032
0.075
0.077
0.091
0.132
0.154
0.111
0.043
0.02
0.004
-0.038
-0.107
-0.177
-0.211
-0.188
-0.145
-0.093
-0.004
0.138
0.236
0.249
0.22
0.209
0.227
0.254
0.234
0.125
-0.027
-0.125
-0.156
-0.193
-0.288
-0.431
-0.54
-0.517
-0.481
-0.49
-0.463
-0.374
-0.284
-0.2
-0.12
-0.077
-0.063
-0.102
-0.181
-0.268
-0.352
-0.442
-0.574
-0.769
-0.959
-1.025
-1.048
-1.066
-1.059
-1.012
-0.921
-0.807
-0.685
-0.578
-0.526
-0.488
-0.413
-0.363
-0.42
-0.547
-0.649
-0.708
-0.762
-0.862
-0.971
-1.066
-1.121
-1.127
-1.121
-1.082
-0.991
-0.855
-0.753
-0.667
-0.558
-0.456
-0.406
-0.37
-0.349
-0.367
-0.413
-0.494
-0.565
-0.585
-0.606
-0.665
-0.685
-0.633
-0.574
-0.522
-0.442
-0.302
-0.163
-0.091
-0.079
-0.063
-0.043
-0.057
-0.116
-0.175
-0.227
-0.277
-0.343
-0.435
-0.522
-0.576
-0.61
-0.66
-0.676
-0.633
-0.569
-0.499
-0.39
-0.245
-0.138
-0.073
-0.05
-0.057
-0.073
-0.134
-0.265
-0.399
-0.494
-0.594
-0.692
-0.737
-0.712
-0.655
-0.583
-0.499
-0.442
-0.399
-0.338
-0.299
-0.331
-0.367
-0.327
-0.277
-0.259
-0.254
-0.243
-0.234
-0.234
-0.209
-0.175
-0.186
-0.252
-0.306
-0.333
-0.358
-0.363
-0.311
-0.204
-0.088
0
0.029
0.048
0.095
0.129
0.125
0.091
0.043
-0.004
-0.045
-0.113
-0.179
-0.202
-0.181
-0.15
-0.134
-0.116
-0.104
-0.052
0.002
0.02
-0.009
-0.043
-0.054
-0.084
-0.15
-0.249
-0.331
-0.374
-0.429
-0.497
-0.599
-0.685
-0.721
-0.71
-0.676
-0.612
-0.558
-0.551
-0.583
-0.592
-0.558
-0.526
-0.526
-0.533
-0.592
-0.662
-0.685
-0.667
-0.685
-0.739
-0.787
-0.817
-0.853
-0.939
-1.062
-1.127
-1.1
-1.048
-1.025
-1.028
-1.018
-0.969
-0.921
-0.912
-0.907
-0.871
-0.848
-0.853
-0.882
-0.941
-1.039
-1.127
-1.13
-1.041
-0.978
-1.016
-1.059
-1.003
-0.878
-0.805
-0.787
-0.78
-0.737
-0.701
-0.728
-0.817
-0.905
-0.939
-0.916
-0.887
-0.891
-0.903
-0.937
-0.937
-0.837
-0.717
-0.694
-0.755
-0.807
-0.782
-0.728
-0.719
-0.746
-0.758
-0.73
-0.653
-0.574
-0.556
-0.61
-0.665
-0.644
-0.558
-0.533
-0.628
-0.755
-0.798
-0.778
-0.767
-0.767
-0.748
-0.683
-0.617
-0.558
-0.524
-0.513
-0.519
-0.508
-0.501
-0.533
-0.587
-0.619
-0.574
-0.479
-0.381
-0.338
-0.324
-0.281
-0.225
-0.204
-0.234
-0.288
-0.327
-0.349
-0.397
-0.479
-0.549
-0.619
-0.669
-0.631
-0.524
-0.447
-0.422
-0.358
-0.238
-0.129
-0.082
-0.075
-0.091
-0.086
-0.057
-0.034
-0.054
-0.143
-0.249
-0.32
-0.338
-0.379
-0.447
-0.501
-0.488
-0.397
-0.288
-0.213
-0.188
-0.179
-0.145
-0.077
-0.057
-0.082
-0.088
-0.063
0.002
0.045
-0.007
-0.086
-0.07
0.004
0.032
-0.004
-0.048
-0.063
0.014
0.145
0.227
0.274
0.331
0.404
0.476
0.515
0.485
0.388
0.27
0.225
0.222
0.159
0.043
0.004
0.079
0.193
0.304
0.374
0.449
0.603
0.789
0.928
1.003
1.028
1
0.944
0.88
0.746
0.556
0.411
0.377
0.39
0.397
0.406
0.451
0.587
0.744
0.841
0.9
0.937
1.032
1.186
1.309
1.34
1.304
1.252
1.209
1.232
1.234
1.182
1.102
1.068
1.071
1.084
1.087
1.048
1.039
1.116
1.245
1.379
1.529
1.642
1.738
1.846
1.899
1.844
1.679
1.488
1.347
1.229
1.075
0.916
0.837
0.866
0.982
1.111
1.225
1.329
1.468
1.608
1.688
1.685
1.626
1.517
1.404
1.288
1.141
0.98
0.832
0.712
0.651
0.615
0.583
0.583
0.601
0.68
0.846
0.969
1.003
1.021
1.075
1.145
1.17
1.132
1.048
0.962
0.932
0.848
0.655
0.463
0.336
0.252
0.225
0.225
0.243
0.318
0.42
0.54
0.676
0.782
0.83
0.855
0.873
0.903
0.905
0.846
0.744
0.635
0.54
0.435
0.329
0.247
0.22
0.284
0.411
0.547
0.642
0.712
0.762
0.837
0.928
0.964
0.921
0.873
0.844
0.814
0.755
0.66
0.603
0.612
0.649
0.719
0.798
0.835
0.86
0.9
0.928
0.919
0.907
0.905
0.919
0.962
0.964
0.873
0.823
0.837
0.848
0.844
0.835
0.832
0.844
0.848
0.857
0.878
0.889
0.878
0.862
0.826
0.78
0.755
0.708
0.635
0.59
0.538
0.449
0.397
0.383
0.399
0.479
0.59
0.587
0.522
0.528
0.585
0.61
0.594
0.583
0.599
0.569
0.445
0.299
0.211
0.147
0.061
-0.054
-0.163
-0.159
-0.05
0.025
0.057
0.1
0.175
0.24
0.299
0.354
0.365
0.324
0.252
0.206
0.197
0.156
0.029
-0.111
-0.134
-0.073
-0.057
-0.077
-0.084
-0.077
-0.027
0.084
0.152
0.138
0.132
0.175
0.274
0.347
0.295
0.204
0.181
0.186
0.154
0.113
0.052
-0.025
-0.034
0.029
0.077
0.138
0.218
0.279
0.374
0.51
0.594
0.592
0.578
0.612
0.678
0.671
0.578
0.485
0.465
0.494
0.465
0.392
0.401
0.474
0.517
0.581
0.712
0.81
0.832
0.841
0.871
0.91
0.898
0.876
0.905
0.95
0.982
0.975
0.955
0.937
0.928
0.946
0.966
0.907
0.844
0.873
0.964
1.052
1.077
1.046
1.034
1.1
1.198
1.227
1.193
1.179
1.216
1.209
1.139
1.082
1.093
1.152
1.186
1.159
1.177
1.275
1.34
1.368
1.44
1.515
1.517
1.483
1.445
1.413
1.372
1.331
1.272
1.202
1.13
1.082
1.068
1.071
1.109
1.182
1.248
1.261
1.254
1.309
1.388
1.42
1.436
1.445
1.418
1.381
1.359
1.343
1.306
1.266
1.223
1.157
1.071
1.012
1.018
1.075
1.136
1.145
1.15
1.225
1.334
1.381
1.388
1.413
1.418
1.39
1.329
1.272
1.22
1.186
1.15
1.123
1.109
1.071
1.009
0.971
1
1.077
1.159
1.182
1.139
1.191
1.404
1.583
1.595
1.531
1.495
1.488
1.461
1.404
1.338
1.261
1.15
1.064
1.05
1.111
1.202
1.286
1.415
1.547
1.581
1.585
1.624
1.635
1.629
1.617
1.563
1.461
1.424
1.502
1.615
1.669
1.674
1.663
1.66
1.674
1.654
1.595
1.554
1.576
1.647
1.692
1.656
1.638
1.772
1.937
1.969
1.91
1.865
1.865
1.871
1.835
1.776
1.726
1.694
1.683
1.665
1.663
1.692
1.722
1.792
1.876
1.885
1.885
1.96
2.032
2.007
1.928
1.892
1.887
1.865
1.815
1.787
1.803
1.821
1.81
1.758
1.722
1.719
1.731
1.738
1.722
1.713
1.776
1.88
1.914
1.953
2.062
2.148
2.148
2.114
2.069
2.019
1.96
1.91
1.849
1.769
1.669
1.62
1.62
1.592
1.581
1.667
1.835
1.946
1.976
2.041
2.175
2.268
2.277
2.236
2.191
2.157
2.123
2.028
1.878
1.744
1.64
1.526
1.39
1.27
1.207
1.214
1.238
1.286
1.402
1.556
1.672
1.744
1.837
1.892
1.919
1.928
1.874
1.749
1.597
1.474
1.379
1.275
1.141
1.018
0.946
0.948
0.998
0.98
0.955
0.989
1.057
1.132
1.225
1.306
1.386
1.438
1.436
1.395
1.35
1.284
1.186
1.025
0.83
0.61
0.447
0.386
0.365
0.386
0.442
0.542
0.68
0.828
0.964
1.098
1.207
1.268
1.304
1.288
1.22
1.152
1.046
0.898
0.746
0.619
0.526
0.463
0.392
0.315
0.274
0.284
0.333
0.435
0.54
0.619
0.755
0.928
1.021
1.073
1.125
1.134
1.066
0.941
0.796
0.646
0.483
0.361
0.261
0.111
0.034
0.082
0.15
0.225
0.354
0.513
0.662
0.764
0.794
0.782
0.81
0.864
0.851
0.744
0.578
0.406
0.333
0.324
0.247
0.129
0.048
0.034
0.068
0.134
0.209
0.288
0.422
0.628
0.776
0.773
0.778
0.837
0.887
0.869
0.803
0.712
0.635
0.576
0.515
0.426
0.343
0.281
0.247
0.252
0.268
0.302
0.406
0.549
0.655
0.751
0.798
0.817
0.855
0.887
0.891
0.88
0.873
0.887
0.864
0.787
0.728
0.687
0.631
0.615
0.687
0.76
0.801
0.841
0.894
0.946
0.993
1.005
0.975
0.969
0.98
1.023
1.087
1.102
1.1
1.098
1.098
1.1
1.087
1.048
0.996
0.984
1.021
1.091
1.125
1.139
1.168
1.191
1.2
1.223
1.272
1.322
1.336
1.32
1.277
1.211
1.152
1.075
0.993
0.935
0.885
0.903
0.975
1.016
1.046
1.109
1.195
1.261
1.313
1.331
1.275
1.204
1.207
1.211
1.143
1.05
0.996
0.919
0.866
0.91
0.971
0.955
0.903
0.873
0.896
0.93
0.939
0.923
0.916
0.973
1.039
1.114
1.155
1.139
1.118
1.114
1.071
0.941
0.76
0.594
0.485
0.401
0.329
0.293
0.277
0.336
0.445
0.549
0.66
0.828
0.982
1.039
1.016
0.957
0.894
0.805
0.658
0.467
0.308
0.19
0.116
0.132
0.184
0.193
0.202
0.252
0.306
0.361
0.406
0.451
0.494
0.519
0.535
0.547
0.547
0.54
0.504
0.456
0.422
0.442
0.447
0.397
0.336
0.331
0.336
0.277
0.19
0.141
0.159
0.263
0.411
0.524
0.599
0.646
0.676
0.678
0.626
0.535
0.447
0.338
0.22
0.118
0.048
0.014
0.007
0.032
0.093
0.2
0.345
0.481
0.565
0.583
0.56
0.497
0.411
0.279
0.12
0.007
-0.068
-0.159
-0.22
-0.206
-0.166
-0.129
-0.038
0.063
0.129
0.159
0.159
0.093
0.025
0.011
-0.018
-0.048
-0.007
0.077
0.125
0.147
0.186
0.2
0.147
0.014
-0.145
-0.313
-0.472
-0.549
-0.567
-0.594
-0.615
-0.524
-0.34
-0.136
0.05
0.186
0.29
0.386
0.42
0.313
0.093
-0.152
-0.365
-0.519
-0.631
-0.705
-0.705
-0.626
-0.524
-0.454
-0.383
-0.327
-0.302
-0.29
-0.284
-0.261
-0.279
-0.329
-0.399
-0.456
-0.499
-0.483
-0.426
-0.381
-0.377
-0.374
-0.379
-0.431
-0.524
-0.644
-0.751
-0.796
-0.807
-0.787
-0.739
-0.644
-0.497
-0.338
-0.211
-0.15
-0.118
-0.107
-0.15
-0.236
-0.356
-0.499
-0.631
-0.762
-0.882
-0.941
-0.887
-0.769
-0.653
-0.551
-0.458
-0.367
-0.304
-0.263
-0.265
-0.299
-0.372
-0.422
-0.456
-0.51
-0.556
-0.553
-0.547
-0.567
-0.587
-0.578
-0.562
-0.569
-0.635
-0.728
-0.803
-0.873
-0.948
-0.973
-0.928
-0.826
-0.696
-0.508
-0.286
-0.138
-0.107
-0.147
-0.206
-0.243
-0.324
-0.501
-0.739
-0.955
-1.107
-1.227
-1.359
-1.463
-1.411
-1.245
-1.073
-0.944
-0.841
-0.751
-0.676
-0.699
-0.853
-1.005
-1.098
-1.161
-1.263
-1.336
-1.316
-1.177
-1.077
-1.121
-1.202
-1.245
-1.313
-1.447
-1.581
-1.701
-1.812
-1.855
-1.833
-1.806
-1.765
-1.624
-1.404
-1.272
-1.295
-1.338
-1.32
-1.356
-1.504
-1.713
-1.908
-2.062
-2.141
-2.168
-2.168
-2.114
-1.96
-1.733
-1.504
-1.361
-1.322
-1.32
-1.329
-1.388
-1.549
-1.749
-1.933
-2.053
-2.089
-2.055
-1.962
-1.812
-1.672
-1.601
-1.585
-1.604
-1.631
-1.644
-1.647
-1.706
-1.826
-1.896
-1.867
-1.821
-1.819
-1.844
-1.826
-1.726
-1.631
-1.606
-1.604
-1.615
-1.674
-1.76
-1.849
-1.957
-2.023
-1.973
-1.855
-1.749
-1.599
-1.413
-1.291
-1.27
-1.311
-1.34
-1.384
-1.495
-1.681
-1.855
-1.957
-1.989
-1.978
-1.976
-1.971
-1.91
-1.767
-1.567
-1.402
-1.327
-1.286
-1.223
-1.209
-1.304
-1.427
-1.52
-1.59
-1.656
-1.672
-1.617
-1.511
-1.397
-1.316
-1.27
-1.248
-1.243
-1.286
-1.347
-1.418
-1.497
-1.579
-1.601
-1.604
-1.601
-1.572
-1.468
-1.302
-1.13
-1.014
-0.978
-0.966
-0.959
-0.957
-1.023
-1.164
-1.293
-1.359
-1.327
-1.259
-1.177
-1.066
-0.914
-0.792
-0.728
-0.685
-0.683
-0.721
-0.794
-0.857
-0.921
-1.009
-1.096
-1.136
-1.111
-1.032
-0.939
-0.823
-0.719
-0.683
-0.708
-0.73
-0.73
-0.787
-0.891
-0.964
-1.021
-1.077
-1.098
-1.059
-0.973
-0.896
-0.882
-0.903
-0.916
-0.939
-1.012
-1.114
-1.223
-1.302
-1.395
-1.513
-1.583
-1.551
-1.497
-1.452
-1.384
-1.309
-1.245
-1.229
-1.248
-1.297
-1.381
-1.458
-1.465
-1.445
-1.422
-1.384
-1.354
-1.331
-1.327
-1.34
-1.336
-1.334
-1.388
-1.445
-1.461
-1.472
-1.52
-1.588
-1.656
-1.681
-1.633
-1.574
-1.576
-1.59
-1.526
-1.418
-1.388
-1.429
-1.447
-1.481
-1.542
-1.556
-1.554
-1.563
-1.59
-1.672
-1.783
-1.837
-1.858
-1.86
-1.853
-1.878
-1.899
-1.862
-1.819
-1.808
-1.803
-1.824
-1.851
-1.849
-1.831
-1.844
-1.828
-1.762
-1.694
-1.674
-1.679
-1.719
-1.81
-1.926
-1.998
-2.039
-2.066
-2.116
-2.168
-2.177
-2.141
-2.075
-2.001
-1.944
-1.933
-1.883
-1.801
-1.765
-1.792
-1.801
-1.81
-1.855
-1.905
-1.919
-1.876
-1.803
-1.749
-1.749
-1.785
-1.842
-1.923
-2.032
-2.112
-2.159
-2.227
-2.323
-2.375
-2.359
-2.298
-2.198
-2.053
-1.946
-1.887
-1.831
-1.767
-1.715
-1.706
-1.742
-1.767
-1.81
-1.91
-1.985
-1.98
-1.933
-1.871
-1.844
-1.862
-1.896
-1.889
-1.874
-1.953
-2.066
-2.107
-2.1
-2.096
-2.1
-2.118
-2.132
-2.071
-1.962
-1.908
-1.903
-1.883
-1.842
-1.817
-1.871
-1.969
-2.012
-2.023
-2.069
-2.114
-2.084
-2.016
-1.942
-1.889
-1.901
-1.935
-1.948
-1.951
-1.978
-2.094
-2.198
-2.164
-2.082
-2.069
-2.089
-2.062
-1.982
-1.885
-1.84
-1.84
-1.84
-1.799
-1.742
-1.74
-1.767
-1.781
-1.769
-1.694
-1.658
-1.719
-1.767
-1.726
-1.622
-1.506
-1.418
-1.356
-1.277
-1.202
-1.211
-1.291
-1.393
-1.431
-1.422
-1.508
-1.642
-1.66
-1.572
-1.542
-1.626
-1.694
-1.615
-1.433
-1.316
-1.327
-1.334
-1.227
-1.064
-0.957
-0.941
-1.028
-1.102
-1.048
-0.937
-0.903
-0.953
-0.989
-0.962
-0.912
-0.914
-0.989
-1.087
-1.161
-1.195
-1.209
-1.189
-1.111
-1.003
-0.935
-0.905
-0.814
-0.68
-0.581
-0.576
-0.633
-0.674
-0.642
-0.585
-0.649
-0.769
-0.771
-0.689
-0.594
-0.549
-0.574
-0.594
-0.544
-0.451
-0.401
-0.44
-0.515
-0.594
-0.687
-0.773
-0.789
-0.753
-0.705
-0.626
-0.56
-0.519
-0.506
-0.508
-0.549
-0.601
-0.64
-0.628
-0.606
-0.594
-0.587
-0.583
-0.499
-0.347
-0.281
-0.286
-0.295
-0.277
-0.245
-0.249
-0.315
-0.408
-0.467
-0.488
-0.504
-0.556
-0.574
-0.515
-0.46
-0.422
-0.347
-0.261
-0.229
-0.254
-0.29
-0.306
-0.318
-0.313
-0.288
-0.254
-0.238
-0.215
-0.136
-0.007
0.034
-0.063
-0.109
-0.061
-0.057
-0.136
-0.229
-0.279
-0.284
-0.284
-0.272
-0.249
-0.243
-0.22
-0.159
-0.113
-0.061
0.014
0.036
0.014
-0.014
-0.009
0.009
0.02
0.016
0.002
0.011
0.061
0.097
0.109
0.122
0.097
0.084
0.107
0.086
0.004
-0.079
-0.1
-0.111
-0.154
-0.179
-0.143
-0.118
-0.102
-0.043
0.041
0.079
0.095
0.077
0.041
0.048
0.075
0.048
-0.036
-0.084
-0.075
-0.045
-0.009
0.027
0.002
0.004
0.068
0.086
0.052
0.004
-0.048
-0.093
-0.127
-0.172
-0.225
-0.236
-0.188
-0.102
-0.007
0.068
0.166
0.227
0.222
0.238
0.238
0.184
0.107
0.032
-0.043
-0.093
-0.086
-0.048
-0.011
0.023
0.043
0.054
0.118
0.152
0.082
-0.002
-0.011
0.023
0.061
0.066
0.038
0.034
0.093
0.193
0.259
0.218
0.166
0.172
0.141
0.075
0.038
0.011
-0.052
-0.104
-0.109
-0.088
-0.057
-0.014
0.029
0.097
0.195
0.288
0.313
0.304
0.308
0.277
0.225
0.202
0.202
0.175
0.125
0.082
0.093
0.127
0.134
0.097
0.109
0.147
0.138
0.118
0.143
0.152
0.134
0.184
0.247
0.268
0.236
0.186
0.159
0.193
0.254
0.272
0.234
0.202
0.247
0.331
0.343
0.313
0.34
0.358
0.308
0.293
0.331
0.386
0.404
0.426
0.456
0.485
0.508
0.504
0.465
0.406
0.356
0.349
0.392
0.372
0.299
0.302
0.372
0.415
0.44
0.438
0.435
0.483
0.572
0.61
0.585
0.547
0.542
0.572
0.585
0.567
0.583
0.599
0.576
0.585
0.615
0.631
0.612
0.569
0.504
0.449
0.408
0.367
0.358
0.333
0.261
0.229
0.311
0.377
0.37
0.361
0.386
0.429
0.435
0.422
0.424
0.467
0.535
0.587
0.615
0.592
0.562
0.56
0.569
0.581
0.601
0.551
0.474
0.451
0.463
0.465
0.454
0.438
0.429
0.456
0.492
0.504
0.517
0.531
0.488
0.47
0.565
0.642
0.617
0.615
0.658
0.733
0.794
0.837
0.869
0.876
0.857
0.844
0.871
0.91
0.9
0.869
0.828
0.857
0.928
0.914
0.828
0.798
0.832
0.896
0.95
0.969
0.955
0.953
0.973
0.993
1.003
0.996
0.955
0.939
1.018
1.102
1.136
1.159
1.177
1.202
1.216
1.198
1.161
1.166
1.155
1.132
1.134
1.168
1.191
1.184
1.157
1.148
1.175
1.141
1.064
0.991
0.935
0.907
0.921
0.935
0.912
0.896
0.923
0.957
0.975
0.989
0.955
0.935
1.012
1.114
1.145
1.111
1.075
1.046
1.012
0.955
0.882
0.805
0.71
0.651
0.685
0.746
0.773
0.794
0.86
0.957
1.037
1.03
0.984
0.966
0.923
0.857
0.83
0.835
0.812
0.789
0.792
0.826
0.88
0.925
0.914
0.9
0.93
0.948
0.944
0.989
0.996
0.937
0.848
0.83
0.88
0.928
0.88
0.807
0.821
0.928
0.998
0.964
0.894
0.903
0.991
1.025
0.991
0.953
0.928
0.959
1.062
1.141
1.116
1.091
1.127
1.184
1.182
1.123
1.018
0.962
0.975
0.993
1.003
1.037
1.05
1.064
1.121
1.195
1.263
1.306
1.316
1.329
1.386
1.458
1.47
1.404
1.352
1.309
1.254
1.216
1.216
1.223
1.214
1.241
1.313
1.399
1.395
1.316
1.3
1.359
1.393
1.415
1.429
1.397
1.37
1.393
1.42
1.429
1.427
1.452
1.513
1.536
1.526
1.504
1.427
1.334
1.35
1.418
1.436
1.399
1.375
1.39
1.443
1.454
1.438
1.431
1.454
1.479
1.49
1.481
1.422
1.336
1.291
1.277
1.25
1.211
1.2
1.214
1.261
1.35
1.427
1.429
1.386
1.352
1.329
1.272
1.17
1.028
0.887
0.821
0.821
0.801
0.735
0.671
0.685
0.776
0.866
0.866
0.798
0.748
0.728
0.699
0.628
0.526
0.426
0.347
0.34
0.367
0.336
0.24
0.227
0.304
0.365
0.361
0.336
0.356
0.383
0.361
0.279
0.186
0.12
0.07
0.025
0.018
0.016
-0.016
-0.093
-0.138
-0.111
-0.068
-0.061
-0.054
-0.036
-0.027
-0.034
-0.079
-0.145
-0.181
-0.209
-0.245
-0.227
-0.156
-0.095
-0.102
-0.136
-0.156
-0.156
-0.134
-0.111
-0.079
-0.05
-0.045
-0.073
-0.086
-0.075
-0.097
-0.134
-0.125
-0.061
0
0.004
-0.027
-0.061
-0.1
-0.118
-0.088
-0.057
-0.045
-0.041
0.018
0.116
0.17
0.143
0.127
0.181
0.293
0.379
0.386
0.347
0.343
0.379
0.386
0.361
0.37
0.415
0.483
0.556
0.599
0.624
0.585
0.526
0.581
0.742
0.857
0.844
0.798
0.807
0.855
0.86
0.819
0.798
0.817
0.841
0.921
1.025
1.075
1.057
1.064
1.132
1.254
1.343
1.345
1.302
1.331
1.411
1.445
1.384
1.306
1.304
1.399
1.486
1.508
1.502
1.486
1.477
1.506
1.57
1.567
1.506
1.465
1.508
1.556
1.52
1.433
1.406
1.427
1.438
1.431
1.452
1.479
1.483
1.504
1.538
1.545
1.515
1.497
1.511
1.54
1.563
1.538
1.495
1.49
1.524
1.542
1.517
1.486
1.445
1.388
1.329
1.293
1.295
1.295
1.243
1.173
1.166
1.175
1.145
1.134
1.204
1.284
1.263
1.223
1.248
1.3
1.279
1.209
1.175
1.204
1.252
1.293
1.293
1.268
1.234
1.179
1.127
1.125
1.13
1.105
1.066
1.043
1.018
0.973
0.935
0.921
0.948
0.973
0.959
0.887
0.848
0.894
0.959
0.989
0.989
1.007
1.018
1.052
1.127
1.179
1.125
1.016
0.948
0.941
0.978
1.016
1.037
1.064
1.109
1.125
1.125
1.111
1.082
1.084
1.118
1.089
0.955
0.819
0.767
0.832
0.937
1
0.991
0.98
1.037
1.127
1.168
1.13
1.046
0.989
0.966
0.946
0.925
0.935
0.95
0.959
0.984
1.023
1.052
1.032
1.007
1.032
1.028
0.91
0.739
0.66
0.696
0.733
0.655
0.524
0.465
0.465
0.465
0.458
0.47
0.456
0.397
0.361
0.411
0.451
0.381
0.279
0.236
0.243
0.252
0.236
0.195
0.175
0.202
0.186
0.109
0.079
0.107
0.12
0.116
0.102
0.07
0.014
-0.009
0.018
0.032
-0.023
-0.086
-0.095
-0.052
-0.043
-0.079
-0.093
-0.084
-0.113
-0.188
-0.249
-0.286
-0.277
-0.222
-0.143
-0.086
-0.063
-0.029
0.043
0.156
0.268
0.284
0.193
0.102
0.054
0.063
0.088
0.07
0.004
-0.082
-0.111
-0.063
-0.011
0
0.025
0.082
0.175
0.24
0.222
0.138
0.104
0.172
0.213
0.152
0.063
0.063
0.193
0.331
0.358
0.336
0.377
0.481
0.567
0.592
0.549
0.474
0.397
0.354
0.343
0.352
0.32
0.259
0.245
0.313
0.395
0.415
0.42
0.481
0.542
0.544
0.549
0.596
0.649
0.655
0.651
0.644
0.615
0.54
0.485
0.46
0.42
0.324
0.218
0.156
0.141
0.154
0.215
0.293
0.367
0.438
0.483
0.488
0.488
0.492
0.463
0.426
0.399
0.343
0.256
0.227
0.311
0.417
0.386
0.286
0.29
0.352
0.358
0.32
0.318
0.333
0.311
0.293
0.318
0.34
0.308
0.268
0.231
0.209
0.175
0.109
0.082
0.102
0.132
0.161
0.209
0.256
0.324
0.438
0.547
0.596
0.612
0.617
0.601
0.515
0.372
0.261
0.213
0.179
0.095
-0.002
-0.038
-0.014
0
0.029
0.113
0.215
0.308
0.374
0.408
0.445
0.483
0.481
0.438
0.388
0.315
0.184
0.066
-0.009
-0.084
-0.143
-0.12
-0.043
0.068
0.184
0.238
0.284
0.381
0.438
0.431
0.413
0.365
0.24
0.079
-0.023
-0.057
-0.091
-0.159
-0.181
-0.127
-0.048
0.016
0.061
0.093
0.1
0.079
0.075
0.107
0.093
0.036
0.002
0.014
0.02
-0.011
-0.05
-0.073
-0.107
-0.186
-0.295
-0.363
-0.417
-0.463
-0.467
-0.415
-0.308
-0.197
-0.086
0.007
0.063
0.084
0.054
0.007
-0.009
-0.066
-0.206
-0.352
-0.44
-0.465
-0.47
-0.415
-0.284
-0.141
-0.066
0.016
0.136
0.206
0.236
0.229
0.184
0.095
-0.014
-0.088
-0.104
-0.127
-0.179
-0.211
-0.138
-0.034
0.029
0.084
0.152
0.197
0.215
0.247
0.243
0.177
0.122
0.107
0.086
0.029
-0.054
-0.143
-0.2
-0.211
-0.211
-0.184
-0.141
-0.104
-0.054
0.011
0.111
0.206
0.274
0.352
0.361
0.259
0.141
0.093
0.041
-0.073
-0.2
-0.297
-0.365
-0.411
-0.406
-0.358
-0.324
-0.331
-0.313
-0.247
-0.145
-0.086
-0.097
-0.12
-0.118
-0.073
-0.041
-0.1
-0.247
-0.299
-0.24
-0.215
-0.277
-0.333
-0.367
-0.388
-0.374
-0.315
-0.238
-0.175
-0.086
0.007
0.036
0.009
0.004
0.004
-0.016
-0.097
-0.252
-0.356
-0.349
-0.308
-0.308
-0.259
-0.163
-0.073
0.05
0.186
0.259
0.243
0.209
0.211
0.225
0.227
0.209
0.2
0.19
0.143
0.082
0.073
0.059
0.007
0
0.091
0.179
0.234
0.259
0.268
0.293
0.32
0.331
0.356
0.399
0.411
0.374
0.299
0.24
0.211
0.197
0.204
0.249
0.279
0.284
0.343
0.411
0.411
0.377
0.372
0.356
0.295
0.238
0.186
0.184
0.236
0.256
0.229
0.236
0.279
0.313
0.329
0.329
0.327
0.345
0.349
0.245
0.097
0.043
0.079
0.132
0.177
0.181
0.175
0.202
0.245
0.265
0.256
0.227
0.184
0.145
0.129
0.134
0.136
0.113
0.116
0.132
0.084
0.011
-0.018
-0.061
-0.127
-0.184
-0.231
-0.286
-0.324
-0.358
-0.352
-0.306
-0.256
-0.209
-0.177
-0.136
-0.07
-0.023
-0.077
-0.175
-0.209
-0.202
-0.299
-0.508
-0.633
-0.619
-0.606
-0.592
-0.56
-0.54
-0.476
-0.343
-0.2
-0.095
-0.025
0.018
0.079
0.152
0.234
0.213
0.079
-0.009
-0.073
-0.186
-0.308
-0.411
-0.474
-0.467
-0.413
-0.324
-0.22
-0.132
-0.07
0.029
0.132
0.179
0.256
0.356
0.406
0.395
0.34
0.263
0.19
0.12
0.045
-0.027
-0.061
-0.038
-0.061
-0.109
-0.077
-0.025
0.016
0.107
0.238
0.347
0.451
0.576
0.68
0.733
0.717
0.667
0.615
0.494
0.336
0.222
0.109
-0.018
-0.086
-0.102
-0.102
-0.084
0.002
0.147
0.297
0.445
0.59
0.658
0.71
0.742
0.701
0.635
0.599
0.542
0.435
0.315
0.181
0.063
-0.02
-0.107
-0.17
-0.222
-0.27
-0.234
-0.111
-0.034
-0.034
-0.02
0.036
0.093
0.138
0.152
0.127
0.12
0.166
0.15
0.073
-0.014
-0.138
-0.272
-0.358
-0.411
-0.494
-0.592
-0.665
-0.658
-0.624
-0.592
-0.565
-0.492
-0.429
-0.381
-0.254
-0.097
-0.054
-0.088
-0.111
-0.138
-0.202
-0.333
-0.497
-0.644
-0.719
-0.771
-0.894
-0.982
-0.993
-0.944
-0.844
-0.703
-0.547
-0.399
-0.284
-0.166
-0.068
-0.034
-0.052
-0.068
-0.075
-0.134
-0.229
-0.265
-0.322
-0.442
-0.556
-0.658
-0.753
-0.801
-0.812
-0.78
-0.696
-0.547
-0.381
-0.234
-0.066
0.116
0.227
0.293
0.345
0.377
0.363
0.308
0.184
0.02
-0.129
-0.284
-0.411
-0.513
-0.617
-0.637
-0.56
-0.47
-0.411
-0.333
-0.204
-0.045
0.068
0.175
0.268
0.34
0.374
0.331
0.249
0.163
0.043
-0.095
-0.225
-0.333
-0.404
-0.445
-0.483
-0.513
-0.522
-0.513
-0.492
-0.445
-0.417
-0.388
-0.279
-0.161
-0.122
-0.107
-0.093
-0.107
-0.145
-0.186
-0.229
-0.274
-0.311
-0.367
-0.481
-0.587
-0.669
-0.773
-0.848
-0.857
-0.832
-0.801
-0.787
-0.758
-0.658
-0.542
-0.519
-0.553
-0.567
-0.594
-0.587
-0.569
-0.617
-0.735
-0.821
-0.851
-0.873
-0.93
-1.009
-1.087
-1.121
-1.089
-1.009
-0.975
-0.957
-0.9
-0.814
-0.705
-0.608
-0.562
-0.558
-0.562
-0.594
-0.644
-0.726
-0.805
-0.873
-0.919
-0.978
-1.075
-1.111
-1.05
-0.987
-0.93
-0.848
-0.764
-0.694
-0.61
-0.535
-0.456
-0.345
-0.22
-0.152
-0.195
-0.274
-0.274
-0.295
-0.408
-0.504
-0.479
-0.395
-0.338
-0.336
-0.313
-0.206
-0.086
-0.054
-0.132
-0.179
-0.132
-0.073
-0.011
0
-0.043
-0.038
0.043
0.063
-0.059
-0.2
-0.193
-0.107
-0.084
-0.093
-0.023
0.129
0.32
0.445
0.404
0.322
0.315
0.347
0.281
0.118
-0.027
-0.102
-0.147
-0.197
-0.256
-0.27
-0.229
-0.2
-0.143
-0.043
0.038
0.111
0.156
0.134
0.077
0.036
0.016
-0.036
-0.136
-0.254
-0.324
-0.32
-0.313
-0.331
-0.361
-0.413
-0.454
-0.479
-0.483
-0.458
-0.442
-0.499
-0.565
-0.574
-0.567
-0.596
-0.665
-0.758
-0.807
-0.739
-0.662
-0.692
-0.744
-0.728
-0.694
-0.701
-0.755
-0.832
-0.88
-0.871
-0.787
-0.689
-0.674
-0.689
-0.653
-0.606
-0.633
-0.719
-0.803
-0.887
-1
-1.105
-1.186
-1.218
-1.168
-1.075
-1.005
-0.973
-0.91
-0.805
-0.712
-0.699
-0.719
-0.692
-0.649
-0.683
-0.785
-0.844
-0.844
-0.83
-0.794
-0.739
-0.721
-0.737
-0.728
-0.719
-0.769
-0.844
-0.882
-0.885
-0.891
-0.88
-0.819
-0.735
-0.68
-0.631
-0.549
-0.442
-0.383
-0.381
-0.347
-0.29
-0.261
-0.302
-0.372
-0.472
-0.578
-0.678
-0.728
-0.712
-0.712
-0.712
-0.665
-0.565
-0.435
-0.284
-0.211
-0.229
-0.243
-0.222
-0.204
-0.236
-0.313
-0.386
-0.417
-0.445
-0.497
-0.578
-0.64
-0.678
-0.685
-0.66
-0.653
-0.669
-0.658
-0.612
-0.567
-0.553
-0.538
-0.515
-0.513
-0.51
-0.472
-0.445
-0.472
-0.533
-0.621
-0.751
-0.866
-0.923
-0.941
-0.993
-1.071
-1.075
-0.993
-0.916
-0.889
-0.882
-0.83
-0.78
-0.782
-0.826
-0.885
-0.971
-1.041
-1.1
-1.155
-1.191
-1.202
-1.22
-1.227
-1.218
-1.191
-1.139
-1.118
-1.123
-1.141
-1.148
-1.157
-1.17
-1.195
-1.209
-1.214
-1.216
-1.22
-1.204
-1.186
-1.211
-1.252
-1.286
-1.336
-1.356
-1.329
-1.35
-1.413
-1.427
-1.375
-1.322
-1.295
-1.27
-1.227
-1.168
-1.125
-1.1
-1.098
-1.121
-1.139
-1.127
-1.166
-1.268
-1.347
-1.365
-1.334
-1.302
-1.282
-1.25
-1.195
-1.127
-1.055
-1.021
-1.025
-1.043
-1.057
-1.105
-1.166
-1.159
-1.1
-1.064
-1.059
-1.043
-1.023
-1.012
-1.012
-1.057
-1.125
-1.161
-1.141
-1.1
-1.075
-1.087
-1.057
-0.964
-0.903
-0.898
-0.885
-0.837
-0.817
-0.841
-0.898
-0.957
-1.018
-1.075
-1.13
-1.186
-1.227
-1.248
-1.248
-1.223
-1.157
-1.048
-0.944
-0.896
-0.857
-0.81
-0.796
-0.823
-0.86
-0.887
-0.912
-0.987
-1.068
-1.077
-1.057
-1.096
-1.184
-1.252
-1.248
-1.2
-1.139
-1.111
-1.096
-1.037
-0.957
-0.921
-0.919
-0.923
-0.912
-0.898
-0.894
-0.925
-0.987
-1.032
-1.021
-0.989
-1.014
-1.105
-1.182
-1.191
-1.179
-1.189
-1.202
-1.17
-1.093
-1.018
-0.932
-0.803
-0.683
-0.644
-0.66
-0.694
-0.748
-0.787
-0.832
-0.896
-0.957
-1.012
-1.014
-0.975
-0.953
-0.966
-0.969
-0.932
-0.891
-0.828
-0.755
-0.739
-0.735
-0.683
-0.603
-0.569
-0.603
-0.646
-0.669
-0.642
-0.594
-0.538
-0.544
-0.599
-0.624
-0.628
-0.651
-0.696
-0.737
-0.769
-0.805
-0.789
-0.71
-0.624
-0.569
-0.508
-0.449
-0.406
-0.372
-0.354
-0.367
-0.445
-0.531
-0.567
-0.581
-0.615
-0.665
-0.667
-0.633
-0.594
-0.547
-0.485
-0.474
-0.474
-0.44
-0.39
-0.37
-0.404
-0.442
-0.433
-0.431
-0.44
-0.465
-0.535
-0.596
-0.583
-0.533
-0.547
-0.583
-0.549
-0.472
-0.415
-0.406
-0.39
-0.352
-0.336
-0.358
-0.347
-0.308
-0.315
-0.361
-0.379
-0.406
-0.476
-0.547
-0.608
-0.68
-0.742
-0.742
-0.685
-0.637
-0.594
-0.547
-0.46
-0.347
-0.238
-0.211
-0.259
-0.318
-0.333
-0.311
-0.336
-0.399
-0.431
-0.431
-0.458
-0.49
-0.508
-0.51
-0.535
-0.553
-0.533
-0.47
-0.399
-0.34
-0.302
-0.281
-0.281
-0.284
-0.277
-0.286
-0.329
-0.356
-0.347
-0.324
-0.318
-0.295
-0.302
-0.329
-0.299
-0.234
-0.218
-0.245
-0.259
-0.245
-0.225
-0.218
-0.211
-0.234
-0.261
-0.265
-0.231
-0.204
-0.247
-0.333
-0.367
-0.338
-0.34
-0.343
-0.331
-0.354
-0.397
-0.399
-0.349
-0.286
-0.238
-0.184
-0.132
-0.109
-0.079
-0.054
-0.066
-0.05
-0.059
-0.102
-0.122
-0.118
-0.132
-0.163
-0.175
-0.179
-0.181
-0.195
-0.231
-0.259
-0.222
-0.166
-0.136
-0.093
-0.038
-0.002
0.038
0.086
0.118
0.1
0.082
0.068
0.093
0.141
0.147
0.125
0.104
0.057
0.011
0.02
0.02
-0.016
-0.052
-0.07
-0.077
-0.088
-0.102
-0.118
-0.116
-0.043
0.048
0.063
0.05
0.054
0.068
0.029
-0.066
-0.17
-0.234
-0.265
-0.284
-0.268
-0.209
-0.152
-0.111
-0.097
-0.125
-0.1
-0.032
-0.007
-0.034
-0.045
-0.048
-0.068
-0.122
-0.188
-0.29
-0.377
-0.365
-0.352
-0.372
-0.358
-0.315
-0.281
-0.222
-0.163
-0.145
-0.12
-0.086
-0.07
-0.054
-0.009
0.032
0.086
0.093
0.038
0.034
0.066
0.048
-0.014
-0.014
0.036
0.079
0.079
0.045
-0.007
-0.011
0.05
0.118
0.2
0.268
0.29
0.286
0.327
0.356
0.377
0.372
0.352
0.343
0.358
0.383
0.438
0.494
0.474
0.483
0.553
0.615
0.619
0.615
0.624
0.615
0.558
0.488
0.411
0.358
0.383
0.413
0.39
0.404
0.476
0.556
0.596
0.603
0.608
0.635
0.651
0.621
0.576
0.49
0.404
0.367
0.302
0.145
0.032
0.014
0.048
0.075
0.077
0.057
0.075
0.097
0.029
-0.145
-0.295
-0.324
-0.343
-0.435
-0.528
-0.581
-0.601
-0.615
-0.644
-0.694
-0.726
-0.705
-0.703
-0.767
-0.876
-0.941
-0.964
-1.062
-1.229
-1.343
-1.37
-1.354
-1.336
-1.325
-1.316
-1.295
-1.261
-1.277
-1.413
-1.52
-1.526
-1.504
-1.477
-1.463
-1.465
-1.424
-1.368
-1.338
-1.322
-1.263
-1.193
-1.17
-1.179
-1.179
-1.116
-1.032
-1.041
-1.057
-0.982
-0.885
-0.848
-0.832
-0.805
-0.751
-0.687
-0.621
-0.587
-0.633
-0.649
-0.601
-0.515
-0.429
-0.354
-0.29
-0.17
-0.02
0.095
0.193
0.338
0.49
0.592
0.649
0.696
0.764
0.762
0.649
0.558
0.592
0.642
0.669
0.696
0.744
0.828
0.937
1.041
1.098
1.132
1.227
1.322
1.393
1.49
1.547
1.542
1.551
1.604
1.665
1.717
1.781
1.871
1.948
1.989
2.066
2.091
2.012
1.951
1.96
1.935
1.923
1.987
2.062
2.089
2.109
2.143
2.196
2.293
2.311
2.293
2.334
2.377
2.395
2.388
2.339
2.275
2.28
2.336
2.418
2.432
2.391
2.366
2.354
2.368
2.395
2.373
2.343
2.341
2.348
2.364
2.395
2.395
2.352
2.382
2.466
2.513
2.511
2.443
2.348
2.298
2.289
2.261
2.216
2.209
2.264
2.354
2.479
2.627
2.665
2.593
2.563
2.609
2.609
2.506
2.375
2.282
2.234
2.171
2.107
2.112
2.189
2.261
2.373
2.491
2.547
2.547
2.547
2.536
2.509
2.466
2.429
2.384
2.325
2.307
2.3
2.293
2.307
2.316
2.28
2.28
2.318
2.307
2.187
2.014
1.908
1.914
1.955
1.942
1.923
1.946
2.03
2.139
2.182
2.171
2.143
2.112
2.087
2.041
1.93
1.815
1.706
1.533
1.402
1.399
1.468
1.52
1.515
1.488
1.531
1.613
1.595
1.488
1.395
1.318
1.229
1.111
0.953
0.814
0.755
0.753
0.748
0.739
0.748
0.792
0.837
0.866
0.844
0.739
0.61
0.492
0.372
0.272
0.22
0.175
0.111
0.07
0.07
0.12
0.211
0.234
0.19
0.136
0.041
-0.082
-0.213
-0.363
-0.522
-0.626
-0.649
-0.612
-0.556
-0.465
-0.324
-0.261
-0.29
-0.304
-0.277
-0.272
-0.333
-0.406
-0.415
-0.39
-0.42
-0.472
-0.451
-0.379
-0.322
-0.279
-0.265
-0.245
-0.215
-0.211
-0.2
-0.186
-0.209
-0.24
-0.225
-0.134
-0.002
0.057
0.061
0.12
0.234
0.338
0.417
0.463
0.454
0.406
0.349
0.315
0.327
0.354
0.392
0.463
0.544
0.601
0.646
0.723
0.839
0.91
0.885
0.826
0.823
0.846
0.848
0.782
0.655
0.603
0.621
0.642
0.676
0.748
0.817
0.841
0.81
0.723
0.685
0.705
0.696
0.637
0.599
0.592
0.615
0.644
0.669
0.701
0.723
0.719
0.676
0.599
0.544
0.526
0.454
0.358
0.252
0.145
0.091
0.136
0.204
0.184
0.111
0.073
0.084
0.12
0.118
0.1
0.091
0.068
0
-0.075
-0.095
-0.084
-0.127
-0.22
-0.284
-0.281
-0.263
-0.284
-0.358
-0.392
-0.343
-0.333
-0.44
-0.519
-0.524
-0.526
-0.542
-0.583
-0.64
-0.676
-0.644
-0.581
-0.524
-0.515
-0.56
-0.594
-0.621
-0.649
-0.615
-0.596
-0.626
-0.624
-0.558
-0.494
-0.442
-0.397
-0.388
-0.424
-0.449
-0.424
-0.397
-0.417
-0.46
-0.467
-0.417
-0.327
-0.236
-0.166
-0.045
0.091
0.166
0.19
0.243
0.297
0.308
0.281
0.231
0.179
0.161
0.163
0.156
0.184
0.279
0.415
0.508
0.519
0.574
0.719
0.81
0.805
0.796
0.769
0.769
0.846
0.939
0.989
1.062
1.139
1.204
1.254
1.266
1.229
1.179
1.139
1.098
1.014
0.975
0.998
0.996
0.964
0.98
1.073
1.191
1.288
1.331
1.361
1.37
1.334
1.272
1.191
1.107
1.055
1.03
0.991
0.973
1.005
1.068
1.121
1.168
1.161
1.08
0.98
0.907
0.866
0.837
0.805
0.78
0.764
0.785
0.855
0.953
1.03
1.107
1.134
1.114
1.141
1.184
1.139
1.037
0.955
0.898
0.866
0.891
0.937
0.993
1.066
1.155
1.227
1.268
1.284
1.291
1.284
1.25
1.216
1.209
1.179
1.166
1.216
1.291
1.325
1.331
1.35
1.424
1.561
1.697
1.794
1.853
1.892
1.894
1.867
1.86
1.894
1.892
1.844
1.824
1.867
1.912
1.964
2.037
2.116
2.182
2.218
2.261
2.334
2.402
2.407
2.388
2.427
2.506
2.586
2.629
2.661
2.767
2.844
2.835
2.817
2.831
2.851
2.822
2.749
2.679
2.647
2.652
2.715
2.804
2.892
2.919
2.926
2.985
3.083
3.103
2.994
2.835
2.706
2.631
2.597
2.599
2.593
2.565
2.556
2.584
2.613
2.584
2.536
2.488
2.404
2.259
2.091
1.971
1.914
1.919
1.926
1.862
1.787
1.783
1.796
1.796
1.76
1.681
1.574
1.456
1.345
1.277
1.257
1.257
1.207
1.145
1.145
1.159
1.118
1.057
0.996
0.855
0.667
0.54
0.497
0.488
0.483
0.481
0.451
0.44
0.46
0.497
0.494
0.431
0.308
0.184
0.073
0
-0.004
-0.041
-0.116
-0.147
-0.132
-0.129
-0.12
-0.088
-0.034
-0.014
-0.048
-0.086
-0.111
-0.141
-0.22
-0.324
-0.406
-0.44
-0.463
-0.515
-0.506
-0.413
-0.308
-0.254
-0.259
-0.265
-0.231
-0.177
-0.136
-0.145
-0.215
-0.29
-0.315
-0.333
-0.379
-0.467
-0.581
-0.603
-0.556
-0.535
-0.531
-0.497
-0.429
-0.327
-0.252
-0.225
-0.186
-0.147
-0.136
-0.134
-0.134
-0.15
-0.184
-0.231
-0.254
-0.274
-0.347
-0.465
-0.549
-0.56
-0.56
-0.585
-0.671
-0.735
-0.703
-0.626
-0.601
-0.608
-0.61
-0.585
-0.56
-0.572
-0.635
-0.742
-0.853
-0.966
-1.077
-1.17
-1.225
-1.22
-1.161
-1.075
-1.005
-0.984
-0.989
-0.987
-0.993
-1.043
-1.136
-1.211
-1.327
-1.479
-1.583
-1.604
-1.615
-1.658
-1.694
-1.685
-1.624
-1.549
-1.492
-1.458
-1.438
-1.411
-1.406
-1.388
-1.377
-1.334
-1.27
-1.241
-1.261
-1.327
-1.404
-1.433
-1.418
-1.443
-1.54
-1.694
-1.758
-1.685
-1.61
-1.617
-1.617
-1.504
-1.352
-1.259
-1.202
-1.136
-1.105
-1.157
-1.22
-1.225
-1.241
-1.286
-1.361
-1.431
-1.447
-1.397
-1.327
-1.277
-1.238
-1.13
-1.007
-0.959
-0.955
-0.93
-0.898
-0.864
-0.817
-0.812
-0.919
-1.023
-1.021
-0.912
-0.839
-0.916
-1.041
-1.028
-0.919
-0.832
-0.807
-0.785
-0.733
-0.669
-0.624
-0.596
-0.567
-0.547
-0.549
-0.576
-0.603
-0.617
-0.606
-0.549
-0.46
-0.422
-0.44
-0.404
-0.327
-0.263
-0.231
-0.209
-0.177
-0.138
-0.075
0.009
0.075
0.113
0.125
0.118
0.097
0.127
0.193
0.197
0.141
0.134
0.213
0.324
0.379
0.429
0.519
0.631
0.712
0.753
0.742
0.699
0.635
0.59
0.585
0.547
0.479
0.456
0.556
0.719
0.801
0.848
0.953
1.096
1.198
1.229
1.241
1.223
1.143
1.039
0.982
0.955
0.894
0.812
0.748
0.73
0.733
0.723
0.742
0.814
0.93
1.012
1.075
1.139
1.248
1.336
1.37
1.409
1.44
1.42
1.325
1.209
1.123
1.009
0.853
0.71
0.599
0.51
0.481
0.506
0.59
0.696
0.807
0.891
0.98
1.121
1.241
1.293
1.275
1.229
1.191
1.102
0.966
0.83
0.723
0.631
0.533
0.483
0.501
0.556
0.596
0.619
0.701
0.817
0.846
0.839
0.889
0.982
1
0.969
0.984
1.032
1.041
0.993
0.948
0.916
0.835
0.71
0.599
0.515
0.445
0.388
0.37
0.388
0.411
0.417
0.442
0.538
0.631
0.696
0.739
0.782
0.851
0.919
0.894
0.789
0.678
0.612
0.547
0.451
0.374
0.347
0.308
0.238
0.195
0.206
0.222
0.186
0.113
0.068
0.068
0.107
0.15
0.177
0.243
0.322
0.358
0.374
0.365
0.308
0.206
0.129
0.034
-0.143
-0.354
-0.49
-0.544
-0.576
-0.626
-0.676
-0.671
-0.59
-0.479
-0.401
-0.349
-0.315
-0.286
-0.261
-0.272
-0.352
-0.481
-0.631
-0.73
-0.76
-0.796
-0.903
-1.041
-1.164
-1.204
-1.186
-1.223
-1.336
-1.379
-1.284
-1.175
-1.114
-1.043
-0.962
-0.857
-0.769
-0.726
-0.767
-0.889
-1.052
-1.204
-1.365
-1.572
-1.792
-1.978
-2.075
-2.134
-2.146
-2.094
-1.998
-1.878
-1.706
-1.492
-1.293
-1.155
-1.096
-1.091
-1.096
-1.148
-1.25
-1.372
-1.52
-1.679
-1.837
-1.985
-2.109
-2.164
-2.146
-2.146
-2.155
-2.096
-2.023
-1.962
-1.84
-1.656
-1.515
-1.445
-1.377
-1.291
-1.236
-1.257
-1.322
-1.381
-1.463
-1.604
-1.81
-2.021
-2.205
-2.348
-2.447
-2.529
-2.552
-2.459
-2.261
-2.044
-1.837
-1.635
-1.447
-1.275
-1.141
-1.062
-1.052
-1.114
-1.272
-1.472
-1.649
-1.806
-1.96
-2.05
-2.073
-2.153
-2.239
-2.196
-2.055
-2.01
-2.028
-1.957
-1.803
-1.663
-1.567
-1.465
-1.338
-1.223
-1.132
-1.05
-1.037
-1.161
-1.334
-1.517
-1.726
-1.93
-2.1
-2.264
-2.386
-2.388
-2.255
-2.06
-1.874
-1.69
-1.495
-1.32
-1.161
-0.984
-0.855
-0.828
-0.864
-0.923
-0.987
-1.096
-1.259
-1.395
-1.463
-1.533
-1.617
-1.626
-1.574
-1.545
-1.499
-1.429
-1.334
-1.207
-1.046
-0.896
-0.755
-0.624
-0.494
-0.388
-0.333
-0.361
-0.426
-0.519
-0.696
-0.873
-1.023
-1.17
-1.272
-1.248
-1.186
-1.132
-1.05
-0.923
-0.744
-0.574
-0.47
-0.365
-0.231
-0.107
-0.054
-0.027
-0.011
-0.084
-0.218
-0.304
-0.37
-0.451
-0.533
-0.599
-0.665
-0.712
-0.696
-0.662
-0.655
-0.633
-0.54
-0.44
-0.333
-0.206
-0.075
0.011
0.034
0.002
0
0.011
-0.038
-0.138
-0.209
-0.265
-0.356
-0.442
-0.528
-0.61
-0.662
-0.674
-0.631
-0.578
-0.533
-0.449
-0.354
-0.299
-0.24
-0.195
-0.17
-0.15
-0.177
-0.247
-0.345
-0.481
-0.646
-0.762
-0.839
-0.887
-0.871
-0.844
-0.846
-0.81
-0.719
-0.665
-0.653
-0.665
-0.642
-0.621
-0.655
-0.712
-0.708
-0.689
-0.683
-0.714
-0.782
-0.805
-0.785
-0.807
-0.878
-0.957
-1.037
-1.082
-1.071
-1.052
-0.964
-0.803
-0.719
-0.696
-0.617
-0.488
-0.399
-0.39
-0.438
-0.497
-0.551
-0.612
-0.658
-0.687
-0.717
-0.692
-0.651
-0.565
-0.433
-0.277
-0.116
0.016
0.057
0.061
0.116
0.159
0.156
0.197
0.259
0.243
0.245
0.288
0.297
0.24
0.163
0.116
0.12
0.107
0.038
-0.007
-0.034
-0.018
0.07
0.177
0.288
0.361
0.397
0.467
0.528
0.501
0.404
0.343
0.313
0.288
0.19
-0.025
-0.218
-0.272
-0.302
-0.397
-0.508
-0.535
-0.472
-0.424
-0.454
-0.522
-0.547
-0.565
-0.637
-0.739
-0.785
-0.823
-0.896
-0.955
-1.062
-1.234
-1.377
-1.47
-1.565
-1.66
-1.747
-1.815
-1.817
-1.724
-1.629
-1.558
-1.474
-1.39
-1.329
-1.295
-1.282
-1.336
-1.468
-1.615
-1.719
-1.846
-1.939
-1.985
-2.069
-2.198
-2.316
-2.391
-2.393
-2.307
-2.159
-1.982
-1.769
-1.558
-1.415
-1.293
-1.177
-1.062
-0.98
-1.016
-1.161
-1.295
-1.413
-1.54
-1.688
-1.876
-2.021
-2.078
-2.037
-1.903
-1.778
-1.665
-1.486
-1.304
-1.177
-1.071
-0.971
-0.855
-0.728
-0.665
-0.687
-0.692
-0.669
-0.674
-0.719
-0.778
-0.853
-0.896
-0.923
-0.978
-1.003
-0.969
-0.857
-0.714
-0.592
-0.435
-0.222
-0.038
0.075
0.075
-0.023
-0.166
-0.306
-0.447
-0.599
-0.708
-0.81
-0.894
-0.891
-0.864
-0.837
-0.739
-0.574
-0.408
-0.279
-0.213
-0.197
-0.177
-0.147
-0.138
-0.159
-0.186
-0.181
-0.227
-0.347
-0.463
-0.576
-0.701
-0.823
-0.941
-1.046
-1.107
-1.102
-1.096
-1.114
-1.071
-0.944
-0.823
-0.764
-0.744
-0.762
-0.801
-0.876
-0.993
-1.159
-1.306
-1.377
-1.424
-1.468
-1.456
-1.452
-1.436
-1.345
-1.232
-1.166
-1.114
-1.064
-1.068
-1.136
-1.202
-1.211
-1.195
-1.223
-1.288
-1.377
-1.531
-1.669
-1.735
-1.785
-1.84
-1.842
-1.778
-1.717
-1.656
-1.565
-1.454
-1.37
-1.32
-1.261
-1.198
-1.136
-1.109
-1.123
-1.102
-1.071
-1.116
-1.177
-1.209
-1.245
-1.293
-1.325
-1.331
-1.331
-1.297
-1.214
-1.064
-0.953
-0.887
-0.78
-0.68
-0.624
-0.558
-0.492
-0.46
-0.479
-0.542
-0.603
-0.642
-0.631
-0.603
-0.626
-0.655
-0.621
-0.544
-0.386
-0.161
-0.025
0.023
0.093
0.197
0.288
0.329
0.34
0.32
0.322
0.356
0.37
0.322
0.202
0.143
0.168
0.143
0.093
0.079
0.093
0.097
0.132
0.188
0.225
0.252
0.297
0.329
0.333
0.327
0.313
0.288
0.336
0.386
0.358
0.29
0.218
0.154
0.104
0.075
0.088
0.152
0.206
0.252
0.299
0.274
0.2
0.156
0.102
-0.023
-0.147
-0.225
-0.265
-0.279
-0.295
-0.288
-0.259
-0.184
-0.104
-0.068
-0.034
-0.016
-0.043
-0.029
0.029
0.068
0.093
0.116
0.111
0.107
0.111
0.093
0.05
0.048
0.077
0.088
0.018
-0.082
-0.127
-0.109
-0.068
-0.007
0.068
0.136
0.22
0.295
0.358
0.44
0.547
0.594
0.583
0.585
0.617
0.606
0.583
0.61
0.626
0.596
0.549
0.531
0.542
0.576
0.628
0.665
0.66
0.662
0.769
0.919
0.959
0.95
0.984
1.021
1.064
1.139
1.202
1.211
1.182
1.164
1.148
1.087
0.996
0.919
0.887
0.873
0.841
0.83
0.925
1.071
1.177
1.207
1.193
1.193
1.257
1.32
1.316
1.266
1.238
1.243
1.25
1.193
1.123
1.139
1.164
1.15
1.118
1.08
1.021
0.987
1.003
1
0.937
0.848
0.794
0.796
0.839
0.832
0.737
0.678
0.703
0.683
0.592
0.499
0.447
0.408
0.395
0.395
0.406
0.458
0.549
0.617
0.574
0.476
0.404
0.349
0.313
0.247
0.147
0.032
-0.082
-0.17
-0.197
-0.252
-0.331
-0.424
-0.506
-0.488
-0.363
-0.245
-0.172
-0.138
-0.086
0.009
0.07
0.082
0.068
0.086
0.088
0.048
-0.045
-0.179
-0.293
-0.347
-0.363
-0.379
-0.388
-0.395
-0.365
-0.322
-0.318
-0.329
-0.32
-0.268
-0.138
0.011
0.079
0.095
0.116
0.168
0.225
0.236
0.215
0.229
0.29
0.288
0.188
0.086
0.027
0.004
0.029
0.077
0.118
0.186
0.268
0.327
0.354
0.343
0.299
0.247
0.211
0.215
0.243
0.247
0.238
0.247
0.318
0.383
0.413
0.411
0.442
0.531
0.592
0.556
0.517
0.517
0.528
0.522
0.479
0.411
0.374
0.372
0.338
0.256
0.15
0.095
0.127
0.175
0.245
0.327
0.37
0.401
0.472
0.562
0.635
0.631
0.631
0.694
0.751
0.692
0.531
0.415
0.361
0.302
0.179
0.066
0.027
0.061
0.077
0.068
0.07
0.097
0.147
0.209
0.213
0.2
0.225
0.24
0.211
0.184
0.152
0.111
0.118
0.156
0.145
0.104
0.109
0.152
0.202
0.209
0.15
0.118
0.152
0.22
0.281
0.268
0.215
0.197
0.247
0.272
0.231
0.172
0.186
0.229
0.27
0.302
0.295
0.254
0.254
0.311
0.386
0.449
0.504
0.583
0.665
0.71
0.687
0.631
0.596
0.606
0.644
0.689
0.723
0.733
0.746
0.773
0.835
0.894
0.925
0.957
1.005
1.048
1.082
1.1
1.084
1.073
1.107
1.145
1.143
1.125
1.105
1.105
1.141
1.159
1.121
1.125
1.202
1.277
1.304
1.277
1.245
1.257
1.275
1.279
1.257
1.252
1.268
1.327
1.388
1.436
1.461
1.481
1.474
1.436
1.399
1.386
1.409
1.454
1.452
1.379
1.32
1.331
1.395
1.42
1.427
1.429
1.44
1.44
1.409
1.345
1.275
1.27
1.3
1.32
1.343
1.377
1.445
1.508
1.538
1.529
1.481
1.452
1.47
1.495
1.452
1.334
1.209
1.173
1.254
1.345
1.359
1.34
1.34
1.375
1.406
1.379
1.282
1.236
1.291
1.325
1.261
1.173
1.17
1.282
1.34
1.261
1.155
1.143
1.238
1.352
1.413
1.418
1.415
1.502
1.647
1.719
1.679
1.61
1.581
1.576
1.545
1.447
1.345
1.306
1.329
1.375
1.361
1.286
1.282
1.42
1.599
1.697
1.715
1.738
1.778
1.865
1.944
1.996
1.96
1.889
1.862
1.844
1.828
1.812
1.769
1.719
1.713
1.738
1.753
1.758
1.808
1.962
2.121
2.18
2.164
2.134
2.164
2.264
2.295
2.18
2.023
1.908
1.88
1.885
1.862
1.772
1.694
1.703
1.767
1.81
1.792
1.756
1.776
1.849
1.865
1.831
1.808
1.803
1.846
1.894
1.819
1.622
1.47
1.456
1.49
1.454
1.318
1.179
1.127
1.173
1.229
1.245
1.259
1.286
1.284
1.257
1.25
1.227
1.179
1.141
1.089
0.996
0.88
0.782
0.746
0.778
0.805
0.776
0.714
0.665
0.71
0.828
0.898
0.839
0.773
0.758
0.762
0.776
0.753
0.676
0.606
0.556
0.524
0.501
0.479
0.451
0.406
0.374
0.361
0.352
0.377
0.438
0.517
0.54
0.506
0.499
0.565
0.658
0.71
0.676
0.578
0.476
0.411
0.377
0.343
0.304
0.274
0.243
0.184
0.186
0.295
0.424
0.483
0.513
0.567
0.631
0.655
0.596
0.504
0.465
0.49
0.483
0.406
0.34
0.349
0.408
0.47
0.501
0.456
0.415
0.47
0.56
0.578
0.558
0.56
0.594
0.644
0.694
0.683
0.626
0.581
0.569
0.533
0.431
0.347
0.32
0.299
0.286
0.302
0.313
0.315
0.365
0.481
0.542
0.499
0.467
0.501
0.538
0.542
0.519
0.499
0.474
0.472
0.488
0.49
0.501
0.494
0.454
0.456
0.49
0.458
0.406
0.42
0.479
0.515
0.492
0.456
0.42
0.42
0.46
0.492
0.465
0.435
0.465
0.492
0.474
0.456
0.47
0.438
0.356
0.367
0.422
0.401
0.322
0.284
0.315
0.379
0.399
0.374
0.379
0.431
0.508
0.544
0.574
0.637
0.696
0.735
0.796
0.796
0.714
0.651
0.64
0.617
0.594
0.601
0.61
0.59
0.599
0.628
0.628
0.599
0.624
0.683
0.68
0.644
0.696
0.796
0.844
0.835
0.841
0.848
0.839
0.862
0.889
0.851
0.778
0.771
0.803
0.835
0.846
0.841
0.885
0.978
1.032
1.077
1.1
1.009
0.885
0.832
0.803
0.721
0.633
0.585
0.574
0.556
0.578
0.637
0.687
0.71
0.728
0.798
0.876
0.882
0.876
0.894
0.871
0.835
0.814
0.801
0.778
0.755
0.787
0.817
0.76
0.649
0.631
0.694
0.767
0.817
0.787
0.714
0.712
0.769
0.828
0.839
0.801
0.805
0.885
0.907
0.83
0.782
0.782
0.744
0.669
0.669
0.712
0.689
0.703
0.805
0.921
0.955
0.93
0.919
0.939
0.944
0.905
0.864
0.835
0.832
0.835
0.835
0.837
0.869
0.891
0.876
0.86
0.885
0.928
0.989
1.064
1.102
1.127
1.159
1.15
1.098
1.041
0.944
0.83
0.787
0.771
0.767
0.821
0.864
0.894
0.914
0.946
1.023
1.166
1.248
1.225
1.159
1.161
1.218
1.252
1.164
1.084
1.064
1
0.887
0.821
0.792
0.751
0.739
0.778
0.814
0.821
0.812
0.821
0.873
0.921
0.896
0.873
0.876
0.841
0.812
0.805
0.744
0.676
0.644
0.617
0.587
0.603
0.649
0.655
0.655
0.721
0.862
0.928
0.871
0.832
0.832
0.76
0.619
0.49
0.392
0.297
0.229
0.213
0.19
0.152
0.15
0.206
0.295
0.313
0.304
0.381
0.47
0.476
0.479
0.479
0.406
0.338
0.297
0.213
0.084
-0.027
-0.084
-0.104
-0.109
-0.116
-0.102
-0.111
-0.127
-0.048
0.036
0.036
0.018
0.052
0.118
0.163
0.132
0.032
-0.063
-0.127
-0.202
-0.277
-0.333
-0.411
-0.429
-0.347
-0.272
-0.22
-0.17
-0.145
-0.111
-0.057
-0.045
-0.091
-0.168
-0.234
-0.279
-0.315
-0.374
-0.449
-0.494
-0.558
-0.576
-0.515
-0.49
-0.528
-0.533
-0.483
-0.395
-0.322
-0.338
-0.381
-0.386
-0.383
-0.445
-0.54
-0.669
-0.823
-0.903
-0.923
-0.98
-1.005
-0.955
-0.896
-0.839
-0.773
-0.719
-0.676
-0.644
-0.637
-0.649
-0.683
-0.699
-0.683
-0.701
-0.782
-0.873
-0.955
-1.057
-1.116
-1.109
-1.089
-1.082
-1.075
-1.057
-1.041
-0.987
-0.905
-0.832
-0.826
-0.894
-0.948
-0.921
-0.953
-1.077
-1.136
-1.136
-1.179
-1.279
-1.336
-1.34
-1.313
-1.266
-1.214
-1.184
-1.152
-1.087
-0.996
-0.944
-1.021
-1.111
-1.109
-1.096
-1.139
-1.186
-1.227
-1.288
-1.316
-1.291
-1.272
-1.282
-1.3
-1.266
-1.179
-1.093
-1.059
-1.075
-1.105
-1.062
-1.016
-1.023
-1.062
-1.143
-1.25
-1.275
-1.252
-1.263
-1.306
-1.311
-1.263
-1.17
-1.08
-1.041
-1.043
-1.018
-0.948
-0.871
-0.805
-0.767
-0.823
-0.905
-0.93
-0.944
-1.003
-1.073
-1.116
-1.109
-1.091
-1.077
-1.068
-1.062
-1.032
-1.012
-1.028
-1.023
-0.921
-0.837
-0.866
-0.887
-0.835
-0.805
-0.819
-0.839
-0.839
-0.805
-0.762
-0.76
-0.805
-0.855
-0.882
-0.866
-0.832
-0.86
-0.957
-0.971
-0.862
-0.789
-0.796
-0.76
-0.676
-0.61
-0.578
-0.587
-0.644
-0.696
-0.73
-0.753
-0.769
-0.769
-0.735
-0.73
-0.73
-0.662
-0.572
-0.59
-0.646
-0.644
-0.631
-0.637
-0.662
-0.685
-0.699
-0.694
-0.667
-0.61
-0.547
-0.549
-0.572
-0.528
-0.449
-0.433
-0.49
-0.508
-0.517
-0.54
-0.56
-0.578
-0.574
-0.522
-0.476
-0.449
-0.415
-0.399
-0.433
-0.451
-0.435
-0.445
-0.515
-0.592
-0.565
-0.504
-0.517
-0.553
-0.558
-0.576
-0.615
-0.649
-0.633
-0.549
-0.479
-0.433
-0.401
-0.356
-0.293
-0.249
-0.274
-0.34
-0.422
-0.44
-0.415
-0.483
-0.642
-0.733
-0.705
-0.631
-0.603
-0.637
-0.683
-0.671
-0.594
-0.506
-0.492
-0.538
-0.567
-0.533
-0.531
-0.542
-0.59
-0.71
-0.792
-0.81
-0.801
-0.823
-0.864
-0.885
-0.851
-0.771
-0.689
-0.653
-0.683
-0.739
-0.735
-0.68
-0.68
-0.767
-0.823
-0.798
-0.828
-0.923
-0.991
-1.016
-1.041
-1.039
-1.007
-0.978
-0.971
-0.971
-0.957
-0.937
-0.903
-0.894
-0.944
-1
-1.016
-1.023
-1.068
-1.134
-1.186
-1.245
-1.313
-1.352
-1.336
-1.282
-1.207
-1.173
-1.166
-1.125
-1.052
-1.043
-1.096
-1.161
-1.211
-1.234
-1.22
-1.236
-1.311
-1.359
-1.359
-1.352
-1.359
-1.409
-1.449
-1.418
-1.384
-1.411
-1.452
-1.424
-1.354
-1.327
-1.347
-1.35
-1.306
-1.3
-1.347
-1.427
-1.472
-1.472
-1.465
-1.486
-1.497
-1.454
-1.368
-1.302
-1.263
-1.214
-1.145
-1.093
-1.091
-1.116
-1.195
-1.316
-1.381
-1.418
-1.443
-1.431
-1.379
-1.325
-1.284
-1.268
-1.254
-1.243
-1.25
-1.223
-1.182
-1.17
-1.118
-1.039
-1.052
-1.121
-1.109
-1.052
-1.041
-1.082
-1.159
-1.229
-1.243
-1.238
-1.232
-1.198
-1.179
-1.204
-1.168
-1.084
-1.016
-0.973
-0.957
-0.969
-0.98
-0.969
-1
-1.071
-1.17
-1.22
-1.243
-1.277
-1.272
-1.211
-1.186
-1.186
-1.148
-1.082
-1.012
-0.996
-1.012
-1.012
-0.946
-0.905
-0.959
-1.032
-1.068
-1.125
-1.164
-1.175
-1.195
-1.202
-1.179
-1.136
-1.096
-1.082
-1.059
-1.021
-1.007
-1.009
-1.039
-1.066
-1.028
-1.005
-1.089
-1.214
-1.277
-1.286
-1.309
-1.356
-1.368
-1.306
-1.202
-1.075
-0.987
-0.939
-0.866
-0.817
-0.81
-0.812
-0.851
-0.907
-0.948
-0.987
-1.034
-1.075
-1.096
-1.096
-1.093
-1.087
-1.048
-1.023
-0.987
-0.914
-0.878
-0.882
-0.898
-0.86
-0.828
-0.823
-0.83
-0.796
-0.733
-0.678
-0.662
-0.635
-0.594
-0.631
-0.687
-0.701
-0.687
-0.689
-0.705
-0.719
-0.703
-0.694
-0.689
-0.662
-0.66
-0.703
-0.733
-0.728
-0.703
-0.64
-0.592
-0.596
-0.615
-0.599
-0.562
-0.538
-0.508
-0.515
-0.553
-0.587
-0.599
-0.567
-0.504
-0.519
-0.587
-0.581
-0.531
-0.494
-0.51
-0.535
-0.54
-0.528
-0.531
-0.576
-0.637
-0.669
-0.615
-0.538
-0.494
-0.429
-0.361
-0.358
-0.381
-0.383
-0.365
-0.367
-0.395
-0.424
-0.438
-0.44
-0.429
-0.381
-0.333
-0.34
-0.354
-0.315
-0.265
-0.254
-0.288
-0.345
-0.381
-0.386
-0.354
-0.336
-0.333
-0.331
-0.299
-0.243
-0.186
-0.102
-0.075
-0.132
-0.193
-0.2
-0.188
-0.195
-0.24
-0.268
-0.234
-0.179
-0.145
-0.12
-0.113
-0.138
-0.184
-0.168
-0.134
-0.17
-0.231
-0.24
-0.222
-0.222
-0.227
-0.22
-0.225
-0.222
-0.172
-0.102
-0.066
-0.027
0.02
0.018
-0.043
-0.118
-0.152
-0.17
-0.19
-0.206
-0.204
-0.175
-0.127
-0.063
-0.059
-0.088
-0.043
0.036
0.073
0.027
-0.023
-0.014
0.034
0.057
0.036
-0.004
-0.023
0.004
0.048
0.034
-0.027
-0.043
0.023
0.075
0.043
-0.002
-0.007
0.027
0.075
0.107
0.107
0.075
0.07
0.116
0.15
0.097
0.009
-0.002
0.045
0.052
0.002
-0.038
-0.043
-0.068
-0.141
-0.197
-0.215
-0.206
-0.188
-0.172
-0.161
-0.113
-0.059
-0.061
-0.107
-0.179
-0.252
-0.313
-0.395
-0.47
-0.51
-0.506
-0.483
-0.449
-0.426
-0.397
-0.365
-0.324
-0.297
-0.29
-0.304
-0.295
-0.265
-0.247
-0.261
-0.293
-0.299
-0.288
-0.304
-0.324
-0.329
-0.324
-0.336
-0.395
-0.458
-0.504
-0.504
-0.494
-0.49
-0.465
-0.411
-0.379
-0.367
-0.352
-0.352
-0.374
-0.395
-0.426
-0.481
-0.594
-0.71
-0.778
-0.764
-0.719
-0.676
-0.617
-0.542
-0.451
-0.37
-0.306
-0.249
-0.24
-0.274
-0.343
-0.413
-0.504
-0.569
-0.601
-0.655
-0.723
-0.751
-0.764
-0.767
-0.73
-0.669
-0.608
-0.549
-0.492
-0.417
-0.365
-0.365
-0.347
-0.265
-0.17
-0.129
-0.152
-0.222
-0.279
-0.322
-0.367
-0.386
-0.413
-0.47
-0.517
-0.483
-0.401
-0.361
-0.363
-0.358
-0.329
-0.311
-0.32
-0.302
-0.263
-0.225
-0.2
-0.236
-0.259
-0.249
-0.256
-0.306
-0.356
-0.377
-0.383
-0.374
-0.358
-0.336
-0.297
-0.225
-0.134
-0.05
-0.045
-0.15
-0.261
-0.322
-0.37
-0.431
-0.494
-0.551
-0.56
-0.506
-0.408
-0.354
-0.354
-0.343
-0.313
-0.293
-0.268
-0.238
-0.24
-0.297
-0.404
-0.463
-0.445
-0.424
-0.447
-0.474
-0.494
-0.526
-0.522
-0.481
-0.492
-0.553
-0.581
-0.583
-0.596
-0.606
-0.624
-0.644
-0.642
-0.581
-0.483
-0.424
-0.411
-0.413
-0.435
-0.463
-0.47
-0.51
-0.615
-0.746
-0.878
-0.939
-0.928
-0.914
-0.944
-0.971
-0.959
-0.916
-0.864
-0.866
-0.921
-0.98
-1.03
-1.043
-1.048
-1.109
-1.168
-1.157
-1.087
-1.03
-1.009
-0.989
-0.984
-1.018
-1.071
-1.132
-1.204
-1.277
-1.306
-1.291
-1.225
-1.132
-1.091
-1.105
-1.059
-0.962
-0.923
-0.91
-0.878
-0.857
-0.869
-0.946
-1.021
-1.046
-1.032
-1.057
-1.093
-1.055
-0.984
-0.928
-0.898
-0.88
-0.819
-0.692
-0.612
-0.608
-0.635
-0.649
-0.658
-0.683
-0.717
-0.753
-0.794
-0.855
-0.882
-0.821
-0.721
-0.674
-0.617
-0.547
-0.501
-0.494
-0.506
-0.513
-0.524
-0.551
-0.574
-0.574
-0.567
-0.596
-0.637
-0.619
-0.556
-0.535
-0.544
-0.54
-0.519
-0.499
-0.499
-0.544
-0.569
-0.522
-0.447
-0.386
-0.297
-0.163
-0.045
-0.029
-0.032
-0.009
0.002
-0.027
-0.07
-0.129
-0.2
-0.252
-0.265
-0.263
-0.254
-0.209
-0.116
-0.018
0.009
-0.02
0.018
0.059
0.052
0.036
0.011
-0.018
-0.02
0.038
0.111
0.161
0.234
0.331
0.372
0.365
0.349
0.322
0.256
0.197
0.132
0.057
-0.009
-0.016
0.007
0.061
0.145
0.213
0.311
0.44
0.501
0.51
0.517
0.54
0.542
0.483
0.386
0.286
0.234
0.206
0.2
0.204
0.231
0.329
0.445
0.522
0.61
0.721
0.805
0.866
0.923
0.978
1.007
0.989
0.935
0.869
0.776
0.692
0.633
0.617
0.596
0.599
0.662
0.73
0.785
0.846
0.912
0.98
1.041
1.107
1.173
1.227
1.268
1.293
1.275
1.229
1.191
1.093
0.975
0.971
1.03
1.057
1.057
1.048
1.071
1.13
1.182
1.195
1.209
1.254
1.27
1.272
1.293
1.279
1.22
1.161
1.102
1.021
0.946
0.862
0.805
0.807
0.894
1.032
1.134
1.216
1.306
1.327
1.293
1.297
1.309
1.214
1.057
0.93
0.851
0.805
0.746
0.662
0.619
0.655
0.692
0.742
0.846
0.935
0.987
1.034
1.066
1.062
1.032
1.012
1.016
1.037
1.034
1.007
0.937
0.866
0.841
0.782
0.735
0.753
0.801
0.789
0.742
0.728
0.76
0.758
0.719
0.685
0.683
0.714
0.699
0.683
0.737
0.796
0.789
0.73
0.653
0.603
0.558
0.519
0.504
0.492
0.497
0.506
0.501
0.515
0.594
0.642
0.628
0.644
0.683
0.653
0.544
0.46
0.413
0.361
0.29
0.218
0.2
0.229
0.225
0.27
0.422
0.551
0.612
0.651
0.674
0.662
0.637
0.594
0.544
0.483
0.44
0.445
0.44
0.44
0.506
0.528
0.479
0.49
0.569
0.617
0.574
0.515
0.465
0.435
0.399
0.361
0.311
0.311
0.338
0.358
0.449
0.585
0.658
0.628
0.558
0.519
0.485
0.392
0.261
0.147
0.093
0.113
0.197
0.252
0.295
0.331
0.365
0.433
0.517
0.515
0.406
0.29
0.261
0.229
0.163
0.12
0.113
0.141
0.202
0.256
0.295
0.397
0.501
0.504
0.449
0.392
0.329
0.24
0.129
0.034
0.016
0.082
0.204
0.318
0.365
0.404
0.504
0.617
0.689
0.687
0.599
0.513
0.501
0.492
0.417
0.34
0.302
0.297
0.313
0.347
0.336
0.354
0.447
0.517
0.547
0.583
0.592
0.535
0.47
0.46
0.515
0.581
0.637
0.723
0.76
0.73
0.771
0.848
0.81
0.68
0.585
0.535
0.501
0.456
0.386
0.347
0.415
0.547
0.631
0.712
0.855
0.971
1.025
1.064
1.073
1.068
1.014
0.837
0.626
0.528
0.544
0.601
0.646
0.703
0.837
0.984
1.082
1.148
1.134
1.034
0.944
0.887
0.801
0.683
0.581
0.585
0.696
0.812
0.885
0.955
1.091
1.223
1.227
1.202
1.223
1.2
1.089
0.98
0.9
0.832
0.801
0.814
0.878
0.975
1.077
1.193
1.25
1.245
1.266
1.279
1.225
1.15
1.098
1.075
1.046
1.034
1.087
1.191
1.293
1.372
1.436
1.508
1.529
1.515
1.531
1.497
1.365
1.254
1.209
1.145
1.109
1.161
1.275
1.422
1.549
1.672
1.758
1.772
1.724
1.656
1.526
1.354
1.236
1.191
1.175
1.145
1.177
1.311
1.49
1.633
1.708
1.706
1.674
1.633
1.583
1.508
1.365
1.243
1.189
1.161
1.127
1.145
1.254
1.409
1.504
1.551
1.638
1.742
1.733
1.651
1.54
1.39
1.284
1.266
1.257
1.204
1.204
1.295
1.438
1.554
1.608
1.592
1.576
1.59
1.554
1.465
1.375
1.293
1.252
1.263
1.263
1.27
1.34
1.429
1.502
1.567
1.633
1.697
1.715
1.629
1.52
1.429
1.372
1.356
1.361
1.345
1.354
1.454
1.624
1.783
1.878
1.933
1.944
1.944
1.883
1.726
1.583
1.54
1.522
1.538
1.574
1.638
1.742
1.88
2.012
2.1
2.162
2.218
2.202
2.105
1.994
1.88
1.772
1.744
1.765
1.796
1.844
1.912
1.982
2.062
2.114
2.114
2.105
2.098
2.1
2.08
1.996
1.91
1.867
1.862
1.88
1.908
1.933
1.987
2.091
2.18
2.182
2.123
2.023
1.939
1.885
1.815
1.74
1.706
1.717
1.753
1.803
1.817
1.815
1.828
1.878
1.98
2.053
2.046
1.989
1.883
1.776
1.717
1.679
1.642
1.656
1.722
1.762
1.778
1.806
1.817
1.81
1.819
1.794
1.738
1.665
1.599
1.558
1.517
1.49
1.502
1.538
1.601
1.681
1.681
1.615
1.59
1.599
1.574
1.495
1.411
1.37
1.393
1.424
1.381
1.329
1.352
1.406
1.438
1.461
1.456
1.44
1.452
1.465
1.415
1.286
1.161
1.114
1.096
1.077
1.082
1.082
1.093
1.157
1.209
1.223
1.211
1.207
1.225
1.277
1.302
1.248
1.173
1.116
1.089
1.077
1.059
1.028
0.993
0.984
1.025
1.046
1.021
1.005
1.03
1.041
1.046
1.064
1.071
1.062
1.025
0.987
0.98
1.003
1.016
1.005
0.978
0.935
0.891
0.891
0.882
0.814
0.723
0.703
0.778
0.828
0.805
0.76
0.755
0.782
0.801
0.771
0.726
0.746
0.832
0.878
0.851
0.789
0.719
0.662
0.624
0.624
0.646
0.683
0.676
0.624
0.56
0.494
0.456
0.451
0.456
0.463
0.445
0.442
0.494
0.572
0.558
0.492
0.451
0.497
0.558
0.524
0.449
0.438
0.474
0.494
0.488
0.46
0.429
0.442
0.485
0.47
0.44
0.449
0.463
0.481
0.51
0.54
0.553
0.547
0.533
0.54
0.524
0.488
0.442
0.383
0.374
0.438
0.513
0.572
0.601
0.612
0.658
0.723
0.771
0.814
0.873
0.928
0.88
0.776
0.655
0.583
0.601
0.64
0.628
0.612
0.633
0.708
0.796
0.823
0.78
0.751
0.769
0.826
0.864
0.853
0.817
0.801
0.801
0.814
0.794
0.737
0.728
0.817
0.885
0.873
0.839
0.862
0.88
0.876
0.819
0.739
0.68
0.705
0.803
0.905
0.941
0.928
0.948
1.003
1.007
0.932
0.826
0.755
0.699
0.59
0.449
0.39
0.433
0.567
0.737
0.857
0.923
0.996
1.084
1.132
1.087
0.998
0.907
0.787
0.646
0.583
0.606
0.651
0.71
0.81
0.928
1.021
1.096
1.152
1.195
1.132
0.978
0.851
0.742
0.642
0.569
0.551
0.553
0.581
0.64
0.748
0.876
0.971
1.016
0.991
0.894
0.782
0.735
0.712
0.637
0.531
0.49
0.553
0.651
0.748
0.835
0.919
1
1.05
1.025
0.896
0.748
0.678
0.637
0.558
0.429
0.324
0.32
0.377
0.476
0.583
0.599
0.533
0.519
0.615
0.676
0.596
0.46
0.37
0.311
0.268
0.227
0.211
0.229
0.252
0.293
0.367
0.399
0.399
0.429
0.429
0.311
0.145
0.027
-0.038
-0.075
-0.088
-0.093
-0.132
-0.156
-0.052
0.138
0.225
0.177
0.154
0.211
0.202
0.091
-0.025
-0.093
-0.147
-0.227
-0.293
-0.308
-0.277
-0.17
0.004
0.143
0.17
0.134
0.097
0.075
0.025
-0.1
-0.302
-0.531
-0.665
-0.665
-0.631
-0.619
-0.578
-0.435
-0.293
-0.202
-0.145
-0.113
-0.134
-0.211
-0.333
-0.438
-0.481
-0.499
-0.51
-0.519
-0.517
-0.494
-0.426
-0.343
-0.299
-0.315
-0.37
-0.472
-0.603
-0.739
-0.814
-0.81
-0.789
-0.798
-0.782
-0.683
-0.549
-0.42
-0.324
-0.293
-0.308
-0.399
-0.522
-0.662
-0.776
-0.819
-0.817
-0.787
-0.744
-0.687
-0.61
-0.524
-0.435
-0.374
-0.392
-0.467
-0.494
-0.435
-0.408
-0.49
-0.59
-0.569
-0.497
-0.481
-0.494
-0.506
-0.54
-0.619
-0.699
-0.703
-0.665
-0.667
-0.694
-0.719
-0.712
-0.687
-0.665
-0.624
-0.556
-0.492
-0.485
-0.587
-0.746
-0.866
-0.887
-0.891
-0.962
-1.032
-1.03
-0.996
-0.95
-0.891
-0.821
-0.814
-0.869
-0.928
-0.969
-1.005
-1.041
-1.064
-1.077
-1.052
-1.018
-1.003
-1
-1.03
-1.089
-1.127
-1.136
-1.159
-1.202
-1.245
-1.288
-1.32
-1.322
-1.291
-1.236
-1.184
-1.118
-1.043
-1.012
-1.046
-1.082
-1.096
-1.116
-1.152
-1.248
-1.34
-1.397
-1.433
-1.463
-1.472
-1.463
-1.404
-1.354
-1.397
-1.481
-1.472
-1.361
-1.309
-1.327
-1.365
-1.35
-1.304
-1.313
-1.42
-1.529
-1.588
-1.608
-1.597
-1.595
-1.62
-1.658
-1.681
-1.669
-1.651
-1.679
-1.762
-1.806
-1.747
-1.724
-1.767
-1.79
-1.781
-1.728
-1.672
-1.654
-1.663
-1.642
-1.581
-1.547
-1.547
-1.551
-1.533
-1.542
-1.64
-1.747
-1.781
-1.785
-1.792
-1.806
-1.806
-1.76
-1.656
-1.547
-1.522
-1.576
-1.638
-1.667
-1.681
-1.749
-1.819
-1.835
-1.826
-1.799
-1.674
-1.511
-1.42
-1.39
-1.388
-1.447
-1.551
-1.663
-1.79
-1.955
-2.103
-2.177
-2.175
-2.128
-2.039
-1.93
-1.846
-1.753
-1.638
-1.549
-1.561
-1.658
-1.744
-1.774
-1.826
-1.921
-2.003
-2.023
-1.967
-1.905
-1.853
-1.81
-1.806
-1.817
-1.806
-1.799
-1.837
-1.903
-1.976
-2.032
-2.01
-1.901
-1.812
-1.817
-1.831
-1.767
-1.676
-1.665
-1.688
-1.722
-1.772
-1.81
-1.812
-1.785
-1.731
-1.69
-1.681
-1.64
-1.549
-1.483
-1.492
-1.556
-1.635
-1.672
-1.672
-1.663
-1.672
-1.685
-1.69
-1.633
-1.522
-1.463
-1.477
-1.488
-1.488
-1.461
-1.397
-1.388
-1.458
-1.449
-1.34
-1.189
-1.116
-1.155
-1.207
-1.209
-1.238
-1.297
-1.356
-1.429
-1.506
-1.558
-1.576
-1.57
-1.517
-1.474
-1.481
-1.463
-1.336
-1.17
-1.087
-1.102
-1.159
-1.173
-1.173
-1.179
-1.211
-1.279
-1.361
-1.352
-1.279
-1.245
-1.297
-1.338
-1.304
-1.216
-1.232
-1.35
-1.443
-1.483
-1.479
-1.431
-1.384
-1.381
-1.413
-1.424
-1.406
-1.377
-1.365
-1.404
-1.436
-1.395
-1.345
-1.277
-1.175
-1.077
-1.068
-1.13
-1.161
-1.166
-1.216
-1.365
-1.542
-1.674
-1.744
-1.781
-1.796
-1.812
-1.792
-1.726
-1.706
-1.701
-1.672
-1.615
-1.583
-1.59
-1.608
-1.631
-1.635
-1.649
-1.64
-1.647
-1.715
-1.792
-1.828
-1.93
-2.094
-2.187
-2.23
-2.291
-2.366
-2.407
-2.35
-2.187
-1.953
-1.751
-1.649
-1.606
-1.531
-1.438
-1.438
-1.531
-1.681
-1.903
-2.107
-2.214
-2.25
-2.225
-2.166
-2.105
-2.012
-1.88
-1.726
-1.595
-1.558
-1.613
-1.681
-1.635
-1.576
-1.615
-1.681
-1.674
-1.638
-1.599
-1.626
-1.713
-1.787
-1.799
-1.778
-1.819
-1.944
-2.035
-2.014
-1.901
-1.722
-1.583
-1.585
-1.608
-1.583
-1.563
-1.57
-1.599
-1.701
-1.885
-2.046
-2.107
-2.098
-2.118
-2.139
-2.073
-1.989
-1.878
-1.69
-1.522
-1.465
-1.488
-1.504
-1.511
-1.554
-1.624
-1.69
-1.733
-1.751
-1.762
-1.835
-1.935
-2.03
-2.105
-2.116
-2.078
-2.089
-2.096
-2.055
-1.951
-1.796
-1.658
-1.576
-1.549
-1.558
-1.588
-1.606
-1.647
-1.747
-1.876
-2.041
-2.168
-2.202
-2.143
-2.1
-2.177
-2.273
-2.218
-2.046
-1.905
-1.894
-1.951
-1.883
-1.756
-1.724
-1.783
-1.815
-1.753
-1.629
-1.604
-1.717
-1.842
-1.901
-1.91
-1.933
-2.053
-2.139
-2.062
-1.939
-1.867
-1.826
-1.753
-1.588
-1.399
-1.34
-1.409
-1.44
-1.363
-1.293
-1.377
-1.572
-1.692
-1.624
-1.415
-1.313
-1.402
-1.468
-1.431
-1.359
-1.309
-1.322
-1.397
-1.463
-1.47
-1.445
-1.388
-1.309
-1.198
-1.096
-1.046
-0.982
-0.871
-0.839
-0.95
-1.096
-1.15
-1.132
-1.123
-1.159
-1.179
-1.082
-0.876
-0.694
-0.644
-0.687
-0.753
-0.776
-0.769
-0.826
-0.962
-1.073
-1.136
-1.118
-1.018
-0.876
-0.714
-0.637
-0.628
-0.578
-0.465
-0.42
-0.483
-0.631
-0.78
-0.841
-0.817
-0.819
-0.862
-0.898
-0.853
-0.758
-0.669
-0.599
-0.581
-0.553
-0.47
-0.433
-0.463
-0.501
-0.517
-0.465
-0.377
-0.308
-0.318
-0.388
-0.44
-0.445
-0.44
-0.504
-0.569
-0.612
-0.628
-0.56
-0.435
-0.349
-0.286
-0.209
-0.111
0
0.079
0.109
0.107
0.107
0.111
0.075
0.057
0.086
0.059
0.007
0.014
0.05
0.073
0.052
0.029
0.025
0.025
0.002
-0.016
-0.052
-0.104
-0.068
0.002
0.009
0.009
0.02
0.029
0.054
0.082
0.05
-0.004
-0.014
0.038
0.086
0.145
0.24
0.299
0.356
0.399
0.308
0.168
0.097
0.034
-0.086
-0.238
-0.333
-0.338
-0.272
-0.177
-0.093
-0.025
0.027
0.107
0.202
0.252
0.265
0.247
0.175
0.125
0.122
0.134
0.147
0.152
0.127
0.129
0.181
0.215
0.213
0.175
0.107
0.091
0.138
0.175
0.195
0.261
0.37
0.46
0.479
0.42
0.327
0.313
0.313
0.261
0.15
0.029
-0.061
-0.082
-0.029
0.048
0.127
0.218
0.336
0.456
0.565
0.653
0.635
0.533
0.449
0.422
0.433
0.415
0.32
0.234
0.24
0.247
0.202
0.175
0.166
0.193
0.249
0.265
0.236
0.243
0.279
0.34
0.381
0.411
0.46
0.492
0.458
0.415
0.347
0.279
0.249
0.209
0.145
0.136
0.211
0.315
0.415
0.483
0.51
0.558
0.635
0.665
0.633
0.569
0.504
0.44
0.417
0.417
0.422
0.438
0.483
0.549
0.61
0.683
0.723
0.658
0.56
0.528
0.556
0.567
0.535
0.504
0.524
0.606
0.646
0.644
0.662
0.676
0.699
0.735
0.701
0.599
0.522
0.504
0.522
0.581
0.646
0.71
0.758
0.807
0.876
0.878
0.796
0.694
0.587
0.492
0.454
0.429
0.377
0.297
0.249
0.234
0.295
0.367
0.408
0.435
0.499
0.556
0.578
0.596
0.615
0.624
0.61
0.619
0.64
0.631
0.617
0.565
0.465
0.39
0.374
0.347
0.304
0.274
0.263
0.265
0.261
0.234
0.229
0.268
0.286
0.311
0.336
0.324
0.27
0.218
0.206
0.259
0.313
0.338
0.347
0.356
0.397
0.422
0.349
0.218
0.102
0.018
-0.007
0.029
0.084
0.104
0.127
0.159
0.213
0.295
0.352
0.361
0.352
0.331
0.308
0.274
0.24
0.236
0.259
0.284
0.32
0.383
0.454
0.531
0.522
0.49
0.513
0.515
0.451
0.433
0.49
0.565
0.619
0.631
0.626
0.703
0.848
0.982
1.082
1.093
1.03
0.971
0.944
0.937
0.93
0.9
0.885
0.921
0.989
1.059
1.084
1.068
1.087
1.139
1.143
1.143
1.175
1.232
1.259
1.252
1.2
1.155
1.195
1.243
1.248
1.232
1.209
1.179
1.157
1.164
1.2
1.227
1.25
1.252
1.234
1.252
1.277
1.22
1.152
1.111
1.03
0.932
0.885
0.896
0.903
0.898
0.898
0.9
0.939
0.996
1.062
1.125
1.148
1.098
1.016
0.928
0.86
0.851
0.839
0.764
0.68
0.66
0.68
0.68
0.64
0.621
0.615
0.606
0.61
0.637
0.674
0.723
0.792
0.812
0.764
0.751
0.814
0.912
0.989
0.989
0.937
0.853
0.787
0.78
0.81
0.823
0.832
0.848
0.891
1
1.105
1.161
1.198
1.214
1.236
1.284
1.325
1.338
1.354
1.368
1.361
1.35
1.375
1.427
1.468
1.517
1.57
1.554
1.517
1.554
1.658
1.722
1.724
1.744
1.81
1.846
1.862
1.874
1.828
1.735
1.703
1.731
1.735
1.749
1.796
1.885
1.967
1.998
1.996
2.021
2.055
2.078
2.107
2.078
1.953
1.858
1.894
1.942
1.914
1.892
1.917
1.967
1.967
1.937
1.93
1.894
1.808
1.71
1.644
1.606
1.629
1.697
1.776
1.831
1.835
1.826
1.842
1.871
1.824
1.733
1.644
1.551
1.463
1.406
1.381
1.375
1.379
1.379
1.409
1.438
1.465
1.486
1.454
1.34
1.234
1.198
1.2
1.198
1.186
1.161
1.121
1.102
1.091
1.068
1.018
0.984
0.993
0.98
0.91
0.846
0.835
0.832
0.755
0.64
0.569
0.567
0.596
0.619
0.596
0.51
0.442
0.47
0.508
0.485
0.458
0.494
0.524
0.481
0.397
0.306
0.2
0.141
0.12
0.093
0.043
0.059
0.152
0.263
0.329
0.347
0.365
0.388
0.386
0.361
0.318
0.256
0.159
0.041
-0.018
0.023
0.111
0.175
0.197
0.215
0.263
0.295
0.268
0.206
0.2
0.213
0.206
0.209
0.2
0.175
0.204
0.284
0.324
0.297
0.24
0.202
0.254
0.343
0.329
0.197
0.077
0.1
0.24
0.333
0.345
0.356
0.404
0.442
0.49
0.501
0.447
0.381
0.354
0.324
0.295
0.274
0.254
0.24
0.229
0.197
0.163
0.145
0.138
0.211
0.329
0.39
0.377
0.354
0.397
0.524
0.621
0.594
0.499
0.447
0.44
0.442
0.395
0.308
0.213
0.143
0.156
0.272
0.374
0.408
0.451
0.513
0.551
0.526
0.465
0.42
0.426
0.415
0.345
0.234
0.156
0.184
0.324
0.447
0.49
0.504
0.565
0.669
0.755
0.78
0.708
0.612
0.551
0.551
0.601
0.655
0.669
0.674
0.694
0.703
0.674
0.61
0.572
0.581
0.61
0.621
0.599
0.587
0.708
0.9
1.032
1.062
1.075
1.134
1.236
1.338
1.361
1.282
1.152
1.073
1.082
1.125
1.127
1.136
1.157
1.173
1.211
1.275
1.325
1.352
1.39
1.427
1.427
1.422
1.445
1.508
1.59
1.667
1.656
1.579
1.511
1.492
1.524
1.524
1.461
1.386
1.393
1.492
1.622
1.71
1.742
1.74
1.708
1.669
1.579
1.418
1.257
1.182
1.161
1.134
1.127
1.17
1.254
1.354
1.431
1.427
1.381
1.365
1.384
1.372
1.331
1.252
1.184
1.139
1.109
1.118
1.141
1.077
0.953
0.86
0.805
0.739
0.655
0.583
0.553
0.59
0.674
0.721
0.717
0.723
0.817
0.953
0.975
0.885
0.81
0.758
0.717
0.694
0.64
0.54
0.483
0.488
0.51
0.499
0.474
0.465
0.485
0.506
0.497
0.49
0.481
0.472
0.519
0.592
0.619
0.587
0.576
0.631
0.699
0.696
0.633
0.567
0.54
0.549
0.599
0.61
0.547
0.528
0.59
0.633
0.626
0.549
0.442
0.386
0.365
0.308
0.222
0.175
0.213
0.365
0.544
0.61
0.574
0.592
0.685
0.753
0.735
0.649
0.544
0.465
0.426
0.42
0.406
0.367
0.336
0.347
0.37
0.372
0.349
0.29
0.254
0.286
0.306
0.256
0.222
0.227
0.254
0.32
0.37
0.345
0.324
0.415
0.547
0.603
0.54
0.395
0.295
0.318
0.358
0.343
0.299
0.274
0.315
0.39
0.411
0.358
0.32
0.345
0.358
0.29
0.186
0.122
0.1
0.061
0.036
0.036
0.027
-0.002
0.02
0.052
0.036
0.018
0.075
0.127
0.109
0.059
0.066
0.143
0.17
0.079
-0.043
-0.079
-0.086
-0.111
-0.147
-0.204
-0.254
-0.252
-0.209
-0.193
-0.184
-0.166
-0.147
-0.134
-0.095
-0.063
-0.102
-0.163
-0.12
-0.045
-0.043
-0.061
-0.029
0.029
0.107
0.168
0.193
0.166
0.134
0.141
0.17
0.161
0.079
-0.029
-0.048
0.004
0.052
0.116
0.215
0.293
0.367
0.438
0.456
0.433
0.392
0.331
0.279
0.249
0.24
0.252
0.249
0.277
0.388
0.504
0.533
0.506
0.467
0.435
0.388
0.349
0.318
0.281
0.272
0.331
0.438
0.569
0.669
0.642
0.621
0.671
0.701
0.685
0.633
0.547
0.499
0.485
0.476
0.451
0.397
0.343
0.304
0.299
0.263
0.179
0.104
0.034
0.004
0.082
0.177
0.211
0.218
0.272
0.347
0.361
0.327
0.254
0.197
0.154
0.122
0.054
0.014
0.011
-0.041
-0.097
-0.068
-0.041
-0.104
-0.188
-0.204
-0.17
-0.193
-0.29
-0.397
-0.456
-0.445
-0.395
-0.358
-0.383
-0.454
-0.451
-0.374
-0.365
-0.377
-0.363
-0.367
-0.379
-0.363
-0.343
-0.372
-0.411
-0.424
-0.415
-0.445
-0.508
-0.531
-0.49
-0.42
-0.429
-0.515
-0.54
-0.492
-0.526
-0.578
-0.549
-0.497
-0.49
-0.508
-0.488
-0.429
-0.356
-0.295
-0.293
-0.315
-0.311
-0.24
-0.147
-0.159
-0.252
-0.249
-0.177
-0.152
-0.168
-0.163
-0.166
-0.15
-0.082
-0.036
-0.05
-0.041
0.032
0.143
0.265
0.336
0.331
0.297
0.338
0.377
0.37
0.308
0.236
0.197
0.229
0.268
0.288
0.304
0.288
0.265
0.27
0.284
0.249
0.19
0.129
0.048
0.02
0.088
0.163
0.2
0.231
0.281
0.327
0.304
0.227
0.141
0.084
0.059
0.014
-0.061
-0.143
-0.22
-0.265
-0.227
-0.154
-0.138
-0.154
-0.141
-0.086
-0.034
-0.057
-0.177
-0.304
-0.374
-0.388
-0.381
-0.411
-0.465
-0.485
-0.435
-0.367
-0.322
-0.288
-0.279
-0.299
-0.304
-0.315
-0.37
-0.431
-0.429
-0.358
-0.265
-0.22
-0.222
-0.24
-0.193
-0.084
-0.05
-0.086
-0.107
-0.163
-0.225
-0.209
-0.156
-0.129
-0.161
-0.229
-0.238
-0.166
-0.093
-0.093
-0.109
-0.1
-0.073
-0.002
0.041
-0.004
-0.043
-0.023
0.018
0.075
0.1
0.052
0.014
0.063
0.179
0.268
0.295
0.324
0.39
0.501
0.637
0.665
0.519
0.395
0.363
0.34
0.299
0.263
0.238
0.243
0.297
0.388
0.492
0.572
0.59
0.596
0.624
0.651
0.696
0.73
0.68
0.596
0.637
0.76
0.812
0.78
0.712
0.655
0.635
0.633
0.606
0.574
0.533
0.517
0.556
0.637
0.646
0.567
0.551
0.596
0.56
0.479
0.438
0.417
0.383
0.324
0.263
0.261
0.295
0.313
0.295
0.263
0.279
0.347
0.349
0.234
0.147
0.163
0.17
0.125
0.048
-0.048
-0.12
-0.147
-0.136
-0.1
-0.073
-0.116
-0.179
-0.127
-0.043
-0.077
-0.127
-0.122
-0.138
-0.179
-0.218
-0.24
-0.27
-0.32
-0.386
-0.429
-0.451
-0.431
-0.399
-0.424
-0.463
-0.447
-0.42
-0.445
-0.435
-0.383
-0.37
-0.361
-0.329
-0.336
-0.406
-0.465
-0.456
-0.417
-0.415
-0.447
-0.454
-0.386
-0.29
-0.215
-0.122
-0.057
-0.084
-0.118
-0.082
-0.05
-0.073
-0.145
-0.22
-0.29
-0.338
-0.383
-0.39
-0.347
-0.322
-0.308
-0.279
-0.231
-0.116
0.009
0.079
0.132
0.218
0.311
0.347
0.313
0.249
0.215
0.213
0.213
0.202
0.184
0.175
0.147
0.161
0.243
0.288
0.288
0.297
0.365
0.44
0.485
0.479
0.451
0.42
0.426
0.454
0.476
0.467
0.458
0.435
0.422
0.47
0.54
0.517
0.426
0.367
0.352
0.345
0.331
0.315
0.293
0.279
0.315
0.365
0.392
0.365
0.274
0.177
0.095
0.009
-0.073
-0.172
-0.272
-0.308
-0.252
-0.177
-0.132
-0.113
-0.091
-0.063
-0.054
-0.109
-0.195
-0.29
-0.399
-0.454
-0.458
-0.499
-0.565
-0.631
-0.662
-0.635
-0.601
-0.615
-0.646
-0.637
-0.61
-0.572
-0.499
-0.449
-0.472
-0.467
-0.413
-0.37
-0.361
-0.37
-0.417
-0.467
-0.467
-0.467
-0.519
-0.599
-0.635
-0.628
-0.619
-0.621
-0.596
-0.569
-0.583
-0.556
-0.472
-0.42
-0.42
-0.399
-0.349
-0.281
-0.222
-0.195
-0.202
-0.204
-0.197
-0.211
-0.193
-0.179
-0.211
-0.261
-0.268
-0.24
-0.195
-0.145
-0.1
-0.05
-0.004
0.02
-0.002
-0.038
-0.052
-0.086
-0.145
-0.211
-0.213
-0.2
-0.227
-0.209
-0.088
0.036
0.102
0.15
0.211
0.252
0.263
0.245
0.193
0.132
0.068
0.014
-0.011
-0.018
-0.057
-0.084
-0.075
-0.082
-0.091
-0.066
-0.025
0.02
0.061
0.084
0.091
0.12
0.179
0.2
0.127
0.007
-0.057
-0.082
-0.134
-0.184
-0.204
-0.252
-0.29
-0.27
-0.213
-0.177
-0.175
-0.159
-0.088
-0.007
0.041
0.05
0.034
-0.025
-0.07
-0.134
-0.234
-0.318
-0.347
-0.367
-0.379
-0.361
-0.324
-0.327
-0.377
-0.426
-0.413
-0.399
-0.451
-0.504
-0.51
-0.51
-0.492
-0.47
-0.479
-0.531
-0.585
-0.608
-0.592
-0.592
-0.61
-0.662
-0.714
-0.665
-0.569
-0.522
-0.535
-0.549
-0.519
-0.46
-0.424
-0.435
-0.472
-0.533
-0.615
-0.676
-0.726
-0.776
-0.78
-0.726
-0.621
-0.508
-0.451
-0.431
-0.395
-0.372
-0.349
-0.331
-0.299
-0.279
-0.324
-0.379
-0.338
-0.263
-0.236
-0.234
-0.231
-0.213
-0.193
-0.17
-0.168
-0.188
-0.231
-0.268
-0.274
-0.252
-0.188
-0.093
-0.052
-0.041
-0.007
0.025
0
-0.025
-0.014
0.02
0.023
0.041
0.102
0.129
0.1
0.086
0.116
0.161
0.166
0.111
0.107
0.127
0.093
0.027
0.004
-0.009
-0.014
-0.016
-0.027
0.011
0.088
0.082
0.018
-0.018
-0.004
0.032
0.036
0.036
0.057
0.088
0.129
0.161
0.161
0.104
-0.009
-0.104
-0.152
-0.211
-0.306
-0.379
-0.408
-0.411
-0.44
-0.485
-0.49
-0.458
-0.476
-0.522
-0.528
-0.474
-0.447
-0.494
-0.54
-0.551
-0.54
-0.583
-0.642
-0.683
-0.689
-0.683
-0.696
-0.717
-0.73
-0.792
-0.866
-0.882
-0.862
-0.86
-0.9
-0.932
-0.916
-0.88
-0.887
-0.939
-0.957
-0.971
-1.009
-1.039
-1.028
-0.993
-0.993
-1.043
-1.055
-0.996
-0.919
-0.871
-0.855
-0.821
-0.769
-0.746
-0.78
-0.823
-0.862
-0.876
-0.869
-0.864
-0.855
-0.857
-0.873
-0.873
-0.826
-0.81
-0.848
-0.862
-0.814
-0.748
-0.694
-0.66
-0.624
-0.578
-0.549
-0.508
-0.417
-0.32
-0.32
-0.386
-0.42
-0.424
-0.44
-0.504
-0.596
-0.606
-0.499
-0.411
-0.365
-0.315
-0.231
-0.15
-0.093
-0.082
-0.152
-0.284
-0.386
-0.424
-0.406
-0.397
-0.429
-0.435
-0.377
-0.302
-0.293
-0.315
-0.299
-0.268
-0.277
-0.286
-0.27
-0.272
-0.365
-0.515
-0.585
-0.565
-0.551
-0.599
-0.667
-0.685
-0.649
-0.621
-0.665
-0.746
-0.807
-0.844
-0.841
-0.785
-0.744
-0.764
-0.792
-0.798
-0.803
-0.826
-0.887
-0.969
-1.043
-1.118
-1.159
-1.159
-1.17
-1.195
-1.223
-1.225
-1.175
-1.123
-1.109
-1.159
-1.195
-1.173
-1.132
-1.152
-1.227
-1.306
-1.359
-1.386
-1.427
-1.515
-1.59
-1.61
-1.59
-1.561
-1.495
-1.427
-1.406
-1.393
-1.361
-1.338
-1.336
-1.365
-1.418
-1.452
-1.458
-1.463
-1.456
-1.447
-1.47
-1.502
-1.458
-1.34
-1.248
-1.225
-1.232
-1.227
-1.191
-1.193
-1.248
-1.288
-1.263
-1.22
-1.223
-1.236
-1.209
-1.173
-1.148
-1.08
-0.991
-0.975
-1.046
-1.109
-1.093
-1.025
-0.978
-0.944
-0.864
-0.771
-0.687
-0.61
-0.551
-0.538
-0.574
-0.64
-0.651
-0.599
-0.606
-0.696
-0.755
-0.712
-0.612
-0.551
-0.54
-0.506
-0.451
-0.417
-0.383
-0.345
-0.352
-0.406
-0.451
-0.442
-0.39
-0.377
-0.415
-0.476
-0.506
-0.47
-0.42
-0.424
-0.506
-0.585
-0.628
-0.617
-0.637
-0.705
-0.773
-0.796
-0.778
-0.694
-0.608
-0.587
-0.596
-0.599
-0.567
-0.551
-0.594
-0.719
-0.86
-0.932
-0.969
-1.041
-1.123
-1.175
-1.245
-1.286
-1.232
-1.145
-1.105
-1.116
-1.134
-1.136
-1.134
-1.177
-1.245
-1.309
-1.381
-1.433
-1.431
-1.406
-1.443
-1.531
-1.561
-1.474
-1.39
-1.388
-1.456
-1.52
-1.497
-1.458
-1.486
-1.508
-1.499
-1.479
-1.483
-1.497
-1.492
-1.474
-1.458
-1.445
-1.409
-1.368
-1.297
-1.234
-1.216
-1.236
-1.202
-1.08
-0.953
-0.869
-0.851
-0.828
-0.748
-0.685
-0.733
-0.853
-0.93
-0.978
-1.052
-1.148
-1.186
-1.159
-1.107
-1.032
-0.891
-0.683
-0.499
-0.354
-0.209
-0.102
-0.018
0.048
0.068
0.018
-0.107
-0.222
-0.263
-0.265
-0.293
-0.363
-0.411
-0.329
-0.161
-0.073
-0.091
-0.102
-0.043
0.038
0.088
0.093
0.075
0.068
0.091
0.136
0.163
0.143
0.113
0.07
0.007
-0.036
-0.057
-0.088
-0.138
-0.188
-0.166
-0.116
-0.12
-0.118
-0.05
0.018
0.018
-0.032
-0.084
-0.134
-0.197
-0.318
-0.46
-0.54
-0.572
-0.606
-0.669
-0.683
-0.667
-0.642
-0.592
-0.515
-0.485
-0.517
-0.533
-0.528
-0.567
-0.669
-0.81
-0.925
-0.991
-1.03
-1.071
-1.105
-1.17
-1.22
-1.177
-1.096
-1.057
-1.052
-1.057
-1.087
-1.084
-1.032
-1.032
-1.105
-1.214
-1.277
-1.261
-1.229
-1.25
-1.275
-1.254
-1.164
-1.037
-0.984
-0.993
-0.984
-0.93
-0.835
-0.748
-0.723
-0.726
-0.714
-0.735
-0.789
-0.812
-0.819
-0.907
-0.989
-0.973
-0.887
-0.789
-0.742
-0.712
-0.646
-0.515
-0.324
-0.145
-0.054
-0.016
0.05
0.111
0.152
0.152
0.066
-0.066
-0.161
-0.19
-0.197
-0.227
-0.277
-0.286
-0.156
0.061
0.234
0.37
0.422
0.433
0.494
0.596
0.624
0.556
0.433
0.34
0.322
0.313
0.243
0.093
-0.043
-0.036
0.088
0.188
0.206
0.218
0.293
0.426
0.501
0.465
0.381
0.324
0.277
0.259
0.268
0.236
0.116
-0.052
-0.204
-0.302
-0.356
-0.395
-0.417
-0.442
-0.415
-0.302
-0.184
-0.138
-0.122
-0.077
-0.014
0.05
0.052
-0.029
-0.206
-0.406
-0.631
-0.837
-0.987
-1.109
-1.184
-1.22
-1.189
-1.052
-0.862
-0.689
-0.56
-0.451
-0.333
-0.206
-0.145
-0.19
-0.315
-0.472
-0.592
-0.66
-0.782
-0.939
-1.062
-1.13
-1.127
-1.055
-0.991
-0.955
-0.848
-0.655
-0.458
-0.256
-0.088
0.009
0.061
0.113
0.156
0.17
0.095
-0.038
-0.138
-0.209
-0.279
-0.367
-0.449
-0.435
-0.32
-0.163
0.029
0.231
0.415
0.596
0.773
0.887
0.935
0.955
0.914
0.826
0.71
0.542
0.338
0.17
0.032
-0.054
-0.073
0.036
0.263
0.51
0.712
0.91
1.091
1.214
1.291
1.284
1.155
0.966
0.771
0.56
0.311
0.043
-0.265
-0.556
-0.705
-0.723
-0.674
-0.599
-0.522
-0.379
-0.172
-0.027
0.011
0.018
0.02
-0.004
-0.111
-0.277
-0.492
-0.782
-1.055
-1.261
-1.49
-1.744
-1.923
-2.001
-2.01
-1.951
-1.855
-1.778
-1.676
-1.547
-1.42
-1.297
-1.202
-1.2
-1.32
-1.486
-1.649
-1.796
-1.935
-2.069
-2.209
-2.354
-2.416
-2.377
-2.343
-2.275
-2.094
-1.851
-1.62
-1.411
-1.223
-1.057
-0.932
-0.898
-0.944
-0.978
-0.953
-0.975
-1.062
-1.179
-1.275
-1.306
-1.302
-1.311
-1.277
-1.114
-0.823
-0.499
-0.236
-0.061
0.166
0.454
0.683
0.796
0.812
0.758
0.694
0.665
0.651
0.619
0.535
0.417
0.377
0.458
0.596
0.792
0.991
1.177
1.379
1.595
1.767
1.878
1.953
2.003
2.039
2.041
2.01
1.971
1.933
1.908
1.887
1.921
1.969
1.905
1.867
1.998
2.202
2.368
2.479
2.556
2.638
2.722
2.783
2.781
2.704
2.572
2.518
2.486
2.459
2.45
2.379
2.271
2.221
2.273
2.341
2.395
2.482
2.579
2.661
2.726
2.742
2.692
2.656
2.636
2.525
2.402
2.348
2.289
2.191
2.114
2.107
2.112
2.075
2.021
1.98
1.964
2.019
2.143
2.216
2.2
2.191
2.2
2.157
2.071
1.971
1.865
1.742
1.613
1.57
1.59
1.622
1.615
1.574
1.604
1.692
1.726
1.724
1.744
1.758
1.747
1.685
1.597
1.508
1.431
1.368
1.331
1.282
1.211
1.225
1.329
1.431
1.49
1.499
1.447
1.377
1.338
1.347
1.386
1.39
1.386
1.399
1.427
1.409
1.384
1.436
1.49
1.397
1.266
1.257
1.334
1.411
1.447
1.461
1.492
1.554
1.622
1.667
1.672
1.649
1.638
1.608
1.556
1.529
1.524
1.504
1.468
1.422
1.375
1.347
1.363
1.395
1.418
1.424
1.42
1.427
1.472
1.529
1.517
1.463
1.429
1.343
1.198
1.075
1.021
0.962
0.848
0.719
0.64
0.603
0.631
0.751
0.876
0.932
0.975
1.023
1.057
1.05
0.957
0.835
0.701
0.56
0.429
0.306
0.236
0.218
0.204
0.206
0.254
0.288
0.349
0.445
0.517
0.483
0.429
0.426
0.44
0.454
0.467
0.463
0.388
0.281
0.229
0.168
0.07
0.027
0.007
-0.07
-0.168
-0.234
-0.234
-0.156
-0.052
-0.009
-0.027
-0.016
0.059
0.122
0.152
0.147
0.043
-0.154
-0.349
-0.481
-0.535
-0.531
-0.553
-0.583
-0.533
-0.361
-0.154
-0.048
-0.052
-0.011
0.063
0.063
-0.004
-0.097
-0.152
-0.166
-0.2
-0.295
-0.388
-0.395
-0.336
-0.302
-0.308
-0.302
-0.249
-0.122
0.016
0.054
