Unnamed: 3
Value
3.588
3.808
3.988
4.024
3.985
3.915
3.788
3.584
3.382
3.271
3.232
3.223
3.225
3.298
3.452
3.586
3.591
3.516
3.482
3.522
3.638
3.847
4.162
4.534
4.922
5.29
5.564
5.711
5.773
5.886
6.088
6.283
6.424
6.605
6.827
6.954
6.927
6.827
6.771
6.814
6.904
7.002
7.068
7.166
7.322
7.465
7.467
7.333
7.197
7.107
6.986
6.778
6.605
6.542
6.553
6.539
6.469
6.34
6.167
5.936
5.725
5.657
5.639
5.575
5.482
5.389
5.26
5.067
4.895
4.775
4.62
4.414
4.23
4.158
4.092
3.974
3.795
3.588
3.477
3.468
3.464
3.45
3.441
3.461
3.518
3.595
3.679
3.79
3.926
4.012
4.008
3.962
3.974
4.062
4.187
4.359
4.593
4.847
5.065
5.274
5.494
5.659
5.716
5.75
5.852
6.018
6.142
6.231
6.34
6.446
6.517
6.562
6.626
6.694
6.73
6.732
6.771
6.798
6.805
6.807
6.814
6.773
6.676
6.576
6.528
6.515
6.542
6.603
6.63
6.548
6.362
6.177
6.029
5.897
5.775
5.684
5.618
5.51
5.351
5.169
4.997
4.833
4.645
4.459
4.289
4.144
4.015
3.913
3.84
3.779
3.74
3.679
3.545
3.377
3.196
3.03
2.865
2.692
2.584
2.584
2.568
2.461
2.314
2.171
2.071
2.053
2.125
2.246
2.341
2.411
2.479
2.574
2.663
2.713
2.776
2.885
2.978
3.032
3.112
3.255
3.407
3.518
3.595
3.677
3.788
3.947
4.123
4.294
4.489
4.763
5.085
5.326
5.392
5.326
5.233
5.165
5.065
4.963
4.938
4.977
5.033
5.101
5.185
5.287
5.364
5.396
5.419
5.405
5.323
5.274
5.312
5.376
5.421
5.419
5.387
5.353
5.274
5.11
4.915
4.754
4.598
4.452
4.332
4.226
4.08
3.931
3.851
3.817
3.79
3.827
3.89
3.84
3.65
3.434
3.239
2.994
2.695
2.429
2.234
2.105
2.035
2.055
2.146
2.268
2.391
2.495
2.547
2.561
2.588
2.597
2.568
2.518
2.468
2.436
2.427
2.395
2.341
2.286
2.232
2.168
2.098
2.082
2.159
2.252
2.327
2.407
2.479
2.506
2.513
2.574
2.636
2.606
2.531
2.504
2.538
2.54
2.477
2.384
2.325
2.293
2.266
2.284
2.366
2.475
2.615
2.783
2.917
2.994
2.999
2.933
2.822
2.679
2.536
2.404
2.309
2.243
2.15
2.025
1.883
1.73
1.579
1.506
1.467
1.422
1.377
1.356
1.343
1.311
1.286
1.241
1.15
1.03
0.941
0.957
1.018
1.043
0.993
0.932
0.88
0.816
0.733
0.637
0.533
0.503
0.569
0.674
0.776
0.875
0.955
1.03
1.077
1.114
1.138
1.12
1.091
1.068
1.03
0.955
0.871
0.835
0.925
1.023
1.077
1.145
1.252
1.354
1.454
1.567
1.71
1.837
1.903
1.919
1.917
1.903
1.88
1.837
1.785
1.742
1.713
1.71
1.694
1.606
1.431
1.238
1.091
0.971
0.826
0.66
0.522
0.404
0.295
0.14
-0.025
-0.247
-0.492
-0.676
-0.805
-0.984
-1.191
-1.327
-1.349
-1.32
-1.309
-1.325
-1.318
-1.304
-1.29
-1.263
-1.256
-1.261
-1.25
-1.243
-1.259
-1.318
-1.39
-1.431
-1.461
-1.513
-1.533
-1.506
-1.463
-1.424
-1.386
-1.336
-1.268
-1.207
-1.154
-1.134
-1.116
-1.095
-1.064
-0.996
-0.914
-0.857
-0.762
-0.587
-0.392
-0.265
-0.193
-0.095
0.054
0.24
0.406
0.519
0.603
0.705
0.826
0.905
0.898
0.819
0.726
0.619
0.492
0.383
0.324
0.249
0.145
0.029
-0.082
-0.188
-0.295
-0.385
-0.494
-0.637
-0.783
-0.939
-1.125
-1.343
-1.597
-1.853
-2.098
-2.309
-2.447
-2.529
-2.561
-2.529
-2.452
-2.373
-2.32
-2.268
-2.214
-2.161
-2.18
-2.255
-2.314
-2.332
-2.35
-2.368
-2.4
-2.461
-2.549
-2.681
-2.847
-3.019
-3.141
-3.194
-3.187
-3.153
-3.071
-2.96
-2.896
-2.881
-2.867
-2.885
-2.974
-3.089
-3.166
-3.18
-3.135
-3.076
-2.983
-2.847
-2.738
-2.699
-2.701
-2.667
-2.57
-2.454
-2.348
-2.223
-2.107
-2.044
-2.066
-2.141
-2.205
-2.293
-2.443
-2.667
-2.883
-3.032
-3.157
-3.343
-3.57
-3.788
-3.988
-4.137
-4.271
-4.412
-4.527
-4.6
-4.652
-4.7
-4.786
-4.883
-4.992
-5.103
-5.226
-5.339
-5.444
-5.496
-5.505
-5.478
-5.462
-5.512
-5.591
-5.637
-5.661
-5.671
-5.677
-5.687
-5.63
-5.541
-5.496
-5.514
-5.562
-5.639
-5.766
-5.911
-6.006
-6.029
-6.002
-5.966
-5.956
-5.936
-5.879
-5.807
-5.736
-5.65
-5.5
-5.262
-4.974
-4.648
-4.312
-4.033
-3.876
-3.854
-3.888
-3.874
-3.845
-3.851
-3.851
-3.783
-3.654
-3.538
-3.425
-3.337
-3.302
-3.382
-3.534
-3.693
-3.815
-3.945
-4.078
-4.185
-4.262
-4.364
-4.527
-4.738
-4.992
-5.237
-5.428
-5.598
-5.768
-5.904
-5.934
-5.872
-5.807
-5.773
-5.732
-5.664
-5.618
-5.607
-5.591
-5.612
-5.714
-5.863
-5.997
-6.092
-6.161
-6.226
-6.208
-6.092
-5.956
-5.838
-5.72
-5.578
-5.414
-5.262
-5.187
-5.131
-5.095
-5.074
-5.045
-4.979
-4.875
-4.761
-4.682
-4.682
-4.72
-4.72
-4.641
-4.527
-4.393
-4.21
-3.951
-3.686
-3.527
-3.439
-3.339
-3.212
-3.141
-3.139
-3.119
-3.048
-2.974
-2.887
-2.785
-2.708
-2.704
-2.756
-2.842
-2.937
-3.051
-3.139
-3.153
-3.074
-2.996
-2.985
-3.058
-3.187
-3.332
-3.572
-3.903
-4.212
-4.444
-4.605
-4.718
-4.797
-4.82
-4.802
-4.816
-4.908
-5.024
-5.081
-5.065
-5.074
-5.174
-5.269
-5.276
-5.265
-5.278
-5.319
-5.405
-5.498
-5.609
-5.732
-5.852
-5.966
-6.072
-6.165
-6.222
-6.253
-6.249
-6.17
-6.045
-5.94
-5.881
-5.827
-5.773
-5.707
-5.646
-5.602
-5.582
-5.541
-5.446
-5.342
-5.287
-5.249
-5.138
-4.929
-4.77
-4.693
-4.582
-4.407
-4.262
-4.192
-4.171
-4.13
-4.053
-3.969
-3.919
-3.947
-4.008
-4.062
-4.146
-4.303
-4.43
-4.475
-4.464
-4.462
-4.452
-4.452
-4.505
-4.636
-4.793
-4.951
-5.106
-5.231
-5.319
-5.349
-5.321
-5.265
-5.269
-5.321
-5.335
-5.351
-5.439
-5.566
-5.637
-5.664
-5.709
-5.759
-5.809
-5.877
-5.945
-5.995
-6.095
-6.288
-6.501
-6.619
-6.653
-6.66
-6.657
-6.619
-6.553
-6.485
-6.43
-6.399
-6.401
-6.403
-6.385
-6.319
-6.194
-6.033
-5.87
-5.714
-5.562
-5.46
-5.414
-5.319
-5.149
-4.972
-4.811
-4.62
-4.423
-4.28
-4.185
-4.06
-3.931
-3.851
-3.815
-3.754
-3.684
-3.654
-3.634
-3.568
-3.472
-3.396
-3.33
-3.237
-3.11
-2.976
-2.856
-2.772
-2.731
-2.681
-2.633
-2.665
-2.772
-2.865
-2.885
-2.847
-2.824
-2.801
-2.735
-2.62
-2.558
-2.597
-2.71
-2.785
-2.817
-2.833
-2.849
-2.822
-2.749
-2.701
-2.683
-2.708
-2.815
-2.969
-3.117
-3.241
-3.37
-3.514
-3.618
-3.684
-3.711
-3.688
-3.67
-3.777
-3.985
-4.203
-4.359
-4.471
-4.55
-4.564
-4.496
-4.412
-4.405
-4.498
-4.655
-4.795
-4.924
-5.047
-5.128
-5.126
-5.079
-5.054
-5.067
-5.106
-5.167
-5.215
-5.215
-5.178
-5.128
-5.069
-5.02
-5.008
-5.006
-4.942
-4.854
-4.793
-4.736
-4.636
-4.527
-4.444
-4.346
-4.232
-4.117
-3.999
-3.867
-3.738
-3.616
-3.488
-3.357
-3.239
-3.135
-3.017
-2.887
-2.79
-2.758
-2.76
-2.756
-2.731
-2.67
-2.608
-2.563
-2.561
-2.547
-2.52
-2.513
-2.549
-2.62
-2.676
-2.676
-2.633
-2.597
-2.561
-2.468
-2.32
-2.232
-2.22
-2.223
-2.198
-2.187
-2.223
-2.243
-2.189
-2.091
-1.998
-1.923
-1.894
-1.914
-1.962
-2.005
-2.053
-2.141
-2.239
-2.316
-2.368
-2.413
-2.525
-2.701
-2.874
-2.999
-3.11
-3.235
-3.318
-3.341
-3.337
-3.366
-3.416
-3.425
-3.357
-3.271
-3.212
-3.216
-3.203
-3.117
-2.999
-2.937
-2.946
-2.971
-2.974
-2.951
-2.885
-2.76
-2.608
-2.488
-2.416
-2.368
-2.329
-2.327
-2.35
-2.366
-2.334
-2.275
-2.234
-2.189
-2.107
-1.982
-1.876
-1.826
-1.794
-1.71
-1.597
-1.529
-1.506
-1.404
-1.204
-1.009
-0.905
-0.812
-0.689
-0.587
-0.499
-0.408
-0.295
-0.138
0.05
0.213
0.293
0.267
0.211
0.229
0.299
0.342
0.374
0.463
0.599
0.748
0.885
0.953
0.961
0.964
0.977
1
1.018
0.977
0.896
0.826
0.871
1.009
1.148
1.295
1.424
1.483
1.504
1.542
1.633
1.783
1.926
1.962
1.885
1.758
1.633
1.529
1.449
1.384
1.284
1.173
1.077
1.014
1.007
1.057
1.148
1.225
1.3
1.399
1.508
1.574
1.565
1.529
1.536
1.547
1.495
1.422
1.42
1.474
1.595
1.812
2.094
2.384
2.647
2.84
2.944
2.98
3.008
3.048
3.089
3.087
3.01
2.89
2.797
2.706
2.593
2.477
2.395
2.352
2.366
2.431
2.509
2.52
2.447
2.338
2.275
2.243
2.198
2.116
2.075
2.064
2.003
1.848
1.717
1.694
1.721
1.717
1.687
1.683
1.728
1.796
1.803
1.74
1.635
1.56
1.529
1.508
1.447
1.329
1.236
1.229
1.286
1.343
1.386
1.377
1.327
1.245
1.177
1.182
1.272
1.381
1.486
1.597
1.719
1.853
1.994
2.125
2.282
2.52
2.801
3.076
3.314
3.563
3.849
4.146
4.405
4.625
4.82
4.999
5.183
5.401
5.591
5.741
5.895
6.12
6.378
6.544
6.544
6.46
6.365
6.29
6.238
6.086
5.793
5.51
5.419
5.43
5.387
5.276
5.165
5.16
5.249
5.303
5.237
5.133
5.11
5.131
5.095
5.013
4.958
5.029
5.185
5.267
5.158
4.92
4.745
4.707
4.698
4.514
4.128
3.722
3.459
3.296
3.15
2.98
2.867
2.887
2.928
2.835
2.731
2.763
2.885
2.946
2.885
2.774
2.679
2.667
2.71
2.758
2.767
2.763
2.867
3.128
3.445
3.679
3.879
4.112
4.335
4.448
4.498
4.613
4.761
4.797
4.75
4.757
4.897
5.095
5.219
5.326
5.469
5.659
5.857
6.009
6.086
6.102
6.047
5.97
5.895
5.811
5.702
5.63
5.666
5.791
5.863
5.868
5.931
6.063
6.09
5.963
5.809
5.77
5.866
5.99
6.113
6.245
6.319
6.344
6.347
6.34
6.251
6.077
5.918
5.832
5.777
5.689
5.628
5.68
5.798
5.87
5.818
5.736
5.746
5.807
5.841
5.857
5.841
5.75
5.616
5.491
5.355
5.183
5.072
5.156
5.448
5.768
5.959
6.092
6.297
6.494
6.523
6.408
6.269
6.14
5.979
5.791
5.634
5.519
5.41
5.267
5.119
5.013
4.906
4.768
4.72
4.836
5.004
5.113
5.192
5.267
5.274
5.181
5.081
5.051
5.103
5.201
5.31
5.448
5.652
5.859
5.984
6.056
6.158
6.299
6.523
6.8
7.048
7.222
7.342
7.497
7.687
7.787
7.728
7.621
7.547
7.429
7.224
7.054
7.016
7.05
7.036
6.939
6.83
6.773
6.737
6.716
6.705
6.682
6.623
6.51
6.387
6.231
5.909
5.484
5.158
5.01
4.958
4.856
4.793
4.863
5.013
5.088
5.02
4.843
4.623
4.359
4.028
3.668
3.38
3.232
3.196
3.191
3.153
3.08
2.994
2.953
2.949
2.933
2.917
2.969
3.062
3.078
2.98
2.849
2.788
2.769
2.745
2.749
2.881
3.105
3.364
3.672
4.037
4.341
4.496
4.623
4.802
4.977
5.065
5.069
5.144
5.29
5.373
5.392
5.48
5.689
5.911
6.086
6.263
6.48
6.635
6.737
6.88
7.059
7.152
7.124
7.111
7.19
7.333
7.397
7.417
7.503
7.644
7.737
7.775
7.85
7.968
8.025
8.039
8.052
8.061
8.084
8.159
8.281
8.399
8.395
8.277
8.163
8.032
7.782
7.456
7.19
7.065
7.025
6.963
6.914
6.961
7.072
7.159
7.129
7.045
6.993
6.941
6.784
6.56
6.319
6.113
5.902
5.684
5.5
5.299
5.008
4.775
4.768
4.94
5.147
5.323
5.469
5.564
5.557
5.489
5.417
5.301
5.095
4.804
4.575
4.455
4.359
4.226
4.13
4.128
4.176
4.214
4.289
4.452
4.586
4.616
4.593
4.625
4.648
4.523
4.305
4.178
4.149
4.139
4.18
4.296
4.418
4.462
4.464
4.509
4.55
4.505
4.462
4.491
4.541
4.521
4.398
4.239
4.074
3.851
3.532
3.212
3.001
2.869
2.724
2.568
2.45
2.388
2.293
2.187
2.171
2.236
2.227
2.128
2.062
1.987
1.828
1.597
1.377
1.211
1.059
0.889
0.789
0.826
0.93
0.998
1.059
1.177
1.29
1.284
1.193
1.132
1.039
0.778
0.451
0.24
0.079
-0.179
-0.497
-0.662
-0.68
-0.68
-0.669
-0.59
-0.515
-0.549
-0.669
-0.73
-0.676
-0.644
-0.696
-0.719
-0.662
-0.596
-0.517
-0.383
-0.206
-0.043
0.095
0.261
0.449
0.56
0.617
0.714
0.855
0.934
0.846
0.678
0.635
0.698
0.708
0.66
0.653
0.676
0.637
0.551
0.467
0.419
0.404
0.39
0.395
0.447
0.553
0.653
0.717
0.794
0.928
1.039
1.062
1.052
1.068
1.003
0.839
0.714
0.639
0.447
0.132
-0.106
-0.159
-0.097
-0.057
-0.027
0.027
0.075
0.036
-0.061
-0.22
-0.474
-0.757
-0.973
-1.093
-1.161
-1.243
-1.363
-1.413
-1.381
-1.397
-1.486
-1.549
-1.59
-1.681
-1.846
-1.98
-2.035
-2.114
-2.284
-2.438
-2.52
-2.601
-2.724
-2.817
-2.819
-2.847
-2.935
-3.01
-3.015
-2.996
-3.005
-3.06
-3.15
-3.232
-3.296
-3.375
-3.466
-3.534
-3.572
-3.613
-3.697
-3.806
-3.924
-4.037
-4.087
-4.135
-4.255
-4.382
-4.371
-4.241
-4.119
-4.04
-3.947
-3.817
-3.718
-3.675
-3.611
-3.493
-3.396
-3.38
-3.398
-3.355
-3.228
-3.083
-2.974
-2.808
-2.536
-2.246
-1.998
-1.792
-1.658
-1.654
-1.74
-1.803
-1.844
-1.93
-2.066
-2.18
-2.15
-2.012
-1.917
-1.894
-1.903
-1.912
-1.912
-1.917
-1.966
-2.035
-2.05
-2.019
-1.987
-1.953
-1.901
-1.78
-1.631
-1.526
-1.451
-1.365
-1.254
-1.182
-1.164
-1.182
-1.179
-1.177
-1.231
-1.34
-1.411
-1.424
-1.458
-1.506
-1.547
-1.585
-1.678
-1.796
-1.912
-2.014
-2.13
-2.23
-2.286
-2.338
-2.366
-2.343
-2.3
-2.266
-2.227
-2.164
-2.094
-2.057
-2.066
-2.161
-2.277
-2.375
-2.466
-2.577
-2.683
-2.781
-2.856
-2.89
-2.887
-2.894
-2.944
-3.058
-3.221
-3.359
-3.509
-3.724
-3.962
-4.133
-4.187
-4.217
-4.305
-4.43
-4.498
-4.537
-4.561
-4.552
-4.537
-4.559
-4.607
-4.652
-4.672
-4.67
-4.688
-4.761
-4.84
-4.888
-4.897
-4.895
-4.897
-4.908
-4.899
-4.886
-4.895
-4.938
-5.006
-5.026
-5.013
-5.04
-5.174
-5.333
-5.435
-5.505
-5.571
-5.591
-5.569
-5.571
-5.589
-5.58
-5.519
-5.423
-5.353
-5.342
-5.419
-5.494
-5.498
-5.408
-5.294
-5.215
-5.176
-5.197
-5.265
-5.362
-5.451
-5.505
-5.548
-5.602
-5.639
-5.646
-5.675
-5.755
-5.857
-5.893
-5.877
-5.875
-5.922
-5.99
-6.04
-6.099
-6.186
-6.265
-6.263
-6.194
-6.049
-5.897
-5.807
-5.73
-5.621
-5.519
-5.439
-5.362
-5.285
-5.26
-5.305
-5.342
-5.274
-5.174
-5.133
-5.131
-5.133
-5.11
-5.09
-5.122
-5.119
-5.004
-4.852
-4.736
-4.657
-4.552
-4.441
-4.332
-4.226
-4.11
-3.969
-3.84
-3.745
-3.699
-3.67
-3.563
-3.332
-3.117
-3.032
-3.015
-2.98
-2.955
-2.926
-2.892
-2.878
-2.935
-3.044
-3.194
-3.3
-3.359
-3.457
-3.597
-3.781
-3.962
-4.149
-4.337
-4.462
-4.475
-4.462
-4.5
-4.577
-4.639
-4.645
-4.584
-4.493
-4.428
-4.4
-4.373
-4.35
-4.38
-4.468
-4.511
-4.509
-4.557
-4.679
-4.786
-4.813
-4.813
-4.802
-4.818
-4.87
-4.836
-4.67
-4.489
-4.407
-4.359
-4.248
-4.103
-4.047
-4.083
-4.094
-3.988
-3.847
-3.709
-3.6
-3.502
-3.375
-3.237
-3.139
-3.11
-3.169
-3.291
-3.368
-3.353
-3.348
-3.414
-3.47
-3.486
-3.541
-3.688
-3.822
-3.881
-3.954
-4.119
-4.332
-4.459
-4.527
-4.57
-4.589
-4.584
-4.618
-4.736
-4.879
-4.934
-4.934
-4.981
-5.072
-5.16
-5.242
-5.364
-5.507
-5.632
-5.677
-5.725
-5.859
-6.056
-6.249
-6.387
-6.44
-6.476
-6.573
-6.678
-6.768
-6.896
-7.038
-7.136
-7.181
-7.181
-7.147
-7.088
-7.016
-6.954
-6.932
-6.88
-6.782
-6.68
-6.666
-6.721
-6.721
-6.644
-6.594
-6.564
-6.464
-6.312
-6.142
-5.95
-5.75
-5.541
-5.353
-5.174
-5.004
-4.87
-4.75
-4.613
-4.462
-4.33
-4.185
-3.954
-3.631
-3.307
-2.967
-2.581
-2.214
-1.919
-1.687
-1.474
-1.277
-1.075
-0.853
-0.599
-0.41
-0.352
-0.358
-0.34
-0.347
-0.44
-0.585
-0.667
-0.66
-0.665
-0.674
-0.655
-0.615
-0.596
-0.626
-0.721
-0.875
-1.062
-1.213
-1.352
-1.569
-1.86
-2.134
-2.343
-2.534
-2.722
-2.871
-2.983
-3.107
-3.248
-3.346
-3.443
-3.593
-3.786
-4.047
-4.393
-4.777
-5.09
-5.315
-5.514
-5.739
-5.988
-6.194
-6.374
-6.56
-6.732
-6.791
-6.802
-6.886
-7.016
-7.104
-7.122
-7.107
-7.166
-7.277
-7.347
-7.351
-7.338
-7.32
-7.308
-7.299
-7.311
-7.336
-7.386
-7.39
-7.299
-7.156
-6.995
-6.816
-6.526
-6.111
-5.648
-5.224
-4.868
-4.609
-4.43
-4.255
-4.058
-3.851
-3.643
-3.405
-3.119
-2.792
-2.466
-2.175
-1.88
-1.572
-1.275
-1.009
-0.742
-0.481
-0.261
-0.061
0.168
0.401
0.61
0.807
0.989
1.111
1.211
1.302
1.347
1.336
1.309
1.304
1.293
1.279
1.247
1.213
1.2
1.2
1.184
1.166
1.136
1.095
1.046
0.982
0.839
0.569
0.272
0.077
-0.057
-0.224
-0.363
-0.406
-0.426
-0.478
-0.506
-0.51
-0.558
-0.658
-0.742
-0.76
-0.742
-0.712
-0.703
-0.735
-0.794
-0.857
-0.821
-0.683
-0.599
-0.587
-0.551
-0.438
-0.324
-0.261
-0.211
-0.1
0.034
0.118
0.186
0.365
0.674
1
1.227
1.343
1.395
1.379
1.322
1.288
1.288
1.238
1.175
1.207
1.37
1.585
1.758
1.898
2.059
2.209
2.3
2.364
2.438
2.466
2.368
2.177
1.996
1.923
1.921
1.928
1.871
1.772
1.69
1.635
1.554
1.422
1.309
1.161
0.918
0.674
0.537
0.472
0.408
0.315
0.238
0.193
0.179
0.202
0.258
0.304
0.279
0.231
0.293
0.404
0.456
0.428
0.397
0.419
0.472
0.553
0.639
0.71
0.739
0.753
0.68
0.553
0.517
0.587
0.628
0.574
0.56
0.676
0.909
1.141
1.311
1.445
1.601
1.767
1.919
2.064
2.143
2.128
2.109
2.166
2.273
2.366
2.481
2.667
2.921
3.144
3.316
3.57
3.954
4.271
4.389
4.421
4.602
4.89
5.11
5.26
5.417
5.555
5.625
5.605
5.519
5.43
5.414
5.401
5.283
5.024
4.775
4.613
4.489
4.364
4.221
4.074
3.99
3.942
3.854
3.695
3.468
3.259
3.114
3.008
2.822
2.563
2.368
2.275
2.168
1.941
1.647
1.436
1.284
1.05
0.776
0.542
0.381
0.293
0.193
0.002
-0.229
-0.395
-0.451
-0.476
-0.519
-0.551
-0.56
-0.574
-0.594
-0.608
-0.567
-0.454
-0.304
-0.109
0.095
0.261
0.449
0.694
0.869
0.882
0.828
0.846
0.955
1.059
1.109
1.227
1.51
1.885
2.23
2.525
2.826
3.133
3.4
3.629
3.876
4.169
4.446
4.668
4.849
4.945
5.015
5.185
5.444
5.709
5.954
6.226
6.544
6.871
7.156
7.372
7.526
7.676
7.798
7.828
7.782
7.773
7.834
7.869
7.823
7.728
7.678
7.737
7.844
7.923
7.98
8.1
8.275
8.463
8.635
8.76
8.805
8.767
8.669
8.551
8.395
8.2
8.018
7.853
7.669
7.472
7.245
6.986
6.732
6.535
6.406
6.295
6.21
6.163
6.151
6.165
6.19
6.258
6.426
6.596
6.7
6.809
6.92
6.97
6.991
7.041
7.166
7.308
7.408
7.485
7.567
7.653
7.744
7.825
7.887
7.909
7.907
7.914
7.952
7.975
7.923
7.828
7.762
7.732
7.692
7.633
7.592
7.592
7.669
7.801
7.903
7.959
8.034
8.113
8.134
8.093
8.064
8.089
8.12
8.116
8.054
7.919
7.671
7.403
7.19
6.991
6.73
6.435
6.197
6.102
6.074
6.02
5.918
5.816
5.704
5.503
5.219
4.986
4.883
4.872
4.904
4.983
5.101
5.237
5.419
5.614
5.791
5.988
6.274
6.605
6.884
7.063
7.102
7.002
6.846
6.63
6.385
6.172
6.059
6.079
6.186
6.331
6.515
6.716
6.875
6.957
6.973
6.907
6.816
6.75
6.716
6.648
6.53
6.351
6.154
5.97
5.793
5.648
5.589
5.655
5.822
6.038
6.238
6.378
6.451
6.464
6.421
6.344
6.245
6.165
6.106
6.056
6.04
6.033
6.009
5.936
5.872
5.818
5.786
5.816
5.92
6.102
6.281
6.412
6.603
6.827
6.954
6.959
6.882
6.778
6.666
6.58
6.517
6.446
6.385
6.356
6.324
6.274
6.204
6.124
6.07
6.033
5.966
5.838
5.639
5.419
5.178
4.929
4.666
4.346
4.028
3.856
3.836
3.822
3.747
3.693
3.702
3.731
3.72
3.672
3.609
3.561
3.593
3.677
3.731
3.702
3.661
3.672
3.659
3.57
3.504
3.566
3.738
3.903
3.999
4.033
4.076
4.139
4.185
4.196
4.214
4.26
4.375
4.584
4.775
4.836
4.813
4.829
4.836
4.718
4.559
4.471
4.502
4.602
4.716
4.786
4.836
4.87
4.859
4.752
4.58
4.414
4.328
4.28
4.182
4.017
3.808
3.616
3.45
3.278
3.085
2.955
2.983
3.101
3.176
3.223
3.357
3.547
3.684
3.713
3.686
3.681
3.706
3.713
3.672
3.604
3.595
3.677
3.745
3.713
3.595
3.468
3.407
3.38
3.271
3.055
2.804
2.608
2.456
2.343
2.205
2.057
1.98
1.919
1.758
1.526
1.322
1.184
1.036
0.805
0.531
0.274
0.057
-0.104
-0.204
-0.31
-0.458
-0.556
-0.542
-0.515
-0.567
-0.621
-0.59
-0.526
-0.537
-0.587
-0.59
-0.542
-0.544
-0.583
-0.646
-0.724
-0.816
-0.941
-1.086
-1.236
-1.349
-1.381
-1.32
-1.218
-1.111
-1.023
-0.968
-0.928
-0.923
-0.944
-0.984
-1.059
-1.138
-1.223
-1.327
-1.479
-1.606
-1.708
-1.815
-1.919
-2.032
-2.096
-2.109
-2.146
-2.211
-2.241
-2.232
-2.198
-2.166
-2.118
-2.1
-2.161
-2.275
-2.368
-2.404
-2.445
-2.472
-2.459
-2.438
-2.456
-2.459
-2.418
-2.384
-2.445
-2.568
-2.651
-2.651
-2.62
-2.64
-2.706
-2.747
-2.733
-2.692
-2.713
-2.799
-2.919
-2.987
-2.96
-2.851
-2.745
-2.617
-2.397
-2.175
-2.112
-2.157
-2.146
-2.021
-1.839
-1.726
-1.717
-1.812
-1.921
-1.955
-1.969
-2.016
-2.059
-2.046
-1.989
-1.969
-2.084
-2.284
-2.468
-2.615
-2.778
-2.962
-3.166
-3.35
-3.518
-3.681
-3.829
-3.949
-4.035
-4.042
-4.037
-4.162
-4.398
-4.613
-4.727
-4.822
-4.895
-4.877
-4.75
-4.605
-4.491
-4.364
-4.224
-4.13
-4.099
-4.058
-4.004
-3.972
-3.926
-3.829
-3.74
-3.672
-3.552
-3.289
-2.944
-2.733
-2.688
-2.611
-2.443
-2.314
-2.286
-2.305
-2.352
-2.466
-2.561
-2.527
-2.413
-2.314
-2.216
-2.114
-2.064
-2.146
-2.27
-2.293
-2.243
-2.22
-2.252
-2.305
-2.305
-2.266
-2.243
-2.252
-2.332
-2.445
-2.504
-2.486
-2.49
-2.577
-2.679
-2.767
-2.883
-2.996
-3.008
-2.906
-2.831
-2.878
-2.971
-3.053
-3.16
-3.28
-3.37
-3.522
-3.786
-4.047
-4.208
-4.282
-4.344
-4.387
-4.382
-4.341
-4.339
-4.357
-4.344
-4.319
-4.339
-4.389
-4.428
-4.462
-4.537
-4.677
-4.863
-5.054
-5.21
-5.294
-5.312
-5.378
-5.564
-5.75
-5.861
-5.952
-6.074
-6.21
-6.342
-6.492
-6.66
-6.784
-6.791
-6.737
-6.719
-6.743
-6.784
-6.923
-7.19
-7.519
-7.837
-8.175
-8.517
-8.771
-8.821
-8.712
-8.599
-8.574
-8.583
-8.615
-8.665
-8.692
-8.688
-8.712
-8.771
-8.767
-8.69
-8.601
-8.535
-8.477
-8.418
-8.438
-8.572
-8.755
-8.853
-8.776
-8.579
-8.393
-8.277
-8.22
-8.118
-7.921
-7.68
-7.417
-7.097
-6.712
-6.403
-6.238
-6.074
-5.872
-5.757
-5.773
-5.811
-5.825
-5.802
-5.752
-5.691
-5.598
-5.419
-5.21
-4.997
-4.84
-4.802
-4.877
-5.001
-5.122
-5.224
-5.258
-5.215
-5.117
-5.06
-5.083
-5.103
-5.074
-5.006
-4.902
-4.813
-4.779
-4.806
-4.809
-4.747
-4.664
-4.564
-4.418
-4.255
-4.126
-4.087
-4.099
-4.126
-4.212
-4.391
-4.573
-4.652
-4.641
-4.598
-4.591
-4.589
-4.537
-4.425
-4.255
-4.065
-3.994
-4.158
-4.498
-4.822
-5.069
-5.294
-5.491
-5.614
-5.634
-5.605
-5.641
-5.746
-5.87
-5.995
-6.095
-6.154
-6.229
-6.31
-6.315
-6.265
-6.245
-6.303
-6.349
-6.276
-6.151
-6.081
-6.09
-6.115
-6.111
-6.054
-5.974
-5.918
-5.9
-5.841
-5.668
-5.41
-5.167
-4.963
-4.72
-4.473
-4.339
-4.33
-4.348
-4.366
-4.412
-4.489
-4.507
-4.477
-4.43
-4.314
-4.106
-3.886
-3.74
-3.606
-3.396
-3.18
-3.055
-2.965
-2.869
-2.835
-2.883
-2.951
-2.983
-2.987
-3.03
-3.089
-3.078
-2.971
-2.833
-2.686
-2.581
-2.613
-2.769
-2.967
-3.153
-3.294
-3.384
-3.396
-3.357
-3.373
-3.47
-3.575
-3.679
-3.847
-4.115
-4.43
-4.818
-5.226
-5.516
-5.659
-5.773
-5.9
-5.938
-5.854
-5.779
-5.802
-5.895
-6.004
-6.158
-6.251
-6.233
-6.194
-6.186
-6.165
-6.099
-5.984
-5.845
-5.775
-5.7
-5.53
-5.328
-5.233
-5.235
-5.265
-5.299
-5.342
-5.392
-5.444
-5.453
-5.351
-5.126
-4.861
-4.557
-4.224
-3.901
-3.616
-3.377
-3.166
-3.005
-2.94
-2.91
-2.776
-2.542
-2.354
-2.257
-2.175
-2.035
-1.869
-1.724
-1.608
-1.508
-1.481
-1.522
-1.549
-1.522
-1.481
-1.436
-1.379
-1.288
-1.186
-1.148
-1.186
-1.254
-1.377
-1.604
-1.874
-2.107
-2.218
-2.239
-2.223
-2.132
-1.946
-1.751
-1.585
-1.431
-1.268
-1.177
-1.184
-1.216
-1.179
-1.105
-1.025
-1.003
-1.064
-1.152
-1.234
-1.313
-1.374
-1.349
-1.227
-1.075
-0.953
-0.844
-0.705
-0.553
-0.433
-0.342
-0.261
-0.184
-0.163
-0.193
-0.177
-0.184
-0.31
-0.51
-0.68
-0.816
-0.975
-1.086
-1.064
-0.873
-0.621
-0.376
-0.122
0.165
0.424
0.596
0.68
0.701
0.689
0.665
0.624
0.596
0.547
0.428
0.252
0.077
-0.086
-0.254
-0.435
-0.583
-0.653
-0.658
-0.585
-0.478
-0.374
-0.252
-0.088
0.1
0.293
0.494
0.692
0.875
1.018
1.105
1.145
1.129
1.064
0.991
0.887
0.792
0.773
0.869
1.03
1.186
1.311
1.449
1.585
1.671
1.69
1.694
1.676
1.576
1.458
1.347
1.238
1.093
0.946
0.819
0.66
0.449
0.211
-0.016
-0.234
-0.419
-0.506
-0.497
-0.41
-0.302
-0.211
-0.127
-0.052
0.025
0.104
0.154
0.134
0.027
-0.118
-0.274
-0.413
-0.485
-0.476
-0.374
-0.213
0.02
0.306
0.606
0.889
1.12
1.259
1.306
1.34
1.374
1.361
1.315
1.288
1.29
1.331
1.408
1.479
1.529
1.56
1.545
1.486
1.443
1.461
1.547
1.579
1.526
1.545
1.71
1.937
2.146
2.343
2.459
2.468
2.42
2.366
2.27
2.112
1.889
1.656
1.461
1.336
1.309
1.377
1.474
1.529
1.556
1.595
1.642
1.665
1.633
1.558
1.51
1.522
1.595
1.697
1.783
1.833
1.878
1.907
1.973
2.091
2.234
2.295
2.243
2.137
2.046
2.005
1.95
1.88
1.842
1.828
1.855
1.982
2.205
2.413
2.538
2.622
2.733
2.833
2.858
2.806
2.717
2.604
2.443
2.293
2.273
2.35
2.375
2.277
2.189
2.177
2.239
2.352
2.542
2.767
2.919
2.955
2.958
3.032
3.15
3.219
3.207
3.16
3.112
3.103
3.139
3.257
3.425
3.563
3.638
3.706
3.792
3.901
3.96
3.926
3.872
3.867
3.919
4.012
4.121
4.18
4.182
4.171
4.176
4.212
4.217
4.155
4.076
4.004
3.942
3.856
3.779
3.758
3.754
3.722
3.713
3.781
3.94
4.096
4.162
4.117
3.976
3.801
3.638
3.468
3.287
3.101
2.951
2.853
2.851
2.906
2.985
3.069
3.112
3.107
3.055
2.962
2.867
2.719
2.504
2.277
2.15
2.146
2.202
2.25
2.298
2.384
2.54
2.704
2.765
2.749
2.681
2.499
2.218
1.953
1.812
1.796
1.883
2.019
2.216
2.49
2.765
2.955
3.055
3.051
2.912
2.704
2.561
2.472
2.384
2.35
2.447
2.624
2.804
2.994
3.207
3.405
3.518
3.561
3.543
3.488
3.416
3.353
3.287
3.266
3.332
3.509
3.756
4.037
4.328
4.629
4.904
5.072
5.14
5.135
5.079
4.94
4.818
4.777
4.811
4.892
5.056
5.305
5.573
5.761
5.891
6.022
6.122
6.127
6.061
5.979
5.904
5.854
5.834
5.866
5.92
5.966
5.977
5.952
5.913
5.857
5.77
5.618
5.38
5.074
4.781
4.559
4.382
4.257
4.219
4.278
4.391
4.518
4.627
4.657
4.584
4.471
4.375
4.237
4.033
3.851
3.774
3.761
3.765
3.824
3.967
4.139
4.314
4.518
4.731
4.888
4.963
5.02
5.074
5.058
4.983
4.931
4.965
5.033
5.056
5.079
5.172
5.301
5.41
5.469
5.512
5.546
5.555
5.569
5.625
5.698
5.789
5.895
5.984
6.045
6.088
6.138
6.22
6.276
6.21
6.049
5.85
5.614
5.315
5.015
4.829
4.738
4.666
4.618
4.627
4.7
4.831
4.997
5.174
5.285
5.328
5.323
5.339
5.335
5.28
5.174
5.031
4.863
4.684
4.516
4.393
4.3
4.257
4.316
4.437
4.557
4.65
4.754
4.831
4.856
4.809
4.77
4.781
4.77
4.722
4.709
4.745
4.816
4.892
4.934
4.947
4.92
4.872
4.813
4.747
4.677
4.607
4.584
4.65
4.72
4.754
4.822
4.995
5.174
5.29
5.376
5.469
5.514
5.503
5.521
5.585
5.668
5.725
5.775
5.895
6.095
6.317
6.542
6.734
6.884
6.979
6.932
6.787
6.632
6.485
6.365
6.331
6.328
6.297
6.258
6.26
6.31
6.371
6.324
6.124
5.816
5.494
5.219
4.954
4.716
4.57
4.523
4.514
4.546
4.655
4.777
4.856
4.865
4.795
4.67
4.455
4.176
3.974
3.879
3.724
3.486
3.314
3.275
3.287
3.289
3.298
3.316
3.273
3.198
3.144
3.135
3.08
2.928
2.815
2.835
2.915
2.965
3.028
3.126
3.2
3.232
3.262
3.257
3.196
3.123
3.091
3.11
3.153
3.241
3.393
3.586
3.722
3.82
3.933
4.012
4.004
3.926
3.867
3.815
3.736
3.659
3.604
3.554
3.554
3.65
3.817
4.028
4.273
4.509
4.677
4.741
4.686
4.577
4.473
4.348
4.212
4.069
3.913
3.768
3.695
3.713
3.781
3.799
3.709
3.568
3.457
3.33
3.141
2.94
2.778
2.615
2.423
2.3
2.264
2.207
2.084
1.926
1.746
1.547
1.334
1.12
0.932
0.78
0.646
0.553
0.515
0.481
0.435
0.415
0.383
0.324
0.218
0.129
0.102
0.122
0.113
0.052
0.09
0.317
0.558
0.66
0.721
0.9
1.114
1.2
1.148
1.1
1.197
1.374
1.472
1.515
1.66
1.921
2.177
2.295
2.243
2.166
2.148
2.096
1.824
1.336
0.862
0.583
0.506
0.41
0.172
-0.014
0.023
0.136
0.106
-0.014
-0.068
-0.068
-0.14
-0.349
-0.558
-0.596
-0.465
-0.352
-0.358
-0.415
-0.406
-0.317
-0.281
-0.381
-0.594
-0.757
-0.85
-0.996
-1.247
-1.467
-1.502
-1.372
-1.268
-1.313
-1.327
-1.075
-0.687
-0.517
-0.642
-0.857
-0.989
-1.012
-1.012
-1.055
-1.093
-0.968
-0.665
-0.345
-0.152
-0.1
-0.106
-0.109
-0.159
-0.354
-0.615
-0.776
-0.848
-0.934
-1.062
-1.129
-1.116
-1.109
-1.175
-1.275
-1.329
-1.322
-1.313
-1.365
-1.51
-1.685
-1.848
-1.982
-2.08
-2.153
-2.164
-2.1
-1.978
-1.896
-1.885
-1.921
-1.957
-2.012
-2.193
-2.554
-2.949
-3.182
-3.28
-3.375
-3.479
-3.525
-3.502
-3.45
-3.346
-3.257
-3.314
-3.514
-3.742
-3.924
-4.108
-4.314
-4.487
-4.609
-4.661
-4.659
-4.573
-4.416
-4.226
-4.09
-4.019
-4.008
-4.087
-4.255
-4.432
-4.514
-4.543
-4.582
-4.607
-4.568
-4.389
-4.101
-3.811
-3.627
-3.579
-3.645
-3.786
-3.931
-4.028
-4.087
-4.151
-4.171
-4.08
-3.91
-3.763
-3.634
-3.532
-3.443
-3.35
-3.289
-3.323
-3.409
-3.495
-3.6
-3.688
-3.693
-3.65
-3.647
-3.677
-3.634
-3.488
-3.355
-3.337
-3.4
-3.529
-3.704
-3.901
-4.106
-4.262
-4.332
-4.332
-4.298
-4.296
-4.316
-4.344
-4.359
-4.375
-4.441
-4.605
-4.829
-5.031
-5.16
-5.233
-5.344
-5.467
-5.553
-5.605
-5.652
-5.643
-5.569
-5.519
-5.539
-5.58
-5.587
-5.609
-5.689
-5.843
-6.061
-6.274
-6.412
-6.43
-6.385
-6.351
-6.279
-6.104
-5.897
-5.777
-5.752
-5.795
-5.802
-5.782
-5.805
-5.879
-5.938
-5.931
-5.893
-5.838
-5.8
-5.782
-5.777
-5.802
-5.85
-5.859
-5.807
-5.75
-5.72
-5.702
-5.682
-5.664
-5.657
-5.618
-5.55
-5.494
-5.484
-5.48
-5.417
-5.358
-5.333
-5.269
-5.19
-5.176
-5.242
-5.262
-5.153
-4.986
-4.936
-4.954
-4.861
-4.679
-4.629
-4.741
-4.87
-4.945
-5.033
-5.16
-5.31
-5.444
-5.516
-5.528
-5.521
-5.541
-5.587
-5.578
-5.491
-5.491
-5.557
-5.571
-5.5
-5.446
-5.491
-5.628
-5.746
-5.827
-5.904
-5.974
-5.99
-5.961
-5.907
-5.829
-5.775
-5.77
-5.795
-5.784
-5.755
-5.813
-5.99
-6.17
-6.274
-6.295
-6.308
-6.39
-6.483
-6.48
-6.444
-6.433
-6.446
-6.451
-6.403
-6.338
-6.342
-6.414
-6.478
-6.471
-6.442
-6.378
-6.258
-6.145
-6.054
-5.927
-5.766
-5.671
-5.714
-5.809
-5.87
-5.961
-6.111
-6.269
-6.444
-6.605
-6.723
-6.732
-6.684
-6.648
-6.657
-6.725
-6.871
-7
-7.02
-6.986
-6.998
-7.072
-7.161
-7.17
-7.05
-6.866
-6.7
-6.596
-6.546
-6.546
-6.571
-6.598
-6.669
-6.753
-6.805
-6.791
-6.748
-6.732
-6.741
-6.703
-6.603
-6.501
-6.496
-6.576
-6.662
-6.719
-6.764
-6.857
-6.925
-6.896
-6.791
-6.709
-6.694
-6.687
-6.61
-6.458
-6.263
-6.056
-5.845
-5.682
-5.559
-5.43
-5.312
-5.265
-5.274
-5.265
-5.217
-5.162
-5.158
-5.158
-5.14
-5.103
-5.108
-5.151
-5.217
-5.278
-5.292
-5.269
-5.215
-5.122
-4.97
-4.809
-4.666
-4.548
-4.468
-4.4
-4.323
-4.251
-4.201
-4.189
-4.178
-4.099
-3.942
-3.84
-3.817
-3.788
-3.727
-3.695
-3.749
-3.874
-3.956
-3.933
-3.94
-4.071
-4.285
-4.493
-4.675
-4.875
-5.083
-5.235
-5.296
-5.269
-5.242
-5.265
-5.29
-5.296
-5.265
-5.203
-5.149
-5.076
-4.99
-4.886
-4.704
-4.455
-4.241
-4.165
-4.165
-4.171
-4.182
-4.217
-4.285
-4.335
-4.305
-4.235
-4.174
-4.074
-3.89
-3.722
-3.647
-3.67
-3.756
-3.795
-3.768
-3.77
-3.811
-3.795
-3.645
-3.418
-3.169
-2.944
-2.797
-2.726
-2.692
-2.629
-2.556
-2.586
-2.717
-2.863
-2.971
-3.069
-3.157
-3.198
-3.189
-3.194
-3.239
-3.302
-3.318
-3.321
-3.384
-3.5
-3.654
-3.827
-3.994
-4.074
-4.051
-4.008
-3.945
-3.849
-3.774
-3.752
-3.797
-3.886
-3.976
-4.108
-4.224
-4.282
-4.282
-4.235
-4.135
-3.992
-3.799
-3.622
-3.509
-3.434
-3.398
-3.45
-3.577
-3.702
-3.808
-3.947
-4.078
-4.108
-4.024
-3.908
-3.768
-3.545
-3.291
-3.096
-2.955
-2.835
-2.733
-2.71
-2.799
-2.883
-2.885
-2.847
-2.822
-2.831
-2.745
-2.511
-2.268
-2.121
-2.014
-1.912
-1.844
-1.862
-1.955
-2.057
-2.1
-2.082
-2.021
-1.948
-1.876
-1.819
-1.737
-1.567
-1.39
-1.39
-1.558
-1.694
-1.733
-1.778
-1.885
-1.941
-1.885
-1.785
-1.717
-1.667
-1.613
-1.604
-1.699
-1.855
-2.012
-2.137
-2.227
-2.327
-2.468
-2.588
-2.645
-2.667
-2.688
-2.74
-2.783
-2.763
-2.719
-2.695
-2.701
-2.706
-2.719
-2.749
-2.76
-2.783
-2.808
-2.794
-2.715
-2.586
-2.436
-2.279
-2.071
-1.846
-1.665
-1.569
-1.565
-1.59
-1.554
-1.445
-1.295
-1.134
-0.914
-0.646
-0.379
-0.179
-0.047
0.057
0.104
0.066
-0.011
-0.014
0.068
0.134
0.125
0.102
0.165
0.313
0.415
0.465
0.515
0.531
0.537
0.547
0.547
0.524
0.463
0.381
0.293
0.206
0.179
0.218
0.283
0.388
0.558
0.744
0.875
0.977
1.086
1.197
1.259
1.247
1.2
1.195
1.175
1.116
1.111
1.168
1.17
1.098
1.02
1.023
1.016
0.934
0.869
0.844
0.812
0.733
0.617
0.474
0.345
0.247
0.163
0.057
-0.014
0.034
0.143
0.211
0.249
0.31
0.426
0.508
0.544
0.621
0.771
0.9
1.02
1.193
1.361
1.488
1.619
1.794
1.921
1.889
1.835
1.953
2.15
2.279
2.37
2.475
2.611
2.708
2.742
2.799
2.949
3.119
3.225
3.25
3.235
3.221
3.235
3.252
3.25
3.257
3.259
3.241
3.207
3.223
3.337
3.445
3.432
3.359
3.275
3.157
3.003
2.871
2.719
2.497
2.307
2.248
2.336
2.447
2.463
2.364
2.193
1.978
1.735
1.506
1.284
1.079
0.9
0.753
0.617
0.531
0.596
0.796
0.961
1
0.989
1.064
1.148
1.193
1.234
1.282
1.311
1.356
1.461
1.635
1.851
2.066
2.25
2.42
2.54
2.558
2.542
2.538
2.54
2.511
2.45
2.4
2.413
2.527
2.71
2.878
2.967
3.048
3.221
3.441
3.57
3.625
3.677
3.754
3.89
4.058
4.235
4.437
4.605
4.668
4.672
4.666
4.641
4.639
4.675
4.718
4.722
4.65
4.568
4.582
4.711
4.843
4.915
4.981
5.069
5.126
5.119
5.097
5.122
5.135
5.036
4.863
4.714
4.65
4.666
4.714
4.759
4.833
4.931
5.038
5.095
5.054
4.904
4.718
4.518
4.353
4.255
4.203
4.237
4.314
4.307
4.219
4.182
4.235
4.312
4.35
4.326
4.305
4.305
4.307
4.33
4.412
4.502
4.525
4.468
4.423
4.434
4.532
4.67
4.757
4.77
4.745
4.711
4.698
4.716
4.745
4.738
4.684
4.659
4.725
4.813
4.849
4.852
4.813
4.718
4.62
4.564
4.55
4.541
4.548
4.584
4.605
4.613
4.67
4.779
4.879
4.947
4.92
4.82
4.768
4.816
4.92
4.995
4.997
4.967
4.983
5.056
5.142
5.24
5.364
5.491
5.587
5.6
5.535
5.473
5.482
5.569
5.646
5.677
5.689
5.741
5.818
5.857
5.807
5.704
5.641
5.621
5.557
5.408
5.265
5.224
5.292
5.394
5.435
5.387
5.328
5.274
5.117
4.863
4.613
4.455
4.387
4.378
4.341
4.239
4.13
4.065
4.06
4.08
4.121
4.221
4.328
4.341
4.251
4.169
4.167
4.244
4.35
4.448
4.509
4.546
4.582
4.634
4.736
4.845
4.938
4.999
5.045
5.069
5.101
5.192
5.333
5.428
5.464
5.516
5.569
5.543
5.464
5.417
5.439
5.514
5.607
5.702
5.75
5.714
5.664
5.664
5.689
5.687
5.673
5.657
5.589
5.476
5.423
5.423
5.403
5.342
5.274
5.192
5.085
4.958
4.849
4.818
4.831
4.829
4.809
4.775
4.684
4.577
4.521
4.509
4.557
4.693
4.872
4.981
4.949
4.829
4.741
4.738
4.754
4.747
4.716
4.7
4.704
4.743
4.802
4.877
4.992
5.126
5.206
5.178
5.108
5.106
5.201
5.31
5.346
5.349
5.353
5.296
5.169
5.085
5.076
5.085
5.076
5.049
4.992
4.899
4.781
4.634
4.448
4.296
4.214
4.198
4.217
4.219
4.187
4.135
4.051
3.94
3.833
3.781
3.752
3.706
3.679
3.668
3.697
3.765
3.906
4.015
3.992
3.856
3.72
3.677
3.722
3.765
3.747
3.713
3.752
3.847
3.915
3.929
3.972
4.074
4.192
4.262
4.239
4.174
4.11
4.026
3.842
3.593
3.377
3.25
3.191
3.15
3.126
3.123
3.137
3.173
3.191
3.114
2.908
2.636
2.384
2.193
2.075
1.987
1.937
1.966
2.062
2.166
2.241
2.275
2.3
2.4
2.586
2.794
2.928
2.974
3.003
3.101
3.296
3.527
3.718
3.892
4.044
4.08
4.033
4.015
4.056
4.106
4.126
4.142
4.196
4.332
4.555
4.806
4.965
5.024
5.038
5.029
4.992
4.883
4.688
4.43
4.226
4.176
4.203
4.246
4.31
4.366
4.391
4.405
4.38
4.296
4.208
4.146
4.049
3.874
3.659
3.527
3.484
3.439
3.309
3.103
2.926
2.835
2.769
2.624
2.447
2.273
2.094
1.88
1.649
1.461
1.345
1.29
1.243
1.213
1.168
1.079
0.953
0.839
0.764
0.669
0.583
0.572
0.615
0.637
0.621
0.68
0.776
0.792
0.739
0.685
0.644
0.572
0.469
0.349
0.231
0.106
-0.011
-0.1
-0.202
-0.34
-0.424
-0.372
-0.222
-0.079
0.047
0.229
0.46
0.619
0.712
0.8
0.916
1.05
1.186
1.359
1.572
1.805
2.053
2.295
2.497
2.624
2.708
2.797
2.86
2.853
2.769
2.735
2.806
2.89
2.901
2.908
2.906
2.849
2.765
2.643
2.488
2.325
2.15
1.98
1.81
1.656
1.526
1.465
1.44
1.356
1.225
1.109
1.059
1.016
0.928
0.789
0.662
0.578
0.522
0.404
0.213
0.043
-0.029
-0.038
-0.066
-0.082
-0.07
-0.073
-0.12
-0.184
-0.261
-0.331
-0.347
-0.304
-0.306
-0.356
-0.399
-0.401
-0.399
-0.431
-0.535
-0.685
-0.814
-0.894
-0.923
-0.916
-0.882
-0.835
-0.771
-0.71
-0.724
-0.794
-0.837
-0.816
-0.771
-0.767
-0.787
-0.748
-0.646
-0.61
-0.714
-0.885
-1.023
-1.132
-1.286
-1.465
-1.606
-1.685
-1.726
-1.737
-1.762
-1.801
-1.839
-1.88
-1.917
-1.921
-1.869
-1.753
-1.569
-1.361
-1.15
-0.896
-0.587
-0.342
-0.179
-0.002
0.202
0.342
0.39
0.513
0.839
1.293
1.651
1.853
2.007
2.227
2.423
2.413
2.255
2.107
2.066
2.044
1.83
1.399
0.977
0.678
0.367
0.016
-0.356
-0.751
-1.107
-1.386
-1.665
-2.03
-2.4
-2.674
-2.871
-3.094
-3.305
-3.405
-3.366
-3.273
-3.252
-3.307
-3.359
-3.375
-3.455
-3.661
-3.913
-4.123
-4.314
-4.487
-4.65
-4.797
-4.886
-4.908
-4.89
-4.913
-4.99
-5.01
-4.929
-4.809
-4.72
-4.634
-4.439
-4.13
-3.858
-3.727
-3.681
-3.602
-3.498
-3.455
-3.479
-3.591
-3.734
-3.779
-3.64
-3.448
-3.278
-3.098
-2.865
-2.599
-2.413
-2.348
-2.289
-2.128
-1.95
-1.867
-1.898
-1.939
-1.994
-2.118
-2.325
-2.554
-2.747
-2.869
-2.903
-2.881
-2.896
-3.021
-3.166
-3.209
-3.166
-3.169
-3.264
-3.343
-3.314
-3.239
-3.219
-3.291
-3.452
-3.652
-3.906
-4.232
-4.568
-4.868
-5.14
-5.378
-5.562
-5.659
-5.682
-5.666
-5.593
-5.512
-5.498
-5.519
-5.476
-5.394
-5.355
-5.369
-5.382
-5.398
-5.432
-5.516
-5.696
-5.916
-6.102
-6.272
-6.453
-6.558
-6.546
-6.519
-6.489
-6.417
-6.322
-6.222
-6.092
-5.945
-5.813
-5.673
-5.51
-5.258
-4.981
-4.772
-4.659
-4.555
-4.418
-4.28
-4.178
-4.09
-4.008
-3.922
-3.854
-3.838
-3.831
-3.774
-3.645
-3.516
-3.464
-3.529
-3.572
-3.472
-3.368
-3.42
-3.566
-3.668
-3.731
-3.851
-4.001
-4.149
-4.285
-4.396
-4.505
-4.607
-4.727
-4.947
-5.212
-5.387
-5.462
-5.555
-5.677
-5.723
-5.666
-5.557
-5.469
-5.439
-5.378
-5.321
-5.382
-5.505
-5.532
-5.473
-5.421
-5.408
-5.367
-5.21
-5.015
-4.913
-4.908
-4.904
-4.877
-4.816
-4.698
-4.518
-4.298
-4.008
-3.709
-3.472
-3.318
-3.194
-3.105
-3.062
-3.076
-3.112
-3.121
-3.015
-2.844
-2.708
-2.638
-2.577
-2.459
-2.32
-2.22
-2.191
-2.116
-1.928
-1.742
-1.671
-1.737
-1.846
-1.923
-2.007
-2.171
-2.413
-2.617
-2.731
-2.865
-3.105
-3.436
-3.815
-4.174
-4.45
-4.675
-4.843
-4.929
-4.92
-4.854
-4.752
-4.693
-4.738
-4.861
-5.047
-5.29
-5.53
-5.759
-5.966
-6.133
-6.285
-6.426
-6.519
-6.596
-6.782
-7.077
-7.36
-7.512
-7.551
-7.492
-7.372
-7.193
-6.991
-6.848
-6.837
-6.898
-6.998
-7.113
-7.199
-7.242
-7.285
-7.32
-7.313
-7.258
-7.202
-7.177
-7.156
-7.034
-6.778
-6.476
-6.165
-5.779
-5.362
-4.97
-4.67
-4.521
-4.557
-4.668
-4.745
-4.779
-4.833
-4.859
-4.802
-4.675
-4.541
-4.477
-4.493
-4.577
-4.672
-4.702
-4.657
-4.557
-4.396
-4.176
-3.999
-3.915
-3.913
-3.992
-4.123
-4.219
-4.276
-4.346
-4.393
-4.371
-4.276
-4.171
-4.115
-4.135
-4.221
-4.314
-4.373
-4.371
-4.312
-4.253
-4.237
-4.217
-4.205
-4.276
-4.444
-4.686
-4.938
-5.142
-5.285
-5.351
-5.358
-5.301
-5.208
-5.088
-4.938
-4.784
-4.707
-4.716
-4.759
-4.79
-4.757
-4.618
-4.434
-4.312
-4.262
-4.237
-4.244
-4.28
-4.28
-4.232
-4.16
-4.096
-4.074
-4.065
-4.031
-3.988
-4.049
-4.196
-4.341
-4.414
-4.425
-4.382
-4.319
-4.276
-4.226
-4.128
-4.035
-4.033
-4.16
-4.326
-4.405
-4.378
-4.328
-4.289
-4.203
-4.033
-3.851
-3.749
-3.745
-3.758
-3.781
-3.836
-3.874
-3.842
-3.729
-3.577
-3.425
-3.273
-3.135
-3.044
-3.003
-2.971
-2.924
-2.906
-2.93
-2.967
-2.989
-3.037
-3.139
-3.228
-3.287
-3.343
-3.386
-3.357
-3.284
-3.2
-3.117
-3.046
-2.974
-2.906
-2.896
-2.999
-3.16
-3.321
-3.455
-3.572
-3.681
-3.765
-3.842
-3.897
-3.924
-3.917
-3.919
-4.01
-4.162
-4.255
-4.269
-4.251
-4.178
-4.026
-3.858
-3.774
-3.808
-3.865
-3.872
-3.87
-3.942
-4.044
-4.162
-4.289
-4.378
-4.393
-4.391
-4.432
-4.489
-4.482
-4.373
-4.244
-4.117
-3.949
-3.734
-3.554
-3.464
-3.425
-3.416
-3.439
-3.495
-3.579
-3.613
-3.552
-3.393
-3.182
-2.996
-2.878
-2.812
-2.729
-2.638
-2.563
-2.538
-2.518
-2.463
-2.361
-2.234
-2.116
-2.021
-1.898
-1.751
-1.651
-1.633
-1.633
-1.576
-1.579
-1.719
-1.898
-1.985
-1.976
-1.996
-2.128
-2.275
-2.289
-2.15
-2.012
-2
-2.121
-2.25
-2.295
-2.338
-2.502
-2.767
-2.999
-3.105
-3.117
-3.13
-3.2
-3.282
-3.268
-3.246
-3.334
-3.502
-3.588
-3.525
-3.38
-3.321
-3.339
-3.284
-3.11
-2.89
-2.769
-2.745
-2.665
-2.447
-2.218
-2.057
-1.901
-1.717
-1.554
-1.492
-1.504
-1.463
-1.329
-1.154
-0.984
-0.812
-0.608
-0.401
-0.186
0.009
0.116
0.163
0.265
0.501
0.773
0.955
1.018
1.073
1.161
1.216
1.182
1.12
1.102
1.152
1.17
1.129
1.091
1.12
1.136
1.052
0.885
0.728
0.608
0.535
0.513
0.513
0.59
0.755
0.941
1.127
1.284
1.338
1.256
1.105
0.98
0.905
0.848
0.785
0.721
0.658
0.578
0.56
0.619
0.721
0.794
0.864
0.975
1.1
1.182
1.231
1.236
1.197
1.134
1.043
0.961
0.907
0.889
0.916
0.964
1.03
1.134
1.227
1.27
1.288
1.34
1.458
1.687
1.941
2.13
2.282
2.427
2.534
2.581
2.606
2.672
2.756
2.758
2.688
2.608
2.549
2.47
2.377
2.309
2.255
2.216
2.227
2.3
2.413
2.538
2.654
2.776
2.885
2.896
2.804
2.638
2.488
2.391
2.246
2.044
1.891
1.851
1.83
1.792
1.81
1.957
2.155
2.227
2.175
2.143
2.139
2.084
2.003
1.96
1.962
1.95
1.903
1.839
1.799
1.776
1.799
1.93
2.161
2.332
2.361
2.348
2.352
2.375
2.368
2.329
2.334
2.436
2.57
2.701
2.903
3.23
3.559
3.752
3.822
3.847
3.876
3.87
3.808
3.79
3.872
3.958
3.969
3.924
3.888
3.89
3.881
3.886
3.942
4.056
4.169
4.23
4.221
4.153
4.056
3.965
3.89
3.854
3.854
3.845
3.808
3.774
3.777
3.765
3.679
3.545
3.418
3.307
3.205
3.133
3.194
3.377
3.566
3.677
3.752
3.89
4.096
4.248
4.289
4.285
4.287
4.262
4.165
4.04
3.99
4.031
4.123
4.232
4.382
4.634
4.902
5.151
5.376
5.548
5.609
5.605
5.564
5.469
5.308
5.128
5.022
5.058
5.149
5.224
5.317
5.446
5.546
5.55
5.503
5.514
5.587
5.596
5.489
5.389
5.403
5.521
5.641
5.716
5.786
5.843
5.859
5.825
5.795
5.795
5.775
5.734
5.725
5.718
5.639
5.523
5.428
5.398
5.446
5.523
5.605
5.691
5.704
5.582
5.405
5.292
5.24
5.113
4.881
4.605
4.428
4.366
4.339
4.314
4.305
4.307
4.241
4.083
3.881
3.718
3.62
3.559
3.534
3.597
3.731
3.874
3.978
4.024
4.06
4.078
4.067
4.083
4.108
4.044
3.899
3.777
3.742
3.742
3.729
3.752
3.872
4.062
4.287
4.541
4.825
5.113
5.358
5.53
5.628
5.696
5.755
5.791
5.834
5.931
6.081
6.251
6.41
6.589
6.778
6.864
6.807
6.719
6.712
6.75
6.737
6.678
6.612
6.551
6.471
6.385
6.301
6.206
6.12
6.036
5.981
5.954
5.977
6.047
6.154
6.222
6.281
6.367
6.485
6.617
6.787
6.986
7.159
7.295
7.399
7.497
7.549
7.544
7.494
7.453
7.485
7.565
7.614
7.653
7.751
7.841
7.825
7.742
7.714
7.735
7.708
7.574
7.453
7.429
7.46
7.424
7.351
7.306
7.288
7.254
7.195
7.145
7.138
7.163
7.14
7.038
6.875
6.7
6.487
6.197
5.886
5.596
5.296
4.974
4.691
4.432
4.16
3.906
3.706
3.584
3.527
3.477
3.398
3.321
3.28
3.198
3.03
2.885
2.835
2.808
2.724
2.624
2.588
2.663
2.731
2.778
2.89
3.044
3.094
3.044
2.974
2.976
3.03
3.071
3.105
3.185
3.241
3.133
2.951
2.892
2.946
3.024
3.105
3.257
3.47
3.677
3.845
3.981
4.139
4.291
4.375
4.475
4.682
4.895
5.051
5.187
5.355
5.562
5.746
5.902
6.04
6.197
6.342
6.464
6.578
6.723
6.848
6.882
6.85
6.809
6.773
6.728
6.725
6.796
6.907
6.984
7.061
7.177
7.29
7.408
7.569
7.719
7.812
7.884
7.973
8.048
8.107
8.159
8.139
8.005
7.819
7.685
7.601
7.592
7.617
7.606
7.571
7.583
7.567
7.483
7.388
7.306
7.202
7.048
6.868
6.691
6.539
6.412
6.295
6.167
6.068
5.979
5.897
5.8
5.725
5.673
5.591
5.457
5.321
5.262
5.269
5.285
5.271
5.197
5.065
4.977
4.934
4.892
4.833
4.761
4.629
4.437
4.255
4.103
3.935
3.754
3.613
3.525
3.427
3.314
3.287
3.391
3.482
3.425
3.271
3.15
3.087
3.005
2.919
2.887
2.863
2.758
2.597
2.529
2.552
2.525
2.341
2.1
1.869
1.654
1.47
1.365
1.336
1.302
1.218
1.164
1.231
1.295
1.241
1.154
1.154
1.141
1.039
0.882
0.785
0.767
0.764
0.708
0.63
0.61
0.624
0.59
0.553
0.599
0.653
0.635
0.59
0.619
0.689
0.748
0.748
0.703
0.628
0.553
0.542
0.587
0.612
0.583
0.542
0.485
0.388
0.283
0.184
0.104
0.073
0.043
-0.002
-0.036
0.05
0.161
0.199
0.227
0.293
0.317
0.313
0.358
0.392
0.367
0.267
0.149
0.05
-0.02
-0.054
-0.02
0.054
0.113
0.129
0.116
0.149
0.243
0.306
0.281
0.199
0.136
0.152
0.24
0.347
0.401
0.433
0.528
0.685
0.798
0.821
0.828
0.857
0.866
0.803
0.674
0.54
0.438
0.365
0.317
0.238
0.113
0.002
-0.088
-0.175
-0.256
-0.376
-0.551
-0.735
-0.88
-1.016
-1.125
-1.213
-1.275
-1.325
-1.404
-1.472
-1.486
-1.49
-1.538
-1.588
-1.626
-1.665
-1.74
-1.848
-1.969
-2.089
-2.22
-2.37
-2.545
-2.69
-2.747
-2.763
-2.81
-2.926
-3.067
-3.169
-3.255
-3.402
-3.595
-3.747
-3.87
-4.019
-4.149
-4.208
-4.239
-4.262
-4.303
-4.328
-4.344
-4.35
-4.314
-4.26
-4.276
-4.335
-4.382
-4.416
-4.475
-4.598
-4.684
-4.661
-4.57
-4.507
-4.462
-4.359
-4.192
-4.044
-3.96
-3.906
-3.842
-3.749
-3.656
-3.579
-3.5
-3.416
-3.332
-3.246
-3.139
-3.026
-2.883
-2.692
-2.495
-2.329
-2.18
-1.998
-1.815
-1.667
-1.606
-1.565
-1.479
-1.365
-1.293
-1.245
-1.238
-1.302
-1.422
-1.595
-1.799
-1.998
-2.166
-2.318
-2.509
-2.695
-2.776
-2.76
-2.695
-2.593
-2.488
-2.447
-2.447
-2.456
-2.463
-2.445
-2.393
-2.359
-2.388
-2.445
-2.472
-2.447
-2.381
-2.336
-2.316
-2.291
-2.236
-2.177
-2.107
-2.096
-2.173
-2.293
-2.375
-2.438
-2.527
-2.624
-2.683
-2.69
-2.681
-2.686
-2.699
-2.686
-2.656
-2.663
-2.742
-2.826
-2.86
-2.856
-2.819
-2.745
-2.654
-2.534
-2.423
-2.327
-2.257
-2.198
-2.166
-2.182
-2.23
-2.377
-2.595
-2.715
-2.701
-2.735
-2.863
-2.887
-2.763
-2.706
-2.783
-2.865
-2.865
-2.919
-3.101
-3.287
-3.391
-3.484
-3.643
-3.86
-4.121
-4.378
-4.557
-4.609
-4.598
-4.632
-4.686
-4.641
-4.546
-4.589
-4.856
-5.172
-5.33
-5.346
-5.385
-5.469
-5.441
-5.274
-5.199
-5.382
-5.682
-5.94
-6.213
-6.589
-6.918
-7.065
-7.104
-7.172
-7.193
-7.134
-7.129
-7.311
-7.553
-7.649
-7.619
-7.596
-7.519
-7.268
-7.005
-6.927
-6.979
-6.954
-6.843
-6.798
-6.839
-6.759
-6.456
-6.092
-5.87
-5.779
-5.734
-5.743
-5.807
-5.852
-5.746
-5.543
-5.396
-5.301
-5.176
-5.065
-5.054
-5.088
-5.067
-5.01
-4.997
-5.008
-4.911
-4.704
-4.514
-4.421
-4.389
-4.412
-4.491
-4.564
-4.618
-4.675
-4.688
-4.645
-4.582
-4.468
-4.303
-4.119
-4.051
-4.167
-4.437
-4.695
-4.779
-4.693
-4.546
-4.441
-4.346
-4.239
-4.16
-4.135
-4.144
-4.128
-4.04
-3.938
-3.919
-3.913
-3.777
-3.518
-3.332
-3.327
-3.429
-3.563
-3.677
-3.686
-3.611
-3.55
-3.536
-3.511
-3.488
-3.518
-3.627
-3.742
-3.886
-4.056
-4.182
-4.248
-4.226
-4.153
-4.133
-4.221
-4.403
-4.555
-4.577
-4.493
-4.387
-4.262
-4.189
-4.23
-4.357
-4.475
-4.566
-4.679
-4.849
-5.047
-5.176
-5.194
-5.103
-4.967
-4.845
-4.79
-4.838
-4.945
-5.026
-5.01
-4.906
-4.788
-4.679
-4.58
-4.457
-4.353
-4.341
-4.369
-4.332
-4.221
-4.094
-3.915
-3.618
-3.291
-3.046
-2.908
-2.828
-2.815
-2.871
-2.93
-2.946
-2.974
-3.024
-3.048
-3.037
-3.026
-3.137
-3.307
-3.434
-3.538
-3.702
-3.888
-3.978
-3.967
-3.96
-4.031
-4.151
-4.303
-4.462
-4.657
-4.868
-5.017
-5.088
-5.11
-5.097
-5.119
-5.203
-5.321
-5.51
-5.734
-5.916
-6.047
-6.167
-6.238
-6.186
-6.09
-6.14
-6.365
-6.594
-6.73
-6.823
-6.93
-7.025
-7.032
-6.957
-6.914
-6.932
-6.904
-6.846
-6.875
-6.995
-7.12
-7.127
-6.975
-6.714
-6.428
-6.177
-5.977
-5.782
-5.553
-5.369
-5.278
-5.21
-5.079
-4.881
-4.657
-4.455
-4.298
-4.155
-3.997
-3.845
-3.768
-3.718
-3.538
-3.191
-2.785
-2.438
-2.161
-1.955
-1.808
-1.789
-1.926
-2.094
-2.166
-2.125
-1.982
-1.742
-1.474
-1.268
-1.166
-1.125
-1.034
-0.862
-0.698
-0.56
-0.447
-0.347
-0.274
-0.234
-0.197
-0.175
-0.256
-0.487
-0.764
-0.993
-1.152
-1.293
-1.456
-1.59
-1.692
-1.803
-1.955
-2.089
-2.209
-2.361
-2.529
-2.704
-2.86
-3.028
-3.237
-3.543
-3.974
-4.502
-4.995
-5.335
-5.559
-5.802
-6.043
-6.142
-6.131
-6.131
-6.145
-6.113
-6.118
-6.21
-6.29
-6.283
-6.276
-6.358
-6.515
-6.725
-7.018
-7.322
-7.547
-7.617
-7.599
-7.565
-7.462
-7.233
-6.896
-6.485
-6.043
-5.664
-5.414
-5.233
-5.006
-4.684
-4.271
-3.851
-3.534
-3.33
-3.15
-2.935
-2.649
-2.37
-2.189
-2.055
-1.874
-1.644
-1.374
-1.034
-0.689
-0.392
-0.12
0.127
0.265
0.27
0.179
0.059
-0.068
-0.17
-0.188
-0.163
-0.165
-0.177
-0.145
-0.1
-0.066
0.02
0.195
0.392
0.533
0.599
0.606
0.574
0.49
0.354
0.168
-0.084
-0.338
-0.492
-0.56
-0.578
-0.553
-0.469
-0.34
-0.245
-0.245
-0.238
-0.211
-0.218
-0.288
-0.342
-0.372
-0.422
-0.54
-0.76
-1.057
-1.295
-1.359
-1.311
-1.229
-1.1
-0.896
-0.667
-0.483
-0.349
-0.163
0.052
0.204
0.274
0.401
0.606
0.839
1.073
1.29
1.427
1.415
1.349
1.349
1.399
1.422
1.508
1.751
2.062
2.327
2.547
2.749
2.915
3.026
3.083
3.11
3.133
3.155
3.137
3.015
2.799
2.601
2.504
2.484
2.493
2.52
2.593
2.697
2.76
2.799
2.851
2.844
2.726
2.511
2.23
1.969
1.758
1.585
1.465
1.359
1.229
1.1
1.034
0.961
0.837
0.737
0.735
0.776
0.783
0.773
0.787
0.812
0.792
0.748
0.694
0.592
0.476
0.422
0.372
0.274
0.159
0.054
0.002
0.052
0.206
0.415
0.642
0.862
1.089
1.336
1.547
1.694
1.842
1.98
2.053
2.114
2.218
2.325
2.443
2.64
2.915
3.205
3.507
3.822
4.11
4.296
4.403
4.509
4.693
4.906
5.056
5.119
5.133
5.142
5.16
5.151
5.083
4.988
4.911
4.863
4.804
4.743
4.738
4.795
4.838
4.806
4.768
4.784
4.843
4.875
4.886
4.881
4.838
4.688
4.421
4.051
3.627
3.182
2.735
2.359
2.05
1.792
1.59
1.408
1.177
0.932
0.703
0.56
0.438
0.274
0.109
0.016
-0.02
-0.077
-0.163
-0.245
-0.306
-0.329
-0.295
-0.229
-0.138
-0.007
0.132
0.247
0.333
0.399
0.474
0.569
0.655
0.739
0.909
1.164
1.458
1.762
2.019
2.246
2.529
2.849
3.121
3.341
3.572
3.822
4.062
4.282
4.498
4.72
4.918
5.065
5.174
5.26
5.333
5.41
5.512
5.671
5.863
6.077
6.328
6.61
6.896
7.159
7.37
7.54
7.651
7.685
7.662
7.614
7.606
7.626
7.621
7.608
7.637
7.687
7.71
7.66
7.621
7.635
7.667
7.678
7.667
7.653
7.626
7.526
7.356
7.17
6.993
6.812
6.637
6.494
6.385
6.315
6.288
6.26
6.222
6.181
6.14
6.179
6.312
6.521
6.753
6.977
7.24
7.524
7.762
7.928
8.016
8.037
8.021
8.002
8.011
8.08
8.179
8.254
8.304
8.386
8.485
8.579
8.656
8.737
8.858
8.985
9.098
9.216
9.309
9.35
9.325
9.25
9.162
9.075
8.964
8.821
8.667
8.535
8.399
8.247
8.091
7.962
7.841
7.68
7.481
7.311
7.197
7.143
7.081
6.923
6.691
6.437
6.179
5.891
5.555
5.185
4.847
4.596
4.441
4.323
4.198
4.08
3.999
3.988
4.01
4.04
4.106
4.239
4.421
4.593
4.72
4.802
4.852
4.87
4.833
4.75
4.714
4.766
4.854
4.945
5.088
5.276
5.48
5.648
5.755
5.827
5.92
6.025
6.17
6.34
6.492
6.61
6.719
6.8
6.841
6.837
6.814
6.839
6.934
7.054
7.111
7.138
7.204
7.299
7.333
7.256
7.122
7.032
6.991
6.943
6.918
6.941
6.977
6.998
7.029
7.118
7.24
7.358
7.474
7.549
7.599
7.649
7.662
7.606
7.499
7.394
7.295
7.22
7.195
7.136
7.034
6.995
6.995
6.943
6.841
6.734
6.662
6.648
6.621
6.523
6.421
6.378
6.31
6.151
5.931
5.65
5.36
5.095
4.865
4.657
4.468
4.33
4.219
4.144
4.096
3.974
3.786
3.613
3.455
3.28
3.114
2.955
2.826
2.715
2.593
2.472
2.397
2.352
2.329
2.352
2.431
2.52
2.597
2.715
2.881
3.062
3.275
3.493
3.734
4.026
4.353
4.655
4.924
5.14
5.267
5.351
5.41
5.41
5.36
5.274
5.194
5.153
5.169
5.267
5.412
5.523
5.598
5.682
5.786
5.891
5.95
5.995
6.065
6.122
6.113
6.072
6.056
6.004
5.893
5.773
5.682
5.598
5.473
5.285
5.076
4.89
4.722
4.573
4.498
4.471
4.423
4.364
4.273
4.139
3.988
3.817
3.629
3.414
3.157
2.887
2.651
2.479
2.334
2.173
2.028
1.933
1.835
1.735
1.66
1.572
1.413
1.223
1.046
0.866
0.676
0.494
0.306
0.1
-0.084
-0.206
-0.306
-0.408
-0.497
-0.549
-0.61
-0.703
-0.8
-0.857
-0.864
-0.894
-0.907
-0.88
-0.835
-0.81
-0.794
-0.773
-0.776
-0.773
-0.744
-0.701
-0.694
-0.744
-0.776
-0.778
-0.81
-0.873
-0.875
-0.814
-0.78
-0.819
-0.819
-0.726
-0.592
-0.499
-0.456
-0.426
-0.395
-0.358
-0.32
-0.283
-0.317
-0.415
-0.508
-0.574
-0.655
-0.787
-0.971
-1.152
-1.322
-1.52
-1.756
-1.935
-2.037
-2.121
-2.177
-2.189
-2.175
-2.173
-2.173
-2.184
-2.211
-2.259
-2.298
-2.289
-2.248
-2.259
-2.352
-2.477
-2.584
-2.722
-2.91
-3.071
-3.185
-3.239
-3.271
-3.278
-3.28
-3.25
-3.16
-3.053
-2.967
-2.874
-2.772
-2.738
-2.742
-2.735
-2.704
-2.706
-2.788
-2.878
-2.933
-3.01
-3.126
-3.2
-3.212
-3.223
-3.246
-3.216
-3.112
-2.992
-2.856
-2.683
-2.509
-2.388
-2.318
-2.27
-2.255
-2.252
-2.298
-2.4
-2.49
-2.561
-2.69
-2.837
-2.971
-3.042
-3.067
-3.064
-3.078
-3.08
-3.051
-3.015
-2.983
-2.946
-2.901
-2.896
-2.937
-3.017
-3.105
-3.176
-3.262
-3.391
-3.55
-3.677
-3.734
-3.754
-3.801
-3.888
-3.947
-3.929
-3.817
-3.602
-3.327
-3.085
-2.985
-3.026
-3.091
-3.096
-3.051
-2.926
-2.781
-2.729
-2.767
-2.819
-2.812
-2.701
-2.554
-2.477
-2.495
-2.536
-2.542
-2.531
-2.552
-2.554
-2.461
-2.338
-2.259
-2.246
-2.282
-2.359
-2.488
-2.622
-2.683
-2.663
-2.69
-2.806
-2.974
-3.162
-3.355
-3.504
-3.581
-3.579
-3.561
-3.593
-3.647
-3.69
-3.699
-3.709
-3.77
-3.856
-3.903
-3.886
-3.827
-3.736
-3.659
-3.636
-3.675
-3.752
-3.801
-3.883
-4.09
-4.385
-4.659
-4.856
-5.008
-5.126
-5.212
-5.328
-5.519
-5.702
-5.82
-5.9
-5.897
-5.859
-5.904
-6.086
-6.317
-6.487
-6.598
-6.703
-6.855
-7.011
-7.147
-7.304
-7.515
-7.732
-7.889
-7.98
-7.993
-7.928
-7.83
-7.705
-7.531
-7.347
-7.181
-7.005
-6.805
-6.628
-6.553
-6.555
-6.637
-6.8
-6.936
-6.957
-6.923
-6.909
-6.92
-6.943
-6.966
-6.993
-7.043
-7.109
-7.134
-7.122
-7.102
-7.079
-7.054
-7.022
-6.975
-6.891
-6.793
-6.732
-6.741
-6.818
-6.92
-7.034
-7.136
-7.22
-7.229
-7.111
-6.907
-6.737
-6.619
-6.467
-6.285
-6.092
-5.936
-5.886
-5.961
-6.138
-6.326
-6.449
-6.487
-6.476
-6.46
-6.456
-6.469
-6.508
-6.582
-6.684
-6.734
-6.714
-6.653
-6.58
-6.496
-6.397
-6.267
-6.095
-5.902
-5.746
-5.625
-5.496
-5.349
-5.235
-5.169
-5.11
-5.054
-4.988
-4.949
-4.983
-5.119
-5.256
-5.274
-5.142
-4.92
-4.666
-4.471
-4.389
-4.382
-4.4
-4.416
-4.43
-4.414
-4.4
-4.405
-4.38
-4.316
-4.21
-4.069
-3.976
-3.981
-4.067
-4.169
-4.221
-4.282
-4.353
-4.375
-4.303
-4.16
-4.058
-4.071
-4.146
-4.255
-4.362
-4.441
-4.521
-4.548
-4.541
-4.602
-4.786
-5.054
-5.276
-5.362
-5.351
-5.355
-5.387
-5.392
-5.36
-5.335
-5.346
-5.387
-5.444
-5.484
-5.471
-5.387
-5.292
-5.174
-5.001
-4.811
-4.675
-4.598
-4.564
-4.577
-4.679
-4.852
-4.979
-4.988
-4.849
-4.629
-4.448
-4.407
-4.437
-4.425
-4.344
-4.241
-4.162
-4.08
-3.974
-3.833
-3.709
-3.663
-3.724
-3.867
-4.004
-4.108
-4.144
-4.16
-4.221
-4.344
-4.496
-4.652
-4.747
-4.757
-4.729
-4.741
-4.79
-4.827
-4.804
-4.725
-4.605
-4.53
-4.605
-4.833
-5.106
-5.351
-5.593
-5.838
-6.052
-6.199
-6.292
-6.317
-6.315
-6.288
-6.267
-6.306
-6.365
-6.349
-6.192
-5.981
-5.777
-5.587
-5.371
-5.14
-4.945
-4.79
-4.625
-4.444
-4.298
-4.246
-4.194
-3.924
-3.472
-3.141
-3.103
-3.137
-2.96
-2.593
-2.236
-1.994
-1.817
-1.597
-1.304
-1.089
-1.102
-1.32
-1.656
-2.05
-2.477
-2.906
-3.273
-3.47
-3.468
-3.411
-3.516
-3.799
-4.015
-4.033
-3.976
-3.958
-3.851
-3.498
-2.933
-2.384
-2.073
-2.066
-2.248
-2.493
-2.815
-3.171
-3.436
-3.5
-3.368
-3.173
-3.074
-3.019
-2.89
-2.71
-2.645
-2.729
-2.751
-2.484
-1.978
-1.495
-1.2
-1.036
-0.853
-0.669
-0.592
-0.615
-0.51
-0.17
0.29
0.689
0.939
1.066
1.184
1.304
1.309
1.145
1.032
1.168
1.52
1.83
1.926
1.887
1.867
1.878
1.808
1.601
1.374
1.268
1.259
1.227
1.159
1.118
1.12
1.066
0.832
0.39
-0.041
-0.179
-0.057
0.093
0.136
0.084
0.066
0.1
0.023
-0.263
-0.63
-0.941
-1.161
-1.313
-1.352
-1.245
-1.068
-0.966
-0.984
-1.082
-1.231
-1.368
-1.47
-1.545
-1.622
-1.66
-1.556
-1.234
-0.83
-0.592
-0.572
-0.531
-0.308
0.007
0.306
0.553
0.728
0.819
0.812
0.671
0.456
0.342
0.424
0.585
0.742
0.975
1.374
1.842
2.153
2.218
2.184
2.191
2.325
2.54
2.722
2.876
3.042
3.216
3.332
3.339
3.176
2.89
2.577
2.268
2.003
1.853
1.812
1.767
1.642
1.393
1.091
0.855
0.724
0.665
0.594
0.522
0.494
0.492
0.431
0.263
0.014
-0.243
-0.449
-0.633
-0.819
-0.916
-0.966
-1.023
-1.066
-1.098
-1.223
-1.433
-1.651
-1.799
-1.907
-1.998
-1.998
-1.874
-1.703
-1.56
-1.438
-1.315
-1.216
-1.177
-1.173
-1.166
-1.134
-1.039
-0.783
-0.395
-0.02
0.317
0.674
1.007
1.256
1.436
1.656
1.946
2.198
2.345
2.456
2.593
2.765
2.933
3.037
3.121
3.264
3.545
3.917
4.291
4.568
4.698
4.757
4.804
4.809
4.766
4.795
4.958
5.221
5.476
5.63
5.739
5.902
6.063
6.038
5.802
5.541
5.437
5.414
5.349
5.19
5.031
4.924
4.793
4.568
4.287
4.074
3.981
3.962
3.91
3.758
3.57
3.411
3.239
2.992
2.67
2.386
2.246
2.211
2.211
2.225
2.257
2.286
2.27
2.13
1.894
1.681
1.529
1.47
1.467
1.502
1.617
1.801
1.989
2.069
2.094
2.121
2.118
2.044
1.923
1.842
1.871
2.023
2.207
2.275
2.252
2.302
2.511
2.729
2.781
2.717
2.686
2.763
2.894
3.042
3.25
3.52
3.804
4.062
4.303
4.511
4.677
4.822
4.895
4.79
4.509
4.235
4.096
4.053
4.019
3.985
3.976
4.021
4.187
4.444
4.645
4.729
4.761
4.786
4.772
4.714
4.648
4.67
4.702
4.679
4.652
4.629
4.527
4.278
3.962
3.686
3.495
3.364
3.28
3.289
3.396
3.484
3.522
3.493
3.364
3.182
3.026
2.84
2.568
2.322
2.211
2.164
2.098
2.023
1.98
1.96
1.971
2.064
2.173
2.202
2.18
2.209
2.273
2.264
2.137
1.944
1.844
1.894
2.046
2.234
2.416
2.577
2.717
2.804
2.742
2.538
2.314
2.189
2.123
2.055
2.037
2.187
2.472
2.767
3.019
3.207
3.259
3.205
3.171
3.212
3.225
3.164
3.194
3.398
3.634
3.813
3.967
4.158
4.393
4.657
4.904
5.072
5.165
5.244
5.371
5.478
5.455
5.349
5.346
5.478
5.655
5.897
6.206
6.435
6.517
6.499
6.492
6.467
6.335
6.149
6.052
6.056
6.099
6.197
6.36
6.548
6.723
6.809
6.757
6.585
6.39
6.317
6.312
6.204
5.977
5.779
5.65
5.555
5.489
5.414
5.274
5.103
5.031
5.101
5.144
5.001
4.795
4.666
4.555
4.409
4.289
4.291
4.432
4.62
4.745
4.775
4.747
4.734
4.727
4.643
4.418
4.123
3.96
4.015
4.185
4.357
4.484
4.537
4.511
4.475
4.471
4.425
4.276
4.13
4.106
4.135
4.108
4.076
4.165
4.373
4.557
4.625
4.636
4.636
4.657
4.695
4.693
4.589
4.391
4.221
4.189
4.276
4.414
4.58
4.752
4.94
5.158
5.36
5.396
5.267
5.119
5.029
4.945
4.872
4.89
5.029
5.224
5.376
5.489
5.523
5.439
5.319
5.274
5.253
5.11
4.861
4.666
4.648
4.736
4.802
4.818
4.797
4.709
4.598
4.525
4.452
4.285
4.083
3.985
3.981
3.951
3.881
3.924
4.169
4.498
4.759
4.922
5.01
5.083
5.206
5.287
5.285
5.242
5.242
5.317
5.437
5.519
5.541
5.541
5.557
5.602
5.673
5.711
5.689
5.693
5.727
5.763
5.779
5.841
5.986
6.165
6.288
6.292
6.206
6.102
6.074
6.142
6.177
6.047
5.802
5.646
5.639
5.682
5.741
5.879
6.018
6.045
5.963
5.85
5.748
5.632
5.498
5.38
5.235
4.958
4.62
4.38
4.262
4.137
3.956
3.804
3.711
3.613
3.491
3.409
3.35
3.25
3.089
2.933
2.806
2.672
2.527
2.411
2.345
2.359
2.45
2.502
2.42
2.284
2.146
1.96
1.697
1.461
1.408
1.54
1.71
1.874
2.044
2.2
2.373
2.595
2.806
2.812
2.588
2.332
2.243
2.225
2.112
2.016
2.078
2.257
2.429
2.554
2.645
2.781
3.003
3.257
3.384
3.296
3.16
3.137
3.205
3.246
3.291
3.464
3.729
3.931
4.042
4.128
4.171
4.128
4.037
3.949
3.831
3.684
3.6
3.627
3.668
3.668
3.697
3.752
3.727
3.575
3.377
3.123
2.747
2.329
2.082
2.016
1.985
1.935
1.907
1.894
1.885
1.864
1.842
1.769
1.599
1.356
1.107
0.816
0.54
0.354
0.277
0.263
0.267
0.295
0.322
0.331
0.315
0.297
0.22
0.061
-0.138
-0.308
-0.419
-0.447
-0.424
-0.388
-0.345
-0.34
-0.372
-0.417
-0.497
-0.683
-0.9
-1.014
-1.016
-1.032
-1.052
-0.98
-0.837
-0.767
-0.785
-0.823
-0.83
-0.855
-0.918
-1.005
-1.105
-1.184
-1.188
-1.166
-1.145
-1.152
-1.127
-0.984
-0.773
-0.599
-0.447
-0.277
-0.129
-0.032
0.029
0.025
-0.059
-0.138
-0.159
-0.179
-0.252
-0.31
-0.299
-0.313
-0.399
-0.542
-0.658
-0.753
-0.855
-0.925
-0.878
-0.751
-0.61
-0.424
-0.252
-0.215
-0.299
-0.392
-0.508
-0.646
-0.755
-0.78
-0.787
-0.805
-0.776
-0.642
-0.499
-0.419
-0.36
-0.252
-0.161
-0.184
-0.249
-0.324
-0.501
-0.792
-1.079
-1.368
-1.676
-1.957
-2.094
-2.116
-2.128
-2.118
-2.08
-2.066
-2.155
-2.284
-2.381
-2.486
-2.658
-2.819
-2.881
-2.876
-2.885
-2.919
-2.983
-3.105
-3.268
-3.434
-3.656
-3.956
-4.271
-4.452
-4.516
-4.577
-4.639
-4.629
-4.511
-4.375
-4.307
-4.319
-4.307
-4.291
-4.33
-4.393
-4.437
-4.477
-4.552
-4.65
-4.727
-4.763
-4.743
-4.616
-4.423
-4.257
-4.133
-4.04
-3.994
-4.012
-4.058
-4.101
-4.126
-4.099
-3.972
-3.779
-3.611
-3.472
-3.323
-3.205
-3.189
-3.284
-3.377
-3.511
-3.695
-3.824
-3.792
-3.645
-3.495
-3.375
-3.246
-3.144
-3.187
-3.343
-3.498
-3.67
-3.888
-4.106
-4.305
-4.53
-4.768
-4.918
-4.908
-4.836
-4.804
-4.781
-4.695
-4.643
-4.727
-4.888
-5.06
-5.265
-5.46
-5.616
-5.734
-5.841
-5.902
-5.902
-5.897
-5.956
-6.045
-6.129
-6.242
-6.408
-6.587
-6.709
-6.714
-6.635
-6.526
-6.403
-6.253
-6.113
-5.99
-5.863
-5.813
-5.884
-5.972
-5.995
-5.977
-5.947
-5.891
-5.811
-5.696
-5.557
-5.405
-5.274
-5.169
-5.083
-4.951
-4.822
-4.761
-4.729
-4.629
-4.48
-4.396
-4.387
-4.357
-4.267
-4.196
-4.203
-4.221
-4.248
-4.314
-4.393
-4.459
-4.527
-4.611
-4.702
-4.795
-4.888
-4.954
-4.954
-4.945
-5.004
-5.117
-5.219
-5.315
-5.471
-5.693
-5.945
-6.177
-6.367
-6.471
-6.535
-6.571
-6.596
-6.571
-6.517
-6.483
-6.494
-6.526
-6.492
-6.46
-6.544
-6.687
-6.8
-6.868
-6.877
-6.843
-6.791
-6.732
-6.714
-6.669
-6.544
-6.428
-6.365
-6.319
-6.236
-6.102
-5.952
-5.816
-5.718
-5.646
-5.557
-5.441
-5.396
-5.441
-5.548
-5.709
-5.909
-6.09
-6.217
-6.274
-6.253
-6.197
-6.099
-5.984
-5.841
-5.659
-5.496
-5.392
-5.319
-5.294
-5.305
-5.351
-5.432
-5.557
-5.65
-5.684
-5.725
-5.746
-5.675
-5.53
-5.398
-5.328
-5.326
-5.355
-5.43
-5.539
-5.666
-5.791
-5.904
-6
-6.07
-6.122
-6.186
-6.269
-6.356
-6.426
-6.449
-6.451
-6.48
-6.562
-6.639
-6.703
-6.753
-6.798
-6.832
-6.827
-6.812
-6.834
-6.889
-6.893
-6.882
-6.889
-6.939
-6.966
-6.948
-6.893
-6.848
-6.812
-6.716
-6.551
-6.385
-6.269
-6.204
-6.161
-6.113
-6.043
-6.043
-6.17
-6.312
-6.412
-6.433
-6.394
-6.342
-6.276
-6.149
-5.959
-5.746
-5.557
-5.396
-5.237
-5.138
-5.147
-5.176
-5.178
-5.156
-5.108
-5.031
-4.967
-4.942
-4.967
-4.995
-4.945
-4.87
-4.847
-4.87
-4.859
-4.806
-4.766
-4.768
-4.761
-4.745
-4.806
-4.913
-4.979
-5.015
-5.067
-5.181
-5.328
-5.448
-5.55
-5.632
-5.639
-5.564
-5.46
-5.364
-5.181
-4.836
-4.473
-4.253
-4.144
-4.094
-4.11
-4.232
-4.444
-4.648
-4.763
-4.843
-4.922
-4.915
-4.8
-4.657
-4.566
-4.493
-4.391
-4.314
-4.323
-4.332
-4.278
-4.235
-4.26
-4.344
-4.421
-4.502
-4.636
-4.736
-4.743
-4.72
-4.727
-4.707
-4.609
-4.48
-4.409
-4.373
-4.298
-4.21
-4.13
-4.074
-4.062
-4.108
-4.205
-4.298
-4.396
-4.507
-4.659
-4.786
-4.8
-4.677
-4.552
-4.464
-4.298
-3.997
-3.638
-3.357
-3.191
-3.107
-3.105
-3.196
-3.294
-3.332
-3.357
-3.443
-3.552
-3.652
-3.727
-3.799
-3.822
-3.777
-3.647
-3.516
-3.391
-3.198
-2.955
-2.749
-2.611
-2.531
-2.54
-2.672
-2.863
-3.003
-3.089
-3.237
-3.4
-3.452
-3.407
-3.373
-3.382
-3.332
-3.137
-2.912
-2.79
-2.731
-2.649
-2.581
-2.615
-2.745
-2.91
-3.117
-3.348
-3.568
-3.702
-3.795
-3.89
-3.926
-3.849
-3.74
-3.679
-3.593
-3.445
-3.264
-3.117
-3.015
-2.949
-2.871
-2.79
-2.731
-2.717
-2.724
-2.745
-2.754
-2.731
-2.679
-2.627
-2.601
-2.552
-2.413
-2.252
-2.137
-2.055
-1.982
-1.933
-1.928
-1.948
-1.955
-1.989
-2.114
-2.305
-2.49
-2.656
-2.81
-2.885
-2.856
-2.781
-2.66
-2.493
-2.284
-2.03
-1.751
-1.517
-1.402
-1.397
-1.467
-1.576
-1.681
-1.758
-1.844
-1.95
-1.976
-1.871
-1.785
-1.81
-1.858
-1.855
-1.821
-1.756
-1.651
-1.572
-1.574
-1.649
-1.726
-1.735
-1.794
-1.96
-2.153
-2.295
-2.393
-2.477
-2.531
-2.558
-2.586
-2.604
-2.568
-2.438
-2.293
-2.198
-2.114
-1.969
-1.783
-1.635
-1.563
-1.536
-1.542
-1.606
-1.701
-1.735
-1.681
-1.617
-1.542
-1.311
-0.855
-0.331
0.079
0.376
0.692
1.007
1.159
1.048
0.785
0.517
0.261
-0.047
-0.401
-0.599
-0.469
-0.154
0.063
0.073
0.084
0.279
0.572
0.753
0.787
0.789
0.812
0.846
0.907
0.984
0.998
0.961
0.946
0.873
0.764
0.708
0.78
0.894
0.835
0.585
0.363
0.36
0.478
0.428
0.152
-0.077
0.023
0.342
0.596
0.678
0.714
0.785
0.794
0.66
0.519
0.58
0.839
1.118
1.295
1.461
1.778
2.177
2.463
2.518
2.373
2.189
2.148
2.293
2.459
2.472
2.429
2.438
2.461
2.393
2.189
1.921
1.746
1.663
1.64
1.708
1.883
2.044
2.082
2.023
1.928
1.789
1.635
1.565
1.626
1.801
2.069
2.409
2.706
2.863
2.837
2.726
2.604
2.493
2.4
2.354
2.402
2.525
2.663
2.738
2.701
2.597
2.486
2.332
2.116
1.928
1.891
2.003
2.173
2.3
2.366
2.354
2.234
2.057
1.944
1.941
2.016
2.13
2.307
2.506
2.624
2.649
2.615
2.59
2.57
2.522
2.454
2.44
2.515
2.67
2.826
2.915
2.912
2.863
2.819
2.804
2.885
3.042
3.162
3.189
3.198
3.239
3.334
3.409
3.418
3.42
3.464
3.498
3.514
3.547
3.593
3.613
3.602
3.625
3.727
3.79
3.783
3.768
3.749
3.745
3.747
3.77
3.817
3.851
3.863
3.867
3.863
3.829
3.781
3.742
3.686
3.588
3.509
3.488
3.522
3.568
3.591
3.563
3.504
3.432
3.393
3.402
3.427
3.4
3.332
3.266
3.166
3.019
2.901
2.899
3.001
3.128
3.282
3.52
3.811
4.06
4.224
4.378
4.55
4.679
4.698
4.623
4.564
4.564
4.605
4.652
4.675
4.641
4.607
4.605
4.596
4.589
4.593
4.613
4.652
4.677
4.72
4.825
4.967
5.092
5.19
5.265
5.292
5.312
5.337
5.339
5.335
5.43
5.621
5.795
5.916
6.022
6.131
6.22
6.253
6.265
6.29
6.295
6.263
6.177
6.068
5.995
5.961
5.925
5.836
5.646
5.385
5.158
5.031
4.945
4.872
4.868
4.951
5.036
5.045
4.992
4.934
4.865
4.731
4.521
4.307
4.153
4.09
4.106
4.146
4.176
4.185
4.182
4.198
4.201
4.158
4.13
4.198
4.307
4.353
4.35
4.357
4.405
4.45
4.471
4.462
4.493
4.584
4.702
4.847
5.045
5.242
5.421
5.569
5.634
5.628
5.596
5.623
5.736
5.85
5.911
5.95
5.972
5.968
5.934
5.916
5.927
5.988
6.036
6.045
6.011
5.986
6.009
6.036
6.004
5.918
5.834
5.759
5.618
5.426
5.251
5.153
5.14
5.133
5.058
4.94
4.87
4.87
4.931
5.001
5.079
5.181
5.299
5.394
5.421
5.36
5.24
5.119
4.99
4.868
4.747
4.648
4.564
4.505
4.489
4.505
4.525
4.573
4.618
4.6
4.539
4.498
4.546
4.672
4.777
4.827
4.854
4.838
4.79
4.736
4.714
4.754
4.899
5.138
5.385
5.58
5.707
5.786
5.902
6.047
6.204
6.34
6.433
6.512
6.585
6.648
6.7
6.741
6.723
6.619
6.451
6.274
6.124
6.061
6.09
6.163
6.233
6.297
6.356
6.412
6.476
6.464
6.342
6.192
6.074
5.925
5.696
5.435
5.199
4.977
4.788
4.639
4.507
4.398
4.287
4.167
4.056
4.006
4.01
4.01
3.983
3.926
3.858
3.758
3.602
3.407
3.241
3.117
2.992
2.84
2.672
2.518
2.413
2.366
2.395
2.486
2.563
2.606
2.615
2.608
2.629
2.692
2.785
2.949
3.173
3.416
3.606
3.74
3.901
4.115
4.267
4.353
4.439
4.57
4.711
4.87
5.065
5.283
5.471
5.569
5.569
5.537
5.494
5.396
5.267
5.176
5.142
5.14
5.115
5.031
4.949
4.886
4.777
4.629
4.493
4.405
4.357
4.291
4.198
4.09
3.992
3.974
4.028
4.065
4.033
3.908
3.69
3.459
3.282
3.178
3.101
3.017
2.915
2.81
2.683
2.54
2.452
2.438
2.427
2.384
2.318
2.27
2.255
2.23
2.166
2.096
2.037
1.985
1.935
1.903
1.93
2.037
2.155
2.268
2.438
2.697
2.96
3.13
3.203
3.3
3.479
3.677
3.845
3.994
4.051
4.008
3.945
3.956
4.035
4.06
3.983
3.847
3.734
3.652
3.559
3.42
3.287
3.176
3.069
2.978
2.915
2.876
2.84
2.84
2.856
2.842
2.828
2.842
2.863
2.858
2.844
2.847
2.883
2.949
3.046
3.13
3.123
3.021
2.871
2.699
2.534
2.402
2.311
2.241
2.171
2.057
1.907
1.721
1.51
1.32
1.129
0.98
0.882
0.823
0.798
0.792
0.769
0.735
0.701
0.633
0.513
0.379
0.281
0.224
0.211
0.224
0.281
0.424
0.592
0.703
0.753
0.751
0.742
0.721
0.676
0.617
0.569
0.572
0.59
0.615
0.708
0.814
0.85
0.823
0.796
0.828
0.9
0.948
0.987
1.073
1.184
1.236
1.241
1.243
1.213
1.111
0.959
0.885
0.907
0.887
0.794
0.771
0.869
0.953
0.968
0.991
1.079
1.166
1.157
1.098
1.129
1.22
1.234
1.109
0.998
0.957
0.869
0.662
0.451
0.338
0.258
0.084
-0.14
-0.295
-0.374
-0.424
-0.444
-0.401
-0.31
-0.272
-0.315
-0.365
-0.39
-0.46
-0.621
-0.807
-0.934
-1.02
-1.118
-1.191
-1.125
-0.923
-0.728
-0.624
-0.562
-0.467
-0.381
-0.404
-0.458
-0.435
-0.397
-0.456
-0.601
-0.733
-0.839
-0.964
-1.086
-1.157
-1.193
-1.216
-1.241
-1.207
-1.084
-0.932
-0.823
-0.776
-0.739
-0.737
-0.787
-0.862
-0.9
-0.916
-0.939
-0.987
-0.989
-0.857
-0.683
-0.603
-0.58
-0.492
-0.36
-0.277
-0.274
-0.299
-0.352
-0.433
-0.537
-0.612
-0.637
-0.692
-0.857
-1.014
-1.082
-1.129
-1.227
-1.327
-1.397
-1.429
-1.433
-1.399
-1.322
-1.234
-1.229
-1.306
-1.384
-1.415
-1.433
-1.517
-1.678
-1.801
-1.819
-1.828
-1.871
-1.88
-1.858
-1.855
-1.885
-1.926
-1.948
-1.991
-2.096
-2.227
-2.343
-2.452
-2.611
-2.806
-3.003
-3.232
-3.475
-3.654
-3.72
-3.742
-3.752
-3.704
-3.579
-3.434
-3.327
-3.268
-3.221
-3.191
-3.182
-3.203
-3.268
-3.341
-3.359
-3.343
-3.323
-3.294
-3.212
-3.085
-2.976
-2.917
-2.876
-2.808
-2.778
-2.822
-2.915
-3.001
-3.11
-3.244
-3.355
-3.466
-3.661
-3.913
-4.096
-4.21
-4.305
-4.373
-4.373
-4.35
-4.326
-4.305
-4.332
-4.396
-4.434
-4.462
-4.509
-4.557
-4.564
-4.516
-4.466
-4.441
-4.446
-4.462
-4.43
-4.412
-4.434
-4.457
-4.462
-4.407
-4.335
-4.298
-4.339
-4.448
-4.559
-4.636
-4.727
-4.831
-4.911
-5.008
-5.126
-5.226
-5.285
-5.358
-5.435
-5.494
-5.532
-5.546
-5.541
-5.473
-5.333
-5.183
-5.133
-5.194
-5.283
-5.328
-5.382
-5.451
-5.476
-5.421
-5.351
-5.278
-5.165
-5.042
-4.981
-4.983
-5.013
-5.033
-5.069
-5.119
-5.16
-5.217
-5.299
-5.382
-5.446
-5.494
-5.555
-5.641
-5.689
-5.637
-5.496
-5.31
-5.14
-4.999
-4.845
-4.668
-4.539
-4.518
-4.534
-4.514
-4.498
-4.521
-4.525
-4.511
-4.502
-4.516
-4.525
-4.527
-4.511
-4.493
-4.462
-4.468
-4.568
-4.707
-4.772
-4.8
-4.888
-5.081
-5.283
-5.426
-5.521
-5.566
-5.566
-5.559
-5.564
-5.526
-5.462
-5.423
-5.376
-5.287
-5.197
-5.172
-5.162
-5.135
-5.101
-5.095
-5.153
-5.16
-5.056
-4.883
-4.688
-4.489
-4.364
-4.307
-4.251
-4.153
-4.083
-4.103
-4.137
-4.106
-4.083
-4.128
-4.169
-4.182
-4.165
-4.139
-4.135
-4.153
-4.144
-4.135
-4.146
-4.103
-4.015
-3.931
-3.856
-3.82
-3.874
-3.978
-4.044
-4.04
-4.004
-3.972
-3.962
-4.015
-4.126
-4.212
-4.255
-4.328
-4.416
-4.459
-4.48
-4.509
-4.546
-4.543
-4.489
-4.466
-4.543
-4.648
-4.711
-4.833
-5.045
-5.224
-5.312
-5.355
-5.353
-5.335
-5.33
-5.339
-5.333
-5.278
-5.197
-5.097
-4.942
-4.77
-4.695
-4.716
-4.731
-4.731
-4.736
-4.779
-4.861
-4.97
-5.081
-5.16
-5.128
-5.008
-4.929
-4.918
-4.849
-4.784
-4.829
-4.974
-5.14
-5.267
-5.373
-5.519
-5.704
-5.884
-6.036
-6.133
-6.197
-6.258
-6.283
-6.213
-6.106
-6.027
-5.995
-5.977
-5.952
-5.95
-6.022
-6.113
-6.19
-6.269
-6.301
-6.249
-6.14
-6.045
-5.99
-5.984
-5.984
-5.968
-5.945
-5.934
-5.954
-5.945
-5.884
-5.8
-5.752
-5.68
-5.566
-5.478
-5.437
-5.394
-5.335
-5.283
-5.301
-5.403
-5.469
-5.398
-5.233
-5.045
-4.852
-4.661
-4.484
-4.362
-4.267
-4.176
-4.076
-4.01
-4.008
-4.04
-4.008
-3.917
-3.817
-3.713
-3.609
-3.534
-3.52
-3.529
-3.5
-3.434
-3.427
-3.479
-3.525
-3.502
-3.486
-3.593
-3.742
-3.822
-3.82
-3.808
-3.851
-3.901
-3.863
-3.756
-3.679
-3.684
-3.699
-3.638
-3.554
-3.514
-3.491
-3.432
-3.364
-3.325
-3.309
-3.291
-3.3
-3.396
-3.552
-3.69
-3.752
-3.774
-3.804
-3.761
-3.677
-3.656
-3.765
-3.924
-4.04
-4.099
-4.189
-4.328
-4.471
-4.573
-4.636
-4.722
-4.843
-4.931
-4.979
-5.054
-5.119
-5.122
-5.065
-4.974
-4.904
-4.875
-4.852
-4.852
-4.913
-4.974
-4.938
-4.863
-4.797
-4.743
-4.679
-4.53
-4.339
-4.185
-4.117
-4.049
-3.976
-3.933
-3.906
-3.827
-3.699
-3.602
-3.57
-3.566
-3.529
-3.461
-3.414
-3.416
-3.42
-3.359
-3.232
-3.096
-2.96
-2.863
-2.81
-2.799
-2.801
-2.828
-2.865
-2.865
-2.828
-2.86
-2.96
-3.044
-2.996
-2.887
-2.84
-2.878
-2.937
-2.946
-2.871
-2.747
-2.658
-2.667
-2.745
-2.794
-2.804
-2.815
-2.828
-2.806
-2.706
-2.547
-2.37
-2.291
-2.318
-2.341
-2.264
-2.211
-2.27
-2.368
-2.357
-2.248
-2.173
-2.175
-2.196
-2.182
-2.168
-2.155
-2.125
-2.107
-2.143
-2.257
-2.42
-2.547
-2.64
-2.765
-2.91
-3.019
-3.083
-3.107
-3.107
-3.123
-3.096
-3.042
-3.06
-3.196
-3.339
-3.407
-3.441
-3.466
-3.445
-3.384
-3.291
-3.187
-3.085
-2.951
-2.804
-2.76
-2.824
-2.847
-2.763
-2.638
-2.579
-2.545
-2.515
-2.477
-2.456
-2.475
-2.459
-2.357
-2.198
-2.069
-2.075
-2.121
-2.046
-1.891
-1.819
-1.846
-1.919
-1.953
-1.896
-1.753
-1.581
-1.433
-1.297
-1.141
-0.923
-0.685
-0.515
-0.354
-0.138
0.061
0.191
0.281
0.331
0.347
0.379
0.417
0.397
0.306
0.236
0.265
0.363
0.433
0.449
0.46
0.492
0.522
0.531
0.497
0.419
0.338
0.32
0.406
0.599
0.796
0.914
0.996
1.077
1.116
1.1
1.109
1.213
1.37
1.51
1.597
1.64
1.721
1.874
2.055
2.159
2.155
2.161
2.25
2.307
2.284
2.227
2.166
2.096
2.044
2.012
1.964
1.921
1.883
1.862
1.835
1.776
1.706
1.674
1.683
1.642
1.52
1.359
1.195
1.129
1.182
1.243
1.247
1.179
1.055
0.923
0.866
0.907
1.023
1.175
1.295
1.365
1.449
1.599
1.833
2.116
2.425
2.706
2.912
3.069
3.23
3.425
3.606
3.715
3.754
3.756
3.74
3.695
3.64
3.634
3.688
3.756
3.808
3.827
3.827
3.779
3.631
3.391
3.178
3.051
2.985
2.924
2.788
2.581
2.329
2.062
1.83
1.69
1.649
1.703
1.778
1.715
1.477
1.256
1.25
1.39
1.347
0.987
0.594
0.433
0.408
0.36
0.263
0.184
0.168
0.186
0.163
0.097
0.075
0.143
0.329
0.558
0.776
1.014
1.306
1.64
1.944
2.128
2.309
2.624
3.032
3.411
3.738
4.069
4.437
4.833
5.219
5.559
5.809
6.018
6.194
6.312
6.383
6.469
6.61
6.843
7.1
7.19
7.075
6.92
6.823
6.823
6.966
7.24
7.533
7.696
7.717
7.744
7.871
8.045
8.12
8.027
7.85
7.726
7.696
7.699
7.662
7.581
7.451
7.27
7.091
6.961
6.834
6.664
6.508
6.378
6.156
5.773
5.317
4.895
4.541
4.155
3.679
3.187
2.84
2.754
2.842
2.892
2.776
2.547
2.334
2.168
2.023
1.864
1.701
1.576
1.54
1.628
1.815
1.978
2.007
1.937
1.848
1.792
1.796
1.869
2.028
2.191
2.295
2.368
2.493
2.738
3.098
3.425
3.588
3.675
3.89
4.192
4.444
4.627
4.77
4.868
4.929
5.026
5.203
5.453
5.755
6.038
6.226
6.351
6.462
6.485
6.421
6.34
6.303
6.267
6.204
6.17
6.242
6.426
6.601
6.725
6.859
6.973
7.034
7.054
7.057
7.05
7.054
7.07
7.111
7.152
7.124
6.966
6.725
6.517
6.365
6.238
6.131
6.095
6.086
6.015
5.836
5.659
5.539
5.43
5.292
5.169
5.079
5.072
5.178
5.353
5.457
5.476
5.562
5.75
5.884
5.87
5.85
5.963
6.124
6.213
6.265
6.392
6.53
6.587
6.558
6.501
6.499
6.596
6.748
6.864
6.889
6.839
6.766
6.696
6.676
6.719
6.814
6.948
7.113
7.211
7.188
7.166
7.265
7.424
7.501
7.485
7.501
7.649
7.86
7.971
7.923
7.805
7.694
7.574
7.383
7.072
6.721
6.444
6.308
6.272
6.274
6.274
6.233
6.12
5.87
5.5
5.14
4.89
4.738
4.573
4.287
3.949
3.647
3.398
3.173
2.983
2.806
2.683
2.613
2.536
2.397
2.23
2.13
2.114
2.109
2.012
1.898
1.898
2.016
2.082
2.01
1.894
1.878
2.023
2.187
2.234
2.248
2.373
2.604
2.853
3.126
3.445
3.795
4.069
4.212
4.285
4.359
4.48
4.661
4.877
5.033
5.144
5.333
5.673
6.097
6.503
6.914
7.381
7.817
8.05
8.104
8.182
8.365
8.563
8.699
8.767
8.833
8.978
9.207
9.388
9.452
9.441
9.42
9.431
9.472
9.443
9.286
9.105
9.037
9.057
9.037
8.987
8.937
8.866
8.721
8.554
8.438
8.334
8.209
8.07
7.909
7.696
7.449
7.242
7.134
7.093
7.032
6.941
6.882
6.816
6.664
6.437
6.222
6.015
5.757
5.403
5.097
4.947
4.881
4.818
4.741
4.672
4.589
4.464
4.312
4.196
4.101
4.019
3.981
3.981
4.006
4.001
3.954
3.895
3.922
3.994
4.053
4.169
4.385
4.611
4.784
4.897
4.999
5.079
5.117
5.124
5.14
5.228
5.367
5.484
5.6
5.725
5.807
5.816
5.755
5.623
5.417
5.176
4.997
4.89
4.833
4.818
4.836
4.87
4.868
4.822
4.714
4.582
4.48
4.35
4.151
3.94
3.74
3.507
3.262
3.051
2.881
2.731
2.611
2.518
2.388
2.236
2.062
1.883
1.683
1.451
1.22
1.048
0.944
0.814
0.594
0.349
0.206
0.111
-0.086
-0.381
-0.674
-0.889
-1.014
-1.093
-1.134
-1.118
-1.073
-1.009
-0.907
-0.805
-0.755
-0.785
-0.83
-0.862
-0.866
-0.891
-0.93
-0.885
-0.773
-0.658
-0.515
-0.329
-0.132
0.054
0.238
0.485
0.76
0.998
1.141
1.231
1.388
1.59
1.762
1.901
2.016
2.1
2.166
2.218
2.232
2.157
2.039
1.93
1.917
1.987
2.087
2.18
2.282
2.381
2.409
2.377
2.329
2.277
2.207
2.139
2.035
1.889
1.715
1.595
1.572
1.572
1.479
1.288
1.046
0.792
0.565
0.39
0.283
0.179
0.032
-0.195
-0.481
-0.737
-0.912
-1.07
-1.259
-1.424
-1.506
-1.533
-1.576
-1.697
-1.898
-2.141
-2.373
-2.522
-2.622
-2.708
-2.769
-2.785
-2.751
-2.676
-2.654
-2.683
-2.71
-2.765
-2.917
-3.107
-3.209
-3.189
-3.06
-2.912
-2.84
-2.826
-2.844
-2.899
-2.919
-2.874
-2.785
-2.658
-2.54
-2.477
-2.438
-2.393
-2.318
-2.257
-2.261
-2.307
-2.305
-2.227
-2.148
-2.121
-2.118
-2.096
-2.087
-2.18
-2.327
-2.391
-2.338
-2.25
-2.166
-2.037
-1.874
-1.724
-1.635
-1.651
-1.774
-1.966
-2.205
-2.366
-2.407
-2.425
-2.495
-2.563
-2.558
-2.525
-2.499
-2.497
-2.493
-2.509
-2.563
-2.615
-2.622
-2.586
-2.581
-2.627
-2.701
-2.81
-2.978
-3.162
-3.273
-3.287
-3.237
-3.171
-3.085
-2.983
-2.901
-2.824
-2.769
-2.767
-2.776
-2.731
-2.563
-2.293
-2.055
-1.907
-1.867
-1.864
-1.851
-1.851
-1.874
-1.86
-1.787
-1.683
-1.531
-1.304
-1.048
-0.891
-0.864
-0.848
-0.773
-0.703
-0.724
-0.769
-0.767
-0.742
-0.739
-0.778
-0.839
-0.903
-0.973
-1.07
-1.166
-1.227
-1.266
-1.306
-1.372
-1.479
-1.631
-1.789
-1.914
-2.01
-2.1
-2.198
-2.314
-2.461
-2.636
-2.81
-3.021
-3.246
-3.502
-3.777
-4.026
-4.203
-4.285
-4.332
-4.428
-4.555
-4.65
-4.72
-4.827
-5.017
-5.185
-5.283
-5.308
-5.287
-5.249
-5.221
-5.208
-5.185
-5.169
-5.147
-5.081
-4.961
-4.859
-4.797
-4.761
-4.634
-4.387
-4.162
-4.058
-4.001
-3.886
-3.718
-3.568
-3.479
-3.398
-3.302
-3.23
-3.189
-3.146
-3.146
-3.198
-3.228
-3.198
-3.182
-3.209
-3.252
-3.257
-3.248
-3.3
-3.393
-3.527
-3.697
-3.87
-4.033
-4.21
-4.382
-4.487
-4.555
-4.686
-4.897
-5.076
-5.187
-5.315
-5.564
-5.866
-6.111
-6.317
-6.517
-6.728
-6.945
-7.152
-7.313
-7.394
-7.451
-7.499
-7.503
-7.44
-7.347
-7.333
-7.388
-7.41
-7.363
-7.317
-7.29
-7.245
-7.156
-6.993
-6.748
-6.508
-6.385
-6.392
-6.44
-6.403
-6.258
-6.07
-5.936
-5.843
-5.714
-5.543
-5.371
-5.19
-5.029
-4.888
-4.784
-4.711
-4.636
-4.523
-4.339
-4.137
-4.028
-3.972
-3.874
-3.706
-3.529
-3.398
-3.302
-3.23
-3.171
-3.064
-2.885
-2.731
-2.731
-2.865
-2.962
-2.985
-3.026
-3.114
-3.194
-3.225
-3.259
-3.343
-3.425
-3.461
-3.514
-3.616
-3.734
-3.847
-3.954
-4.04
-4.06
-4.017
-3.972
-3.965
-4.024
-4.065
-4.004
-3.874
-3.806
-3.817
-3.813
-3.727
-3.636
-3.604
-3.629
-3.718
-3.833
-3.947
-4.062
-4.174
-4.267
-4.339
-4.391
-4.475
-4.57
-4.645
-4.693
-4.741
-4.816
-4.915
-4.979
-5.004
-4.992
-4.881
-4.7
-4.564
-4.532
-4.514
-4.412
-4.253
-4.144
-4.119
-4.085
-3.969
-3.82
-3.69
-3.584
-3.541
-3.554
-3.588
-3.6
-3.586
-3.516
-3.391
-3.259
-3.255
-3.402
-3.661
-3.935
-4.126
-4.226
-4.35
-4.534
-4.729
-4.879
-4.958
-4.979
-5.006
-5.069
-5.131
-5.169
-5.233
-5.339
-5.457
-5.593
-5.732
-5.87
-5.974
-6.022
-6.056
-6.104
-6.192
-6.358
-6.621
-6.864
-6.995
-7.005
-6.975
-6.984
-7.05
-7.122
-7.134
-7.097
-7.045
-6.979
-6.959
-6.97
-6.909
-6.732
-6.515
-6.322
-6.127
-5.956
-5.857
-5.818
-5.77
-5.671
-5.487
-5.235
-5.006
-4.888
-4.781
-4.582
-4.344
-4.142
-4.006
-3.876
-3.74
-3.588
-3.439
-3.291
-3.148
-3.019
-2.899
-2.756
-2.599
-2.434
-2.22
-1.95
-1.737
-1.651
-1.624
-1.552
-1.472
-1.451
-1.454
-1.472
-1.542
-1.638
-1.642
-1.601
-1.579
-1.585
-1.635
-1.744
-1.903
-2.05
-2.125
-2.184
-2.334
-2.525
-2.645
-2.69
-2.733
-2.833
-2.999
-3.228
-3.482
-3.688
-3.822
-3.933
-4.06
-4.139
-4.18
-4.237
-4.278
-4.228
-4.146
-4.158
-4.282
-4.455
-4.573
-4.58
-4.525
-4.509
-4.546
-4.605
-4.645
-4.607
-4.493
-4.375
-4.323
-4.332
-4.418
-4.534
-4.596
-4.566
-4.543
-4.632
-4.802
-4.956
-5.076
-5.197
-5.342
-5.528
-5.75
-5.945
-6.088
-6.217
-6.358
-6.501
-6.61
-6.65
-6.653
-6.684
-6.68
-6.623
-6.585
-6.612
-6.666
-6.666
-6.573
-6.381
-6.154
-5.966
-5.827
-5.7
-5.451
-5.081
-4.677
-4.28
-3.917
-3.6
-3.294
-2.971
-2.597
-2.171
-1.81
-1.59
-1.404
-1.202
-1.036
-0.916
-0.814
-0.71
-0.615
-0.574
-0.567
-0.59
-0.565
-0.415
-0.175
0.054
0.267
0.528
0.783
0.923
0.957
0.973
0.996
1.03
1.095
1.182
1.254
1.266
1.236
1.256
1.336
1.388
1.42
1.502
1.604
1.649
1.642
1.597
1.499
1.334
1.15
0.941
0.628
0.211
-0.14
-0.342
-0.451
-0.501
-0.474
-0.354
-0.213
-0.093
-0.018
0.02
0.059
0.111
0.179
0.247
0.256
0.22
0.227
0.281
0.363
0.442
0.492
0.506
0.565
0.669
0.73
0.687
0.612
0.644
0.789
0.882
0.885
0.891
0.95
1.036
1.118
1.191
1.238
1.263
1.247
1.173
1.055
0.909
0.785
0.753
0.83
0.961
1.109
1.279
1.406
1.472
1.508
1.502
1.438
1.347
1.275
1.193
1.075
0.941
0.871
0.898
1.009
1.111
1.164
1.102
0.964
0.842
0.767
0.701
0.61
0.56
0.562
0.617
0.712
0.789
0.787
0.751
0.762
0.807
0.816
0.826
0.894
1.018
1.15
1.282
1.411
1.552
1.669
1.783
1.871
1.948
2.03
2.073
2.109
2.171
2.218
2.193
2.137
2.15
2.243
2.352
2.438
2.456
2.416
2.386
2.397
2.431
2.436
2.461
2.542
2.633
2.708
2.828
3.026
3.239
3.416
3.609
3.79
3.867
3.831
3.799
3.84
3.908
3.956
4.004
4.099
4.174
4.142
4.024
3.926
3.854
3.79
3.731
3.618
3.45
3.284
3.178
3.121
3.071
3.035
3.064
3.146
3.18
3.137
3.053
2.933
2.797
2.71
2.67
2.577
2.436
2.314
2.225
2.123
1.957
1.78
1.663
1.685
1.767
1.772
1.683
1.604
1.599
1.654
1.692
1.683
1.635
1.647
1.73
1.792
1.796
1.808
1.864
1.917
1.93
1.919
1.894
1.88
1.926
2.037
2.168
2.279
2.388
2.475
2.497
2.445
2.381
2.352
2.354
2.325
2.289
2.354
2.481
2.538
2.513
2.493
2.499
2.49
2.518
2.601
2.697
2.847
3.135
3.514
3.842
4.153
4.525
4.947
5.271
5.419
5.48
5.612
5.809
5.904
5.838
5.727
5.711
5.845
6.079
6.435
6.904
7.413
7.9
8.354
8.747
9.064
9.223
9.254
9.302
9.327
9.143
8.889
8.957
9.302
9.309
8.719
8.107
7.971
8.104
7.987
7.583
7.272
7.299
7.462
7.415
7.048
6.657
6.51
6.512
6.478
6.39
6.347
6.419
6.596
6.798
6.846
6.635
6.383
6.344
6.535
6.68
6.723
6.88
7.209
7.401
7.254
6.982
6.884
6.875
6.778
6.703
6.857
7.245
7.624
7.791
7.751
7.653
7.571
7.517
7.442
7.229
7.002
7.029
7.285
7.401
7.227
7.029
7.065
7.222
7.301
7.261
7.254
7.422
7.714
7.916
7.898
7.755
7.712
7.869
7.995
7.814
7.419
7.177
7.193
7.188
6.982
6.741
6.723
6.852
6.855
6.676
6.46
6.369
6.442
6.558
6.589
6.569
6.648
6.868
7.029
6.97
6.807
6.743
6.809
6.832
6.721
6.603
6.626
6.719
6.714
6.544
6.301
6.161
6.181
6.236
6.165
5.954
5.773
5.763
5.775
5.637
5.394
5.231
5.174
5.092
4.927
4.702
4.518
4.564
4.743
4.793
4.639
4.455
4.375
4.391
4.416
4.407
4.391
4.4
4.462
4.514
4.546
4.602
4.761
4.983
5.169
5.312
5.5
5.811
6.124
6.295
6.424
6.7
7.134
7.551
7.789
7.907
8.059
8.259
8.352
8.263
8.132
8.12
8.231
8.277
8.136
7.939
7.841
7.787
7.637
7.331
6.943
6.644
6.515
6.487
6.378
6.172
5.997
5.838
5.63
5.326
4.979
4.725
4.602
4.448
4.198
3.992
3.897
3.836
3.695
3.47
3.209
2.91
2.604
2.386
2.227
2.089
1.998
2.016
2.073
2.109
2.184
2.327
2.488
2.647
2.828
2.996
3.137
3.271
3.42
3.579
3.729
3.851
3.981
4.187
4.487
4.77
4.892
4.895
4.854
4.795
4.738
4.714
4.7
4.716
4.784
4.836
4.854
4.911
5.01
5.045
4.961
4.852
4.786
4.793
4.827
4.829
4.84
4.886
4.945
4.97
4.942
4.852
4.688
4.498
4.332
4.18
3.99
3.806
3.665
3.563
3.443
3.289
3.194
3.223
3.271
3.228
3.18
3.182
3.123
2.89
2.588
2.364
2.25
2.196
2.175
2.125
2.055
2.03
2.023
1.91
1.656
1.338
1.105
1.039
1.034
0.971
0.875
0.828
0.764
0.642
0.503
0.374
0.236
0.093
0.036
0.086
0.152
0.168
0.172
0.188
0.181
0.14
0.104
0.073
0.066
0.127
0.256
0.376
0.372
0.24
0.109
0.093
0.134
0.106
-0.023
-0.138
-0.113
0.007
0.066
-0.043
-0.263
-0.422
-0.506
-0.61
-0.771
-0.848
-0.785
-0.698
-0.769
-0.973
-1.089
-1.123
-1.231
-1.44
-1.654
-1.767
-1.776
-1.733
-1.719
-1.78
-1.894
-2
-2.116
-2.307
-2.574
-2.794
-2.899
-2.994
-3.164
-3.348
-3.411
-3.364
-3.337
-3.448
-3.65
-3.847
-3.967
-3.997
-4.012
-4.08
-4.189
-4.235
-4.187
-4.155
-4.226
-4.326
-4.314
-4.248
-4.23
-4.251
-4.226
-4.144
-4.015
-3.874
-3.804
-3.768
-3.638
-3.432
-3.244
-3.155
-3.148
-3.087
-2.94
-2.847
-2.844
-2.801
-2.686
-2.558
-2.486
-2.418
-2.284
-2.087
-1.848
-1.638
-1.504
-1.454
-1.395
-1.334
-1.34
-1.411
-1.481
-1.522
-1.536
-1.556
-1.635
-1.76
-1.88
-1.996
-2.121
-2.277
-2.472
-2.629
-2.633
-2.54
-2.525
-2.611
-2.66
-2.638
-2.633
-2.735
-2.906
-3.048
-3.146
-3.2
-3.2
-3.144
-3.044
-2.946
-2.86
-2.812
-2.881
-3.058
-3.219
-3.33
-3.45
-3.588
-3.675
-3.675
-3.659
-3.652
-3.661
-3.679
-3.713
-3.756
-3.849
-3.954
-4.017
-3.962
-3.833
-3.734
-3.693
-3.627
-3.472
-3.327
-3.275
-3.278
-3.252
-3.246
-3.255
-3.252
-3.216
-3.146
-3.055
-2.965
-2.901
-2.908
-2.924
-2.878
-2.817
-2.804
-2.831
-2.885
-2.987
-3.076
-3.112
-3.08
-3.051
-3.071
-3.126
-3.169
-3.209
-3.239
-3.219
-3.15
-3.133
-3.178
-3.237
-3.282
-3.311
-3.327
-3.377
-3.457
-3.57
-3.742
-3.919
-4.051
-4.169
-4.344
-4.559
-4.788
-4.958
-5.099
-5.29
-5.535
-5.761
-5.911
-6.047
-6.21
-6.383
-6.505
-6.587
-6.669
-6.861
-7.163
-7.419
-7.549
-7.655
-7.862
-8.136
-8.363
-8.465
-8.467
-8.461
-8.436
-8.377
-8.354
-8.397
-8.47
-8.495
-8.402
-8.211
-8.018
-7.95
-8.002
-8.032
-8.014
-8
-8.018
-8.018
-7.962
-7.857
-7.744
-7.699
-7.762
-7.85
-7.85
-7.778
-7.737
-7.735
-7.692
-7.619
-7.585
-7.599
-7.56
-7.435
-7.327
-7.29
-7.327
-7.39
-7.424
-7.401
-7.295
-7.159
-7.052
-6.941
-6.787
-6.639
-6.564
-6.464
-6.265
-6.045
-5.895
-5.798
-5.682
-5.571
-5.512
-5.473
-5.43
-5.398
-5.378
-5.339
-5.224
-5.056
-4.974
-5.004
-5.045
-5.058
-5.095
-5.26
-5.537
-5.768
-5.863
-5.866
-5.827
-5.757
-5.639
-5.512
-5.446
-5.55
-5.763
-5.947
-6.011
-5.931
-5.732
-5.507
-5.349
-5.292
-5.287
-5.299
-5.321
-5.389
-5.451
-5.471
-5.512
-5.637
-5.707
-5.609
-5.419
-5.346
-5.482
-5.698
-5.836
-5.929
-6.065
-6.14
-6.018
-5.746
-5.453
-5.228
-5.092
-4.981
-4.816
-4.57
-4.355
-4.212
-4.031
-3.724
-3.405
-3.237
-3.239
-3.273
-3.225
-3.144
-3.107
-3.141
-3.189
-3.223
-3.221
-3.189
-3.16
-3.16
-3.15
-3.164
-3.252
-3.391
-3.52
-3.579
-3.593
-3.65
-3.777
-3.951
-4.126
-4.303
-4.473
-4.561
-4.53
-4.437
-4.33
-4.276
-4.28
-4.3
-4.307
-4.307
-4.344
-4.444
-4.527
-4.509
-4.466
-4.487
-4.475
-4.362
-4.28
-4.339
-4.539
-4.852
-5.165
-5.353
-5.392
-5.33
-5.24
-5.194
-5.231
-5.271
-5.258
-5.215
-5.219
-5.237
-5.274
-5.355
-5.448
-5.453
-5.369
-5.271
-5.197
-5.108
-4.986
-4.899
-4.883
-4.87
-4.784
-4.623
-4.432
-4.262
-4.135
-4.092
-4.153
-4.294
-4.487
-4.661
-4.75
-4.768
-4.804
-4.875
-5.001
-5.172
-5.323
-5.387
-5.346
-5.305
-5.315
-5.294
-5.215
-5.14
-5.051
-4.868
-4.652
-4.475
-4.271
-4.035
-3.849
-3.745
-3.67
-3.568
-3.348
-3.03
-2.706
-2.45
-2.27
-2.161
-2.075
-1.935
-1.715
-1.504
-1.377
-1.336
-1.374
-1.431
-1.481
-1.481
-1.413
-1.331
-1.263
-1.218
-1.238
-1.338
-1.456
-1.565
-1.676
-1.756
-1.778
-1.772
-1.76
-1.815
-1.935
-2.057
-2.064
-1.948
-1.808
-1.687
-1.595
-1.547
-1.508
-1.431
-1.368
-1.365
-1.413
-1.465
-1.479
-1.454
-1.415
-1.349
-1.227
-1.064
-0.925
-0.826
-0.789
-0.776
-0.748
-0.685
-0.608
-0.531
-0.447
-0.349
-0.313
-0.342
-0.381
-0.383
-0.36
-0.299
-0.267
-0.306
-0.369
-0.415
-0.413
-0.363
-0.277
-0.17
-0.086
0.011
0.113
0.215
0.342
0.506
0.615
0.578
0.415
0.236
0.149
0.145
0.213
0.385
0.662
0.95
1.17
1.302
1.338
1.29
1.234
1.161
1.009
0.796
0.606
0.51
0.499
0.506
0.515
0.524
0.528
0.533
0.485
0.41
0.374
0.383
0.372
0.331
0.315
0.354
0.401
0.419
0.419
0.413
0.444
0.547
0.696
0.821
0.885
0.948
1.016
0.991
0.85
0.683
0.603
0.583
0.537
0.417
0.293
0.249
0.283
0.329
0.401
0.487
0.553
0.572
0.592
0.633
0.649
0.649
0.671
0.737
0.792
0.814
0.88
1.048
1.245
1.363
1.427
1.467
1.474
1.418
1.329
1.286
1.288
1.243
1.179
1.202
1.279
1.304
1.261
1.238
1.231
1.143
0.944
0.762
0.687
0.63
0.526
0.497
0.585
0.698
0.783
0.855
0.914
0.977
1.027
1.079
1.127
1.152
1.127
1.066
1.016
0.968
0.894
0.857
0.971
1.245
1.531
1.708
1.817
1.955
2.073
2.073
1.985
1.851
1.71
1.567
1.481
1.488
1.558
1.681
1.844
1.969
1.987
1.98
2.066
2.198
2.298
2.343
2.397
2.525
2.708
2.826
2.851
2.831
2.794
2.754
2.765
2.863
2.985
3.035
3.046
3.069
3.048
2.969
2.91
2.946
3.026
3.048
3.069
3.171
3.337
3.484
3.577
3.613
3.566
3.441
3.323
3.266
3.248
3.235
3.278
3.405
3.581
3.749
3.945
4.23
4.516
4.672
4.707
4.707
4.677
4.561
4.4
4.278
4.208
4.099
3.926
3.777
3.738
3.777
3.838
3.926
4.01
3.992
3.849
3.65
3.386
3.074
2.763
2.542
2.475
2.549
2.674
2.824
3.015
3.212
3.327
3.348
3.309
3.248
3.216
3.205
3.187
3.155
3.141
3.185
3.273
3.339
3.38
3.457
3.602
3.792
3.947
4.019
4.042
4.069
4.08
4.042
3.951
3.86
3.851
3.924
4.012
4.108
4.176
4.203
4.171
4.119
4.026
3.865
3.652
3.479
3.366
3.287
3.219
3.135
3.087
3.069
3.042
2.989
2.915
2.801
2.667
2.486
2.289
2.13
2.021
1.935
1.919
1.957
2.005
2.094
2.214
2.325
2.416
2.484
2.493
2.44
2.384
2.379
2.402
2.418
2.459
2.624
2.842
3.035
3.255
3.516
3.745
3.849
3.886
3.915
3.883
3.722
3.541
3.477
3.52
3.606
3.715
3.913
4.135
4.251
4.285
4.341
4.43
4.455
4.369
4.264
4.201
4.094
3.938
3.854
3.824
3.797
3.783
3.867
4.001
4.08
4.121
4.219
4.346
4.387
4.373
4.439
4.58
4.693
4.752
4.849
5.026
5.21
5.335
5.398
5.426
5.417
5.353
5.287
5.296
5.344
5.378
5.401
5.421
5.484
5.573
5.661
5.73
5.768
5.795
5.838
5.918
6
6.015
5.931
5.8
5.691
5.616
5.535
5.451
5.435
5.473
5.467
5.476
5.51
5.514
5.482
5.441
5.414
5.376
5.303
5.215
5.16
5.092
4.961
4.775
4.623
4.507
4.364
4.282
4.3
4.364
4.369
4.337
4.341
4.355
4.31
4.198
4.096
4.069
4.101
4.099
4.04
4.021
4.044
4.058
4.051
4.092
4.135
4.121
4.09
4.087
4.121
4.149
4.203
4.296
4.38
4.43
4.475
4.511
4.489
4.414
4.375
4.391
4.355
4.217
4.121
4.167
4.251
4.303
4.412
4.607
4.825
4.981
5.097
5.233
5.342
5.358
5.346
5.394
5.382
5.271
5.147
5.088
5.049
5.026
5.106
5.301
5.519
5.664
5.752
5.822
5.859
5.863
5.872
5.813
5.723
5.718
5.777
5.811
5.822
5.863
5.94
6.009
5.993
5.904
5.845
5.779
5.641
5.53
5.455
5.326
5.165
5.049
4.997
4.956
4.89
4.847
4.861
4.865
4.845
4.788
4.668
4.507
4.369
4.251
4.165
4.101
4.024
3.997
4.076
4.205
4.341
4.462
4.532
4.584
4.652
4.716
4.734
4.711
4.686
4.677
4.661
4.584
4.45
4.355
4.3
4.26
4.169
4.085
4.076
4.099
4.069
4.058
4.058
3.983
3.863
3.768
3.724
3.722
3.709
3.67
3.69
3.727
3.722
3.675
3.609
3.527
3.45
3.414
3.416
3.427
3.477
3.584
3.693
3.702
3.681
3.715
3.749
3.724
3.688
3.643
3.559
3.445
3.35
3.294
3.241
3.126
3.008
2.987
3.032
3.078
3.148
3.235
3.252
3.148
3.026
2.949
2.874
2.774
2.713
2.74
2.76
2.774
2.833
2.892
2.917
2.942
2.992
3.071
3.176
3.327
3.527
3.72
3.849
3.947
4.103
4.287
4.403
4.421
4.421
4.437
4.452
4.403
4.298
4.16
4.031
3.863
3.577
3.203
2.896
2.765
2.792
2.867
2.835
2.672
2.534
2.459
2.325
2.05
1.699
1.329
1.03
0.839
0.701
0.59
0.553
0.551
0.513
0.431
0.336
0.195
0.061
-0.027
-0.07
-0.113
-0.254
-0.481
-0.751
-1.048
-1.343
-1.599
-1.789
-1.864
-1.824
-1.74
-1.665
-1.588
-1.51
-1.431
-1.404
-1.395
-1.297
-1.111
-0.939
-0.753
-0.494
-0.236
-0.061
0.07
0.179
0.231
0.252
0.295
0.354
0.438
0.615
0.891
1.173
1.368
1.488
1.592
1.721
1.844
1.917
1.921
1.862
1.769
1.628
1.445
1.243
1.062
0.932
0.907
0.964
1.02
1.098
1.277
1.456
1.447
1.263
1.079
0.964
0.757
0.41
0.002
-0.338
-0.572
-0.735
-0.848
-0.966
-1.175
-1.427
-1.622
-1.746
-1.855
-1.955
-2.044
-2.114
-2.18
-2.293
-2.454
-2.622
-2.778
-2.901
-2.958
-2.994
-3.003
-2.937
-2.849
-2.847
-2.926
-2.955
-2.881
-2.769
-2.731
-2.767
-2.774
-2.738
-2.722
-2.704
-2.66
-2.624
-2.638
-2.686
-2.692
-2.636
-2.504
-2.329
-2.22
-2.273
-2.423
-2.509
-2.484
-2.409
-2.314
-2.23
-2.164
-2.148
-2.137
-2.13
-2.211
-2.413
-2.647
-2.819
-2.96
-3.051
-2.999
-2.767
-2.513
-2.395
-2.364
-2.32
-2.273
-2.309
-2.495
-2.738
-2.908
-2.955
-2.917
-2.887
-2.974
-3.112
-3.209
-3.284
-3.393
-3.516
-3.572
-3.602
-3.738
-3.992
-4.298
-4.593
-4.825
-4.983
-5.085
-5.187
-5.315
-5.394
-5.337
-5.165
-5.024
-5.008
-5.106
-5.242
-5.371
-5.469
-5.537
-5.535
-5.441
-5.283
-5.113
-4.934
-4.802
-4.797
-4.895
-4.988
-5.042
-5.031
-4.99
-4.963
-4.879
-4.675
-4.423
-4.273
-4.248
-4.269
-4.251
-4.194
-4.178
-4.18
-4.126
-3.994
-3.833
-3.679
-3.545
-3.427
-3.346
-3.298
-3.259
-3.191
-3.089
-2.98
-2.946
-2.994
-3.171
-3.491
-3.842
-4.144
-4.391
-4.62
-4.809
-4.915
-4.949
-5.006
-5.115
-5.26
-5.421
-5.578
-5.743
-5.895
-5.97
-5.988
-6.025
-6.133
-6.258
-6.328
-6.367
-6.451
-6.619
-6.8
-6.902
-6.916
-6.868
-6.746
-6.571
-6.446
-6.435
-6.512
-6.585
-6.555
-6.476
-6.406
-6.353
-6.306
-6.245
-6.177
-6.068
-5.936
-5.813
-5.752
-5.677
-5.541
-5.432
-5.378
-5.312
-5.212
-5.065
-4.929
-4.906
-4.965
-5.026
-5.067
-5.122
-5.192
-5.24
-5.167
-5.02
-4.949
-5.008
-5.085
-5.088
-5.054
-5.069
-5.101
-5.076
-5.006
-4.951
-4.908
-4.838
-4.738
-4.698
-4.741
-4.854
-5.006
-5.162
-5.283
-5.346
-5.364
-5.349
-5.346
-5.378
-5.439
-5.491
-5.482
-5.432
-5.355
-5.278
-5.265
-5.362
-5.523
-5.63
-5.652
-5.691
-5.779
-5.872
-5.931
-6.002
-6.111
-6.188
-6.165
-6.065
-5.974
-5.963
-6.015
-6.065
-6.145
-6.226
-6.297
-6.367
-6.414
-6.473
-6.603
-6.746
-6.827
-6.886
-6.945
-6.993
-6.989
-6.945
-6.898
-6.88
-6.802
-6.657
-6.573
-6.623
-6.646
-6.542
-6.356
-6.226
-6.172
-6.129
-6.127
-6.158
-6.172
-6.149
-6.172
-6.245
-6.29
-6.247
-6.12
-5.934
-5.775
-5.68
-5.63
-5.591
-5.562
-5.55
-5.514
-5.439
-5.371
-5.376
-5.426
-5.412
-5.319
-5.299
-5.428
-5.555
-5.519
-5.367
-5.219
-5.156
-5.119
-5.122
-5.24
-5.414
-5.555
-5.632
-5.691
-5.73
-5.748
-5.72
-5.668
-5.616
-5.625
-5.72
-5.872
-6.027
-6.17
-6.322
-6.383
-6.317
-6.269
-6.301
-6.288
-6.194
-6.158
-6.263
-6.374
-6.376
-6.299
-6.245
-6.251
-6.251
-6.256
-6.335
-6.473
-6.523
-6.489
-6.442
-6.378
-6.263
-6.095
-5.927
-5.813
-5.768
-5.773
-5.85
-5.986
-6.097
-6.102
-5.931
-5.639
-5.337
-5.106
-4.931
-4.759
-4.636
-4.62
-4.661
-4.639
-4.555
-4.448
-4.294
-4.065
-3.804
-3.602
-3.436
-3.221
-2.962
-2.799
-2.776
-2.81
-2.745
-2.59
-2.529
-2.611
-2.724
-2.778
-2.756
-2.738
-2.808
-2.892
-2.869
-2.788
-2.747
-2.749
-2.774
-2.822
-2.962
-3.196
-3.4
-3.477
-3.468
-3.498
-3.591
-3.67
-3.718
-3.754
-3.833
-4.024
-4.289
-4.511
-4.629
-4.7
-4.79
-4.861
-4.847
-4.795
-4.811
-4.922
-5.02
-5.051
-5.065
-5.09
-5.117
-5.162
-5.131
-4.947
-4.766
-4.777
-4.931
-4.979
-4.84
-4.729
-4.779
-4.838
-4.747
-4.543
-4.412
-4.416
-4.428
-4.328
-4.201
-4.165
-4.21
-4.203
-4.067
-3.899
-3.795
-3.74
-3.647
-3.534
-3.445
-3.38
-3.341
-3.302
-3.194
-3.001
-2.844
-2.853
-2.965
-3.024
-2.971
-2.847
-2.681
-2.468
-2.241
-2.055
-2.007
-2.091
-2.211
-2.264
-2.282
-2.368
-2.52
-2.631
-2.601
-2.531
-2.522
-2.549
-2.468
-2.293
-2.15
-2.168
-2.316
-2.509
-2.688
-2.824
-2.885
-2.863
-2.79
-2.724
-2.722
-2.756
-2.735
-2.615
-2.504
-2.484
-2.531
-2.59
-2.649
-2.717
-2.781
-2.817
-2.826
-2.815
-2.804
-2.767
-2.681
-2.633
-2.667
-2.724
-2.719
-2.688
-2.647
-2.579
-2.495
-2.427
-2.352
-2.211
-1.98
-1.765
-1.644
-1.633
-1.744
-1.905
-2.021
-2.073
-2.098
-2.089
-2.055
-1.982
-1.883
-1.767
-1.66
-1.595
-1.631
-1.703
-1.719
-1.66
-1.654
-1.746
-1.874
-1.917
-1.871
-1.762
-1.597
-1.406
-1.272
-1.209
-1.17
-1.127
-1.084
-1.062
-1.066
-1.093
-1.202
-1.34
-1.345
-1.207
-1.055
-0.964
-0.885
-0.746
-0.567
-0.424
-0.379
-0.406
-0.419
-0.406
-0.388
-0.326
-0.224
-0.12
-0.041
0.061
0.202
0.36
0.519
0.649
0.773
0.95
1.193
1.406
1.554
1.665
1.71
1.674
1.574
1.515
1.531
1.595
1.671
1.803
1.937
1.919
1.794
1.69
1.583
1.422
1.277
1.225
1.209
1.15
1.055
0.973
0.964
0.998
0.996
0.934
0.88
0.828
0.81
0.88
1.007
1.125
1.238
1.336
1.37
1.279
1.168
1.148
1.202
1.202
1.132
1.068
1.046
1.064
1.018
0.885
0.753
0.739
0.819
0.907
1.018
1.179
1.325
1.399
1.399
1.388
1.372
1.338
1.268
1.211
1.252
1.386
1.567
1.767
1.95
2.089
2.143
2.141
2.173
2.257
2.298
2.277
2.248
2.232
2.146
2.039
1.989
1.98
1.957
1.912
1.885
1.928
2.071
2.187
2.207
2.18
2.18
2.175
2.098
2.003
1.923
1.851
1.819
1.867
1.95
1.976
2
2.066
2.125
2.109
2.046
2.016
2.059
2.146
2.209
2.216
2.171
2.128
2.094
2.048
2.003
1.991
2.01
2.048
2.109
2.153
2.184
2.241
2.334
2.409
2.468
2.536
2.617
2.713
2.808
2.892
2.983
3.035
3.032
2.989
2.958
3.01
3.171
3.346
3.5
3.684
3.908
4.115
4.239
4.294
4.257
4.135
4.017
3.999
4.04
4.11
4.178
4.214
4.246
4.339
4.446
4.509
4.53
4.548
4.573
4.568
4.541
4.502
4.473
4.468
4.455
4.409
4.385
4.43
4.473
4.439
4.382
4.346
4.291
4.228
4.208
4.185
4.151
4.121
4.101
4.128
4.214
4.289
4.348
4.441
4.496
4.448
4.321
4.224
4.205
4.23
4.298
4.428
4.582
4.718
4.757
4.693
4.598
4.566
4.58
4.564
4.491
4.405
4.357
4.355
4.38
4.434
4.507
4.532
4.511
4.521
4.559
4.584
4.611
4.693
4.813
4.904
4.936
4.956
4.988
4.99
5.001
5.065
5.162
5.269
5.371
5.435
5.408
5.317
5.269
5.319
5.41
5.484
5.523
5.523
5.484
5.398
5.251
5.092
4.934
4.752
4.557
4.396
4.337
4.416
4.593
4.77
4.875
4.902
4.879
4.847
4.795
4.741
4.731
4.77
4.811
4.861
4.922
4.942
4.875
4.766
4.716
4.698
4.679
4.736
4.831
4.886
4.899
4.929
5.013
5.135
5.185
5.144
5.09
5.065
5.042
5.04
5.065
5.081
5.076
5.092
5.151
5.228
5.301
5.401
5.562
5.739
5.861
5.929
5.956
5.888
5.704
5.473
5.346
5.353
5.417
5.469
5.53
5.593
5.664
5.741
5.807
5.822
5.755
5.593
5.423
5.305
5.258
5.244
5.217
5.201
5.21
5.158
5.015
4.861
4.727
4.632
4.561
4.573
4.648
4.709
4.702
4.636
4.584
4.573
4.561
4.548
4.586
4.672
4.734
4.745
4.729
4.725
4.734
4.729
4.718
4.731
4.763
4.813
4.883
5.013
5.178
5.323
5.382
5.371
5.303
5.203
5.14
5.167
5.224
5.258
5.267
5.274
5.283
5.249
5.115
4.895
4.711
4.666
4.729
4.763
4.768
4.786
4.779
4.761
4.766
4.822
4.913
4.979
4.983
4.961
4.945
4.947
4.94
4.902
4.84
4.781
4.761
4.836
4.977
5.142
5.285
5.455
5.668
5.795
5.732
5.55
5.349
5.149
4.949
4.786
4.775
4.911
5.045
5.045
4.922
4.781
4.707
4.643
4.523
4.369
4.239
4.139
4.056
4.001
3.96
3.874
3.736
3.613
3.525
3.416
3.284
3.187
3.171
3.176
3.137
3.062
3.051
3.051
2.989
2.876
2.86
3.012
3.182
3.232
3.198
3.189
3.237
3.291
3.337
3.38
3.414
3.418
3.42
3.45
3.472
3.509
3.577
3.652
3.693
3.715
3.724
3.754
3.831
3.917
3.967
4.006
4.056
4.076
4.049
3.969
3.924
3.99
4.085
4.153
4.219
4.289
4.296
4.224
4.178
4.226
4.291
4.289
4.224
4.123
3.981
3.82
3.695
3.636
3.525
3.302
3.087
3.003
3.001
2.949
2.828
2.74
2.729
2.713
2.631
2.525
2.45
2.427
2.411
2.413
2.488
2.636
2.772
2.794
2.751
2.724
2.738
2.774
2.822
2.876
2.894
2.874
2.86
2.926
2.999
3.039
3.083
3.128
3.126
3.062
2.949
2.881
2.876
2.853
2.806
2.837
2.971
3.074
3.046
2.949
2.91
2.908
2.837
2.717
2.615
2.511
2.393
2.302
2.284
2.289
2.307
2.314
2.329
2.295
2.155
1.982
1.864
1.821
1.812
1.758
1.631
1.492
1.429
1.408
1.359
1.284
1.238
1.227
1.168
1.052
0.993
1.075
1.191
1.275
1.322
1.336
1.279
1.182
1.154
1.216
1.318
1.397
1.497
1.642
1.753
1.751
1.706
1.692
1.71
1.683
1.601
1.522
1.445
1.374
1.349
1.42
1.495
1.502
1.42
1.25
1.046
0.85
0.651
0.433
0.24
0.045
-0.122
-0.213
-0.238
-0.252
-0.267
-0.304
-0.326
-0.281
-0.236
-0.272
-0.333
-0.352
-0.352
-0.388
-0.424
-0.326
-0.079
0.147
0.293
0.456
0.662
0.907
1.157
1.374
1.504
1.515
1.497
1.581
1.74
1.803
1.785
1.848
2.014
2.107
2.059
1.971
1.98
1.998
1.869
1.567
1.225
0.946
0.735
0.549
0.315
0.086
-0.038
-0.014
0.116
0.208
0.195
0.188
0.249
0.302
0.211
0.038
-0.066
-0.077
-0.093
-0.208
-0.404
-0.583
-0.728
-0.928
-1.184
-1.422
-1.633
-1.837
-2.046
-2.214
-2.234
-2.164
-2.139
-2.236
-2.423
-2.577
-2.556
-2.345
-2.084
-1.946
-1.939
-1.923
-1.774
-1.558
-1.413
-1.338
-1.243
-1.068
-0.887
-0.726
-0.558
-0.367
-0.234
-0.277
-0.481
-0.692
-0.753
-0.678
-0.56
-0.46
-0.376
-0.258
-0.168
-0.22
-0.472
-0.803
-1.027
-1.068
-1.039
-1.007
-0.928
-0.751
-0.612
-0.646
-0.832
-1.032
-1.148
-1.145
-1.077
-1.016
-0.987
-0.948
-0.898
-0.921
-1.095
-1.393
-1.663
-1.862
-2.039
-2.225
-2.302
-2.277
-2.264
-2.402
-2.674
-3.005
-3.327
-3.595
-3.792
-3.942
-4.069
-4.139
-4.106
-4.08
-4.171
-4.337
-4.525
-4.714
-4.886
-4.979
-4.997
-4.958
-4.931
-4.899
-4.82
-4.741
-4.734
-4.761
-4.804
-4.84
-4.759
-4.555
-4.307
-4.123
-3.972
-3.792
-3.634
-3.629
-3.699
-3.69
-3.591
-3.459
-3.321
-3.157
-3.048
-3.091
-3.209
-3.339
-3.464
-3.557
-3.529
-3.305
-2.958
-2.679
-2.538
-2.502
-2.545
-2.656
-2.804
-2.967
-3.133
-3.266
-3.273
-3.144
-2.935
-2.747
-2.647
-2.692
-2.878
-3.119
-3.287
-3.414
-3.597
-3.824
-3.988
-4.119
-4.337
-4.655
-4.988
-5.285
-5.609
-5.936
-6.131
-6.201
-6.222
-6.22
-6.194
-6.177
-6.242
-6.362
-6.392
-6.338
-6.31
-6.338
-6.328
-6.251
-6.136
-6.036
-5.97
-5.974
-6.033
-6.095
-6.063
-5.945
-5.748
-5.489
-5.246
-5.128
-5.135
-5.183
-5.251
-5.349
-5.464
-5.512
-5.494
-5.457
-5.401
-5.292
-5.187
-5.144
-5.131
-5.074
-4.986
-4.897
-4.768
-4.566
-4.335
-4.108
-3.899
-3.763
-3.745
-3.777
-3.761
-3.661
-3.529
-3.429
-3.343
-3.214
-3.076
-3.003
-2.969
-2.928
-2.858
-2.717
-2.579
-2.495
-2.423
-2.375
-2.357
-2.407
-2.565
-2.81
-3.024
-3.171
-3.298
-3.432
-3.516
-3.538
-3.509
-3.47
-3.475
-3.525
-3.597
-3.724
-3.942
-4.187
-4.414
-4.548
-4.605
-4.711
-4.922
-5.119
-5.197
-5.256
-5.387
-5.537
-5.661
-5.736
-5.786
-5.841
-5.893
-5.966
-6.043
-6.095
-6.097
-6.074
-5.981
-5.791
-5.559
-5.38
-5.339
-5.394
-5.439
-5.46
-5.46
-5.476
-5.491
-5.446
-5.287
-5.056
-4.831
-4.641
-4.441
-4.226
-4.056
-3.965
-3.935
-3.942
-3.99
-4.076
-4.178
-4.282
-4.355
-4.344
-4.255
-4.123
-3.972
-3.824
-3.693
-3.654
-3.706
-3.795
-3.867
-3.917
-3.99
-4.117
-4.262
-4.373
-4.437
-4.462
-4.475
-4.539
-4.648
-4.754
-4.849
-4.965
-5.119
-5.285
-5.435
-5.559
-5.68
-5.791
-5.857
-5.87
-5.895
-5.988
-6.106
-6.208
-6.317
-6.462
-6.673
-6.898
-7.088
-7.166
-7.07
-6.852
-6.635
-6.505
-6.458
-6.406
-6.344
-6.312
-6.333
-6.392
-6.496
-6.641
-6.793
-6.873
-6.823
-6.669
-6.483
-6.308
-6.174
-6.031
-5.838
-5.607
-5.419
-5.321
-5.242
-5.153
-5.101
-5.06
-4.961
-4.795
-4.645
-4.546
-4.418
-4.198
-3.917
-3.715
-3.638
-3.616
-3.616
-3.595
-3.547
-3.452
-3.33
-3.198
-3.06
-2.924
-2.819
-2.788
-2.79
-2.806
-2.842
-2.917
-3.03
-3.178
-3.311
-3.396
-3.459
-3.532
-3.557
-3.486
-3.38
-3.294
-3.257
-3.264
-3.325
-3.432
-3.6
-3.845
-4.135
-4.403
-4.577
-4.684
-4.786
-4.868
-4.908
-4.892
-4.827
-4.763
-4.784
-4.892
-5.015
-5.103
-5.183
-5.265
-5.323
-5.385
-5.489
-5.557
-5.5
-5.342
-5.192
-5.131
-5.149
-5.178
-5.165
-5.079
-4.918
-4.707
-4.475
-4.244
-4.053
-3.903
-3.756
-3.588
-3.448
-3.443
-3.554
-3.672
-3.742
-3.772
-3.763
-3.727
-3.684
-3.643
-3.579
-3.486
-3.368
-3.228
-3.058
-2.899
-2.84
-2.908
-3.019
-3.098
-3.194
-3.305
-3.348
-3.348
