Unnamed: 3
Value
-2.622
-2.686
-2.695
-2.708
-2.677
-2.595
-2.493
-2.42
-2.411
-2.445
-2.465
-2.472
-2.495
-2.486
-2.407
-2.277
-2.141
-1.957
-1.694
-1.42
-1.245
-1.125
-0.937
-0.724
-0.615
-0.639
-0.676
-0.651
-0.61
-0.597
-0.544
-0.401
-0.197
0.022
0.292
0.599
0.794
0.88
0.966
1.057
1.07
1.014
0.968
1.014
1.091
1.118
1.129
1.168
1.211
1.186
1.077
0.939
0.853
0.803
0.705
0.569
0.492
0.435
0.331
0.234
0.2
0.179
0.125
0.025
-0.091
-0.184
-0.304
-0.449
-0.576
-0.671
-0.773
-0.86
-0.878
-0.853
-0.83
-0.801
-0.764
-0.762
-0.805
-0.839
-0.882
-0.978
-1.095
-1.179
-1.227
-1.275
-1.345
-1.365
-1.306
-1.211
-1.129
-1.098
-1.093
-1.082
-1.084
-1.098
-1.093
-1.077
-1.077
-1.098
-1.064
-0.975
-0.894
-0.875
-0.871
-0.78
-0.639
-0.583
-0.592
-0.535
-0.397
-0.254
-0.161
-0.095
-0.016
0.048
0.043
0.034
0.057
0.068
0.041
0.016
0.014
0.043
0.109
0.179
0.238
0.306
0.388
0.456
0.524
0.592
0.621
0.631
0.676
0.762
0.853
0.907
0.878
0.853
0.905
0.957
0.939
0.857
0.785
0.764
0.748
0.683
0.572
0.467
0.401
0.349
0.279
0.222
0.2
0.168
0.079
-0.004
0
0.018
-0.066
-0.211
-0.324
-0.361
-0.376
-0.379
-0.342
-0.29
-0.234
-0.188
-0.116
0.002
0.057
0.036
0.068
0.156
0.195
0.159
0.127
0.179
0.286
0.358
0.37
0.385
0.451
0.54
0.553
0.515
0.526
0.54
0.476
0.338
0.288
0.302
0.252
0.127
0.038
0.009
-0.079
-0.256
-0.449
-0.574
-0.649
-0.746
-0.885
-1.018
-1.077
-1.111
-1.179
-1.229
-1.241
-1.282
-1.316
-1.306
-1.277
-1.284
-1.352
-1.463
-1.558
-1.631
-1.656
-1.635
-1.606
-1.583
-1.522
-1.404
-1.268
-1.15
-1.077
-1.046
-1.03
-1.05
-1.102
-1.089
-0.993
-0.88
-0.721
-0.451
-0.136
0.111
0.308
0.512
0.742
0.937
1.073
1.184
1.3
1.44
1.633
1.84
2.032
2.2
2.341
2.436
2.529
2.638
2.738
2.797
2.831
2.856
2.862
2.847
2.783
2.706
2.636
2.584
2.538
2.531
2.565
2.599
2.59
2.552
2.525
2.463
2.379
2.375
2.436
2.504
2.55
2.552
2.556
2.588
2.613
2.599
2.558
2.513
2.441
2.375
2.341
2.302
2.252
2.173
2.109
2.082
2.103
2.118
2.084
2.01
1.978
1.973
1.917
1.851
1.83
1.844
1.837
1.801
1.733
1.678
1.683
1.721
1.79
1.885
1.941
1.912
1.846
1.835
1.833
1.783
1.719
1.644
1.59
1.558
1.488
1.377
1.286
1.227
1.163
1.064
0.946
0.88
0.855
0.814
0.744
0.692
0.66
0.612
0.565
0.562
0.606
0.621
0.538
0.419
0.376
0.406
0.467
0.538
0.592
0.631
0.646
0.665
0.662
0.61
0.538
0.478
0.413
0.37
0.365
0.356
0.308
0.258
0.234
0.231
0.215
0.202
0.193
0.224
0.29
0.297
0.227
0.147
0.091
0.073
0.122
0.188
0.224
0.243
0.288
0.372
0.46
0.54
0.572
0.522
0.408
0.32
0.306
0.336
0.365
0.422
0.531
0.649
0.742
0.803
0.873
0.923
0.921
0.898
0.896
0.878
0.875
0.919
0.987
1.055
1.055
1.016
1.025
1.082
1.152
1.168
1.059
0.864
0.673
0.515
0.395
0.292
0.159
0
-0.141
-0.197
-0.195
-0.193
-0.236
-0.338
-0.501
-0.721
-0.971
-1.184
-1.306
-1.347
-1.345
-1.32
-1.304
-1.32
-1.354
-1.365
-1.334
-1.318
-1.352
-1.399
-1.404
-1.375
-1.347
-1.37
-1.461
-1.56
-1.608
-1.549
-1.42
-1.268
-1.145
-1.068
-1.03
-1.034
-1.041
-0.996
-0.946
-0.909
-0.866
-0.821
-0.744
-0.592
-0.358
-0.104
0.059
0.1
0.066
0.011
-0.036
-0.032
0.007
0.036
0.025
-0.002
-0.025
-0.022
0.002
0.038
0.057
0.011
-0.109
-0.218
-0.24
-0.202
-0.236
-0.349
-0.49
-0.617
-0.662
-0.608
-0.488
-0.351
-0.252
-0.213
-0.177
-0.061
0.066
0.138
0.15
0.116
0.073
0.097
0.181
0.265
0.315
0.322
0.29
0.231
0.156
0.113
0.111
0.129
0.102
-0.034
-0.236
-0.381
-0.41
-0.361
-0.306
-0.315
-0.372
-0.41
-0.397
-0.367
-0.349
-0.372
-0.417
-0.46
-0.46
-0.444
-0.419
-0.356
-0.265
-0.168
-0.12
-0.131
-0.131
-0.068
0.025
0.07
0.048
-0.032
-0.125
-0.154
-0.1
-0.016
0.025
0.002
-0.025
-0.002
0.036
0.068
0.097
0.152
0.197
0.22
0.265
0.361
0.501
0.653
0.769
0.848
0.896
0.957
1.048
1.184
1.286
1.293
1.2
1.107
1.1
1.163
1.227
1.257
1.263
1.252
1.216
1.182
1.195
1.25
1.248
1.179
1.168
1.197
1.173
1.109
1.082
1.089
1.055
0.943
0.855
0.846
0.878
0.903
0.905
0.873
0.812
0.773
0.776
0.814
0.835
0.819
0.76
0.655
0.558
0.526
0.546
0.54
0.51
0.474
0.426
0.379
0.34
0.338
0.413
0.515
0.574
0.597
0.68
0.828
0.955
1.005
0.984
0.919
0.882
0.919
1
1.111
1.229
1.343
1.433
1.477
1.488
1.52
1.597
1.697
1.799
1.842
1.835
1.91
2.08
2.205
2.209
2.164
2.132
2.105
2.023
1.921
1.855
1.78
1.61
1.377
1.216
1.209
1.223
1.148
1.03
0.887
0.733
0.619
0.583
0.569
0.517
0.472
0.476
0.465
0.376
0.281
0.268
0.292
0.229
0.02
-0.206
-0.347
-0.422
-0.562
-0.776
-0.984
-1.159
-1.306
-1.452
-1.585
-1.703
-1.785
-1.814
-1.84
-1.939
-2.08
-2.153
-2.091
-1.939
-1.819
-1.758
-1.665
-1.456
-1.161
-0.93
-0.796
-0.667
-0.494
-0.297
-0.048
0.249
0.519
0.726
0.894
1.05
1.197
1.338
1.531
1.792
1.994
2.01
1.933
1.93
2.032
2.132
2.189
2.209
2.173
2.053
1.93
1.91
1.96
1.975
1.955
1.969
2.055
2.15
2.189
2.105
1.971
1.844
1.699
1.531
1.352
1.161
0.955
0.78
0.581
0.277
-0.097
-0.417
-0.612
-0.769
-0.959
-1.155
-1.3
-1.413
-1.551
-1.703
-1.885
-2.118
-2.388
-2.661
-2.919
-3.169
-3.377
-3.516
-3.575
-3.593
-3.579
-3.52
-3.373
-3.155
-2.926
-2.781
-2.745
-2.745
-2.726
-2.688
-2.656
-2.638
-2.64
-2.631
-2.556
-2.423
-2.266
-2.084
-1.837
-1.585
-1.386
-1.257
-1.121
-0.937
-0.782
-0.733
-0.712
-0.617
-0.497
-0.397
-0.288
-0.138
0.036
0.147
0.175
0.202
0.299
0.488
0.751
1.055
1.327
1.529
1.708
1.896
2.035
2.053
2.014
1.987
1.964
1.899
1.794
1.762
1.837
1.933
2.021
2.134
2.282
2.457
2.72
3.01
3.187
3.175
3.098
3.085
3.078
2.976
2.84
2.772
2.79
2.824
2.819
2.788
2.738
2.654
2.536
2.397
2.227
1.996
1.746
1.549
1.386
1.213
1.048
0.907
0.787
0.66
0.492
0.304
0.141
-0.061
-0.349
-0.558
-0.608
-0.587
-0.587
-0.583
-0.533
-0.456
-0.408
-0.367
-0.292
-0.218
-0.222
-0.308
-0.415
-0.542
-0.701
-0.869
-1.009
-1.123
-1.268
-1.386
-1.363
-1.218
-1.07
-1.009
-0.987
-0.93
-0.855
-0.803
-0.805
-0.839
-0.839
-0.832
-0.803
-0.771
-0.803
-0.903
-0.955
-0.923
-0.919
-0.946
-0.873
-0.685
-0.508
-0.433
-0.438
-0.401
-0.268
-0.154
-0.134
-0.134
-0.091
-0.061
-0.102
-0.193
-0.283
-0.37
-0.408
-0.361
-0.252
-0.095
0.129
0.429
0.778
1.082
1.25
1.356
1.467
1.506
1.438
1.377
1.406
1.44
1.399
1.359
1.397
1.517
1.697
1.899
2.03
2.039
2.001
1.98
1.941
1.84
1.692
1.531
1.395
1.261
1.095
0.966
0.9
0.832
0.703
0.54
0.401
0.292
0.172
0.05
-0.038
-0.097
-0.17
-0.211
-0.159
-0.029
0.063
0.066
0.007
-0.079
-0.163
-0.236
-0.315
-0.401
-0.46
-0.426
-0.297
-0.181
-0.141
-0.163
-0.195
-0.211
-0.261
-0.376
-0.488
-0.544
-0.574
-0.639
-0.737
-0.821
-0.887
-0.932
-0.984
-1.041
-1.061
-1.05
-1.102
-1.2
-1.286
-1.334
-1.406
-1.492
-1.558
-1.594
-1.633
-1.669
-1.681
-1.672
-1.694
-1.753
-1.851
-1.957
-2.046
-2.062
-2.016
-1.991
-2.012
-2.016
-1.935
-1.787
-1.642
-1.515
-1.399
-1.295
-1.245
-1.211
-1.173
-1.07
-0.894
-0.71
-0.54
-0.351
-0.143
0.073
0.265
0.404
0.522
0.644
0.778
0.93
1.068
1.132
1.127
1.148
1.166
1.148
1.114
1.098
1.109
1.141
1.184
1.238
1.316
1.431
1.508
1.502
1.44
1.365
1.266
1.166
1.061
0.889
0.719
0.619
0.54
0.454
0.358
0.279
0.24
0.238
0.24
0.265
0.308
0.308
0.306
0.345
0.388
0.385
0.356
0.333
0.324
0.304
0.231
0.15
0.15
0.209
0.254
0.268
0.29
0.345
0.406
0.449
0.481
0.519
0.606
0.728
0.869
0.987
1.034
1.018
1.034
1.07
1.082
1.059
1.018
0.982
0.987
0.998
0.975
0.923
0.855
0.798
0.721
0.637
0.558
0.465
0.395
0.39
0.406
0.374
0.345
0.34
0.32
0.258
0.152
0.043
-0.029
-0.066
-0.097
-0.111
-0.145
-0.213
-0.272
-0.333
-0.392
-0.426
-0.46
-0.508
-0.497
-0.426
-0.392
-0.385
-0.327
-0.254
-0.261
-0.295
-0.342
-0.415
-0.476
-0.501
-0.51
-0.515
-0.463
-0.37
-0.261
-0.19
-0.204
-0.22
-0.179
-0.159
-0.165
-0.125
-0.02
0.102
0.175
0.17
0.116
0.07
0.034
-0.027
-0.034
0.018
0.05
0.07
0.186
0.365
0.519
0.633
0.73
0.812
0.885
0.955
1.041
1.134
1.216
1.259
1.302
1.309
1.209
1.089
1.007
0.932
0.851
0.758
0.68
0.683
0.719
0.694
0.603
0.535
0.497
0.417
0.336
0.281
0.211
0.088
-0.07
-0.206
-0.336
-0.481
-0.649
-0.814
-0.975
-1.111
-1.216
-1.302
-1.368
-1.409
-1.454
-1.531
-1.633
-1.746
-1.862
-1.969
-2.005
-1.969
-1.896
-1.808
-1.694
-1.588
-1.499
-1.356
-1.175
-1.048
-1.027
-1.009
-0.925
-0.778
-0.624
-0.481
-0.365
-0.252
-0.159
-0.068
0.048
0.134
0.175
0.258
0.404
0.538
0.633
0.683
0.714
0.737
0.724
0.642
0.515
0.401
0.313
0.229
0.152
0.097
0.018
-0.07
-0.082
-0.052
-0.066
-0.127
-0.136
-0.091
-0.059
-0.061
-0.1
-0.138
-0.181
-0.292
-0.476
-0.642
-0.751
-0.821
-0.853
-0.803
-0.719
-0.658
-0.61
-0.526
-0.417
-0.349
-0.302
-0.238
-0.184
-0.197
-0.252
-0.277
-0.263
-0.277
-0.345
-0.44
-0.522
-0.585
-0.601
-0.601
-0.626
-0.687
-0.705
-0.653
-0.594
-0.558
-0.533
-0.454
-0.372
-0.354
-0.415
-0.485
-0.522
-0.583
-0.705
-0.823
-0.891
-0.957
-1.043
-1.098
-1.068
-1.016
-1.032
-1.08
-1.121
-1.159
-1.2
-1.218
-1.2
-1.184
-1.209
-1.268
-1.266
-1.159
-1.052
-1.007
-0.95
-0.853
-0.78
-0.748
-0.701
-0.631
-0.597
-0.628
-0.658
-0.685
-0.708
-0.692
-0.639
-0.567
-0.49
-0.433
-0.376
-0.29
-0.168
-0.075
-0.022
0.02
0.048
0.02
-0.036
-0.059
-0.077
-0.122
-0.188
-0.263
-0.327
-0.41
-0.522
-0.59
-0.569
-0.492
-0.429
-0.351
-0.243
-0.136
-0.07
0.016
0.131
0.202
0.202
0.17
0.193
0.211
0.181
0.116
0.066
0.057
0.029
-0.011
-0.022
0.018
0.059
0.113
0.175
0.227
0.234
0.211
0.197
0.161
0.057
-0.068
-0.145
-0.188
-0.224
-0.261
-0.32
-0.406
-0.519
-0.615
-0.683
-0.733
-0.787
-0.844
-0.853
-0.826
-0.812
-0.823
-0.814
-0.782
-0.812
-0.921
-1.036
-1.123
-1.211
-1.286
-1.309
-1.257
-1.227
-1.268
-1.331
-1.39
-1.413
-1.413
-1.393
-1.365
-1.34
-1.329
-1.279
-1.191
-1.111
-1.073
-1.07
-1.023
-0.95
-0.882
-0.851
-0.828
-0.767
-0.708
-0.678
-0.689
-0.701
-0.699
-0.721
-0.762
-0.773
-0.735
-0.694
-0.676
-0.617
-0.51
-0.429
-0.415
-0.444
-0.458
-0.442
-0.456
-0.522
-0.601
-0.696
-0.771
-0.83
-0.869
-0.907
-0.923
-0.928
-0.948
-0.996
-1.048
-1.05
-1.014
-0.941
-0.851
-0.73
-0.601
-0.483
-0.374
-0.295
-0.249
-0.224
-0.24
-0.308
-0.406
-0.51
-0.606
-0.649
-0.676
-0.714
-0.733
-0.71
-0.676
-0.646
-0.635
-0.658
-0.71
-0.739
-0.767
-0.86
-0.998
-1.114
-1.193
-1.293
-1.379
-1.409
-1.431
-1.461
-1.472
-1.445
-1.409
-1.427
-1.477
-1.517
-1.513
-1.479
-1.431
-1.37
-1.302
-1.259
-1.213
-1.136
-1.059
-0.991
-0.975
-1.005
-1.009
-0.984
-0.955
-0.948
-0.959
-0.968
-0.971
-0.964
-0.928
-0.871
-0.812
-0.755
-0.696
-0.631
-0.587
-0.587
-0.619
-0.635
-0.646
-0.673
-0.66
-0.565
-0.426
-0.333
-0.317
-0.345
-0.383
-0.447
-0.565
-0.696
-0.787
-0.826
-0.862
-0.903
-0.937
-0.919
-0.866
-0.81
-0.733
-0.655
-0.615
-0.633
-0.696
-0.773
-0.86
-0.923
-0.962
-1.007
-1.066
-1.123
-1.095
-0.982
-0.869
-0.805
-0.758
-0.705
-0.655
-0.59
-0.51
-0.422
-0.324
-0.218
-0.141
-0.145
-0.181
-0.209
-0.236
-0.288
-0.327
-0.32
-0.306
-0.327
-0.354
-0.361
-0.342
-0.286
-0.222
-0.172
-0.145
-0.102
-0.038
0.034
0.068
0.054
0
-0.082
-0.2
-0.315
-0.361
-0.381
-0.44
-0.512
-0.544
-0.542
-0.528
-0.528
-0.531
-0.551
-0.569
-0.558
-0.522
-0.501
-0.497
-0.508
-0.524
-0.528
-0.512
-0.488
-0.49
-0.522
-0.538
-0.551
-0.54
-0.472
-0.381
-0.288
-0.247
-0.247
-0.197
-0.109
-0.066
-0.057
-0.009
0.022
-0.016
-0.052
-0.007
0.066
0.07
0.059
0.086
0.122
0.127
0.129
0.15
0.193
0.254
0.258
0.188
0.077
-0.029
-0.109
-0.127
-0.116
-0.088
-0.063
-0.066
-0.107
-0.122
-0.097
-0.063
0.002
0.082
0.082
-0.018
-0.15
-0.243
-0.283
-0.322
-0.333
-0.286
-0.211
-0.168
-0.195
-0.243
-0.256
-0.19
-0.102
-0.052
-0.043
-0.043
-0.066
-0.131
-0.215
-0.292
-0.365
-0.447
-0.576
-0.764
-0.996
-1.195
-1.354
-1.465
-1.547
-1.649
-1.76
-1.844
-1.93
-2.041
-2.123
-2.159
-2.193
-2.264
-2.348
-2.397
-2.397
-2.363
-2.304
-2.284
-2.266
-2.177
-2.053
-1.946
-1.84
-1.669
-1.44
-1.216
-1.014
-0.792
-0.578
-0.397
-0.231
-0.079
0.059
0.195
0.313
0.442
0.551
0.606
0.621
0.669
0.689
0.644
0.585
0.512
0.442
0.372
0.311
0.258
0.236
0.247
0.279
0.315
0.34
0.37
0.433
0.512
0.592
0.658
0.678
0.639
0.635
0.696
0.748
0.719
0.655
0.587
0.542
0.615
0.823
1.025
1.082
1.068
1.077
1.07
1.021
0.98
1.002
1.086
1.157
1.102
0.962
0.875
0.86
0.88
0.871
0.81
0.742
0.739
0.755
0.733
0.708
0.683
0.626
0.542
0.467
0.419
0.406
0.433
0.488
0.567
0.653
0.687
0.655
0.619
0.576
0.517
0.454
0.397
0.308
0.161
-0.016
-0.159
-0.215
-0.27
-0.376
-0.444
-0.433
-0.447
-0.581
-0.789
-0.987
-1.105
-1.132
-1.116
-1.111
-1.098
-1.129
-1.238
-1.282
-1.15
-0.968
-0.812
-0.685
-0.549
-0.44
-0.365
-0.283
-0.156
0.011
0.17
0.297
0.354
0.338
0.308
0.347
0.467
0.594
0.712
0.803
0.887
1.012
1.15
1.236
1.284
1.365
1.495
1.585
1.644
1.726
1.808
1.894
1.985
2.06
2.091
2.118
2.164
2.221
2.298
2.379
2.486
2.613
2.658
2.647
2.661
2.622
2.465
2.25
2.044
1.899
1.828
1.801
1.808
1.855
1.955
2.05
2.118
2.15
2.114
2.001
1.869
1.758
1.672
1.558
1.422
1.3
1.186
1.052
0.907
0.773
0.637
0.499
0.408
0.336
0.238
0.12
0.025
-0.018
-0.025
-0.061
-0.145
-0.222
-0.268
-0.299
-0.381
-0.485
-0.553
-0.615
-0.658
-0.619
-0.519
-0.438
-0.37
-0.277
-0.122
0.097
0.34
0.615
0.891
1.114
1.29
1.529
1.742
1.851
1.914
2.01
2.159
2.338
2.561
2.81
3.046
3.232
3.325
3.309
3.243
3.198
3.155
3.139
3.16
3.185
3.223
3.257
3.296
3.355
3.389
3.337
3.198
3.021
2.824
2.656
2.522
2.359
2.164
2.007
1.928
1.883
1.787
1.676
1.631
1.649
1.672
1.651
1.604
1.576
1.502
1.329
1.118
0.953
0.812
0.71
0.687
0.733
0.855
1.007
1.123
1.257
1.447
1.64
1.814
1.955
2.021
2.055
2.116
2.223
2.37
2.499
2.574
2.652
2.767
2.824
2.747
2.649
2.69
2.77
2.765
2.683
2.595
2.545
2.52
2.529
2.57
2.631
2.663
2.633
2.577
2.484
2.361
2.255
2.189
2.125
2.103
2.143
2.184
2.198
2.191
2.202
2.234
2.275
2.223
2.112
2.007
1.919
1.848
1.76
1.651
1.567
1.574
1.635
1.697
1.742
1.801
1.887
1.93
1.939
1.967
1.982
1.953
1.905
1.844
1.794
1.737
1.667
1.604
1.615
1.721
1.876
2.028
2.084
2.064
2.087
2.157
2.2
2.202
2.182
2.205
2.309
2.413
2.491
2.577
2.674
2.797
2.901
2.949
2.971
2.996
3.008
2.999
2.999
3.033
3.067
3.048
3.012
3.021
3.069
3.112
3.114
3.087
3.078
3.119
3.146
3.119
3.03
2.89
2.781
2.692
2.592
2.515
2.506
2.543
2.574
2.54
2.47
2.413
2.368
2.295
2.168
2.012
1.846
1.699
1.554
1.422
1.343
1.327
1.322
1.286
1.245
1.254
1.277
1.252
1.177
1.08
1.005
1.021
1.1
1.166
1.218
1.297
1.404
1.515
1.629
1.785
2.001
2.189
2.232
2.15
2.057
1.978
1.93
1.964
2.035
2.116
2.218
2.304
2.395
2.55
2.756
2.969
3.087
3.103
3.055
2.987
2.931
2.906
2.856
2.783
2.74
2.742
2.738
2.713
2.701
2.697
2.672
2.588
2.481
2.368
2.259
2.125
1.96
1.806
1.669
1.565
1.522
1.522
1.508
1.477
1.472
1.488
1.499
1.472
1.418
1.35
1.263
1.175
1.141
1.195
1.293
1.397
1.526
1.69
1.864
1.98
2.026
2.032
2.016
1.939
1.821
1.731
1.717
1.819
1.957
2.06
2.134
2.214
2.227
2.109
1.894
1.685
1.574
1.531
1.463
1.37
1.286
1.268
1.324
1.386
1.375
1.35
1.39
1.502
1.601
1.656
1.667
1.66
1.604
1.454
1.245
1.002
0.837
0.812
0.889
1
1.102
1.15
1.152
1.043
0.798
0.49
0.206
-0.009
-0.122
-0.161
-0.143
-0.102
-0.054
-0.022
0.05
0.17
0.256
0.315
0.376
0.438
0.478
0.49
0.47
0.438
0.392
0.295
0.175
0.086
0.032
-0.014
0.009
0.109
0.245
0.336
0.327
0.211
0.018
-0.206
-0.413
-0.59
-0.71
-0.735
-0.637
-0.435
-0.236
-0.091
0.086
0.329
0.56
0.689
0.712
0.689
0.687
0.726
0.758
0.787
0.905
1.059
1.179
1.261
1.309
1.354
1.422
1.463
1.372
1.166
0.939
0.801
0.76
0.755
0.787
0.9
1.08
1.284
1.436
1.449
1.313
1.1
0.894
0.71
0.553
0.433
0.458
0.685
0.971
1.204
1.418
1.574
1.613
1.511
1.29
0.993
0.721
0.535
0.415
0.333
0.308
0.374
0.478
0.544
0.542
0.447
0.245
0.007
-0.209
-0.41
-0.642
-0.835
-0.864
-0.776
-0.699
-0.705
-0.733
-0.735
-0.767
-0.88
-1.046
-1.186
-1.27
-1.322
-1.361
-1.359
-1.322
-1.236
-1.098
-1.005
-1.041
-1.159
-1.284
-1.397
-1.538
-1.706
-1.855
-1.98
-2.026
-1.953
-1.844
-1.76
-1.676
-1.547
-1.411
-1.359
-1.422
-1.56
-1.692
-1.746
-1.712
-1.629
-1.502
-1.338
-1.132
-0.928
-0.819
-0.771
-0.728
-0.737
-0.837
-0.93
-0.962
-0.934
-0.832
-0.649
-0.449
-0.281
-0.165
-0.036
0.109
0.163
0.054
-0.113
-0.231
-0.295
-0.361
-0.417
-0.438
-0.361
-0.197
-0.011
0.113
0.188
0.243
0.283
0.229
0.057
-0.147
-0.322
-0.451
-0.549
-0.662
-0.776
-0.846
-0.848
-0.848
-0.878
-0.955
-1.082
-1.259
-1.465
-1.669
-1.878
-2.091
-2.252
-2.325
-2.348
-2.361
-2.382
-2.382
-2.366
-2.402
-2.488
-2.588
-2.722
-2.89
-3.03
-3.08
-3.085
-3.096
-3.069
-3.003
-2.919
-2.842
-2.797
-2.824
-2.885
-2.926
-2.971
-3.037
-3.114
-3.144
-3.112
-3.096
-3.098
-3.028
-2.901
-2.842
-2.853
-2.822
-2.763
-2.779
-2.844
-2.847
-2.813
-2.779
-2.745
-2.731
-2.745
-2.806
-2.872
-2.881
-2.822
-2.686
-2.513
-2.391
-2.318
-2.232
-2.123
-2.028
-2.005
-2.014
-2.06
-2.132
-2.175
-2.071
-1.84
-1.631
-1.49
-1.345
-1.202
-1.121
-1.139
-1.241
-1.386
-1.551
-1.699
-1.772
-1.803
-1.846
-1.858
-1.806
-1.733
-1.653
-1.56
-1.549
-1.703
-1.946
-2.175
-2.37
-2.556
-2.679
-2.749
-2.819
-2.919
-2.987
-2.989
-2.944
-2.915
-2.883
-2.838
-2.876
-3.024
-3.205
-3.348
-3.482
-3.593
-3.652
-3.668
-3.645
-3.586
-3.538
-3.593
-3.699
-3.743
-3.743
-3.831
-4.022
-4.223
-4.342
-4.319
-4.171
-3.974
-3.811
-3.699
-3.611
-3.532
-3.554
-3.684
-3.752
-3.722
-3.665
-3.643
-3.634
-3.611
-3.541
-3.396
-3.194
-3.026
-2.944
-2.917
-2.897
-2.842
-2.781
-2.788
-2.853
-2.921
-2.987
-3.108
-3.269
-3.384
-3.391
-3.318
-3.23
-3.16
-3.092
-3.064
-3.087
-3.126
-3.18
-3.289
-3.411
-3.457
-3.418
-3.377
-3.364
-3.3
-3.201
-3.11
-3.103
-3.196
-3.339
-3.455
-3.509
-3.491
-3.357
-3.112
-2.858
-2.74
-2.779
-2.851
-2.817
-2.749
-2.797
-2.903
-2.967
-3.014
-3.078
-3.103
-3.082
-3.051
-3.04
-3.003
-2.944
-2.933
-2.996
-3.089
-3.142
-3.137
-3.146
-3.198
-3.209
-3.148
-3.044
-2.96
-2.926
-2.876
-2.794
-2.76
-2.822
-2.985
-3.167
-3.284
-3.337
-3.287
-3.112
-2.94
-2.851
-2.797
-2.738
-2.756
-2.881
-3.053
-3.151
-3.169
-3.196
-3.266
-3.284
-3.194
-3.048
-2.96
-2.951
-3.005
-3.114
-3.246
-3.389
-3.532
-3.656
-3.761
-3.824
-3.822
-3.772
-3.756
-3.79
-3.774
-3.699
-3.64
-3.688
-3.795
-3.87
-3.886
-3.926
-3.997
-4.042
-4.047
-4.013
-3.938
-3.804
-3.65
-3.538
-3.5
-3.484
-3.477
-3.507
-3.602
-3.743
-3.822
-3.77
-3.631
-3.507
-3.432
-3.339
-3.198
-3.058
-2.967
-2.933
-2.917
-2.887
-2.849
-2.806
-2.77
-2.733
-2.658
-2.568
-2.443
-2.341
-2.316
-2.28
-2.177
-2.071
-2.044
-2.08
-2.114
-2.114
-2.137
-2.193
-2.177
-2.075
-1.982
-1.953
-1.933
-1.905
-1.903
-1.975
-2.089
-2.211
-2.359
-2.488
-2.59
-2.649
-2.618
-2.522
-2.404
-2.35
-2.361
-2.402
-2.454
-2.538
-2.615
-2.658
-2.692
-2.697
-2.658
-2.604
-2.572
-2.568
-2.57
-2.57
-2.611
-2.663
-2.706
-2.738
-2.801
-2.885
-2.912
-2.89
-2.872
-2.91
-2.992
-3.048
-3.082
-3.153
-3.284
-3.389
-3.421
-3.414
-3.427
-3.459
-3.464
-3.421
-3.323
-3.207
-3.11
-3.071
-3.062
-3.012
-2.967
-3.021
-3.123
-3.167
-3.123
-3.033
-2.919
-2.81
-2.704
-2.595
-2.493
-2.427
-2.411
-2.45
-2.534
-2.599
-2.586
-2.538
-2.452
-2.329
-2.241
-2.227
-2.239
-2.252
-2.275
-2.316
-2.318
-2.255
-2.175
-2.105
-2.023
-1.919
-1.824
-1.79
-1.817
-1.855
-1.889
-1.919
-1.923
-1.928
-1.937
-1.892
-1.792
-1.721
-1.765
-1.903
-2.019
-2.087
-2.118
-2.098
-2.062
-2.019
-1.973
-1.969
-1.998
-2.003
-1.957
-1.919
-1.944
-2.037
-2.118
-2.096
-2.01
-1.975
-2.019
-2.028
-1.991
-1.985
-1.996
-2.03
-2.075
-2.112
-2.116
-2.096
-2.082
-2.098
-2.121
-2.125
-2.132
-2.153
-2.141
-2.094
-2.057
-2.039
-2.06
-2.134
-2.214
-2.25
-2.284
-2.32
-2.314
-2.259
-2.207
-2.159
-2.062
-1.946
-1.842
-1.783
-1.792
-1.828
-1.88
-1.978
-2.075
-2.087
-2.021
-1.967
-1.939
-1.905
-1.846
-1.799
-1.778
-1.74
-1.721
-1.74
-1.756
-1.751
-1.731
-1.715
-1.74
-1.783
-1.817
-1.83
-1.828
-1.826
-1.787
-1.708
-1.619
-1.581
-1.588
-1.622
-1.656
-1.669
-1.669
-1.663
-1.624
-1.558
-1.486
-1.456
-1.44
-1.431
-1.429
-1.424
-1.409
-1.431
-1.492
-1.529
-1.52
-1.492
-1.463
-1.397
-1.282
-1.184
-1.123
-1.061
-0.998
-0.943
-0.934
-0.946
-0.914
-0.864
-0.803
-0.739
-0.651
-0.556
-0.451
-0.354
-0.249
-0.125
-0.022
0.011
-0.007
-0.034
-0.045
-0.061
-0.075
-0.113
-0.218
-0.331
-0.426
-0.517
-0.628
-0.748
-0.828
-0.823
-0.776
-0.78
-0.805
-0.769
-0.735
-0.776
-0.853
-0.889
-0.909
-0.953
-1.005
-1.05
-1.111
-1.163
-1.193
-1.234
-1.297
-1.359
-1.418
-1.445
-1.431
-1.402
-1.379
-1.345
-1.261
-1.127
-0.987
-0.873
-0.776
-0.712
-0.724
-0.782
-0.83
-0.832
-0.807
-0.798
-0.812
-0.794
-0.703
-0.592
-0.49
-0.417
-0.356
-0.272
-0.179
-0.07
0.029
0.113
0.168
0.177
0.154
0.12
0.113
0.122
0.111
0.086
0.054
0.038
0.05
0.052
0.045
0.052
0.079
0.059
0.038
0.097
0.268
0.467
0.628
0.744
0.821
0.871
0.905
0.919
0.887
0.851
0.821
0.821
0.835
0.83
0.803
0.814
0.887
0.973
1.009
1.025
1.095
1.22
1.334
1.406
1.458
1.529
1.585
1.613
1.601
1.533
1.418
1.338
1.32
1.35
1.393
1.429
1.47
1.497
1.506
1.49
1.449
1.427
1.49
1.644
1.792
1.892
1.951
1.985
2.012
2.014
1.975
1.903
1.774
1.599
1.431
1.313
1.238
1.204
1.209
1.252
1.32
1.404
1.513
1.651
1.78
1.887
1.957
1.987
2.014
2.084
2.175
2.248
2.282
2.284
2.268
2.234
2.182
2.159
2.162
2.105
2.023
1.978
1.962
1.941
1.91
1.853
1.787
1.744
1.758
1.787
1.826
1.878
1.907
1.876
1.806
1.737
1.678
1.681
1.753
1.821
1.864
1.876
1.903
1.973
2.089
2.218
2.32
2.413
2.515
2.608
2.69
2.756
2.817
2.858
2.908
3.008
3.11
3.175
3.209
3.189
3.155
3.148
3.151
3.151
3.155
3.187
3.235
3.25
3.225
3.182
3.182
3.269
3.384
3.518
3.622
3.665
3.67
3.686
3.72
3.74
3.761
3.767
3.74
3.706
3.697
3.722
3.767
3.838
3.897
3.863
3.733
3.572
3.445
3.368
3.309
3.246
3.216
3.239
3.287
3.346
3.416
3.477
3.509
3.511
3.534
3.554
3.532
3.5
3.504
3.554
3.627
3.693
3.786
3.929
4.044
4.078
4.04
4.001
4.024
4.076
4.092
4.106
4.149
4.208
4.239
4.239
4.244
4.246
4.255
4.239
4.183
4.11
4.044
4.019
4.04
4.096
4.176
4.285
4.407
4.53
4.63
4.686
4.761
4.859
4.961
5.013
5.001
4.927
4.843
4.775
4.729
4.713
4.738
4.8
4.818
4.822
4.834
4.831
4.82
4.85
4.956
5.079
5.194
5.312
5.428
5.512
5.541
5.532
5.523
5.546
5.532
5.448
5.315
5.178
5.081
5.049
5.06
5.11
5.201
5.281
5.326
5.362
5.408
5.46
5.541
5.648
5.723
5.7
5.591
5.478
5.453
5.487
5.478
5.448
5.491
5.603
5.691
5.68
5.614
5.541
5.485
5.428
5.339
5.233
5.147
5.117
5.108
5.067
5.004
4.949
4.908
4.881
4.852
4.795
4.72
4.679
4.736
4.822
4.87
4.911
4.972
5.035
5.104
5.165
5.242
5.324
5.346
5.321
5.33
5.362
5.369
5.355
5.319
5.303
5.349
5.394
5.396
5.371
5.364
5.394
5.451
5.505
5.505
5.51
5.637
5.832
6.004
6.152
6.288
6.428
6.544
6.621
6.637
6.598
6.519
6.444
6.392
6.369
6.369
6.381
6.39
6.396
6.378
6.333
6.285
6.244
6.188
6.14
6.149
6.186
6.226
6.279
6.303
6.254
6.131
5.986
5.877
5.784
5.698
5.573
5.448
5.358
5.294
5.24
5.233
5.292
5.337
5.301
5.235
5.201
5.183
5.128
5.058
5.006
4.952
4.881
4.813
4.736
4.693
4.675
4.636
4.6
4.573
4.573
4.571
4.503
4.428
4.423
4.448
4.455
4.527
4.668
4.804
4.915
5.006
5.063
5.083
5.115
5.156
5.165
5.122
5.06
5.047
5.115
5.217
5.292
5.335
5.362
5.374
5.349
5.305
5.271
5.231
5.183
5.14
5.106
5.058
5.011
5.004
5.004
4.958
4.87
4.809
4.791
4.761
4.661
4.537
4.448
4.407
4.376
4.321
4.276
4.262
4.255
4.242
4.26
4.269
4.221
4.142
4.053
3.969
3.879
3.77
3.693
3.665
3.677
3.665
3.645
3.606
3.593
3.613
3.593
3.502
3.423
3.402
3.4
3.366
3.332
3.334
3.386
3.464
3.513
3.52
3.534
3.597
3.654
3.677
3.661
3.62
3.616
3.659
3.693
3.699
3.711
3.763
3.831
3.881
3.917
3.915
3.874
3.831
3.813
3.747
3.645
3.586
3.538
3.445
3.339
3.248
3.214
3.212
3.194
3.132
3.017
2.91
2.849
2.792
2.747
2.722
2.706
2.72
2.776
2.874
2.969
3.067
3.121
3.155
3.155
3.114
3.067
3.024
2.994
2.965
2.91
2.835
2.797
2.779
2.76
2.776
2.799
2.797
2.776
2.797
2.788
2.726
2.677
2.692
2.742
2.799
2.86
2.892
2.91
2.946
2.976
2.937
2.862
2.813
2.788
2.794
2.81
2.851
2.887
2.876
2.844
2.794
2.686
2.527
2.368
2.209
2.05
1.93
1.846
1.776
1.717
1.633
1.495
1.354
1.223
1.102
1.012
0.973
0.898
0.767
0.669
0.617
0.562
0.494
0.431
0.354
0.274
0.245
0.222
0.175
0.143
0.17
0.211
0.209
0.175
0.131
0.125
0.181
0.286
0.363
0.37
0.358
0.363
0.338
0.254
0.211
0.254
0.329
0.392
0.47
0.551
0.599
0.628
0.68
0.748
0.771
0.708
0.626
0.59
0.583
0.578
0.592
0.581
0.558
0.592
0.655
0.642
0.558
0.519
0.583
0.649
0.617
0.576
0.549
0.46
0.302
0.129
0.011
-0.038
-0.05
-0.079
-0.136
-0.231
-0.324
-0.365
-0.426
-0.567
-0.737
-0.864
-0.98
-1.091
-1.141
-1.155
-1.175
-1.2
-1.197
-1.254
-1.404
-1.572
-1.647
-1.663
-1.721
-1.84
-1.985
-2.121
-2.225
-2.323
-2.395
-2.395
-2.343
-2.318
-2.338
-2.407
-2.499
-2.574
-2.595
-2.629
-2.711
-2.794
-2.835
-2.853
-2.856
-2.831
-2.781
-2.763
-2.788
-2.781
-2.799
-2.906
-3.058
-3.153
-3.155
-3.08
-2.971
-2.865
-2.76
-2.649
-2.597
-2.588
-2.565
-2.495
-2.4
-2.336
-2.334
-2.343
-2.304
-2.202
-2.041
-1.876
-1.74
-1.592
-1.483
-1.44
-1.34
-1.2
-1.179
-1.209
-1.175
-1.109
-1.109
-1.211
-1.306
-1.316
-1.241
-1.248
-1.345
-1.458
-1.549
-1.653
-1.769
-1.874
-1.937
-1.985
-2.064
-2.166
-2.323
-2.472
-2.534
-2.518
-2.556
-2.638
-2.747
-2.883
-3.04
-3.196
-3.357
-3.495
-3.557
-3.536
-3.464
-3.393
-3.389
-3.45
-3.543
-3.67
-3.797
-3.892
-3.942
-3.983
-4.042
-4.108
-4.155
-4.171
-4.192
-4.233
-4.316
-4.423
-4.453
-4.355
-4.255
-4.212
-4.171
-4.128
-4.124
-4.14
-4.142
-4.124
-4.051
-3.963
-3.872
-3.781
-3.702
-3.638
-3.563
-3.491
-3.414
-3.352
-3.3
-3.228
-3.155
-3.128
-3.144
-3.175
-3.219
-3.255
-3.309
-3.402
-3.486
-3.507
-3.45
-3.375
-3.321
-3.309
-3.3
-3.287
-3.305
-3.386
-3.486
-3.591
-3.677
-3.709
-3.688
-3.645
-3.652
-3.749
-3.933
-4.137
-4.316
-4.418
-4.505
-4.627
-4.738
-4.759
-4.732
-4.702
-4.709
-4.795
-4.977
-5.212
-5.398
-5.48
-5.494
-5.496
-5.473
-5.432
-5.428
-5.455
-5.478
-5.476
-5.446
-5.41
-5.405
-5.392
-5.367
-5.321
-5.235
-5.169
-5.174
-5.165
-5.076
-4.949
-4.825
-4.725
-4.605
-4.48
-4.398
-4.391
-4.396
-4.366
-4.303
-4.223
-4.146
-4.058
-3.956
-3.86
-3.77
-3.704
-3.672
-3.677
-3.725
-3.795
-3.826
-3.77
-3.67
-3.572
-3.525
-3.509
-3.534
-3.559
-3.597
-3.636
-3.645
-3.668
-3.745
-3.792
-3.777
-3.752
-3.763
-3.84
-3.969
-4.135
-4.307
-4.446
-4.523
-4.573
-4.636
-4.788
-5.02
-5.212
-5.31
-5.333
-5.344
-5.401
-5.476
-5.535
-5.555
-5.496
-5.392
-5.337
-5.337
-5.308
-5.249
-5.181
-5.101
-4.974
-4.806
-4.625
-4.505
-4.448
-4.41
-4.38
-4.403
-4.493
-4.639
-4.761
-4.818
-4.813
-4.815
-4.859
-4.89
-4.884
-4.888
-4.97
-5.09
-5.188
-5.285
-5.432
-5.596
-5.72
-5.773
-5.75
-5.691
-5.618
-5.559
-5.523
-5.48
-5.421
-5.374
-5.335
-5.319
-5.328
-5.369
-5.419
-5.453
-5.446
-5.394
-5.335
-5.283
-5.242
-5.253
-5.29
-5.315
-5.308
-5.276
-5.251
-5.283
-5.319
-5.337
-5.335
-5.294
-5.219
-5.169
-5.144
-5.094
-5.017
-4.94
-4.922
-5.001
-5.106
-5.176
-5.162
-5.088
-5.015
-4.933
-4.838
-4.763
-4.732
-4.725
-4.718
-4.7
-4.725
-4.834
-4.986
-5.126
-5.222
-5.249
-5.199
-5.14
-5.135
-5.16
-5.149
-5.079
-4.999
-4.99
-5.076
-5.201
-5.278
-5.26
-5.199
-5.113
-4.986
-4.811
-4.614
-4.421
-4.253
-4.133
-4.081
-4.044
-3.999
-3.945
-3.917
-3.897
-3.818
-3.65
-3.479
-3.389
-3.343
-3.289
-3.198
-3.103
-3.096
-3.18
-3.275
-3.337
-3.337
-3.303
-3.255
-3.151
-2.967
-2.792
-2.64
-2.488
-2.341
-2.23
-2.153
-2.112
-2.141
-2.245
-2.372
-2.384
-2.273
-2.175
-2.128
-2.091
-2.046
-1.994
-1.991
-2.05
-2.1
-2.153
-2.239
-2.311
-2.302
-2.227
-2.134
-2.023
-1.923
-1.858
-1.844
-1.824
-1.776
-1.744
-1.744
-1.767
-1.78
-1.78
-1.719
-1.653
-1.619
-1.617
-1.658
-1.749
-1.812
-1.842
-1.88
-1.923
-1.955
-1.975
-1.964
-1.946
-1.957
-1.964
-1.957
-1.948
-1.917
-1.926
-1.928
-1.862
-1.799
-1.783
-1.83
-1.91
-1.969
-2.021
-2.039
-2.012
-1.962
-1.907
-1.826
-1.708
-1.604
-1.547
-1.502
-1.452
-1.37
-1.263
-1.204
-1.179
-1.109
-1.025
-0.912
-0.778
-0.66
-0.562
-0.478
-0.406
-0.336
-0.306
-0.338
-0.417
-0.499
-0.553
-0.615
-0.748
-0.939
-1.059
-1.055
-1.052
-1.125
-1.245
-1.379
-1.56
-1.778
-2.016
-2.221
-2.345
-2.404
-2.393
-2.332
-2.275
-2.273
-2.266
-2.211
-2.139
-2.107
-2.132
-2.159
-2.146
-2.082
-1.978
-1.851
-1.721
-1.592
-1.495
-1.465
-1.452
-1.406
-1.347
-1.27
-1.163
-1.009
-0.839
-0.742
-0.689
-0.59
-0.451
-0.354
-0.279
-0.188
-0.129
-0.138
-0.175
-0.181
-0.131
-0.091
-0.073
-0.048
-0.02
-0.038
-0.082
-0.054
0.061
0.206
0.313
0.361
0.395
0.422
0.383
0.281
0.2
0.1
-0.097
-0.356
-0.562
-0.685
-0.787
-0.896
-1
-1.091
-1.179
-1.277
-1.397
-1.524
-1.653
-1.799
-1.937
-2.032
-2.084
-2.128
-2.189
-2.239
-2.245
-2.184
-2.075
-1.951
-1.846
-1.769
-1.735
-1.703
-1.638
-1.542
-1.454
-1.37
-1.225
-1.061
-0.975
-0.943
-0.887
-0.807
-0.769
-0.789
-0.864
-0.959
-1.025
-1.03
-1.005
-0.975
-0.905
-0.785
-0.669
-0.578
-0.508
-0.438
-0.383
-0.356
-0.329
-0.265
-0.252
-0.274
-0.258
-0.165
-0.041
0.054
0.147
0.268
0.406
0.535
0.628
0.71
0.771
0.792
0.805
0.844
0.903
0.948
0.948
0.937
0.95
0.973
0.966
0.919
0.835
0.71
0.572
0.429
0.297
0.247
0.265
0.274
0.274
0.299
0.295
0.243
0.15
0.068
-0.029
-0.163
-0.322
-0.417
-0.395
-0.283
-0.152
-0.045
0.038
0.091
0.127
0.17
0.22
0.281
0.292
0.27
0.249
0.204
0.109
0.018
-0.009
0
0.002
-0.034
-0.054
-0.018
0.014
0.004
0.002
0.05
0.129
0.222
0.356
0.531
0.696
0.835
0.964
1.066
1.114
1.091
1.023
0.916
0.821
0.764
0.733
0.735
0.801
0.889
0.903
0.828
0.717
0.624
0.553
0.49
0.401
0.268
0.102
-0.009
-0.084
-0.143
-0.231
-0.338
-0.456
-0.581
-0.687
-0.739
-0.771
-0.787
-0.767
-0.739
-0.737
-0.78
-0.785
-0.701
-0.606
-0.56
-0.515
-0.426
-0.324
-0.247
-0.197
-0.181
-0.159
-0.159
-0.17
-0.129
-0.014
0.127
0.256
0.381
0.494
0.612
0.737
0.81
0.81
0.767
0.728
0.714
0.73
0.76
0.787
0.821
0.875
0.978
1.1
1.175
1.245
1.379
1.54
1.59
1.531
1.47
1.436
1.438
1.47
1.502
1.492
1.483
1.508
1.585
1.665
1.699
1.638
1.529
1.431
1.329
1.184
1.043
0.982
1.012
1.059
1.082
1.105
1.111
1.064
0.973
0.889
0.773
0.619
0.504
0.492
0.533
0.553
0.546
0.553
0.612
0.662
0.631
0.576
0.524
0.426
0.281
0.154
0.082
0.075
0.077
0.048
0.02
0.034
0.059
0.038
0.05
0.113
0.161
0.161
0.175
0.258
0.358
0.424
0.499
0.592
0.685
0.792
0.939
1.1
1.234
1.32
1.393
1.436
1.456
1.49
1.597
1.774
1.967
2.146
2.352
2.558
2.724
2.897
3.046
3.112
3.078
3.008
2.962
2.917
2.865
2.81
2.74
2.729
2.788
2.819
2.765
2.706
2.699
2.711
2.679
2.624
2.577
2.515
2.445
2.377
2.318
2.207
2.096
2.035
2.014
1.994
1.962
1.973
2.032
2.062
2.046
2.039
2.082
2.121
2.143
2.162
2.196
2.189
2.139
2.091
2.084
2.128
2.164
2.175
2.218
2.35
2.506
2.622
2.69
2.756
2.862
3.021
3.205
3.377
3.532
3.659
3.749
3.836
3.938
4.003
4.006
3.983
3.965
3.956
3.988
4.076
4.133
4.133
4.146
4.176
4.189
4.16
4.094
4.049
4.042
4.049
4.044
3.988
3.917
3.874
3.845
3.838
3.808
3.718
3.613
3.538
3.468
3.377
3.287
3.216
3.187
3.212
3.246
3.253
3.241
3.243
3.243
3.232
3.191
3.114
3.03
2.942
2.862
2.756
2.604
2.477
2.418
2.386
2.386
2.407
2.425
2.452
2.445
2.413
2.372
2.289
2.202
2.125
2.114
2.168
2.239
2.252
2.245
2.282
2.368
2.502
2.622
2.699
2.806
2.94
3.078
3.198
3.3
3.396
3.47
3.525
3.545
3.561
3.591
3.616
3.566
3.464
3.416
3.468
3.586
3.718
3.833
3.951
4.108
4.285
4.462
4.602
4.707
4.775
4.786
4.734
4.668
4.618
4.586
4.55
4.516
4.518
4.6
4.704
4.77
4.802
4.806
4.775
4.741
4.729
4.738
4.695
4.577
4.448
4.376
4.303
4.201
4.121
4.072
4.026
3.981
3.969
4.008
4.028
4.013
3.969
3.929
3.933
3.999
4.006
3.926
3.881
3.86
3.811
3.749
3.681
3.602
3.541
3.486
3.461
3.457
3.425
3.384
3.375
3.405
3.423
3.393
3.334
3.241
3.108
2.942
2.765
2.586
2.418
2.284
2.189
2.105
2.012
1.973
1.957
1.946
1.982
2.016
1.971
1.878
1.81
1.76
1.687
1.583
1.497
1.477
1.551
1.66
1.758
1.853
1.921
1.96
2.003
2.046
2.08
2.123
2.171
2.241
2.334
2.42
2.488
2.527
2.565
2.631
2.72
2.783
2.799
2.824
2.897
3.019
3.16
3.289
3.427
3.591
3.736
3.858
3.967
4.031
3.992
3.904
3.792
3.652
3.534
3.468
3.432
3.414
3.418
3.452
3.479
3.45
3.377
3.259
3.135
3.08
3.062
3.014
2.965
2.955
2.924
2.849
2.772
2.69
2.636
2.604
2.588
2.586
2.608
2.608
2.588
2.615
2.692
2.742
2.742
2.747
2.774
2.808
2.774
2.683
2.597
2.529
2.479
2.465
2.475
2.493
2.529
2.572
2.604
2.624
2.615
2.584
2.574
2.64
2.688
2.661
2.584
2.513
2.447
2.332
2.209
2.148
2.123
2.075
2.005
1.941
1.885
1.86
1.903
1.994
2.053
2.087
2.114
2.143
2.162
2.162
2.159
2.191
2.248
2.314
2.372
2.407
2.429
2.42
2.363
2.298
2.282
2.348
2.443
2.502
2.538
2.638
2.804
2.926
2.96
2.899
2.826
2.76
2.701
2.643
2.602
2.552
2.488
2.409
2.334
2.284
2.316
2.379
2.409
2.413
2.42
2.384
2.307
2.214
2.107
2.016
1.939
1.894
1.878
1.853
1.808
1.783
1.765
1.726
1.669
1.626
1.629
1.669
1.728
1.799
1.864
1.86
1.808
1.744
1.658
1.538
1.429
1.354
1.304
1.277
1.25
1.252
1.311
1.402
1.454
1.44
1.409
1.406
1.42
1.413
1.368
1.3
1.245
1.193
1.139
1.082
0.996
0.862
0.721
0.621
0.558
0.472
0.385
0.345
0.329
0.29
0.218
0.152
0.091
0.041
-0.027
-0.084
-0.084
-0.027
0.043
0.054
0.029
0.041
0.097
0.152
0.19
0.236
0.306
0.376
0.456
0.54
0.615
0.685
0.762
0.832
0.873
0.862
0.794
0.721
0.71
0.696
0.646
0.637
0.714
0.816
0.855
0.853
0.898
1.016
1.093
1.095
1.116
1.17
1.207
1.2
1.163
1.143
1.161
1.204
1.263
1.356
1.438
1.44
1.384
1.334
1.288
1.216
1.132
1.102
1.111
1.095
1.036
0.991
1.009
1.021
0.978
0.864
0.758
0.685
0.592
0.467
0.365
0.315
0.274
0.197
0.136
0.107
0.077
-0.002
-0.097
-0.159
-0.188
-0.186
-0.179
-0.163
-0.184
-0.281
-0.424
-0.538
-0.59
-0.581
-0.54
-0.474
-0.381
-0.299
-0.29
-0.315
-0.327
-0.363
-0.444
-0.572
-0.703
-0.78
-0.837
-0.887
-0.896
-0.844
-0.769
-0.724
-0.746
-0.794
-0.785
-0.758
-0.769
-0.832
-0.887
-0.909
-0.93
-0.959
-0.939
-0.839
-0.724
-0.585
-0.438
-0.327
-0.286
-0.297
-0.297
-0.311
-0.374
-0.485
-0.56
-0.533
-0.49
-0.485
-0.47
-0.395
-0.342
-0.367
-0.442
-0.492
-0.49
-0.499
-0.549
-0.601
-0.633
-0.649
-0.662
-0.705
-0.755
-0.816
-0.93
-1.03
-1.059
-1.066
-1.089
-1.129
-1.163
-1.163
-1.166
-1.204
-1.282
-1.34
-1.386
-1.42
-1.431
-1.402
-1.331
-1.282
-1.304
-1.356
-1.388
-1.395
-1.402
-1.409
-1.399
-1.388
-1.375
-1.359
-1.327
-1.309
-1.297
-1.243
-1.15
-1.118
-1.17
-1.275
-1.334
-1.318
-1.304
-1.336
-1.35
-1.288
-1.209
-1.163
-1.125
-1.084
-1.052
-1.041
-1.064
-1.125
-1.234
-1.327
-1.347
-1.32
-1.318
-1.354
-1.431
-1.504
-1.585
-1.681
-1.776
-1.853
-1.903
-1.957
-2.06
-2.191
-2.268
-2.284
-2.316
-2.395
-2.497
-2.579
-2.631
-2.686
-2.765
-2.831
-2.844
-2.806
-2.754
-2.738
-2.722
-2.697
-2.681
-2.663
-2.64
-2.626
-2.624
-2.613
-2.579
-2.554
-2.529
-2.468
-2.359
-2.282
-2.268
-2.275
-2.243
-2.207
-2.236
-2.307
-2.386
-2.427
-2.386
-2.27
-2.166
-2.089
-1.989
-1.88
-1.812
-1.79
-1.808
-1.855
-1.91
-1.967
-2.023
-2.075
-2.071
-1.962
-1.783
-1.624
-1.54
-1.467
-1.395
-1.35
-1.354
-1.399
-1.454
-1.472
-1.474
-1.508
-1.585
-1.681
-1.783
-1.923
-2.082
-2.211
-2.289
-2.316
-2.336
-2.386
-2.486
-2.602
-2.701
-2.751
-2.77
-2.817
-2.894
-2.935
-2.935
-2.962
-3.017
-3.024
-2.96
-2.849
-2.813
-2.912
-3.053
-3.182
-3.284
-3.35
-3.386
-3.445
-3.507
-3.527
-3.545
-3.609
-3.647
-3.638
-3.643
-3.713
-3.802
-3.849
-3.888
-3.917
-3.881
-3.77
-3.638
-3.479
-3.282
-3.116
-3.012
-2.94
-2.874
-2.801
-2.722
-2.613
-2.457
-2.284
-2.116
-1.951
-1.799
-1.667
-1.554
-1.447
-1.359
-1.324
-1.295
-1.241
-1.207
-1.193
-1.173
-1.143
-1.125
-1.168
-1.27
-1.352
-1.386
-1.388
-1.379
-1.404
-1.411
-1.388
-1.411
-1.467
-1.477
-1.488
-1.588
-1.744
-1.894
-2.064
-2.232
-2.37
-2.477
-2.57
-2.654
-2.731
-2.76
-2.731
-2.726
-2.754
-2.806
-2.86
-2.897
-2.91
-2.931
-2.946
-2.903
-2.792
-2.654
-2.584
-2.561
-2.561
-2.643
-2.794
-2.926
-2.951
-2.86
-2.686
-2.477
-2.284
-2.168
-2.141
-2.143
-2.128
-2.091
-2.082
-2.041
-1.921
-1.776
-1.665
-1.601
-1.54
-1.513
-1.554
-1.631
-1.676
-1.642
-1.52
-1.386
-1.316
-1.279
-1.223
-1.2
-1.25
-1.377
-1.558
-1.726
-1.81
-1.833
-1.833
-1.837
-1.864
-1.948
-2.062
-2.18
-2.32
-2.447
-2.538
-2.663
-2.826
-2.989
-3.135
-3.262
-3.377
-3.482
-3.561
-3.584
-3.563
-3.534
-3.507
-3.466
-3.416
-3.432
-3.534
-3.631
-3.684
-3.718
-3.706
-3.6
-3.479
-3.445
-3.436
-3.4
-3.343
-3.314
-3.375
-3.423
-3.391
-3.339
-3.294
-3.178
-2.962
-2.695
-2.463
-2.275
-2.132
-1.989
-1.83
-1.69
-1.556
-1.35
-1.05
-0.751
-0.458
-0.202
-0.02
0.057
0.082
0.131
0.215
0.313
0.401
0.504
0.628
0.678
0.612
0.565
0.578
0.551
0.46
0.361
0.317
0.342
0.347
0.299
0.265
0.277
0.283
0.231
0.097
-0.038
-0.152
-0.265
-0.349
-0.379
-0.417
-0.481
-0.504
-0.497
-0.528
-0.606
-0.746
-0.934
-1.125
-1.3
-1.517
-1.735
-1.814
-1.792
-1.814
-1.883
-1.905
-1.874
-1.86
-1.889
-1.917
-1.921
-1.903
-1.871
-1.837
-1.78
-1.653
-1.522
-1.445
-1.381
-1.302
-1.234
-1.129
-0.984
-0.853
-0.758
-0.685
-0.603
-0.51
-0.413
-0.311
-0.224
-0.127
-0.018
0.045
0.073
0.141
0.258
0.39
0.515
0.619
0.683
0.737
0.798
0.812
0.739
0.628
0.556
0.508
0.483
0.499
0.587
0.705
0.762
0.751
0.687
0.624
0.569
0.504
0.408
0.329
0.283
0.215
0.147
0.104
0.057
-0.018
-0.125
-0.231
-0.308
-0.34
-0.37
-0.424
-0.497
-0.558
-0.581
-0.624
-0.685
-0.68
-0.655
-0.687
-0.724
-0.701
-0.637
-0.569
-0.49
-0.406
-0.354
-0.351
-0.399
-0.404
-0.329
-0.231
-0.213
-0.224
-0.197
-0.195
-0.247
-0.306
-0.331
-0.333
-0.315
-0.317
-0.315
-0.261
-0.145
-0.025
0.025
0.068
0.172
0.281
0.37
0.481
0.617
0.762
0.875
0.955
1.03
1.075
1.057
1.007
0.998
1.068
1.136
1.15
1.22
1.359
1.445
1.413
1.324
1.213
1.084
0.939
0.801
0.714
0.689
0.71
0.735
0.705
0.669
0.667
0.626
0.533
0.467
0.47
0.478
0.442
0.388
0.338
0.27
0.159
0.032
-0.079
-0.165
-0.238
-0.292
-0.254
-0.145
-0.041
-0.002
-0.002
-0.004
-0.034
-0.097
-0.15
-0.154
-0.118
-0.07
-0.022
0.011
0.061
0.116
0.122
0.122
0.15
0.15
0.134
0.141
0.159
0.204
0.252
0.281
0.299
0.329
0.356
0.327
0.274
0.231
0.204
0.165
0.104
0.038
-0.045
-0.143
-0.263
-0.354
-0.376
-0.363
-0.374
-0.413
-0.454
-0.488
-0.535
-0.653
-0.794
-0.909
-1.023
-1.136
-1.186
-1.184
-1.15
-1.1
-1.07
-1.089
-1.127
-1.152
-1.161
-1.132
-1.077
-1.018
-0.959
-0.896
-0.869
-0.896
-0.943
-0.953
-0.919
-0.826
-0.655
-0.456
-0.279
-0.113
0.07
0.245
0.376
0.483
0.592
0.649
0.651
0.678
0.798
0.987
1.195
1.375
1.502
1.622
1.71
1.742
1.758
1.799
1.869
1.944
2.005
1.998
1.978
1.991
2.041
2.08
2.116
2.177
2.214
2.205
2.218
2.266
2.277
2.284
2.32
2.368
2.366
2.318
2.289
2.314
2.366
2.384
2.334
2.27
2.255
2.277
2.252
2.196
2.153
2.15
2.139
2.08
1.991
1.905
1.876
1.86
1.846
1.855
1.871
1.883
1.912
1.973
2.055
2.137
2.2
2.221
2.189
2.132
2.109
2.137
2.239
2.4
2.509
2.536
2.513
2.479
2.423
2.311
2.159
2.032
1.962
1.892
1.78
1.669
1.601
1.538
1.458
1.35
1.209
1.059
0.921
0.792
0.708
0.649
0.603
0.592
0.576
0.519
0.419
0.331
0.295
0.286
0.258
0.234
0.24
0.229
0.206
0.195
0.161
0.086
0.02
-0.029
-0.059
-0.052
-0.011
0.048
0.086
0.079
0.018
-0.091
-0.188
-0.249
-0.277
-0.304
-0.315
-0.268
-0.195
-0.141
-0.138
-0.147
-0.12
-0.048
0.041
0.134
0.209
0.224
0.229
0.272
0.342
0.383
0.408
0.449
0.522
0.603
0.646
0.712
0.839
0.987
1.093
1.139
1.114
1.07
1.032
0.973
0.928
0.925
0.946
0.982
1.018
1.023
0.993
0.955
0.953
0.939
0.853
0.737
0.631
0.551
0.483
0.451
0.419
0.329
0.234
0.154
0.034
-0.113
-0.206
-0.281
-0.417
-0.574
-0.71
-0.801
-0.887
-1
-1.141
-1.263
-1.347
-1.384
-1.363
-1.322
-1.316
-1.388
-1.52
-1.64
-1.694
-1.699
-1.699
-1.715
-1.706
-1.663
-1.626
-1.626
-1.606
-1.542
-1.497
-1.502
-1.549
-1.547
-1.467
-1.384
-1.336
-1.29
-1.257
-1.236
-1.191
-1.114
-1.027
-0.959
-0.909
-0.828
-0.71
-0.633
-0.617
-0.619
-0.606
-0.631
-0.742
-0.905
-0.998
-0.962
-0.891
-0.878
-0.914
-0.962
-0.998
-0.987
-1
-1.075
-1.15
-1.175
-1.145
-1.064
-0.978
-0.928
-0.907
-0.914
-0.919
-0.946
-1.002
-0.984
-0.871
-0.764
-0.726
-0.742
-0.762
-0.739
-0.653
-0.542
-0.47
-0.449
-0.463
-0.44
-0.361
-0.254
-0.15
-0.075
-0.073
-0.134
-0.172
-0.15
-0.107
-0.063
-0.025
0.073
0.195
0.256
0.286
0.324
0.376
0.383
0.331
0.288
0.288
0.329
0.374
0.349
0.277
0.209
0.19
0.197
0.177
0.163
0.138
0.084
0.057
0.052
0.025
-0.036
-0.12
-0.161
-0.163
-0.22
-0.306
-0.331
-0.279
-0.229
-0.245
-0.306
-0.372
-0.406
-0.379
-0.34
-0.37
-0.413
-0.435
-0.442
-0.429
-0.419
-0.404
-0.365
-0.354
-0.388
-0.426
-0.44
-0.454
-0.424
-0.342
-0.281
-0.308
-0.383
-0.388
-0.32
-0.265
-0.261
-0.252
-0.258
-0.22
-0.093
0.034
0.088
0.111
0.118
0.122
0.165
0.234
0.299
0.347
0.383
0.474
0.624
0.769
0.837
0.853
0.862
0.866
0.835
0.748
0.692
0.708
0.755
0.803
0.821
0.828
0.844
0.878
0.887
0.869
0.816
0.773
0.751
0.733
0.678
0.615
0.551
0.497
0.456
0.433
0.406
0.397
0.419
0.481
0.538
0.54
0.483
0.449
0.478
0.526
0.551
0.497
0.392
0.342
0.408
0.492
0.512
0.494
0.517
0.583
0.633
0.671
0.794
0.987
1.182
1.338
1.465
1.549
1.622
1.733
1.889
2.053
2.18
2.275
2.409
2.592
2.754
2.799
2.715
2.638
2.665
2.765
2.842
2.851
2.831
2.819
2.813
2.717
2.547
2.363
2.175
1.964
1.767
1.619
1.458
1.263
1.084
0.955
0.848
0.673
0.449
0.249
0.104
-0.048
-0.238
-0.456
-0.683
-0.896
-1.107
-1.338
-1.56
-1.742
-1.903
-2.057
-2.211
-2.336
-2.402
-2.425
-2.443
-2.457
-2.447
-2.441
-2.427
-2.316
-2.098
-1.889
-1.765
-1.703
-1.656
-1.59
-1.542
-1.538
-1.585
-1.633
-1.638
-1.629
-1.608
-1.529
-1.35
-1.157
-1.016
-0.885
-0.714
-0.526
-0.327
-0.125
0.061
0.231
0.361
0.467
0.603
0.733
0.807
0.837
0.851
0.941
1.139
1.361
1.581
1.821
2.071
2.314
2.525
2.697
2.847
2.946
2.96
2.862
2.699
2.472
2.239
2.026
1.84
1.665
1.465
1.207
0.984
0.903
0.907
0.894
0.81
0.705
0.597
0.433
0.218
-0.02
-0.263
-0.506
-0.769
-1.032
-1.27
-1.452
-1.592
-1.744
-1.946
-2.143
-2.304
-2.45
-2.626
-2.794
-2.897
-2.965
-3.037
-3.114
-3.16
-3.235
-3.346
-3.507
-3.688
-3.826
-3.892
-3.926
-3.963
-3.999
-4.051
-4.078
-4.024
-3.91
-3.745
-3.491
-3.173
-2.853
-2.568
-2.323
-2.121
-1.973
-1.851
-1.69
-1.524
-1.377
-1.175
-0.841
-0.447
-0.107
0.181
0.474
0.769
0.975
1.05
1.091
1.125
1.197
1.322
1.497
1.692
1.871
2.016
2.08
2.103
2.175
2.277
2.291
2.239
2.218
2.227
2.252
2.261
2.304
2.402
2.543
2.699
2.862
3.03
3.221
3.423
3.57
3.588
3.504
3.432
3.375
3.3
3.237
3.214
3.235
3.282
3.323
3.316
3.241
3.096
2.887
2.638
2.384
2.173
2.016
1.853
1.701
1.594
1.481
1.329
1.193
1.109
1.034
0.923
0.728
0.472
0.165
-0.172
-0.476
-0.685
-0.848
-1.016
-1.127
-1.136
-1.095
-1.077
-1.129
-1.25
-1.39
-1.533
-1.681
-1.808
-1.874
-1.887
-1.876
-1.862
-1.846
-1.81
-1.812
-1.894
-1.971
-2.023
-2.098
-2.125
-2.057
-1.921
-1.737
-1.54
-1.397
-1.286
-1.191
-1.109
-0.996
-0.855
-0.792
-0.76
-0.701
-0.642
-0.606
-0.544
-0.458
-0.379
-0.268
-0.129
0.016
0.12
0.206
0.29
0.365
0.41
0.41
0.401
0.351
0.304
0.324
0.433
0.572
0.714
0.851
1.014
1.189
1.347
1.472
1.581
1.701
1.91
2.198
2.443
2.588
2.729
2.885
3.058
3.23
3.355
3.402
3.421
3.421
3.371
3.287
3.248
3.3
3.35
3.289
3.221
3.18
3.087
2.928
2.767
2.624
2.506
2.375
2.18
1.939
1.669
1.388
1.107
0.894
0.733
0.578
0.483
0.406
0.247
-0.007
-0.268
-0.504
-0.726
-0.939
-1.139
-1.3
-1.429
-1.508
-1.56
-1.613
-1.667
-1.74
-1.858
-2.001
-2.141
-2.286
-2.427
-2.52
-2.518
-2.447
-2.348
-2.266
-2.264
-2.329
-2.382
-2.388
-2.359
-2.3
-2.252
-2.2
-2.1
-1.989
-1.907
-1.81
-1.663
-1.522
-1.411
-1.304
-1.182
-1.059
-0.989
-0.973
-0.991
-1.021
-1.03
-1.041
-1.027
-0.93
-0.785
-0.673
-0.569
-0.435
-0.311
-0.229
-0.19
-0.211
-0.297
-0.388
-0.417
-0.349
-0.206
-0.054
0.086
0.256
0.431
0.578
0.726
0.909
1.121
1.32
1.508
1.683
1.808
1.837
1.803
1.756
1.731
1.717
1.701
1.719
1.79
1.84
1.835
1.817
1.876
2.003
2.094
2.105
2.091
2.048
1.957
1.862
1.785
1.703
1.61
1.497
1.343
1.157
0.993
0.889
0.835
0.796
0.773
0.771
0.803
0.857
0.894
0.898
0.885
0.837
0.758
0.71
0.662
0.567
0.465
0.372
0.308
0.313
0.376
0.465
0.574
0.683
0.755
0.785
0.792
0.821
0.841
0.78
0.676
0.597
0.519
0.397
0.32
0.336
0.404
0.478
0.556
0.642
0.755
0.864
0.909
0.907
0.889
0.844
0.778
0.721
0.678
0.617
0.544
0.444
0.329
0.209
0.113
0.038
-0.05
-0.175
-0.268
-0.299
-0.304
-0.29
-0.274
-0.283
-0.315
-0.374
-0.447
-0.504
-0.538
-0.531
-0.483
-0.395
-0.32
-0.272
-0.195
-0.057
0.086
0.222
0.351
0.47
0.553
0.644
0.728
0.73
0.687
0.673
0.705
0.724
0.742
0.801
0.894
0.982
1.052
1.077
1.039
0.989
0.95
0.921
0.882
0.832
0.796
0.821
0.905
0.984
0.998
0.991
0.982
0.916
0.769
0.646
0.612
0.637
0.628
0.576
0.553
0.597
0.633
0.644
0.646
0.653
0.692
0.744
0.755
0.721
0.68
0.624
0.583
0.574
0.574
0.567
0.565
0.533
0.46
0.367
0.272
0.193
0.141
0.097
0.036
-0.016
-0.05
-0.079
-0.1
-0.093
-0.095
-0.168
-0.308
-0.458
-0.592
-0.753
-0.93
-1.041
-1.073
-1.086
-1.121
-1.145
-1.211
-1.338
-1.454
-1.508
-1.517
-1.538
-1.56
-1.567
-1.56
-1.572
-1.604
-1.631
-1.588
-1.504
-1.445
-1.402
-1.309
-1.155
-0.975
-0.773
-0.583
-0.424
-0.311
-0.243
-0.202
-0.134
-0.045
0.025
0.1
0.22
0.367
0.472
0.488
0.463
0.449
0.46
0.492
0.544
0.597
0.599
0.567
0.574
0.628
0.669
0.628
0.558
0.519
0.438
0.308
0.202
0.088
-0.061
-0.211
-0.336
-0.449
-0.54
-0.601
-0.646
-0.673
-0.687
-0.717
-0.724
-0.733
-0.805
-0.946
-1.055
-1.1
-1.114
-1.121
-1.091
-1.052
-1.018
-0.966
-0.896
-0.823
-0.712
-0.597
-0.535
-0.508
-0.472
-0.424
-0.379
-0.327
-0.274
-0.245
-0.277
-0.324
-0.342
-0.37
-0.41
-0.426
-0.376
-0.313
-0.288
-0.32
-0.322
-0.274
-0.265
-0.308
-0.365
-0.424
-0.512
-0.599
-0.655
-0.639
-0.635
-0.667
-0.724
-0.78
-0.862
-0.964
-1.064
-1.175
-1.272
-1.327
-1.361
-1.384
-1.386
-1.395
-1.431
-1.488
-1.502
-1.438
-1.359
-1.336
-1.399
-1.479
-1.515
-1.477
-1.388
-1.324
-1.275
-1.229
-1.179
-1.157
-1.139
-1.102
-1.025
-0.978
-0.978
-0.932
-0.841
-0.733
-0.66
-0.633
-0.61
-0.583
-0.578
-0.551
-0.501
-0.51
-0.608
-0.708
-0.724
-0.68
-0.66
-0.68
-0.669
-0.556
-0.426
-0.374
-0.374
-0.349
-0.302
-0.292
-0.292
-0.258
-0.188
-0.136
-0.127
-0.095
-0.007
0.075
0.156
0.283
0.399
0.444
0.422
0.404
0.41
0.419
0.401
0.363
0.322
0.311
0.302
0.247
0.147
0.032
-0.093
-0.222
-0.34
-0.39
-0.415
-0.483
-0.574
-0.633
-0.655
-0.676
-0.726
-0.801
-0.921
-1.057
-1.182
-1.288
-1.402
-1.497
-1.56
-1.579
-1.565
-1.558
-1.54
-1.513
-1.499
-1.538
-1.576
-1.583
-1.613
-1.706
-1.803
-1.851
-1.833
-1.767
-1.692
-1.615
-1.54
-1.449
-1.331
-1.241
-1.252
-1.322
-1.347
-1.3
-1.223
-1.15
-1.095
-1.052
-1.023
-0.978
-0.921
-0.887
-0.914
-0.959
-1.018
-1.093
-1.145
-1.163
-1.152
-1.121
-1.075
-1.061
-1.052
-1.016
-0.973
-0.959
-1.021
-1.159
-1.268
-1.302
-1.338
-1.406
-1.486
-1.526
-1.472
-1.338
-1.186
-1.111
-1.107
-1.105
-1.052
-1.021
-1.025
-1
-0.921
-0.81
-0.737
-0.714
-0.642
-0.465
-0.279
-0.163
-0.088
-0.068
-0.107
-0.15
-0.19
-0.215
-0.254
-0.333
-0.419
-0.431
-0.422
-0.454
-0.542
-0.603
-0.628
-0.696
-0.816
-0.968
-1.123
-1.279
-1.404
-1.492
-1.567
-1.642
-1.701
-1.728
-1.753
-1.819
-1.926
-2.037
-2.155
-2.268
-2.341
-2.404
-2.459
-2.468
-2.447
-2.445
-2.475
-2.52
-2.531
-2.536
-2.561
-2.572
-2.556
-2.495
-2.4
-2.32
-2.3
-2.295
-2.202
-2.005
-1.783
-1.635
-1.61
-1.619
-1.581
-1.524
-1.463
-1.409
-1.359
-1.313
-1.211
-1.064
-0.928
-0.846
-0.748
-0.615
-0.544
-0.567
-0.606
-0.651
-0.705
-0.744
-0.744
-0.66
-0.51
-0.351
-0.215
-0.095
-0.014
-0.025
-0.113
-0.195
-0.252
-0.315
-0.397
-0.478
-0.494
-0.406
-0.272
-0.156
-0.095
-0.068
-0.079
-0.17
-0.315
-0.399
-0.431
-0.476
-0.506
-0.501
-0.438
-0.338
-0.243
-0.131
0.018
0.161
0.193
0.129
0.048
-0.027
-0.095
-0.143
-0.134
-0.113
-0.045
0.054
0.165
0.254
0.308
0.32
0.256
0.116
-0.016
-0.066
-0.102
-0.134
-0.141
-0.102
-0.043
0.038
0.131
0.24
0.327
0.299
0.181
0.109
0.095
0.032
-0.043
-0.025
0.036
0.12
0.195
0.247
0.277
0.288
0.258
0.159
0.016
-0.07
-0.077
-0.111
-0.238
-0.379
-0.46
-0.492
-0.506
-0.49
-0.47
-0.504
-0.658
-0.873
-1.048
-1.159
-1.268
-1.318
-1.318
-1.306
-1.32
-1.316
-1.309
-1.295
-1.297
-1.327
-1.399
-1.49
-1.57
-1.61
-1.619
-1.585
-1.497
-1.413
-1.345
-1.277
-1.216
-1.216
-1.261
-1.334
-1.393
-1.386
-1.336
-1.29
-1.227
-1.132
-1.059
-0.98
-0.848
-0.694
-0.574
-0.485
-0.415
-0.354
-0.315
-0.256
-0.12
0.088
0.317
0.517
0.621
0.637
0.621
0.621
0.599
0.556
0.542
0.497
0.397
0.268
0.152
0.082
0.057
0.038
0.009
-0.036
-0.129
-0.283
-0.47
-0.658
-0.826
-0.968
-1.05
-1.052
-0.982
-0.916
-0.93
-0.984
-0.987
-0.923
-0.841
-0.776
-0.699
-0.612
-0.642
-0.785
-0.832
-0.71
-0.488
-0.252
-0.084
-0.014
-0.007
-0.059
-0.145
-0.222
-0.268
-0.299
-0.34
-0.415
-0.449
-0.419
-0.383
-0.329
-0.247
-0.147
-0.066
-0.041
-0.104
-0.175
-0.202
-0.247
-0.286
-0.227
-0.075
0.068
0.209
0.338
0.419
0.433
0.447
0.504
0.578
0.578
0.522
0.47
0.46
0.533
0.708
0.894
1.012
1.077
1.102
1.057
0.939
0.835
0.807
0.823
0.782
0.667
0.574
0.59
0.683
0.787
0.869
0.912
0.896
0.853
0.807
0.753
0.692
0.601
0.517
0.465
0.476
0.59
0.694
0.712
0.687
0.655
0.628
0.621
0.651
0.685
0.667
0.599
0.553
0.546
0.606
0.787
0.993
1.098
1.08
1.012
0.943
0.914
0.907
0.882
0.844
0.828
0.846
0.873
0.9
0.943
0.991
0.993
0.939
0.896
0.882
0.848
0.819
0.78
0.703
0.631
0.649
0.773
0.923
1.021
1.084
1.116
1.107
1.039
0.987
1.009
1.018
0.968
0.914
0.934
0.982
0.996
1
0.998
0.971
0.909
0.848
0.81
0.751
0.696
0.633
0.485
0.315
0.236
0.268
0.34
0.458
0.612
0.755
0.83
0.821
0.814
0.826
0.841
0.864
0.923
1.002
1.095
1.27
1.533
1.794
1.982
2.112
2.223
2.318
2.368
2.416
2.472
2.513
2.525
2.531
2.568
2.654
2.835
3.04
3.128
3.087
2.992
2.91
2.872
2.851
2.822
2.797
2.797
2.792
2.742
2.711
2.726
2.722
2.692
2.631
2.529
2.429
2.341
2.227
2.057
1.842
1.608
1.411
1.268
1.193
1.145
1.086
0.989
0.828
0.653
0.56
0.535
0.492
0.367
0.222
0.093
-0.007
-0.036
-0.004
0.077
0.184
0.261
0.299
0.317
0.363
0.442
0.515
0.538
0.488
0.433
0.492
0.662
0.862
1.023
1.118
1.177
1.236
1.347
1.474
1.583
1.665
1.71
1.685
1.64
1.701
1.889
2.125
2.375
2.586
2.745
2.844
2.924
3.03
3.16
3.241
3.271
3.307
3.359
3.441
3.561
3.731
3.897
3.972
4.008
4.092
4.174
4.194
4.142
4.017
3.84
3.67
3.563
3.525
3.561
3.597
3.577
3.502
3.421
3.373
3.334
3.243
3.105
2.944
2.751
2.534
2.345
2.257
2.245
2.218
2.13
2.01
1.905
1.83
1.81
1.767
1.64
1.456
1.347
1.334
1.347
1.379
1.431
1.418
1.334
1.252
1.207
1.168
1.129
1.077
1.012
0.964
0.984
1.066
1.191
1.345
1.481
1.556
1.567
1.556
1.592
1.685
1.801
1.88
1.889
1.848
1.826
1.869
1.978
2.094
2.18
2.225
2.25
2.268
2.277
2.277
2.266
2.245
2.214
2.191
2.177
2.182
2.205
2.259
2.266
2.243
2.252
2.327
2.431
2.518
2.527
2.438
2.293
2.137
2.055
2.098
2.221
2.388
2.565
2.715
2.838
2.944
3.017
3.078
3.11
3.076
2.974
2.885
2.822
2.794
2.81
2.842
2.878
2.928
2.967
2.989
3.012
3.021
2.955
2.815
2.638
2.502
2.477
2.55
2.652
2.701
2.692
2.633
2.568
2.547
2.547
2.52
2.436
2.329
2.261
2.234
2.264
2.35
2.463
2.565
2.626
2.62
2.588
2.529
2.411
2.214
1.957
1.674
1.418
1.263
1.243
1.302
1.381
1.47
1.545
1.619
1.697
1.756
1.731
1.606
1.411
1.184
1.005
0.928
0.957
1.055
1.179
1.318
1.499
1.706
1.899
2.039
2.13
2.146
2.064
1.912
1.753
1.633
1.601
1.663
1.762
1.869
1.939
2.005
2.134
2.28
2.316
2.227
2.075
1.939
1.844
1.808
1.817
1.837
1.864
1.905
2.019
2.214
2.391
2.461
2.407
2.304
2.198
2.107
2.012
1.933
1.928
1.985
2.041
2.041
2.032
2.055
2.091
2.08
1.973
1.774
1.54
1.35
1.254
1.243
1.263
1.3
1.381
1.492
1.604
1.687
1.701
1.604
1.402
1.141
0.905
0.737
0.633
0.587
0.624
0.773
0.941
1.039
1.082
1.136
1.166
1.127
0.984
0.769
0.542
0.327
0.172
0.136
0.159
0.186
0.236
0.365
0.538
0.692
0.751
0.701
0.587
0.463
0.349
0.252
0.172
0.129
0.141
0.229
0.37
0.533
0.66
0.744
0.787
0.801
0.771
0.631
0.419
0.277
0.302
0.415
0.526
0.608
0.669
0.705
0.724
0.683
0.574
0.422
0.231
0.077
-0.034
-0.088
-0.054
0.063
0.211
0.333
0.454
0.56
0.617
0.61
0.546
0.433
0.288
0.152
0.048
0.007
0.057
0.202
0.351
0.451
0.51
0.572
0.608
0.542
0.404
0.261
0.138
0.02
-0.052
-0.05
0.002
0.084
0.236
0.449
0.597
0.642
0.651
0.633
0.546
0.415
0.302
0.238
0.249
0.336
0.472
0.599
0.703
0.78
0.835
0.855
0.846
0.78
0.655
0.492
0.32
0.202
0.195
0.24
0.274
0.32
0.426
0.562
0.665
0.687
0.597
0.442
0.304
0.234
0.147
0.011
-0.1
-0.131
-0.113
-0.1
-0.084
-0.063
-0.104
-0.213
-0.383
-0.59
-0.805
-1.041
-1.232
-1.322
-1.324
-1.318
-1.338
-1.361
-1.347
-1.302
-1.268
-1.322
-1.474
-1.676
-1.867
-1.973
-2.007
-2.026
-2.046
-2.037
-1.937
-1.733
-1.517
-1.39
-1.34
-1.347
-1.388
-1.449
-1.511
-1.601
-1.687
-1.717
-1.683
-1.617
-1.563
-1.492
-1.377
-1.22
-1.089
-1.059
-1.127
-1.225
-1.268
-1.254
-1.211
-1.163
-1.123
-1.105
-1.084
-1.012
-0.909
-0.844
-0.835
-0.898
-0.998
-1.018
-0.991
-1.021
-1.068
-1.059
-0.989
-0.88
-0.789
-0.748
-0.724
-0.705
-0.748
-0.894
-1.114
-1.338
-1.522
-1.61
-1.633
-1.669
-1.717
-1.717
-1.678
-1.633
-1.576
-1.581
-1.658
-1.767
-1.921
-2.039
-2.112
-2.162
-2.196
-2.193
-2.171
-2.105
-2.037
-2.026
-2.053
-2.087
-2.118
-2.148
-2.205
-2.277
-2.336
-2.388
-2.447
-2.486
-2.531
-2.608
-2.677
-2.652
-2.574
-2.54
-2.577
-2.602
-2.572
-2.531
-2.495
-2.484
-2.495
-2.488
-2.468
-2.438
-2.411
-2.388
-2.359
-2.329
-2.332
-2.341
-2.35
-2.418
-2.525
-2.597
-2.611
-2.584
-2.543
-2.497
-2.47
-2.504
-2.608
-2.749
-2.899
-3.053
-3.175
-3.235
-3.243
-3.237
-3.196
-3.169
-3.137
-3.071
-3.005
-3.005
-3.055
-3.135
-3.23
-3.316
-3.384
-3.405
-3.402
-3.4
-3.377
-3.275
-3.151
-3.101
-3.121
-3.132
-3.11
-3.078
-3.078
-3.076
-3.08
-3.101
-3.101
-3.037
-2.926
-2.856
-2.831
-2.794
-2.715
-2.697
-2.745
-2.79
-2.781
-2.706
-2.556
-2.402
-2.316
-2.264
-2.211
-2.164
-2.146
-2.146
-2.116
-2.064
-2.026
-1.975
-1.896
-1.869
-1.914
-1.964
-1.998
-2.06
-2.116
-2.137
-2.121
-2.105
-2.125
-2.173
-2.241
-2.314
-2.423
-2.588
-2.763
-2.951
-3.142
-3.264
-3.284
-3.207
-3.082
-3.008
-3.017
-3.08
-3.164
-3.271
-3.432
-3.609
-3.761
-3.858
-3.922
-3.951
-3.915
-3.838
-3.831
-3.876
-3.917
-3.958
-4.022
-4.094
-4.178
-4.251
-4.314
-4.344
-4.319
-4.253
-4.189
-4.11
-4.013
-3.972
-3.994
-4.042
-4.04
-3.969
-3.847
-3.709
-3.591
-3.468
-3.33
-3.175
-3.026
-2.892
-2.779
-2.701
-2.64
-2.652
-2.706
-2.706
-2.638
-2.611
-2.656
-2.679
-2.618
-2.522
-2.447
-2.4
-2.411
-2.407
-2.32
-2.243
-2.241
-2.266
-2.273
-2.275
-2.318
-2.436
-2.57
-2.572
-2.438
-2.307
-2.32
-2.429
-2.47
-2.407
-2.402
-2.55
-2.711
-2.776
-2.797
-2.867
-2.971
-3.044
-3.071
-3.064
-3.085
-3.205
-3.366
-3.432
-3.407
-3.407
-3.509
-3.686
-3.767
-3.684
-3.591
-3.634
-3.731
-3.727
-3.645
-3.636
-3.745
-3.84
-3.849
-3.786
-3.727
-3.713
-3.733
-3.733
-3.647
-3.511
-3.416
-3.418
-3.484
-3.579
-3.597
-3.529
-3.495
-3.532
-3.575
-3.604
-3.636
-3.618
-3.491
-3.355
-3.307
-3.343
-3.357
-3.291
-3.248
-3.298
-3.346
-3.341
-3.323
-3.309
-3.278
-3.284
-3.271
-3.137
-2.881
-2.674
-2.717
-2.921
-3.017
-2.903
-2.745
-2.715
-2.788
-2.808
-2.751
-2.652
-2.581
-2.622
-2.747
-2.817
-2.754
-2.661
-2.701
-2.842
-2.84
-2.62
-2.465
-2.572
-2.724
-2.701
-2.547
-2.391
-2.341
-2.436
-2.579
-2.643
-2.606
-2.538
-2.525
-2.572
-2.599
-2.561
-2.493
-2.475
-2.475
-2.391
-2.28
-2.275
-2.386
-2.499
-2.54
-2.504
-2.511
-2.615
-2.656
-2.633
-2.633
-2.645
-2.656
-2.636
-2.613
-2.658
-2.808
-2.971
-3.076
-3.103
-3.112
-3.148
-3.255
-3.348
-3.294
-3.146
-3.062
-3.089
-3.08
-3.003
-2.912
-2.881
-2.926
-2.951
-2.91
-2.885
-2.903
-2.906
-2.899
-2.865
-2.77
-2.724
-2.765
-2.81
-2.806
-2.745
-2.706
-2.767
-2.838
-2.801
-2.697
-2.661
-2.663
-2.579
-2.454
-2.386
-2.37
-2.368
-2.352
-2.293
-2.184
-2.091
-2.039
-2.023
-2.003
-1.901
-1.78
-1.758
-1.792
-1.792
-1.778
-1.785
-1.799
-1.826
-1.867
-1.919
-1.933
-1.887
-1.824
-1.828
-1.887
-1.903
-1.885
-1.933
-2.021
-2.064
-2.003
-1.889
-1.808
-1.796
-1.842
-1.84
-1.767
-1.656
-1.576
-1.567
-1.599
-1.594
-1.536
-1.515
-1.59
-1.694
-1.724
-1.71
-1.744
-1.855
-1.987
-2.023
-2.01
-2.021
-2.048
-2.05
-2.06
-2.105
-2.191
-2.304
-2.411
-2.518
-2.626
-2.692
-2.683
-2.606
-2.475
-2.375
-2.348
-2.348
-2.307
-2.239
-2.18
-2.139
-2.141
-2.148
-2.105
-2.021
-1.969
-1.944
-1.889
-1.812
-1.76
-1.731
-1.703
-1.672
-1.604
-1.502
-1.395
-1.359
-1.368
-1.318
-1.179
-1.07
-1.095
-1.202
-1.272
-1.243
-1.184
-1.155
-1.1
-0.987
-0.864
-0.787
-0.744
-0.699
-0.683
-0.671
-0.624
-0.587
-0.646
-0.724
-0.717
-0.669
-0.671
-0.733
-0.782
-0.787
-0.805
-0.921
-1.105
-1.25
-1.3
-1.302
-1.277
-1.261
-1.236
-1.127
-0.941
-0.792
-0.805
-0.916
-0.996
-1.039
-1.161
-1.418
-1.672
-1.776
-1.765
-1.799
-1.899
-1.951
-1.892
-1.821
-1.806
-1.821
-1.83
-1.783
-1.694
-1.619
-1.579
-1.594
-1.624
-1.583
-1.481
-1.393
-1.27
-1.1
-0.93
-0.853
-0.878
-0.928
-0.919
-0.903
-0.957
-1.041
-1.041
-0.948
-0.841
-0.816
-0.835
-0.814
-0.789
-0.787
-0.764
-0.776
-0.869
-0.905
-0.844
-0.739
-0.683
-0.628
-0.478
-0.283
-0.188
-0.227
-0.283
-0.252
-0.145
-0.068
-0.036
0.009
0.084
0.204
0.358
0.465
0.481
0.46
0.478
0.558
0.615
0.569
0.492
0.463
0.47
0.494
0.522
0.526
0.508
0.476
0.431
0.392
0.342
0.299
0.336
0.429
0.478
0.463
0.431
0.422
0.442
0.454
0.424
0.408
0.41
0.37
0.308
0.261
0.295
0.404
0.492
0.494
0.433
0.324
0.22
0.161
0.136
0.066
-0.004
0.002
0.1
0.213
0.265
0.249
0.258
0.315
0.349
0.32
0.286
0.304
0.32
0.302
0.315
0.429
0.594
0.726
0.746
0.696
0.649
0.66
0.721
0.821
0.896
0.923
0.909
0.882
0.846
0.789
0.771
0.805
0.851
0.878
0.946
1.07
1.241
1.395
1.481
1.515
1.56
1.674
1.824
1.964
2.053
2.125
2.298
2.527
2.695
2.785
2.842
2.917
3.046
3.225
3.402
3.572
3.691
3.779
3.824
3.815
3.743
3.643
3.509
3.386
3.287
3.151
3.026
2.931
2.824
2.697
2.545
2.361
2.166
2.037
1.955
1.899
1.778
1.633
1.588
1.635
1.651
1.61
1.511
1.37
1.184
0.955
0.73
0.551
0.419
0.333
0.313
0.379
0.488
0.617
0.782
0.957
1.066
1.093
1.116
1.143
1.136
1.141
1.223
1.388
1.599
1.842
2.094
2.352
2.59
2.763
2.865
2.953
3.076
3.246
3.452
3.62
3.699
3.713
3.743
3.806
3.874
3.931
3.994
4.083
4.185
4.244
4.257
4.219
4.162
4.121
4.108
4.096
4.078
4.037
4.001
3.96
3.92
3.901
3.894
3.87
3.786
3.668
3.538
3.466
3.441
3.418
3.409
3.425
3.461
3.511
3.557
3.563
3.543
3.559
3.656
3.806
3.931
3.976
3.972
3.981
3.99
3.976
3.958
3.965
4.017
4.058
4.026
3.92
3.833
3.87
3.954
3.949
3.867
3.842
3.881
3.94
4.006
4.083
4.174
4.242
4.278
4.285
4.278
4.242
4.18
4.142
4.137
4.108
4.069
4.069
4.081
4.099
4.162
4.276
4.45
4.618
4.745
4.811
4.815
4.786
4.775
4.754
4.72
4.718
4.779
4.852
4.906
4.942
5.004
5.115
5.224
5.281
5.296
5.249
5.149
5.074
5.079
5.126
5.147
5.106
5.051
5.033
5.024
4.952
4.84
4.786
4.822
4.902
4.924
4.902
4.911
4.958
5.001
5.011
5.001
5.011
5.072
5.115
5.128
5.147
5.162
5.16
5.194
5.228
5.196
5.104
5.011
4.958
4.967
4.999
5.069
5.167
5.281
5.392
5.464
5.516
5.573
5.632
5.644
5.648
5.682
5.723
5.732
5.678
5.621
5.639
5.689
5.666
5.584
5.539
5.516
5.466
5.385
5.31
5.24
5.12
4.997
4.929
4.881
4.836
4.836
4.865
4.877
4.859
4.784
4.65
4.532
4.398
4.239
4.121
4.072
4.106
4.244
4.414
4.555
4.666
4.747
4.77
4.752
4.729
4.741
4.736
4.732
4.795
4.895
4.979
5.094
5.21
5.262
5.26
5.231
5.235
5.319
5.432
5.535
5.587
5.621
5.673
5.775
5.893
5.952
5.984
6.04
6.122
6.163
6.149
6.097
6.011
5.854
5.68
5.6
5.616
5.659
5.759
5.941
6.099
6.163
6.176
6.183
6.206
6.19
6.063
5.888
5.795
5.768
5.766
5.786
5.789
5.727
5.591
5.423
5.287
5.224
5.19
5.135
5.051
5.02
5.054
5.081
5.063
5.035
4.997
4.936
4.888
4.852
4.793
4.7
4.593
4.471
4.378
4.337
4.332
4.389
4.475
4.545
4.566
4.498
4.403
4.376
4.332
4.242
4.169
4.117
4.112
4.169
4.242
4.276
4.294
4.33
4.353
4.307
4.298
4.362
4.432
4.503
4.577
4.634
4.666
4.698
4.738
4.788
4.845
4.852
4.825
4.815
4.859
4.906
4.872
4.743
4.666
4.63
4.577
4.518
4.505
4.559
4.677
4.802
4.847
4.829
4.811
4.777
4.695
4.566
4.405
4.23
4.13
4.119
4.094
4.019
3.942
3.924
3.967
4.006
3.972
3.863
3.736
3.661
3.622
3.518
3.391
3.341
3.366
3.366
3.346
3.321
3.298
3.262
3.187
3.098
3.026
2.974
2.892
2.862
2.953
3.071
3.151
3.223
3.33
3.411
3.423
3.355
3.219
3.092
3.014
2.974
2.931
2.874
2.858
2.897
2.94
2.989
3.082
3.16
3.178
3.144
3.069
2.946
2.776
2.606
2.511
2.481
2.452
2.4
2.361
2.37
2.384
2.316
2.209
2.123
2.026
1.896
1.806
1.785
1.821
1.905
2.005
2.084
2.107
2.094
2.053
1.971
1.867
1.792
1.715
1.622
1.554
1.56
1.626
1.703
1.749
1.801
1.871
1.937
1.93
1.885
1.901
1.935
1.907
1.869
1.862
1.842
1.821
1.826
1.851
1.878
1.889
1.914
1.951
1.937
1.862
1.769
1.663
1.592
1.588
1.576
1.502
1.42
1.372
1.345
1.29
1.225
1.163
1.082
0.962
0.832
0.717
0.658
0.651
0.624
0.633
0.678
0.68
0.606
0.519
0.47
0.438
0.401
0.361
0.286
0.188
0.12
0.093
0.036
-0.016
0.016
0.075
0.082
0.061
0.032
-0.011
-0.045
-0.048
-0.045
-0.066
-0.125
-0.211
-0.268
-0.286
-0.308
-0.361
-0.379
-0.37
-0.406
-0.476
-0.551
-0.606
-0.626
-0.644
-0.669
-0.712
-0.735
-0.703
-0.667
-0.644
-0.633
-0.603
-0.578
-0.574
-0.581
-0.585
-0.601
-0.626
-0.626
-0.567
-0.456
-0.37
-0.347
-0.349
-0.34
-0.345
-0.351
-0.349
-0.37
-0.422
-0.54
-0.694
-0.853
-0.964
-1.027
-1.052
-1.068
-1.073
-1.077
-1.089
-1.159
-1.263
-1.329
-1.381
-1.483
-1.624
-1.71
-1.767
-1.81
-1.801
-1.758
-1.712
-1.726
-1.803
-1.912
-2.023
-2.134
-2.232
-2.307
-2.397
-2.493
-2.493
-2.436
-2.379
-2.284
-2.164
-2.114
-2.146
-2.2
-2.27
-2.382
-2.511
-2.586
-2.572
-2.543
-2.554
-2.55
-2.459
-2.345
-2.286
-2.243
-2.198
-2.182
-2.182
-2.198
-2.243
-2.284
-2.273
-2.225
-2.191
-2.134
-2.073
-2.078
-2.141
-2.164
-2.112
-2.053
-2.064
-2.105
-2.155
-2.209
-2.273
-2.341
-2.359
-2.316
-2.252
-2.218
-2.232
-2.32
-2.436
-2.511
-2.568
-2.64
-2.731
-2.817
-2.915
-3.01
-3.051
-3.044
-3.001
-2.971
-2.953
-2.946
-3.003
-3.096
-3.132
-3.142
-3.157
-3.171
-3.185
-3.269
-3.389
-3.475
-3.534
-3.586
-3.625
-3.634
-3.663
-3.725
-3.799
-3.876
-3.945
-4.022
-4.081
-4.065
-4.024
-4.047
-4.115
-4.167
-4.162
-4.101
-4.017
-3.963
-3.938
-3.924
-3.951
-3.983
-3.969
-3.89
-3.777
-3.693
-3.661
-3.588
-3.495
-3.43
-3.368
-3.275
-3.182
-3.142
-3.144
-3.185
-3.257
-3.33
-3.366
-3.332
-3.239
-3.164
-3.16
-3.164
-3.151
-3.13
-3.142
-3.187
-3.196
-3.185
-3.248
-3.407
-3.577
-3.659
-3.668
-3.665
-3.691
-3.727
-3.756
-3.833
-3.949
-4.026
-4.069
-4.092
-4.117
-4.167
-4.237
-4.33
-4.441
-4.555
-4.6
-4.598
-4.634
-4.7
-4.763
-4.856
-5.013
-5.149
-5.233
-5.269
-5.253
-5.21
-5.176
-5.14
-5.108
-5.081
-5.038
-4.997
-4.977
-4.979
-4.997
-5.011
-5.013
-5.022
-4.974
-4.854
-4.686
-4.552
-4.464
-4.396
-4.344
-4.344
-4.348
-4.339
-4.326
-4.314
-4.301
-4.278
-4.257
-4.257
-4.262
-4.255
-4.255
-4.296
-4.337
-4.344
-4.33
-4.298
-4.262
-4.255
-4.296
-4.35
-4.396
-4.437
-4.455
-4.462
-4.489
-4.541
-4.557
-4.543
-4.525
-4.534
-4.571
-4.573
-4.537
-4.505
-4.477
-4.421
-4.346
-4.282
-4.223
-4.185
-4.203
-4.273
-4.348
-4.439
-4.552
-4.634
-4.641
-4.582
-4.477
-4.353
-4.271
-4.228
-4.242
-4.314
-4.396
-4.416
-4.437
-4.516
-4.614
-4.652
-4.63
-4.566
-4.496
-4.466
-4.448
-4.414
-4.396
-4.423
-4.527
-4.627
-4.686
-4.75
-4.881
-5.058
-5.174
-5.226
-5.283
-5.335
-5.358
-5.43
-5.553
-5.668
-5.777
-5.913
-6.088
-6.26
-6.394
-6.474
-6.528
-6.564
-6.555
-6.51
-6.442
-6.383
-6.335
-6.295
-6.24
-6.163
-6.079
-6.022
-6.006
-5.979
-5.936
-5.902
-5.904
-5.911
-5.913
-5.909
-5.854
-5.759
-5.693
-5.689
-5.671
-5.621
-5.539
-5.432
-5.296
-5.12
-4.933
-4.818
-4.786
-4.775
-4.75
-4.688
-4.63
-4.623
-4.634
-4.602
-4.521
-4.373
-4.167
-3.94
-3.722
-3.538
-3.432
-3.382
-3.348
-3.318
-3.307
-3.298
-3.255
-3.148
-3.035
-2.94
-2.881
-2.804
-2.683
-2.57
-2.506
-2.47
-2.42
-2.377
-2.377
-2.411
-2.441
-2.418
-2.35
-2.252
-2.175
-2.182
-2.25
-2.316
-2.352
-2.338
-2.323
-2.329
-2.377
-2.436
-2.504
-2.577
-2.647
-2.677
-2.681
-2.717
-2.781
-2.851
-2.917
-2.971
-3.012
-3.048
-3.046
-3.008
-2.978
-3.008
-3.069
-3.112
-3.096
-3.06
-3.046
-3.053
-3.003
-2.901
-2.808
-2.756
-2.72
-2.679
-2.643
-2.611
-2.604
-2.618
-2.618
-2.59
-2.531
-2.447
-2.375
-2.307
-2.227
-2.164
-2.15
-2.148
-2.125
-2.053
-1.917
-1.799
-1.749
-1.778
-1.81
-1.772
-1.676
-1.565
-1.47
-1.399
-1.368
-1.37
-1.384
-1.395
-1.388
-1.372
-1.34
-1.316
-1.311
-1.322
-1.352
-1.386
-1.393
-1.329
-1.272
-1.295
-1.388
-1.465
-1.522
-1.583
-1.663
-1.687
-1.619
-1.533
-1.474
-1.477
-1.524
-1.565
-1.558
-1.524
-1.508
-1.508
-1.495
-1.49
-1.517
-1.558
-1.576
-1.547
-1.52
-1.542
-1.59
-1.615
-1.649
-1.697
-1.703
-1.651
-1.565
-1.506
-1.508
-1.56
-1.615
-1.649
-1.64
-1.608
-1.576
-1.579
-1.624
-1.715
-1.819
-1.88
-1.919
-1.955
-1.985
-1.967
-1.912
-1.842
-1.762
-1.692
-1.665
-1.665
-1.66
-1.656
-1.615
-1.61
-1.692
-1.772
-1.783
-1.721
-1.626
-1.538
-1.479
-1.395
-1.288
-1.168
-1.03
-0.903
-0.848
-0.81
-0.764
-0.751
-0.728
-0.635
-0.497
-0.374
-0.27
-0.195
-0.188
-0.211
-0.252
-0.304
-0.347
-0.41
-0.526
-0.624
-0.633
-0.626
-0.662
-0.728
-0.789
-0.86
-0.955
-1.145
-1.409
-1.631
-1.74
-1.79
-1.814
-1.812
-1.772
-1.751
-1.772
-1.817
-1.858
-1.887
-1.892
-1.892
-1.907
-1.937
-1.912
-1.812
-1.674
-1.581
-1.563
-1.545
-1.486
-1.481
-1.529
-1.524
-1.445
-1.368
-1.304
-1.272
-1.257
-1.257
-1.257
-1.22
-1.123
-0.937
-0.699
-0.551
-0.478
-0.435
-0.426
-0.442
-0.433
-0.361
-0.261
-0.145
-0.025
0.091
0.211
0.315
0.408
0.515
0.558
0.488
0.37
0.297
0.27
0.229
0.15
0.038
-0.061
-0.097
-0.07
-0.075
-0.129
-0.127
-0.048
0.029
0.073
0.091
0.104
0.102
0.095
0.086
0.095
0.129
0.172
0.204
0.245
0.286
0.327
0.381
0.419
0.397
0.351
0.313
0.268
0.218
0.215
0.252
0.297
0.313
0.315
0.277
0.224
0.179
0.102
0.002
-0.038
-0.043
-0.1
-0.181
-0.258
-0.327
-0.363
-0.379
-0.39
-0.41
-0.44
-0.497
-0.515
-0.467
-0.424
-0.376
-0.302
-0.258
-0.274
-0.317
-0.351
-0.39
-0.419
-0.426
-0.419
-0.444
-0.485
-0.483
-0.458
-0.449
-0.424
-0.37
-0.299
-0.272
-0.308
-0.345
-0.349
-0.333
-0.327
-0.311
-0.265
-0.22
-0.179
-0.154
-0.175
-0.188
-0.129
-0.054
0
0.041
0.077
0.086
0.068
0.054
0.059
0.063
0.061
0.068
0.048
0.009
-0.022
-0.038
-0.018
0.073
0.127
0.107
0.075
0.082
0.131
0.177
0.211
0.245
0.32
0.385
0.404
0.401
0.429
0.483
0.565
0.68
0.778
0.837
0.873
0.887
0.866
0.844
0.903
0.987
1.046
1.1
1.107
1.057
1.007
0.971
0.946
0.946
0.923
0.896
0.878
0.853
0.762
0.644
0.56
0.481
0.381
0.302
0.274
0.274
0.279
0.274
0.265
0.281
0.292
0.274
0.184
0.107
0.113
0.165
0.204
0.243
0.256
0.258
0.292
0.354
0.429
0.497
0.56
0.639
0.73
0.794
0.88
1.041
1.155
1.159
1.132
1.179
1.266
1.322
1.39
1.499
1.629
1.731
1.769
1.787
1.84
1.899
1.887
1.889
1.944
1.998
1.994
1.928
1.871
1.844
1.776
1.69
1.594
1.436
1.3
1.25
1.213
1.134
1.068
1.055
1.064
1.066
1.032
0.975
0.946
0.971
1.009
1.061
1.129
1.189
1.277
1.37
1.431
1.526
1.717
1.937
2.137
2.309
2.416
2.547
2.729
2.901
3.051
3.103
3.06
3.051
3.076
3.069
3.019
2.978
3.012
3.082
3.085
3.01
2.965
2.992
3.04
3.046
2.955
2.779
2.64
2.579
2.511
2.407
2.345
2.377
2.461
2.493
2.409
2.307
2.243
2.177
2.091
1.975
1.83
1.699
1.622
1.56
1.499
1.447
1.411
1.409
1.429
1.429
1.431
1.499
1.597
1.667
1.658
1.619
1.608
1.624
1.669
1.737
1.876
2.06
2.3
2.547
2.704
2.754
2.792
2.853
2.917
2.933
2.912
2.924
2.994
3.046
3.067
3.142
3.316
3.529
3.695
3.738
3.709
3.704
3.745
3.761
3.706
3.622
3.566
3.582
3.659
3.783
3.979
4.137
4.226
4.289
4.33
4.33
4.326
4.339
4.323
4.26
4.164
4.067
4.092
4.246
4.414
4.541
4.636
4.682
4.686
4.645
4.568
4.466
4.332
4.194
4.103
4.008
3.915
3.91
3.999
4.103
4.18
4.23
4.257
4.262
4.205
4.099
3.963
3.79
3.616
3.459
3.332
3.248
3.257
3.368
3.455
3.427
3.316
3.216
3.137
3.06
2.953
2.847
2.76
2.67
2.618
2.608
2.652
2.726
2.851
2.976
3.108
3.237
3.359
3.464
3.525
3.52
3.482
3.477
3.57
3.691
3.79
3.863
3.949
4.087
4.255
4.387
4.471
4.503
4.469
4.396
4.296
4.219
4.189
4.155
4.081
4.019
3.985
3.963
3.972
3.965
3.942
3.886
3.781
3.62
3.459
3.359
3.264
3.137
3.028
2.983
2.946
2.903
2.885
2.903
2.919
2.912
2.86
2.742
2.588
2.475
2.382
2.282
2.218
2.211
2.225
2.266
2.363
2.452
2.486
2.47
2.461
2.472
2.502
2.504
2.495
2.527
2.579
2.59
2.586
2.645
2.767
2.908
3.04
3.142
3.221
3.325
3.466
3.566
3.6
3.613
3.629
3.636
3.647
3.67
3.711
3.772
3.865
3.963
4.026
4.092
4.18
4.271
4.31
4.303
4.253
4.178
4.126
4.135
4.164
4.135
4.081
4.072
4.121
4.192
4.233
4.273
4.323
4.378
4.407
4.391
4.366
4.38
4.394
4.33
4.199
4.081
4.053
4.078
4.062
3.985
3.879
3.765
3.616
3.418
3.219
3.062
2.926
2.747
2.529
2.32
2.157
2.012
1.912
1.846
1.778
1.687
1.585
1.483
1.395
1.311
1.161
1.014
0.928
0.907
0.921
0.932
0.982
1.1
1.238
1.327
1.381
1.472
1.61
1.719
1.74
1.694
1.658
1.681
1.749
1.848
1.998
2.198
2.391
2.515
2.608
2.715
2.833
2.931
2.965
2.944
2.935
3.001
3.119
3.259
3.386
3.507
3.659
3.804
3.908
3.992
4.072
4.142
4.155
4.081
3.947
3.829
3.761
3.725
3.693
3.663
3.636
3.622
3.591
3.527
3.455
3.334
3.155
2.962
2.785
2.606
2.445
2.348
2.334
2.327
2.293
2.277
2.307
2.348
2.354
2.268
2.114
1.957
1.83
1.762
1.769
1.806
1.833
1.867
1.903
1.935
1.962
1.996
1.987
1.928
1.835
1.756
1.681
1.585
1.526
1.524
1.513
1.515
1.551
1.642
1.76
1.883
1.985
2.023
1.969
1.855
1.767
1.706
1.638
1.567
1.565
1.635
1.731
1.821
1.907
1.975
1.982
1.962
1.955
1.926
1.862
1.803
1.803
1.853
1.851
1.769
1.676
1.631
1.626
1.629
1.606
1.536
1.433
1.338
1.279
1.252
1.191
1.086
0.993
0.934
0.896
0.875
0.855
0.832
0.812
0.755
0.655
0.551
0.451
0.406
0.385
0.322
0.229
0.17
0.161
0.202
0.265
0.283
0.222
0.15
0.175
0.304
0.413
0.46
0.47
0.501
0.512
0.488
0.458
0.438
0.417
0.383
0.363
0.345
0.338
0.374
0.488
0.642
0.769
0.821
0.875
0.943
0.968
0.955
0.921
0.871
0.819
0.801
0.81
0.832
0.862
0.912
1.027
1.202
1.338
1.363
1.359
1.415
1.472
1.454
1.356
1.238
1.143
1.102
1.057
1.012
0.964
0.898
0.857
0.823
0.796
0.733
0.624
0.492
0.385
0.299
0.238
0.222
0.297
0.41
0.447
0.417
0.365
0.331
0.32
0.302
0.243
0.131
0.027
-0.052
-0.068
0.014
0.154
0.295
0.413
0.517
0.619
0.651
0.581
0.431
0.22
-0.014
-0.218
-0.381
-0.51
-0.587
-0.592
-0.522
-0.454
-0.419
-0.385
-0.324
-0.279
-0.358
-0.587
-0.81
-0.905
-0.934
-0.998
-1.059
-1.046
-0.937
-0.769
-0.597
-0.472
-0.415
-0.413
-0.472
-0.587
-0.737
-0.903
-1.068
-1.123
-1.03
-0.878
-0.755
-0.642
-0.531
-0.431
-0.376
-0.417
-0.56
-0.758
-0.971
-1.152
-1.248
-1.284
-1.25
-1.116
-0.905
-0.719
-0.597
-0.497
-0.367
-0.263
-0.297
-0.485
-0.737
-0.955
-1.077
-1.059
-0.946
-0.86
-0.814
-0.724
-0.569
-0.413
-0.367
-0.438
-0.553
-0.633
-0.683
-0.798
-0.968
-1.077
-1.084
-1.068
-1.08
-1.086
-1.036
-0.978
-0.966
-0.973
-1.023
-1.121
-1.202
-1.227
-1.238
-1.277
-1.304
-1.248
-1.125
-1.027
-1.052
-1.134
-1.189
-1.229
-1.286
-1.352
-1.445
-1.599
-1.774
-1.869
-1.887
-1.919
-2.005
-2.06
-2.003
-1.93
-1.982
-2.196
-2.454
-2.649
-2.828
-3.046
-3.212
-3.23
-3.207
-3.216
-3.212
-3.155
-3.078
-3.03
-3.001
-2.985
-3.046
-3.207
-3.357
-3.405
-3.346
-3.235
-3.144
-3.067
-2.958
-2.801
-2.658
-2.54
-2.465
-2.463
-2.515
-2.574
-2.626
-2.677
-2.656
-2.509
-2.243
-1.989
-1.817
-1.678
-1.524
-1.424
-1.483
-1.635
-1.744
-1.796
-1.894
-2.032
-2.066
-1.946
-1.801
-1.697
-1.554
-1.427
-1.415
-1.54
-1.701
-1.814
-1.935
-2.094
-2.259
-2.348
-2.357
-2.341
-2.32
-2.273
-2.234
-2.223
-2.227
-2.214
-2.225
-2.327
-2.488
-2.556
-2.531
-2.504
-2.513
-2.477
-2.388
-2.309
-2.298
-2.284
-2.225
-2.202
-2.293
-2.436
-2.534
-2.59
-2.636
-2.656
-2.597
-2.486
-2.427
-2.42
-2.393
-2.363
-2.386
-2.475
-2.586
-2.708
-2.849
-2.987
-3.06
-3.01
-2.899
-2.754
-2.558
-2.343
-2.239
-2.261
-2.354
-2.443
-2.55
-2.708
-2.869
-2.98
-3.017
-2.976
-2.867
-2.699
-2.543
-2.436
-2.363
-2.302
-2.314
-2.429
-2.633
-2.794
-2.894
-3.01
-3.146
-3.169
-3.046
-2.881
-2.801
-2.781
-2.735
-2.711
-2.742
-2.794
-2.835
-2.878
-2.976
-3.064
-3.014
-2.851
-2.717
-2.652
-2.536
-2.334
-2.175
-2.141
-2.166
-2.223
-2.314
-2.409
-2.463
-2.445
-2.388
-2.314
-2.191
-2.041
-1.969
-1.975
-1.941
-1.853
-1.828
-1.93
-2.089
-2.209
-2.266
-2.284
-2.273
-2.2
-2.041
-1.885
-1.794
-1.697
-1.585
-1.59
-1.669
-1.71
-1.69
-1.767
-1.939
-2.112
-2.164
-2.13
-2.146
-2.193
-2.218
-2.286
-2.445
-2.568
-2.629
-2.708
-2.847
-3.005
-3.123
-3.169
-3.167
-3.185
-3.216
-3.203
-3.253
-3.432
-3.62
-3.727
-3.852
-4.031
-4.18
-4.31
-4.418
-4.475
-4.464
-4.396
-4.305
-4.208
-4.106
-3.926
-3.772
-3.747
-3.749
-3.729
-3.731
-3.79
-3.842
-3.813
-3.677
-3.484
-3.273
-3.076
-2.844
-2.599
-2.434
-2.329
-2.236
-2.191
-2.2
-2.168
-2.044
-1.846
-1.64
-1.467
-1.338
-1.252
-1.25
-1.316
-1.338
-1.359
-1.422
-1.465
-1.431
-1.368
-1.284
-1.161
-1.046
-0.966
-0.934
-0.889
-0.814
-0.746
-0.735
-0.801
-0.857
-0.855
-0.894
-1.009
-1.075
-0.996
-0.837
-0.71
-0.646
-0.578
-0.485
-0.426
-0.41
-0.419
-0.483
-0.637
-0.789
-0.814
-0.755
-0.714
-0.694
-0.685
-0.714
-0.796
-0.912
-1
-1.018
-0.955
-0.88
-0.814
-0.73
-0.671
-0.655
-0.653
-0.687
-0.771
-0.878
-0.943
-0.948
-0.953
-1.068
-1.268
-1.413
-1.495
-1.608
-1.742
-1.812
-1.796
-1.762
-1.774
-1.769
-1.751
-1.719
-1.715
-1.767
-1.819
-1.871
-1.969
-2.048
-1.962
-1.796
-1.663
-1.554
-1.39
-1.218
-1.121
-1.089
-1.068
-1.064
-1.095
-1.145
-1.177
-1.136
-1.043
-0.928
-0.796
-0.696
-0.628
-0.56
-0.504
-0.451
-0.44
-0.476
-0.506
-0.472
-0.404
-0.383
-0.395
-0.306
-0.143
-0.075
-0.084
-0.077
-0.057
-0.079
-0.163
-0.258
-0.327
-0.388
-0.46
-0.472
-0.422
-0.406
-0.429
-0.408
-0.395
-0.449
-0.562
-0.678
-0.782
-0.934
-1.121
-1.263
-1.286
-1.182
-1.064
-1.023
-0.984
-0.914
-0.882
-0.914
-0.914
-0.862
-0.855
-0.941
-1.03
-1.032
-0.975
-0.941
-0.907
-0.835
-0.789
-0.782
-0.755
-0.701
-0.678
-0.692
-0.73
-0.769
-0.846
-0.946
-1.002
-0.991
-0.95
-0.93
-0.905
-0.81
-0.633
-0.444
-0.342
-0.288
-0.22
-0.161
-0.111
-0.054
0.048
0.188
0.313
0.392
0.488
0.572
0.574
0.56
0.637
0.782
0.83
0.794
0.812
0.923
1.041
1.121
1.225
1.363
1.513
1.631
1.703
1.749
1.783
1.78
1.712
1.619
1.499
1.388
1.327
1.345
1.395
1.424
1.429
1.465
1.531
1.549
1.477
1.306
1.098
0.891
0.696
0.553
0.424
0.254
0.063
-0.075
-0.218
-0.447
-0.689
-0.864
-1.014
-1.236
-1.511
-1.692
-1.751
-1.792
-1.905
-2.06
-2.141
-2.153
-2.177
-2.207
-2.216
-2.184
-2.13
-2.139
-2.214
-2.273
-2.245
-2.164
-2.062
-1.951
-1.853
-1.751
-1.579
-1.34
-1.152
-1.046
-0.939
-0.801
-0.724
-0.717
-0.678
-0.583
-0.485
-0.39
-0.286
-0.172
-0.036
0.102
0.236
0.365
0.488
0.61
0.712
0.835
0.975
1.084
1.132
1.143
1.145
1.123
1.08
1.046
1.032
0.993
0.925
0.862
0.839
0.837
0.826
0.812
0.812
0.828
0.86
0.912
0.978
1.018
1.064
1.098
1.098
1.032
0.964
0.966
1.048
1.139
1.191
1.275
1.422
1.54
1.592
1.638
1.663
1.672
1.656
1.583
1.492
1.44
1.436
1.474
1.517
1.565
1.599
1.597
1.588
1.619
1.653
1.663
1.683
1.697
1.69
1.678
1.674
1.687
1.724
1.776
1.862
1.96
2.003
1.967
1.894
1.821
1.765
1.737
1.767
1.876
2.026
2.118
2.166
2.221
2.28
2.28
2.239
2.209
2.207
2.143
2.005
1.901
1.889
1.96
2.048
2.123
2.187
2.248
2.291
2.311
2.325
2.343
2.341
2.316
2.314
2.329
2.316
2.277
2.264
2.289
2.284
2.243
2.234
2.252
2.193
2.035
1.864
1.712
1.606
1.529
1.433
1.336
1.306
1.311
1.322
1.334
1.329
1.3
1.238
1.159
1.123
1.095
1.016
0.896
0.803
0.762
0.73
0.692
0.66
0.651
0.612
0.535
0.474
0.438
0.392
0.317
0.236
0.22
0.263
0.274
0.302
0.397
0.51
0.572
0.578
0.578
0.615
0.649
0.617
0.587
0.635
0.714
0.762
0.773
0.812
0.848
0.869
0.919
1.057
1.186
1.229
1.236
1.218
1.127
0.982
0.851
0.751
0.673
0.599
0.531
0.501
0.526
0.565
0.585
0.621
0.683
0.719
0.708
0.637
0.551
0.508
0.501
0.526
0.581
0.662
0.719
0.733
0.717
0.696
0.673
0.646
0.615
0.597
0.551
0.44
0.272
0.107
-0.018
-0.12
-0.229
-0.327
-0.417
-0.501
-0.574
-0.621
-0.608
-0.565
-0.61
-0.742
-0.855
-0.905
-0.939
-0.987
-1.005
-0.989
-1.005
-1.073
-1.163
-1.263
-1.359
-1.418
-1.427
-1.386
-1.327
-1.302
-1.313
-1.316
-1.324
-1.399
-1.499
-1.572
-1.585
-1.554
-1.522
-1.499
-1.463
-1.404
-1.363
-1.345
-1.304
-1.227
-1.159
-1.116
-1.073
-0.984
-0.882
-0.823
-0.78
-0.701
-0.567
-0.433
-0.342
-0.311
-0.288
-0.249
-0.224
-0.24
-0.254
-0.243
-0.24
-0.243
-0.227
-0.211
-0.193
-0.179
-0.163
-0.125
-0.107
-0.136
-0.206
-0.295
-0.41
-0.528
-0.601
-0.626
-0.631
-0.633
-0.642
-0.639
-0.592
-0.497
-0.422
-0.376
-0.347
-0.327
-0.315
-0.302
-0.245
-0.159
-0.143
-0.181
-0.206
-0.197
-0.175
-0.127
-0.043
0.002
-0.009
-0.07
-0.116
-0.152
-0.224
-0.32
-0.376
-0.388
-0.395
-0.438
-0.456
-0.426
-0.356
-0.313
-0.327
-0.34
-0.333
-0.351
-0.385
-0.37
-0.299
-0.222
-0.179
-0.145
-0.084
-0.025
0.036
0.127
0.245
0.313
0.345
0.367
0.336
0.258
0.179
0.147
0.168
0.209
0.245
0.336
0.444
0.512
0.522
0.522
0.533
0.501
0.415
0.313
0.197
0.129
0.147
0.218
0.34
0.515
0.683
0.769
0.782
0.787
0.789
0.801
0.803
0.803
0.803
0.803
0.832
0.932
1.048
1.1
1.1
1.057
0.966
0.869
0.81
0.819
0.816
0.733
0.646
0.587
0.535
0.49
0.512
0.594
0.655
0.671
0.667
0.676
0.733
0.837
0.921
0.953
0.916
0.837
0.771
0.782
0.86
0.928
0.971
0.987
0.971
0.93
0.934
0.998
1.082
1.111
1.055
0.973
0.905
0.862
0.848
0.828
0.819
0.823
0.814
0.746
0.662
0.574
0.472
0.363
0.32
0.354
0.429
0.499
0.538
0.533
0.463
0.338
0.277
0.356
0.556
0.748
0.839
0.835
0.764
0.649
0.551
0.46
0.363
0.29
0.281
0.327
0.431
0.576
0.701
0.776
0.792
0.689
0.522
0.406
0.415
0.538
0.712
0.9
1.023
1.025
1.018
1.036
1.048
1.036
1.014
0.982
0.962
0.973
1.023
1.107
1.102
0.962
0.776
0.633
0.531
0.483
0.533
0.653
0.748
0.78
0.76
0.694
0.592
0.463
0.32
0.156
-0.041
-0.215
-0.295
-0.218
-0.061
0.02
-0.032
-0.116
-0.206
-0.288
-0.347
-0.383
-0.431
-0.476
-0.51
-0.528
-0.562
-0.633
-0.701
-0.762
-0.889
-1.034
-1.102
-1.064
-0.946
-0.826
-0.773
-0.803
-0.878
-0.928
-0.916
-0.882
-0.821
-0.751
-0.703
-0.646
-0.535
-0.385
-0.265
-0.17
-0.088
-0.014
0.079
0.172
0.256
0.365
0.504
0.626
0.683
0.671
0.68
0.801
0.987
1.116
1.177
1.189
1.182
1.195
1.27
1.37
1.44
1.461
1.422
1.324
1.257
1.189
1.048
0.839
0.642
0.444
0.195
-0.038
-0.19
-0.292
-0.444
-0.699
-0.984
-1.186
-1.272
-1.331
-1.431
-1.601
-1.814
-1.998
-2.171
-2.32
-2.411
-2.423
-2.413
-2.436
-2.525
-2.629
-2.656
-2.572
-2.438
-2.357
-2.345
-2.327
-2.275
-2.257
-2.261
-2.248
-2.23
-2.205
-2.198
-2.18
-2.141
-2.094
-2.057
-2.005
-1.935
-1.869
-1.828
-1.792
-1.769
-1.733
-1.64
-1.536
-1.39
-1.175
-0.946
-0.796
-0.678
-0.524
-0.338
-0.136
0.118
0.424
0.724
0.921
0.982
0.973
1.05
1.257
1.481
1.622
1.717
1.79
1.812
1.785
1.778
1.833
1.928
2.041
2.1
2.071
1.994
2.021
2.198
2.379
2.493
2.592
2.695
2.742
2.715
2.683
2.708
2.774
2.872
2.98
3.076
3.135
3.144
3.069
2.944
2.804
2.663
2.497
2.327
2.187
2.046
1.871
1.678
1.533
1.438
1.379
1.327
1.213
1.016
0.742
0.501
0.383
0.32
0.27
0.249
0.19
0.093
-0.011
-0.118
-0.184
-0.215
-0.227
-0.2
-0.181
-0.19
-0.213
-0.238
-0.258
-0.261
-0.279
-0.338
-0.435
-0.524
-0.631
-0.78
-0.95
-1.077
-1.121
-1.134
-1.159
-1.225
-1.306
-1.384
-1.39
-1.311
-1.241
-1.232
-1.272
-1.368
-1.538
-1.751
-1.912
-1.96
-1.91
-1.79
-1.638
-1.492
-1.429
-1.395
-1.334
-1.252
-1.168
-1.089
-1.055
-1.086
-1.125
-1.163
-1.175
-1.093
-0.928
-0.755
-0.578
-0.397
-0.213
-0.029
0.17
0.385
0.642
0.943
1.193
1.375
1.522
1.658
1.787
1.939
2.143
2.447
2.826
3.164
3.362
3.441
3.532
3.656
3.736
3.761
3.77
3.749
3.661
3.486
3.271
3.089
2.992
2.94
2.878
2.729
2.486
2.189
1.93
1.726
1.474
1.191
0.912
0.621
0.315
0.066
-0.113
-0.315
-0.526
-0.676
-0.769
-0.862
-0.975
-1.1
-1.197
-1.245
-1.238
-1.241
-1.232
-1.148
-1.08
-1.157
-1.338
-1.508
-1.608
-1.613
-1.549
-1.499
-1.499
-1.556
-1.649
-1.676
-1.629
-1.558
-1.499
-1.47
-1.529
-1.674
-1.84
-1.971
-2.06
-2.128
-2.168
-2.168
-2.125
-2.055
-1.951
-1.814
-1.617
-1.395
-1.245
-1.182
-1.123
-1.086
-1.157
-1.309
-1.411
-1.393
-1.234
-1.005
-0.726
-0.49
-0.351
-0.268
-0.159
-0.043
0.032
0.068
0.109
0.168
0.204
0.163
0.136
0.215
0.388
0.551
0.685
0.767
0.844
0.921
1.018
1.157
1.316
1.433
1.488
1.513
1.542
1.506
1.381
1.32
1.375
1.447
1.456
1.404
1.32
1.216
1.082
0.921
0.771
0.61
0.449
0.333
0.281
0.206
0.025
-0.19
-0.363
-0.512
-0.671
-0.803
-0.875
-0.914
-0.916
-0.878
-0.801
-0.665
-0.562
-0.556
-0.599
-0.635
-0.696
-0.776
-0.792
-0.653
-0.433
-0.236
-0.104
-0.011
0.075
0.188
0.317
0.415
0.478
0.549
0.649
0.785
0.857
0.832
0.819
0.882
0.946
0.987
1.034
1.129
1.248
1.345
1.386
1.397
1.386
1.365
1.343
1.336
1.354
1.354
1.324
1.318
1.395
1.511
1.556
1.547
1.502
1.42
1.318
1.195
1.111
1.089
1.059
1.012
0.966
0.946
0.905
0.801
0.719
0.676
0.615
0.51
0.424
0.379
0.342
0.29
0.227
0.188
0.17
0.147
0.131
0.129
0.122
0.075
0.002
-0.061
-0.095
-0.138
-0.163
-0.188
-0.211
-0.231
-0.249
-0.254
-0.261
-0.286
-0.324
-0.347
-0.392
-0.474
-0.538
-0.515
-0.424
-0.342
-0.304
-0.265
-0.175
-0.059
0.007
0.016
0.022
0.057
0.077
0.075
0.125
0.22
0.34
0.429
0.533
0.68
0.81
0.898
0.973
1.064
1.111
1.132
1.179
1.27
1.359
1.411
1.463
1.522
1.554
1.533
1.511
1.531
1.545
1.526
1.461
1.404
1.359
1.254
1.064
0.862
0.676
0.467
0.231
0.038
-0.109
-0.292
-0.49
-0.66
-0.819
-0.993
-1.17
-1.286
-1.359
-1.452
-1.563
-1.649
-1.692
-1.712
-1.731
-1.715
-1.685
-1.66
-1.635
-1.576
-1.477
-1.334
-1.202
-1.095
-1.018
-0.957
-0.905
-0.853
-0.789
-0.699
-0.585
-0.444
-0.281
-0.109
0.036
0.12
0.161
0.204
0.272
0.354
0.404
0.449
0.501
0.512
0.501
0.538
0.583
0.612
0.633
0.694
0.728
0.719
0.694
0.685
0.676
0.644
0.574
0.492
0.438
0.397
0.374
0.385
0.395
0.376
0.324
0.288
0.247
0.163
0.038
-0.084
-0.152
-0.215
-0.279
-0.32
-0.39
-0.517
-0.667
-0.805
-0.898
-0.968
-1.039
-1.095
-1.102
-1.098
-1.125
-1.163
-1.168
-1.139
-1.111
-1.139
-1.211
-1.284
-1.329
-1.359
-1.359
-1.329
-1.331
-1.384
-1.422
-1.413
-1.404
-1.436
-1.479
-1.472
-1.445
-1.433
-1.44
-1.472
-1.515
-1.563
-1.594
-1.567
-1.474
-1.363
-1.252
-1.077
-0.862
-0.685
-0.556
-0.451
-0.342
-0.234
-0.163
-0.088
0.05
0.215
0.322
0.413
0.517
0.608
0.617
0.56
0.504
0.494
0.517
0.51
0.504
0.519
0.528
0.47
0.347
0.249
0.136
0
-0.097
-0.172
-0.277
-0.361
-0.385
-0.356
-0.363
-0.456
-0.597
-0.699
-0.744
-0.782
-0.857
-0.939
-0.984
-1.036
-1.111
-1.163
-1.191
-1.202
-1.218
-1.234
-1.245
-1.229
-1.195
-1.139
-1.07
-1.05
-1.082
-1.139
-1.177
-1.197
-1.211
-1.207
-1.15
-1.059
-0.984
-0.928
-0.832
-0.669
-0.542
-0.51
-0.501
-0.422
-0.283
-0.165
-0.084
-0.018
0.022
0.059
0.077
0.104
0.147
0.204
0.24
0.254
0.231
0.193
0.188
0.193
0.163
0.079
-0.025
-0.125
-0.218
-0.308
-0.376
-0.406
-0.417
-0.481
-0.597
-0.703
-0.737
-0.721
-0.721
-0.792
-0.88
-0.934
-0.943
-0.923
-0.896
-0.9
-0.932
-0.971
-1.021
-1.059
-1.08
-1.064
-1.009
-0.968
-0.993
-1.043
-1.05
-0.991
-0.959
-0.98
-1.057
-1.145
-1.229
-1.318
-1.381
-1.384
-1.35
-1.331
-1.345
-1.377
-1.384
-1.338
-1.311
-1.375
-1.477
-1.531
-1.508
-1.47
-1.456
-1.463
-1.483
-1.52
-1.581
-1.626
-1.635
-1.597
-1.522
-1.449
-1.454
-1.495
-1.47
-1.365
-1.236
-1.173
-1.189
-1.229
-1.243
-1.227
-1.195
-1.148
-1.077
-1.027
-0.98
-0.955
-0.937
-0.871
-0.801
-0.823
-0.946
-1.012
-0.941
-0.846
-0.821
-0.805
-0.721
-0.601
-0.574
-0.646
-0.719
-0.751
-0.762
-0.828
-0.964
-1.105
-1.159
-1.109
-1.034
-1.009
-1.068
-1.145
-1.197
-1.241
-1.306
-1.329
-1.293
-1.204
-1.145
-1.152
-1.155
-1.091
-1.009
-0.964
-0.948
-0.912
-0.807
-0.689
-0.624
-0.603
-0.59
-0.531
-0.454
-0.433
-0.447
-0.379
-0.202
-0.036
0.038
0.038
0.043
0.063
0.043
-0.057
-0.22
-0.388
-0.515
-0.594
-0.678
-0.755
-0.792
-0.828
-0.882
-0.946
-1.021
-1.061
-1.093
-1.139
-1.213
-1.34
-1.479
-1.608
-1.753
-1.876
-1.973
-2.055
-2.13
-2.193
-2.252
-2.293
-2.207
-2.007
-1.858
-1.858
-1.869
-1.762
-1.617
-1.574
-1.656
-1.776
-1.871
-1.935
-1.957
-1.946
-1.88
-1.749
-1.604
-1.486
-1.375
-1.252
-1.155
-1.093
-1.016
-0.921
-0.855
-0.796
-0.708
-0.665
-0.742
-0.869
-0.957
-0.996
-0.982
-0.909
-0.762
-0.569
-0.383
-0.243
-0.097
0.097
0.32
0.508
0.597
0.597
0.558
0.501
0.406
0.29
0.197
0.125
0.041
-0.07
-0.168
-0.215
-0.209
-0.141
-0.066
-0.014
-0.009
-0.043
-0.084
-0.093
-0.07
-0.038
-0.043
-0.054
-0.025
-0.038
-0.116
-0.197
-0.254
-0.288
-0.281
-0.209
-0.084
0.084
0.252
0.363
0.438
0.531
0.653
0.724
0.694
0.642
0.624
0.617
0.583
0.512
0.435
0.338
0.215
0.116
0.05
-0.018
-0.077
-0.052
0.016
0.048
-0.004
-0.12
-0.261
-0.406
-0.533
-0.651
-0.742
-0.782
-0.821
-0.914
-1.03
-1.121
-1.213
-1.313
-1.399
-1.454
-1.463
-1.424
-1.379
-1.345
-1.293
-1.232
-1.184
-1.191
-1.25
-1.306
-1.34
-1.377
-1.436
-1.47
-1.483
-1.472
-1.422
-1.379
-1.363
-1.329
-1.254
-1.195
-1.155
-1.121
-1.109
-1.143
-1.2
-1.204
-1.123
-1.032
-1.014
-1.023
-1.009
-1.027
-1.077
-1.163
-1.263
-1.306
-1.254
-1.152
-1.055
-1.007
-0.987
-0.932
-0.857
-0.792
-0.719
-0.61
-0.506
-0.431
-0.367
-0.308
-0.288
-0.313
-0.365
-0.429
-0.47
-0.476
-0.429
-0.308
-0.181
-0.057
0.077
0.211
0.283
0.311
0.327
0.372
0.438
0.474
0.458
0.447
0.476
0.504
0.494
0.429
0.37
0.383
0.458
0.562
0.617
0.642
0.683
0.701
0.694
0.667
0.646
0.642
0.628
0.587
0.56
0.574
0.562
0.519
0.483
0.449
0.399
0.34
0.322
0.376
0.474
0.576
0.635
0.66
0.66
0.628
0.54
0.404
0.274
0.179
0.079
0.011
0.038
0.104
0.102
0.048
-0.011
-0.05
-0.029
0.02
0.032
0.016
0.007
-0.032
-0.095
-0.15
-0.172
-0.143
-0.111
-0.075
-0.02
0.043
0.057
0.004
-0.079
-0.143
-0.186
-0.218
-0.224
-0.195
-0.145
-0.088
-0.059
-0.025
0.007
0.032
0.036
0.029
0.036
0.036
0.009
-0.022
0.009
0.091
0.188
0.247
0.283
0.356
0.458
0.546
0.624
0.748
0.909
1.046
1.15
1.241
1.313
1.388
1.463
1.526
1.588
1.615
1.61
1.565
1.524
1.486
1.422
1.39
1.402
1.479
1.579
1.597
1.524
1.42
1.32
1.207
1.093
1.036
1.023
0.998
0.928
0.853
0.819
0.798
0.739
0.708
0.737
0.798
0.851
0.862
0.882
0.955
1.059
1.141
1.195
1.275
1.35
1.402
1.458
1.536
1.597
1.604
1.567
1.499
1.449
1.427
1.415
1.404
1.411
1.42
1.429
1.404
1.313
1.209
1.116
1.08
1.073
1.064
1.109
1.195
1.243
1.223
1.177
1.132
1.098
1.116
1.191
1.286
1.35
1.329
1.279
1.288
1.338
1.372
1.377
1.39
1.424
1.465
1.49
1.533
1.567
1.567
1.551
1.551
1.554
1.531
1.477
1.418
1.372
1.343
1.334
1.37
1.427
1.465
1.477
1.449
1.418
1.458
1.601
1.794
1.982
2.132
2.2
2.207
2.182
2.153
2.128
2.132
2.155
2.175
2.184
2.166
2.143
2.105
2.032
1.955
1.885
1.876
1.948
2.041
2.071
2.026
1.914
1.76
1.574
1.363
1.211
1.145
1.111
1.093
1.125
1.204
1.29
1.368
1.449
1.497
1.533
1.626
1.814
2.055
2.264
2.386
2.445
2.491
2.522
2.531
2.513
2.461
2.423
2.388
2.343
2.282
2.241
2.245
2.302
2.409
2.513
2.55
2.545
2.509
2.447
2.366
2.275
2.189
2.139
2.146
2.187
2.216
2.234
2.252
2.277
2.327
2.407
2.479
2.522
2.518
2.463
2.395
2.372
2.377
2.363
2.316
2.239
2.148
2.046
1.944
1.851
1.803
1.772
1.744
1.742
1.751
1.726
1.687
1.678
1.719
1.774
1.826
1.894
1.957
1.989
1.953
1.88
1.819
1.792
1.794
1.796
1.774
1.746
1.765
1.855
1.982
2.078
2.114
2.137
2.141
2.123
2.116
2.114
2.112
2.103
2.128
2.184
2.264
2.35
2.431
2.497
2.547
2.631
2.77
2.901
2.992
3.074
3.175
3.312
3.464
3.586
3.697
3.79
3.87
3.915
3.924
3.929
3.951
3.988
4.015
4.015
3.956
3.856
3.763
3.72
3.706
3.663
3.579
3.466
3.35
3.214
3.028
2.81
2.622
2.465
2.291
2.13
1.996
1.874
1.762
1.631
1.467
1.313
1.218
1.139
1.036
0.896
0.787
0.719
0.701
0.71
0.721
0.703
0.626
0.533
0.458
0.399
0.351
0.358
0.435
0.592
0.785
0.953
1.084
1.216
1.347
1.483
1.608
1.76
1.98
2.273
2.588
2.844
3.042
3.243
3.427
3.536
3.572
3.55
3.511
3.498
3.527
3.568
3.602
3.629
3.654
3.625
3.495
3.346
3.264
3.259
3.269
3.221
3.13
3.037
2.951
2.849
2.742
2.679
2.661
2.62
2.509
2.336
2.162
2.032
1.896
1.735
1.574
1.454
1.397
1.386
1.381
1.338
1.245
1.148
1.077
1.023
0.968
0.907
0.857
0.816
0.782
0.742
0.728
0.739
0.776
0.832
0.871
0.846
0.803
0.805
0.866
0.957
1.055
1.159
1.223
1.225
1.17
1.123
1.111
1.102
1.084
1.145
1.29
1.447
1.585
1.699
1.794
1.876
1.899
1.91
1.935
1.967
2.005
2.039
2.053
2.08
2.107
2.118
2.1
2.057
1.998
1.957
1.955
1.964
1.971
1.982
1.994
1.98
1.975
2.01
2.019
1.948
1.814
1.669
1.545
1.42
1.284
1.163
1.089
1.039
0.975
0.907
0.837
0.753
0.619
0.433
0.222
0.032
-0.134
-0.245
-0.311
-0.349
-0.37
-0.39
-0.44
-0.497
-0.512
-0.504
-0.501
-0.531
-0.569
-0.572
-0.551
-0.504
-0.431
-0.376
-0.351
-0.311
-0.227
-0.143
-0.12
-0.161
-0.186
-0.134
-0.077
-0.043
-0.002
0.086
0.224
0.401
0.546
0.633
0.708
0.814
0.941
1.052
1.139
1.197
1.277
1.375
1.42
1.438
1.481
1.572
1.663
1.712
1.697
1.653
1.606
1.574
1.574
1.524
1.438
1.375
1.329
1.245
1.077
0.885
0.748
0.678
0.594
0.499
0.426
0.392
0.358
0.286
0.19
0.068
-0.029
-0.079
-0.091
-0.086
-0.088
-0.097
-0.118
-0.19
-0.286
-0.347
-0.372
-0.397
-0.444
-0.504
-0.542
-0.556
-0.497
-0.376
-0.299
-0.342
-0.426
-0.451
-0.483
-0.59
-0.735
-0.871
-0.973
-1.034
-1.105
-1.175
-1.195
-1.175
-1.161
-1.141
-1.095
-1.075
-1.107
-1.159
-1.216
-1.252
-1.238
-1.179
-1.1
-1.043
-1.012
-0.978
-0.948
-0.991
-1.127
-1.297
-1.445
-1.556
-1.622
-1.656
-1.701
-1.751
-1.767
-1.735
-1.728
-1.801
-1.903
-1.971
-2.01
-2.026
-2.01
-1.953
-1.826
-1.683
-1.572
-1.463
-1.39
-1.39
-1.406
-1.359
-1.288
-1.211
-1.109
-1.009
-1
-1.057
-1.089
-1.066
-1.073
-1.136
-1.204
-1.284
-1.372
-1.422
-1.477
-1.565
-1.663
-1.749
-1.806
-1.826
-1.821
-1.785
-1.758
-1.735
-1.697
-1.663
-1.672
-1.665
-1.536
-1.377
-1.311
-1.293
-1.254
-1.232
-1.272
-1.334
-1.381
-1.445
-1.526
-1.606
-1.651
-1.629
-1.549
-1.495
-1.538
-1.629
-1.742
-1.887
-2.032
-2.128
-2.214
-2.273
-2.284
-2.273
-2.268
-2.298
-2.379
-2.479
-2.604
-2.735
-2.81
-2.831
-2.833
-2.792
-2.695
-2.588
-2.513
-2.515
-2.574
-2.665
-2.772
-2.897
-3.051
-3.209
-3.33
-3.414
-3.489
-3.495
-3.421
-3.391
-3.418
-3.45
-3.473
-3.498
-3.518
-3.559
-3.584
-3.552
-3.518
-3.486
-3.45
-3.432
-3.389
-3.3
-3.219
-3.137
-3.042
-2.924
-2.783
-2.611
-2.45
-2.311
-2.191
-2.109
-2.087
-2.112
-2.143
-2.184
-2.243
-2.318
-2.325
-2.298
-2.304
-2.327
-2.357
-2.4
-2.438
-2.491
-2.536
-2.565
-2.554
-2.527
-2.547
-2.629
-2.697
-2.704
-2.711
-2.774
-2.865
-2.942
-3.028
-3.105
-3.171
-3.235
-3.3
-3.337
-3.339
-3.364
-3.423
-3.484
-3.548
-3.62
-3.697
-3.774
-3.894
-4.003
-4.06
-4.051
-3.972
-3.894
-3.852
-3.779
-3.675
-3.604
-3.591
-3.6
-3.566
-3.466
-3.371
-3.312
-3.207
-3.035
-2.867
-2.781
-2.765
-2.758
-2.763
-2.772
-2.758
-2.72
-2.683
-2.624
-2.54
-2.454
-2.354
-2.268
-2.257
-2.28
-2.264
-2.225
-2.171
-2.089
-2.037
-2.026
-2.06
-2.132
-2.207
-2.261
-2.28
-2.264
-2.27
-2.323
-2.377
-2.402
-2.42
-2.431
-2.454
-2.495
-2.588
-2.711
-2.826
-2.94
-3.04
-3.108
-3.164
-3.221
-3.259
-3.312
-3.43
-3.577
-3.684
-3.783
-3.886
-3.951
-4.003
-4.069
-4.151
-4.214
-4.244
-4.271
-4.337
-4.369
-4.339
-4.355
-4.439
-4.518
-4.555
-4.539
-4.507
-4.491
-4.43
-4.33
-4.26
-4.226
-4.196
-4.14
-4.076
-4.022
-3.917
-3.761
-3.652
-3.62
-3.568
-3.464
-3.309
-3.13
-3.001
-2.924
-2.853
-2.794
-2.74
-2.658
-2.561
-2.42
-2.245
-2.159
-2.141
-2.082
-1.985
-1.923
-1.91
-1.935
-1.973
-2.041
-2.141
-2.266
-2.4
-2.525
-2.665
-2.822
-2.931
-3.012
-3.116
-3.209
-3.255
-3.282
-3.303
-3.337
-3.402
-3.473
-3.559
-3.697
-3.906
-4.083
-4.16
-4.174
-4.178
-4.144
-4.117
-4.115
-4.099
-4.042
-3.988
-3.947
-3.906
-3.886
-3.872
-3.856
-3.84
-3.783
-3.704
-3.668
-3.647
-3.625
-3.627
-3.661
-3.652
-3.572
-3.425
-3.259
-3.116
-3.051
-3.028
-2.987
-2.935
-2.915
-2.897
-2.851
-2.813
-2.792
-2.781
-2.794
-2.79
-2.765
-2.726
-2.652
-2.556
-2.504
-2.475
-2.447
-2.418
-2.384
-2.348
-2.334
-2.343
-2.343
-2.298
-2.277
-2.311
-2.348
-2.323
-2.261
-2.162
-2.073
-2.039
-2.026
-2.028
-2.082
-2.146
-2.15
-2.132
-2.173
-2.243
-2.293
-2.284
-2.211
-2.155
-2.157
-2.18
-2.182
-2.182
-2.207
-2.284
-2.368
-2.382
-2.363
-2.413
-2.518
-2.599
-2.615
-2.592
-2.563
-2.558
-2.597
-2.62
-2.592
-2.579
-2.649
-2.781
-2.883
-2.908
-2.915
-2.969
-3.06
-3.092
-3.048
-2.987
-2.971
-2.999
-2.978
-2.867
-2.776
-2.788
-2.801
-2.77
-2.717
-2.722
-2.776
-2.81
-2.806
-2.799
-2.822
-2.912
-3.024
-3.051
-2.983
-2.899
-2.874
-2.892
-2.853
-2.72
-2.556
-2.481
-2.457
-2.42
-2.366
-2.357
-2.431
-2.561
-2.622
-2.597
-2.547
-2.522
-2.538
-2.558
-2.554
-2.563
-2.613
-2.674
-2.679
-2.592
-2.495
-2.429
-2.388
-2.348
-2.275
-2.189
-2.146
-2.15
-2.112
-2.041
-2.032
-2.039
-2.012
-1.933
-1.824
-1.746
-1.701
-1.667
-1.626
-1.613
-1.608
-1.608
-1.604
-1.554
-1.47
-1.449
-1.542
-1.653
-1.694
-1.678
-1.651
-1.635
-1.644
-1.619
-1.567
-1.547
-1.588
-1.635
-1.61
-1.538
-1.504
-1.515
-1.551
-1.617
-1.731
-1.828
-1.885
-1.914
-1.933
-1.941
-1.935
-1.969
-2.05
-2.08
-2.003
-1.848
-1.71
-1.622
-1.57
-1.579
-1.601
-1.64
-1.703
-1.724
-1.672
-1.583
-1.495
-1.436
-1.422
-1.384
-1.329
-1.284
-1.25
-1.229
-1.193
-1.159
-1.179
-1.211
-1.202
-1.159
-1.161
-1.248
-1.345
-1.393
-1.415
-1.481
-1.54
-1.529
-1.463
-1.37
-1.327
-1.338
-1.354
-1.359
-1.345
-1.272
-1.148
-1.091
-1.077
-1.005
-0.848
-0.714
-0.655
-0.615
-0.549
-0.51
-0.576
-0.678
-0.744
-0.748
-0.705
-0.637
-0.562
-0.508
-0.497
-0.517
-0.531
-0.56
-0.624
-0.662
-0.642
-0.619
-0.676
-0.785
-0.823
-0.769
-0.726
-0.76
-0.83
-0.844
-0.846
-0.864
-0.83
-0.717
-0.635
-0.592
-0.522
-0.424
-0.358
-0.376
-0.447
-0.476
-0.467
-0.504
-0.551
-0.538
-0.524
-0.601
-0.714
-0.728
-0.608
-0.485
-0.442
-0.413
-0.361
-0.313
-0.295
-0.256
-0.138
-0.02
0.02
0.045
0.068
0.07
0.061
0.043
0.029
0.022
-0.007
-0.027
0.016
0.091
0.125
0.152
0.209
0.27
0.258
0.136
0.002
-0.082
-0.141
-0.227
-0.279
-0.215
-0.118
-0.109
-0.163
-0.204
-0.184
-0.082
0.095
0.302
0.456
0.483
0.426
0.415
0.429
0.422
0.426
0.512
0.621
0.651
0.599
0.56
0.599
0.649
0.642
0.637
0.714
0.841
0.921
0.946
0.955
0.968
0.991
1.007
0.998
0.982
0.957
0.955
0.939
0.864
0.764
0.755
0.828
0.891
0.871
0.805
0.81
0.862
0.88
0.819
0.755
0.785
0.871
0.93
0.973
0.991
0.948
0.864
0.816
0.841
0.909
0.975
1.046
1.163
1.293
1.352
1.402
1.481
1.57
1.563
1.495
1.511
1.631
1.735
1.758
1.774
1.81
1.848
1.905
2.035
2.196
2.261
2.277
2.354
2.499
2.608
2.638
2.656
2.726
2.813
2.81
2.742
2.692
2.658
2.59
2.509
2.477
2.465
2.452
2.447
2.47
2.472
2.409
2.298
2.239
2.284
2.291
2.245
2.234
2.277
2.307
2.3
2.311
2.348
2.363
2.314
2.239
2.191
2.182
2.189
2.184
2.162
2.137
2.159
2.214
2.323
2.468
2.599
2.722
2.887
3.053
3.157
3.169
3.169
3.225
3.264
3.269
3.287
3.348
3.402
3.427
3.452
3.482
3.5
3.477
3.414
3.373
3.38
3.398
3.373
3.346
3.348
3.318
3.219
3.103
3.035
3.005
2.942
2.856
2.79
2.747
2.767
2.86
2.955
3.001
2.978
2.976
3.06
3.201
3.316
3.405
3.504
3.575
3.568
3.543
3.557
3.575
3.577
3.595
3.681
3.833
3.992
4.128
4.248
4.355
4.441
4.541
4.673
4.829
4.94
4.972
4.974
5.031
5.124
5.174
5.258
5.41
5.541
5.559
5.496
5.437
5.401
5.376
5.326
5.242
5.165
5.088
5.004
4.924
4.859
4.766
4.684
4.67
4.736
4.747
4.652
4.589
4.607
4.591
4.527
4.487
4.482
4.5
4.511
4.503
4.498
4.516
4.561
4.586
4.636
4.732
4.797
4.813
4.845
4.874
4.868
4.843
4.845
4.87
4.859
4.788
4.775
4.834
4.865
4.854
4.829
4.825
4.84
4.872
4.886
4.922
5.011
5.108
5.162
5.165
5.128
5.06
5.024
5.063
5.128
5.174
5.147
5.092
5.072
5.11
5.158
5.219
5.324
5.464
5.587
5.628
5.641
5.7
5.775
5.816
5.857
5.875
5.832
5.766
5.72
5.709
5.696
5.675
5.675
5.809
6.047
6.249
6.328
6.349
6.36
6.333
6.254
6.163
6.131
6.104
6.07
6.077
6.113
6.077
5.963
5.884
5.811
5.662
5.498
5.451
5.498
5.557
5.593
5.621
5.646
5.612
5.439
5.265
5.16
5.072
4.97
4.902
4.861
4.813
4.766
4.768
4.804
4.831
4.829
4.852
4.888
4.895
4.902
4.942
4.963
4.965
4.952
4.92
4.881
4.806
4.718
4.686
4.745
4.793
4.804
4.865
5.02
5.201
5.353
5.419
5.428
5.462
5.539
5.58
5.587
5.578
5.559
5.523
5.437
5.324
5.267
5.242
5.224
5.247
5.292
5.294
5.283
5.303
5.36
5.378
5.33
5.231
5.188
5.247
5.31
5.31
5.283
5.231
5.151
5.101
5.124
5.178
5.212
5.258
5.339
5.376
5.342
5.344
5.401
5.412
5.319
5.183
5.067
5.004
4.949
4.861
4.793
4.791
4.766
4.688
4.666
4.729
4.723
4.623
4.537
4.487
4.43
4.353
4.301
4.28
4.264
4.21
4.117
4.006
3.915
3.899
3.933
3.945
3.908
3.881
3.917
4.006
4.067
4.065
4.081
4.112
4.092
4.024
3.958
3.922
3.894
3.838
3.749
3.64
3.597
3.631
3.699
3.752
3.752
3.736
3.722
3.663
3.62
3.629
3.604
3.529
3.5
3.527
3.532
3.563
3.647
3.743
3.772
3.729
3.684
3.672
3.681
3.681
3.691
3.688
3.65
3.62
3.668
3.745
3.777
3.756
3.767
3.82
3.856
3.858
3.881
3.949
3.985
3.924
3.824
3.79
3.845
3.924
3.988
4.065
4.137
4.176
4.228
4.312
4.344
4.301
4.219
4.155
4.112
4.074
4.042
4.006
3.981
3.965
3.897
3.706
3.482
3.357
3.314
3.257
3.148
3.053
3.014
3.019
3.026
2.992
2.933
2.842
2.722
2.568
2.395
2.27
2.189
2.112
2.035
1.967
1.899
1.874
1.905
1.971
2.014
2.003
1.944
1.855
1.751
1.674
1.629
1.542
1.409
1.282
1.218
1.236
1.334
1.445
1.506
1.488
1.436
1.395
1.377
1.37
1.354
1.32
1.286
1.263
1.295
1.375
1.474
1.545
1.567
1.522
1.467
1.445
1.445
1.486
1.524
1.474
1.399
1.395
1.413
1.384
1.347
1.356
1.386
1.345
1.225
1.093
1.034
1.018
0.966
0.841
0.673
0.546
0.522
0.544
0.592
0.658
0.694
0.662
0.599
0.531
0.463
0.404
0.342
0.256
0.17
0.113
0.113
0.204
0.327
0.406
0.404
0.342
0.292
0.256
0.19
0.097
0.016
-0.048
-0.145
-0.258
-0.324
-0.331
-0.292
-0.24
-0.243
-0.311
-0.379
-0.413
-0.438
-0.501
-0.635
-0.796
-0.941
-1.016
-0.971
-0.875
-0.807
-0.773
-0.773
-0.832
-0.928
-1.023
-1.111
-1.189
-1.272
-1.363
-1.399
-1.361
-1.272
-1.148
-1
-0.871
-0.83
-0.88
-0.98
-1.086
-1.218
-1.411
-1.649
-1.871
-1.985
-1.937
-1.794
-1.613
-1.431
-1.272
-1.15
-1.102
-1.125
-1.175
-1.211
-1.252
-1.311
-1.399
-1.474
-1.506
-1.467
-1.381
-1.297
-1.25
-1.207
-1.15
-1.129
-1.177
-1.268
-1.354
-1.42
-1.483
-1.56
-1.59
-1.526
-1.418
-1.352
-1.352
-1.406
-1.499
-1.567
-1.608
-1.685
-1.817
-1.937
-1.98
-1.964
-1.944
-1.923
-1.869
-1.776
-1.708
-1.719
-1.799
-1.903
-2.005
-2.094
-2.245
-2.486
-2.692
-2.774
-2.749
-2.726
-2.767
-2.838
-2.883
-2.897
-2.96
-3.098
-3.282
-3.445
-3.579
-3.654
-3.702
-3.752
-3.826
-3.894
-3.951
-4.017
-4.121
-4.196
-4.196
-4.18
-4.214
-4.253
-4.269
-4.253
-4.23
-4.205
-4.171
-4.099
-4.044
-4.017
-3.951
-3.836
-3.675
-3.513
-3.421
-3.4
-3.391
-3.366
-3.366
-3.414
-3.452
-3.409
-3.23
-2.951
-2.708
-2.538
-2.413
-2.343
-2.366
-2.461
-2.568
-2.679
-2.738
-2.697
-2.611
-2.547
-2.509
-2.477
-2.481
-2.511
-2.552
-2.613
-2.704
-2.785
-2.838
-2.89
-2.919
-2.955
-3.012
-3.067
-3.11
-3.164
-3.201
-3.223
-3.282
-3.409
-3.55
-3.677
-3.833
-4.031
-4.214
-4.335
-4.405
-4.432
-4.434
-4.437
-4.41
-4.35
-4.314
-4.357
-4.487
-4.664
-4.85
-4.983
-5.067
-5.131
-5.167
-5.158
-5.131
-5.094
-5.081
-5.108
-5.138
-5.174
-5.244
-5.312
-5.333
-5.308
-5.285
-5.256
-5.219
-5.199
-5.169
-5.115
-5.045
-5.017
-5.022
-5.038
-5.029
-5.011
-5.006
-4.974
-4.911
-4.843
-4.793
-4.736
-4.648
-4.498
-4.307
-4.14
-4.049
-4.056
-4.076
-4.076
-4.081
-4.056
-3.956
-3.845
-3.752
-3.645
-3.541
-3.436
-3.355
-3.318
