Unnamed: 3
Value
3.252
3.919
4.326
4.359
4.258
4.366
4.53
4.273
3.525
3.003
3.232
3.813
4.237
4.555
5.07
5.766
6.244
6.124
5.407
4.543
4.06
3.947
3.756
3.595
3.938
4.738
5.314
5.323
5.051
4.843
4.682
4.391
3.938
3.468
3.352
3.686
4.024
3.987
3.844
3.897
4.044
3.919
3.302
2.4
1.669
1.433
1.474
1.293
0.794
0.49
0.639
0.932
1.077
1.123
1.231
1.304
1.166
0.817
0.39
-0.015
-0.445
-1.068
-1.692
-1.923
-1.656
-1.279
-1.229
-1.481
-1.708
-1.776
-1.935
-2.314
-2.703
-2.858
-2.706
-2.341
-1.951
-1.66
-1.542
-1.558
-1.635
-1.858
-2.259
-2.699
-3.075
-3.35
-3.463
-3.393
-3.164
-2.903
-2.778
-2.844
-2.967
-2.928
-2.717
-2.567
-2.635
-2.76
-2.663
-2.379
-2.307
-2.622
-3.01
-3.144
-3.069
-3.01
-3.046
-3.048
-2.853
-2.577
-2.488
-2.574
-2.599
-2.42
-2.085
-1.828
-1.79
-1.812
-1.792
-1.794
-2.055
-2.597
-3.128
-3.482
-3.758
-4.042
-4.251
-4.198
-3.822
-3.404
-3.187
-3.112
-2.933
-2.556
-2.275
-2.338
-2.49
-2.352
-1.996
-1.86
-2.239
-2.935
-3.479
-3.792
-4.096
-4.473
-4.752
-4.763
-4.443
-4.074
-3.967
-4.09
-4.189
-4.244
-4.441
-4.831
-5.192
-5.21
-4.874
-4.482
-4.323
-4.414
-4.495
-4.491
-4.647
-5.122
-5.65
-5.898
-5.931
-5.922
-5.922
-5.823
-5.559
-5.328
-5.36
-5.603
-5.761
-5.686
-5.489
-5.4
-5.507
-5.678
-5.727
-5.671
-5.704
-5.886
-5.992
-5.759
-5.251
-4.834
-4.763
-4.883
-4.876
-4.802
-4.951
-5.342
-5.746
-5.895
-5.686
-5.326
-5.067
-4.915
-4.808
-4.856
-5.147
-5.494
-5.65
-5.548
-5.376
-5.165
-4.756
-4.11
-3.452
-3.021
-2.926
-3.175
-3.674
-4.216
-4.627
-4.951
-5.362
-5.736
-5.816
-5.598
-5.378
-5.306
-5.326
-5.326
-5.283
-5.328
-5.535
-5.673
-5.557
-5.344
-5.21
-5.196
-5.194
-5.101
-4.922
-4.831
-4.89
-4.949
-4.927
-4.924
-5.138
-5.552
-5.984
-6.188
-6.086
-5.915
-5.902
-5.95
-5.761
-5.348
-5.119
-5.362
-5.761
-5.92
-5.836
-5.788
-5.875
-5.868
-5.609
-5.215
-4.865
-4.582
-4.38
-4.3
-4.394
-4.623
-4.92
-5.167
-5.303
-5.453
-5.779
-6.104
-6.113
-5.956
-6.008
-6.335
-6.641
-6.741
-6.623
-6.408
-6.356
-6.483
-6.53
-6.351
-6.165
-6.142
-6.127
-5.94
-5.764
-5.816
-6.063
-6.317
-6.542
-6.893
-7.424
-7.932
-8.193
-8.163
-8.023
-7.884
-7.714
-7.406
-7.004
-6.773
-6.864
-7.124
-7.283
-7.238
-7.195
-7.304
-7.437
-7.472
-7.428
-7.315
-7.206
-7.245
-7.322
-7.175
-6.823
-6.526
-6.347
-6.067
-5.616
-5.319
-5.342
-5.362
-5.163
-4.963
-4.976
-5.083
-5.119
-5.142
-5.244
-5.383
-5.439
-5.428
-5.36
-5.144
-4.795
-4.364
-3.786
-3.028
-2.202
-1.497
-0.989
-0.667
-0.522
-0.558
-0.742
-1.061
-1.431
-1.83
-2.268
-2.679
-2.917
-2.917
-2.758
-2.645
-2.565
-2.225
-1.488
-0.721
-0.315
-0.106
0.392
1.143
1.576
1.508
1.383
1.542
1.656
1.304
0.667
0.222
0.059
-0.172
-0.649
-1.118
-1.302
-1.195
-0.93
-0.605
-0.281
0.025
0.367
0.689
0.814
0.696
0.537
0.567
0.71
0.723
0.537
0.392
0.415
0.392
0.093
-0.333
-0.503
-0.41
-0.44
-0.744
-1.016
-1.011
-0.907
-0.943
-1.041
-1.068
-0.998
-0.887
-0.878
-1.037
-1.173
-1.138
-1.023
-1.032
-1.147
-1.17
-1.1
-0.993
-0.878
-0.841
-0.923
-0.957
-0.885
-0.959
-1.37
-1.81
-1.928
-1.86
-1.998
-2.359
-2.558
-2.47
-2.336
-2.384
-2.613
-2.783
-2.776
-2.676
-2.593
-2.518
-2.434
-2.323
-2.202
-2.023
-1.76
-1.583
-1.638
-1.882
-2.164
-2.373
-2.515
-2.595
-2.588
-2.567
-2.613
-2.558
-2.311
-2.064
-2.041
-2.132
-2.091
-2.041
-2.207
-2.554
-2.928
-3.266
-3.5
-3.654
-3.781
-3.786
-3.608
-3.514
-3.67
-3.917
-4.071
-4.155
-4.314
-4.555
-4.72
-4.782
-4.797
-4.793
-4.754
-4.641
-4.427
-4.178
-4.028
-4.078
-4.28
-4.468
-4.641
-4.927
-5.296
-5.562
-5.671
-5.732
-5.861
-6.011
-6.029
-5.924
-5.909
-5.999
-6.045
-5.947
-5.634
-5.308
-5.233
-5.314
-5.142
-4.672
-4.403
-4.691
-5.267
-5.369
-4.668
-3.867
-3.672
-3.808
-3.62
-3.243
-3.191
-3.498
-3.802
-3.892
-3.799
-3.704
-3.745
-3.897
-3.971
-3.79
-3.432
-3.284
-3.457
-3.472
-3.148
-2.98
-3.178
-3.266
-2.89
-2.325
-1.964
-1.91
-1.982
-1.991
-1.991
-2.153
-2.529
-2.881
-2.828
-2.263
-1.54
-1.089
-1.068
-1.229
-1.179
-0.882
-0.662
-0.678
-0.583
-0.131
0.335
0.467
0.376
0.397
0.68
0.95
0.848
0.506
0.424
0.846
1.313
1.372
1.159
1.125
1.506
2.141
2.608
2.69
2.647
2.831
3.153
3.32
3.266
3.205
3.28
3.366
3.262
2.844
2.273
1.957
2.034
2.173
2.123
2.08
2.214
2.314
2.162
1.989
2.091
2.4
2.695
2.915
3.107
3.271
3.296
3.101
2.724
2.391
2.243
2.259
2.191
1.878
1.399
1.089
1.125
1.329
1.356
1.184
1.129
1.313
1.499
1.456
1.334
1.458
1.846
2.155
2.2
2.202
2.441
2.783
2.826
2.511
2.189
2.096
2.075
1.885
1.44
0.953
0.687
0.719
0.862
0.916
0.969
1.238
1.662
1.971
2.157
2.3
2.436
2.558
2.624
2.549
2.336
2.216
2.298
2.42
2.404
2.314
2.23
2.064
1.819
1.64
1.656
1.662
1.506
1.42
1.631
2.069
2.527
2.924
3.23
3.457
3.531
3.414
3.2
3.032
2.919
2.749
2.402
1.944
1.678
1.792
2.066
2.166
2.025
1.794
1.633
1.645
1.753
1.776
1.753
1.889
2.2
2.558
2.797
2.935
3.137
3.32
3.284
3.123
3.003
2.881
2.715
2.497
2.2
1.855
1.549
1.293
1.121
1.063
1.173
1.345
1.42
1.44
1.574
1.823
2.034
2.094
1.996
1.81
1.742
1.842
1.928
1.828
1.587
1.39
1.318
1.288
1.202
1
0.717
0.424
0.209
0.15
0.222
0.299
0.313
0.345
0.569
0.894
0.993
0.807
0.637
0.685
0.789
0.785
0.674
0.551
0.49
0.44
0.365
0.27
0.165
0.125
0.181
0.29
0.383
0.456
0.49
0.524
0.614
0.689
0.717
0.782
1.009
1.268
1.406
1.438
1.513
1.638
1.574
1.306
1.086
1.041
1.114
1.254
1.42
1.57
1.662
1.683
1.713
1.787
1.812
1.746
1.71
1.781
1.919
2.019
2.064
2.123
2.164
2.082
1.951
1.93
2.041
2.153
2.205
2.277
2.397
2.543
2.71
2.847
2.944
3.044
3.051
2.928
2.765
2.64
2.497
2.254
1.914
1.592
1.395
1.343
1.32
1.218
1.084
1.034
1.084
1.123
1.082
1.084
1.22
1.381
1.409
1.399
1.554
1.869
2.216
2.431
2.52
2.563
2.552
2.406
2.102
1.769
1.524
1.37
1.191
0.982
0.83
0.71
0.583
0.454
0.345
0.24
0.07
-0.129
-0.288
-0.41
-0.503
-0.49
-0.361
-0.102
0.213
0.544
0.907
1.152
1.152
0.984
0.812
0.71
0.594
0.351
0.031
-0.258
-0.426
-0.497
-0.574
-0.671
-0.726
-0.819
-0.984
-1.123
-1.163
-1.114
-0.966
-0.773
-0.642
-0.653
-0.737
-0.694
-0.528
-0.481
-0.601
-0.689
-0.603
-0.522
-0.639
-0.817
-0.83
-0.691
-0.544
-0.435
-0.213
0.19
0.614
0.85
0.907
0.905
0.941
1.009
0.973
0.739
0.442
0.354
0.537
0.762
0.837
0.873
1.025
1.206
1.295
1.268
1.213
1.272
1.477
1.678
1.751
1.735
1.735
1.796
1.885
1.917
1.86
1.76
1.681
1.651
1.706
1.821
1.964
2.168
2.479
2.878
3.278
3.647
3.994
4.287
4.493
4.634
4.7
4.645
4.464
4.258
4.13
4.062
3.933
3.702
3.452
3.307
3.314
3.346
3.268
3.142
3.171
3.468
3.795
3.886
3.838
3.908
4.142
4.296
4.273
4.258
4.28
4.248
4.128
4.003
3.86
3.67
3.457
3.196
2.883
2.579
2.309
2.012
1.744
1.638
1.71
1.755
1.574
1.254
1.063
1.105
1.195
1.161
1.079
1.177
1.449
1.767
1.957
1.896
1.742
1.713
1.674
1.327
0.812
0.483
0.431
0.454
0.41
0.37
0.474
0.789
1.17
1.422
1.558
1.719
1.914
2.078
2.166
2.252
2.406
2.597
2.688
2.647
2.558
2.443
2.307
2.085
1.749
1.313
0.891
0.655
0.623
0.694
0.9
1.358
1.987
2.545
2.946
3.302
3.706
4.055
4.203
4.137
3.99
3.788
3.543
3.327
3.169
3.005
2.828
2.699
2.633
2.554
2.459
2.443
2.538
2.613
2.611
2.676
2.903
3.21
3.441
3.522
3.536
3.602
3.72
3.702
3.42
3.096
3.06
3.268
3.416
3.384
3.368
3.595
4.024
4.389
4.489
4.394
4.3
4.28
4.207
3.951
3.652
3.495
3.459
3.407
3.243
3.139
3.318
3.654
3.824
3.788
3.774
3.965
4.23
4.389
4.384
4.41
4.582
4.802
4.902
4.888
4.936
5.156
5.412
5.484
5.362
5.292
5.464
5.832
6.104
6.043
5.779
5.766
6.106
6.387
6.338
6.108
5.936
5.827
5.652
5.303
4.963
4.908
5.156
5.391
5.43
5.464
5.779
6.349
6.868
7.222
7.54
7.932
8.302
8.454
8.381
8.234
8.157
8.139
7.996
7.589
7.088
6.846
6.95
7.07
6.952
6.78
6.839
7.068
7.188
7.088
6.92
6.939
7.156
7.301
7.263
7.19
7.204
7.247
7.229
7.054
6.712
6.403
6.301
6.319
6.31
6.46
6.941
7.401
7.444
7.313
7.44
7.664
7.412
6.605
5.872
5.51
4.949
4.153
3.987
4.28
3.935
3.11
3.026
3.69
3.892
3.221
2.647
3.014
3.754
3.942
3.77
3.751
3.842
3.928
3.865
3.851
4.028
3.634
2.159
0.771
0.61
0.896
0.41
-0.535
-0.658
0.349
1.263
1.35
1.395
1.687
1.495
0.791
0.422
0.807
1.302
1.066
0.131
-0.594
-0.526
-0.102
-0.031
-0.424
-0.703
-0.63
-0.419
-0.036
0.345
0.247
-0.136
-0.059
0.587
0.927
0.474
0.073
0.537
1.116
0.791
0.045
-0.15
0.204
0.469
0.231
-0.102
0.179
0.782
0.871
0.535
0.626
1.241
1.667
1.379
0.807
0.705
0.98
1.105
1.159
1.254
1.07
0.843
1.027
1.295
0.989
0.272
-0.138
0.004
0.331
0.408
0.379
0.571
0.973
1.222
1.032
0.635
0.501
0.331
-0.476
-1.517
-1.91
-1.751
-1.969
-2.853
-3.702
-3.906
-3.72
-3.806
-4.23
-4.487
-4.153
-3.545
-3.142
-2.998
-3.019
-3.128
-3.089
-2.838
-2.801
-3.28
-4.112
-4.775
-4.924
-4.861
-5.079
-5.403
-5.469
-5.439
-5.489
-5.398
-5.065
-4.722
-4.731
-5.074
-5.156
-4.609
-3.924
-3.668
-3.783
-3.947
-3.94
-3.729
-3.475
-3.268
-3.271
-3.575
-3.847
-3.579
-2.865
-2.241
-2.017
-1.985
-1.726
-1.159
-0.721
-0.696
-0.864
-0.995
-1.05
-1.077
-1.091
-1.077
-1.061
-0.966
-0.655
-0.37
-0.331
-0.242
0.099
0.424
0.487
0.462
0.698
1.157
1.386
1.352
1.49
1.964
2.463
2.534
2.08
1.629
1.615
1.678
1.406
1.009
0.943
1.32
1.817
2.173
2.495
2.862
3.071
3.032
2.912
2.749
2.443
2.025
1.578
1.227
1.059
1.059
1.191
1.343
1.397
1.411
1.558
1.844
2.043
1.991
1.873
1.994
2.198
2.186
1.959
1.658
1.393
1.102
0.623
0.097
-0.22
-0.372
-0.569
-0.839
-0.969
-0.907
-0.828
-0.875
-0.905
-0.719
-0.406
-0.209
-0.209
-0.354
-0.608
-0.839
-0.98
-1.179
-1.57
-1.959
-2.089
-1.987
-1.955
-2.143
-2.336
-2.361
-2.282
-2.261
-2.454
-2.695
-2.76
-2.701
-2.618
-2.466
-2.25
-2.13
-2.3
-2.645
-2.899
-2.962
-3.048
-3.271
-3.4
-3.271
-3.037
-2.851
-2.606
-2.341
-2.173
-2.075
-1.973
-1.862
-1.878
-2.057
-2.257
-2.343
-2.413
-2.649
-2.98
-3.123
-2.976
-2.735
-2.549
-2.393
-2.094
-1.669
-1.438
-1.483
-1.545
-1.47
-1.367
-1.37
-1.451
-1.44
-1.25
-1.011
-0.932
-0.995
-1.005
-0.882
-0.691
-0.546
-0.46
-0.379
-0.225
-0.068
-0.027
-0.141
-0.363
-0.623
-0.807
-0.869
-0.85
-0.753
-0.605
-0.456
-0.376
-0.363
-0.265
-0.041
0.111
0.077
0.027
0.152
0.433
0.671
0.771
0.773
0.71
0.574
0.39
0.143
-0.183
-0.544
-0.955
-1.402
-1.73
-1.837
-1.969
-2.359
-2.828
-3.103
-3.182
-3.273
-3.5
-3.844
-4.103
-4.207
-4.38
-4.782
-5.242
-5.516
-5.675
-5.977
-6.544
-7.147
-7.474
-7.662
-8.143
-8.962
-9.735
-10.189
-10.312
-10.35
-10.45
-10.416
-10.092
-9.728
-9.722
-10.078
-10.398
-10.391
-10.216
-10.255
-10.611
-10.976
-11.078
-11.101
-11.344
-11.806
-12.212
-12.362
-12.324
-12.319
-12.362
-12.185
-11.611
-10.867
-10.273
-9.88
-9.515
-9.035
-8.572
-8.379
-8.388
-8.3
-7.952
-7.474
-7.161
-7.102
-6.948
-6.428
-5.714
-5.19
-4.89
-4.446
-3.686
-3.001
-2.772
-2.878
-2.939
-2.731
-2.452
-2.357
-2.35
-2.034
-1.266
-0.44
0.036
0.302
0.726
1.299
1.599
1.445
1.225
1.315
1.692
2.001
2.134
2.214
2.359
2.497
2.49
2.391
2.298
2.286
2.415
2.679
2.935
3.166
3.566
4.2
4.738
4.854
4.722
4.62
4.607
4.52
4.248
3.942
3.831
3.879
3.901
3.826
3.711
3.718
3.795
3.781
3.72
3.711
3.67
3.62
3.756
4.044
4.235
4.128
3.883
3.912
4.248
4.441
4.244
4.006
4.101
4.468
4.682
4.527
4.216
4.094
4.255
4.378
4.128
3.64
3.255
3.082
2.903
2.454
1.858
1.547
1.651
1.792
1.701
1.567
1.71
2.075
2.155
1.774
1.363
1.374
1.619
1.629
1.322
0.939
0.73
0.782
0.875
0.73
0.354
0.138
0.277
0.447
0.306
0.011
-0.122
-0.068
-0.009
-0.115
-0.372
-0.626
-0.785
-0.953
-1.222
-1.447
-1.447
-1.322
-1.297
-1.367
-1.358
-1.229
-1.068
-0.923
-0.843
-0.832
-0.76
-0.476
-0.081
0.22
0.399
0.571
0.735
0.766
0.655
0.471
0.293
0.057
-0.272
-0.665
-0.885
-0.823
-0.687
-0.689
-0.764
-0.698
-0.374
-0.038
0.013
-0.02
0.218
0.717
1.22
1.513
1.671
1.935
2.343
2.688
2.742
2.54
2.391
2.429
2.409
2.121
1.71
1.538
1.819
2.338
2.635
2.69
2.869
3.255
3.516
3.493
3.416
3.577
3.926
4.128
4.092
4.04
4.074
4.128
4.148
4.11
4.135
4.373
4.627
4.693
4.591
4.532
4.659
4.868
4.938
4.843
4.788
4.874
4.965
4.836
4.473
4.103
3.865
3.668
3.366
3.035
2.799
2.642
2.47
2.261
2.13
2.191
2.307
2.223
1.894
1.51
1.309
1.193
0.875
0.408
0.027
-0.209
-0.345
-0.422
-0.544
-0.701
-0.742
-0.599
-0.442
-0.576
-0.946
-1.238
-1.427
-1.694
-2.116
-2.608
-3.003
-3.232
-3.409
-3.643
-3.903
-4.101
-4.132
-4.015
-3.86
-3.743
-3.588
-3.357
-3.105
-2.806
-2.443
-2.127
-1.955
-1.978
-2.168
-2.316
-2.27
-2.259
-2.466
-2.615
-2.302
-1.694
-1.259
-1.177
-1.225
-1.091
-0.78
-0.642
-1.009
-1.578
-1.597
-1.046
-0.723
-1.048
-1.415
-1.179
-0.601
-0.387
-0.63
-0.762
-0.39
0.322
0.934
1.154
1.195
1.474
1.989
2.418
2.613
2.635
2.651
2.74
2.858
2.724
2.132
1.356
0.948
0.882
0.762
0.469
0.186
0.104
0.172
0.306
0.56
0.946
1.334
1.64
1.891
2.082
2.143
2.062
1.858
1.57
1.304
1.073
0.853
0.749
0.669
0.372
-0.05
-0.233
-0.097
0.075
0.013
-0.188
-0.251
-0.156
-0.073
-0.134
-0.29
-0.467
-0.696
-1.025
-1.39
-1.713
-2.08
-2.577
-3.005
-3.08
-2.928
-2.896
-3.053
-3.098
-2.801
-2.32
-2.01
-1.91
-1.865
-1.796
-1.687
-1.526
-1.334
-1.231
-1.29
-1.47
-1.667
-1.858
-2.037
-2.225
-2.4
-2.499
-2.552
-2.558
-2.415
-2.153
-1.923
-1.781
-1.542
-1.068
-0.567
-0.315
-0.245
-0.118
0.159
0.408
0.494
0.44
0.379
0.41
0.608
0.982
1.454
1.898
2.209
2.472
2.855
3.257
3.384
3.198
3.042
3.159
3.414
3.547
3.604
3.692
3.786
3.842
3.856
3.903
4.046
4.253
4.466
4.682
4.918
5.231
5.657
6.09
6.392
6.6
6.934
7.374
7.569
7.435
7.283
7.317
7.381
7.283
7.045
6.816
6.752
6.871
6.991
6.995
7.009
7.243
7.615
7.769
7.571
7.283
7.179
7.163
7
6.773
6.619
6.589
6.705
6.861
6.866
6.646
6.428
6.387
6.319
6.034
5.732
5.636
5.571
5.332
5.083
4.924
4.75
4.518
4.216
3.756
3.223
2.813
2.583
2.338
1.896
1.395
1.037
0.859
0.707
0.399
-0.022
-0.308
-0.367
-0.485
-0.898
-1.486
-1.933
-2.098
-2.102
-2.252
-2.635
-2.951
-2.942
-2.765
-2.815
-3.107
-3.23
-2.996
-2.703
-2.686
-2.849
-2.828
-2.583
-2.363
-2.395
-2.645
-2.883
-2.967
-3.021
-3.23
-3.493
-3.518
-3.355
-3.382
-3.704
-3.928
-3.804
-3.525
-3.434
-3.62
-3.867
-3.842
-3.472
-3.166
-3.216
-3.262
-2.819
-2.023
-1.32
-0.785
-0.154
0.653
1.418
1.939
2.227
2.347
2.363
2.334
2.164
1.758
1.343
1.17
1.141
1.134
1.184
1.297
1.393
1.424
1.499
1.683
1.991
2.461
3.107
3.77
4.284
4.672
5.044
5.337
5.484
5.437
5.276
5.09
4.865
4.598
4.489
4.688
5.04
5.26
5.358
5.548
5.786
5.825
5.68
5.575
5.591
5.695
5.743
5.682
5.6
5.546
5.4
5.054
4.636
4.328
4.006
3.57
3.196
3.105
3.219
3.366
3.488
3.663
3.915
4.119
4.137
4.046
3.931
3.747
3.466
3.175
3.012
2.917
2.722
2.441
2.207
2.102
2.05
1.937
1.744
1.465
1.114
0.848
0.769
0.717
0.531
0.199
-0.136
-0.279
-0.356
-0.605
-0.962
-1.193
-1.25
-1.279
-1.445
-1.633
-1.501
-1.039
-0.621
-0.458
-0.351
-0.045
0.326
0.492
0.487
0.399
0.254
0.068
-0.109
-0.281
-0.56
-0.969
-1.32
-1.524
-1.719
-2.001
-2.302
-2.436
-2.266
-1.969
-1.676
-1.266
-0.658
0.015
0.537
0.821
0.962
1.052
1.014
0.862
0.764
0.834
0.914
0.834
0.744
0.832
0.921
0.828
0.701
0.669
0.674
0.623
0.551
0.449
0.313
0.209
0.251
0.401
0.415
0.231
0.02
-0.061
-0.093
-0.204
-0.31
-0.286
-0.179
-0.057
0.081
0.209
0.313
0.485
0.639
0.628
0.501
0.403
0.317
0.106
-0.177
-0.349
-0.383
-0.361
-0.29
-0.215
-0.27
-0.403
-0.458
-0.426
-0.476
-0.696
-0.911
-0.891
-0.685
-0.528
-0.517
-0.515
-0.381
-0.225
-0.283
-0.569
-0.81
-0.871
-0.862
-0.871
-0.819
-0.623
-0.274
0.156
0.454
0.569
0.687
0.873
0.964
0.841
0.537
0.213
0.043
0.075
0.227
0.319
0.331
0.456
0.785
1.105
1.209
1.138
1.041
0.975
0.93
0.875
0.855
0.907
1.086
1.379
1.626
1.728
1.751
1.758
1.751
1.79
1.917
2.046
2.159
2.327
2.665
3.123
3.522
3.783
3.951
4.067
4.094
3.91
3.531
3.121
2.781
2.54
2.445
2.502
2.547
2.552
2.683
2.983
3.33
3.631
3.944
4.355
4.831
5.208
5.376
5.412
5.484
5.564
5.458
5.112
4.729
4.45
4.2
3.822
3.343
3.06
3.058
3.091
3.069
3.13
3.33
3.602
3.908
4.092
3.974
3.679
3.556
3.615
3.522
3.107
2.642
2.393
2.343
2.347
2.191
1.869
1.676
1.713
1.724
1.592
1.449
1.433
1.556
1.733
1.876
2.028
2.184
2.159
1.814
1.309
0.843
0.46
0.156
-0.081
-0.302
-0.465
-0.494
-0.483
-0.614
-0.88
-1.007
-0.914
-0.753
-0.71
-0.757
-0.712
-0.515
-0.39
-0.501
-0.73
-0.937
-1.116
-1.306
-1.549
-1.849
-2.087
-2.166
-2.175
-2.214
-2.239
-2.171
-2.064
-2.01
-2.003
-2.055
-2.223
-2.425
-2.527
-2.583
-2.713
-2.885
-2.976
-2.96
-2.906
-2.86
-2.833
-2.849
-2.93
-2.987
-2.992
-3.06
-3.262
-3.377
-3.225
-2.912
-2.645
-2.499
-2.406
-2.302
-2.173
-2.166
-2.445
-2.851
-3.075
-3.082
-3.11
-3.241
-3.404
-3.495
-3.454
-3.334
-3.35
-3.593
-3.851
-3.951
-3.915
-3.806
-3.699
-3.679
-3.69
-3.652
-3.582
-3.511
-3.52
-3.575
-3.606
-3.602
-3.615
-3.695
-3.865
-4.055
-4.099
-3.99
-3.924
-4.033
-4.275
-4.523
-4.668
-4.772
-4.936
-5.112
-5.194
-5.083
-4.804
-4.493
-4.226
-3.924
-3.498
-2.996
-2.52
-2.225
-2.513
-3.622
-4.766
-4.981
-4.763
-5.169
-5.75
-5.176
-3.602
-2.719
-3.522
-4.922
-5.358
-4.897
-4.713
-5.38
-6.353
-6.492
-5.255
-3.631
-3.135
-3.899
-4.632
-4.577
-4.478
-5.206
-6.424
-7.113
-6.766
-5.943
-5.766
-6.181
-5.904
-4.698
-3.99
-4.55
-5.135
-4.425
-3.171
-2.844
-3.4
-3.831
-3.781
-3.631
-3.82
-4.462
-5.124
-5.283
-5.128
-5.194
-5.566
-5.804
-5.779
-5.847
-6.151
-6.265
-5.814
-4.922
-4.11
-3.652
-3.334
-2.912
-2.558
-2.679
-3.511
-4.772
-5.591
-5.605
-5.528
-5.875
-6.099
-5.662
-5.072
-5.106
-5.72
-6.086
-5.766
-5.358
-5.666
-6.315
-6.213
-5.317
-4.684
-4.956
-5.686
-6.19
-6.197
-5.977
-6.02
-6.467
-6.771
-6.317
-5.503
-5.219
-5.539
-5.784
-5.614
-5.426
-5.655
-6.04
-5.972
-5.344
-4.818
-4.929
-5.332
-5.369
-5.108
-5.18
-5.807
-6.487
-6.666
-6.369
-6.061
-5.979
-5.97
-5.841
-5.704
-5.741
-5.866
-5.82
-5.53
-5.215
-5.099
-5.135
-5.128
-4.999
-4.983
-5.299
-5.807
-6.144
-6.129
-5.9
-5.895
-6.233
-6.546
-6.607
-6.684
-6.993
-7.329
-7.317
-6.923
-6.523
-6.419
-6.51
-6.467
-6.208
-6.165
-6.639
-7.181
-7.231
-6.982
-6.9
-6.993
-6.884
-6.371
-5.743
-5.451
-5.65
-6.083
-6.371
-6.403
-6.544
-7.027
-7.503
-7.537
-7.061
-6.469
-6.086
-5.859
-5.55
-5.135
-4.872
-4.918
-5.051
-4.997
-4.854
-4.824
-4.951
-5.07
-5.022
-4.718
-4.266
-3.899
-3.722
-3.674
-3.654
-3.627
-3.672
-3.867
-4.128
-4.26
-4.074
-3.461
-2.593
-1.821
-1.318
-1.127
-1.175
-1.209
-1.141
-1.215
-1.631
-2.155
-2.377
-2.168
-1.801
-1.581
-1.461
-1.241
-0.894
-0.685
-0.859
-1.234
-1.372
-1.161
-0.814
-0.44
-0.043
0.379
0.742
0.95
0.989
0.905
0.698
0.408
0.077
-0.281
-0.594
-0.921
-1.309
-1.533
-1.431
-1.152
-0.853
-0.555
-0.274
-0.038
0.09
0.031
-0.145
-0.308
-0.335
-0.238
-0.131
-0.045
0.17
0.508
0.785
0.866
0.76
0.628
0.469
0.043
-0.644
-1.238
-1.483
-1.422
-1.313
-1.263
-1.111
-0.728
-0.27
0.013
-0.029
-0.283
-0.424
-0.288
-0.041
0.036
-0.122
-0.335
-0.483
-0.617
-0.771
-0.866
-0.869
-0.857
-0.943
-1.107
-1.254
-1.365
-1.461
-1.622
-1.842
-1.973
-1.969
-1.873
-1.719
-1.529
-1.411
-1.454
-1.545
-1.535
-1.456
-1.501
-1.758
-2.132
-2.447
-2.593
-2.567
-2.441
-2.361
-2.427
-2.531
-2.556
-2.561
-2.699
-2.983
-3.273
-3.443
-3.566
-3.713
-3.87
-3.963
-3.965
-3.983
-4.053
-4.067
-3.985
-3.956
-4.083
-4.266
-4.416
-4.55
-4.736
-4.929
-4.942
-4.734
-4.45
-4.316
-4.434
-4.82
-5.312
-5.739
-6.079
-6.446
-6.893
-7.252
-7.351
-7.238
-7.127
-7.045
-6.825
-6.442
-6.113
-6.043
-6.228
-6.464
-6.596
-6.651
-6.737
-6.852
-6.914
-6.848
-6.673
-6.439
-6.202
-6.115
-6.206
-6.342
-6.365
-6.285
-6.26
-6.408
-6.668
-6.741
-6.428
-5.861
-5.407
-5.215
-5.165
-5.131
-5.022
-4.836
-4.736
-4.709
-4.609
-4.418
-4.207
-3.922
-3.529
-3.091
-2.774
-2.719
-2.776
-2.661
-2.461
-2.463
-2.679
-2.899
-2.906
-2.538
-2.01
-1.662
-1.551
-1.465
-1.209
-0.843
-0.601
-0.583
-0.581
-0.44
-0.081
0.433
0.946
1.338
1.739
2.162
2.409
2.438
2.373
2.311
2.298
2.323
2.379
2.461
2.586
2.715
2.803
2.903
3.114
3.379
3.538
3.634
3.745
3.758
3.572
3.379
3.432
3.692
3.89
3.956
4.067
4.321
4.595
4.693
4.636
4.536
4.328
3.992
3.679
3.423
3.094
2.747
2.597
2.71
2.926
3.032
2.896
2.676
2.635
2.772
2.912
2.958
3.08
3.398
3.69
3.72
3.582
3.384
3.23
3.216
3.223
2.958
2.418
1.948
1.692
1.554
1.293
0.862
0.535
0.492
0.689
1.007
1.35
1.687
2.066
2.468
2.733
2.822
2.89
2.994
2.985
2.858
2.765
2.776
2.79
2.633
2.336
2.039
1.862
1.891
1.969
1.842
1.597
1.529
1.821
2.338
2.835
3.121
3.282
3.414
3.479
3.459
3.366
3.207
3.012
2.806
2.579
2.352
2.096
1.805
1.653
1.758
2.041
2.393
2.699
2.937
3.166
3.393
3.534
3.534
3.436
3.339
3.293
3.232
3.107
2.994
2.996
3.007
2.915
2.776
2.658
2.49
2.266
2.017
1.849
1.833
1.869
1.851
1.801
1.792
1.819
1.833
1.765
1.685
1.613
1.397
1.073
0.873
0.83
0.778
0.73
0.76
0.839
0.948
1.077
1.141
1.075
1.034
1.161
1.25
1.136
0.914
0.728
0.639
0.63
0.574
0.31
-0.225
-0.821
-1.218
-1.44
-1.599
-1.665
-1.563
-1.241
-0.73
-0.218
0.038
0.059
0.077
0.179
0.209
0.093
-0.12
-0.37
-0.626
-0.894
-1.1
-1.157
-1.082
-1.041
-1.132
-1.302
-1.404
-1.286
-1.061
-1.005
-1.077
-1.03
-0.837
-0.698
-0.696
-0.76
-0.773
-0.646
-0.451
-0.347
-0.37
-0.397
-0.329
-0.263
-0.229
-0.134
0.099
0.39
0.665
0.986
1.315
1.493
1.481
1.361
1.225
1.095
0.932
0.655
0.283
-0.002
0.007
0.308
0.649
0.839
1
1.288
1.678
2.078
2.441
2.695
2.842
2.953
3.058
3.094
3.046
3.007
3.017
2.946
2.751
2.602
2.599
2.633
2.518
2.293
2.132
2.266
2.59
2.826
2.951
3.21
3.681
4.148
4.398
4.341
3.915
3.332
3.101
3.323
3.391
3.021
2.912
3.627
4.452
4.305
3.155
2.171
2.141
2.461
2.102
1.055
0.358
0.764
1.719
2.066
1.513
0.941
1.109
1.554
1.483
0.923
0.458
0.462
0.778
0.864
0.519
0.202
0.326
0.476
0.081
-0.581
-0.762
-0.37
-0.122
-0.426
-0.807
-0.68
-0.138
0.09
-0.513
-1.415
-1.683
-1.297
-1.15
-1.638
-2.155
-2.059
-1.551
-1.281
-1.517
-1.842
-1.681
-1.005
-0.358
-0.054
0.127
0.426
0.755
0.773
0.397
0.02
0.077
0.424
0.592
0.408
0.165
0.188
0.29
-0.027
-0.773
-1.27
-1.134
-0.744
-0.546
-0.39
0.109
0.962
1.781
2.155
2.118
2.069
2.273
2.57
2.595
2.316
2.186
2.422
2.681
2.57
2.085
1.556
1.288
1.234
1.089
0.846
0.9
1.388
1.882
2.05
2.141
2.425
2.774
2.81
2.329
1.685
1.467
1.783
2.168
2.184
1.964
2.017
2.468
2.939
3.11
3.03
2.939
3.091
3.543
3.86
3.706
3.239
2.928
2.903
2.926
2.865
2.826
2.858
2.785
2.583
2.441
2.354
2.123
1.717
1.431
1.515
1.905
2.331
2.543
2.599
2.822
3.289
3.615
3.491
3.221
3.212
3.411
3.618
3.776
3.874
3.854
3.76
3.688
3.52
3.128
2.602
2.207
2.025
1.955
1.887
1.862
1.933
2.046
2.179
2.318
2.397
2.334
2.123
1.876
1.71
1.685
1.762
1.871
1.955
2.041
2.284
2.635
2.903
2.98
2.894
2.738
2.579
2.361
2.098
1.796
1.474
1.261
1.243
1.29
1.29
1.322
1.409
1.435
1.283
1.05
0.862
0.719
0.61
0.599
0.714
0.953
1.27
1.54
1.574
1.429
1.406
1.561
1.572
1.302
1.079
1.123
1.268
1.347
1.377
1.318
1.105
0.885
0.83
0.841
0.812
0.78
0.839
0.957
1.068
1.191
1.377
1.479
1.429
1.39
1.431
1.451
1.395
1.334
1.281
1.302
1.49
1.719
1.755
1.728
1.907
2.27
2.522
2.593
2.679
2.871
3.098
3.282
3.384
3.448
3.597
3.881
4.121
4.2
4.21
4.294
4.394
4.341
4.112
3.879
3.783
3.838
3.983
4.101
4.226
4.455
4.675
4.772
4.75
4.74
4.904
5.231
5.498
5.594
5.659
5.888
6.219
6.401
6.281
6.122
6.149
6.265
6.303
6.301
6.369
6.467
6.469
6.331
6.115
5.915
5.852
5.927
5.988
5.952
5.927
6.029
6.279
6.61
6.866
6.959
6.952
6.882
6.71
6.496
6.319
6.16
5.904
5.512
5.169
5.06
5.108
5.128
5.18
5.426
5.814
6.156
6.383
6.553
6.782
7.084
7.351
7.412
7.333
7.324
7.424
7.46
7.331
7.04
6.607
6.099
5.63
5.235
4.922
4.818
4.938
5.11
5.201
5.317
5.566
5.907
6.174
6.27
6.228
6.124
5.99
5.861
5.795
5.752
5.639
5.448
5.342
5.326
5.326
5.319
5.276
5.174
5.135
5.215
5.215
5.035
4.881
4.854
4.936
5.049
5.072
4.899
4.654
4.498
4.371
4.185
3.886
3.545
3.307
3.25
3.323
3.393
3.389
3.346
3.332
3.402
3.527
3.579
3.436
3.184
3.051
3.023
2.958
2.878
2.853
2.876
2.851
2.626
2.207
1.814
1.631
1.69
1.919
2.13
2.223
2.273
2.361
2.386
2.263
2.1
1.985
1.837
1.501
0.957
0.397
0.05
-0.027
0.007
-0.015
0.007
0.265
0.665
0.957
1.07
1.132
1.215
1.356
1.592
1.749
1.667
1.515
1.504
1.601
1.651
1.563
1.347
1.125
1.043
0.986
0.682
0.127
-0.363
-0.565
-0.542
-0.449
-0.397
-0.406
-0.433
-0.37
-0.206
-0.02
0.177
0.383
0.567
0.633
0.578
0.503
0.492
0.458
0.261
-0.09
-0.474
-0.853
-1.211
-1.526
-1.896
-2.341
-2.778
-3.082
-3.293
-3.491
-3.677
-3.792
-3.781
-3.729
-3.734
-3.763
-3.683
-3.43
-3.15
-3.017
-3.028
-3.103
-3.189
-3.28
-3.377
-3.597
-4.017
-4.436
-4.586
-4.462
-4.287
-4.189
-4.058
-3.808
-3.509
-3.35
-3.339
-3.278
-3.048
-2.813
-2.887
-3.162
-3.23
-3.01
-2.838
-2.881
-2.928
-2.749
-2.441
-2.121
-1.794
-1.508
-1.229
-0.878
-0.492
-0.288
-0.27
-0.179
0.12
0.408
0.406
0.193
0.075
0.17
0.274
0.172
-0.066
-0.245
-0.27
-0.225
-0.231
-0.19
0.113
0.576
0.891
1.027
1.25
1.685
2.089
2.182
2.046
1.966
2.082
2.239
2.125
1.667
1.145
0.88
0.828
0.689
0.358
0.09
0.131
0.431
0.635
0.619
0.639
0.873
1.125
1.114
0.882
0.742
0.853
1.025
1.046
0.83
0.522
0.345
0.286
0.084
-0.376
-0.823
-1.002
-1.023
-1.098
-1.206
-1.161
-0.934
-0.723
-0.701
-0.814
-0.819
-0.68
-0.655
-0.934
-1.293
-1.388
-1.227
-1.102
-1.152
-1.261
-1.163
-0.896
-0.798
-0.995
-1.206
-1.215
-1.161
-1.306
-1.692
-2.094
-2.311
-2.377
-2.42
-2.522
-2.574
-2.359
-1.962
-1.651
-1.526
-1.415
-1.17
-0.909
-0.762
-0.662
-0.471
-0.229
-0.113
-0.209
-0.385
-0.537
-0.78
-1.243
-1.803
-2.216
-2.341
-2.289
-2.25
-2.259
-2.166
-1.837
-1.302
-0.755
-0.433
-0.227
0.068
0.465
0.837
1.073
1.109
1.023
0.943
0.864
0.701
0.422
0.102
-0.152
-0.34
-0.562
-0.832
-1.023
-1.052
-1.025
-1.059
-1.109
-1.011
-0.735
-0.451
-0.29
-0.188
-0.07
0.052
0.106
0.002
-0.199
-0.376
-0.524
-0.594
-0.569
-0.574
-0.696
-0.832
-0.889
-0.903
-0.864
-0.739
-0.605
-0.649
-1.048
-1.66
-2.028
-2.13
-2.343
-2.42
-1.79
-0.778
-0.367
-0.855
-1.495
-1.549
-1.388
-1.944
-3.062
-3.727
-3.636
-3.379
-3.273
-3.23
-3.205
-3.278
-3.525
-3.978
-4.7
-5.7
-6.569
-6.71
-6.467
-6.657
-7.104
-7.05
-6.564
-6.378
-6.789
-7.381
-7.63
-7.642
-7.95
-8.64
-9.121
-9.096
-8.991
-9.204
-9.568
-9.788
-9.944
-10.153
-10.336
-10.491
-10.675
-10.781
-10.6
-10.275
-10.312
-10.831
-11.443
-11.725
-11.514
-11.053
-10.788
-10.808
-10.849
-10.808
-10.869
-10.974
-10.865
-10.536
-10.16
-9.726
-9.18
-8.626
-8.247
-8.145
-8.134
-8.077
-8.125
-8.256
-8.225
-8.011
-7.83
-7.653
-7.217
-6.367
-5.462
-5.022
-4.913
-4.546
-3.838
-3.221
-2.903
-2.649
-2.225
-1.765
-1.406
-1.136
-0.982
-1.011
-1.125
-1.105
-0.903
-0.581
-0.15
0.335
0.671
0.841
1.098
1.47
1.697
1.706
1.683
1.851
2.35
3.13
3.888
4.31
4.514
4.693
4.747
4.478
4.046
3.826
3.883
3.901
3.792
3.799
4.001
4.246
4.478
4.645
4.709
4.747
4.736
4.591
4.375
4.151
4.019
4.069
4.169
4.194
4.214
4.38
4.654
4.834
4.779
4.575
4.436
4.482
4.616
4.598
4.48
4.566
4.876
5.11
5.235
5.41
5.462
5.18
4.656
4.121
3.54
2.858
2.282
2.043
2.043
2.132
2.357
2.776
3.225
3.584
3.897
4.153
4.26
4.226
4.067
3.892
3.763
3.638
3.373
3.01
2.708
2.495
2.205
1.742
1.195
0.685
0.17
-0.365
-0.714
-0.637
-0.326
-0.215
-0.267
-0.063
0.429
0.843
0.903
0.603
0.236
0.004
-0.163
-0.347
-0.533
-0.68
-0.621
-0.335
-0.041
0.081
0.102
0.05
-0.129
-0.508
-1.027
-1.399
-1.477
-1.497
-1.717
-2.05
-2.27
-2.246
-2.137
-2.166
-2.179
-1.896
-1.365
-0.903
-0.583
-0.199
0.331
0.834
1.136
1.211
1.177
1.109
0.946
0.703
0.522
0.345
0.079
-0.143
-0.236
-0.193
-0.052
0.143
0.354
0.612
0.905
1.163
1.438
1.79
1.998
1.871
1.587
1.44
1.504
1.629
1.719
1.873
2.098
2.25
2.345
2.481
2.597
2.586
2.556
2.699
3.101
3.668
4.244
4.67
4.967
5.235
5.466
5.607
5.682
5.695
5.643
5.594
5.578
5.435
5.033
4.455
3.926
3.479
3.021
2.622
2.463
2.549
2.661
2.699
2.808
2.971
2.942
2.586
2.132
2.021
2.334
2.658
2.713
2.729
2.967
3.255
3.2
2.767
2.277
1.896
1.54
1.152
0.721
0.251
-0.197
-0.581
-0.989
-1.561
-2.191
-2.638
-2.86
-3.037
-3.346
-3.711
-3.844
-3.711
-3.611
-3.654
-3.597
-3.225
-2.731
-2.531
-2.661
-2.688
-2.474
-2.441
-2.942
-3.783
-4.539
-4.992
-5.314
-5.723
-6.108
-6.279
-6.19
-5.97
-5.791
-5.723
-5.695
-5.641
-5.571
-5.575
-5.498
-5.11
-4.514
-4.051
-3.894
-3.835
-3.577
-3.053
-2.635
-2.633
-2.781
-2.593
-2.123
-1.762
-1.667
-1.687
-1.542
-1.22
-0.998
-0.995
-0.982
-0.853
-0.742
-0.751
-0.88
-1.111
-1.383
-1.622
-1.71
-1.515
-1.079
-0.506
0.077
0.587
1.066
1.642
2.218
2.486
2.352
2.05
1.905
1.953
2.012
1.933
1.685
1.402
1.225
1.073
0.821
0.599
0.587
0.723
0.946
1.302
1.751
2.107
2.261
2.323
2.377
2.298
1.998
1.615
1.318
1.063
0.739
0.383
0.015
-0.363
-0.696
-0.921
-1.011
-0.989
-0.948
-0.907
-0.798
-0.599
-0.361
-0.245
-0.193
-0.086
-0.061
-0.254
-0.481
-0.544
-0.467
-0.492
-0.773
-1.152
-1.413
-1.574
-1.837
-2.209
-2.447
-2.307
-1.898
-1.599
-1.54
-1.59
-1.597
-1.517
-1.35
-1.22
-1.195
-1.168
-0.98
-0.603
-0.277
-0.145
-0.07
0.086
0.293
0.537
0.755
0.953
1.25
1.708
2.195
2.574
2.806
2.969
3.128
3.198
3.144
3.044
3.044
3.232
3.545
3.813
3.908
3.894
3.976
4.194
4.41
4.434
4.398
4.577
5.06
5.6
5.936
6.142
6.476
6.923
7.295
7.476
7.528
7.596
7.739
7.936
8.107
8.188
8.231
8.3
8.372
8.385
8.311
8.225
8.286
8.467
8.485
8.24
7.993
8.02
8.263
8.411
8.295
8.186
8.302
8.483
8.495
8.352
8.27
8.333
8.331
8.097
7.764
7.587
7.599
7.494
7.115
6.687
6.494
6.378
6.063
5.5
4.872
4.446
4.246
3.994
3.495
2.987
2.79
2.828
2.719
2.3
1.869
1.638
1.409
0.975
0.347
-0.335
-0.837
-1.111
-1.39
-1.762
-2.003
-1.985
-1.869
-1.928
-2.175
-2.384
-2.477
-2.543
-2.699
-3.089
-3.556
-3.743
-3.572
-3.398
-3.468
-3.751
-4.09
-4.26
-4.221
-4.246
-4.498
-4.89
-5.171
-5.07
-4.682
-4.405
-4.475
-4.677
-4.75
-4.722
-4.663
-4.668
-4.718
-4.636
-4.359
-4.031
-3.756
-3.52
-3.377
-3.296
-3.114
-2.849
-2.626
-2.461
-2.284
-1.989
-1.594
-1.243
-1
-0.81
-0.689
-0.619
-0.494
-0.324
-0.172
-0.036
0.129
0.372
0.689
1.007
1.281
1.497
1.669
1.862
2.066
2.286
2.57
2.917
3.241
3.402
3.425
3.566
3.96
4.427
4.704
4.74
4.766
5.017
5.369
5.5
5.41
5.471
5.861
6.419
6.866
7.068
7.027
6.832
6.619
6.428
6.122
5.704
5.36
5.219
5.231
5.158
4.865
4.489
4.153
3.858
3.588
3.423
3.511
3.84
4.251
4.652
5.079
5.546
5.947
6.088
5.966
5.791
5.748
5.836
5.913
5.779
5.43
5.192
5.212
5.096
4.436
3.457
2.717
2.316
1.919
1.388
0.85
0.401
0.113
0.073
0.249
0.392
0.445
0.623
0.955
1.241
1.404
1.551
1.692
1.76
1.69
1.506
1.204
0.891
0.626
0.274
-0.204
-0.535
-0.519
-0.376
-0.383
-0.451
-0.415
-0.383
-0.501
-0.789
-1.177
-1.447
-1.488
-1.418
-1.381
-1.422
-1.513
-1.613
-1.755
-1.937
-2.066
-2.039
-1.787
-1.254
-0.597
-0.152
0.113
0.576
1.189
1.549
1.486
1.209
1.039
1.093
1.147
1.075
0.964
0.882
0.778
0.646
0.483
0.286
0.05
-0.186
-0.17
0.181
0.626
0.955
1.218
1.467
1.61
1.638
1.613
1.599
1.504
1.338
1.238
1.299
1.358
1.275
1.125
1.016
0.925
0.819
0.685
0.66
0.834
1.134
1.409
1.558
1.57
1.438
1.189
0.859
0.481
0.118
-0.122
-0.204
-0.145
-0.047
-0.079
-0.349
-0.707
-0.921
-0.966
-0.9
-0.689
-0.381
-0.145
0
0.138
0.335
0.519
0.519
0.281
-0.009
-0.165
-0.206
-0.29
-0.476
-0.685
-0.853
-0.995
-1.077
-1.114
-1.166
-1.22
-1.121
-0.823
-0.51
-0.361
-0.281
-0.154
-0.047
-0.077
-0.274
-0.506
-0.614
-0.565
-0.492
-0.526
-0.605
-0.524
-0.286
-0.075
-0.011
-0.066
-0.156
-0.177
-0.127
-0.156
-0.306
-0.478
-0.562
-0.501
-0.267
0.073
0.379
0.585
0.785
1.011
1.159
1.211
1.297
1.449
1.608
1.803
2.064
2.305
2.452
2.654
2.921
2.937
2.586
2.171
1.955
1.928
1.996
2.069
2.173
2.529
3.06
3.425
3.514
3.554
3.679
3.817
3.872
3.883
3.96
4.164
4.489
4.881
5.126
5.022
4.698
4.412
4.178
3.924
3.828
3.994
4.221
4.348
4.412
4.478
4.584
4.691
4.654
4.382
4.106
4.117
4.28
4.2
3.797
3.348
3.101
3.121
3.246
3.25
3.012
2.722
2.599
2.545
2.334
1.946
1.493
1.063
0.821
0.846
0.937
0.875
0.782
0.794
0.735
0.481
0.195
-0.052
-0.419
-0.889
-1.193
-1.127
-0.794
-0.487
-0.483
-0.698
-0.887
-1.082
-1.533
-2.279
-2.978
-3.336
-3.377
-3.33
-3.343
-3.4
-3.364
-3.13
-2.794
-2.595
-2.665
-2.76
-2.599
-2.248
-2.107
-2.334
-2.599
-2.674
-2.738
-3.007
-3.362
-3.493
-3.373
-3.264
-3.323
-3.391
-3.268
-2.996
-2.724
-2.495
-2.32
-2.182
-2.007
-1.762
-1.556
-1.547
-1.71
-1.781
-1.73
-1.849
-2.2
-2.515
-2.511
-2.291
-2.166
-2.195
-2.289
-2.354
-2.37
-2.418
-2.506
-2.49
-2.338
-2.121
-1.935
-1.805
-1.715
-1.671
-1.694
-1.828
-2.082
-2.459
-2.831
-3.075
-3.239
-3.418
-3.534
-3.522
-3.488
-3.477
-3.5
-3.543
-3.618
-3.706
-3.838
-4.006
-4.128
-4.115
-4.06
-4.123
-4.341
-4.575
-4.679
-4.652
-4.67
-4.808
-4.942
-4.999
-5.051
-5.131
-5.206
-5.28
-5.323
-5.299
-5.269
-5.376
-5.612
-5.811
-5.9
-5.961
-6.136
-6.358
-6.376
-6.156
-5.968
-6.061
-6.333
-6.501
-6.474
-6.431
-6.494
-6.573
-6.526
-6.324
-6.086
-5.956
-5.922
-5.779
-5.484
-5.235
-5.19
-5.276
-5.308
-5.196
-5.065
-5.044
-5.169
-5.251
-5.119
-4.89
-4.87
-5.144
-5.428
-5.498
-5.491
-5.612
-5.764
-5.668
-5.317
-5.035
-5.049
-5.103
-4.865
-4.423
-4.117
-4.101
-4.23
-4.28
-4.189
-4.087
-4.117
-4.319
-4.557
-4.575
-4.382
-4.337
-4.534
-4.666
-4.632
-4.688
-4.988
-5.348
-5.487
-5.387
-5.271
-5.285
-5.283
-5.106
-4.879
-4.85
-4.974
-4.983
-4.843
-4.806
-5.051
-5.432
-5.65
-5.623
-5.596
-5.768
-6.095
-6.287
-6.192
-5.952
-5.83
-5.886
-5.898
-5.709
-5.385
-5.124
-5.065
-5.169
-5.255
-5.208
-5.185
-5.358
-5.609
-5.798
-5.947
-6.172
-6.408
-6.442
-6.276
-6.111
-6.002
-5.836
-5.62
-5.462
-5.514
-5.691
-5.786
-5.77
-5.852
-6.188
-6.612
-6.882
-7.038
-7.208
-7.358
-7.449
-7.524
-7.589
-7.56
-7.444
-7.351
-7.243
-7.016
-6.746
-6.528
-6.299
-5.988
-5.766
-5.8
-5.986
-6.174
-6.287
-6.365
-6.61
-7.059
-7.485
-7.703
-7.862
-8.159
-8.447
-8.379
-7.919
-7.322
-6.818
-6.433
-6.052
-5.682
-5.369
-5.194
-5.18
-5.219
-5.19
-5.076
-4.954
-4.927
-4.956
-4.963
-4.931
-4.85
-4.756
-4.693
-4.632
-4.63
-4.67
-4.566
-4.212
-3.854
-3.734
-3.683
-3.384
-2.871
-2.466
-2.37
-2.395
-2.216
-1.898
-1.758
-1.873
-1.994
-1.914
-1.719
-1.563
-1.477
-1.334
-1.063
-0.68
-0.331
-0.15
-0.143
-0.202
-0.19
-0.152
-0.281
-0.583
-0.687
-0.44
-0.161
-0.195
-0.417
-0.424
-0.177
0.015
-0.081
-0.354
-0.515
-0.497
-0.553
-0.766
-0.953
-1.025
-1.021
-0.866
-0.544
-0.306
-0.345
-0.558
-0.728
-0.689
-0.605
-0.749
-1.025
-1.15
-1.136
-1.263
-1.561
-1.828
-2.034
-2.293
-2.572
-2.719
-2.672
-2.563
-2.518
-2.431
-2.137
-1.638
-1.143
-0.83
-0.698
-0.735
-0.911
-1.132
-1.306
-1.472
-1.796
-2.237
-2.499
-2.538
-2.613
-2.84
-2.921
-2.676
-2.279
-2.03
-1.923
-1.713
-1.329
-0.932
-0.603
-0.29
-0.029
0.081
0.09
0.088
0.063
-0.109
-0.539
-1.161
-1.622
-1.771
-1.891
-2.182
-2.395
-2.307
-1.914
-1.393
-0.957
-0.764
-0.807
-0.934
-0.989
-0.98
-1.052
-1.241
-1.424
-1.427
-1.322
-1.322
-1.47
-1.563
-1.572
-1.739
-2.091
-2.404
-2.604
-2.869
-3.307
-3.754
-4.103
-4.364
-4.609
-4.586
-4.024
-3.332
-3.212
-3.563
-3.482
-2.81
-2.754
-4.083
-5.689
-6.104
-5.578
-5.475
-6.17
-6.61
-5.904
-4.557
-3.976
-4.824
-6.276
-6.895
-6.353
-5.92
-6.635
-7.707
-7.639
-6.31
-4.988
-4.675
-5.094
-5.303
-5.058
-5.079
-5.888
-6.873
-6.943
-6.154
-5.643
-5.886
-6.074
-5.68
-5.451
-6.015
-6.803
-6.936
-6.387
-5.872
-5.854
-5.956
-5.412
-4.212
-3.323
-3.502
-4.196
-4.364
-3.89
-3.475
-3.731
-4.532
-5.147
-4.892
-3.879
-2.969
-2.719
-2.869
-2.903
-2.751
-2.672
-2.697
-2.62
-2.445
-2.336
-2.302
-2.177
-1.774
-1.286
-1.118
-1.254
-1.157
-0.703
-0.381
-0.483
-0.537
0.073
1.082
1.685
1.585
1.206
1.098
1.367
1.535
1.145
0.322
-0.079
0.517
1.51
1.973
1.817
1.706
2.048
2.561
2.749
2.57
2.531
2.98
3.727
4.251
4.366
4.573
5.183
5.686
5.507
4.675
3.692
3.107
3.003
3.021
2.865
2.686
2.815
3.257
3.588
3.568
3.47
3.677
4.123
4.244
3.813
3.409
3.604
4.108
4.146
3.461
2.695
2.597
3.046
3.266
2.851
2.189
1.914
2.177
2.468
2.357
1.933
1.683
1.858
2.307
2.767
3.207
3.62
3.847
3.699
3.039
2.121
1.531
1.37
1.016
0.141
-0.614
-0.41
0.531
1.299
1.456
1.404
1.629
2.098
2.454
2.431
2.127
1.91
2.032
2.323
2.395
2.254
2.195
2.32
2.377
2.094
1.638
1.354
1.261
1.129
0.855
0.628
0.646
0.946
1.345
1.642
1.88
2.209
2.452
2.379
2.148
2.075
2.205
2.295
2.078
1.608
1.186
1.077
1.322
1.653
1.71
1.454
1.215
1.236
1.442
1.585
1.599
1.726
2.114
2.511
2.649
2.595
2.534
2.438
2.107
1.461
0.846
0.639
0.685
0.61
0.445
0.551
1.005
1.488
1.744
1.871
1.987
2.01
1.807
1.327
0.696
0.199
0.041
0.145
0.261
0.258
0.267
0.519
0.891
1.032
0.775
0.399
0.247
0.385
0.542
0.49
0.333
0.361
0.542
0.597
0.458
0.302
0.213
-0.022
-0.539
-1.086
-1.379
-1.404
-1.325
-1.254
-1.198
-1.073
-0.807
-0.397
-0.054
0.052
0.073
0.39
0.998
1.354
1.193
0.821
0.59
0.438
0.093
-0.397
-0.698
-0.68
-0.562
-0.587
-0.68
-0.515
-0.013
0.524
0.757
0.73
0.701
0.803
0.959
1.093
1.259
1.529
1.83
1.966
1.914
1.869
1.935
1.912
1.687
1.451
1.341
1.327
1.343
1.266
1.105
1.079
1.381
1.803
2.064
2.209
2.436
2.706
2.844
2.813
2.79
2.853
2.921
2.919
2.865
2.874
2.958
2.998
2.912
2.71
2.502
2.384
2.234
1.975
1.717
1.653
1.837
2.078
2.273
2.495
2.749
2.935
3.019
3.062
3.048
2.919
2.715
2.552
2.422
2.393
2.581
2.828
2.842
2.701
2.717
2.853
2.731
2.259
1.744
1.535
1.561
1.529
1.358
1.206
1.257
1.542
1.88
2.08
2.127
2.166
2.252
2.27
2.207
2.193
2.259
2.286
2.257
2.2
2.078
1.871
1.613
1.325
0.993
0.676
0.522
0.56
0.597
0.454
0.218
0.12
0.261
0.469
0.454
0.229
0.07
0.07
0.059
-0.099
-0.24
-0.152
0.093
0.299
0.406
0.501
0.662
0.755
0.633
0.413
0.197
-0.029
-0.331
-0.717
-0.993
-0.973
-0.757
-0.537
-0.313
-0.036
0.247
0.456
0.497
0.349
0.127
0.045
0.134
0.152
-0.015
-0.172
-0.129
0.068
0.261
0.286
0.204
0.247
0.544
0.871
0.939
0.823
0.927
1.302
1.57
1.601
1.622
1.833
2.243
2.681
2.838
2.763
2.647
2.567
2.441
2.153
1.778
1.454
1.254
1.179
1.168
1.225
1.345
1.51
1.769
2.155
2.583
2.998
3.336
3.536
3.604
3.622
3.595
3.529
3.407
3.3
3.203
3.046
2.926
2.944
2.992
2.878
2.683
2.577
2.538
2.45
2.331
2.331
2.441
2.543
2.567
2.629
2.878
3.234
3.423
3.391
3.43
3.695
3.96
3.901
3.591
3.307
3.107
2.855
2.504
2.087
1.713
1.504
1.374
1.191
0.995
0.911
0.989
1.102
1.082
0.962
0.984
1.254
1.608
1.865
2.017
2.155
2.37
2.558
2.459
2.021
1.601
1.501
1.493
1.309
1.07
1.027
1.127
1.125
0.891
0.467
0.07
-0.057
0.102
0.19
0.004
-0.138
0.106
0.608
1.014
1.157
1.118
1.129
1.279
1.395
1.383
1.372
1.472
1.687
1.898
1.982
2.021
2.059
1.994
1.844
1.807
1.919
2.025
2.025
1.867
1.681
1.669
1.767
1.717
1.517
1.35
1.325
1.374
1.404
1.388
1.383
1.481
1.676
1.837
1.894
1.903
1.991
2.114
2.209
2.359
2.618
2.828
2.885
2.792
2.69
2.676
2.713
2.67
2.638
2.763
3.058
3.316
3.33
3.119
2.942
3.007
3.13
3.11
2.992
2.994
3.25
3.683
4.008
4.09
4.076
4.18
4.412
4.539
4.421
4.239
4.235
4.398
4.53
4.559
4.602
4.793
5.099
5.332
5.387
5.416
5.594
5.818
5.99
6.115
6.233
6.315
6.34
6.29
6.142
5.961
5.863
5.936
6.052
6.081
6.05
6.086
6.197
6.331
6.415
6.408
6.371
6.349
6.249
6.063
5.94
5.997
6.204
6.417
6.598
6.864
7.27
7.66
7.893
7.993
8.125
8.317
8.424
8.404
8.279
8.009
7.556
6.893
6.213
5.743
5.394
5.038
4.983
5.555
6.333
6.544
6.34
6.469
6.957
7.154
7
7.106
7.767
8.61
9.103
9.211
9.211
9.177
8.907
8.202
7.118
6.088
5.466
5.253
5.312
5.4
5.385
5.48
5.83
6.086
5.827
5.43
5.72
6.603
7.075
6.839
6.539
6.605
6.598
5.836
4.436
3.159
2.341
1.959
1.842
1.567
1.147
1.213
1.937
2.631
2.724
2.52
2.86
3.817
4.359
4.101
3.89
4.244
4.604
4.246
3.257
2.447
2.189
1.957
1.325
0.755
0.9
1.587
1.91
1.451
0.771
0.555
0.769
0.918
0.667
0.24
0.129
0.478
1.075
1.44
1.213
0.757
0.705
0.991
1.213
1.275
1.493
2.073
2.676
2.751
2.438
2.268
2.207
1.837
1.154
0.703
0.85
1.234
1.259
0.846
0.44
0.356
0.401
0.167
-0.39
-0.889
-0.864
-0.324
0.297
0.771
1.136
1.42
1.746
2.125
2.241
2.023
1.76
1.746
1.844
1.667
1.286
1.157
1.1
0.694
0.143
-0.095
0.022
0.22
0.181
-0.047
-0.188
-0.15
-0.163
-0.526
-1.15
-1.535
-1.551
-1.563
-1.694
-1.889
-2.15
-2.47
-2.769
-2.933
-2.935
-3.042
-3.248
-3.18
-2.826
-2.493
-2.345
-2.397
-2.567
-2.896
-3.543
-4.226
-4.55
-4.693
-5.028
-5.432
-5.458
-5.112
-4.838
-4.854
-4.908
-4.811
-4.663
-4.609
-4.668
-4.713
-4.639
-4.457
-4.269
-4.194
-4.26
-4.375
-4.473
-4.484
-4.341
-4.203
-4.214
-4.219
-4.083
-3.872
-3.62
-3.221
-2.715
-2.27
-1.844
-1.302
-0.726
-0.397
-0.329
-0.417
-0.565
-0.778
-1.086
-1.397
-1.531
-1.472
-1.345
-1.173
-0.955
-0.581
-0.125
0.183
0.415
0.753
1.075
1.218
1.336
1.658
2.066
2.243
2.164
2.175
2.318
2.343
2.195
2.116
2.3
2.588
2.708
2.672
2.729
2.971
3.123
2.935
2.563
2.404
2.504
2.57
2.49
2.42
2.461
2.479
2.404
2.302
2.277
2.391
2.545
2.565
2.391
2.23
2.311
2.472
2.413
2.078
1.706
1.549
1.603
1.578
1.299
1.05
1.114
1.341
1.35
1.061
0.821
0.817
0.823
0.537
0.045
-0.227
-0.136
-0.009
-0.288
-0.864
-1.229
-1.182
-1.05
-1.134
-1.409
-1.626
-1.585
-1.427
-1.526
-1.937
-2.293
-2.289
-2.157
-2.248
-2.452
-2.459
-2.291
-2.177
-2.298
-2.57
-2.699
-2.679
-2.776
-3.114
-3.47
-3.604
-3.554
-3.593
-3.729
-3.802
-3.706
-3.454
-3.2
-3.069
-2.937
-2.615
-2.157
-1.801
-1.706
-1.796
-1.821
-1.701
-1.649
-1.83
-2.073
-2.111
-1.982
-1.907
-1.962
-1.955
-1.796
-1.549
-1.297
-1.093
-0.843
-0.49
-0.177
-0.036
0.007
0.066
0.15
0.138
0.011
-0.059
0.12
0.531
0.853
0.871
0.769
0.873
1.134
1.191
0.85
0.454
0.381
0.553
0.614
0.424
0.263
0.356
0.665
0.932
1.041
1.089
1.163
1.202
1.114
0.957
0.869
0.832
0.705
0.458
0.258
0.211
0.167
-0.029
-0.326
-0.522
-0.503
-0.445
-0.592
-0.911
-1.168
-1.268
-1.263
-1.315
-1.463
-1.599
-1.642
-1.683
-1.855
-2.209
-2.633
-2.969
-3.332
-3.91
-4.693
-5.489
-6.174
-6.768
-7.315
-7.821
-8.259
-8.531
-8.628
-8.708
-8.869
-8.987
-8.971
-8.962
-9.103
-9.37
-9.615
-9.81
-10.103
-10.575
-11.105
-11.57
-11.965
-12.31
-12.534
-12.668
-12.759
-12.766
-12.67
-12.471
-12.208
-11.956
-11.818
-11.8
-11.84
-11.897
-11.949
-11.945
-11.842
-11.702
-11.582
-11.412
-11.173
-10.996
-10.897
-10.745
-10.423
-9.931
-9.447
-9.044
-8.692
-8.372
-7.987
-7.395
-6.698
-6.156
-5.838
-5.539
-5.051
-4.475
-4.038
-3.804
-3.566
-3.205
-2.726
-2.27
-1.969
-1.755
-1.493
-1.261
-1.198
-1.241
-1.22
-1.057
-0.853
-0.685
-0.379
0.202
0.832
1.263
1.567
1.98
2.604
3.275
3.713
3.727
3.527
3.522
3.781
4.04
4.044
3.879
3.872
4.139
4.326
4.169
3.767
3.366
3.123
2.992
2.86
2.774
2.787
2.844
2.912
3.082
3.35
3.602
3.813
4.055
4.326
4.523
4.654
4.779
4.942
5.174
5.407
5.505
5.344
4.938
4.364
3.776
3.32
2.942
2.538
2.246
2.263
2.515
2.708
2.649
2.538
2.654
2.908
3.053
3.039
3.023
3.085
3.042
2.794
2.499
2.354
2.305
2.146
1.869
1.765
1.878
1.937
1.81
1.626
1.57
1.645
1.758
1.889
1.962
1.882
1.817
1.982
2.27
2.35
2.03
1.617
1.433
1.365
1.152
0.778
0.44
0.295
0.27
0.245
0.261
0.354
0.451
0.492
0.601
0.853
1.107
1.209
1.177
1.179
1.252
1.266
1.182
1.105
1.114
1.193
1.2
1.075
0.973
1.073
1.336
1.506
1.451
1.234
1.032
0.93
0.778
0.417
0.084
0.197
0.655
1.005
1.105
1.17
1.279
1.325
1.209
1.068
1.121
1.263
1.331
1.325
1.229
0.986
0.814
0.916
1.272
1.658
1.933
2.082
2.139
2.164
2.216
2.286
2.284
2.189
2.091
2.096
2.087
1.894
1.587
1.383
1.404
1.581
1.726
1.739
1.751
1.923
2.164
2.295
2.307
2.425
2.763
3.06
3.048
2.921
2.949
3.069
3.094
3.105
3.309
3.683
4.015
4.148
4.058
3.903
3.84
3.799
3.543
3.048
2.547
2.27
2.191
2.071
1.837
1.739
1.946
2.291
2.477
2.459
2.438
2.438
2.318
1.971
1.57
1.39
1.415
1.327
0.878
0.358
0.099
-0.088
-0.51
-1.068
-1.486
-1.749
-2.146
-2.794
-3.184
-2.758
-1.917
-1.49
-1.533
-1.517
-1.286
-1.334
-2.085
-3.255
-4.103
-4.228
-3.822
-3.257
-2.706
-2.137
-1.545
-1.073
-1.005
-1.447
-2.134
-2.733
-3.278
-3.867
-4.232
-4.044
-3.3
-2.54
-2.366
-2.574
-2.506
-2.053
-1.771
-1.901
-1.964
-1.447
-0.483
0.358
0.712
0.771
0.882
1.03
0.896
0.319
-0.424
-0.932
-1.079
-1.039
-1.059
-1.202
-1.297
-1.154
-0.896
-0.735
-0.558
-0.084
0.612
1.116
1.257
1.288
1.411
1.481
1.327
0.989
0.778
0.909
1.098
0.995
0.771
0.689
0.617
0.326
-0.079
-0.394
-0.497
-0.431
-0.272
-0.036
0.283
0.594
0.735
0.626
0.365
0.099
-0.19
-0.526
-0.757
-0.751
-0.494
-0.036
0.297
0.152
-0.408
-0.848
-0.925
-0.969
-1.293
-1.683
-1.662
-1.245
-0.975
-1.116
-1.365
-1.415
-1.472
-1.855
-2.368
-2.588
-2.415
-2.102
-2.007
-2.175
-2.327
-2.23
-2.125
-2.311
-2.667
-2.81
-2.615
-2.307
-2.041
-1.86
-1.722
-1.495
-1.166
-0.982
-1.059
-1.173
-1.209
-1.306
-1.656
-2.179
-2.626
-2.826
-2.992
-3.255
-3.357
-3.082
-2.602
-2.25
-2.005
-1.615
-1.021
-0.515
-0.233
-0.063
0.141
0.442
0.817
1.121
1.297
1.406
1.413
1.288
1.082
0.834
0.578
0.408
0.399
0.528
0.843
1.381
1.951
2.334
2.534
2.713
2.987
3.307
3.482
3.514
3.65
4.044
4.561
5.031
5.432
5.759
5.999
6.188
6.308
6.285
6.12
5.843
5.568
5.371
5.246
5.147
5.144
5.421
5.966
6.58
7.05
7.408
7.683
7.794
7.719
7.547
7.415
7.399
7.499
7.676
7.928
8.256
8.615
8.841
8.832
8.658
8.401
8.034
7.528
7.091
6.875
6.857
6.941
7.115
7.256
7.138
6.787
6.521
6.403
6.144
5.636
5.183
5.074
5.133
5.054
4.752
4.4
4.214
4.194
4.121
3.828
3.379
2.974
2.608
2.071
1.322
0.617
0.143
-0.202
-0.68
-1.327
-1.867
-2.059
-2.014
-2.085
-2.504
-3.003
-3.103
-2.847
-2.79
-3.098
-3.25
-2.803
-2.137
-1.964
-2.336
-2.703
-2.797
-2.915
-3.357
-4.019
-4.491
-4.48
-4.101
-3.765
-3.679
-3.62
-3.323
-2.901
-2.79
-3.173
-3.64
-3.608
-2.98
-2.37
-2.25
-2.331
-2.098
-1.497
-1.025
-0.986
-1.066
-0.878
-0.449
-0.05
0.136
0.186
0.381
0.737
1.059
1.247
1.336
1.456
1.687
1.919
2.012
1.982
2.032
2.316
2.633
2.595
2.314
2.277
2.574
2.933
3.121
3.137
3.214
3.466
3.792
4.137
4.548
4.99
5.326
5.43
5.396
5.446
5.432
5.076
4.53
4.316
4.614
5.031
5.169
5.083
5.017
5.031
5.047
4.868
4.364
3.788
3.457
3.439
3.584
3.708
3.847
4.214
4.734
5.051
4.936
4.546
4.223
4.13
4.099
3.912
3.668
3.629
3.886
4.214
4.323
4.196
4.083
4.135
4.291
4.298
4.008
3.556
3.257
3.194
3.11
2.806
2.388
2.05
1.79
1.431
0.903
0.387
0.063
-0.154
-0.467
-0.817
-0.898
-0.544
0.081
0.735
1.288
1.724
2.107
2.479
2.672
2.547
2.173
1.713
1.313
1.018
0.751
0.315
-0.24
-0.705
-1.005
-1.322
-1.835
-2.427
-2.867
-3.046
-3.028
-2.958
-2.813
-2.438
-1.869
-1.209
-0.56
-0.025
0.267
0.322
0.279
0.202
0.068
-0.029
-0.027
-0.077
-0.363
-0.766
-0.941
-0.773
-0.515
-0.451
-0.603
-0.733
-0.61
-0.308
-0.179
-0.288
-0.358
-0.295
-0.197
-0.165
-0.186
-0.265
-0.433
-0.553
-0.56
-0.594
-0.817
-1.041
-0.977
-0.671
-0.335
-0.029
0.358
0.841
1.304
1.583
1.635
1.61
1.574
1.383
0.982
0.517
0.12
-0.233
-0.56
-0.742
-0.766
-0.755
-0.771
-0.769
-0.701
-0.603
-0.542
-0.519
-0.433
-0.272
-0.145
-0.063
0.141
0.465
0.671
0.581
0.347
0.225
0.283
0.426
0.462
0.199
-0.165
-0.215
0.063
0.29
0.215
0.004
-0.015
0.229
0.467
0.356
-0.088
-0.483
-0.562
-0.614
-0.946
-1.372
-1.506
-1.352
-1.272
-1.393
-1.402
-1.027
-0.481
-0.079
0.099
0.179
0.335
0.583
0.712
0.517
0.125
-0.106
-0.041
-0.004
-0.279
-0.701
-0.946
-0.807
-0.447
-0.254
-0.39
-0.549
-0.397
0.031
0.451
0.771
1.025
1.213
1.418
1.622
1.669
1.549
1.463
1.433
1.365
1.302
1.299
1.325
1.318
1.39
1.66
2.041
2.415
2.781
3.08
3.298
3.522
3.804
4.046
4.189
4.35
4.564
4.759
4.836
4.808
4.7
4.52
4.412
4.384
4.346
4.264
4.18
4.115
4.035
3.956
4.022
4.321
4.661
4.84
4.852
4.82
4.868
4.911
4.859
4.797
4.797
4.852
4.945
4.974
4.865
4.7
4.618
4.559
4.298
3.754
3.182
2.824
2.604
2.325
2.025
1.978
2.214
2.493
2.642
2.654
2.583
2.574
2.631
2.572
2.343
2.069
1.853
1.613
1.25
0.832
0.476
0.125
-0.24
-0.51
-0.696
-0.889
-1.079
-1.227
-1.279
-1.206
-0.975
-0.603
-0.313
-0.265
-0.306
-0.293
-0.324
-0.456
-0.691
-1.095
-1.656
-2.159
-2.509
-2.871
-3.327
-3.622
-3.504
-3.146
-2.862
-2.722
-2.608
-2.474
-2.25
-1.991
-1.93
-2.148
-2.359
-2.309
-2.218
-2.404
-2.735
-2.921
-2.933
-2.933
-3.08
-3.278
-3.359
-3.302
-3.232
-3.241
-3.262
-3.085
-2.674
-2.3
-2.209
-2.309
-2.273
-2.019
-1.837
-1.962
-2.334
-2.695
-2.867
-2.955
-3.171
-3.47
-3.5
-3.184
-2.835
-2.778
-2.958
-3.06
-2.955
-2.84
-2.894
-3.103
-3.332
-3.343
-3.03
-2.624
-2.558
-2.797
-2.84
-2.531
-2.311
-2.565
-3.184
-3.656
-3.572
-3.184
-3.058
-3.278
-3.459
-3.332
-3.132
-3.262
-3.747
-4.282
-4.614
-4.818
-5.067
-5.328
-5.496
-5.478
-5.294
-5.208
-5.383
-5.609
-5.65
-5.62
-5.734
-6.022
-6.202
-5.992
-5.503
-5.099
-5.051
-5.274
-5.369
-5.194
-5.108
-5.46
-6.09
-6.605
-6.814
-6.891
-7.061
-7.34
-7.544
-7.472
-7.149
-6.832
-6.623
-6.417
-6.104
-5.666
-5.285
-5.108
-4.992
-4.786
-4.636
-4.752
-5.033
-5.156
-5.126
-5.235
-5.51
-5.741
-5.802
-5.759
-5.72
-5.723
-5.709
-5.446
-4.892
-4.396
-4.269
-4.316
-4.174
-3.849
-3.67
-3.783
-4.051
-4.278
-4.416
-4.663
-5.131
-5.639
-5.952
-6.029
-6.002
-6.034
-6.052
-5.934
-5.695
-5.398
-4.997
-4.452
-3.933
-3.629
-3.538
-3.606
-3.847
-4.232
-4.679
-5.174
-5.605
-5.811
-5.841
-5.945
-6.238
-6.548
-6.641
-6.487
-6.192
-5.977
-5.884
-5.72
-5.38
-4.922
-4.507
-4.196
-3.969
-3.781
-3.622
-3.554
-3.677
-4.035
-4.527
-4.992
-5.303
-5.528
-5.77
-5.997
-6.086
-6.059
-6.038
-6.034
-6.029
-6.015
-5.924
-5.725
-5.514
-5.394
-5.299
-5.131
-4.983
-5.015
-5.251
-5.528
-5.65
-5.711
-5.984
-6.417
-6.7
-6.687
-6.626
-6.823
-7.186
-7.351
-7.272
-7.222
-7.412
-7.755
-8.029
-8.095
-8.084
-8.265
-8.563
-8.649
-8.454
-8.245
-8.204
-8.123
-7.83
-7.404
-7.179
-7.306
-7.553
-7.574
-7.351
-7.179
-7.227
-7.32
-7.215
-6.986
-6.998
-7.406
-7.873
-7.957
-7.71
-7.515
-7.549
-7.624
-7.333
-6.607
-5.841
-5.358
-5.054
-4.63
-4.074
-3.643
-3.545
-3.715
-3.919
-3.999
-3.983
-4.001
-4.035
-3.944
-3.774
-3.688
-3.731
-3.692
-3.459
-3.2
-3.007
-2.763
-2.425
-2.127
-1.928
-1.685
-1.338
-0.921
-0.522
-0.215
0.013
0.165
0.163
-0.022
-0.249
-0.417
-0.599
-0.798
-0.918
-0.962
-1.014
-1.095
-1.052
-0.823
-0.531
-0.283
-0.054
0.183
0.302
0.211
0.041
-0.011
0.145
0.302
0.229
0.068
0.075
0.209
0.222
0.054
-0.086
-0.011
0.145
0.17
0.061
-0.041
-0.059
-0.104
-0.261
-0.449
-0.526
-0.462
-0.406
-0.442
-0.424
-0.29
-0.161
-0.211
-0.426
-0.578
-0.594
-0.619
-0.76
-0.998
-1.202
-1.266
-1.211
-1.163
-1.107
-0.937
-0.658
-0.447
-0.46
-0.635
-0.78
-0.753
-0.757
-1.048
-1.47
-1.715
-1.794
-1.944
-2.282
-2.59
-2.651
-2.552
-2.461
-2.413
-2.395
-2.422
-2.454
-2.375
-2.193
-1.964
-1.676
-1.379
-1.163
-1.05
-1.061
-1.193
-1.388
-1.667
-2.066
-2.577
-3.064
-3.348
-3.502
-3.797
-4.171
-4.394
-4.359
-4.103
-3.745
-3.382
-2.99
-2.525
-1.978
-1.515
-1.379
-1.585
-1.842
-1.955
-2.168
-2.647
-3.169
-3.491
-3.602
-3.64
-3.74
-3.892
-4.008
-4.055
-4.099
-4.26
-4.489
-4.504
-4.264
-4.064
-4.092
-4.223
-4.237
-4.135
-4.153
-4.344
-4.593
-4.777
-4.854
-4.904
-5.096
-5.453
-5.689
-5.664
-5.521
-5.416
-5.36
-5.278
-5.09
-4.838
-4.724
-4.766
-4.876
-5.017
-5.264
-5.686
-6.192
-6.567
-6.7
-6.687
-6.532
-6.251
-5.911
-5.589
-5.274
-4.942
-4.654
-4.495
-4.416
-4.266
-3.951
-3.534
-3.287
-3.296
-3.355
-3.334
-3.311
-3.359
-3.395
-3.284
-3.039
-2.808
-2.706
-2.688
-2.606
-2.422
-2.205
-2.028
-1.889
-1.699
-1.42
-1.093
-0.812
-0.621
-0.447
-0.136
0.261
0.445
0.376
0.297
0.399
0.501
0.454
0.465
0.749
1.121
1.299
1.272
1.236
1.356
1.624
1.951
2.237
2.443
2.658
2.867
3.005
3.051
3.089
3.216
3.35
3.477
3.692
3.87
3.906
3.899
3.912
3.894
3.82
3.749
3.692
3.536
3.348
3.423
3.781
4.076
4.162
4.16
4.228
4.4
4.504
4.323
3.987
3.926
4.223
4.468
4.33
3.96
3.765
3.883
3.965
3.76
3.375
3.039
2.933
2.955
2.833
2.543
2.291
2.179
2.109
1.849
1.415
1.1
1.075
1.322
1.585
1.645
1.587
1.651
1.812
1.926
1.837
1.563
1.259
1.091
1.046
0.966
0.755
0.542
0.471
0.597
0.862
1.132
1.318
1.395
1.429
1.504
1.583
1.517
1.318
1.157
1.098
1.098
1.105
1.025
0.85
0.735
0.859
1.089
1.186
1.2
1.263
1.363
1.406
1.42
1.524
1.726
1.889
1.919
1.878
1.942
2.153
2.32
2.25
2.05
2.041
2.259
2.3
1.953
1.529
1.356
1.361
1.334
1.243
1.175
1.261
1.592
1.942
1.946
1.69
1.615
1.876
2.082
1.933
1.629
1.64
1.987
2.273
2.189
1.88
1.774
1.942
2.032
1.801
1.533
1.608
1.948
2.078
1.733
1.227
1.055
1.186
1.173
0.828
0.449
0.433
0.821
1.268
1.404
1.222
1.075
1.109
0.998
0.485
-0.143
-0.335
-0.041
0.329
0.449
0.379
0.399
0.649
0.853
0.669
0.299
0.186
0.302
0.331
0.242
0.209
0.274
0.372
0.46
0.519
0.576
0.612
0.642
0.587
0.367
0.113
-0.025
-0.177
-0.49
-0.839
-1.007
-0.862
-0.594
-0.454
-0.397
-0.19
0.161
0.429
0.517
0.499
0.555
0.803
1.091
1.179
1.136
1.243
1.449
1.383
1.039
0.796
0.749
0.662
0.467
0.29
0.227
0.333
0.562
0.717
0.639
0.462
0.424
0.59
0.85
1.07
1.268
1.522
1.842
2.096
2.191
2.268
2.386
2.323
2.082
2.13
2.558
2.887
2.937
3.064
3.289
3.309
3.173
2.987
2.674
2.338
2.293
2.545
2.726
2.701
2.842
3.225
3.307
2.783
2.273
2.393
2.89
3.194
3.094
2.862
2.865
3.085
3.107
2.538
1.733
1.517
2.073
2.713
2.819
2.456
2.146
2.248
2.431
2.007
1.073
0.544
0.866
1.454
1.567
1.279
1.193
1.486
1.805
1.842
1.749
1.81
2.059
2.277
2.223
2.032
1.959
1.88
1.461
0.882
0.585
0.576
0.508
0.247
-0.038
-0.104
0.007
0.07
-0.025
-0.249
-0.381
-0.29
-0.211
-0.345
-0.522
-0.469
-0.174
0.061
-0.036
-0.367
-0.646
-0.669
-0.558
-0.56
-0.578
-0.293
0.286
0.689
0.696
0.533
0.503
0.528
0.413
0.167
-0.081
-0.167
0.018
0.27
0.136
-0.383
-0.794
-0.807
-0.757
-0.918
-1.075
-0.873
-0.236
0.522
1.052
1.29
1.449
1.717
1.955
1.878
1.619
1.649
2.073
2.45
2.438
2.177
1.964
1.928
1.959
1.833
1.524
1.313
1.488
1.93
2.205
2.019
1.687
1.697
1.998
2.134
1.939
1.762
1.987
2.415
2.545
2.291
2.03
2.028
2.087
1.946
1.649
1.49
1.642
1.982
2.225
2.305
2.366
2.509
2.676
2.731
2.502
2.15
2.01
2.125
2.198
2.08
2.007
2.23
2.593
2.731
2.549
2.305
2.257
2.384
2.431
2.259
2.048
1.973
1.996
1.953
1.819
1.792
1.98
2.295
2.567
2.769
2.964
3.196
3.32
3.219
2.976
2.835
2.908
3.014
2.871
2.488
2.293
2.461
2.654
2.538
2.173
1.858
1.733
1.653
1.424
1.102
0.846
0.76
0.85
0.9
0.826
0.814
1.023
1.413
1.839
2.211
2.558
2.876
3.032
3.028
3.005
3.021
3.021
2.917
2.593
2.141
1.799
1.638
1.488
1.268
1.118
1.079
1.041
0.932
0.819
0.755
0.742
0.775
0.882
1.079
1.297
1.483
1.671
1.91
2.139
2.284
2.282
2.107
1.774
1.315
0.932
0.749
0.676
0.578
0.565
0.751
1.016
1.163
1.198
1.222
1.318
1.519
1.762
1.966
2.123
2.186
2.134
1.991
1.765
1.449
1.109
0.853
0.762
0.803
0.93
1.125
1.363
1.669
2.007
2.277
2.404
2.47
2.713
3.146
3.529
3.788
4.019
4.2
4.242
4.144
4.078
4.112
4.183
4.221
4.255
4.312
4.382
4.441
4.38
4.11
3.751
3.518
3.536
3.77
4.11
4.403
4.636
4.924
5.262
5.503
5.655
5.888
6.219
6.412
6.433
6.516
6.716
6.839
6.778
6.58
6.374
6.163
5.945
5.786
5.752
5.888
6.174
6.455
6.644
6.759
6.82
6.825
6.775
6.712
6.664
6.698
6.803
6.778
6.431
5.934
5.6
5.455
5.278
4.938
4.611
4.595
4.974
5.548
5.968
6.07
6.104
6.371
6.748
6.977
7.091
7.301
7.621
7.835
7.796
7.564
7.276
6.986
6.705
6.483
6.34
6.296
6.476
6.823
7.061
6.984
6.714
6.505
6.439
6.338
6.063
5.83
5.872
6.106
6.331
6.49
6.569
6.573
6.516
6.516
6.639
6.743
6.657
6.48
6.501
6.646
6.594
6.231
5.772
5.494
5.312
5.067
4.827
4.688
4.643
4.62
4.55
4.41
4.319
4.344
4.405
4.339
4.101
3.808
3.575
3.366
3.073
2.658
2.195
1.817
1.717
1.865
2.102
2.354
2.642
2.93
3.107
3.11
3.028
2.99
2.908
2.695
2.454
2.352
2.214
1.842
1.404
1.2
1.173
0.903
0.338
-0.045
-0.073
0.054
0.163
0.29
0.426
0.56
0.562
0.399
0.317
0.478
0.839
1.206
1.32
1.068
0.739
0.744
1.075
1.236
0.903
0.397
0.231
0.397
0.474
0.277
0.034
0.034
0.297
0.576
0.728
0.864
1.039
1.166
1.29
1.456
1.488
1.177
0.665
0.254
0.031
-0.159
-0.367
-0.451
-0.299
-0.084
0.05
0.199
0.494
0.803
0.993
1.066
1.129
1.304
1.445
1.257
0.791
0.39
0.111
-0.238
-0.769
-1.259
-1.578
-1.826
-2.118
-2.388
-2.522
-2.572
-2.674
-2.871
-3.078
-3.284
-3.452
-3.498
-3.409
-3.35
-3.409
-3.423
-3.305
-3.216
-3.332
-3.536
-3.588
-3.482
-3.495
-3.815
-4.226
-4.459
-4.561
-4.716
-4.949
-5.158
-5.248
-5.274
-5.326
-5.308
-5.142
-4.938
-4.777
-4.588
-4.335
-4.015
-3.697
-3.409
-3.089
-2.754
-2.588
-2.635
-2.722
-2.738
-2.724
-2.733
-2.758
-2.765
-2.758
-2.69
-2.411
-2.001
-1.671
-1.51
-1.406
-1.263
-1.093
-0.894
-0.635
-0.313
-0.027
0.15
0.295
0.544
0.807
0.896
0.805
0.682
0.676
0.691
0.599
0.565
0.83
1.195
1.358
1.388
1.567
1.975
2.347
2.443
2.345
2.225
2.075
1.858
1.624
1.377
1.193
1.107
1.089
1.127
1.227
1.336
1.447
1.587
1.667
1.626
1.524
1.465
1.497
1.535
1.456
1.322
1.213
1.041
0.714
0.383
0.245
0.195
0.02
-0.231
-0.376
-0.335
-0.267
-0.293
-0.381
-0.417
-0.417
-0.379
-0.231
-0.034
0.081
-0.009
-0.245
-0.454
-0.565
-0.712
-0.975
-1.306
-1.662
-1.973
-2.175
-2.275
-2.37
-2.513
-2.642
-2.633
-2.481
-2.391
-2.445
-2.406
-2.089
-1.694
-1.531
-1.622
-1.807
-2.021
-2.298
-2.567
-2.803
-2.953
-3.021
-3.075
-3.13
-3.128
-3.069
-3.019
-3.046
-3.096
-3.107
-3.003
-2.749
-2.495
-2.425
-2.436
-2.246
-1.876
-1.619
-1.626
-1.692
-1.624
-1.449
-1.283
-1.159
-1.066
-1.002
-0.955
-0.993
-1.163
-1.343
-1.433
-1.574
-1.889
-2.057
-1.722
-1.206
-1.127
-1.329
-1.105
-0.447
-0.036
-0.297
-0.932
-1.268
-1.1
-0.832
-0.916
-1.327
-1.54
-1.236
-0.875
-0.959
-1.341
-1.524
-1.329
-1.061
-1.116
-1.418
-1.561
-1.334
-0.998
-0.998
-1.261
-1.22
-0.85
-0.81
-1.261
-1.574
-1.27
-0.723
-0.633
-0.995
-1.186
-0.95
-0.669
-0.789
-1.272
-1.592
-1.501
-1.44
-1.855
-2.574
-3.112
-3.341
-3.556
-3.933
-4.242
-4.26
-4.076
-3.996
-4.284
-4.777
-5.085
-5.135
-5.306
-5.891
-6.61
-6.914
-6.83
-6.902
-7.354
-7.71
-7.562
-7.281
-7.58
-8.458
-9.164
-9.275
-9.209
-9.611
-10.293
-10.479
-9.989
-9.543
-9.753
-10.368
-10.695
-10.595
-10.568
-10.974
-11.554
-11.702
-11.316
-10.974
-11.128
-11.475
-11.446
-10.978
-10.57
-10.584
-10.733
-10.391
-9.604
-9.103
-9.182
-9.282
-8.901
-8.261
-7.914
-7.966
-7.973
-7.463
-6.632
-6.136
-6.149
-6.204
-5.834
-5.196
-4.772
-4.604
-4.271
-3.62
-2.96
-2.588
-2.513
-2.418
-1.985
-1.422
-1.218
-1.304
-1.202
-0.712
-0.029
0.49
0.787
1.061
1.386
1.662
1.882
2.059
2.125
2.246
2.538
2.906
3.184
3.407
3.634
3.736
3.692
3.76
4.087
4.464
4.595
4.52
4.568
4.718
4.63
4.2
3.738
3.488
3.472
3.54
3.5
3.509
3.851
4.41
4.795
4.85
4.761
4.863
5.222
5.494
5.451
5.217
5.135
5.351
5.568
5.426
5.047
4.838
4.902
5.108
5.301
5.405
5.387
5.29
5.133
4.843
4.52
4.319
4.264
4.167
4.015
4.038
4.328
4.643
4.698
4.541
4.43
4.439
4.427
4.312
4.096
3.86
3.72
3.652
3.559
3.457
3.302
3.044
2.769
2.618
2.49
2.23
1.885
1.683
1.645
1.556
1.243
0.769
0.247
-0.159
-0.379
-0.628
-1.114
-1.531
-1.556
-1.331
-1.247
-1.429
-1.617
-1.592
-1.329
-1.077
-1.095
-1.331
-1.513
-1.533
-1.642
-2.055
-2.531
-2.688
-2.483
-2.243
-2.15
-2.13
-2.066
-2.001
-2.007
-2.139
-2.295
-2.343
-2.323
-2.384
-2.413
-2.254
-2.025
-1.912
-1.905
-1.867
-1.749
-1.57
-1.445
-1.431
-1.365
-1.073
-0.599
-0.145
0.24
0.658
1.129
1.519
1.676
1.61
1.493
1.624
1.998
2.218
2.082
1.935
2.066
2.331
2.483
2.52
2.57
2.731
2.994
3.232
3.357
3.425
3.588
3.856
4.103
4.341
4.691
5.119
5.505
5.811
6.027
6.106
6.127
6.219
6.356
6.324
6.154
6.061
6.102
6.156
6.133
6.022
5.818
5.587
5.444
5.416
5.342
5.092
4.782
4.618
4.548
4.316
3.867
3.45
3.275
3.268
3.126
2.74
2.418
2.357
2.368
2.125
1.556
1.021
0.778
0.646
0.31
-0.154
-0.413
-0.288
-0.013
0.015
-0.299
-0.691
-0.85
-0.826
-1.055
-1.687
-2.393
-2.849
-3.058
-3.298
-3.686
-4.042
-4.176
-4.242
-4.452
-4.766
-4.924
-4.822
-4.74
-4.922
-5.178
-5.233
-5.144
-5.21
-5.53
-5.82
-5.832
-5.652
-5.48
-5.48
-5.535
-5.396
-5.011
-4.62
-4.45
-4.403
-4.258
-3.922
-3.579
-3.441
-3.459
-3.425
-3.264
-3.159
-3.164
-3.103
-2.915
-2.738
-2.586
-2.368
-2.03
-1.64
-1.363
-1.293
-1.241
-0.878
-0.342
-0.038
-0.05
-0.034
0.263
0.701
1.034
1.195
1.313
1.554
1.907
2.186
2.193
1.951
1.737
1.783
1.917
1.876
1.717
1.733
1.933
2.087
2.096
2.141
2.307
2.459
2.397
2.182
2.141
2.373
2.477
2.216
1.91
1.926
2.137
2.227
2.08
1.805
1.578
1.483
1.397
1.213
0.973
0.807
0.733
0.671
0.608
0.558
0.519
0.354
0.052
-0.195
-0.299
-0.37
-0.469
-0.594
-0.801
-1.079
-1.245
-1.283
-1.356
-1.447
-1.397
-1.218
-1.086
-1.016
-0.875
-0.68
-0.562
-0.544
-0.599
-0.644
-0.633
-0.599
-0.655
-0.837
-1.027
-1.123
-1.189
-1.302
-1.409
-1.474
-1.508
-1.499
-1.447
-1.429
-1.42
-1.254
-0.921
-0.723
-0.796
-0.857
-0.66
-0.333
-0.165
-0.199
-0.159
0.167
0.626
0.953
1.111
1.331
1.744
2.198
2.472
2.618
2.776
2.921
2.964
2.939
2.978
3.137
3.386
3.661
3.947
4.198
4.436
4.682
4.838
4.872
4.87
5.006
5.219
5.344
5.36
5.435
5.723
6.124
6.431
6.594
6.778
7.016
7.217
7.392
7.608
7.893
8.145
8.275
8.411
8.728
9.073
9.157
9.005
8.962
9.132
9.275
9.22
8.973
8.653
8.429
8.392
8.34
8.073
7.789
7.699
7.683
7.487
7.199
7.066
7.12
7.177
7.05
6.748
6.51
6.523
6.589
6.406
6.065
5.875
5.83
5.612
5.088
4.534
4.155
3.743
3.162
2.62
2.309
2.007
1.472
0.83
0.338
0.061
-0.17
-0.612
-1.295
-1.903
-2.211
-2.377
-2.658
-3.026
-3.28
-3.33
-3.273
-3.302
-3.482
-3.636
-3.563
-3.289
-3.105
-3.205
-3.391
-3.443
-3.514
-3.835
-4.38
-4.881
-5.185
-5.405
-5.634
-5.772
-5.73
-5.596
-5.584
-5.62
-5.487
-5.163
-4.784
-4.507
-4.382
-4.291
-3.983
-3.418
-2.935
-2.865
-3.01
-2.944
-2.647
-2.436
-2.518
-2.754
-2.813
-2.483
-1.921
-1.524
-1.377
-1.166
-0.726
-0.279
0.022
0.424
1.102
1.708
1.849
1.706
1.665
1.703
1.558
1.211
0.83
0.775
1.25
2.055
2.719
3.123
3.593
4.312
5.117
5.739
6.097
6.451
6.929
7.156
6.843
6.419
6.448
6.748
6.573
5.956
5.947
6.909
7.578
6.852
5.426
4.799
5.217
5.489
4.654
3.268
2.855
4.001
5.46
5.691
4.85
4.387
4.899
5.491
5.233
4.378
3.971
4.582
5.521
5.7
5.07
4.625
4.988
5.396
4.863
3.734
3.178
3.538
4.074
3.996
3.416
3.017
3.116
3.166
2.518
1.429
0.866
1.002
1.052
0.558
-0.004
-0.061
0.267
0.435
0.22
-0.045
-0.002
0.293
0.555
0.617
0.608
0.812
1.063
0.814
0.045
-0.651
-0.866
-0.746
-0.667
-0.744
-0.698
-0.374
-0.057
-0.156
-0.597
-0.943
-1.007
-1.098
-1.542
-2.094
-2.295
-2.107
-1.891
-1.928
-2.155
-2.232
-1.935
-1.438
-1.052
-0.817
-0.451
0.183
0.819
1.134
1.184
1.211
1.341
1.345
1.048
0.667
0.576
0.789
0.971
0.848
0.399
-0.127
-0.408
-0.499
-0.676
-0.857
-0.696
-0.088
0.626
1.095
1.245
1.295
1.383
1.486
1.49
1.374
1.184
1.118
1.236
1.297
1.175
1.027
1.014
1.03
0.869
0.599
0.485
0.646
0.934
1.043
0.853
0.581
0.483
0.581
0.701
0.744
0.773
0.753
0.581
0.376
0.22
-0.02
-0.406
-0.726
-0.73
-0.449
-0.129
0.068
0.265
0.621
1.023
1.234
1.152
0.875
0.539
0.17
-0.215
-0.506
-0.689
-0.735
-0.526
-0.079
0.408
0.775
0.943
0.973
0.918
0.773
0.565
0.356
0.17
0.027
-0.145
-0.374
-0.469
-0.306
-0.052
0.059
0.081
0.193
0.431
0.662
0.782
0.773
0.696
0.694
0.894
1.175
1.361
1.395
1.345
1.279
1.241
1.123
0.839
0.555
0.41
0.372
0.467
0.773
1.138
1.411
1.585
1.778
2.028
2.195
2.191
2.098
2.125
2.286
2.42
2.429
2.368
2.273
2.205
2.164
2.085
2.014
2.132
2.377
2.599
2.862
3.23
3.595
3.928
4.314
4.698
4.922
4.986
4.965
4.831
4.509
4.038
3.545
3.132
2.781
2.468
2.309
2.461
2.874
3.384
3.851
4.194
4.364
4.564
4.861
5.015
4.831
4.375
3.87
3.525
3.346
3.135
2.84
2.622
2.57
2.547
2.456
2.379
2.411
2.488
2.561
2.509
2.261
1.942
1.674
1.42
1.102
0.757
0.506
0.424
0.485
0.576
0.574
0.403
0.145
-0.004
-0.031
-0.097
-0.174
-0.047
0.206
0.27
-0.027
-0.435
-0.655
-0.733
-1
-1.622
-2.363
-2.858
-3.055
-3.155
-3.298
-3.459
-3.484
-3.259
-2.828
-2.427
-2.171
-1.985
-1.776
-1.587
-1.515
-1.578
-1.742
-1.955
-2.23
-2.59
-2.978
-3.341
-3.643
-3.91
-4.108
-4.2
-4.248
-4.264
-4.164
-3.901
-3.507
-3.058
-2.604
-2.109
-1.665
-1.431
-1.463
-1.676
-2.032
-2.477
-2.978
-3.475
-3.813
-3.915
-3.917
-3.967
-4.001
-3.908
-3.686
-3.357
-3.028
-2.858
-2.838
-2.792
-2.724
-2.776
-3.017
-3.307
-3.518
-3.704
-3.849
-3.974
-4.142
-4.326
-4.475
-4.643
-4.831
-4.936
-4.881
-4.747
-4.693
-4.704
-4.57
-4.294
-4.119
-4.158
-4.28
-4.337
-4.414
-4.602
-4.92
-5.278
-5.519
-5.573
-5.566
-5.618
-5.768
-5.94
-5.947
-5.664
-5.312
-5.131
-5.047
-4.945
-4.804
-4.686
-4.756
-5.031
-5.303
-5.4
-5.475
-5.741
-6.104
-6.36
-6.49
-6.594
-6.662
-6.573
-6.274
-5.816
-5.362
-4.958
-4.568
-4.219
-3.992
-3.89
-3.894
-3.987
-4.16
-4.378
-4.634
-4.879
-5.044
-5.11
-5.06
-4.895
-4.67
-4.405
-4.083
-3.767
-3.468
-3.259
-3.164
-3.107
-3.019
-3.058
-3.35
-3.722
-3.967
-4.11
-4.198
-4.298
-4.398
-4.389
-4.26
-4.178
-4.232
-4.332
-4.298
-4.06
-3.765
-3.522
-3.325
-3.128
-3.064
-3.223
-3.556
-3.951
-4.355
-4.818
-5.308
-5.795
-6.176
-6.417
-6.542
-6.63
-6.678
-6.573
-6.285
-5.9
-5.548
-5.246
-4.965
-4.729
-4.682
-4.829
-5.081
-5.419
-5.791
-6.163
-6.56
-6.923
-7.192
-7.388
-7.508
-7.564
-7.689
-7.807
-7.773
-7.615
-7.453
-7.279
-6.972
-6.485
-6.05
-5.895
-5.94
-6.04
-6.233
-6.516
-6.82
-7.018
-7
-6.82
-6.644
-6.485
-6.308
-6.138
-6.031
-6.054
-6.17
-6.247
-6.258
-6.254
-6.267
-6.419
-6.743
-6.959
-6.832
-6.494
-6.274
-6.287
-6.249
-5.929
-5.573
-5.46
-5.521
-5.546
-5.442
-5.285
-5.308
-5.555
-5.782
-5.825
-5.709
-5.568
-5.541
-5.607
-5.65
-5.636
-5.571
-5.535
-5.594
-5.598
-5.471
-5.426
-5.543
-5.684
-5.772
-5.845
-5.922
-5.977
-5.979
-5.852
-5.571
-5.255
-5.06
-4.942
-4.797
-4.668
-4.659
-4.652
-4.455
-4.214
-4.144
-4.153
-4.035
-3.804
-3.702
-3.874
-4.264
-4.623
-4.829
-4.983
-5.178
-5.26
-4.929
-4.251
-3.599
-3.241
-3.082
-2.844
-2.4
-1.969
-1.803
-1.869
-1.939
-1.876
-1.882
-2.177
-2.681
-3.091
-3.289
-3.482
-3.772
-3.992
-3.938
-3.572
-3.144
-2.876
-2.579
-1.959
-1.209
-0.712
-0.539
-0.435
-0.215
0.038
0.018
-0.324
-0.68
-0.814
-0.93
-1.252
-1.626
-1.774
-1.699
-1.606
-1.486
-1.222
-0.843
-0.485
-0.15
0.202
0.469
0.567
0.639
0.785
0.894
0.885
0.834
0.721
0.37
-0.115
-0.426
-0.497
-0.56
-0.782
-0.932
-0.576
0.254
0.93
1.057
0.911
0.907
1.005
0.896
0.519
0.088
-0.209
-0.374
-0.528
-0.753
-0.93
-0.889
-0.694
-0.549
-0.528
-0.574
-0.551
-0.322
0.068
0.367
0.494
0.526
0.49
0.349
0.095
-0.213
-0.494
-0.801
-1.202
-1.601
-1.865
-2.014
-2.08
-2.019
-1.846
-1.597
-1.234
-0.726
-0.073
0.646
1.234
1.424
1.068
0.333
-0.299
-0.617
-1.021
-1.76
-2.32
-2.146
-1.64
-1.823
-2.935
-3.994
-4.2
-4.028
-4.443
-5.432
-6.02
-5.575
-4.539
-3.765
-3.597
-3.765
-3.738
-3.436
-3.35
-3.822
-4.636
-5.156
-4.96
-4.443
-4.219
-4.219
-4.128
-4.2
-4.759
-5.603
-6.19
-6.244
-6.102
-6.154
-6.258
-5.992
-5.326
-4.768
-4.92
-5.716
-6.378
-6.442
-6.299
-6.476
-6.966
-7.297
-7.075
-6.462
-5.99
-6.034
-6.367
-6.406
-5.952
-5.367
-5.028
-4.927
-4.784
-4.525
-4.475
-4.863
-5.364
-5.555
-5.609
-5.856
-6.17
-6.26
-6.154
-6.095
-6.202
-6.224
-5.975
-5.704
-5.673
-5.662
-5.285
-4.55
-3.844
-3.479
-3.343
-3.205
-3.067
-3.058
-3.273
-3.634
-3.842
-3.776
-3.604
-3.452
-3.32
-3.078
-2.626
-2.207
-2.175
-2.393
-2.359
-1.776
-0.937
-0.356
-0.095
0.236
0.73
1.016
0.798
0.263
-0.095
-0.07
0.15
0.372
0.571
0.817
1.147
1.429
1.461
1.283
1.152
1.236
1.545
1.898
2.071
2.032
2.014
2.132
2.323
2.472
2.563
2.706
2.899
3.028
3.073
3.187
3.479
3.765
3.824
3.702
3.624
3.597
3.502
3.364
3.187
2.958
2.733
2.599
2.515
2.375
2.166
1.996
1.996
2.159
2.347
2.499
2.656
2.769
2.749
2.536
2.198
1.907
1.787
1.826
1.994
2.189
2.223
2.155
2.248
2.536
2.708
2.606
2.493
2.672
3.021
3.239
3.223
3.162
3.262
3.475
3.602
3.545
3.35
3.075
2.744
2.406
2.096
1.787
1.493
1.275
1.175
1.173
1.275
1.522
1.867
2.071
2.078
2.116
2.286
2.488
2.593
2.554
2.443
2.37
2.436
2.645
2.831
2.881
2.862
2.892
2.921
2.831
2.579
2.268
2.098
2.202
2.49
2.672
2.588
2.284
1.953
1.726
1.515
1.215
0.918
0.757
0.805
1.055
1.433
1.776
1.955
2.046
2.209
2.574
3.003
3.227
3.182
3.042
3.007
3.08
3.132
3.062
2.903
2.822
2.921
3.071
3.058
2.939
2.892
2.928
2.908
2.781
2.599
2.384
2.109
1.828
1.603
1.429
1.304
1.193
1.021
0.812
0.653
0.576
0.553
0.533
0.581
0.878
1.402
1.862
1.989
1.885
1.823
1.812
1.717
1.558
1.472
1.513
1.603
1.513
1.211
0.819
0.367
-0.147
-0.696
-1.211
-1.631
-1.807
-1.737
-1.594
-1.549
-1.411
-1.063
-0.728
-0.658
-0.782
-0.803
-0.599
-0.324
-0.167
-0.127
-0.002
0.263
0.419
0.293
0.077
0.054
0.233
0.354
0.306
0.283
0.417
0.576
0.578
0.438
0.274
0.127
0.066
0.122
0.183
0.227
0.342
0.546
0.665
0.576
0.392
0.322
0.462
0.689
0.749
0.623
0.617
0.834
1.111
1.259
1.286
1.379
1.61
1.878
2.089
2.302
2.52
2.593
2.481
2.37
2.343
2.261
2.073
1.914
1.987
2.186
2.279
2.237
2.182
2.193
2.195
2.114
1.939
1.749
1.601
1.567
1.617
1.724
1.781
1.728
1.735
1.882
2.043
2.069
2.046
2.157
2.415
2.622
2.654
2.647
2.74
2.899
3.001
3.021
3.01
2.955
2.729
2.307
1.833
1.515
1.341
1.111
0.814
0.665
0.742
0.875
0.93
0.911
0.927
1.034
1.129
1.098
0.948
0.796
0.757
0.83
0.932
1.057
1.22
1.327
1.329
1.247
1.159
1.086
0.941
0.714
0.533
0.476
0.528
0.553
0.433
0.222
0.05
0.004
0.022
-0.081
-0.317
-0.449
-0.408
-0.413
-0.682
-1.082
-1.281
-1.2
-1.091
-1.2
-1.302
-1.039
-0.481
-0.034
0.068
0.075
0.222
0.399
0.403
0.263
0.141
0.097
-0.029
-0.319
-0.614
-0.762
-0.707
-0.555
-0.445
-0.331
-0.106
0.267
0.719
1.063
1.222
1.315
1.404
1.365
1.116
0.78
0.551
0.445
0.403
0.415
0.558
0.839
1.079
1.206
1.331
1.497
1.708
1.955
2.146
2.284
2.486
2.842
3.212
3.375
3.368
3.364
3.411
3.443
3.364
3.159
2.939
2.838
2.892
2.953
2.915
2.915
3.135
3.468
3.731
3.881
4.019
4.185
4.269
4.189
3.99
3.811
3.67
3.454
3.166
2.967
2.921
2.978
3.114
3.334
3.656
4.099
4.607
5.024
5.235
5.296
5.328
5.344
5.244
4.945
4.475
3.933
3.436
3.007
2.565
2.059
1.658
1.472
1.37
1.157
0.885
0.703
0.655
0.694
0.73
0.764
0.805
0.907
1.077
1.225
1.393
1.651
1.86
1.833
1.59
1.397
1.334
1.179
0.875
0.633
0.562
0.574
0.553
0.469
0.358
0.31
0.299
0.215
0.018
-0.193
-0.329
-0.415
-0.553
-0.689
-0.678
-0.551
-0.385
-0.183
0.015
0.161
0.329
0.517
0.587
0.599
0.766
1.1
1.372
1.497
1.551
1.638
1.669
1.545
1.35
1.206
1.141
1.157
1.202
1.186
1.1
1.014
0.971
0.957
0.98
0.966
0.891
0.88
1.07
1.429
1.73
1.849
1.887
1.917
1.896
1.898
2.064
2.259
2.305
2.307
2.497
2.851
3.159
3.334
3.466
3.706
4.064
4.394
4.6
4.711
4.806
4.843
4.688
4.425
4.214
4.053
3.926
3.87
3.903
4.064
4.403
4.868
5.285
5.507
5.466
5.312
5.167
5.063
4.902
4.682
4.573
4.74
5.063
5.253
5.255
5.328
5.618
5.975
6.111
6.024
5.92
5.936
6.036
6.138
6.258
6.433
6.648
6.871
7.079
7.172
7.1
6.961
6.836
6.682
6.48
6.365
6.342
6.12
5.582
5.165
5.108
5.019
4.62
4.262
4.291
4.654
5.092
5.484
5.877
6.474
7.338
8.188
8.674
8.742
8.621
8.565
8.515
8.37
8.27
8.256
8.216
8.163
7.998
7.406
6.41
5.528
4.892
4.205
3.488
3.232
3.618
4.269
4.786
5.14
5.516
6.099
6.743
7.127
7.195
7.267
7.535
7.755
7.696
7.383
6.955
6.474
6.029
5.75
5.614
5.41
5.022
4.645
4.484
4.443
4.396
4.346
4.219
3.965
3.77
3.806
3.949
3.999
3.926
3.763
3.602
3.561
3.516
3.212
2.772
2.57
2.645
2.778
2.978
3.275
3.554
3.77
3.922
4.006
4.049
4.099
4.117
4.026
3.811
3.547
3.259
2.878
2.298
1.508
0.651
-0.043
-0.315
-0.247
-0.073
0.15
0.585
1.266
1.919
2.286
2.472
2.647
2.724
2.667
2.642
2.792
2.99
3.058
2.912
2.593
2.289
2.146
2.064
1.826
1.497
1.261
1.132
1.075
1.179
1.42
1.585
1.545
1.474
1.508
1.497
1.365
1.236
1.089
0.771
0.399
0.211
0.147
-0.015
-0.281
-0.41
-0.272
0.009
0.174
0.138
0.079
0.159
0.211
0.011
-0.338
-0.526
-0.487
-0.465
-0.551
-0.674
-0.848
-1.111
-1.42
-1.706
-1.996
-2.27
-2.454
-2.631
-2.883
-3.121
-3.216
-3.191
-3.2
-3.296
-3.45
-3.602
-3.672
-3.613
-3.432
-3.282
-3.239
-3.2
-3.098
-2.998
-2.921
-2.84
-2.862
-3.026
-3.166
-3.159
-3.064
-3.13
-3.411
-3.643
-3.595
-3.373
-3.25
-3.355
-3.529
-3.645
-3.695
-3.745
-3.824
-3.815
-3.661
-3.368
-2.96
-2.513
-2.059
-1.587
-1.163
-0.875
-0.73
-0.68
-0.71
-0.828
-0.934
-0.959
-0.887
-0.787
-0.651
-0.474
-0.331
-0.256
-0.215
-0.174
-0.118
0.038
0.324
0.587
0.723
0.744
0.719
0.789
1.011
1.25
1.37
1.402
1.449
1.558
1.767
2.028
2.179
2.127
1.919
1.715
1.622
1.576
1.47
1.37
1.395
1.529
1.681
1.76
1.794
1.81
1.83
1.907
2.082
2.279
2.395
2.454
2.499
2.481
2.37
2.218
2.111
2.066
2.094
2.098
1.959
1.697
1.451
1.243
0.998
0.689
0.376
0.227
0.34
0.574
0.744
0.839
1.002
1.234
1.388
1.336
1.1
0.85
0.742
0.71
0.637
0.537
0.417
0.161
-0.19
-0.458
-0.597
-0.733
-0.918
-1.093
-1.195
-1.22
-1.186
-1.132
-1.152
-1.179
-1.145
-1.147
-1.257
-1.372
-1.422
-1.435
-1.488
-1.713
-2.019
-2.123
-1.907
-1.687
-1.762
-1.917
-1.758
-1.356
-1.145
-1.263
-1.458
-1.495
-1.399
-1.467
-1.869
-2.345
-2.483
-2.311
-2.216
-2.379
-2.586
-2.595
-2.382
-2.195
-2.254
-2.357
-2.15
-1.713
-1.442
-1.358
-1.152
-0.71
-0.317
-0.274
-0.533
-0.78
-0.81
-0.717
-0.775
-1.116
-1.551
-1.83
-1.939
-1.937
-1.86
-1.703
-1.435
-1.132
-0.998
-1.046
-1.052
-0.869
-0.614
-0.467
-0.372
-0.147
0.238
0.537
0.599
0.438
0.183
-0.025
-0.172
-0.413
-0.755
-0.969
-0.98
-0.959
-1.086
-1.315
-1.442
-1.341
-1.191
-1.241
-1.474
-1.542
-1.236
-0.735
-0.447
-0.465
-0.524
-0.415
-0.277
-0.374
-0.68
-0.921
-0.953
-0.941
-1.089
-1.399
-1.751
-2.105
-2.536
-3.048
-3.559
-3.931
-4.194
-4.546
-5.013
-5.419
-5.675
-5.85
-6.074
-6.342
-6.621
-6.807
-6.818
-6.78
-6.891
-7.143
-7.308
-7.374
-7.51
-7.825
-8.22
-8.553
-8.841
-9.196
-9.597
-9.994
-10.429
-10.867
-11.241
-11.577
-11.913
-12.194
-12.373
-12.376
-12.187
-11.868
-11.611
-11.509
-11.45
-11.348
-11.298
-11.328
-11.328
-11.228
-11.005
-10.645
-10.175
-9.767
-9.568
-9.561
-9.629
-9.66
-9.656
-9.685
-9.853
-9.978
-9.794
-9.361
-8.937
-8.617
-8.254
-7.741
-7.134
-6.564
-6.029
-5.514
-5.04
-4.604
-4.185
-3.802
-3.493
-3.282
-3.153
-2.99
-2.758
-2.558
-2.413
-2.214
-1.907
-1.572
-1.286
-1.041
-0.764
-0.394
0.09
0.537
0.823
1
1.259
1.653
1.919
1.855
1.667
1.674
1.975
2.323
2.554
2.819
3.282
3.879
4.434
4.707
4.77
4.879
5.076
5.151
5.044
4.897
4.883
4.886
4.675
4.335
4.087
3.931
3.797
3.672
3.62
3.758
4.11
4.555
5.028
5.564
6.111
6.471
6.578
6.632
6.759
6.816
6.66
6.415
6.249
6.133
5.966
5.702
5.233
4.611
4.176
4.106
4.115
3.886
3.488
3.25
3.232
3.162
2.96
2.806
2.84
2.915
2.828
2.683
2.749
3.039
3.137
2.822
2.429
2.279
2.237
2.043
1.753
1.533
1.39
1.252
1.093
0.939
0.862
0.905
0.991
1.021
1.007
1.011
0.995
0.911
0.682
0.322
-0.029
-0.231
-0.385
-0.682
-1.073
-1.272
-1.227
-1.218
-1.411
-1.599
-1.597
-1.477
-1.531
-1.839
-2.001
-1.631
-0.923
-0.365
-0.079
0.263
0.889
1.504
1.717
1.57
1.363
1.252
1.145
0.95
0.571
0.045
-0.385
-0.501
-0.424
-0.426
-0.517
-0.513
-0.399
-0.324
-0.417
-0.651
-0.764
-0.68
-0.569
-0.46
-0.225
0.181
0.612
0.923
1.257
1.755
2.293
2.597
2.67
2.703
2.876
3.103
3.271
3.382
3.468
3.604
3.833
4.04
4.046
3.795
3.427
3.123
2.867
2.529
2.13
1.837
1.76
1.828
1.928
2.028
2.241
2.615
3.055
3.389
3.615
3.978
4.5
4.874
5.006
5.054
5.112
5.117
4.951
4.634
4.321
4.08
3.86
3.72
3.747
3.688
3.42
3.364
3.713
3.842
3.266
2.527
2.307
2.436
2.37
1.858
1.023
0.322
0.283
0.553
0.031
-1.295
-2.012
-1.479
-0.726
-0.703
-0.925
-0.592
-0.041
0.15
0.111
0.007
-0.295
-0.555
-0.501
-0.551
-1.046
-1.69
-2.23
-2.853
-3.516
-3.983
-4.396
-4.852
-4.899
-4.457
-4.078
-3.917
-3.663
-3.373
-3.346
-3.479
-3.493
-3.572
-3.944
-4.248
-4.185
-4.187
-4.552
-4.811
-4.534
-4.055
-3.838
-3.758
-3.418
-2.69
-1.842
-1.261
-1.114
-1.03
-0.601
-0.102
-0.073
-0.454
-0.735
-0.726
-0.703
-0.973
-1.479
-1.987
-2.241
-2.164
-2.125
-2.495
-2.994
-3.053
-2.613
-2.05
-1.697
-1.488
-1.136
-0.501
0.195
0.59
0.744
0.98
1.311
1.493
1.601
1.855
2.048
1.83
1.293
0.81
0.571
0.56
0.608
0.599
0.578
0.587
0.508
0.261
0.052
-0.047
-0.225
-0.481
-0.519
-0.188
0.186
0.209
-0.015
-0.07
0.109
0.242
0.159
0.043
0.093
0.281
0.522
0.665
0.585
0.408
0.354
0.351
0.195
-0.261
-0.839
-1.272
-1.499
-1.706
-2.137
-2.735
-3.128
-3.162
-3.121
-3.128
-2.946
-2.504
-2.105
-1.919
-1.713
-1.358
-1.079
-1.046
-1.186
-1.433
-1.706
-1.898
-1.951
-1.944
-2.078
-2.293
-2.338
-2.166
-2.003
-2.08
-2.314
-2.293
-1.858
-1.306
-0.948
-0.826
-0.612
-0.172
0.156
0.118
-0.138
-0.272
-0.145
0.104
0.247
0.24
0.181
0.297
0.612
0.903
0.941
0.814
0.832
1.147
1.522
1.706
1.862
2.277
2.881
3.289
3.416
3.554
3.963
4.391
4.475
4.41
4.582
5.07
5.58
5.87
5.984
6.142
6.451
6.675
6.539
6.197
5.977
5.931
5.841
5.521
5.192
5.151
5.391
5.678
5.861
6.031
6.435
7.14
7.83
8.238
8.483
8.83
9.223
9.37
9.191
8.967
9.016
9.189
9.191
8.975
8.699
8.501
8.322
8.018
7.651
7.39
7.224
7.088
6.977
6.864
6.75
6.626
6.516
6.431
6.362
6.331
6.347
6.283
6.008
5.612
5.312
5.233
5.231
5.031
4.609
4.248
4.049
3.811
3.382
2.824
2.334
2.023
1.855
1.662
1.29
0.696
0.066
-0.387
-0.655
-0.962
-1.461
-2.03
-2.418
-2.509
-2.495
-2.71
-3.119
-3.357
-3.318
-3.355
-3.638
-3.901
-3.954
-3.854
-3.804
-4.055
-4.602
-5.026
-5.019
-4.852
-4.976
-5.326
-5.426
-5.083
-4.659
-4.507
-4.63
-4.718
-4.539
-4.205
-4.012
-4.064
-4.219
-4.244
-4.003
-3.588
-3.232
-3.153
-3.234
-3.142
-2.876
-2.703
-2.672
-2.62
-2.382
-1.901
-1.327
-0.873
-0.506
-0.041
0.59
1.177
1.567
1.853
2.189
2.567
2.84
2.883
2.767
2.713
2.853
3.019
3.064
3.085
3.239
3.504
3.822
4.2
4.595
4.879
5.07
5.255
5.458
5.682
5.986
6.367
6.696
6.904
7.009
7.034
7.018
6.995
6.979
6.909
6.791
6.689
6.619
6.462
6.158
5.752
5.383
5.163
5.112
5.18
5.26
5.233
5.122
4.999
4.915
4.754
4.396
3.987
3.876
4.074
4.26
4.284
4.326
4.564
4.815
4.793
4.561
4.378
4.219
3.91
3.425
2.881
2.49
2.305
2.159
1.846
1.336
0.887
0.778
0.953
0.984
0.623
0.211
0.179
0.419
0.506
0.245
-0.167
-0.365
-0.295
-0.213
-0.231
-0.213
-0.213
-0.308
-0.492
-0.669
-0.739
-0.717
-0.798
-1.063
-1.306
-1.304
-1.159
-1.193
-1.524
-1.951
-2.146
-2.014
-1.839
-1.878
-2.046
-2.096
-1.896
-1.547
-1.343
-1.372
-1.377
-1.159
-0.853
-0.626
-0.526
-0.438
-0.202
0.17
0.476
0.599
0.626
0.717
0.891
0.966
0.782
0.424
0.118
0.011
0.05
0.084
0.059
0.109
0.445
0.948
1.252
1.257
1.261
1.433
1.583
1.517
1.356
1.354
1.51
1.64
1.642
1.603
1.685
1.957
2.266
2.302
2.003
1.585
1.238
0.966
0.769
0.571
0.329
0.106
0.025
0.052
0.018
-0.159
-0.456
-0.782
-1.025
-1.118
-1.055
-0.959
-0.969
-1.055
-1.041
-0.846
-0.533
-0.265
-0.145
-0.099
-0.043
-0.059
-0.272
-0.565
-0.819
-0.993
-1.17
-1.431
-1.701
-1.887
-1.951
-1.939
-1.869
-1.785
-1.656
-1.449
-1.218
-1.021
-0.907
-0.837
-0.662
-0.394
-0.286
-0.44
-0.667
-0.757
-0.787
-0.871
-0.993
-1.061
-0.991
-0.819
-0.639
-0.485
-0.365
-0.206
0.095
0.483
0.773
0.973
1.225
1.461
1.587
1.587
1.515
1.402
1.204
0.894
0.576
0.347
0.231
0.209
0.222
0.236
0.363
0.785
1.393
1.876
2.146
2.409
2.851
3.362
3.751
4.017
4.189
4.273
4.278
4.242
4.117
3.856
3.586
3.475
3.495
3.45
3.375
3.475
3.708
3.831
3.822
3.876
4.128
4.423
4.645
4.756
4.786
4.829
4.89
4.786
4.523
4.314
4.31
4.384
4.4
4.384
4.525
4.874
5.251
5.46
5.48
5.344
5.058
4.679
4.346
4.085
3.763
3.348
3.023
2.944
2.955
2.797
2.481
2.148
1.894
1.769
1.812
1.975
2.143
2.248
2.343
2.452
2.497
2.409
2.189
1.835
1.345
0.817
0.401
0.109
-0.12
-0.413
-0.757
-0.894
-0.694
-0.41
-0.415
-0.665
-0.891
-1.03
-1.213
-1.504
-1.828
-2.127
-2.316
-2.359
-2.404
-2.556
-2.64
-2.59
-2.52
-2.538
-2.513
-2.395
-2.316
-2.268
-2.162
-2.085
-2.01
-1.83
-1.601
-1.615
-1.998
-2.431
-2.658
-2.894
-3.45
-4.151
-4.555
-4.604
-4.623
-4.772
-4.788
-4.359
-3.738
-3.425
-3.23
-2.415
-1.252
-0.959
-1.635
-2.164
-2.173
-2.23
-2.486
-2.663
-2.84
-3.028
-2.803
-2.25
-2.214
-2.939
-3.588
-3.57
-3.389
-3.72
-4.278
-4.169
-3.101
-1.907
-1.561
-1.923
-1.994
-1.581
-1.597
-2.363
-2.964
-2.838
-2.661
-2.951
-3.221
-3.153
-3.284
-3.858
-4.307
-4.319
-4.291
-4.446
-4.518
-4.355
-4.123
-3.956
-3.879
-3.949
-4.142
-4.278
-4.23
-4.146
-4.151
-4.294
-4.566
-4.747
-4.616
-4.441
-4.74
-5.335
-5.389
-4.799
-4.421
-4.57
-4.709
-4.536
-4.489
-4.934
-5.566
-5.82
-5.718
-5.702
-5.929
-6.027
-5.65
-5.083
-4.861
-4.992
-5.074
-5.07
-5.112
-5.14
-5.058
-4.954
-4.838
-4.555
-4.2
-4.2
-4.652
-5.094
-5.151
-5.065
-5.19
-5.403
-5.301
-4.883
-4.579
-4.654
-4.84
-4.85
-4.806
-4.942
-5.19
-5.235
-4.945
-4.63
-4.523
-4.482
-4.352
-4.214
-4.246
-4.507
-4.852
-5.083
-5.065
-4.797
-4.555
-4.518
-4.487
-4.246
-3.951
-3.99
-4.43
-4.94
-5.142
-4.97
-4.843
-5.158
-5.666
-5.843
-5.764
-5.918
-6.256
-6.306
-5.945
-5.596
-5.523
-5.521
-5.475
-5.519
-5.666
-5.814
-5.924
-5.893
-5.652
-5.353
-5.219
-5.246
-5.367
-5.571
-5.845
-6.147
-6.514
-6.909
-7.052
-6.836
-6.494
-6.151
-5.718
-5.26
-5.026
-5.028
-5.054
-5.112
-5.471
-6.154
-6.696
-6.791
-6.614
-6.535
-6.616
-6.594
-6.24
-5.777
-5.584
-5.675
-5.755
-5.673
-5.548
-5.566
-5.714
-5.9
-6.052
-6.19
-6.34
-6.422
-6.412
-6.401
-6.46
-6.632
-6.943
-7.385
-7.814
-8.079
-8.181
-8.195
-8.043
-7.739
-7.463
-7.32
-7.229
-7.025
-6.723
-6.567
-6.664
-6.861
-6.986
-7.072
-7.179
-7.224
-7.161
-7.109
-7.186
-7.338
-7.417
-7.447
-7.639
-7.916
-7.859
-7.363
-6.789
-6.464
-6.34
-6.16
-5.915
-5.782
-5.764
-5.723
-5.662
-5.578
-5.351
-5.031
-4.756
-4.52
-4.264
-3.98
-3.697
-3.434
-3.187
-3.019
-3.012
-3.048
-2.98
-2.822
-2.667
-2.52
-2.406
-2.293
-2.146
-1.982
-1.919
-1.98
-1.962
-1.755
-1.567
-1.574
-1.638
-1.538
-1.261
-0.959
-0.717
-0.524
-0.319
-0.111
0.063
0.152
0.113
0.045
0.02
-0.045
-0.283
-0.628
-0.837
-0.821
-0.78
-0.939
-1.127
-1.059
-0.796
-0.59
-0.501
-0.445
-0.347
-0.213
-0.109
-0.073
-0.05
0
-0.004
-0.225
-0.612
-0.955
-1.118
-1.193
-1.29
-1.356
-1.32
-1.263
-1.236
-1.241
-1.215
-1.134
-0.993
-0.798
-0.578
-0.326
-0.07
0.036
-0.057
-0.281
-0.562
-0.826
-1.023
-1.236
-1.463
-1.59
-1.64
-1.706
-1.676
-1.404
-0.982
-0.658
-0.503
-0.469
-0.508
-0.558
-0.612
-0.764
-1.039
-1.268
-1.356
-1.325
-1.27
-1.331
-1.647
-2.164
-2.595
-2.717
-2.613
-2.499
-2.393
-2.166
-1.839
-1.483
-1.077
-0.719
-0.524
-0.349
-0.022
0.272
0.17
-0.381
-1.032
-1.542
-1.996
-2.466
-2.894
-3.105
-3.035
-2.883
-2.849
-2.881
-2.763
-2.47
-2.25
-2.139
-1.985
-1.722
-1.51
-1.495
-1.606
-1.662
-1.656
-1.765
-2.121
-2.699
-3.316
-3.808
-4.158
-4.298
-4.207
-4.035
-3.888
-3.718
-3.459
-3.216
-3.142
-3.128
-3.017
-2.851
-2.713
-2.74
-3.021
-3.536
-4.151
-4.663
-5.031
-5.405
-5.777
-6.045
-6.231
-6.424
-6.607
-6.628
-6.455
-6.204
-5.852
-5.344
-4.768
-4.346
-4.223
-4.298
-4.357
-4.348
-4.398
-4.632
-4.965
-5.242
-5.512
-5.875
-6.272
-6.551
-6.569
-6.353
-6.14
-6.006
-5.845
-5.623
-5.391
-5.149
-4.786
-4.237
-3.661
-3.305
-3.262
-3.348
-3.366
-3.284
-3.173
-3.053
-2.958
-2.878
-2.729
-2.49
-2.205
-1.966
-1.746
-1.497
-1.279
-1.152
-1.027
-0.869
-0.742
-0.662
-0.528
-0.27
-0.015
0.052
-0.034
-0.066
0.05
0.254
0.465
0.671
0.962
1.37
1.767
2.094
2.4
2.701
2.962
3.184
3.366
3.434
3.314
3.11
2.926
2.733
2.481
2.239
2.017
1.862
1.839
1.944
2.125
2.35
2.708
3.216
3.706
4.08
4.478
4.945
5.253
5.283
5.183
4.958
4.55
4.074
3.677
3.33
2.899
2.459
2.179
2.114
2.182
2.27
2.386
2.62
3.003
3.357
3.45
3.348
3.298
3.441
3.688
3.844
3.879
3.847
3.69
3.32
2.776
2.153
1.519
0.966
0.61
0.438
0.442
0.571
0.691
0.714
0.739
0.925
1.283
1.59
1.697
1.706
1.753
1.694
1.367
0.966
0.717
0.592
0.399
0.165
0.018
-0.059
-0.129
-0.143
-0.038
0.199
0.603
1.041
1.206
1.086
1.043
1.179
1.211
0.98
0.698
0.565
0.483
0.326
0.104
-0.122
-0.306
-0.302
-0.075
0.177
0.365
0.617
0.975
1.365
1.724
2.007
2.216
2.375
2.461
2.49
2.529
2.556
2.495
2.302
2.078
1.894
1.762
1.529
1.118
0.78
0.794
1.063
1.263
1.279
1.347
1.676
2.198
2.679
2.998
3.162
3.203
3.132
2.964
2.656
2.254
1.994
1.971
1.985
1.867
1.699
1.635
1.71
1.865
1.933
1.905
2.001
2.341
2.649
2.556
2.134
1.753
1.554
1.325
0.855
0.315
-0.034
-0.204
-0.429
-0.733
-0.921
-0.807
-0.51
-0.152
0.24
0.61
0.934
1.261
1.606
1.873
1.962
1.921
1.792
1.526
1.102
0.599
0.102
-0.335
-0.728
-1.077
-1.361
-1.517
-1.427
-1.025
-0.537
-0.222
-0.018
0.295
0.753
1.111
1.189
1.114
1.075
1.025
0.78
0.256
-0.583
-1.717
-2.713
-2.595
-1.238
-0.283
-1.055
-2.102
-1.211
0.916
1.662
0.313
-1.025
-0.281
1.969
3.4
3.023
2.254
2.674
3.82
3.912
2.409
0.655
-0.179
-0.351
-0.626
-1.055
-1.048
-0.186
1.129
1.794
1.372
0.941
1.606
2.658
2.792
2.211
2.259
3.602
5.301
5.884
5.108
4.162
4.046
4.326
3.786
2.259
1.095
1.229
1.935
2.105
1.649
1.365
1.912
2.76
2.86
2.277
2.078
2.763
3.688
4.064
3.899
3.718
3.774
3.942
3.901
3.484
3.13
3.239
3.389
3.032
2.357
1.907
1.715
1.272
0.483
-0.054
0.141
0.9
1.617
1.907
2.191
2.896
3.591
3.529
2.767
2.116
2.043
2.109
1.594
0.583
-0.073
0.095
0.526
0.308
-0.674
-1.517
-1.488
-0.93
-0.757
-1.147
-1.206
-0.449
0.558
0.977
0.553
-0.073
-0.22
-0.077
-0.227
-0.757
-1.231
-1.363
-1.447
-1.826
-2.343
-2.624
-2.658
-2.703
-2.917
-3.048
-2.583
-1.538
-0.623
-0.424
-0.698
-0.633
0.059
0.778
0.846
0.22
-0.51
-0.717
-0.458
-0.387
-0.826
-1.456
-1.733
-1.415
-0.83
-0.497
-0.526
-0.639
-0.499
-0.011
0.571
0.914
0.948
0.85
0.982
1.454
1.969
2.182
2.05
1.783
1.597
1.601
1.64
1.531
1.227
0.85
0.76
1.182
1.878
2.323
2.395
2.441
2.663
2.892
3.017
3.001
2.881
2.81
2.971
3.375
3.792
3.994
3.992
3.992
4.185
4.482
4.561
4.269
3.915
3.804
3.828
3.722
3.488
3.339
3.291
3.243
3.205
3.184
3.121
3.014
2.917
2.855
2.865
2.955
3.137
3.475
3.967
4.462
4.865
5.163
5.339
5.335
5.044
4.548
3.985
3.445
2.901
2.418
2.037
1.73
1.435
1.136
0.853
0.553
0.263
0.025
-0.118
-0.095
0.165
0.483
0.726
0.982
1.399
1.944
2.402
2.588
2.563
2.563
2.588
2.454
2.105
1.592
1.114
1.016
1.334
1.551
1.32
0.923
0.805
0.986
1.154
1.095
0.869
0.721
0.707
0.785
0.907
0.914
0.694
0.465
0.487
0.737
1.021
1.121
0.986
0.871
0.946
1.073
1.102
1.184
1.341
1.526
1.744
1.975
2.071
1.942
1.746
1.587
1.411
1.161
0.921
0.857
0.914
0.918
0.873
0.957
1.191
1.367
1.347
1.213
1.145
1.189
1.225
1.229
1.25
1.37
1.653
2.017
2.305
2.486
2.647
2.838
3.028
3.148
3.171
3.221
3.389
3.599
3.659
3.484
3.257
3.223
3.377
3.475
3.411
3.404
3.672
4.151
4.457
4.471
4.387
4.475
4.716
4.831
4.734
4.616
4.604
4.607
4.514
4.284
4.064
4.04
4.21
4.382
4.378
4.305
4.425
4.824
5.33
5.743
6.013
6.306
6.707
6.988
6.975
6.882
6.959
7.066
6.966
6.687
6.378
6.104
5.777
5.396
5.031
4.831
4.845
4.934
4.924
4.836
4.79
4.879
5.138
5.369
5.376
5.326
5.505
5.893
6.202
6.283
6.353
6.614
6.97
7.243
7.392
7.433
7.408
7.426
7.501
7.533
7.531
7.533
7.494
7.317
6.988
6.587
6.224
5.966
5.836
5.734
5.643
5.718
5.9
6.02
6.047
6.04
6.104
6.374
6.752
7.011
7.154
7.363
7.703
8.025
8.161
8.165
8.313
8.626
8.749
8.481
8.088
7.821
7.705
7.662
7.424
6.979
6.528
6.081
5.702
5.416
5.044
4.534
4.09
3.643
2.958
2.159
1.833
2.205
2.502
1.873
1.17
2.012
3.856
4.902
4.986
5.063
5.389
5.539
5.119
4.806
5.26
5.212
3.704
2.157
2.198
3.142
3.227
1.901
0.51
0.415
0.826
0.642
0.467
0.422
-0.181
-0.846
-0.642
0.313
1.091
1.025
0.501
0.49
1.025
1.334
1.279
1.247
1.229
0.832
0.247
0.513
1.574
1.939
1.215
0.546
0.85
1.681
1.774
1.061
0.755
0.982
1.016
0.887
0.841
0.73
0.551
0.209
-0.181
-0.209
-0.315
-0.957
-1.463
-1.347
-0.896
-0.49
-0.365
-0.22
0.376
0.966
1.218
1.733
2.415
2.211
1.295
1.07
1.849
2.347
1.635
0.379
-0.181
0.161
0.426
0.027
-0.59
-0.823
-0.823
-1.147
-1.601
-1.522
-1.213
-1.617
-2.468
-2.847
-2.683
-2.502
-2.545
-2.799
-3.046
-3.087
-3.007
-2.964
-2.928
-2.844
-2.803
-2.833
-2.626
-2.361
-2.813
-3.706
-4.074
-4.083
-4.482
-5.319
-6.002
-5.963
-5.471
-5.292
-5.303
-4.94
-4.323
-3.736
-3.214
-2.79
-2.431
-2.391
-2.892
-3.375
-3.327
-3.182
-3.43
-3.98
-4.443
-4.491
-4.223
-3.74
-2.967
-2.32
-2.198
-2.211
-1.885
-1.456
-1.293
-1.347
-1.504
-1.719
-1.858
-1.767
-1.32
-0.671
-0.349
-0.503
-0.533
0.034
0.801
1.016
0.71
0.539
0.626
0.555
0.356
0.295
0.329
0.265
0.086
0.015
0.351
0.794
0.882
0.769
0.764
1.011
1.334
1.29
1.091
1.424
1.996
2.191
2.198
2.295
2.409
2.45
2.47
2.726
2.983
2.708
2.246
2.254
2.565
2.663
2.438
2.075
1.919
2.001
1.882
1.515
1.243
1.084
0.803
0.385
0.197
0.492
0.771
0.655
0.535
0.775
1.334
1.876
2.085
1.998
1.828
1.701
1.726
1.767
1.517
0.957
0.376
-0.057
-0.46
-1.018
-1.674
-1.975
-1.814
-1.685
-1.878
-2.01
-1.73
-1.32
-1.191
-1.261
-1.191
-1.093
-1.141
-1.241
-1.293
-1.352
-1.472
-1.558
-1.601
-1.701
-1.837
-2.039
-2.305
-2.683
-3.264
-3.842
-4.06
-3.974
-4.028
-4.443
-4.888
-4.924
-4.652
-4.28
-3.697
-2.933
-2.345
-2.014
-1.61
-1.066
-0.814
-1.25
-2.094
-2.604
-2.547
-2.334
-2.309
-2.327
-2.116
-1.737
-1.451
-1.315
-1.254
-1.288
-1.386
-1.513
-1.606
-1.587
-1.413
-0.964
-0.417
-0.222
-0.365
-0.254
0.195
0.363
-0.022
-0.399
-0.22
0.317
0.669
0.703
0.76
1.034
1.304
1.225
0.769
0.22
-0.24
-0.61
-0.894
-1.121
-1.367
-1.519
-1.365
-0.946
-0.537
-0.211
0.211
0.773
1.35
1.733
1.799
1.606
1.343
1.041
0.51
-0.202
-0.63
-0.687
-0.894
-1.433
-1.803
-1.758
-1.683
-1.805
-1.889
-1.88
-1.876
-1.83
-1.665
-1.504
-1.565
-1.962
-2.561
-3.135
-3.627
-4.171
-4.936
-5.739
-6.24
-6.439
-6.637
-6.895
-7.177
-7.54
-7.823
-7.882
-7.982
-8.338
-8.701
-8.808
-8.68
-8.621
-8.755
-8.887
-9.03
-9.341
-9.794
-10.255
-10.681
-11.092
-11.482
-11.899
-12.333
-12.652
-12.827
-13.011
-13.222
-13.351
-13.33
-13.14
-12.859
-12.596
-12.434
-12.273
-11.872
-11.248
-10.785
-10.752
-10.901
-10.867
-10.633
-10.411
-10.361
-10.57
-10.797
-10.686
-10.393
-10.169
-9.865
-9.295
-8.556
-7.798
-7.016
-6.14
-5.171
-4.332
-3.822
-3.393
-2.781
-2.116
-1.751
-1.81
-1.959
-1.749
-1.263
-1.091
-1.322
-1.574
-1.561
-1.238
-0.821
-0.603
-0.469
0.141
1.329
2.549
3.278
3.613
4.08
4.761
5.14
4.981
4.623
4.504
4.77
5.056
5.017
4.997
5.537
6.385
6.668
6.16
5.519
5.267
5.144
4.623
3.734
3.112
3.237
3.804
4.198
4.221
4.18
4.382
4.734
4.883
4.79
4.754
4.981
5.371
5.65
5.714
5.768
5.968
6.088
5.83
5.248
4.684
4.291
3.883
3.309
2.722
2.466
2.509
2.54
2.479
2.49
2.692
2.953
2.974
2.769
2.649
2.64
2.472
2.069
1.713
1.583
1.61
1.665
1.619
1.531
1.561
1.69
1.751
1.613
1.315
1.191
1.49
1.935
2.048
1.826
1.633
1.685
1.774
1.517
0.896
0.351
0.127
-0.022
-0.297
-0.587
-0.733
-0.714
-0.669
-0.764
-0.991
-1.118
-0.998
-0.773
-0.689
-0.721
-0.614
-0.172
0.469
0.918
1.027
1.082
1.338
1.578
1.381
0.848
0.542
0.707
0.927
0.766
0.387
0.288
0.526
0.712
0.612
0.408
0.367
0.481
0.553
0.533
0.515
0.56
0.746
1.091
1.406
1.699
2.023
2.2
2.075
1.814
1.701
1.842
1.987
1.93
1.792
1.805
2.059
2.352
2.45
2.499
2.735
3.026
3.116
3.037
2.933
2.926
3.03
3.096
3.101
3.139
3.13
2.939
2.649
2.338
2.114
2.046
2.001
1.878
1.83
1.985
2.259
2.538
2.774
3.051
3.391
3.738
4.028
4.167
4.13
4.132
4.355
4.598
4.716
4.822
4.938
4.958
4.804
4.384
3.702
3.06
2.572
2.003
1.215
0.508
0.218
0.272
0.462
0.637
0.791
1.055
1.474
1.833
1.867
1.635
1.422
1.343
1.281
1.161
1.025
0.921
0.826
0.642
0.306
-0.054
-0.351
-0.687
-1.202
-1.837
-2.295
-2.413
-2.431
-2.681
-3.032
-3.078
-2.828
-2.642
-2.738
-3.021
-3.196
-3.101
-2.828
-2.713
-2.865
-2.933
-2.703
-2.427
-2.431
-2.699
-2.921
-2.858
-2.579
-2.32
-2.175
-2.087
-1.946
-1.787
-1.742
-1.758
-1.642
-1.47
-1.431
-1.585
-1.706
-1.558
-1.272
-1.143
-1.179
-1.046
-0.637
-0.211
0.007
0.041
0.038
0.031
0.027
0.013
-0.029
-0.07
-0.009
0.134
0.24
0.322
0.44
0.601
0.826
1.079
1.211
1.263
1.413
1.631
1.715
1.658
1.642
1.812
2.017
2.014
1.828
1.658
1.549
1.367
0.969
0.524
0.324
0.349
0.347
0.218
0.077
0.052
0.09
0.138
0.225
0.349
0.456
0.592
0.826
1.032
1.041
0.955
0.953
0.973
0.807
0.399
-0.095
-0.51
-0.907
-1.345
-1.744
-2.062
-2.289
-2.434
-2.509
-2.479
-2.406
-2.452
-2.608
-2.699
-2.64
-2.593
-2.715
-2.921
-3.023
-2.987
-2.958
-2.949
-2.878
-2.781
-2.831
-3.001
-3.075
-2.974
-2.851
-2.81
-2.724
-2.547
-2.377
-2.286
-2.207
-2.102
-2.08
-2.207
-2.302
-2.184
-2.01
-1.982
-2.08
-2.164
-2.121
-1.926
-1.665
-1.433
-1.15
-0.707
-0.213
0.122
0.258
0.363
0.528
0.682
0.837
1.102
1.447
1.758
2.041
2.361
2.695
2.924
3.017
3.107
3.266
3.42
3.545
3.706
3.949
4.264
4.659
5.049
5.362
5.616
5.936
6.306
6.535
6.641
6.764
6.993
7.279
7.485
7.535
7.592
7.832
8.165
8.343
8.297
8.202
8.254
8.415
8.445
8.284
8.064
7.859
7.737
7.764
7.773
7.612
7.481
7.648
8.023
8.34
8.547
8.764
9.053
9.264
9.268
9.119
8.962
8.864
8.708
8.385
7.948
7.599
7.456
7.279
6.811
6.172
5.746
5.512
5.199
4.693
4.167
3.792
3.459
3.055
2.511
1.923
1.531
1.442
1.393
1.17
0.887
0.717
0.603
0.426
0.154
-0.174
-0.519
-0.737
-0.95
-1.435
-2.043
-2.42
-2.574
-2.76
-3.198
-3.828
-4.287
-4.357
-4.362
-4.688
-5.138
-5.21
-4.874
-4.643
-4.727
-4.745
-4.439
-4.064
-3.999
-4.269
-4.527
-4.423
-4.135
-4.11
-4.487
-4.868
-4.768
-4.337
-4.185
-4.432
-4.63
-4.398
-3.824
-3.325
-3.055
-2.819
-2.354
-1.662
-1.066
-0.757
-0.533
-0.145
0.317
0.576
0.524
0.308
0.057
-0.233
-0.333
-0.041
0.454
0.903
1.213
1.399
1.81
2.635
3.101
2.52
1.917
2.624
4.006
4.52
4.319
4.634
5.444
5.913
5.997
5.875
5.478
4.945
4.45
4.189
4.269
4.346
4.112
3.79
3.883
4.416
4.865
4.724
4.196
4.01
4.364
4.924
5.523
6.07
6.263
6.045
5.877
5.9
5.555
4.711
3.947
3.586
3.443
3.223
2.942
2.813
2.726
2.379
1.928
1.803
2.246
3.023
3.452
3.434
3.713
4.45
4.754
4.26
3.627
3.302
3.039
2.724
2.586
2.454
2.137
1.865
1.719
1.463
1.05
0.544
0.122
-0.002
0.081
0.122
0.036
-0.047
0.097
0.188
-0.204
-0.662
-0.676
-0.537
-0.705
-0.982
-0.88
-0.376
0.025
0.125
0.172
0.15
-0.045
-0.233
-0.335
-0.417
-0.41
-0.281
-0.038
0.19
0.279
0.245
-0.031
-0.571
-1.046
-1.283
-1.35
-1.175
-0.971
-1.091
-1.399
-1.435
-1.118
-0.853
-0.839
-0.644
0.043
0.909
1.467
1.665
1.903
2.329
2.567
2.413
2.123
1.978
1.928
1.776
1.409
1.016
0.753
0.528
0.279
0.02
-0.215
-0.338
-0.293
-0.15
-0.061
-0.099
0.022
0.539
0.998
0.921
0.658
0.771
1.209
1.477
1.263
0.778
0.469
0.562
0.723
0.408
-0.272
-0.703
-0.619
-0.322
-0.122
-0.063
0.127
0.478
0.655
0.535
0.322
0.034
-0.37
-0.801
-1.306
-1.778
-1.939
-1.73
-1.54
-1.69
-1.93
-1.799
-1.286
-0.812
-0.555
-0.394
-0.152
0.109
0.229
0.256
0.345
0.422
0.349
0.104
-0.141
-0.099
0.163
0.179
-0.293
-0.826
-0.898
-0.619
-0.467
-0.644
-0.898
-0.962
-0.757
-0.492
-0.467
-0.735
-0.966
-0.934
-0.76
-0.712
-0.796
-0.689
-0.174
0.462
0.81
0.969
1.206
1.429
1.377
1.204
1.275
1.597
1.778
1.563
1.145
0.932
1.129
1.411
1.288
0.787
0.392
0.494
0.995
1.381
1.35
1.266
1.613
2.27
2.826
3.03
2.971
2.992
3.275
3.531
3.491
3.287
3.203
3.207
3.094
2.978
3.058
3.309
3.556
3.822
4.162
4.548
4.82
4.838
4.595
4.375
4.427
4.618
4.636
4.439
4.339
4.498
4.695
4.514
3.897
3.311
3.148
3.305
3.461
3.457
3.42
3.543
3.747
3.788
3.697
3.663
3.722
3.699
3.534
3.398
3.468
3.568
3.375
2.86
2.35
2.137
2.046
1.724
1.175
0.755
0.744
0.889
0.803
0.517
0.267
0.077
-0.131
-0.308
-0.385
-0.299
-0.036
0.324
0.592
0.651
0.608
0.655
0.703
0.494
0.011
-0.474
-0.789
-1.039
-1.345
-1.706
-2.03
-2.211
-2.273
-2.318
-2.363
-2.284
-2.014
-1.603
-1.198
-0.891
-0.698
-0.635
-0.674
-0.696
-0.753
-0.953
-1.2
-1.381
-1.517
-1.653
-1.871
-2.186
-2.509
-2.772
-2.998
-3.116
-3.139
-3.091
-2.942
-2.701
-2.429
-2.148
-1.889
-1.683
-1.554
-1.472
-1.451
-1.542
-1.703
-1.88
-2.085
-2.413
-2.826
-3.223
-3.577
-3.935
-4.328
-4.602
-4.643
-4.561
-4.509
-4.468
-4.305
-3.931
-3.468
-3.128
-2.901
-2.781
-2.778
-2.81
-2.79
-2.824
-3.035
-3.393
-3.697
-3.91
-4.155
-4.439
-4.659
-4.786
-4.845
-4.788
-4.67
-4.641
-4.672
-4.609
-4.414
-4.169
-3.919
-3.627
-3.287
-3.014
-2.976
-3.198
-3.52
-3.786
-4.071
-4.511
-5.06
-5.439
-5.543
-5.609
-5.757
-5.827
-5.73
-5.53
-5.274
-5.026
-4.904
-4.929
-4.972
-4.911
-4.876
-4.915
-4.904
-4.799
-4.675
-4.643
-4.766
-4.951
-5.042
-5.051
-5.096
-5.244
-5.389
-5.453
-5.482
-5.535
-5.532
-5.455
-5.319
-5.106
-4.883
-4.788
-4.79
-4.747
-4.618
-4.439
-4.287
-4.242
-4.305
-4.357
-4.312
-4.185
-4.103
-4.194
-4.364
-4.423
-4.387
-4.43
-4.541
-4.616
-4.752
-4.945
-4.986
-4.829
-4.704
-4.713
-4.779
-4.74
-4.65
-4.661
-4.766
-4.822
-4.754
-4.641
-4.616
-4.722
-4.883
-5.017
-5.117
-5.21
-5.308
-5.43
-5.557
-5.652
-5.75
-5.913
-6.111
-6.251
-6.358
-6.539
-6.778
-6.868
-6.752
-6.542
-6.419
-6.435
-6.383
-6.056
-5.614
-5.396
-5.521
-5.691
-5.62
-5.437
-5.484
-5.891
-6.285
-6.299
-6.147
-6.296
-6.846
-7.333
-7.327
-6.963
-6.673
-6.494
-6.17
-5.616
-5.031
-4.641
-4.5
-4.459
-4.328
-4.078
-3.947
-4.076
-4.319
-4.384
-4.319
-4.48
-4.906
-5.278
-5.38
-5.335
-5.46
-5.741
-5.886
-5.8
-5.643
-5.487
-5.264
-4.918
-4.491
-4.126
-3.938
-3.894
-3.974
-4.251
-4.645
-5.006
-5.33
-5.718
-6.142
-6.526
-6.832
-7.04
-7.047
-6.85
-6.594
-6.367
-6.086
-5.686
-5.296
-5.049
-4.965
-4.986
-5.126
-5.416
-5.816
-6.276
-6.766
-7.197
-7.433
-7.481
-7.505
-7.624
-7.789
-7.784
-7.585
-7.412
-7.463
-7.535
-7.308
-6.687
-5.886
-5.215
-4.84
-4.618
-4.398
-4.28
-4.403
-4.772
-5.167
-5.448
-5.618
-5.768
-5.913
-5.936
-5.743
-5.414
-5.124
-4.931
-4.782
-4.636
-4.462
-4.216
-3.924
-3.575
-3.157
-2.726
-2.295
-1.887
-1.594
-1.463
-1.458
-1.549
-1.669
-1.737
-1.733
-1.762
-1.885
-1.987
-1.966
-1.821
-1.504
-0.991
-0.478
-0.143
0.145
0.562
0.918
0.939
0.68
0.515
0.619
0.762
0.676
0.403
0.263
0.333
0.358
0.222
0.104
0.118
0.227
0.408
0.665
0.95
1.143
1.306
1.574
1.823
1.862
1.737
1.51
1.193
0.78
0.351
0.113
0.141
0.174
-0.025
-0.293
-0.397
-0.408
-0.487
-0.608
-0.558
-0.254
0.113
0.392
0.522
0.553
0.56
0.492
0.256
0.029
0.027
0.129
-0.011
-0.465
-0.989
-1.356
-1.576
-1.665
-1.64
-1.615
-1.638
-1.613
-1.513
-1.399
-1.338
-1.331
-1.415
-1.638
-1.792
-1.671
-1.458
-1.44
-1.594
-1.681
-1.622
-1.526
-1.497
-1.678
-2.064
-2.307
-2.282
-2.323
-2.522
-2.599
-2.531
-2.529
-2.667
-2.844
-2.969
-3.067
-3.21
-3.355
-3.466
-3.452
-3.3
-3.198
-3.268
-3.384
-3.323
-3.08
-2.894
-2.906
-2.974
-2.915
-2.686
-2.502
-2.593
-2.903
-3.219
-3.377
-3.448
-3.745
-4.407
-5.144
-5.571
-5.643
-5.578
-5.494
-5.264
-4.904
-4.625
-4.434
-4.174
-3.817
-3.622
-3.79
-4.099
-4.269
-4.396
-4.654
-4.97
-5.192
-5.235
-5.167
-5.269
-5.614
-5.986
-6.238
-6.401
-6.58
-6.768
-6.766
-6.471
-6.027
-5.53
-5.067
-4.745
-4.523
-4.262
-4.015
-4.024
-4.323
-4.686
-4.951
-5.163
-5.376
-5.423
-5.264
-5.147
-5.248
-5.38
-5.299
-4.972
-4.579
-4.323
-4.253
-4.106
-3.692
-3.225
-2.899
-2.667
-2.486
-2.379
-2.45
-2.658
-2.828
-2.867
-2.851
-2.849
-2.792
-2.651
-2.481
-2.318
-2.069
-1.739
-1.406
-1.105
-0.719
-0.245
0.145
0.349
0.474
0.678
0.923
1.091
1.082
0.88
0.655
0.546
0.522
0.539
0.619
0.814
1.121
1.44
1.706
1.957
2.32
2.772
3.262
3.745
4.117
4.223
4.108
3.84
3.436
3.039
2.887
2.912
2.858
2.665
2.552
2.686
2.978
3.15
3.085
3.007
3.184
3.597
3.901
3.858
3.767
4.031
4.504
4.74
4.686
4.575
4.455
4.235
3.858
3.414
2.992
2.624
2.343
2.096
1.755
1.402
1.341
1.64
2.014
2.243
2.429
2.747
