Unnamed: 3
Value
2.341
2.223
2.057
1.987
2.121
2.37
2.604
2.806
2.987
3.105
3.155
3.178
3.157
3.053
2.971
3.03
3.255
3.547
3.913
4.364
4.809
5.147
5.292
5.242
5.065
4.786
4.489
4.335
4.396
4.657
4.997
5.33
5.696
6.093
6.498
6.886
7.149
7.192
7.095
7.034
7.029
6.973
6.886
6.92
7.172
7.497
7.739
7.962
8.231
8.477
8.599
8.567
8.411
8.166
7.925
7.848
8.03
8.467
9.114
9.865
10.491
10.824
10.929
10.894
10.731
10.407
9.958
9.497
9.162
9.023
9.032
9.118
9.286
9.527
9.783
9.964
9.971
9.851
9.729
9.615
9.456
9.198
8.905
8.71
8.631
8.585
8.463
8.302
8.229
8.236
8.141
7.812
7.304
6.798
6.467
6.34
6.331
6.342
6.405
6.566
6.816
7.106
7.356
7.385
7.115
6.682
6.251
5.807
5.412
5.226
5.251
5.421
5.725
6.104
6.424
6.483
6.358
6.258
6.161
5.915
5.507
5.108
4.806
4.691
4.847
5.181
5.516
5.775
6.006
6.297
6.496
6.442
6.235
6.05
5.836
5.507
5.199
5.054
5.124
5.351
5.659
5.949
6.088
6.004
5.741
5.348
4.82
4.316
4.006
3.886
3.852
3.89
4.028
4.323
4.695
4.965
5.065
5.033
4.979
5.031
5.124
5.015
4.761
4.589
4.534
4.421
4.173
4.003
4.04
4.148
4.214
4.257
4.275
4.235
4.112
3.845
3.439
3.044
2.831
2.797
2.788
2.722
2.674
2.731
2.826
2.84
2.704
2.536
2.468
2.567
2.84
3.096
3.171
3.11
3.042
2.91
2.677
2.463
2.345
2.336
2.425
2.629
2.921
3.168
3.255
3.312
3.384
3.371
3.3
3.357
3.615
3.913
4.173
4.466
4.777
4.995
5.065
5.083
5.079
5.076
5.165
5.348
5.514
5.589
5.634
5.718
5.847
6.006
6.245
6.544
6.809
6.984
7.134
7.302
7.338
7.174
6.868
6.51
6.181
5.893
5.603
5.423
5.535
5.938
6.492
6.943
7.27
7.533
7.646
7.483
7.036
6.405
5.757
5.348
5.283
5.516
5.922
6.392
6.875
7.17
7.086
6.721
6.288
5.979
5.868
5.9
6.013
6.233
6.573
6.929
7.104
7.031
6.741
6.426
6.183
5.979
5.834
5.779
5.827
5.949
6.086
6.131
6.081
6.031
6.086
6.208
6.254
6.181
6.086
5.961
5.755
5.544
5.43
5.446
5.512
5.63
5.768
5.863
5.909
5.847
5.632
5.287
4.904
4.586
4.342
4.235
4.357
4.718
5.181
5.53
5.648
5.444
4.918
4.198
3.473
2.933
2.645
2.613
2.788
3.094
3.452
3.788
3.978
3.947
3.683
3.248
2.785
2.386
2.082
1.896
1.812
1.758
1.789
1.989
2.202
2.234
2.064
1.905
1.783
1.504
1.089
0.778
0.678
0.617
0.46
0.29
0.285
0.458
0.655
0.773
0.8
0.796
0.812
0.687
0.258
-0.283
-0.624
-0.667
-0.556
-0.395
-0.145
0.251
0.741
1.22
1.488
1.352
0.819
0.14
-0.422
-0.785
-0.969
-0.928
-0.537
0.183
0.957
1.483
1.588
1.386
1.152
0.939
0.576
0.038
-0.442
-0.667
-0.667
-0.513
-0.261
0.034
0.279
0.524
0.794
0.928
0.837
0.653
0.397
0.004
-0.451
-0.807
-0.978
-0.98
-0.782
-0.347
0.215
0.649
0.889
1.009
0.876
0.32
-0.596
-1.583
-2.338
-2.722
-2.742
-2.468
-1.914
-1.139
-0.381
0.127
0.308
0.1
-0.479
-1.247
-2.055
-2.797
-3.303
-3.457
-3.262
-2.776
-2.139
-1.601
-1.299
-1.211
-1.365
-1.737
-2.112
-2.429
-2.781
-3.212
-3.595
-3.818
-3.845
-3.702
-3.432
-3.121
-2.862
-2.674
-2.527
-2.574
-3.01
-3.715
-4.351
-4.772
-5.058
-5.165
-4.958
-4.455
-3.779
-3.15
-2.774
-2.779
-3.107
-3.661
-4.307
-4.956
-5.441
-5.584
-5.376
-4.974
-4.459
-3.818
-3.205
-2.942
-3.171
-3.681
-4.189
-4.607
-5.02
-5.385
-5.544
-5.482
-5.194
-4.632
-3.906
-3.289
-2.951
-2.862
-2.976
-3.325
-3.831
-4.394
-4.983
-5.464
-5.662
-5.589
-5.423
-5.19
-4.845
-4.43
-4.035
-3.77
-3.72
-4.003
-4.627
-5.328
-5.791
-5.979
-6.074
-6.097
-5.974
-5.689
-5.301
-4.952
-4.756
-4.765
-4.892
-5.085
-5.38
-5.77
-6.133
-6.274
-6.179
-6.002
-5.802
-5.578
-5.494
-5.591
-5.725
-5.816
-5.884
-5.983
-6.05
-6.027
-5.945
-5.884
-5.854
-5.861
-5.918
-5.959
-5.947
-5.897
-5.868
-5.857
-5.779
-5.612
-5.519
-5.648
-5.947
-6.192
-6.313
-6.469
-6.696
-6.864
-6.882
-6.741
-6.503
-6.254
-6.118
-6.124
-6.222
-6.351
-6.594
-7.016
-7.44
-7.692
-7.803
-7.885
-7.971
-7.989
-7.862
-7.544
-7.145
-6.823
-6.648
-6.694
-6.988
-7.429
-7.875
-8.265
-8.49
-8.472
-8.333
-8.227
-8.059
-7.648
-7.106
-6.735
-6.664
-6.889
-7.385
-8.021
-8.606
-9.032
-9.316
-9.424
-9.309
-8.982
-8.524
-8.05
-7.637
-7.385
-7.274
-7.27
-7.404
-7.723
-8.177
-8.567
-8.719
-8.656
-8.415
-8.055
-7.678
-7.254
-6.703
-6.102
-5.677
-5.589
-5.77
-6.068
-6.421
-6.769
-6.893
-6.698
-6.394
-6.097
-5.657
-5.108
-4.684
-4.448
-4.373
-4.453
-4.713
-5.07
-5.319
-5.389
-5.319
-5.074
-4.6
-4.015
-3.482
-3.019
-2.576
-2.189
-1.955
-1.953
-2.109
-2.304
-2.515
-2.631
-2.52
-2.209
-1.826
-1.404
-0.907
-0.401
0.007
0.274
0.424
0.44
0.306
0.054
-0.265
-0.608
-0.848
-0.798
-0.49
-0.052
0.492
1.059
1.529
1.921
2.277
2.443
2.277
1.937
1.604
1.338
1.15
1.161
1.524
2.164
2.765
3.146
3.396
3.529
3.477
3.232
2.885
2.522
2.234
2.048
1.962
2.032
2.284
2.631
2.944
3.132
3.191
3.171
3.057
2.808
2.536
2.372
2.336
2.436
2.597
2.726
2.906
3.176
3.45
3.609
3.595
3.393
3.096
2.819
2.522
2.245
2.119
2.051
2.005
2.005
1.987
1.941
1.939
1.941
1.821
1.61
1.431
1.347
1.365
1.327
1.188
1.102
1.086
1.061
0.987
0.819
0.608
0.519
0.59
0.608
0.456
0.267
0.217
0.306
0.327
0.206
0.145
0.227
0.383
0.526
0.581
0.528
0.406
0.265
0.104
-0.061
-0.186
-0.217
-0.154
-0.152
-0.299
-0.372
-0.293
-0.261
-0.342
-0.458
-0.549
-0.581
-0.49
-0.272
-0.109
-0.156
-0.263
-0.211
-0.063
-0.059
-0.211
-0.354
-0.374
-0.333
-0.251
-0.102
0.052
0.177
0.347
0.569
0.726
0.714
0.571
0.401
0.211
0.007
-0.152
-0.188
-0.079
0.109
0.306
0.56
0.912
1.254
1.456
1.495
1.424
1.279
1.032
0.66
0.318
0.19
0.276
0.483
0.796
1.179
1.511
1.728
1.896
1.962
1.799
1.513
1.37
1.356
1.313
1.227
1.238
1.472
1.789
1.989
2.078
2.216
2.395
2.452
2.286
2.06
1.96
1.991
2.08
2.112
2.078
2.1
2.121
1.969
1.789
1.826
2.091
2.436
2.683
2.726
2.547
2.257
2.112
2.175
2.257
2.363
2.661
3.091
3.355
3.289
3.062
2.862
2.663
2.411
2.128
1.855
1.69
1.746
1.98
2.207
2.354
2.493
2.645
2.679
2.529
2.307
2.134
2.037
1.932
1.799
1.633
1.488
1.49
1.633
1.792
1.944
2.08
2.168
2.221
2.227
2.096
1.876
1.724
1.692
1.653
1.483
1.32
1.429
1.755
1.964
2.009
2.08
2.134
2.014
1.776
1.617
1.585
1.554
1.477
1.461
1.558
1.728
1.975
2.257
2.465
2.556
2.583
2.602
2.542
2.44
2.411
2.504
2.554
2.343
1.941
1.642
1.626
1.765
1.901
2.055
2.338
2.613
2.627
2.382
2.064
1.787
1.558
1.504
1.629
1.721
1.742
1.794
1.785
1.561
1.245
1.154
1.345
1.574
1.574
1.349
1.175
1.166
1.12
0.916
0.712
0.637
0.707
0.871
1.027
1.075
1.034
0.937
0.751
0.433
0.018
-0.379
-0.626
-0.735
-0.78
-0.755
-0.642
-0.544
-0.574
-0.649
-0.576
-0.406
-0.37
-0.49
-0.705
-1.027
-1.372
-1.608
-1.805
-2.064
-2.311
-2.425
-2.384
-2.291
-2.177
-1.998
-1.796
-1.699
-1.778
-2.012
-2.332
-2.588
-2.62
-2.388
-2.173
-2.191
-2.286
-2.304
-2.318
-2.47
-2.742
-3.003
-3.173
-3.264
-3.212
-2.967
-2.624
-2.309
-2.125
-2.148
-2.255
-2.309
-2.395
-2.602
-2.822
-2.862
-2.638
-2.488
-2.677
-2.949
-3.032
-3.012
-3.035
-3.035
-2.944
-2.826
-2.733
-2.618
-2.549
-2.609
-2.67
-2.554
-2.454
-2.599
-2.885
-3.03
-2.976
-2.903
-2.915
-2.867
-2.677
-2.515
-2.567
-2.704
-2.792
-2.978
-3.296
-3.511
-3.493
-3.375
-3.293
-3.253
-3.266
-3.491
-3.888
-4.151
-4.205
-4.269
-4.412
-4.493
-4.419
-4.282
-4.269
-4.353
-4.4
-4.457
-4.57
-4.682
-4.704
-4.675
-4.713
-4.815
-4.963
-5.14
-5.36
-5.605
-5.875
-6.131
-6.242
-6.192
-6.111
-6.093
-6.108
-6.113
-6.099
-6.097
-6.149
-6.242
-6.369
-6.494
-6.603
-6.678
-6.719
-6.707
-6.637
-6.621
-6.837
-7.183
-7.419
-7.467
-7.447
-7.302
-7.011
-6.803
-6.848
-6.966
-6.954
-6.986
-7.256
-7.56
-7.621
-7.451
-7.299
-7.286
-7.313
-7.297
-7.254
-7.238
-7.268
-7.342
-7.367
-7.243
-7.011
-6.843
-6.744
-6.685
-6.676
-6.691
-6.748
-6.757
-6.651
-6.564
-6.526
-6.403
-6.319
-6.405
-6.596
-6.748
-6.85
-6.948
-7.002
-6.932
-6.898
-7.002
-7.054
-6.939
-6.725
-6.585
-6.575
-6.669
-6.787
-6.891
-7.018
-7.177
-7.397
-7.589
-7.592
-7.487
-7.506
-7.614
-7.614
-7.535
-7.485
-7.39
-7.22
-7.075
-7.009
-6.943
-6.932
-7.127
-7.485
-7.837
-8.109
-8.274
-8.288
-8.159
-7.943
-7.687
-7.508
-7.49
-7.626
-7.819
-7.943
-7.989
-7.955
-7.771
-7.499
-7.286
-7.236
-7.311
-7.399
-7.521
-7.794
-8.157
-8.438
-8.547
-8.526
-8.402
-8.166
-7.889
-7.655
-7.533
-7.569
-7.783
-8.102
-8.345
-8.422
-8.452
-8.52
-8.535
-8.418
-8.261
-8.202
-8.163
-8
-7.741
-7.506
-7.347
-7.274
-7.327
-7.469
-7.578
-7.61
-7.648
-7.766
-7.823
-7.764
-7.635
-7.465
-7.265
-7.129
-7.158
-7.338
-7.515
-7.612
-7.526
-7.24
-6.895
-6.621
-6.403
-6.258
-6.256
-6.39
-6.585
-6.769
-6.873
-6.864
-6.868
-6.886
-6.775
-6.476
-6.161
-6.045
-6.029
-5.945
-5.845
-5.913
-6.113
-6.258
-6.272
-6.233
-6.158
-6.033
-5.94
-5.936
-5.875
-5.689
-5.594
-5.637
-5.603
-5.419
-5.246
-5.176
-5.135
-5.09
-5.106
-5.212
-5.378
-5.6
-5.743
-5.691
-5.535
-5.494
-5.562
-5.582
-5.514
-5.441
-5.457
-5.512
-5.532
-5.514
-5.489
-5.514
-5.616
-5.825
-6.036
-6.192
-6.322
-6.401
-6.333
-6.129
-5.852
-5.498
-5.054
-4.557
-4.178
-4.119
-4.309
-4.53
-4.706
-4.883
-5.054
-5.224
-5.351
-5.357
-5.231
-5.113
-5.138
-5.181
-5.085
-4.906
-4.745
-4.595
-4.523
-4.555
-4.663
-4.872
-5.176
-5.482
-5.705
-5.816
-5.841
-5.82
-5.745
-5.571
-5.348
-5.237
-5.296
-5.416
-5.503
-5.489
-5.396
-5.323
-5.328
-5.314
-5.265
-5.271
-5.432
-5.691
-5.97
-6.24
-6.421
-6.408
-6.167
-5.755
-5.38
-5.217
-5.115
-4.918
-4.768
-4.811
-5.024
-5.312
-5.539
-5.671
-5.775
-5.847
-5.847
-5.743
-5.444
-4.956
-4.434
-4.001
-3.702
-3.556
-3.556
-3.672
-3.847
-4.058
-4.285
-4.455
-4.471
-4.253
-3.804
-3.237
-2.763
-2.524
-2.472
-2.463
-2.47
-2.588
-2.822
-2.949
-2.831
-2.574
-2.316
-2.121
-1.98
-1.826
-1.601
-1.39
-1.284
-1.286
-1.381
-1.581
-1.767
-1.828
-1.746
-1.581
-1.39
-1.22
-1.05
-0.825
-0.617
-0.594
-0.832
-1.218
-1.513
-1.717
-1.948
-2.13
-2.107
-1.839
-1.392
-0.859
-0.415
-0.19
-0.177
-0.213
-0.249
-0.386
-0.676
-0.98
-1.139
-1.08
-0.905
-0.737
-0.556
-0.318
-0.023
0.318
0.596
0.721
0.71
0.601
0.431
0.281
0.231
0.24
0.297
0.447
0.685
0.95
1.209
1.463
1.678
1.783
1.735
1.583
1.39
1.243
1.216
1.395
1.81
2.338
2.84
3.253
3.62
3.94
4.228
4.48
4.611
4.62
4.616
4.704
4.945
5.28
5.573
5.793
6.084
6.494
6.839
6.934
6.796
6.664
6.739
6.941
7.113
7.186
7.206
7.268
7.304
7.261
7.174
7.079
6.882
6.512
6.081
5.845
5.97
6.342
6.764
7.022
7.029
7.152
7.789
8.463
8.486
7.907
7.395
7.295
7.234
7.065
6.986
7.036
7.007
6.941
7.036
7.336
7.689
7.75
7.435
6.991
6.578
6.136
5.675
5.255
5.183
5.528
5.829
6.052
6.317
6.437
6.258
6.027
5.94
5.7
5.106
4.509
4.312
4.232
4.037
4.003
4.266
4.487
4.527
4.652
4.895
5.081
4.913
4.439
3.865
3.219
2.588
2.182
1.962
1.742
1.565
1.57
1.916
2.406
2.592
2.465
2.252
2.005
1.701
1.318
0.882
0.544
0.336
0.336
0.571
0.762
0.732
0.707
0.787
0.78
0.578
0.27
-0.007
-0.19
-0.299
-0.213
0.079
0.358
0.517
0.551
0.435
0.302
0.27
0.197
-0.113
-0.671
-1.225
-1.538
-1.576
-1.379
-1.039
-0.696
-0.318
0.086
0.338
0.379
0.324
0.186
-0.047
-0.24
-0.274
-0.156
-0.045
-0.109
-0.197
-0.086
0.236
0.578
0.712
0.653
0.669
0.925
1.302
1.567
1.576
1.37
1.236
1.422
1.828
2.123
2.087
1.86
1.733
1.776
1.88
1.971
2.026
2.014
2.091
2.402
2.824
3.141
3.257
3.284
3.364
3.448
3.411
3.166
2.813
2.583
2.611
2.797
3.01
3.13
3.112
2.976
2.853
2.946
3.125
3.091
2.837
2.554
2.366
2.329
2.318
2.105
1.728
1.504
1.531
1.653
1.733
1.769
1.755
1.592
1.295
0.996
0.651
0.195
-0.272
-0.519
-0.399
-0.115
0.097
0.245
0.293
0.168
-0.009
-0.134
-0.285
-0.617
-1.134
-1.622
-1.882
-1.935
-1.914
-1.935
-1.975
-1.857
-1.574
-1.338
-1.304
-1.452
-1.687
-1.896
-2.005
-2.075
-2.216
-2.418
-2.542
-2.493
-2.313
-2.177
-2.13
-2.143
-2.191
-2.234
-2.096
-1.787
-1.579
-1.556
-1.595
-1.597
-1.533
-1.401
-1.311
-1.358
-1.447
-1.49
-1.488
-1.551
-1.769
-2.13
-2.506
-2.661
-2.388
-1.923
-1.719
-1.647
-1.225
-0.488
0.018
-0.091
-0.651
-1.331
-1.864
-2.06
-1.851
-1.392
-0.855
-0.358
0.007
0.177
0.163
0.054
-0.134
-0.431
-0.71
-0.832
-0.671
-0.263
0.159
0.49
0.8
1.064
1.268
1.322
1.082
0.637
0.338
0.438
0.775
0.982
0.932
0.839
0.98
1.333
1.708
1.941
2.08
2.15
2.123
2.007
1.792
1.383
0.882
0.513
0.463
0.744
1.238
1.78
2.209
2.463
2.563
2.425
1.971
1.245
0.515
0.047
-0.102
0.029
0.331
0.721
1.066
1.222
1.195
0.984
0.578
0.102
-0.272
-0.567
-0.805
-0.914
-0.843
-0.705
-0.628
-0.644
-0.68
-0.701
-0.778
-0.91
-1.071
-1.177
-1.245
-1.392
-1.624
-1.948
-2.431
-2.994
-3.371
-3.373
-3.105
-2.817
-2.542
-2.223
-1.964
-2.051
-2.513
-3.107
-3.649
-4.121
-4.455
-4.468
-4.187
-3.849
-3.602
-3.43
-3.262
-3.194
-3.305
-3.416
-3.287
-3.019
-2.813
-2.704
-2.633
-2.613
-2.652
-2.624
-2.549
-2.545
-2.695
-2.853
-2.883
-2.79
-2.613
-2.361
-2.096
-1.932
-1.978
-2.211
-2.488
-2.658
-2.64
-2.425
-2.066
-1.66
-1.288
-1.059
-1.057
-1.22
-1.406
-1.524
-1.522
-1.361
-1.125
-0.862
-0.581
-0.347
-0.233
-0.254
-0.447
-0.773
-1.043
-1.143
-1.1
-0.982
-0.828
-0.678
-0.56
-0.574
-0.721
-0.889
-1.009
-1.068
-1.073
-1.08
-1.127
-1.218
-1.322
-1.461
-1.667
-1.855
-1.935
-2.023
-2.159
-2.2
-2.103
-1.978
-1.937
-1.962
-1.971
-2.021
-2.139
-2.184
-2.175
-2.316
-2.649
-3.039
-3.298
-3.448
-3.6
-3.681
-3.543
-3.298
-3.18
-3.235
-3.334
-3.362
-3.348
-3.405
-3.581
-3.924
-4.344
-4.672
-4.79
-4.67
-4.346
-3.929
-3.502
-3.119
-2.908
-3.037
-3.513
-4.11
-4.559
-4.838
-5.038
-5.16
-5.156
-4.997
-4.752
-4.487
-4.196
-3.969
-3.87
-3.904
-4.035
-4.23
-4.496
-4.822
-5.113
-5.292
-5.428
-5.489
-5.357
-5.065
-4.761
-4.505
-4.332
-4.278
-4.362
-4.557
-4.754
-4.836
-4.759
-4.543
-4.282
-4.067
-3.92
-3.806
-3.67
-3.584
-3.622
-3.731
-3.79
-3.827
-3.94
-4.087
-4.071
-3.793
-3.38
-2.994
-2.647
-2.35
-2.214
-2.2
-2.184
-2.175
-2.25
-2.325
-2.347
-2.332
-2.159
-1.787
-1.343
-1.018
-0.839
-0.694
-0.46
-0.168
0.018
0.127
0.29
0.474
0.508
0.39
0.302
0.381
0.571
0.76
0.98
1.234
1.44
1.551
1.644
1.794
1.948
2.123
2.37
2.583
2.558
2.273
2
1.941
1.939
1.767
1.52
1.547
1.857
2.153
2.357
2.547
2.64
2.497
2.168
1.932
1.839
1.835
1.937
2.153
2.298
2.191
1.944
1.744
1.599
1.401
1.111
0.9
0.907
0.969
0.948
0.907
0.969
1.095
1.211
1.263
1.163
0.825
0.399
0.095
-0.011
-0.077
-0.256
-0.449
-0.513
-0.485
-0.476
-0.433
-0.261
-0.097
-0.102
-0.193
-0.258
-0.342
-0.488
-0.635
-0.692
-0.635
-0.44
-0.1
0.256
0.483
0.646
0.882
1.116
1.216
1.175
1.197
1.397
1.744
2.153
2.502
2.76
2.976
3.212
3.484
3.763
4.046
4.414
4.89
5.337
5.614
5.782
5.963
6.165
6.294
6.26
6.181
6.294
6.612
6.995
7.354
7.701
8.082
8.472
8.821
9.014
9.066
9.066
9.1
9.166
9.2
9.175
9.159
9.25
9.458
9.645
9.695
9.674
9.731
9.862
9.89
9.842
9.914
10.073
10.144
10.028
9.738
9.411
9.193
9.057
8.939
8.837
8.749
8.667
8.597
8.47
8.211
7.905
7.592
7.213
6.834
6.512
6.199
5.979
5.936
6.033
6.22
6.358
6.335
6.177
5.952
5.573
4.968
4.321
3.827
3.459
3.134
2.992
3.194
3.661
4.192
4.693
5.092
5.149
4.765
4.128
3.511
2.964
2.357
1.776
1.404
1.168
1
1.021
1.345
1.848
2.338
2.686
2.865
2.883
2.749
2.484
2.1
1.635
1.22
0.885
0.624
0.542
0.664
0.944
1.352
1.882
2.343
2.436
2.211
1.928
1.672
1.347
0.991
0.717
0.562
0.542
0.671
0.88
1.089
1.241
1.313
1.293
1.229
1.132
0.948
0.737
0.68
0.807
0.955
1.041
1.15
1.27
1.324
1.347
1.433
1.574
1.626
1.556
1.495
1.463
1.388
1.238
1.148
1.186
1.322
1.52
1.744
1.966
2.198
2.37
2.393
2.311
2.218
2.089
1.96
1.923
1.969
2.028
2.146
2.368
2.602
2.774
2.896
3.051
3.257
3.398
3.439
3.457
3.479
3.389
3.153
2.906
2.717
2.547
2.431
2.388
2.397
2.47
2.631
2.91
3.205
3.375
3.35
3.178
2.921
2.622
2.336
2.198
2.209
2.191
2.1
2.087
2.175
2.295
2.366
2.375
2.325
2.361
2.45
2.368
2.153
2.051
2.055
1.98
1.755
1.472
1.236
1.048
0.953
1.068
1.288
1.422
1.479
1.567
1.692
1.769
1.676
1.438
1.186
1.032
1.046
1.107
1.055
0.925
0.816
0.748
0.707
0.737
0.825
0.953
1.141
1.404
1.687
1.885
1.885
1.676
1.377
1.052
0.739
0.506
0.431
0.492
0.673
0.984
1.452
1.878
2.053
2.069
2.157
2.313
2.343
2.286
2.257
2.218
2.119
2.021
2.039
2.13
2.23
2.409
2.722
3.035
3.278
3.443
3.466
3.289
3.021
2.785
2.636
2.533
2.425
2.332
2.37
2.572
2.867
3.078
3.11
3.032
3.008
3.044
3.066
2.996
2.79
2.615
2.643
2.79
2.933
2.985
2.94
2.844
2.731
2.638
2.522
2.338
2.134
1.941
1.683
1.367
1.195
1.315
1.624
1.966
2.225
2.402
2.518
2.54
2.438
2.191
1.819
1.397
0.975
0.553
0.14
-0.1
0.113
0.778
1.483
1.928
2.13
2.196
2.1
1.826
1.397
0.841
0.272
-0.217
-0.621
-0.964
-1.114
-0.905
-0.472
-0.134
-0.059
-0.206
-0.388
-0.433
-0.39
-0.386
-0.46
-0.619
-0.887
-1.195
-1.461
-1.633
-1.576
-1.256
-0.809
-0.442
-0.254
-0.249
-0.376
-0.524
-0.744
-1.105
-1.44
-1.529
-1.336
-0.959
-0.474
0.009
0.358
0.522
0.519
0.442
0.315
0.154
-0.052
-0.285
-0.467
-0.44
-0.22
0.091
0.474
0.934
1.488
2.044
2.332
2.182
1.78
1.481
1.44
1.579
1.717
1.683
1.536
1.556
1.903
2.454
2.908
3.125
3.162
3.055
2.772
2.323
1.907
1.712
1.812
2.189
2.774
3.418
3.983
4.437
4.772
4.852
4.702
4.512
4.271
3.892
3.572
3.593
4.01
4.654
5.246
5.605
5.823
6.081
6.369
6.503
6.405
6.124
5.813
5.598
5.516
5.607
5.77
5.911
6.174
6.637
7.106
7.361
7.433
7.494
7.521
7.467
7.383
7.306
7.261
7.336
7.594
8.039
8.535
8.912
9.094
9.06
8.817
8.483
8.184
7.932
7.723
7.621
7.739
8.136
8.649
9.039
9.293
9.529
9.654
9.486
9.046
8.504
7.98
7.537
7.324
7.426
7.705
8.005
8.329
8.588
8.574
8.42
8.361
8.363
8.182
7.783
7.356
7.016
6.832
6.855
6.988
7.115
7.297
7.605
7.891
7.875
7.555
7.263
7.081
6.735
6.081
5.403
5.083
5.251
5.721
6.279
6.905
7.508
7.835
7.716
7.274
6.707
6.093
5.575
5.201
4.902
4.743
4.897
5.421
6.059
6.489
6.667
6.739
6.723
6.523
6.204
5.961
5.863
5.884
5.99
6.081
6.077
6.029
6.052
6.129
6.133
6.077
6.011
5.829
5.48
5.131
4.94
4.918
5.024
5.176
5.314
5.476
5.779
6.149
6.319
6.05
5.364
4.591
4.008
3.613
3.334
3.246
3.396
3.756
4.275
4.777
5.065
5.085
4.961
4.795
4.589
4.357
4.135
3.947
3.831
3.79
3.872
4.06
4.162
4.04
3.724
3.402
3.273
3.339
3.407
3.375
3.323
3.368
3.568
3.852
4.101
4.298
4.462
4.557
4.523
4.3
3.96
3.679
3.547
3.479
3.391
3.389
3.618
3.994
4.38
4.675
4.87
4.97
4.854
4.521
4.11
3.783
3.674
3.765
3.899
4.001
4.173
4.484
4.833
5.094
5.162
5.02
4.838
4.793
4.845
4.843
4.84
4.988
5.355
5.811
6.14
6.326
6.39
6.358
6.378
6.464
6.405
6.167
5.963
5.938
6.033
6.172
6.356
6.541
6.691
6.816
7.022
7.308
7.463
7.456
7.376
7.231
6.995
6.825
6.775
6.75
6.73
6.787
6.95
7.124
7.213
7.24
7.247
7.254
7.304
7.363
7.304
7.152
7.086
7.122
7.084
6.939
6.748
6.609
6.562
6.51
6.399
6.324
6.337
6.369
6.347
6.292
6.308
6.408
6.408
6.272
6.131
5.977
5.757
5.643
5.655
5.621
5.548
5.589
5.843
6.115
6.215
6.165
6.036
5.872
5.657
5.382
5.036
4.711
4.607
4.702
4.856
5.076
5.314
5.378
5.165
4.804
4.412
4.042
3.726
3.559
3.561
3.674
3.87
4.158
4.4
4.419
4.219
3.981
3.747
3.47
3.176
2.928
2.733
2.611
2.583
2.633
2.742
2.86
2.953
3.032
3.03
2.885
2.604
2.261
1.944
1.642
1.306
1.027
0.928
0.982
1.064
1.154
1.356
1.626
1.801
1.755
1.42
0.91
0.454
0.231
0.265
0.474
0.744
1.077
1.431
1.663
1.667
1.431
0.959
0.406
-0.025
-0.313
-0.474
-0.449
-0.242
0.043
0.361
0.719
1.023
1.086
0.839
0.469
0.093
-0.318
-0.798
-1.184
-1.245
-1.037
-0.717
-0.331
0.023
0.285
0.449
0.522
0.433
0.161
-0.19
-0.547
-0.855
-1.05
-1.052
-0.828
-0.397
0.043
0.258
0.233
0.115
0.009
-0.106
-0.379
-0.848
-1.356
-1.721
-1.83
-1.694
-1.397
-1.025
-0.635
-0.254
0.072
0.156
-0.106
-0.592
-1.197
-1.812
-2.286
-2.62
-2.955
-3.255
-3.275
-2.969
-2.558
-2.309
-2.266
-2.286
-2.311
-2.336
-2.47
-2.788
-3.205
-3.518
-3.516
-3.305
-3.153
-3.134
-3.134
-3.032
-2.919
-2.912
-3.039
-3.309
-3.67
-3.967
-4.119
-4.187
-4.248
-4.253
-4.09
-3.77
-3.362
-3.028
-2.953
-3.062
-3.214
-3.382
-3.629
-3.958
-4.275
-4.466
-4.5
-4.321
-3.892
-3.448
-3.278
-3.409
-3.595
-3.615
-3.554
-3.586
-3.708
-3.838
-3.938
-3.983
-4.035
-4.196
-4.423
-4.598
-4.706
-4.779
-4.852
-4.943
-4.972
-4.865
-4.58
-4.305
-4.232
-4.305
-4.378
-4.423
-4.493
-4.632
-4.863
-5.11
-5.269
-5.296
-5.265
-5.196
-5.119
-5.054
-5.011
-4.988
-5.042
-5.113
-5.126
-5.192
-5.362
-5.482
-5.562
-5.748
-6.015
-6.192
-6.167
-6.093
-6.113
-6.188
-6.292
-6.451
-6.587
-6.673
-6.793
-7.029
-7.327
-7.494
-7.313
-6.873
-6.505
-6.401
-6.442
-6.494
-6.667
-7.095
-7.617
-8.018
-8.152
-8.023
-7.744
-7.492
-7.388
-7.336
-7.181
-6.916
-6.735
-6.725
-6.825
-6.97
-7.129
-7.215
-7.199
-7.22
-7.354
-7.456
-7.395
-7.225
-7.059
-6.905
-6.725
-6.521
-6.419
-6.517
-6.741
-7.004
-7.249
-7.451
-7.515
-7.392
-7.186
-6.982
-6.814
-6.696
-6.707
-6.916
-7.252
-7.619
-7.932
-8.166
-8.306
-8.231
-7.923
-7.555
-7.354
-7.304
-7.259
-7.195
-7.295
-7.608
-7.93
-8.027
-7.882
-7.689
-7.558
-7.549
-7.648
-7.723
-7.714
-7.721
-7.921
-8.225
-8.329
-8.055
-7.608
-7.288
-7.122
-7.02
-7.059
-7.263
-7.555
-7.778
-7.894
-7.932
-7.846
-7.682
-7.574
-7.526
-7.501
-7.594
-7.801
-7.887
-7.621
-7.172
-6.75
-6.285
-5.7
-5.269
-5.267
-5.575
-6.033
-6.544
-6.995
-7.209
-7.09
-6.73
-6.26
-5.745
-5.271
-5.004
-4.952
-4.934
-4.804
-4.72
-4.818
-4.947
-4.97
-4.979
-5.004
-5.031
-5.015
-4.765
-4.26
-3.74
-3.35
-3.066
-2.824
-2.738
-2.994
-3.466
-3.795
-3.87
-3.756
-3.504
-3.073
-2.484
-1.857
-1.32
-0.982
-0.907
-1.116
-1.515
-1.98
-2.438
-2.765
-2.747
-2.32
-1.683
-1.107
-0.621
-0.181
0.111
0.188
0.079
-0.034
-0.05
-0.086
-0.197
-0.347
-0.426
-0.37
-0.177
0.152
0.567
0.971
1.247
1.479
1.665
1.69
1.592
1.536
1.486
1.324
1.188
1.25
1.531
1.898
2.248
2.508
2.704
2.815
2.724
2.425
2.073
1.744
1.461
1.284
1.299
1.47
1.808
2.268
2.665
2.849
2.79
2.592
2.361
2.143
1.971
1.867
1.864
1.991
2.157
2.241
2.196
2.096
2.009
1.88
1.681
1.486
1.401
1.44
1.488
1.506
1.538
1.504
1.324
1.08
0.866
0.59
0.283
0.154
0.215
0.336
0.395
0.417
0.376
0.231
0.029
-0.131
-0.127
0.041
0.233
0.367
0.513
0.635
0.61
0.485
0.388
0.27
0.104
-0.029
-0.118
-0.227
-0.372
-0.474
-0.472
-0.42
-0.442
-0.449
-0.283
-0.072
-0.05
-0.179
-0.272
-0.27
-0.276
-0.304
-0.313
-0.329
-0.34
-0.313
-0.318
-0.365
-0.438
-0.556
-0.574
-0.356
-0.125
-0.05
-0.032
0.095
0.263
0.392
0.481
0.628
0.846
0.996
0.91
0.701
0.608
0.583
0.49
0.447
0.56
0.764
1.039
1.392
1.676
1.755
1.74
1.767
1.762
1.658
1.502
1.363
1.299
1.336
1.415
1.499
1.606
1.801
2.048
2.23
2.248
2.141
2.053
2.041
2.046
2.057
2.096
2.096
2.009
1.889
1.803
1.819
1.991
2.273
2.481
2.556
2.588
2.706
2.813
2.717
2.438
2.153
2.064
2.1
2.089
2.005
2.023
2.1
2.155
2.214
2.273
2.245
2.223
2.404
2.717
2.831
2.627
2.363
2.159
1.846
1.424
1.143
1.109
1.175
1.191
1.241
1.465
1.789
2.062
2.273
2.313
2.103
1.728
1.324
0.957
0.66
0.51
0.655
1.132
1.694
2.037
2.103
2.064
2.069
2.041
1.88
1.678
1.585
1.52
1.395
1.315
1.367
1.531
1.719
1.948
2.252
2.529
2.645
2.631
2.556
2.388
2.155
2.037
2.128
2.325
2.518
2.715
2.987
3.253
3.448
3.541
3.461
3.241
3.06
2.998
2.987
2.998
3.039
3.128
3.364
3.713
3.983
4.049
3.956
3.827
3.704
3.527
3.262
2.994
2.862
2.86
2.903
2.987
3.128
3.239
3.309
3.389
3.398
3.25
2.987
2.747
2.52
2.232
2
1.891
1.799
1.606
1.426
1.399
1.549
1.753
1.867
1.853
1.647
1.259
0.878
0.59
0.308
0.068
0.041
0.217
0.456
0.662
0.737
0.628
0.374
0.143
0.054
0.023
-0.115
-0.251
-0.27
-0.311
-0.426
-0.542
-0.571
-0.54
-0.444
-0.349
-0.372
-0.528
-0.649
-0.644
-0.646
-0.769
-0.953
-1.095
-1.139
-1.116
-1.132
-1.186
-1.2
-1.209
-1.315
-1.558
-1.851
-2.014
-1.896
-1.558
-1.245
-1.134
-1.17
-1.222
-1.243
-1.229
-1.238
-1.395
-1.667
-1.846
-1.819
-1.765
-1.767
-1.676
-1.486
-1.39
-1.515
-1.74
-1.914
-2.014
-2.007
-1.819
-1.499
-1.254
-1.25
-1.438
-1.663
-1.826
-1.996
-2.202
-2.416
-2.627
-2.76
-2.683
-2.461
-2.345
-2.409
-2.574
-2.695
-2.665
-2.513
-2.456
-2.549
-2.67
-2.822
-3.096
-3.459
-3.79
-4.022
-4.11
-4.049
-3.933
-3.786
-3.636
-3.509
-3.448
-3.547
-3.77
-4.022
-4.269
-4.471
-4.523
-4.332
-3.94
-3.534
-3.287
-3.212
-3.262
-3.337
-3.393
-3.513
-3.806
-4.255
-4.722
-5.042
-5.156
-5.029
-4.77
-4.577
-4.541
-4.625
-4.731
-4.815
-4.867
-4.858
-4.833
-4.824
-4.87
-5.011
-5.278
-5.616
-5.881
-5.931
-5.773
-5.589
-5.519
-5.539
-5.58
-5.668
-5.823
-5.977
-6.122
-6.26
-6.263
-6.081
-5.866
-5.759
-5.854
-6.12
-6.358
-6.464
-6.564
-6.728
-6.859
-6.918
-6.932
-6.85
-6.66
-6.505
-6.458
-6.449
-6.433
-6.415
-6.424
-6.453
-6.526
-6.594
-6.535
-6.433
-6.453
-6.6
-6.771
-6.959
-7.104
-7.188
-7.229
-7.252
-7.211
-7.09
-6.957
-6.782
-6.541
-6.349
-6.344
-6.498
-6.696
-6.827
-6.861
-6.88
-6.988
-7.156
-7.249
-7.229
-7.12
-6.975
-6.852
-6.769
-6.653
-6.476
-6.319
-6.279
-6.387
-6.612
-6.886
-7.093
-7.14
-7.059
-6.911
-6.664
-6.356
-6.138
-6.059
-6.197
-6.589
-6.995
-7.215
-7.311
-7.379
-7.444
-7.503
-7.431
-7.068
-6.519
-6.124
-6.056
-6.186
-6.376
-6.653
-7.045
-7.447
-7.769
-7.946
-7.953
-7.891
-7.801
-7.612
-7.277
-6.875
-6.46
-6.199
-6.328
-6.769
-7.211
-7.558
-7.787
-7.846
-7.716
-7.465
-7.163
-6.891
-6.646
-6.41
-6.26
-6.326
-6.682
-7.225
-7.658
-7.803
-7.692
-7.349
-6.8
-6.149
-5.566
-5.226
-5.235
-5.494
-5.847
-6.238
-6.664
-7.106
-7.458
-7.614
-7.501
-7.136
-6.712
-6.34
-5.956
-5.643
-5.571
-5.77
-6.086
-6.396
-6.798
-7.333
-7.814
-8.05
-7.93
-7.474
-6.902
-6.385
-5.911
-5.496
-5.321
-5.571
-6.22
-7.05
-7.712
-8.025
-8.089
-8.014
-7.728
-7.163
-6.446
-5.911
-5.838
-6.145
-6.528
-6.8
-7.022
-7.272
-7.422
-7.259
-6.837
-6.371
-5.895
-5.367
-4.849
-4.498
-4.446
-4.761
-5.36
-6.074
-6.766
-7.342
-7.635
-7.549
-6.977
-6.004
-4.94
-4.067
-3.482
-3.201
-3.298
-3.897
-4.956
-6.077
-6.796
-7.102
-7.165
-6.893
-6.213
-5.305
-4.376
-3.602
-3.194
-3.159
-3.375
-3.783
-4.444
-5.285
-5.936
-6.165
-6.138
-6.006
-5.634
-4.986
-4.321
-3.836
-3.538
-3.518
-3.852
-4.473
-5.217
-6.004
-6.68
-6.997
-6.83
-6.322
-5.786
-5.328
-4.815
-4.323
-4.167
-4.455
-4.99
-5.507
-5.836
-6.042
-6.167
-6.095
-5.736
-5.176
-4.67
-4.482
-4.607
-4.824
-4.949
-5.038
-5.167
-5.283
-5.242
-5.054
-4.934
-4.92
-4.759
-4.382
-4.01
-3.795
-3.808
-4.069
-4.414
-4.709
-5.106
-5.668
-6.172
-6.263
-5.868
-5.203
-4.475
-3.759
-3.03
-2.402
-2.021
-2.005
-2.357
-2.987
-3.74
-4.305
-4.448
-4.216
-3.879
-3.538
-3.176
-2.754
-2.334
-2.035
-1.984
-2.3
-2.831
-3.212
-3.293
-3.187
-3.123
-3.141
-2.996
-2.663
-2.307
-2.003
-1.842
-1.846
-1.953
-2.091
-2.259
-2.481
-2.713
-2.79
-2.583
-2.214
-1.862
-1.522
-1.143
-0.805
-0.635
-0.723
-1.075
-1.561
-2.062
-2.531
-2.853
-2.81
-2.359
-1.647
-0.812
-0.077
0.417
0.698
0.805
0.723
0.406
-0.093
-0.549
-0.735
-0.515
-0.002
0.535
0.894
1.211
1.638
1.946
1.833
1.424
1.041
0.855
0.88
1.059
1.34
1.735
2.189
2.663
3.089
3.287
3.203
3.069
2.994
2.881
2.783
2.806
2.89
2.992
3.23
3.672
4.314
5.117
5.959
6.557
6.676
6.46
6.229
6.065
5.721
5.21
4.929
5.165
5.847
6.678
7.367
7.837
8.102
8.048
7.614
6.909
6.124
5.564
5.376
5.432
5.682
6.19
6.893
7.551
7.984
8.055
7.785
7.379
7.004
6.664
6.315
5.956
5.759
5.875
6.122
6.265
6.333
6.526
6.909
7.322
7.515
7.361
6.959
6.555
6.208
5.807
5.355
5.029
4.992
5.21
5.455
5.516
5.416
5.269
5.085
4.777
4.339
3.947
3.774
3.87
4.148
4.444
4.645
4.788
4.831
4.618
4.042
3.33
2.835
2.629
2.459
2.191
2.096
2.386
2.906
3.305
3.425
3.312
3.057
2.797
2.581
2.291
1.864
1.436
1.127
0.989
0.962
0.953
0.955
1.08
1.279
1.363
1.295
1.209
1.071
0.748
0.267
-0.143
-0.285
-0.188
0.034
0.34
0.651
0.921
1.173
1.331
1.218
0.744
0.106
-0.399
-0.689
-0.907
-1.021
-0.843
-0.345
0.386
1.125
1.595
1.61
1.218
0.596
-0.077
-0.712
-1.299
-1.726
-1.823
-1.554
-1.059
-0.503
0.027
0.479
0.8
0.964
0.991
0.91
0.721
0.458
0.213
0.081
0.106
0.247
0.39
0.547
0.848
1.311
1.697
1.719
1.336
0.775
0.256
-0.138
-0.352
-0.383
-0.297
-0.047
0.435
1.073
1.678
2.109
2.284
2.119
1.565
0.823
0.208
-0.215
-0.44
-0.34
0.118
0.771
1.379
1.796
2.028
2.128
2.091
1.916
1.647
1.338
1.073
0.896
0.853
0.928
1.066
1.229
1.404
1.59
1.805
1.937
1.794
1.354
0.73
0.07
-0.463
-0.751
-0.719
-0.435
-0.018
0.535
1.184
1.69
1.812
1.547
1.064
0.456
-0.279
-1.064
-1.685
-1.857
-1.465
-0.755
-0.057
0.528
0.946
1.109
0.959
0.506
-0.163
-0.973
-1.726
-2.286
-2.597
-2.624
-2.393
-2.048
-1.678
-1.327
-1.073
-0.998
-1.105
-1.381
-1.758
-2.13
-2.44
-2.647
-2.681
-2.536
-2.243
-1.844
-1.381
-0.969
-0.746
-0.787
-1.043
-1.399
-1.771
-2.177
-2.545
-2.683
-2.486
-2.044
-1.538
-1.118
-0.839
-0.658
-0.587
-0.741
-1.136
-1.565
-1.821
-1.894
-1.91
-1.953
-1.98
-1.837
-1.517
-1.163
-0.832
-0.571
-0.422
-0.372
-0.345
-0.444
-0.739
-0.996
-0.962
-0.694
-0.376
-0.127
0.091
0.386
0.694
0.866
0.876
0.714
0.41
0.043
-0.32
-0.576
-0.599
-0.392
-0.05
0.374
0.789
1.003
1.034
1
0.889
0.671
0.399
0.161
0.016
0.007
0.138
0.365
0.628
0.805
0.816
0.76
0.73
0.678
0.63
0.653
0.748
0.805
0.741
0.621
0.542
0.506
0.426
0.258
0.084
0
-0.002
-0.002
-0.007
-0.018
0.004
0.045
0.077
0.052
-0.091
-0.236
-0.195
0.009
0.129
-0.029
-0.392
-0.703
-0.876
-0.987
-1.089
-1.082
-0.955
-0.832
-0.771
-0.744
-0.748
-0.843
-1.05
-1.34
-1.64
-1.851
-1.946
-1.964
-1.898
-1.803
-1.737
-1.749
-1.957
-2.395
-2.822
-2.958
-2.86
-2.692
-2.542
-2.422
-2.279
-2.109
-2.014
-2.064
-2.216
-2.363
-2.404
-2.391
-2.427
-2.513
-2.576
-2.613
-2.647
-2.751
-2.951
-3.107
-3.116
-3.021
-2.878
-2.756
-2.726
-2.822
-3.066
-3.468
-3.872
-4.108
-4.171
-4.105
-3.838
-3.346
-2.742
-2.266
-2.048
-2.032
-2.141
-2.37
-2.64
-2.792
-2.81
-2.758
-2.649
-2.565
-2.615
-2.699
-2.706
-2.592
-2.418
-2.257
-2.18
-2.15
-2.143
-2.245
-2.42
-2.545
-2.604
-2.595
-2.588
-2.602
-2.527
-2.3
-2.075
-1.966
-1.891
-1.837
-1.948
-2.243
-2.604
-2.86
-2.91
-2.833
-2.67
-2.338
-1.991
-1.905
-1.991
-2.044
-2.164
-2.52
-3.017
-3.43
-3.615
-3.604
-3.461
-3.182
-2.894
-2.742
-2.697
-2.677
-2.742
-2.962
-3.239
-3.427
-3.464
-3.43
-3.488
-3.683
-3.833
-3.752
-3.459
-3.134
-2.964
-2.921
-2.853
-2.801
-2.924
-3.214
-3.6
-4.003
-4.307
-4.45
-4.434
-4.339
-4.178
-3.972
-3.702
-3.396
-3.157
-3.15
-3.33
-3.597
-3.924
-4.198
-4.337
-4.391
-4.432
-4.455
-4.419
-4.25
-3.965
-3.788
-3.845
-4.053
-4.223
-4.269
-4.269
-4.287
-4.294
-4.28
-4.289
-4.314
-4.391
-4.566
-4.799
-4.856
-4.568
-4.171
-4.01
-4.065
-4.169
-4.335
-4.568
-4.711
-4.623
-4.348
-4.065
-3.756
-3.407
-3.139
-3.1
-3.275
-3.556
-3.824
-4.015
-4.015
-3.745
-3.182
-2.391
-1.622
-1.163
-1.039
-1.118
-1.497
-2.139
-2.733
-2.992
-2.885
-2.529
-2.041
-1.497
-0.889
-0.285
0.115
0.154
-0.093
-0.338
-0.435
-0.401
-0.395
-0.483
-0.397
0.081
0.735
1.141
1.27
1.39
1.638
1.898
2.06
2.055
1.864
1.556
1.27
1.059
0.907
0.957
1.436
2.209
2.926
3.495
4.012
4.405
4.43
4.031
3.411
2.745
2.193
1.912
1.921
2.148
2.474
2.835
3.13
3.221
3.155
3.105
3.139
3.196
3.189
3.08
2.98
2.878
2.624
2.221
1.889
1.783
1.867
2.073
2.311
2.552
2.749
2.837
2.776
2.561
2.268
2.023
1.891
1.857
1.912
2.069
2.302
2.561
2.79
2.892
2.89
2.84
2.801
2.806
2.899
3.089
3.303
3.55
3.892
4.124
4.13
4.162
4.3
4.36
4.309
4.398
4.761
5.221
5.621
6.036
6.503
6.859
7.02
7.158
7.277
7.168
6.968
7.004
7.222
7.429
7.667
7.975
8.352
8.767
9.094
9.232
9.18
9.019
8.88
8.805
8.712
8.583
8.513
8.563
8.789
9.162
9.513
9.67
9.67
9.661
9.64
9.509
9.304
9.152
9.041
8.905
8.758
8.651
8.572
8.472
8.386
8.377
8.427
8.363
8.114
7.737
7.277
6.787
6.362
6.036
5.811
5.711
5.73
5.931
6.26
6.444
6.324
5.925
5.446
4.986
4.518
4.085
3.722
3.511
3.545
3.82
4.205
4.487
4.591
4.577
4.475
4.253
3.802
3.157
2.497
2.06
1.953
2.06
2.236
2.477
2.788
3.037
3.125
3.073
2.896
2.561
2.143
1.783
1.531
1.236
0.848
0.522
0.415
0.499
0.646
0.791
0.955
1.129
1.256
1.263
1.159
0.937
0.583
0.215
-0.029
-0.174
-0.254
-0.283
-0.22
-0.081
0.079
0.152
0.136
0.086
0
-0.088
-0.07
0.047
0.14
0.1
-0.077
-0.149
-0.063
0.023
-0.002
-0.097
-0.17
-0.183
-0.129
-0.045
0.027
0.122
0.331
0.621
0.887
1.05
1.161
1.324
1.459
1.424
1.236
1.129
1.175
1.302
1.495
1.755
2.069
2.418
2.738
2.98
3.187
3.35
3.427
3.42
3.375
3.33
3.314
3.389
3.491
3.552
3.631
3.818
4.067
4.232
4.142
3.915
3.838
3.883
3.833
3.747
3.845
4.119
4.296
4.296
4.241
4.078
3.715
3.382
3.341
3.475
3.52
3.452
3.427
3.482
3.532
3.559
3.631
3.64
3.502
3.235
2.894
2.497
2.098
1.81
1.719
1.844
2.134
2.409
2.588
2.699
2.704
2.563
2.307
1.991
1.635
1.204
0.764
0.463
0.311
0.297
0.456
0.737
1.021
1.284
1.567
1.787
1.869
1.839
1.728
1.477
1.048
0.465
-0.081
-0.41
-0.406
-0.1
0.327
0.735
1.186
1.638
1.919
1.948
1.785
1.445
0.998
0.574
0.304
0.224
0.331
0.644
1.193
1.805
2.191
2.268
2.184
2.026
1.776
1.424
1.143
1.107
1.297
1.608
1.987
2.459
2.883
3.06
3.023
2.917
2.733
2.463
2.205
1.989
1.803
1.64
1.524
1.536
1.765
2.184
2.765
3.479
4.094
4.28
4.031
3.532
2.89
2.089
1.299
0.857
0.876
1.243
1.787
2.388
2.987
3.47
3.72
3.713
3.477
3.032
2.515
2.1
1.817
1.59
1.443
1.474
1.638
1.796
1.971
2.277
2.663
2.987
3.148
3.076
2.765
2.268
1.667
1.098
0.658
0.374
0.224
0.217
0.372
0.664
1.086
1.513
1.742
1.69
1.331
0.71
0.072
-0.324
-0.494
-0.619
-0.621
-0.392
-0.102
0.036
0.02
-0.079
-0.222
-0.324
-0.397
-0.612
-0.989
-1.417
-1.687
-1.737
-1.76
-1.882
-1.953
-1.885
-1.733
-1.583
-1.561
-1.638
-1.753
-1.923
-2.182
-2.477
-2.708
-2.824
-2.817
-2.742
-2.64
-2.493
-2.268
-1.912
-1.515
-1.261
-1.229
-1.322
-1.477
-1.717
-2.016
-2.27
-2.318
-2.103
-1.721
-1.29
-0.789
-0.24
0.217
0.485
0.569
0.46
0.134
-0.324
-0.721
-0.939
-0.998
-0.85
-0.488
-0.061
0.322
0.726
1.234
1.821
2.352
2.649
2.683
2.488
2.123
1.721
1.47
1.408
1.472
1.658
2.062
2.667
3.364
4.026
4.507
4.722
4.672
4.41
4.031
3.602
3.15
2.912
3.091
3.577
4.076
4.466
4.845
5.253
5.621
5.784
5.709
5.423
4.938
4.407
4.067
4.071
4.366
4.761
5.212
5.716
6.154
6.473
6.75
6.911
6.884
6.725
6.621
6.614
6.589
6.419
6.306
6.56
7.149
7.807
8.245
8.406
8.452
8.594
8.703
8.551
8.2
7.873
7.739
7.846
8.138
8.511
8.98
9.593
10.273
10.67
10.565
10.121
9.584
9.057
8.588
8.308
8.288
8.486
8.91
9.463
9.962
10.361
10.681
10.815
10.488
9.756
9.091
8.778
8.703
8.662
8.624
8.628
8.708
8.882
9.071
9.177
9.218
9.322
9.429
9.291
8.828
8.311
7.991
7.812
7.671
7.642
7.785
8.077
8.458
8.866
9.214
9.4
9.332
8.944
8.197
7.247
6.446
6.084
6.192
6.494
6.791
7.131
7.553
7.887
7.921
7.63
7.172
6.787
6.546
6.31
5.909
5.485
5.355
5.628
6.011
6.165
6.093
6.017
6.022
6.077
6.133
6.14
6.02
5.807
5.555
5.187
4.74
4.437
4.434
4.616
4.765
4.815
4.856
4.956
5.024
4.961
4.756
4.439
4.065
3.697
3.482
3.47
3.584
3.818
4.094
4.294
4.339
4.21
3.926
3.59
3.298
3.037
2.803
2.638
2.488
2.361
2.32
2.37
2.395
2.377
2.332
2.259
2.187
2.159
2.182
2.132
1.923
1.576
1.191
0.885
0.678
0.608
0.746
1.136
1.663
2.155
2.552
2.815
2.785
2.567
2.338
2.155
1.937
1.674
1.561
1.819
2.366
2.93
3.448
3.892
4.124
4.139
4.142
4.176
4.144
4.033
4.006
4.06
4.08
4.051
4.126
4.371
4.709
5.106
5.539
5.897
6.152
6.337
6.476
6.505
6.349
6.129
6.011
5.956
5.915
6.024
6.417
6.945
7.376
7.589
7.583
7.474
7.317
7.054
6.669
6.344
6.328
6.632
7.109
7.567
7.841
7.989
8.118
8.179
8.08
7.907
7.739
7.612
7.537
7.485
7.483
7.596
7.81
8.036
8.132
8.03
7.837
7.621
7.399
7.168
7.025
7.09
7.32
7.524
7.585
7.583
7.574
7.519
7.345
7.025
6.757
6.827
7.115
7.204
7.013
6.825
6.73
6.535
6.226
5.956
5.832
5.902
6.111
6.242
6.181
6.074
6.033
5.915
5.628
5.333
5.208
5.274
5.348
5.24
4.99
4.886
4.929
4.761
4.339
3.96
3.865
4.026
4.309
4.589
4.765
4.795
4.679
4.459
4.114
3.615
3.112
2.808
2.769
2.912
3.134
3.391
3.643
3.815
3.838
3.715
3.547
3.396
3.237
3.064
2.928
2.851
2.76
2.583
2.304
2.03
1.889
1.926
2.032
2.044
1.978
1.964
2.003
1.926
1.642
1.315
1.059
0.878
0.798
0.923
1.17
1.345
1.465
1.706
1.921
1.814
1.397
0.896
0.503
0.327
0.34
0.556
0.93
1.401
1.953
2.443
2.599
2.368
1.88
1.272
0.68
0.263
0.136
0.172
0.154
0.111
0.229
0.499
0.757
0.889
0.964
1.012
0.921
0.717
0.547
0.397
0.199
-0.041
-0.24
-0.408
-0.506
-0.469
-0.329
-0.061
0.327
0.683
0.719
0.272
-0.386
-0.916
-1.343
-1.683
-1.633
-1.037
-0.224
0.331
0.456
0.37
0.163
-0.231
-0.778
-1.424
-2.094
-2.547
-2.595
-2.347
-1.998
-1.59
-1.132
-0.794
-0.744
-0.91
-1.17
-1.597
-2.105
-2.484
-2.701
-2.872
-2.944
-2.751
-2.338
-1.971
-1.833
-1.885
-2.08
-2.386
-2.717
-2.985
-3.18
-3.357
-3.566
-3.749
-3.849
-3.788
-3.541
-3.278
-3.185
-3.155
-3.116
-3.223
-3.52
-3.865
-4.101
-4.239
-4.342
-4.353
-4.221
-4.035
-3.768
-3.339
-2.851
-2.542
-2.554
-2.792
-3.064
-3.33
-3.568
-3.67
-3.631
-3.57
-3.529
-3.493
-3.493
-3.579
-3.679
-3.649
-3.563
-3.57
-3.677
-3.82
-3.974
-4.078
-4.031
-3.799
-3.493
-3.332
-3.316
-3.357
-3.468
-3.736
-4.046
-4.25
-4.3
-4.273
-4.378
-4.652
-4.909
-4.977
-4.906
-4.818
-4.67
-4.448
-4.239
-4.155
-4.337
-4.818
-5.396
-5.77
-5.888
-5.934
-6.054
-6.127
-5.913
-5.492
-5.153
-5.04
-4.981
-4.84
-4.802
-5.09
-5.514
-5.727
-5.596
-5.355
-5.26
-5.346
-5.476
-5.564
-5.621
-5.721
-5.834
-5.825
-5.621
-5.323
-5.178
-5.312
-5.591
-5.793
-5.863
-5.961
-6.152
-6.342
-6.371
-6.174
-5.934
-5.875
-5.995
-6.152
-6.297
-6.523
-6.839
-7.061
-7.118
-7.079
-6.916
-6.619
-6.276
-6.013
-5.979
-6.288
-6.73
-7.041
-7.163
-7.254
-7.458
-7.655
-7.624
-7.426
-7.331
-7.419
-7.599
-7.694
-7.646
-7.517
-7.367
-7.308
-7.349
-7.374
-7.342
-7.408
-7.619
-7.891
-8.073
-8.068
-7.946
-7.773
-7.54
-7.406
-7.503
-7.694
-7.869
-8.077
-8.352
-8.604
-8.776
-8.776
-8.542
-8.138
-7.75
-7.562
-7.524
-7.456
-7.433
-7.667
-8.039
-8.216
-8.177
-8.12
-8.152
-8.184
-8.086
-7.821
-7.463
-7.086
-6.741
-6.48
-6.256
-6.024
-5.904
-5.995
-6.152
-6.229
-6.29
-6.34
-6.324
-6.138
-5.77
-5.276
-4.716
-4.178
-3.822
-3.731
-3.874
-4.198
-4.555
-4.772
-4.761
-4.48
-3.904
-3.144
-2.452
-1.95
-1.629
-1.42
-1.32
-1.408
-1.692
-2.019
-2.227
-2.275
-2.146
-1.837
-1.406
-0.903
-0.37
0.086
0.311
0.345
0.285
0.17
-0.045
-0.361
-0.714
-0.969
-1.027
-0.864
-0.49
0.066
0.769
1.438
1.919
2.137
2.141
1.96
1.549
0.978
0.454
0.104
-0.032
0.029
0.263
0.649
1.15
1.699
2.116
2.205
1.996
1.703
1.459
1.213
0.955
0.78
0.785
0.962
1.197
1.386
1.595
1.941
2.411
2.717
2.656
2.325
1.932
1.542
1.193
0.944
0.907
1.073
1.268
1.386
1.495
1.66
1.837
1.867
1.687
1.426
1.177
0.93
0.76
0.669
0.637
0.637
0.667
0.773
0.959
1.12
1.245
1.408
1.558
1.477
1.12
0.839
0.807
0.8
0.673
0.562
0.61
0.732
0.834
0.816
0.769
0.762
0.726
0.649
0.565
0.44
0.288
0.147
0.075
0.061
0.011
-0.086
-0.095
-0.002
0.05
-0.047
-0.231
-0.315
-0.256
-0.236
-0.331
-0.354
-0.261
-0.179
-0.134
-0.068
0.032
0.068
0.036
-0.068
-0.261
-0.476
-0.617
-0.655
-0.617
-0.615
-0.649
-0.626
-0.567
-0.578
-0.658
-0.746
-0.796
-0.857
-0.898
-0.843
-0.644
-0.261
0.251
0.726
0.982
1
0.907
0.76
0.537
0.318
0.224
0.272
0.406
0.569
0.737
0.934
1.152
1.268
1.243
1.132
0.932
0.721
0.669
0.701
0.626
0.531
0.547
0.705
0.925
1.091
1.229
1.397
1.558
1.683
1.762
1.699
1.481
1.231
1.034
0.939
1.007
1.236
1.556
1.916
2.239
2.47
2.563
2.54
2.379
2.091
1.769
1.49
1.315
1.297
1.468
1.749
2.071
2.357
2.524
2.54
2.409
2.171
1.919
1.724
1.638
1.672
1.789
1.939
2.123
2.245
2.218
2.148
2.141
2.119
2.005
1.767
1.463
1.218
1.048
0.939
0.941
1.071
1.297
1.554
1.755
1.914
2.082
2.175
2.121
1.88
1.479
1.023
0.653
0.497
0.59
0.907
1.406
1.948
2.422
2.767
2.935
2.862
2.647
2.456
2.277
2.06
1.851
1.746
1.778
1.876
1.955
2.009
2.087
2.205
2.325
2.422
2.454
2.431
2.35
2.214
2.03
1.857
1.78
1.814
1.891
1.998
2.141
2.286
2.323
2.184
1.941
1.712
1.572
1.465
1.365
1.277
1.243
1.229
1.204
1.145
1.052
1.007
1.157
1.401
1.411
1.114
0.762
0.499
0.349
0.267
0.217
0.265
0.44
0.694
0.903
0.959
0.948
0.973
0.932
0.562
-0.052
-0.515
-0.497
-0.079
0.363
0.56
0.603
0.571
0.399
0.023
-0.444
-0.828
-1.009
-0.984
-0.766
-0.467
-0.204
-0.034
0
-0.161
-0.44
-0.73
-0.905
-0.944
-0.928
-0.91
-0.823
-0.719
-0.762
-0.925
-1.075
-1.114
-1.018
-0.814
-0.608
-0.379
-0.152
-0.029
-0.054
-0.183
-0.324
-0.449
-0.531
-0.474
-0.361
-0.231
-0.104
-0.02
-0.023
-0.254
-0.8
-1.433
-1.769
-1.699
-1.347
-0.807
-0.202
0.193
0.131
-0.32
-0.914
-1.633
-2.411
-2.935
-3.012
-2.772
-2.445
-2.227
-2.23
-2.404
-2.561
-2.563
-2.581
-2.849
-3.321
-3.729
-3.89
-3.829
-3.726
-3.781
-3.913
-3.926
-3.831
-3.729
-3.683
-3.754
-3.89
-3.981
-4.056
-4.124
-4.232
-4.398
-4.546
-4.623
-4.575
-4.309
-3.838
-3.386
-3.191
-3.221
-3.352
-3.656
-4.298
-5.151
-5.818
-6.033
-5.718
-5.004
-4.226
-3.72
-3.566
-3.563
-3.593
-3.802
-4.271
-4.829
-5.226
-5.353
-5.253
-5.094
-4.981
-4.799
-4.516
-4.328
-4.412
-4.65
-4.858
-4.947
-4.961
-4.911
-4.827
-4.827
-4.931
-5.017
-5.06
-5.101
-5.099
-4.961
-4.743
-4.595
-4.532
-4.482
-4.557
-4.818
-5.174
-5.423
-5.441
-5.303
-5.165
-5.076
-4.986
-4.879
-4.806
-4.777
-4.909
-5.228
-5.564
-5.696
-5.598
-5.403
-5.251
-5.144
-5.076
-5.119
-5.344
-5.691
-6.065
-6.433
-6.664
-6.644
-6.453
-6.222
-6.077
-6.052
-6.17
-6.376
-6.478
-6.437
-6.381
-6.399
-6.483
-6.578
-6.651
-6.773
-7.068
-7.379
-7.435
-7.265
-7.052
-6.8
-6.51
-6.31
-6.349
-6.571
-6.85
-7.154
-7.567
-8
-8.193
-8.077
-7.828
-7.614
-7.528
-7.585
-7.753
-7.885
-7.937
-8
-8.075
-8.116
-8.172
-8.195
-8.077
-7.923
-7.928
-8.034
-8.075
-8.025
-7.941
-7.866
-7.835
-7.903
-8.032
-8.07
-7.993
-7.998
-8.118
-8.227
-8.297
-8.349
-8.308
-8.209
-8.195
-8.263
-8.27
-8.15
-8.021
-7.996
-7.968
-7.764
-7.376
-7.013
-6.857
-6.929
-7.174
-7.447
-7.612
-7.726
-7.878
-8.018
-8.016
-7.866
-7.662
-7.447
-7.206
-6.945
-6.682
-6.451
-6.315
-6.369
-6.571
-6.78
-6.991
-7.247
-7.456
-7.521
-7.404
-7.124
-6.769
-6.405
-6.036
-5.707
-5.584
-5.748
-6.07
-6.419
-6.705
-6.866
-6.866
-6.696
-6.446
-6.294
-6.188
-6.02
-5.888
-5.906
-6.024
-6.12
-6.163
-6.177
-6.19
-6.179
-6.149
-6.056
-5.852
-5.65
-5.6
-5.709
-5.881
-6.045
-6.215
-6.313
-6.315
-6.288
-6.285
-6.306
-6.256
-6.056
-5.823
-5.673
-5.65
-5.739
-5.875
-5.997
-6.074
-6.133
-6.226
-6.294
-6.29
-6.26
-6.256
-6.288
-6.342
-6.344
-6.392
-6.557
-6.755
-6.945
-7.165
-7.363
-7.469
-7.444
-7.297
-7.104
-6.92
-6.841
-6.83
-6.75
-6.651
-6.626
-6.732
-6.923
-7.063
-7.059
-6.968
-6.929
-6.927
-6.791
-6.535
-6.344
-6.254
-6.133
-5.927
-5.732
-5.652
-5.65
-5.646
-5.659
-5.702
-5.686
-5.528
-5.292
-5.131
-5.038
-4.922
-4.813
-4.734
-4.555
-4.257
-3.974
-3.786
-3.604
-3.382
-3.203
-3.162
-3.287
-3.556
-3.929
-4.303
-4.636
-4.936
-5.072
-4.92
-4.457
-3.87
-3.359
-3.017
-2.822
-2.817
-3.017
-3.371
-3.847
-4.342
-4.745
-5.006
-5.153
-5.183
-5.004
-4.641
-4.28
-4.087
-3.954
-3.749
-3.55
-3.482
-3.618
-3.863
-4.092
-4.3
-4.507
-4.722
-4.872
-4.881
-4.75
-4.58
-4.459
-4.43
-4.437
-4.357
-4.278
-4.305
-4.321
-4.153
-3.915
-3.799
-3.806
-3.895
-4.022
-4.207
-4.564
-5.038
-5.387
-5.382
-5.117
-4.888
-4.743
-4.548
-4.326
-4.153
-4.067
-4.067
-4.108
-4.105
-4.006
-3.883
-3.854
-3.879
-3.827
-3.681
-3.529
-3.42
-3.357
-3.271
-3.148
-3.01
-2.856
-2.717
-2.624
-2.606
-2.636
-2.652
-2.613
-2.472
-2.243
-2.089
-2.094
-2.123
-2.037
-1.907
-1.896
-1.921
-1.749
-1.329
-0.896
-0.601
-0.406
-0.22
-0.054
-0.023
-0.183
-0.442
-0.628
-0.61
-0.444
-0.372
-0.401
-0.283
0.149
0.673
0.962
0.998
1.007
1.134
1.216
1.066
0.8
0.628
0.581
0.587
0.624
0.773
1.157
1.71
2.171
2.447
2.695
2.976
3.11
2.903
2.45
1.98
1.731
1.771
1.941
2.062
2.171
2.477
3.01
3.507
3.754
3.818
3.888
4.094
4.353
4.475
4.455
4.434
4.527
4.702
4.904
5.167
5.489
5.766
5.931
6.054
6.224
6.496
6.775
6.877
6.8
6.757
6.902
7.197
7.44
7.485
7.44
7.524
7.716
7.735
7.435
7.134
7.079
7.177
7.213
7.263
7.442
7.692
7.948
8.159
8.345
8.483
8.474
8.202
7.76
7.372
7.106
6.929
6.825
6.818
6.966
7.32
7.739
8.025
8.082
7.887
7.517
7.236
7.138
6.993
6.642
6.263
6.088
6.059
5.977
5.802
5.632
5.528
5.546
5.641
5.573
5.258
4.892
4.623
4.369
4.135
4.015
4.069
4.266
4.432
4.412
4.262
4.06
3.738
3.237
2.677
2.259
2.032
2.023
2.23
2.504
2.708
2.883
3.044
3.08
2.903
2.583
2.18
1.778
1.545
1.468
1.424
1.413
1.538
1.755
1.971
2.096
2.053
1.889
1.744
1.617
1.443
1.241
1.116
1.1
1.132
1.17
1.193
1.209
1.136
0.948
0.794
0.814
0.891
0.744
0.283
-0.222
-0.438
-0.304
0.032
0.392
0.673
0.898
1.145
1.306
1.241
1.016
0.796
0.599
0.431
0.392
0.481
0.621
0.814
1.071
1.343
1.585
1.742
1.769
1.597
1.281
1.05
1.077
1.284
1.438
1.488
1.588
1.721
1.769
1.749
1.708
1.635
1.565
1.588
1.592
1.47
1.295
1.211
1.315
1.583
1.86
2.116
2.418
2.692
2.781
2.649
2.429
2.164
1.774
1.327
0.932
0.658
0.553
0.594
0.707
0.88
1.12
1.399
1.588
1.538
1.243
0.912
0.755
0.789
0.791
0.626
0.513
0.574
0.746
1.009
1.286
1.349
1.055
0.678
0.472
0.372
0.318
0.295
0.247
0.159
0.165
0.318
0.454
0.447
0.374
0.347
0.381
0.39
0.238
-0.131
-0.583
-0.928
-1.154
-1.349
-1.522
-1.551
-1.352
-1
-0.617
-0.299
-0.161
-0.204
-0.363
-0.594
-0.785
-0.855
-0.887
-0.989
-1.157
-1.302
-1.363
-1.32
-1.202
-1.118
-1.157
-1.265
-1.304
-1.265
-1.225
-1.259
-1.379
-1.499
-1.597
-1.765
-1.953
-1.964
-1.733
-1.392
-1.105
-0.998
-1.064
-1.279
-1.567
-1.706
-1.629
-1.527
-1.479
-1.37
-1.168
-0.937
-0.775
-0.61
-0.388
-0.238
-0.324
-0.633
-1.091
-1.561
-1.833
-1.876
-1.821
-1.658
-1.377
-1.023
-0.68
-0.356
-0.009
0.333
0.585
0.719
0.567
0.079
-0.463
-0.764
-0.812
-0.741
-0.544
-0.168
0.299
0.692
1.057
1.429
1.665
1.667
1.443
1.046
0.628
0.299
0.07
0.002
0.154
0.451
0.753
0.966
1.111
1.236
1.32
1.256
0.955
0.497
0.045
-0.181
-0.097
0.136
0.297
0.413
0.687
1.093
1.324
1.27
1.066
0.83
0.492
-0.045
-0.732
-1.343
-1.629
-1.517
-1.209
-0.919
-0.651
-0.318
0.045
0.249
0.174
-0.145
-0.61
-1.157
-1.728
-2.261
-2.599
-2.599
-2.311
-1.905
-1.547
-1.302
-1.191
-1.211
-1.349
-1.581
-1.826
-2.123
-2.576
-3.055
-3.284
-3.244
-3.003
-2.615
-2.2
-1.923
-1.78
-1.683
-1.676
-1.855
-2.23
-2.765
-3.303
-3.638
-3.759
-3.736
-3.552
-3.116
-2.434
-1.778
-1.413
-1.333
-1.422
-1.601
-1.95
-2.506
-3.046
-3.316
-3.328
-3.216
-2.953
-2.524
-2.005
-1.493
-1.091
-0.962
-1.197
-1.542
-1.681
-1.678
-1.769
-1.919
-1.833
-1.504
-1.157
-0.882
-0.687
-0.615
-0.685
-0.782
-0.819
-0.932
-1.202
-1.431
-1.449
-1.372
-1.32
-1.241
-1.084
-0.887
-0.653
-0.481
-0.494
-0.685
-0.998
-1.422
-1.903
-2.32
-2.572
-2.717
-2.794
-2.785
-2.715
-2.636
-2.595
-2.588
-2.586
-2.647
-2.817
-3.028
-3.194
-3.328
-3.486
-3.677
-3.783
-3.781
-3.824
-4.049
-4.353
-4.618
-4.759
-4.747
-4.668
-4.598
-4.53
-4.505
-4.62
-4.9
-5.201
-5.401
-5.428
-5.33
-5.26
-5.285
-5.339
-5.344
-5.355
-5.423
-5.432
-5.303
-5.158
-5.076
-5.026
-4.981
-4.915
-4.847
-4.874
-4.977
-4.992
-4.861
-4.747
-4.756
-4.759
-4.704
-4.634
-4.555
-4.468
-4.43
-4.491
-4.534
-4.421
-4.187
-3.91
-3.672
-3.611
-3.679
-3.731
-3.692
-3.699
-3.827
-3.94
-3.906
-3.788
-3.638
-3.475
-3.321
-3.219
-3.13
-3.073
-3.157
-3.359
-3.529
-3.593
-3.584
-3.529
-3.448
-3.384
-3.389
-3.432
-3.482
-3.488
-3.464
-3.402
-3.271
-3.085
-2.917
-2.763
-2.59
-2.518
-2.647
-2.869
-2.976
-2.853
-2.57
-2.266
-1.991
-1.787
-1.699
-1.799
-2.057
-2.275
-2.277
-2.107
-1.916
-1.799
-1.794
-1.932
-2.098
-2.139
-2.051
-1.878
-1.601
-1.247
-0.955
-0.848
-0.896
-1.012
-1.179
-1.349
-1.481
-1.481
-1.367
-1.191
-0.864
-0.397
0.013
0.249
0.347
0.315
0.129
-0.193
-0.562
-0.832
-0.941
-0.957
-0.878
-0.642
-0.299
0.007
0.138
0.159
0.202
0.24
0.211
0.14
0.045
0.002
0.102
0.267
0.358
0.361
0.304
0.288
0.386
0.533
0.635
0.769
0.962
1.098
1.041
0.807
0.576
0.479
0.444
0.431
0.508
0.644
0.8
0.964
1.007
0.869
0.662
0.553
0.556
0.583
0.59
0.619
0.721
0.869
1
1.043
0.978
0.85
0.794
0.882
1.05
1.234
1.461
1.692
1.867
1.962
1.98
1.903
1.83
1.921
2.141
2.257
2.309
2.515
2.872
3.187
3.382
3.561
3.695
3.668
3.586
3.702
3.981
4.257
4.55
4.965
5.428
5.73
5.87
6.02
6.174
6.161
6.07
6.215
6.657
7.115
7.342
7.463
7.685
7.943
8.08
8.134
8.188
8.261
8.359
8.465
8.517
8.438
8.163
7.855
7.773
8
8.311
8.549
8.808
9.094
9.273
9.327
9.304
9.134
8.839
8.515
8.247
8.104
8.073
8.057
8.025
7.987
7.937
7.846
7.68
7.404
7.109
6.859
6.716
6.698
6.762
6.809
6.707
6.539
6.439
6.347
6.124
5.795
5.476
5.26
5.178
5.128
4.999
4.797
4.577
4.453
4.434
4.403
4.321
4.303
4.412
4.516
4.543
4.512
4.382
4.155
3.942
3.765
3.493
3.134
2.96
3.046
3.153
3.259
3.513
3.781
3.818
3.647
3.452
3.305
3.103
2.903
2.806
2.724
2.583
2.479
2.538
2.785
3.021
3.076
2.953
2.779
2.576
2.279
2.035
2.007
2.182
2.391
2.484
2.459
2.332
2.064
1.769
1.608
1.556
1.513
1.474
1.477
1.459
1.286
1.068
0.95
0.916
0.878
0.757
0.644
0.703
0.887
0.962
0.876
0.755
0.669
0.544
0.342
0.091
-0.168
-0.306
-0.174
0.17
0.465
0.51
0.297
0.025
-0.147
-0.288
-0.41
-0.374
-0.165
0.027
0.131
0.206
0.263
0.256
0.125
-0.057
-0.127
-0.041
0.072
0.174
0.397
0.798
1.229
1.597
1.812
1.801
1.631
1.536
1.615
1.717
1.699
1.674
1.776
1.891
1.916
1.941
2.1
2.354
2.592
2.837
3.046
3.159
3.221
3.284
3.259
3.107
2.915
2.847
2.974
3.284
3.658
4.008
4.282
4.441
4.412
4.21
3.94
3.752
3.668
3.611
3.532
3.495
3.527
3.606
3.679
3.692
3.702
3.747
3.706
3.547
3.377
3.33
3.45
3.575
3.543
3.323
2.958
2.561
2.218
1.876
1.517
1.338
1.527
2.046
2.688
3.266
3.67
3.69
3.214
2.393
1.449
0.594
0.134
0.245
0.685
1.084
1.424
1.796
1.978
1.746
1.272
0.955
0.903
0.95
1.052
1.259
1.499
1.712
1.955
2.073
1.826
1.377
1.116
1.08
1.093
1.222
1.619
2.112
2.388
2.341
2.148
2.009
2.026
2.18
2.338
2.4
2.379
2.366
2.368
2.248
1.921
1.683
1.83
2.225
2.615
2.974
3.337
3.627
3.688
3.396
2.769
1.98
1.288
0.948
1.025
1.452
2.137
2.946
3.602
3.783
3.432
2.872
2.259
1.452
0.51
-0.077
-0.05
0.469
1.247
2.028
2.529
2.62
2.506
2.334
2.007
1.533
1.225
1.377
1.742
1.907
1.857
1.803
1.728
1.536
1.322
1.225
1.263
1.377
1.551
1.683
1.653
1.508
1.284
0.921
0.456
0.052
-0.054
0.217
0.664
0.991
1.148
1.241
1.191
0.766
-0.02
-0.78
-1.114
-0.987
-0.692
-0.415
-0.106
0.256
0.537
0.619
0.354
-0.159
-0.621
-0.862
-0.869
-0.676
-0.345
0.011
0.283
0.342
0.109
-0.281
-0.612
-0.819
-0.964
-1.012
-0.862
-0.424
0.12
0.331
0.138
-0.125
-0.179
-0.131
-0.081
0.068
0.442
0.98
1.592
2.098
2.239
1.953
1.411
0.95
0.775
0.705
0.569
0.553
0.837
1.225
1.479
1.626
1.864
2.087
2.105
2.023
2.128
2.474
2.896
3.246
3.409
3.269
2.851
2.418
2.137
2.055
2.227
2.708
3.488
4.316
5.004
5.464
5.732
5.85
5.795
5.539
5.181
4.897
4.854
5.106
5.448
5.745
6.031
6.211
6.238
6.256
6.249
6.213
6.303
6.478
6.553
6.369
6.065
5.97
6.211
6.582
6.911
7.29
7.748
8.179
8.504
8.737
8.783
8.477
7.898
7.322
6.875
6.591
6.614
7.016
7.716
8.517
9.248
9.742
9.874
9.701
9.393
9.143
8.93
8.615
8.154
7.805
7.787
8.064
8.504
8.994
9.456
9.801
9.901
9.726
9.359
8.898
8.472
8.161
7.98
7.907
7.955
8.161
8.456
8.778
9.062
9.239
9.191
8.778
8.034
7.177
6.539
6.213
6.038
5.999
6.183
6.58
7.129
7.669
7.948
7.943
7.703
7.27
6.676
5.92
5.117
4.555
4.387
4.518
4.831
5.33
6.004
6.63
7.063
7.254
7.17
6.873
6.417
5.872
5.346
4.983
4.9
5.128
5.492
5.807
6.033
6.181
6.215
6.115
5.94
5.689
5.38
5.158
5.122
5.149
5.192
5.36
5.716
6.19
6.587
6.757
6.662
6.371
6.002
5.662
5.394
5.156
4.822
4.496
4.389
4.505
4.718
5.036
5.394
5.65
5.643
5.398
5.113
4.963
4.877
4.747
4.645
4.675
4.72
4.663
4.614
4.661
4.72
4.697
4.552
4.357
4.214
4.171
4.205
4.369
4.643
4.811
4.768
4.584
4.355
4.178
4.128
4.182
4.25
4.207
4.065
3.926
3.845
3.749
3.543
3.271
3.11
3.157
3.303
3.414
3.522
3.688
3.897
4.078
4.18
4.148
3.978
3.82
3.731
3.631
3.445
3.248
3.087
3.008
3.062
3.264
3.624
4.103
4.616
4.979
5.142
5.242
5.36
5.353
5.178
4.949
4.74
4.611
4.636
4.772
4.99
5.335
5.8
6.29
6.646
6.787
6.834
6.877
6.941
7.022
7.047
6.945
6.787
6.791
7.029
7.385
7.651
7.737
7.714
7.592
7.361
7.124
6.977
6.866
6.707
6.616
6.732
6.97
7.204
7.447
7.68
7.862
7.964
7.941
7.712
7.304
6.979
6.907
6.941
6.954
6.961
6.914
6.83
6.861
7.013
7.143
7.225
7.227
7.118
6.941
6.716
6.458
6.172
5.902
5.662
5.519
5.557
5.714
5.829
5.888
6.015
6.22
6.333
6.256
6.054
5.838
5.655
5.496
5.317
5.167
5.169
5.283
5.346
5.348
5.367
5.31
5.108
4.872
4.657
4.309
3.897
3.647
3.577
3.545
3.529
3.615
3.763
3.915
4.022
4.022
3.833
3.563
3.398
3.259
3.008
2.747
2.647
2.722
2.881
3.014
3.082
3.105
3.087
3.085
3.091
3.046
2.921
2.745
2.556
2.345
2.055
1.708
1.413
1.234
1.118
1.05
0.998
0.91
0.859
0.937
1.12
1.299
1.388
1.349
1.213
1.032
0.864
0.732
0.624
0.503
0.358
0.177
0
-0.013
0.163
0.358
0.481
0.49
0.415
0.329
0.274
0.181
0.02
-0.168
-0.336
-0.451
-0.567
-0.714
-0.728
-0.517
-0.224
0.013
0.149
0.159
-0.009
-0.245
-0.404
-0.435
-0.318
-0.145
-0.007
0.086
0.118
0.202
0.374
0.499
0.399
0.125
-0.163
-0.381
-0.513
-0.633
-0.773
-0.889
-0.971
-0.955
-0.832
-0.787
-0.846
-0.839
-0.723
-0.658
-0.794
-1.032
-1.139
-1.061
-0.993
-1.068
-1.229
-1.374
-1.392
-1.367
-1.386
-1.431
-1.558
-1.844
-2.171
-2.363
-2.334
-2.121
-1.903
-1.778
-1.819
-2.039
-2.329
-2.599
-2.876
-3.071
-3.048
-2.93
-2.899
-3.035
-3.257
-3.402
-3.393
-3.284
-3.237
-3.382
-3.699
-4.006
-4.169
-4.3
-4.414
-4.353
-4.062
-3.717
-3.468
-3.343
-3.303
-3.382
-3.597
-3.956
-4.455
-4.924
-5.135
-5.074
-4.94
-4.838
-4.618
-4.155
-3.652
-3.457
-3.697
-4.151
-4.546
-4.788
-4.979
-5.206
-5.326
-5.181
-4.849
-4.523
-4.378
-4.405
-4.478
-4.536
-4.616
-4.743
-4.929
-5.138
-5.28
-5.333
-5.339
-5.262
-5.138
-5.063
-5.051
-5.042
-5.013
-4.972
-4.979
-5.101
-5.321
-5.569
-5.759
-5.836
-5.872
-5.968
-6.029
-5.884
-5.55
-5.323
-5.364
-5.571
-5.852
-6.238
-6.58
-6.741
-6.812
-6.868
-6.807
-6.63
-6.505
-6.594
-6.827
-6.986
-7.02
-7
-6.848
-6.546
-6.297
-6.265
-6.41
-6.619
-6.762
-6.78
-6.741
-6.632
-6.419
-6.118
-5.827
-5.68
-5.705
-5.789
-5.845
-5.861
-5.829
-5.834
-5.897
-5.879
-5.773
-5.664
-5.578
-5.535
-5.573
-5.702
-5.789
-5.725
-5.573
-5.487
-5.492
-5.557
-5.623
-5.603
-5.473
-5.296
-5.16
-5.088
-5.054
-5.072
-5.212
-5.519
-5.922
-6.337
-6.642
-6.839
-6.973
-7.077
-7.204
-7.336
-7.336
-7.14
-6.932
-6.902
-7.079
-7.338
-7.574
-7.771
-7.977
-8.218
-8.465
-8.626
-8.644
-8.597
-8.538
-8.443
-8.306
-8.234
-8.177
-8.043
-7.957
-8.089
-8.356
-8.59
-8.726
-8.812
-8.878
-8.937
-8.962
-8.939
-8.785
-8.517
-8.363
-8.472
-8.687
-8.821
-8.862
-8.946
-9.089
-9.236
-9.309
-9.298
-9.257
-9.164
-8.823
-8.202
-7.458
-6.846
-6.507
-6.347
-6.344
-6.555
-6.877
-7.211
-7.444
-7.456
-7.181
-6.669
-6.033
-5.428
-4.84
-4.264
-3.883
-3.91
-4.216
-4.4
-4.403
-4.489
-4.654
-4.586
-4.216
-3.765
-3.309
-2.776
-2.166
-1.547
-0.984
-0.576
-0.513
-0.857
-1.349
-1.672
-1.787
-1.792
-1.561
-1.009
-0.288
0.374
0.859
1.218
1.32
1.059
0.556
-0.036
-0.54
-0.775
-0.712
-0.442
0.002
0.621
1.386
2.15
2.599
2.627
2.44
2.216
1.878
1.313
0.746
0.481
0.526
0.778
1.141
1.538
1.989
2.479
2.958
3.364
3.545
3.457
3.182
2.799
2.32
1.796
1.363
1.15
1.238
1.606
2.112
2.613
2.967
3.137
3.141
2.91
2.409
1.842
1.44
1.241
1.161
1.254
1.574
2.039
2.488
2.844
3.055
3.035
2.756
2.268
1.712
1.139
0.655
0.433
0.535
0.857
1.227
1.551
1.76
1.769
1.572
1.311
1.057
0.825
0.549
0.27
0.077
-0.013
-0.14
-0.285
-0.217
0.095
0.444
0.719
0.907
1.018
1.046
0.896
0.574
0.193
-0.22
-0.603
-0.803
-0.809
-0.719
-0.587
-0.345
0.018
0.324
0.345
0.104
-0.152
-0.361
-0.61
-0.889
-1.082
-1.107
-0.987
-0.791
-0.567
-0.372
-0.236
-0.154
-0.007
0.122
0.066
-0.154
-0.356
-0.479
-0.535
-0.528
-0.465
-0.285
0.023
0.322
0.517
0.544
0.363
0.115
-0.025
-0.14
-0.379
-0.61
-0.644
-0.399
-0.007
0.315
0.447
0.46
0.501
0.603
0.619
0.46
0.293
0.336
0.542
0.728
0.809
0.853
1.027
1.329
1.542
1.556
1.445
1.295
1.139
1.061
0.934
0.683
0.472
0.451
0.571
0.766
0.982
1.218
1.495
1.755
1.894
1.871
1.731
1.572
1.486
1.479
1.511
1.513
1.49
1.531
1.651
1.787
1.887
1.991
2.141
2.3
2.397
2.486
2.574
2.533
2.279
1.964
1.769
1.708
1.71
1.814
2.037
2.302
2.533
2.64
2.552
2.325
2.159
2.15
2.221
2.293
2.391
2.495
2.545
2.547
2.454
2.275
2.153
2.139
2.141
2.119
2.157
2.291
2.42
2.4
2.257
2.137
2.08
1.966
1.803
1.731
1.803
2.021
2.252
2.332
2.211
2.06
2.098
2.218
2.264
2.277
2.402
2.654
2.822
2.749
2.629
2.688
2.84
2.935
2.924
2.881
2.926
3.107
3.275
3.212
3.005
2.881
2.915
2.921
2.772
2.663
2.826
3.128
3.375
3.407
3.23
3.019
2.91
2.844
2.767
2.735
2.806
2.919
2.96
2.81
2.565
2.37
2.211
2.082
2.005
1.996
2.055
2.114
2.037
1.842
1.697
1.642
1.599
1.517
1.37
1.193
1.093
1.068
0.982
0.83
0.785
1.003
1.293
1.329
1.05
0.705
0.488
0.338
0.181
0.025
-0.045
0.025
0.254
0.472
0.501
0.39
0.281
0.199
0.091
-0.156
-0.492
-0.635
-0.551
-0.479
-0.51
-0.467
-0.37
-0.333
-0.333
-0.329
-0.331
-0.32
-0.276
-0.204
-0.227
-0.376
-0.501
-0.51
-0.571
-0.798
-0.957
-0.889
-0.678
-0.494
-0.447
-0.528
-0.671
-0.841
-1.055
-1.343
-1.615
-1.697
-1.538
-1.315
-1.173
-1.136
-1.168
-1.195
-1.236
-1.343
-1.506
-1.692
-1.88
-2.035
-2.103
-2.048
-1.885
-1.724
-1.712
-1.887
-2.06
-2.116
-2.139
-2.187
-2.207
-2.1
-1.973
-2.066
-2.429
-2.835
-3.103
-3.266
-3.384
-3.382
-3.219
-3.089
-3.166
-3.355
-3.498
-3.595
-3.677
-3.726
-3.697
-3.613
-3.563
-3.543
-3.643
-3.956
-4.344
-4.496
-4.371
-4.198
-4.155
-4.171
-4.101
-3.954
-3.947
-4.176
-4.532
-4.788
-4.759
-4.525
-4.351
-4.314
-4.275
-4.119
-3.886
-3.752
-3.836
-4.065
-4.291
-4.357
-4.376
-4.541
-4.756
-4.777
-4.57
-4.255
-3.99
-3.906
-3.969
-4.087
-4.273
-4.55
-4.888
-5.149
-5.237
-5.215
-5.226
-5.319
-5.403
-5.394
-5.378
-5.466
-5.516
-5.416
-5.31
-5.328
-5.407
-5.414
-5.367
-5.371
-5.492
-5.686
-5.906
-6.006
-5.918
-5.813
-5.863
-6.031
-6.108
-6.033
-6.045
-6.231
-6.442
-6.46
-6.269
-6.047
-5.981
-6.029
-5.997
-5.868
-5.789
-5.87
-6.093
-6.381
-6.721
-7.07
-7.288
-7.331
-7.283
-7.227
-7.168
-7.122
-7.093
-7.043
-6.923
-6.78
-6.696
-6.73
-6.805
-6.875
-7.036
-7.358
-7.721
-7.996
-8.163
-8.288
-8.322
-8.227
-8.08
-7.984
-8.014
-8.093
-8.145
-8.143
-8.057
-7.857
-7.63
-7.474
-7.363
-7.295
-7.401
-7.687
-7.959
-8.091
-8.179
-8.281
-8.225
-7.909
-7.456
-7.161
-7.056
-7.022
-7.099
-7.331
-7.574
-7.73
-7.866
-7.957
-7.923
-7.841
-7.787
-7.789
-7.783
-7.716
-7.662
-7.662
-7.633
-7.562
-7.574
-7.694
-7.773
-7.687
-7.521
-7.453
-7.531
-7.592
-7.469
-7.24
-7.009
-6.744
-6.512
-6.473
-6.569
-6.66
-6.784
-7.047
-7.342
-7.442
-7.363
-7.192
-6.898
-6.467
-6.106
-5.943
-5.922
-5.945
-6.002
-6.197
-6.464
-6.605
-6.578
-6.451
-6.269
-6.027
-5.82
-5.748
-5.7
-5.587
-5.537
-5.65
-5.798
-5.875
-5.952
-6.061
-6.104
-6.015
-5.866
-5.691
-5.473
-5.312
-5.323
-5.489
-5.761
-6.165
-6.582
-6.889
-7.147
-7.456
-7.73
-7.737
-7.376
-6.834
-6.288
-5.807
-5.498
-5.489
-5.732
-6.122
-6.6
-7.081
-7.474
-7.764
-7.866
-7.828
-7.726
-7.487
-7.145
-6.841
-6.501
-5.983
-5.569
-5.632
-6.177
-6.884
-7.433
-7.746
-7.953
-8.104
-8.107
-7.832
-7.265
-6.6
-6.165
-6.074
-6.086
-6.145
-6.439
-6.968
-7.526
-7.875
-7.823
-7.395
-6.821
-6.313
-5.904
-5.523
-5.26
-5.339
-5.673
-5.965
-6.127
-6.197
-6.161
-6.002
-5.745
-5.414
-5.108
-5.017
-5.167
-5.398
-5.575
-5.718
-5.852
-5.816
-5.489
-5.026
-4.645
-4.355
-4.085
-3.886
-3.886
-4.112
-4.432
-4.645
-4.654
-4.636
-4.657
-4.58
-4.355
-4.133
-4.015
-4.019
-4.103
-4.169
-4.071
-3.94
-4.074
-4.432
-4.643
-4.663
-4.867
-5.308
-5.594
-5.466
-5.085
-4.65
-4.257
-4.099
-4.164
-4.232
-4.314
-4.682
-5.233
-5.528
-5.414
-5.09
-4.831
-4.677
-4.457
-4.148
-3.999
-4.189
-4.589
-4.818
-4.686
-4.396
-4.151
-3.901
-3.538
-3.21
-3.076
-3.194
-3.477
-3.731
-3.852
-3.917
-4.069
-4.214
-4.112
-3.692
-3.262
-3.062
-3.032
-3.012
-2.876
-2.779
-2.94
-3.287
-3.454
-3.359
-3.337
-3.726
-4.282
-4.493
-4.305
-3.994
-3.742
-3.461
-3.053
-2.588
-2.307
-2.384
-2.722
-3.082
-3.316
-3.434
-3.527
-3.543
-3.307
-2.844
-2.388
-2.225
-2.391
-2.661
-2.842
-3.014
-3.309
-3.568
-3.479
-2.985
-2.379
-1.928
-1.638
-1.44
-1.333
-1.333
-1.443
-1.617
-1.683
-1.477
-1.116
-0.773
-0.426
-0.106
0.088
0.147
0.129
0.168
0.345
0.63
0.944
1.186
1.279
1.268
1.238
1.213
1.136
1.041
1.023
1.193
1.495
1.787
1.996
2.098
2.171
2.239
2.218
2.041
1.864
1.823
1.944
2.218
2.572
2.908
3.269
3.706
4.078
4.314
4.496
4.677
4.813
4.836
4.706
4.566
4.589
4.72
4.799
4.786
4.779
4.888
5.203
5.662
6.061
6.26
6.292
6.192
6.029
5.827
5.603
5.391
5.337
5.598
6.027
6.324
6.48
6.637
6.812
6.916
6.886
6.737
6.56
6.419
6.335
6.313
6.412
6.637
6.866
6.979
7.018
7.041
6.995
6.805
6.532
6.22
5.943
5.813
5.841
5.845
5.766
5.693
5.709
5.786
5.838
5.789
5.684
5.603
5.607
5.702
5.75
5.691
5.614
5.566
5.507
5.403
5.233
5.031
4.827
4.643
4.559
4.573
4.636
4.627
4.462
4.21
3.956
3.711
3.416
3.048
2.681
2.431
2.386
2.484
2.592
2.576
2.459
2.334
2.232
2.148
2.075
1.978
1.81
1.579
1.327
1.132
1.071
1.132
1.29
1.515
1.733
1.896
1.921
1.719
1.39
1.066
0.746
0.376
-0.007
-0.318
-0.42
-0.213
0.27
0.819
1.243
1.513
1.651
1.545
1.15
0.549
-0.102
-0.619
-0.839
-0.764
-0.451
-0.086
0.197
0.467
0.726
0.85
0.794
0.639
0.429
0.222
0.086
0.032
0.059
0.168
0.392
0.655
0.83
0.862
0.83
0.775
0.658
0.494
0.347
0.263
0.27
0.408
0.621
0.769
0.891
1.082
1.302
1.47
1.597
1.658
1.549
1.288
1.03
0.907
0.921
1.03
1.195
1.392
1.685
2.051
2.363
2.511
2.493
2.363
2.196
2.03
1.851
1.64
1.486
1.474
1.529
1.554
1.554
1.583
1.617
1.585
1.479
1.327
1.216
1.116
1
0.93
0.919
0.964
1.05
1.084
0.996
0.898
0.919
0.991
0.919
0.601
0.193
-0.057
-0.047
0.052
0.061
-0.029
-0.1
-0.115
-0.136
-0.204
-0.279
-0.233
-0.079
0.029
-0.045
-0.367
-0.821
-1.216
-1.49
-1.608
-1.576
-1.563
-1.597
-1.59
-1.486
-1.324
-1.12
-0.937
-0.864
-0.993
-1.272
-1.468
-1.449
-1.392
-1.497
-1.719
-1.916
-2.091
-2.239
-2.372
-2.468
-2.431
-2.196
-1.833
-1.54
-1.465
-1.536
-1.495
-1.318
-1.229
-1.336
-1.477
-1.511
-1.438
-1.288
-1.15
-1.125
-1.261
-1.486
-1.687
-1.753
-1.622
-1.352
-0.948
-0.442
-0.004
0.229
0.274
0.195
0.034
-0.109
-0.156
-0.136
-0.129
-0.161
-0.129
0.075
0.358
0.488
0.392
0.211
0.097
0.129
0.347
0.723
1.132
1.481
1.66
1.572
1.322
1.127
1.025
0.973
0.984
0.987
0.955
0.984
1.125
1.27
1.313
1.313
1.338
1.404
1.495
1.551
1.592
1.629
1.663
1.71
1.706
1.495
1.098
0.789
0.807
1.018
1.163
1.152
1.005
0.803
0.664
0.551
0.397
0.285
0.338
0.508
0.683
0.787
0.828
0.907
0.946
0.787
0.44
0.131
-0.063
-0.281
-0.571
-0.782
-0.841
-0.819
-0.805
-0.941
-1.163
-1.263
-1.197
-1.139
-1.261
-1.565
-1.876
-2.073
-2.114
-2.051
-1.987
-2.019
-2.128
-2.234
-2.338
-2.488
-2.645
-2.76
-2.779
-2.731
-2.717
-2.697
-2.613
-2.488
-2.395
-2.338
-2.345
-2.409
-2.518
-2.665
-2.84
-3.032
-3.178
-3.237
-3.309
-3.525
-3.742
-3.752
-3.568
-3.368
-3.262
-3.214
-3.168
-3.159
-3.205
-3.257
-3.305
-3.368
-3.411
-3.346
-3.132
-2.881
-2.713
-2.638
-2.49
-2.323
-2.309
-2.436
-2.54
-2.554
-2.49
-2.397
-2.3
-2.2
-2.012
-1.774
-1.517
-1.261
-1.089
-1.021
-1.012
-1.064
-1.195
-1.417
-1.703
-1.912
-1.939
-1.873
-1.81
-1.746
-1.638
-1.417
-1.107
-0.843
-0.687
-0.578
-0.447
-0.299
-0.245
-0.347
-0.513
-0.717
-0.998
-1.299
-1.561
-1.785
-1.937
-2.007
-2.091
-2.202
-2.284
-2.307
-2.275
-2.255
-2.273
-2.261
-2.196
-2.168
-2.25
-2.472
-2.831
-3.207
-3.566
-3.906
-4.139
-4.257
-4.26
-4.019
-3.556
-3.096
-2.84
-2.767
-2.81
-2.917
-3.116
-3.357
-3.566
-3.736
-3.917
-4.121
-4.366
-4.702
-5.085
-5.398
-5.519
-5.389
-5.104
-4.827
-4.604
-4.441
-4.405
-4.453
-4.496
-4.555
-4.634
-4.7
-4.729
-4.731
-4.754
-4.847
-4.986
-5.119
-5.196
-5.167
-5.049
-4.956
-4.854
-4.575
-4.117
-3.665
-3.389
-3.346
-3.493
-3.768
-4.144
-4.589
-4.936
-5.049
-4.968
-4.743
-4.412
-4.035
-3.74
-3.588
-3.416
-3.187
-2.985
-2.853
-2.76
-2.706
-2.683
-2.586
-2.395
-2.216
-2.168
-2.15
-1.928
-1.563
-1.354
-1.311
-1.152
-0.848
-0.615
-0.61
-0.649
-0.522
-0.236
0.009
0.111
0.213
0.408
0.633
0.857
1.03
1.041
0.969
1.034
1.229
1.356
1.367
1.388
1.545
1.792
1.926
1.919
1.905
1.932
1.944
1.912
1.771
1.524
1.456
1.814
2.384
2.808
3.144
3.488
3.654
3.498
3.046
2.468
2.062
1.912
1.842
1.819
1.957
2.32
2.792
3.112
3.121
2.892
2.738
2.806
2.822
2.586
2.298
2.121
1.984
1.808
1.545
1.259
1.105
1.123
1.275
1.379
1.27
1.061
1.016
1.084
1.086
1.093
1.293
1.622
1.83
1.914
1.994
2.13
2.252
2.313
2.363
2.422
2.379
2.264
2.221
2.359
2.681
3.121
3.595
4.051
4.462
4.818
5.09
5.176
5.047
4.872
4.856
4.961
5.017
5.094
5.419
6.017
6.609
6.984
7.254
7.594
8.034
8.499
8.862
9.016
9.066
9.128
9.191
9.175
9.107
9.109
9.293
9.563
9.735
9.799
9.824
9.772
9.663
9.615
9.627
9.647
9.758
9.98
10.162
10.237
10.228
10.155
10.069
9.894
9.49
8.955
8.556
8.409
8.381
8.342
8.377
8.545
8.76
8.869
8.78
8.52
8.111
7.601
7.059
6.519
6.077
5.791
5.702
5.807
5.986
6.07
5.954
5.662
5.301
4.956
4.675
4.577
4.6
4.534
4.323
4.13
3.96
3.761
3.563
3.466
3.389
3.269
3.112
2.978
2.851
2.622
2.359
2.252
2.25
2.123
1.887
1.751
1.703
1.59
1.397
1.229
1.057
0.823
0.633
0.624
0.723
0.735
0.662
0.658
0.753
0.714
0.454
0.231
0.138
0.036
-0.159
-0.331
-0.352
-0.233
-0.154
-0.156
-0.156
-0.224
-0.354
-0.349
-0.251
-0.24
-0.29
-0.231
-0.075
-0.004
-0.122
-0.302
-0.336
-0.195
-0.054
-0.045
-0.075
0.041
0.251
0.354
0.295
0.227
0.256
0.32
0.327
0.349
0.483
0.71
0.916
1.012
1.037
1.046
1.057
1.084
1.143
1.184
1.236
1.345
1.456
1.513
1.565
1.694
1.973
2.341
2.588
2.64
2.656
2.763
2.887
2.89
2.815
2.872
3.146
3.541
3.947
4.319
4.57
4.638
4.575
4.557
4.559
4.57
4.693
4.872
4.906
4.799
4.811
5.138
5.505
5.609
5.482
5.305
5.183
5.11
4.958
4.65
4.332
4.137
4.051
4.053
4.119
4.171
4.244
4.478
4.838
5.063
4.936
4.502
4.026
3.552
3.017
2.49
2.041
1.61
1.284
1.209
1.34
1.502
1.606
1.749
1.842
1.762
1.601
1.42
1.15
0.778
0.41
0.168
0.038
-0.05
-0.12
-0.22
-0.342
-0.426
-0.456
-0.483
-0.553
-0.601
-0.522
-0.254
0.077
0.247
0.172
-0.002
-0.111
-0.156
-0.222
-0.34
-0.549
-0.825
-1.027
-1.025
-0.882
-0.721
-0.522
-0.251
0.011
0.249
0.492
0.773
1.016
1.152
1.247
1.329
1.363
1.388
1.404
1.395
1.397
1.44
1.497
1.504
1.524
1.653
1.946
2.313
2.613
2.835
2.992
3.08
3.116
3.139
3.166
3.157
3.042
2.896
2.772
2.692
2.661
2.674
2.758
2.917
3.066
3.141
3.187
3.201
3.139
3.026
2.924
2.806
2.649
2.477
2.406
2.527
2.72
2.86
2.978
3.037
2.896
2.579
2.23
1.966
1.814
1.642
1.479
1.463
1.563
1.701
1.857
1.944
1.96
1.998
2.003
1.896
1.66
1.313
0.934
0.621
0.406
0.267
0.14
0.025
0.045
0.19
0.279
0.281
0.211
0.047
-0.206
-0.535
-0.839
-1.007
-1.052
-1.073
-1.091
-1.114
-1.102
-1.068
-1.207
-1.592
-2.032
-2.386
-2.647
-2.851
-3.032
-3.094
-2.872
-2.404
-1.96
-1.708
-1.681
-1.808
-2.023
-2.386
-2.94
-3.541
-3.96
-4.09
-3.965
-3.695
-3.346
-2.953
-2.574
-2.27
-2.064
-2.021
-2.132
-2.302
-2.425
-2.481
-2.522
-2.556
-2.427
-2.066
-1.672
-1.454
-1.265
-0.989
-0.671
-0.408
-0.222
-0.075
0.027
0.079
0.097
-0.009
-0.172
-0.152
0.129
0.438
0.608
0.739
0.966
1.193
1.268
1.143
1.025
1.071
1.318
1.699
2.069
2.311
2.454
2.563
2.481
2.211
1.957
1.889
1.998
2.162
2.277
2.372
2.427
2.404
2.459
2.576
2.604
2.572
2.751
3.253
3.822
4.108
3.999
3.686
3.312
2.935
2.611
2.465
2.624
3.064
3.715
4.521
5.323
5.798
5.847
5.648
5.378
5.079
4.802
4.654
4.79
5.212
5.666
5.988
6.124
6.17
6.24
6.319
6.444
6.58
6.796
7.131
7.449
7.621
7.619
7.487
7.365
7.34
7.272
7.109
7.079
7.422
7.948
8.338
8.511
8.549
8.64
8.742
8.724
8.701
8.853
9.112
9.366
9.516
9.447
9.189
8.969
8.885
8.814
8.751
8.839
9.114
9.474
9.785
9.937
9.937
9.846
9.652
9.361
9.026
8.769
8.681
8.801
9.139
9.538
9.905
10.212
10.318
10.18
9.908
9.633
9.35
9.007
8.764
8.792
9.05
9.368
9.606
9.756
9.826
9.724
9.443
9.005
8.513
8.129
7.903
7.78
7.696
7.614
7.519
7.506
7.642
7.835
7.934
7.921
7.828
7.639
7.304
6.861
6.369
5.925
5.628
5.498
5.643
6.095
6.705
7.245
7.521
7.467
7.168
6.657
5.875
4.945
4.194
3.777
3.74
3.985
4.28
4.55
4.831
5.056
5.074
4.797
4.305
3.824
3.498
3.318
3.166
3.03
3.019
3.153
3.241
3.159
3.048
2.996
2.962
2.887
2.76
2.631
2.542
2.404
2.141
1.787
1.561
1.762
2.395
2.985
3.171
3.216
3.461
3.72
3.541
2.742
1.674
0.853
0.474
0.37
0.458
0.812
1.443
2.239
3.028
3.498
3.407
2.996
2.64
2.357
2.023
1.767
1.894
2.388
2.885
3.241
3.656
4.135
4.396
4.364
4.239
4.146
4.058
4.153
4.623
5.203
5.503
5.607
5.834
6.161
6.342
6.299
6.224
6.186
5.995
5.607
5.328
5.294
5.367
5.494
5.748
6.172
6.591
6.855
7.045
7.192
7.213
7.102
7.102
7.227
7.19
6.957
6.837
7.093
7.474
7.601
7.528
7.487
7.478
7.404
7.231
7.018
6.914
6.988
7.192
7.381
7.458
7.372
7.243
7.238
7.238
7.013
6.553
6.17
6.031
5.947
5.721
5.526
5.632
5.97
6.279
6.442
6.537
6.596
6.607
6.498
6.242
5.852
5.494
5.305
5.172
5.058
5.033
5.083
5.135
5.158
5.194
5.348
5.566
5.702
5.73
5.657
5.512
5.362
5.224
4.992
4.691
4.536
4.65
4.861
4.89
4.734
4.604
4.648
4.827
5.004
4.972
4.688
4.493
4.743
5.147
5.292
5.208
5.196
5.308
5.339
5.106
4.675
4.355
4.339
4.444
4.421
4.303
4.214
4.246
4.371
4.464
4.378
4.058
3.688
3.396
3.125
2.865
2.763
2.867
2.985
2.858
2.511
2.184
1.982
1.926
2.037
2.225
2.266
2.148
2.026
1.937
1.821
1.706
1.635
1.595
1.583
1.592
1.604
1.615
1.638
1.683
1.715
1.626
1.401
1.073
0.726
0.531
0.599
0.796
0.905
0.864
0.78
0.735
0.651
0.522
0.383
0.233
0.118
0.159
0.333
0.49
0.544
0.438
0.249
0.086
-0.059
-0.295
-0.576
-0.678
-0.528
-0.224
0.066
0.263
0.329
0.285
0.229
0.152
-0.061
-0.433
-0.807
-0.991
-1
-1.048
-1.209
-1.361
-1.411
-1.352
-1.234
-1.066
-0.857
-0.603
-0.331
-0.147
-0.165
-0.34
-0.549
-0.766
-0.966
-1.093
-1.105
-0.975
-0.778
-0.637
-0.63
-0.707
-0.748
-0.803
-1.025
-1.383
-1.678
-1.771
-1.674
-1.567
-1.513
-1.411
-1.265
-1.247
-1.429
-1.755
-2.089
-2.298
-2.382
-2.429
-2.508
-2.524
-2.484
-2.459
-2.477
-2.454
-2.395
-2.345
-2.286
-2.284
-2.359
-2.393
-2.347
-2.325
-2.452
-2.656
-2.794
-2.865
-2.93
-2.958
-2.962
-2.985
-3.046
-3.178
-3.384
-3.586
-3.756
-3.838
-3.793
-3.745
-3.738
-3.697
-3.647
-3.692
-3.736
-3.756
-3.888
-4.148
-4.394
-4.466
-4.337
-4.126
-3.963
-3.863
-3.879
-4.06
-4.38
-4.756
-5.017
-5.029
-4.799
-4.471
-4.332
-4.493
-4.756
-4.872
-4.904
-5.04
-5.283
-5.516
-5.684
-5.802
-5.881
-5.875
-5.77
-5.535
-5.172
-4.827
-4.675
-4.777
-5.06
-5.346
-5.612
-5.911
-6.161
-6.206
-6.059
-5.893
-5.777
-5.623
-5.314
-4.872
-4.561
-4.577
-4.829
-5.217
-5.652
-6.056
-6.435
-6.784
-6.975
-6.873
-6.551
-6.224
-6.033
-5.956
-5.832
-5.682
-5.686
-5.945
-6.344
-6.646
-6.701
-6.637
-6.609
-6.575
-6.476
-6.347
-6.233
-6.192
-6.301
-6.505
-6.623
-6.539
-6.383
-6.297
-6.297
-6.319
-6.378
-6.442
-6.365
-6.12
-5.868
-5.725
-5.673
-5.693
-5.816
-6.008
-6.231
-6.473
-6.635
-6.605
-6.439
-6.299
-6.267
-6.326
-6.435
-6.514
-6.539
-6.58
-6.653
-6.723
-6.784
-6.827
-6.875
-7.016
-7.247
-7.435
-7.429
-7.234
-7.036
-7.004
-7.129
-7.234
-7.165
-6.988
-6.852
-6.857
-6.936
-7.047
-7.24
-7.494
-7.705
-7.832
-7.873
-7.882
-8
-8.132
-8.084
-7.923
-7.817
-7.739
-7.676
-7.76
-7.943
-8.027
-7.928
-7.766
-7.667
-7.596
-7.51
-7.476
-7.562
-7.698
-7.669
-7.342
-6.791
-6.392
-6.315
-6.376
-6.396
-6.326
-6.183
-6.036
-5.961
-5.913
-5.816
-5.709
-5.657
-5.675
-5.662
-5.498
-5.172
-4.77
-4.459
-4.282
-4.162
-4.13
-4.207
-4.289
-4.207
-4.006
-3.77
-3.445
-2.976
-2.522
-2.241
-2.066
-1.907
-1.817
-1.794
-1.744
-1.583
-1.27
-0.903
-0.56
-0.285
-0.106
0.004
0.095
0.211
0.231
0.113
-0.036
-0.018
0.168
0.32
0.34
0.367
0.599
0.962
1.157
1.016
0.841
0.973
1.288
1.508
1.513
1.399
1.286
1.218
1.195
1.161
1.08
1.046
1.116
1.182
1.163
1.116
1.098
1.039
0.957
0.937
1.009
1.139
1.309
1.493
1.629
1.674
1.658
1.565
1.338
1.014
0.823
0.966
1.336
1.642
1.715
1.649
1.626
1.608
1.49
1.277
1.073
0.993
1.073
1.225
1.379
1.515
1.624
1.694
1.719
1.721
1.762
1.792
1.749
1.635
1.524
1.47
1.399
1.259
1.102
0.971
0.864
0.914
1.159
1.411
1.597
1.814
2
1.948
1.61
1.125
0.619
0.179
-0.07
-0.034
0.154
0.327
0.463
0.692
0.993
1.186
1.125
0.837
0.494
0.206
-0.115
-0.442
-0.676
-0.791
-0.805
-0.692
-0.424
-0.134
0.066
0.242
0.395
0.404
0.19
-0.131
-0.426
-0.692
-0.882
-0.887
-0.698
-0.467
-0.256
-0.009
0.311
0.51
0.51
0.397
0.254
0.07
-0.113
-0.236
-0.336
-0.465
-0.569
-0.474
-0.19
0.027
0.072
0.045
0.109
0.265
0.352
0.356
0.365
0.417
0.467
0.451
0.347
0.186
0.086
0.1
0.204
0.361
0.574
0.814
1.055
1.22
1.225
1.134
1.084
1.05
0.998
0.971
0.998
1.107
1.374
1.669
1.783
1.71
1.601
1.572
1.629
1.703
1.805
1.991
2.232
2.44
2.524
2.474
2.352
2.232
2.166
2.234
2.445
2.683
2.833
2.881
2.842
2.713
2.563
2.418
2.221
1.975
1.851
1.946
2.132
2.261
2.309
2.363
2.404
2.332
2.207
2.128
2.146
2.216
2.234
2.159
2.139
2.293
2.45
2.427
2.311
2.209
2.159
2.116
1.996
1.826
1.669
1.545
1.502
1.585
1.701
1.721
1.823
2.209
2.711
3.003
2.96
2.735
2.413
1.946
1.399
1.071
1.007
1.039
1.163
1.406
1.642
1.735
1.742
1.753
1.765
1.726
1.746
1.857
1.862
1.66
1.426
1.372
1.459
1.474
1.286
1.102
1.191
1.511
1.771
1.862
1.871
1.808
1.649
1.572
1.683
1.823
1.894
2.051
2.289
2.393
2.298
2.132
1.939
1.717
1.576
1.606
1.794
1.978
2.06
2.119
2.214
2.354
2.567
2.738
2.704
2.409
1.998
1.681
1.531
1.433
1.322
1.234
1.241
1.361
1.536
1.613
1.576
1.529
1.517
1.624
1.785
1.853
1.789
1.658
1.531
1.436
1.358
1.179
0.821
0.499
0.424
0.526
0.639
0.698
0.653
0.469
0.265
0.261
0.383
0.318
0.054
-0.131
-0.118
-0.05
-0.109
-0.313
-0.619
-0.921
-1.134
-1.297
-1.531
-1.817
-1.964
-1.851
-1.588
-1.284
-1.034
-0.934
-1.05
-1.311
-1.565
-1.71
-1.785
-1.873
-2.039
-2.234
-2.295
-2.232
-2.298
-2.595
-2.86
-2.828
-2.59
-2.359
-2.214
-2.128
-2.082
-2.112
-2.255
-2.445
-2.588
-2.717
-2.887
-3.085
-3.255
-3.328
-3.219
-3.1
-3.155
-3.262
-3.144
-2.79
-2.479
-2.452
-2.583
-2.643
-2.622
-2.733
-3.03
-3.352
-3.6
-3.74
-3.759
-3.736
-3.77
-3.722
-3.414
-3.008
-2.822
-2.833
-2.892
-2.967
-3.137
-3.38
-3.541
-3.55
-3.529
-3.62
-3.717
-3.656
-3.454
-3.257
-3.223
-3.382
-3.668
-3.915
-3.997
-3.954
-3.924
-3.963
-3.931
-3.822
-3.842
-4.11
-4.43
-4.478
-4.212
-3.852
-3.563
-3.445
-3.536
-3.768
-3.981
-4.133
-4.285
-4.403
-4.419
-4.373
-4.362
-4.353
-4.278
-4.128
-3.969
-3.926
-4.037
-4.25
-4.407
-4.471
-4.523
-4.643
-4.779
-4.831
-4.822
-4.856
-5.029
-5.299
-5.514
-5.56
-5.428
-5.249
-5.203
-5.319
-5.503
-5.675
-5.866
-6.138
-6.512
-6.925
-7.188
-7.131
-6.807
-6.469
-6.324
-6.337
-6.39
-6.528
-6.818
-7.161
-7.478
-7.821
-8.163
-8.32
-8.252
-8.186
-8.231
-8.179
-7.916
-7.558
-7.252
-7.109
-7.147
-7.308
-7.501
-7.692
-7.966
-8.356
-8.696
-8.857
-8.81
-8.583
-8.304
-8.025
-7.682
-7.315
-7.045
-6.939
-6.959
-7.095
-7.374
-7.698
-7.984
-8.166
-8.2
-8.136
-8.009
-7.801
-7.503
-7.218
-7.022
-6.97
-7.068
-7.206
-7.302
-7.358
-7.404
-7.374
-7.199
-6.995
-6.9
-6.803
-6.626
-6.496
-6.451
-6.437
-6.426
-6.417
-6.458
-6.571
-6.737
-6.92
-7.009
-6.948
-6.809
-6.66
-6.442
-6.102
-5.764
-5.598
-5.532
-5.505
-5.65
-5.922
-6.152
-6.337
-6.557
-6.757
-6.764
-6.544
-6.276
-6.095
-5.949
-5.786
-5.702
-5.82
-6.042
-6.163
-6.183
-6.142
-6.081
-6.002
-5.9
-5.861
-5.9
-5.997
-6.197
-6.476
-6.737
-6.864
-6.905
-6.979
-7.072
-7.122
-7.156
-7.12
-6.988
-6.841
-6.671
-6.433
-6.195
-6.149
-6.374
-6.723
-7.02
-7.313
-7.599
-7.719
-7.667
-7.549
-7.39
-7.17
-6.943
-6.825
-6.916
-7.147
-7.388
-7.562
-7.639
-7.614
-7.558
-7.474
-7.288
-7.05
-6.871
-6.784
-6.778
-6.886
-7.043
-7.136
-7.156
-7.202
-7.281
-7.268
-7.111
-6.982
-6.952
-6.839
-6.589
-6.41
-6.458
-6.621
-6.705
-6.8
-7.061
-7.342
-7.415
-7.34
-7.283
-7.225
-7.056
-6.75
-6.39
-6.09
-5.838
-5.605
-5.437
-5.444
-5.566
-5.675
-5.693
-5.662
-5.594
-5.469
-5.265
-5.083
-4.952
-4.838
-4.761
-4.768
-4.849
-4.958
-4.961
-4.827
-4.602
-4.23
-3.681
-3.144
-2.794
-2.697
-2.781
-3.003
-3.391
-3.89
-4.36
-4.7
-4.888
-4.852
-4.636
-4.38
-4.121
-3.799
-3.416
-3.078
-2.849
-2.792
-2.94
-3.171
-3.434
-3.863
-4.478
-5.099
-5.512
-5.634
-5.564
-5.378
-4.986
-4.378
-3.82
-3.566
-3.584
-3.829
-4.246
-4.695
-5.131
-5.541
-5.854
-5.909
-5.655
-5.276
-5.002
-4.89
-4.906
-4.888
-4.775
-4.709
-4.756
-4.722
-4.53
-4.326
-4.253
-4.332
-4.5
-4.65
-4.799
-5.017
-5.253
-5.369
-5.323
-5.176
-4.947
-4.641
-4.36
-4.239
-4.257
-4.275
-4.226
-4.151
-4.13
-4.226
-4.362
-4.441
-4.457
-4.407
-4.319
-4.182
-3.865
-3.337
-2.797
-2.404
-2.225
-2.245
-2.361
-2.576
-2.912
-3.235
-3.402
-3.377
-3.15
-2.74
-2.223
-1.685
-1.241
-1.039
-1.043
-1.159
-1.367
-1.581
-1.701
-1.742
-1.742
-1.635
-1.399
-1.154
-0.998
-0.939
-0.959
-1.039
-1.154
-1.227
-1.225
-1.173
-1.066
-0.841
-0.476
-0.129
0.129
0.399
0.712
0.91
0.959
0.878
0.649
0.293
-0.027
-0.145
-0.054
0.131
0.367
0.744
1.225
1.615
1.896
2.114
2.155
1.964
1.706
1.538
1.392
1.227
1.102
1.17
1.531
2.087
2.638
3.071
3.418
3.756
4.031
4.212
4.339
4.491
4.704
4.89
5.024
5.228
5.464
5.646
5.764
5.789
5.732
5.739
5.866
5.965
5.99
6.081
6.31
6.63
6.907
7.045
7.045
6.95
6.816
6.705
6.644
6.587
6.523
6.523
6.591
6.748
6.977
7.222
7.406
7.472
7.433
7.388
7.32
7.124
6.807
6.546
6.487
6.548
6.642
6.769
6.866
6.866
6.871
6.945
6.997
6.88
6.553
6.142
5.895
5.9
6.008
6.029
5.947
5.879
5.943
6.122
6.224
6.124
5.929
5.75
5.528
5.217
4.909
4.713
4.568
4.543
4.722
4.929
5.004
4.968
4.82
4.58
4.309
4.103
3.897
3.606
3.266
3.023
2.976
3.078
3.201
3.173
3.046
2.962
2.912
2.767
2.474
2.109
1.765
1.601
1.672
1.814
1.851
1.769
1.631
1.502
1.474
1.542
1.549
1.34
1.073
0.898
0.687
0.417
0.217
0.077
0.004
0.095
0.327
0.417
0.22
0.025
0.038
0.068
-0.111
-0.465
-0.83
-1.116
-1.263
-1.132
-0.775
-0.476
-0.469
-0.721
-0.946
-0.962
-0.796
-0.547
-0.352
-0.274
-0.265
-0.204
-0.097
-0.145
-0.438
-0.814
-1.064
-1.186
-1.166
-0.896
-0.41
0.1
0.483
0.717
0.837
0.785
0.635
0.551
0.626
0.821
0.984
1.037
1.027
0.996
0.944
0.955
1.125
1.354
1.513
1.622
1.792
2.035
2.259
2.37
2.368
2.23
1.869
1.413
1.129
1.166
1.433
1.857
2.347
2.733
2.919
2.856
2.563
2.1
1.624
1.329
1.261
1.297
1.358
1.404
1.493
1.699
1.969
2.146
2.175
2.073
1.937
1.817
1.581
1.218
0.955
1.003
1.254
1.468
1.556
1.572
1.513
1.424
1.377
1.302
1.084
0.762
0.46
0.249
0.118
-0.013
-0.118
-0.102
0.077
0.304
0.488
0.592
0.578
0.349
-0.032
-0.415
-0.832
-1.345
-1.717
-1.703
-1.493
-1.386
-1.392
-1.381
-1.401
-1.617
-2.019
-2.472
-2.894
-3.289
-3.613
-3.729
-3.672
-3.493
-3.114
-2.563
-2.166
-2.075
-2.096
-2.075
-2.166
-2.479
-2.826
-3.023
-3.085
-3.096
-2.971
-2.67
-2.264
-1.887
-1.651
-1.561
-1.515
-1.459
-1.513
-1.744
-1.991
-2.03
-1.819
-1.588
-1.588
-1.737
-1.717
-1.483
-1.197
-1.021
-1.037
-1.225
-1.417
-1.456
-1.415
-1.386
-1.284
-1.059
-0.73
-0.376
-0.066
0.215
0.479
0.626
0.544
0.272
-0.025
-0.236
-0.392
-0.517
-0.472
-0.245
0.016
0.251
0.395
0.379
0.34
0.449
0.671
0.741
0.637
0.594
0.757
0.982
1.041
0.916
0.717
0.535
0.456
0.515
0.737
1.034
1.252
1.367
1.413
1.32
1.077
0.841
0.728
0.676
0.653
0.769
0.969
1.105
1.145
1.118
0.923
0.483
-0.143
-0.78
-1.318
-1.599
-1.47
-1.023
-0.547
-0.229
-0.12
-0.202
-0.386
-0.612
-0.916
-1.166
-1.247
-1.259
-1.275
-1.238
-1.184
-1.252
-1.404
-1.502
-1.561
-1.647
-1.753
-1.864
-1.921
-1.876
-1.814
-1.932
-2.275
-2.677
-2.942
-3.071
-3.116
-3.071
-2.962
-2.801
-2.636
-2.588
-2.69
-2.851
-2.976
-3.012
-3.023
-3.014
-2.96
-2.878
-2.776
-2.683
-2.69
-2.792
-2.933
-3.044
-3.064
-2.933
-2.672
-2.382
-2.236
-2.379
-2.751
-3.207
-3.731
-4.246
-4.564
-4.609
-4.478
-4.239
-3.87
-3.425
-3.057
-2.883
-2.856
-2.928
-3.042
-3.134
-3.191
-3.185
-3.044
-2.824
-2.638
-2.479
-2.291
-2.105
-1.939
-1.826
-1.719
-1.638
-1.678
-1.851
-2.032
-2.225
-2.391
-2.427
-2.354
-2.259
-2.121
-1.948
-1.812
-1.785
-1.907
-2.216
-2.647
-2.94
-2.967
-2.826
-2.643
-2.375
-1.973
-1.479
-1.057
-0.871
-0.923
-1.066
-1.272
-1.542
-1.805
-2.026
-2.141
-2.141
-2.107
-2.146
-2.243
-2.302
-2.304
-2.334
-2.416
-2.499
-2.561
-2.611
-2.722
-2.856
-2.887
-2.776
-2.636
-2.567
-2.581
-2.647
-2.692
-2.699
-2.781
-2.976
-3.219
-3.439
-3.597
-3.649
-3.575
-3.432
-3.259
-3.13
-3.155
-3.312
-3.475
-3.577
-3.665
-3.752
-3.795
-3.774
-3.745
-3.822
-4.028
-4.309
-4.602
-4.813
-4.863
-4.799
-4.775
-4.806
-4.747
-4.636
-4.668
-4.881
-5.106
-5.183
-5.212
-5.321
-5.423
-5.425
-5.357
-5.283
-5.221
-5.196
-5.172
-5.063
-4.831
-4.6
-4.453
-4.348
-4.13
-3.863
-3.795
-3.985
-4.255
-4.489
-4.761
-5.081
-5.231
-5.038
-4.688
-4.446
-4.319
-4.25
-4.285
-4.382
-4.423
-4.353
-4.146
-3.815
-3.427
-3.107
-3.001
-3.089
-3.253
-3.346
-3.284
-3.132
-3.037
-2.885
-2.561
-2.166
-1.871
-1.758
-1.803
-1.891
-1.923
-1.912
-1.851
-1.737
-1.542
-1.286
-1.005
-0.73
-0.569
-0.587
-0.626
-0.54
-0.361
-0.145
0.115
0.39
0.612
0.757
0.857
0.996
1.193
1.315
1.361
1.488
1.728
2.039
2.354
2.604
2.754
2.819
2.856
2.912
3.017
3.146
3.235
3.289
3.423
3.559
3.552
3.418
3.173
2.826
2.493
2.334
2.363
2.527
2.735
2.906
3.014
3.06
2.955
2.631
2.25
1.971
1.878
1.95
2.048
2.13
2.257
2.347
2.27
2.037
1.751
1.542
1.483
1.522
1.57
1.585
1.563
1.493
1.343
1.118
0.876
0.705
0.633
0.592
0.506
0.397
0.27
0.14
0.109
0.27
0.565
0.841
1.061
1.204
1.231
1.157
1.071
1.064
1.159
1.268
1.347
1.415
1.517
1.715
2.016
2.436
2.912
3.371
3.724
4.001
4.205
4.296
4.305
4.294
4.321
4.425
4.609
4.854
5.138
5.348
5.519
5.816
6.265
6.753
7.197
7.601
8.032
8.438
8.628
8.604
8.61
8.801
9.078
9.23
9.284
9.463
9.794
10.087
10.162
9.994
9.735
9.574
9.604
9.781
9.933
10.005
10.098
10.216
10.234
10.032
9.624
9.171
8.808
8.594
8.526
8.57
8.619
8.538
8.25
7.959
7.896
8.052
8.17
8.111
7.971
7.887
7.78
7.497
6.95
6.249
5.641
5.317
5.28
5.335
5.373
5.457
5.618
5.741
5.691
5.462
5.14
4.827
4.423
3.915
3.516
3.307
3.085
2.745
2.531
2.609
2.874
3.139
3.293
3.305
3.196
3.085
3.017
2.774
2.177
1.408
0.791
0.397
0.127
0.043
0.256
0.707
1.218
1.635
1.839
1.774
1.465
1.059
0.653
0.217
-0.265
-0.678
-0.866
-0.876
-0.726
-0.406
-0.009
0.347
0.488
0.365
0.186
0.093
-0.036
-0.356
-0.669
-0.769
-0.669
-0.492
-0.236
0.14
0.621
1.105
1.47
1.533
1.279
0.9
0.556
0.242
-0.091
-0.395
-0.483
-0.263
0.134
0.531
0.948
1.422
1.857
2.159
2.234
1.973
1.447
0.819
0.254
-0.118
-0.224
-0.102
0.256
0.887
1.699
2.484
3.082
3.448
3.522
3.316
2.93
2.474
1.975
1.545
1.345
1.499
1.98
2.618
3.262
3.91
4.534
4.961
5.063
4.877
4.507
4.09
3.724
3.439
3.289
3.389
3.786
4.364
4.856
5.128
5.283
5.378
5.326
5.058
4.593
4.065
3.629
3.364
3.223
3.166
3.196
3.396
3.77
4.124
4.321
4.391
4.355
4.101
3.613
3.005
2.372
1.837
1.524
1.422
1.456
1.585
1.828
2.241
2.695
2.989
2.992
2.665
2.107
1.531
1.018
0.544
0.206
0.211
0.551
0.957
1.275
1.547
1.751
1.817
1.731
1.356
0.755
0.22
-0.057
-0.129
-0.145
-0.125
0.054
0.408
0.88
1.338
1.769
2.132
2.279
2.177
1.905
1.57
1.309
1.247
1.361
1.545
1.783
2.143
2.474
2.688
2.792
2.74
2.604
2.527
2.463
2.309
2.211
2.325
2.583
2.872
3.176
3.436
3.602
3.679
3.67
3.661
3.711
3.833
3.908
3.763
3.443
3.219
3.187
3.13
2.928
2.833
3.035
3.396
3.643
3.665
3.507
3.278
3.082
2.901
2.615
2.257
2.103
2.266
2.513
2.597
2.59
2.72
2.867
2.799
2.479
2.094
1.864
1.819
1.706
1.406
1.15
1.154
1.383
1.606
1.558
1.343
1.297
1.57
1.846
1.758
1.381
1.111
0.966
0.68
0.149
-0.372
-0.635
-0.671
-0.658
-0.66
-0.671
-0.617
-0.44
-0.206
-0.084
-0.081
-0.036
0.018
-0.127
-0.499
-0.812
-0.785
-0.599
-0.66
-0.966
-1.161
-0.998
-0.673
-0.581
-0.805
-1.052
-1.127
-1.143
-1.25
-1.347
-1.349
-1.234
-0.964
-0.651
-0.488
-0.333
0.011
0.363
0.429
0.22
-0.034
-0.181
-0.288
-0.506
-0.707
-0.739
-0.553
-0.181
0.263
0.664
1.041
1.463
1.828
1.907
1.626
1.268
1.159
1.252
1.277
1.197
1.275
1.674
2.202
2.609
2.944
3.293
3.559
3.62
3.547
3.436
3.221
3.005
2.994
3.155
3.418
3.815
4.423
5.162
5.718
5.904
5.861
5.734
5.476
5.042
4.589
4.285
4.23
4.357
4.602
5.045
5.589
6.042
6.392
6.575
6.498
6.224
5.963
5.834
5.677
5.351
5.045
5.083
5.462
5.859
6.208
6.662
7.12
7.374
7.408
7.286
7.016
6.701
6.485
6.383
6.351
6.476
6.784
7.283
7.857
8.365
8.683
8.755
8.658
8.511
8.365
8.222
8.064
7.914
7.853
7.943
8.179
8.522
8.866
9.107
9.286
9.477
9.579
9.454
9.175
8.942
8.783
8.533
8.24
8.116
8.15
8.284
8.567
8.996
9.325
9.282
8.912
8.515
8.238
8.057
7.851
7.614
7.497
7.576
7.689
7.748
7.855
7.989
7.993
7.846
7.685
7.585
7.487
7.438
7.508
7.655
7.771
7.807
7.741
7.673
7.744
7.846
7.844
7.746
7.589
7.279
6.905
6.626
6.428
6.245
6.136
6.14
6.211
6.29
6.294
6.224
6.167
6.186
6.174
5.999
5.684
5.407
5.292
5.357
5.516
5.648
5.6
5.337
4.961
4.67
4.475
4.357
4.362
4.505
4.67
4.845
5.131
5.355
5.38
5.303
5.192
4.992
4.722
4.466
4.244
4.003
3.831
3.838
4.037
4.326
4.586
4.777
4.881
4.943
4.99
5.008
4.9
4.616
4.4
4.414
4.459
4.36
4.201
4.203
4.425
4.718
4.863
4.754
4.507
4.294
4.071
3.745
3.391
3.203
3.259
3.439
3.602
3.77
3.978
4.155
4.221
4.155
3.978
3.772
3.579
3.357
3.119
2.989
3.03
3.203
3.452
3.777
4.137
4.5
4.747
4.706
4.434
4.178
4.08
4.085
4.09
4.096
4.139
4.21
4.346
4.566
4.854
5.19
5.516
5.68
5.607
5.425
5.226
5.07
5.022
5.031
5.017
5.063
5.278
5.609
5.959
6.297
6.605
6.787
6.698
6.376
5.961
5.634
5.505
5.519
5.632
5.832
6.033
6.269
6.587
6.893
7.136
7.306
7.336
7.204
7.025
6.807
6.564
6.446
6.498
6.569
6.685
6.92
7.186
7.417
7.639
7.864
7.971
7.885
7.698
7.494
7.249
6.986
6.723
6.519
6.455
6.562
6.807
7.081
7.315
7.438
7.447
7.336
7.075
6.657
6.208
5.884
5.773
5.784
5.857
6.038
6.269
6.378
6.371
6.331
6.192
5.881
5.446
5.031
4.652
4.287
4.065
4.119
4.328
4.523
4.72
5.006
5.285
5.425
5.419
5.323
5.14
4.87
4.539
4.201
3.96
3.926
4.056
4.228
4.419
4.584
4.627
4.505
4.298
4.144
4.035
3.842
3.541
3.259
3.035
2.837
2.706
2.667
2.681
2.692
2.661
2.529
2.347
2.184
2.053
1.948
1.88
1.78
1.579
1.322
1.15
1.066
0.955
0.814
0.796
0.869
0.903
0.834
0.714
0.567
0.372
0.145
-0.077
-0.324
-0.576
-0.717
-0.626
-0.297
0.109
0.426
0.624
0.673
0.615
0.449
0.177
-0.206
-0.531
-0.685
-0.658
-0.501
-0.306
-0.143
0.032
0.222
0.302
0.27
0.152
0.032
-0.018
-0.009
-0.068
-0.195
-0.311
-0.347
-0.318
-0.233
-0.109
-0.034
-0.018
-0.023
-0.018
-0.045
-0.143
-0.313
-0.524
-0.757
-0.993
-1.118
-0.991
-0.628
-0.211
0.068
0.159
0.095
-0.061
-0.274
-0.501
-0.726
-0.925
-1.107
-1.241
-1.27
-1.22
-1.125
-0.941
-0.764
-0.714
-0.787
-0.941
-1.175
-1.411
-1.676
-1.95
-2.175
-2.307
-2.325
-2.316
-2.354
-2.32
-2.202
-2.177
-2.279
-2.459
-2.661
-2.813
-2.937
-3.153
-3.402
-3.516
-3.457
-3.325
-3.239
-3.21
-3.196
-3.198
-3.259
-3.507
-3.938
-4.391
-4.727
-4.972
-5.14
-5.212
-5.124
-4.84
-4.419
-4.028
-3.861
-3.91
-4.094
-4.387
-4.704
-4.988
-5.19
-5.26
-5.19
-5.072
-4.911
-4.713
-4.475
-4.221
-4.053
-4.065
-4.248
-4.487
-4.697
-4.863
-5.042
-5.194
-5.24
-5.187
-5.079
-4.936
-4.795
-4.702
-4.654
-4.557
-4.45
-4.439
-4.539
-4.702
-4.888
-5.024
-5.094
-5.088
-4.927
-4.652
-4.389
-4.216
-4.137
-4.162
-4.376
-4.793
-5.196
-5.389
-5.403
-5.371
-5.314
-5.226
-5.169
-5.176
-5.099
-4.829
-4.532
-4.423
-4.507
-4.815
-5.385
-5.956
-6.229
-6.313
-6.36
-6.22
-5.834
-5.378
-5.042
-4.856
-4.827
-4.963
-5.226
-5.584
-6.04
-6.626
-7.158
-7.299
-7.013
-6.598
-6.267
-5.995
-5.734
-5.686
-5.949
-6.371
-6.716
-6.868
-6.846
-6.741
-6.662
-6.628
-6.598
-6.587
-6.614
-6.701
-6.764
-6.671
-6.476
-6.401
-6.562
-6.873
-7.034
-7.031
-7.084
-7.268
-7.463
-7.54
-7.417
-7.247
-7.218
-7.274
-7.211
-7.163
-7.415
-7.878
-8.295
-8.529
-8.479
-8.197
-7.912
-7.801
-7.828
-7.916
-8.172
-8.529
-8.721
-8.592
-8.265
-7.964
-7.757
-7.608
-7.626
-7.903
-8.315
-8.615
-8.74
-8.715
-8.533
-8.263
-8.134
-8.234
-8.349
-8.388
-8.549
-8.882
-9.066
-8.967
-8.737
-8.542
-8.481
-8.508
-8.535
-8.54
-8.56
-8.547
-8.386
-8.129
-7.993
-8.086
-8.129
-7.805
-7.29
-6.988
-6.902
-6.787
-6.551
-6.351
-6.317
-6.378
-6.396
-6.283
-6.004
-5.621
-5.328
-5.265
-5.337
-5.267
-5.04
-4.943
-4.97
-4.836
-4.444
-3.96
-3.52
-3.171
-2.987
-2.978
-3.085
-3.225
-3.207
-2.872
-2.239
-1.585
-1.139
-0.832
-0.66
-0.721
-1.023
-1.293
-1.281
-1.086
-0.914
-0.773
-0.605
-0.429
-0.197
0.113
0.345
0.365
0.263
0.174
0.145
0.204
0.327
0.549
0.823
0.982
0.984
1.012
1.086
1.125
1.125
1.213
1.49
1.853
2.137
2.218
2.166
2.037
1.869
1.694
1.574
1.581
1.805
2.329
2.974
3.432
3.554
3.432
3.212
2.896
2.391
1.848
1.572
1.583
1.626
1.583
1.583
1.839
2.3
2.615
2.67
2.711
2.842
2.919
2.794
2.459
2.073
1.821
1.735
1.697
1.658
1.649
1.826
2.196
2.445
2.325
1.962
1.663
1.531
1.379
1.143
1.014
1.084
1.216
1.247
1.231
1.252
1.204
1.064
0.919
0.753
0.458
0.029
-0.363
-0.544
-0.483
-0.285
-0.095
0.115
0.395
0.59
0.633
0.569
0.408
0.149
-0.118
-0.285
-0.381
-0.592
-0.907
-1.016
-0.848
-0.646
-0.642
-0.705
-0.635
-0.42
-0.231
-0.183
-0.276
-0.39
-0.506
-0.649
-0.816
-0.955
-0.964
-0.828
-0.662
-0.517
-0.342
-0.188
-0.181
-0.318
-0.492
-0.626
-0.703
-0.707
-0.649
-0.51
-0.267
0.016
0.274
0.429
0.454
0.451
0.41
0.131
-0.333
-0.601
-0.49
-0.088
0.349
0.596
0.61
0.522
0.39
0.263
0.159
0.138
0.333
0.685
0.971
1.012
0.871
0.744
0.739
0.737
0.642
0.556
0.63
0.839
1.046
1.209
1.329
1.415
1.504
1.604
1.678
1.789
2.003
2.207
2.27
2.171
2
1.826
1.672
1.574
1.579
1.678
1.812
1.994
2.198
2.416
2.701
2.971
2.955
2.643
2.323
2.143
2.073
2.109
2.241
2.434
2.763
3.107
3.196
3.001
2.808
2.769
2.772
2.583
2.239
2.03
2.132
2.484
2.899
3.207
3.278
3.198
3.057
2.781
2.391
2.164
2.18
2.307
2.343
2.225
2.044
1.939
1.93
2
2.116
2.298
2.495
2.597
2.486
2.225
2.028
1.953
1.862
1.631
1.397
1.411
1.746
2.243
2.658
2.858
2.874
2.788
2.602
2.304
1.916
1.49
1.22
1.263
1.551
1.887
2.155
2.35
2.481
2.561
2.633
2.674
2.599
2.391
2.168
2.071
2.123
2.218
2.23
2.177
2.148
2.15
2.15
2.112
2.005
1.882
1.889
2.057
2.232
2.259
2.005
1.615
1.404
1.533
1.83
2.08
2.243
2.325
2.329
2.284
2.236
2.148
1.937
1.715
1.615
1.597
1.576
1.549
1.538
1.563
1.647
1.735
1.814
1.842
1.733
1.554
1.486
1.565
1.656
1.626
1.449
1.218
1.007
0.862
0.71
0.442
0.195
0.199
0.42
0.603
0.649
0.617
0.535
0.381
0.254
0.211
0.215
0.183
0.115
0.07
0.023
-0.077
-0.236
-0.302
-0.299
-0.383
-0.513
-0.601
-0.73
-0.975
-1.143
-1.066
-0.862
-0.814
-0.975
-1.229
-1.468
-1.597
-1.581
-1.536
-1.635
-1.864
-2.146
-2.429
-2.711
-2.944
-3.048
-3.035
-2.967
-2.885
-2.733
-2.465
-2.148
-1.937
-1.962
-2.209
-2.638
-3.159
-3.759
-4.323
-4.623
-4.468
-4.035
-3.665
-3.534
-3.509
-3.391
-3.123
-2.847
-2.842
-3.241
-3.808
-4.201
-4.328
-4.262
-4.112
-3.94
-3.811
-3.686
-3.432
-3.066
-2.801
-2.776
-2.921
-3.051
-3.15
-3.343
-3.713
-4.094
-4.185
-3.881
-3.407
-3.105
-3.048
-3.028
-2.903
-2.817
-2.955
-3.316
-3.808
-4.201
-4.264
-3.999
-3.527
-3.037
-2.624
-2.391
-2.49
-2.865
-3.284
-3.6
-3.842
-4.096
-4.373
-4.555
-4.582
-4.496
-4.455
-4.416
-4.212
-3.845
-3.624
-3.799
-4.189
-4.561
-4.863
-5.135
-5.439
-5.761
-6.013
-6.07
-5.945
-5.802
-5.673
-5.455
-5.183
-5.104
-5.38
-5.825
-6.165
-6.376
-6.575
-6.694
-6.626
-6.419
-6.26
-6.267
-6.358
-6.385
-6.326
-6.14
-5.961
-5.99
-6.206
-6.394
-6.469
-6.603
-6.877
-7.168
-7.365
-7.401
-7.302
-7.154
-6.97
-6.766
-6.575
-6.487
-6.621
-6.923
-7.195
-7.331
-7.44
-7.635
-7.851
-7.896
-7.76
-7.58
-7.404
-7.299
-7.311
-7.299
-7.24
-7.29
-7.528
-7.789
-7.878
-7.857
-7.875
-7.923
-7.946
-7.959
-7.962
-7.821
-7.533
-7.286
-7.202
-7.24
-7.349
-7.515
-7.762
-8.059
-8.304
-8.42
-8.324
-7.934
-7.392
-6.986
-6.796
-6.71
-6.612
-6.564
-6.71
-7.09
-7.56
-7.957
-8.182
-8.238
-8.222
-8.098
-7.803
-7.392
-6.979
-6.632
-6.347
-6.138
-6.086
-6.235
-6.51
-6.864
-7.317
-7.753
-7.989
-8.002
-7.866
-7.512
-7.007
-6.58
-6.365
-6.26
-6.161
-6.14
-6.36
-6.798
-7.188
-7.376
-7.336
-7.036
-6.526
-6.004
-5.603
-5.369
-5.342
-5.516
-5.791
-6.081
-6.401
-6.714
-6.902
-6.884
-6.673
-6.367
-6.011
-5.541
-5.011
-4.713
-4.765
-5.015
-5.439
-6.113
-6.866
-7.399
-7.76
-8.093
-8.293
-8.148
-7.764
-7.351
-6.945
-6.564
-6.353
-6.41
-6.721
-7.181
-7.612
-7.932
-8.116
-8.129
-8.002
-7.821
-7.596
-7.376
-7.29
-7.385
-7.528
-7.676
-7.912
-8.197
-8.429
-8.56
-8.57
-8.438
-8.225
-7.98
-7.653
-7.293
-7.068
-7.07
-7.274
-7.603
-7.914
-8.141
-8.322
-8.467
-8.397
-8.021
-7.535
-7.09
-6.694
-6.362
-6.136
-6.063
-6.17
-6.385
-6.616
-6.732
-6.648
-6.41
-6.115
-5.811
-5.566
-5.446
-5.485
-5.655
-5.834
-5.915
-5.959
-6.07
-6.24
-6.337
-6.174
-5.745
-5.237
-4.797
-4.439
-4.237
-4.219
-4.337
-4.543
-4.858
-5.253
-5.555
-5.594
-5.355
-4.945
-4.432
-3.926
-3.425
-2.924
-2.524
-2.309
-2.313
-2.465
-2.681
-2.928
-3.159
-3.325
-3.382
-3.42
-3.461
-3.466
-3.509
-3.652
-3.808
-3.874
-3.895
-3.938
-4.042
-4.164
-4.18
-4.099
-4.046
-4.046
-4.035
-4.031
-4.103
-4.291
-4.53
-4.736
-4.913
-5.029
-4.963
-4.815
-4.736
-4.634
-4.378
-4.06
-3.926
-4.033
-4.205
-4.339
-4.577
-4.988
-5.416
-5.791
-6.129
-6.324
-6.26
-5.995
-5.666
-5.342
-4.956
-4.514
-4.278
-4.416
-4.704
-4.954
-5.235
-5.523
-5.684
-5.557
-5.169
-4.652
-4.23
-3.969
-3.806
-3.749
-3.901
-4.232
-4.548
-4.602
-4.446
-4.303
-4.23
-4.099
-3.931
-3.824
-3.788
-3.79
-3.876
-3.992
-4.035
-3.972
-3.872
-3.795
-3.674
-3.457
-3.144
-2.817
-2.558
-2.354
-2.125
-1.86
-1.647
-1.554
-1.522
-1.542
-1.561
-1.495
-1.363
-1.281
-1.159
-0.839
-0.474
-0.311
-0.365
-0.485
-0.662
-0.982
-1.404
-1.622
-1.493
-1.184
-0.896
-0.671
-0.413
-0.115
0.102
0.106
-0.059
-0.231
-0.308
-0.342
-0.422
-0.513
-0.479
-0.233
0.161
0.526
0.789
1.08
1.524
1.932
2.035
1.889
1.694
1.504
1.331
1.306
1.415
1.561
1.746
1.998
2.137
2.041
1.907
1.855
1.78
1.624
1.522
1.592
1.799
2.071
2.409
2.797
3.134
3.418
3.711
3.897
3.888
3.883
4.017
4.219
4.428
4.641
4.836
4.992
5.162
5.419
5.75
6.008
6.145
6.22
6.263
6.31
6.358
6.315
6.163
6.052
6.002
6.013
6.099
6.174
6.204
6.24
6.333
6.399
6.383
6.401
6.492
6.521
6.471
6.526
6.803
7.122
7.274
7.333
7.288
7.063
6.809
6.744
6.793
6.703
6.473
6.36
6.428
6.526
6.571
6.596
6.626
6.623
6.557
6.415
6.154
5.757
5.362
5.174
5.169
5.133
4.997
4.877
4.865
4.97
5.187
5.444
5.541
5.305
4.863
4.478
4.298
4.23
4.128
3.963
3.852
3.915
4.069
4.06
3.84
3.556
3.291
3.032
2.776
2.474
2.191
2.107
2.307
2.622
2.815
2.781
2.536
2.234
2.005
1.833
1.629
1.297
0.921
0.703
0.76
1.071
1.399
1.565
1.581
1.533
1.513
1.49
1.397
1.231
1.059
0.925
0.885
0.939
0.907
0.705
0.585
0.753
0.987
0.934
0.594
0.229
-0.027
-0.193
-0.302
-0.392
-0.41
-0.274
0.016
0.363
0.707
0.991
1.034
0.746
0.299
-0.059
-0.233
-0.285
-0.276
-0.22
-0.113
0.118
0.488
0.821
0.991
1.009
0.894
0.667
0.451
0.365
0.333
0.272
0.199
0.233
0.476
0.791
0.948
0.928
0.855
0.862
0.975
1.145
1.195
0.984
0.685
0.612
0.889
1.354
1.753
2.032
2.307
2.609
2.797
2.776
2.533
2.114
1.599
1.197
1.071
1.168
1.365
1.613
1.944
2.336
2.674
2.815
2.72
2.434
2.026
1.565
1.139
0.723
0.256
-0.115
-0.165
0.174
0.737
1.293
1.615
1.674
1.649
1.592
1.445
1.159
0.762
0.376
0.161
0.206
0.426
0.633
0.744
0.907
1.095
1.059
0.678
0.063
-0.569
-1.064
-1.392
-1.579
-1.57
-1.361
-1.03
-0.68
-0.392
-0.208
-0.188
-0.406
-0.853
-1.454
-2.039
-2.468
-2.756
-2.935
-2.937
-2.731
-2.347
-1.842
-1.424
-1.231
-1.111
-0.966
-0.989
-1.27
-1.651
-2
-2.255
-2.357
-2.275
-2.071
-1.819
-1.556
-1.356
-1.275
-1.304
-1.377
-1.506
-1.717
-1.957
-2.13
-2.157
-2.016
-1.726
-1.356
-0.98
-0.549
-0.054
0.29
0.322
0.14
-0.093
-0.299
-0.479
-0.601
-0.646
-0.583
-0.376
-0.079
0.217
0.501
0.753
0.88
0.855
0.741
0.646
0.533
0.313
0.013
-0.24
-0.281
-0.05
0.324
0.608
0.737
0.85
0.978
1.043
0.959
0.698
0.299
-0.118
-0.388
-0.497
-0.542
-0.476
-0.183
0.186
0.444
0.664
0.921
1.125
1.197
1.154
1.046
0.885
0.719
0.571
0.444
0.374
0.444
0.603
0.678
0.556
0.318
0.125
-0.036
-0.211
-0.356
-0.465
-0.49
-0.361
-0.154
0.032
0.177
0.295
0.302
0.17
-0.066
-0.333
-0.51
-0.576
-0.617
-0.737
-0.876
-0.964
-1.046
-1.202
-1.413
-1.554
-1.626
-1.663
-1.683
-1.687
-1.619
-1.411
-1.148
-0.98
-0.991
-1.105
-1.195
-1.268
-1.379
-1.565
-1.808
-2
-2.071
-2.128
-2.245
-2.336
-2.268
-2.078
-1.916
-1.903
-1.957
-1.984
-2.023
-2.15
-2.307
-2.402
-2.388
-2.343
-2.359
-2.382
-2.357
-2.352
-2.47
-2.722
-3.064
-3.466
-3.847
-4.058
-4.092
-4.049
-3.881
-3.518
-3.057
-2.704
-2.452
-2.205
-2.016
-2.078
-2.393
-2.794
-3.139
-3.402
-3.552
-3.6
-3.6
-3.525
-3.307
-2.958
-2.606
-2.368
-2.216
-2.098
-2.064
-2.214
-2.515
-2.817
-3.03
-3.123
-3.062
-2.919
-2.747
-2.486
-2.137
-1.751
-1.449
-1.37
-1.502
-1.765
-2.112
-2.479
-2.79
-2.974
-3.008
-2.881
-2.643
-2.402
-2.187
-1.984
-1.83
-1.78
-1.914
-2.184
-2.438
-2.588
-2.672
-2.758
-2.801
-2.695
-2.531
-2.409
-2.273
-2.187
-2.184
-2.187
-2.175
-2.282
-2.62
-3.11
-3.572
-3.888
-4.142
-4.387
-4.466
-4.155
-3.373
-2.327
-1.417
-0.846
-0.549
-0.653
-1.39
-2.688
-4.09
-5.09
-5.512
-5.423
-4.924
-4.137
-3.201
-2.338
-1.873
-1.989
-2.47
-2.985
-3.443
-3.874
-4.25
-4.475
-4.521
-4.4
-4.255
-4.298
-4.536
-4.645
-4.394
-4.024
-3.867
-3.867
-3.759
-3.64
-3.822
-4.26
-4.65
-4.765
-4.704
-4.629
-4.532
-4.378
-4.135
-3.872
-3.681
-3.656
-3.779
-3.886
-3.84
-3.636
-3.325
-2.908
-2.484
-2.223
-2.245
-2.504
-2.851
-3.148
-3.339
-3.414
-3.298
-2.958
-2.395
-1.751
-1.218
-0.98
-1.003
-1.207
-1.601
-2.187
-2.654
-2.717
-2.431
-1.957
-1.417
-0.905
-0.497
-0.288
-0.297
-0.449
-0.646
-0.807
-0.848
-0.755
-0.501
-0.013
0.603
1.118
1.349
1.279
1.071
0.878
0.673
0.551
0.712
1.145
1.663
2.062
2.218
2.071
1.808
1.78
2.046
2.293
2.425
2.633
3.017
3.328
3.189
2.756
2.504
2.57
2.738
2.837
2.933
3.212
3.688
4.155
4.337
4.049
3.457
2.903
2.461
1.96
1.549
1.556
2.009
2.547
2.881
3.053
3.103
2.974
2.747
2.511
2.366
2.4
2.572
2.74
2.797
2.733
2.665
2.62
2.554
2.45
2.37
2.459
2.767
3.15
3.507
3.874
4.289
4.661
4.702
4.346
4.028
4.06
4.275
4.466
4.67
4.999
5.428
5.777
5.895
5.827
5.702
5.716
5.972
6.292
6.507
6.673
6.986
7.363
7.508
7.381
7.24
7.286
7.397
7.474
7.626
7.898
8.204
8.456
8.585
8.604
8.61
8.758
8.962
8.96
8.771
8.626
8.628
8.631
8.585
8.56
8.615
8.78
9.012
9.157
9.121
8.962
8.828
8.76
8.631
8.531
8.497
8.32
7.939
7.574
7.356
7.183
7.009
6.963
7.045
7.059
6.886
6.694
6.573
6.34
5.922
5.56
5.405
5.294
5.117
5.022
5.104
5.228
5.278
5.221
5.022
4.598
4.015
3.615
3.55
3.638
3.674
3.638
3.602
3.588
3.538
3.323
2.885
2.431
2.114
2
2.007
2.012
2.012
2.021
2.066
2.139
2.109
1.935
1.76
1.737
1.796
1.794
1.678
1.531
1.459
1.417
1.279
1.163
1.231
1.456
1.692
1.885
1.973
1.887
1.683
1.508
1.263
0.825
0.408
0.311
0.483
0.624
0.68
0.78
0.914
0.928
0.714
0.399
0.179
0.054
-0.002
0.057
0.183
