Unnamed: 3
Value
-0.066
0.027
0.079
0.077
-0.002
-0.15
-0.286
-0.386
-0.483
-0.621
-0.73
-0.733
-0.689
-0.694
-0.655
-0.497
-0.322
-0.224
-0.166
-0.159
-0.17
-0.15
-0.141
-0.166
-0.234
-0.293
-0.279
-0.191
-0.2
-0.336
-0.413
-0.438
-0.499
-0.585
-0.617
-0.624
-0.626
-0.594
-0.535
-0.485
-0.444
-0.408
-0.395
-0.413
-0.433
-0.44
-0.463
-0.481
-0.429
-0.324
-0.27
-0.274
-0.281
-0.236
-0.159
-0.084
-0.054
-0.066
-0.097
-0.122
-0.12
-0.163
-0.274
-0.354
-0.37
-0.377
-0.331
-0.227
-0.127
-0.045
0.029
0.118
0.206
0.286
0.377
0.49
0.603
0.701
0.778
0.776
0.68
0.61
0.565
0.433
0.234
0.041
-0.086
-0.147
-0.127
-0.011
0.15
0.313
0.469
0.655
0.857
1.005
1.043
1.061
1.077
1.034
0.948
0.869
0.758
0.606
0.449
0.324
0.238
0.202
0.191
0.15
0.091
0.088
0.122
0.091
0.075
0.172
0.274
0.315
0.302
0.256
0.204
0.166
0.127
0.057
-0.095
-0.322
-0.49
-0.533
-0.535
-0.547
-0.535
-0.522
-0.499
-0.431
-0.352
-0.342
-0.399
-0.474
-0.506
-0.513
-0.574
-0.73
-0.866
-0.925
-0.973
-1.041
-1.048
-0.98
-0.894
-0.832
-0.787
-0.771
-0.767
-0.737
-0.667
-0.592
-0.526
-0.458
-0.433
-0.485
-0.517
-0.499
-0.519
-0.612
-0.694
-0.751
-0.816
-0.873
-0.857
-0.778
-0.687
-0.615
-0.538
-0.413
-0.265
-0.211
-0.256
-0.27
-0.227
-0.215
-0.247
-0.308
-0.374
-0.408
-0.431
-0.467
-0.481
-0.429
-0.329
-0.261
-0.293
-0.347
-0.352
-0.347
-0.295
-0.222
-0.213
-0.252
-0.258
-0.224
-0.22
-0.252
-0.27
-0.286
-0.274
-0.288
-0.336
-0.363
-0.329
-0.288
-0.302
-0.34
-0.372
-0.39
-0.399
-0.431
-0.483
-0.542
-0.619
-0.714
-0.816
-0.896
-0.916
-0.905
-0.948
-0.946
-0.853
-0.719
-0.601
-0.578
-0.685
-0.801
-0.841
-0.907
-1.071
-1.238
-1.327
-1.365
-1.372
-1.404
-1.497
-1.565
-1.551
-1.508
-1.52
-1.583
-1.62
-1.545
-1.365
-1.168
-1.039
-1.005
-0.996
-0.91
-0.803
-0.801
-0.882
-0.957
-1.03
-1.13
-1.25
-1.352
-1.402
-1.413
-1.388
-1.325
-1.213
-1.098
-1.002
-0.894
-0.749
-0.651
-0.615
-0.606
-0.599
-0.585
-0.567
-0.51
-0.442
-0.408
-0.401
-0.365
-0.32
-0.329
-0.413
-0.524
-0.592
-0.54
-0.413
-0.336
-0.299
-0.261
-0.215
-0.143
-0.097
-0.12
-0.2
-0.249
-0.256
-0.299
-0.358
-0.397
-0.413
-0.401
-0.37
-0.324
-0.258
-0.206
-0.168
-0.147
-0.184
-0.245
-0.293
-0.329
-0.386
-0.449
-0.508
-0.576
-0.63
-0.66
-0.705
-0.764
-0.807
-0.855
-0.928
-1.023
-1.157
-1.247
-1.277
-1.309
-1.352
-1.365
-1.336
-1.352
-1.418
-1.497
-1.542
-1.588
-1.626
-1.633
-1.635
-1.665
-1.699
-1.694
-1.694
-1.717
-1.756
-1.815
-1.883
-1.96
-2.039
-2.168
-2.298
-2.391
-2.456
-2.497
-2.513
-2.518
-2.49
-2.436
-2.366
-2.304
-2.252
-2.212
-2.209
-2.255
-2.304
-2.343
-2.373
-2.402
-2.425
-2.434
-2.423
-2.425
-2.479
-2.55
-2.574
-2.572
-2.599
-2.638
-2.658
-2.64
-2.586
-2.518
-2.434
-2.341
-2.234
-2.1
-1.967
-1.867
-1.787
-1.756
-1.751
-1.746
-1.751
-1.835
-1.967
-2.044
-2.035
-1.976
-1.928
-1.885
-1.824
-1.74
-1.667
-1.599
-1.526
-1.411
-1.288
-1.179
-1.107
-1.064
-1.037
-0.998
-0.923
-0.828
-0.742
-0.68
-0.669
-0.71
-0.801
-0.896
-0.955
-0.98
-0.95
-0.903
-0.878
-0.862
-0.826
-0.826
-0.891
-0.939
-0.91
-0.857
-0.787
-0.724
-0.683
-0.624
-0.533
-0.454
-0.42
-0.422
-0.42
-0.42
-0.469
-0.574
-0.678
-0.762
-0.819
-0.851
-0.889
-0.887
-0.871
-0.887
-0.885
-0.857
-0.857
-0.885
-0.887
-0.869
-0.857
-0.846
-0.839
-0.787
-0.712
-0.683
-0.701
-0.742
-0.724
-0.665
-0.683
-0.853
-0.996
-1.016
-0.993
-1.025
-1.068
-1.043
-0.93
-0.776
-0.687
-0.649
-0.642
-0.651
-0.66
-0.68
-0.726
-0.753
-0.755
-0.771
-0.803
-0.837
-0.837
-0.762
-0.689
-0.633
-0.544
-0.467
-0.415
-0.331
-0.231
-0.197
-0.175
-0.086
0.041
0.1
0.088
0.129
0.2
0.206
0.186
0.181
0.204
0.247
0.288
0.286
0.256
0.272
0.336
0.438
0.585
0.742
0.9
1.014
1.08
1.127
1.191
1.241
1.245
1.232
1.268
1.322
1.311
1.261
1.225
1.213
1.234
1.238
1.223
1.257
1.352
1.468
1.52
1.486
1.443
1.465
1.526
1.526
1.499
1.506
1.526
1.56
1.638
1.692
1.681
1.66
1.683
1.715
1.697
1.644
1.654
1.676
1.69
1.669
1.624
1.588
1.588
1.585
1.54
1.477
1.443
1.438
1.463
1.49
1.517
1.606
1.66
1.62
1.585
1.615
1.644
1.658
1.679
1.737
1.762
1.751
1.787
1.803
1.74
1.649
1.57
1.526
1.54
1.581
1.576
1.502
1.452
1.508
1.635
1.715
1.735
1.783
1.867
1.957
2.028
2.053
1.992
1.953
1.973
2.003
1.978
1.894
1.887
1.971
2.005
2.023
2.046
2.019
1.982
2.023
2.098
2.096
2.044
2.016
2.071
2.184
2.221
2.237
2.334
2.42
2.454
2.466
2.427
2.329
2.284
2.323
2.354
2.327
2.341
2.45
2.534
2.552
2.568
2.631
2.69
2.751
2.799
2.783
2.713
2.633
2.559
2.538
2.55
2.531
2.565
2.695
2.817
2.874
2.908
2.937
3.003
3.078
3.076
3.026
2.951
2.94
2.994
2.962
2.831
2.747
2.72
2.697
2.676
2.649
2.604
2.586
2.599
2.561
2.497
2.5
2.525
2.54
2.545
2.518
2.438
2.409
2.441
2.459
2.407
2.323
2.3
2.327
2.318
2.291
2.232
2.132
2.069
2.075
2.082
2.064
2.051
2.057
2.066
2.051
1.946
1.828
1.842
1.905
1.894
1.84
1.778
1.744
1.765
1.79
1.751
1.703
1.719
1.835
1.978
2.028
2.03
2.06
2.044
1.932
1.781
1.644
1.558
1.508
1.434
1.345
1.286
1.257
1.307
1.461
1.567
1.565
1.592
1.712
1.837
1.91
1.928
1.939
2.001
2.06
2.066
2.032
1.989
2.019
2.103
2.064
1.923
1.874
1.937
1.998
2.037
2.035
1.987
1.969
2.016
2.044
2.062
2.123
2.216
2.327
2.434
2.497
2.5
2.493
2.529
2.55
2.52
2.47
2.479
2.545
2.611
2.633
2.584
2.509
2.536
2.647
2.706
2.658
2.581
2.572
2.597
2.547
2.398
2.289
2.3
2.302
2.264
2.239
2.255
2.302
2.393
2.488
2.554
2.577
2.586
2.629
2.701
2.758
2.801
2.763
2.633
2.604
2.656
2.627
2.461
2.293
2.243
2.259
2.241
2.175
2.168
2.3
2.45
2.57
2.711
2.828
2.922
3.012
3.039
2.971
2.89
2.862
2.883
2.887
2.842
2.81
2.79
2.726
2.681
2.676
2.627
2.57
2.593
2.627
2.62
2.631
2.665
2.692
2.776
2.837
2.826
2.869
2.951
2.99
2.971
2.919
2.869
2.842
2.851
2.887
2.903
2.872
2.887
2.987
3.021
2.953
2.908
2.869
2.804
2.763
2.731
2.676
2.627
2.565
2.506
2.54
2.597
2.597
2.651
2.783
2.901
2.942
2.924
2.908
2.956
3.062
3.146
3.137
3.033
2.953
2.94
2.872
2.674
2.481
2.373
2.357
2.343
2.273
2.205
2.239
2.329
2.402
2.502
2.59
2.642
2.754
2.91
2.933
2.79
2.642
2.633
2.695
2.681
2.568
2.454
2.438
2.47
2.454
2.402
2.366
2.329
2.3
2.277
2.237
2.173
2.175
2.277
2.357
2.357
2.314
2.334
2.42
2.463
2.4
2.314
2.259
2.218
2.162
2.112
2.048
1.989
1.969
1.987
2.028
2.046
2.03
2.023
2.046
2.062
2.016
1.883
1.76
1.792
1.896
1.889
1.819
1.853
1.976
2.107
2.209
2.257
2.232
2.2
2.159
2.1
2.041
1.951
1.865
1.865
1.874
1.835
1.812
1.817
1.792
1.794
1.803
1.751
1.715
1.783
1.908
1.987
2.019
2.064
2.098
2.087
2.114
2.205
2.182
1.985
1.821
1.753
1.658
1.502
1.372
1.334
1.361
1.372
1.345
1.291
1.238
1.207
1.225
1.243
1.179
1.096
1.096
1.143
1.123
1.061
1.03
1.034
1.064
1.071
0.989
0.855
0.755
0.71
0.64
0.499
0.426
0.51
0.608
0.603
0.535
0.508
0.54
0.59
0.587
0.553
0.524
0.481
0.41
0.336
0.258
0.179
0.188
0.293
0.363
0.392
0.422
0.433
0.472
0.526
0.551
0.54
0.531
0.544
0.556
0.547
0.51
0.501
0.547
0.576
0.612
0.633
0.569
0.469
0.422
0.397
0.361
0.381
0.442
0.524
0.581
0.626
0.665
0.655
0.581
0.513
0.51
0.488
0.397
0.342
0.363
0.413
0.449
0.469
0.506
0.599
0.694
0.724
0.671
0.606
0.576
0.574
0.533
0.474
0.469
0.508
0.517
0.499
0.49
0.488
0.469
0.456
0.433
0.372
0.288
0.243
0.238
0.202
0.1
0.059
0.159
0.317
0.435
0.503
0.503
0.429
0.379
0.361
0.32
0.222
0.122
0.088
0.122
0.202
0.297
0.345
0.356
0.424
0.479
0.39
0.184
0.002
-0.091
-0.168
-0.27
-0.374
-0.408
-0.367
-0.293
-0.243
-0.222
-0.263
-0.333
-0.34
-0.295
-0.342
-0.447
-0.499
-0.485
-0.463
-0.488
-0.519
-0.515
-0.497
-0.513
-0.594
-0.705
-0.787
-0.801
-0.812
-0.857
-0.889
-0.891
-0.887
-0.885
-0.903
-0.928
-0.93
-0.905
-0.912
-0.966
-1.03
-1.034
-0.991
-0.982
-1.039
-1.114
-1.109
-1.05
-1.041
-1.048
-1.052
-1.071
-1.064
-1.037
-1.098
-1.211
-1.266
-1.218
-1.116
-1.057
-1.055
-0.993
-0.839
-0.726
-0.758
-0.91
-1.041
-1.046
-1.009
-1.041
-1.109
-1.08
-0.919
-0.737
-0.669
-0.733
-0.835
-0.903
-0.991
-1.166
-1.347
-1.415
-1.359
-1.272
-1.266
-1.345
-1.399
-1.336
-1.218
-1.209
-1.302
-1.34
-1.234
-1.093
-1.08
-1.202
-1.302
-1.307
-1.268
-1.241
-1.268
-1.313
-1.309
-1.275
-1.275
-1.313
-1.379
-1.434
-1.493
-1.565
-1.631
-1.672
-1.644
-1.563
-1.474
-1.393
-1.325
-1.25
-1.236
-1.309
-1.347
-1.316
-1.293
-1.3
-1.304
-1.266
-1.207
-1.152
-1.109
-1.111
-1.15
-1.216
-1.252
-1.266
-1.25
-1.227
-1.241
-1.279
-1.311
-1.291
-1.211
-1.145
-1.121
-1.098
-1.034
-0.939
-0.898
-0.948
-1.041
-1.111
-1.154
-1.182
-1.216
-1.241
-1.22
-1.161
-1.086
-1.071
-1.15
-1.257
-1.32
-1.322
-1.336
-1.372
-1.365
-1.327
-1.247
-1.105
-0.996
-0.982
-1.005
-1.041
-1.068
-1.125
-1.229
-1.354
-1.429
-1.431
-1.406
-1.404
-1.418
-1.424
-1.409
-1.393
-1.404
-1.465
-1.538
-1.556
-1.517
-1.502
-1.551
-1.622
-1.633
-1.61
-1.585
-1.601
-1.681
-1.769
-1.79
-1.794
-1.862
-1.971
-2.037
-2.007
-1.944
-1.935
-1.957
-1.96
-1.914
-1.898
-1.967
-2.103
-2.207
-2.246
-2.282
-2.373
-2.477
-2.509
-2.47
-2.432
-2.477
-2.586
-2.627
-2.618
-2.611
-2.667
-2.758
-2.792
-2.72
-2.606
-2.574
-2.631
-2.665
-2.588
-2.459
-2.443
-2.543
-2.649
-2.667
-2.642
-2.649
-2.749
-2.858
-2.869
-2.817
-2.785
-2.736
-2.661
-2.565
-2.481
-2.427
-2.398
-2.42
-2.479
-2.572
-2.681
-2.76
-2.745
-2.681
-2.651
-2.642
-2.586
-2.434
-2.266
-2.207
-2.261
-2.332
-2.316
-2.212
-2.121
-2.155
-2.239
-2.264
-2.216
-2.15
-2.148
-2.227
-2.336
-2.402
-2.398
-2.418
-2.481
-2.515
-2.463
-2.379
-2.334
-2.3
-2.266
-2.241
-2.246
-2.25
-2.284
-2.345
-2.398
-2.475
-2.606
-2.701
-2.713
-2.665
-2.656
-2.708
-2.745
-2.717
-2.667
-2.638
-2.661
-2.72
-2.731
-2.681
-2.645
-2.651
-2.729
-2.862
-2.906
-2.826
-2.824
-2.933
-3.067
-3.142
-3.139
-3.16
-3.239
-3.28
-3.239
-3.162
-3.094
-3.108
-3.162
-3.157
-3.13
-3.135
-3.153
-3.18
-3.219
-3.253
-3.303
-3.389
-3.493
-3.527
-3.464
-3.362
-3.316
-3.332
-3.337
-3.309
-3.309
-3.368
-3.434
-3.464
-3.47
-3.448
-3.42
-3.439
-3.457
-3.4
-3.33
-3.339
-3.395
-3.43
-3.47
-3.532
-3.609
-3.668
-3.72
-3.72
-3.668
-3.606
-3.577
-3.548
-3.482
-3.427
-3.416
-3.443
-3.43
-3.371
-3.318
-3.303
-3.273
-3.248
-3.28
-3.334
-3.3
-3.244
-3.305
-3.418
-3.482
-3.509
-3.523
-3.541
-3.559
-3.563
-3.527
-3.418
-3.282
-3.187
-3.16
-3.128
-3.098
-3.089
-3.076
-3.096
-3.173
-3.214
-3.173
-3.123
-3.123
-3.148
-3.144
-3.096
-3.035
-3.03
-3.035
-3.03
-3.064
-3.13
-3.117
-3.028
-2.99
-3.023
-3.035
-2.992
-2.944
-2.924
-2.951
-3.012
-3.087
-3.148
-3.187
-3.212
-3.216
-3.216
-3.255
-3.275
-3.212
-3.123
-3.121
-3.178
-3.225
-3.223
-3.257
-3.359
-3.448
-3.484
-3.504
-3.491
-3.425
-3.346
-3.337
-3.371
-3.318
-3.248
-3.266
-3.337
-3.393
-3.475
-3.579
-3.647
-3.659
-3.697
-3.77
-3.817
-3.824
-3.797
-3.772
-3.779
-3.824
-3.822
-3.706
-3.57
-3.539
-3.541
-3.504
-3.443
-3.386
-3.375
-3.398
-3.391
-3.38
-3.443
-3.514
-3.525
-3.543
-3.572
-3.57
-3.534
-3.536
-3.541
-3.484
-3.427
-3.439
-3.452
-3.368
-3.275
-3.275
-3.312
-3.303
-3.282
-3.287
-3.289
-3.3
-3.316
-3.25
-3.137
-3.103
-3.151
-3.185
-3.164
-3.148
-3.157
-3.155
-3.121
-3.064
-2.996
-2.931
-2.853
-2.795
-2.792
-2.756
-2.711
-2.756
-2.822
-2.828
-2.804
-2.801
-2.776
-2.708
-2.611
-2.55
-2.547
-2.57
-2.581
-2.611
-2.645
-2.695
-2.751
-2.733
-2.663
-2.631
-2.647
-2.629
-2.599
-2.559
-2.522
-2.49
-2.436
-2.377
-2.366
-2.366
-2.336
-2.373
-2.468
-2.479
-2.418
-2.443
-2.497
-2.529
-2.565
-2.629
-2.683
-2.692
-2.717
-2.77
-2.804
-2.815
-2.826
-2.81
-2.729
-2.67
-2.681
-2.642
-2.563
-2.57
-2.631
-2.633
-2.622
-2.647
-2.679
-2.654
-2.602
-2.572
-2.552
-2.538
-2.572
-2.638
-2.645
-2.656
-2.713
-2.745
-2.729
-2.672
-2.606
-2.563
-2.536
-2.461
-2.373
-2.345
-2.386
-2.429
-2.475
-2.484
-2.429
-2.398
-2.4
-2.402
-2.354
-2.291
-2.232
-2.168
-2.091
-1.976
-1.889
-1.883
-1.86
-1.808
-1.83
-1.898
-1.88
-1.808
-1.765
-1.744
-1.712
-1.701
-1.708
-1.697
-1.669
-1.667
-1.733
-1.746
-1.61
-1.44
-1.39
-1.379
-1.338
-1.279
-1.261
-1.295
-1.334
-1.363
-1.359
-1.359
-1.42
-1.47
-1.508
-1.549
-1.545
-1.499
-1.463
-1.434
-1.402
-1.388
-1.406
-1.436
-1.461
-1.418
-1.372
-1.436
-1.522
-1.504
-1.463
-1.481
-1.556
-1.622
-1.61
-1.522
-1.456
-1.456
-1.486
-1.443
-1.379
-1.309
-1.216
-1.188
-1.238
-1.223
-1.125
-1.093
-1.161
-1.227
-1.225
-1.166
-1.13
-1.143
-1.121
-1.082
-1.093
-1.052
-0.914
-0.821
-0.807
-0.819
-0.839
-0.841
-0.792
-0.735
-0.724
-0.721
-0.689
-0.694
-0.73
-0.739
-0.73
-0.699
-0.617
-0.528
-0.467
-0.465
-0.524
-0.574
-0.576
-0.596
-0.628
-0.601
-0.583
-0.601
-0.535
-0.395
-0.317
-0.338
-0.392
-0.413
-0.365
-0.304
-0.293
-0.274
-0.193
-0.079
-0.011
0.048
0.059
-0.011
-0.082
-0.059
-0.048
-0.1
-0.122
-0.082
0.002
0.052
0.063
0.075
0.072
0.075
0.134
0.283
0.383
0.388
0.417
0.469
0.465
0.44
0.444
0.479
0.538
0.628
0.685
0.676
0.717
0.792
0.796
0.778
0.776
0.764
0.73
0.699
0.683
0.726
0.798
0.832
0.848
0.826
0.78
0.792
0.869
0.928
0.923
0.923
0.982
1.077
1.148
1.173
1.184
1.198
1.207
1.148
1.043
0.984
0.928
0.896
0.982
1.1
1.132
1.086
1.032
1.005
1.032
1.08
1.059
1.005
0.966
0.973
1.071
1.166
1.184
1.166
1.179
1.234
1.291
1.254
1.164
1.154
1.25
1.327
1.268
1.157
1.139
1.195
1.282
1.377
1.424
1.427
1.427
1.481
1.547
1.545
1.463
1.427
1.468
1.508
1.551
1.656
1.756
1.801
1.853
1.921
1.955
1.98
2.019
2.048
2.069
2.071
2.114
2.207
2.248
2.191
2.148
2.209
2.286
2.289
2.266
2.261
2.268
2.298
2.304
2.273
2.196
2.153
2.196
2.268
2.352
2.409
2.42
2.432
2.515
2.59
2.561
2.518
2.556
2.649
2.688
2.672
2.647
2.64
2.651
2.695
2.765
2.808
2.797
2.801
2.833
2.878
2.928
2.99
3.008
2.969
2.937
2.944
2.969
3.001
3.058
3.087
3.114
3.139
3.164
3.176
3.142
3.076
3.037
3.033
3.035
3.017
2.99
3.028
3.123
3.148
3.108
3.105
3.171
3.234
3.253
3.216
3.185
3.146
3.092
3.046
2.999
2.953
2.89
2.84
2.817
2.844
2.903
2.976
3.035
3.046
3.071
3.132
3.171
3.214
3.282
3.341
3.389
3.439
3.473
3.461
3.409
3.38
3.395
3.416
3.38
3.307
3.257
3.237
3.225
3.203
3.171
3.157
3.191
3.269
3.364
3.482
3.588
3.675
3.758
3.827
3.82
3.749
3.645
3.536
3.443
3.38
3.343
3.257
3.108
3.026
3.069
3.103
3.023
2.924
2.84
2.79
2.79
2.781
2.722
2.676
2.701
2.776
2.815
2.801
2.754
2.756
2.801
2.817
2.745
2.62
2.511
2.416
2.289
2.132
1.994
1.898
1.821
1.756
1.724
1.728
1.769
1.826
1.844
1.835
1.844
1.894
1.921
1.908
1.86
1.844
1.874
1.889
1.855
1.808
1.758
1.708
1.688
1.674
1.658
1.676
1.683
1.644
1.576
1.538
1.52
1.529
1.576
1.629
1.688
1.792
1.93
2.012
2.048
2.069
2.098
2.112
2.109
2.094
2.125
2.198
2.282
2.343
2.382
2.475
2.586
2.665
2.674
2.654
2.656
2.722
2.785
2.783
2.76
2.779
2.837
2.872
2.862
2.86
2.922
3.042
3.146
3.196
3.194
3.148
3.101
3.126
3.13
3.058
3.026
3.096
3.207
3.28
3.28
3.275
3.35
3.441
3.455
3.4
3.355
3.357
3.382
3.38
3.357
3.38
3.455
3.525
3.586
3.634
3.697
3.838
4.031
4.189
4.278
4.316
4.303
4.273
4.235
4.169
4.087
4.042
4.049
4.09
4.135
4.146
4.155
4.251
4.346
4.405
4.439
4.441
4.484
4.573
4.664
4.743
4.825
4.87
4.865
4.897
4.929
4.915
4.877
4.854
4.831
4.816
4.818
4.754
4.596
4.464
4.43
4.473
4.53
4.539
4.534
4.539
4.548
4.53
4.473
4.4
4.369
4.425
4.502
4.539
4.566
4.607
4.688
4.802
4.897
4.954
4.981
4.997
4.981
4.908
4.777
4.652
4.589
4.543
4.437
4.328
4.292
4.319
4.335
4.341
4.38
4.475
4.591
4.673
4.684
4.627
4.555
4.527
4.523
4.471
4.36
4.255
4.219
4.192
4.112
3.997
3.892
3.824
3.797
3.781
3.734
3.702
3.736
3.806
3.84
3.802
3.731
3.72
3.749
3.779
3.788
3.761
3.713
3.659
3.602
3.534
3.441
3.348
3.316
3.357
3.427
3.482
3.541
3.586
3.611
3.65
3.654
3.602
3.532
3.464
3.409
3.346
3.228
3.067
2.976
2.976
3.012
3.067
3.128
3.182
3.296
3.425
3.507
3.514
3.502
3.5
3.498
3.441
3.343
3.25
3.178
3.114
3.064
2.996
2.942
2.933
2.928
2.894
2.837
2.77
2.765
2.837
2.903
2.915
2.974
3.126
3.255
3.321
3.318
3.312
3.316
3.316
3.282
3.169
2.987
2.835
2.738
2.663
2.554
2.427
2.364
2.416
2.534
2.622
2.627
2.556
2.502
2.55
2.64
2.649
2.563
2.502
2.49
2.468
2.395
2.318
2.277
2.239
2.239
2.264
2.248
2.162
2.064
1.967
1.908
1.883
1.846
1.774
1.715
1.742
1.849
1.96
2.019
2.021
2.062
2.168
2.268
2.345
2.368
2.325
2.28
2.293
2.334
2.302
2.182
2.094
2.089
2.078
2.051
2.037
2.014
2.014
2.073
2.171
2.27
2.361
2.454
2.545
2.633
2.706
2.747
2.792
2.819
2.763
2.665
2.588
2.486
2.345
2.202
2.1
2.075
2.13
2.198
2.227
2.227
2.289
2.429
2.536
2.565
2.52
2.477
2.484
2.509
2.459
2.316
2.107
1.914
1.787
1.724
1.635
1.513
1.447
1.456
1.524
1.565
1.536
1.504
1.517
1.56
1.615
1.638
1.585
1.477
1.42
1.384
1.25
1.034
0.819
0.644
0.497
0.395
0.313
0.231
0.134
0.029
-0.011
0.002
0.045
0.093
0.084
0.05
0.061
0.066
-0.034
-0.234
-0.401
-0.533
-0.662
-0.798
-0.946
-1.052
-1.068
-1.064
-1.043
-0.953
-0.891
-0.939
-0.962
-0.875
-0.798
-0.819
-0.887
-0.925
-0.944
-1.018
-1.139
-1.266
-1.424
-1.563
-1.592
-1.631
-1.69
-1.688
-1.629
-1.581
-1.533
-1.477
-1.399
-1.277
-1.175
-1.116
-1.086
-1.08
-1.1
-1.13
-1.13
-1.164
-1.286
-1.397
-1.424
-1.456
-1.529
-1.565
-1.502
-1.404
-1.329
-1.266
-1.22
-1.157
-1.021
-0.862
-0.823
-0.885
-0.916
-0.939
-1.005
-1.098
-1.166
-1.179
-1.157
-1.132
-1.08
-0.978
-0.846
-0.728
-0.606
-0.417
-0.283
-0.277
-0.274
-0.252
-0.32
-0.429
-0.501
-0.603
-0.739
-0.835
-0.907
-0.991
-1.089
-1.102
-1.009
-0.935
-0.907
-0.826
-0.753
-0.764
-0.764
-0.696
-0.646
-0.68
-0.753
-0.798
-0.832
-0.887
-1.021
-1.213
-1.345
-1.44
-1.556
-1.688
-1.787
-1.826
-1.824
-1.801
-1.792
-1.799
-1.781
-1.728
-1.706
-1.771
-1.833
-1.86
-1.944
-2.073
-2.153
-2.212
-2.298
-2.377
-2.42
-2.445
-2.434
-2.391
-2.327
-2.277
-2.23
-2.191
-2.189
-2.164
-2.171
-2.295
-2.441
-2.527
-2.618
-2.713
-2.792
-2.842
-2.824
-2.763
-2.724
-2.688
-2.624
-2.47
-2.252
-2.123
-2.098
-2.016
-1.889
-1.817
-1.79
-1.817
-1.883
-1.926
-1.926
-1.957
-2.03
-2.091
-2.107
-2.132
-2.132
-2.105
-2.082
-2.012
-1.835
-1.617
-1.456
-1.331
-1.175
-0.984
-0.821
-0.76
-0.801
-0.855
-0.83
-0.769
-0.839
-0.984
-1.046
-1.021
-1.002
-1.009
-1.03
-1
-0.891
-0.767
-0.694
-0.658
-0.587
-0.492
-0.397
-0.295
-0.213
-0.238
-0.311
-0.308
-0.293
-0.329
-0.399
-0.465
-0.501
-0.531
-0.524
-0.488
-0.508
-0.549
-0.522
-0.508
-0.56
-0.608
-0.674
-0.785
-0.885
-0.962
-1.039
-1.098
-1.132
-1.148
-1.132
-1.141
-1.191
-1.229
-1.22
-1.223
-1.32
-1.447
-1.49
-1.504
-1.558
-1.62
-1.665
-1.71
-1.767
-1.83
-1.898
-2.014
-2.148
-2.205
-2.257
-2.359
-2.445
-2.475
-2.493
-2.515
-2.506
-2.459
-2.409
-2.359
-2.314
-2.304
-2.339
-2.404
-2.488
-2.593
-2.642
-2.688
-2.785
-2.874
-2.887
-2.885
-2.86
-2.797
-2.742
-2.726
-2.738
-2.733
-2.724
-2.745
-2.806
-2.815
-2.722
-2.647
-2.64
-2.59
-2.488
-2.404
-2.336
-2.261
-2.212
-2.182
-2.159
-2.148
-2.134
-2.094
-2.066
-2.037
-1.998
-1.939
-1.815
-1.749
-1.835
-1.883
-1.803
-1.744
-1.783
-1.796
-1.74
-1.663
-1.601
-1.547
-1.47
-1.381
-1.322
-1.259
-1.157
-1.145
-1.218
-1.234
-1.202
-1.188
-1.175
-1.161
-1.191
-1.211
-1.193
-1.202
-1.252
-1.282
-1.252
-1.213
-1.27
-1.34
-1.311
-1.297
-1.327
-1.318
-1.27
-1.254
-1.257
-1.261
-1.288
-1.368
-1.447
-1.493
-1.545
-1.64
-1.744
-1.753
-1.701
-1.74
-1.842
-1.903
-1.948
-2.007
-2.089
-2.207
-2.377
-2.538
-2.645
-2.676
-2.672
-2.654
-2.629
-2.579
-2.531
-2.475
-2.447
-2.579
-2.767
-2.876
-2.912
-2.99
-3.132
-3.282
-3.321
-3.291
-3.303
-3.393
-3.525
-3.643
-3.718
-3.697
-3.668
-3.761
-3.838
-3.756
-3.586
-3.48
-3.441
-3.4
-3.296
-3.189
-3.169
-3.257
-3.386
-3.466
-3.477
-3.498
-3.6
-3.688
-3.679
-3.622
-3.57
-3.518
-3.434
-3.323
-3.189
-3.067
-3.017
-3.033
-3.051
-3.042
-3.026
-3.035
-3.053
-2.994
-2.833
-2.72
-2.69
-2.661
-2.636
-2.624
-2.602
-2.561
-2.547
-2.545
-2.536
-2.488
-2.418
-2.339
-2.27
-2.216
-2.153
-2.071
-2.028
-2.094
-2.198
-2.241
-2.241
-2.232
-2.243
-2.259
-2.232
-2.159
-2.109
-2.078
-2.035
-1.994
-1.953
-1.874
-1.826
-1.876
-1.978
-2.035
-2.057
-2.087
-2.168
-2.3
-2.398
-2.441
-2.461
-2.495
-2.531
-2.506
-2.404
-2.302
-2.234
-2.18
-2.139
-2.098
-2.057
-2.055
-2.121
-2.182
-2.239
-2.329
-2.475
-2.649
-2.804
-2.878
-2.89
-2.917
-2.969
-2.969
-2.917
-2.885
-2.874
-2.858
-2.89
-2.928
-2.885
-2.799
-2.763
-2.772
-2.765
-2.695
-2.613
-2.572
-2.631
-2.726
-2.767
-2.815
-2.971
-3.196
-3.348
-3.391
-3.343
-3.253
-3.18
-3.112
-3.001
-2.867
-2.799
-2.817
-2.86
-2.847
-2.795
-2.819
-2.917
-3.01
-3.048
-3.039
-3.008
-2.978
-2.953
-2.887
-2.795
-2.717
-2.663
-2.629
-2.629
-2.606
-2.536
-2.461
-2.479
-2.554
-2.572
-2.531
-2.486
-2.477
-2.493
-2.475
-2.425
-2.382
-2.402
-2.452
-2.45
-2.345
-2.182
-2.062
-1.98
-1.939
-1.948
-1.957
-1.942
-1.926
-1.942
-1.946
-1.912
-1.842
-1.806
-1.819
-1.858
-1.824
-1.737
-1.715
-1.769
-1.808
-1.803
-1.803
-1.81
-1.796
-1.731
-1.622
-1.515
-1.456
-1.452
-1.456
-1.411
-1.336
-1.311
-1.359
-1.406
-1.44
-1.474
-1.515
-1.588
-1.665
-1.683
-1.601
-1.499
-1.463
-1.443
-1.39
-1.322
-1.3
-1.34
-1.422
-1.506
-1.517
-1.452
-1.39
-1.39
-1.424
-1.402
-1.327
-1.309
-1.402
-1.533
-1.604
-1.606
-1.62
-1.672
-1.699
-1.665
-1.649
-1.674
-1.708
-1.701
-1.656
-1.606
-1.613
-1.642
-1.633
-1.601
-1.601
-1.617
-1.61
-1.62
-1.64
-1.642
-1.642
-1.64
-1.638
-1.631
-1.601
-1.588
-1.624
-1.669
-1.715
-1.751
-1.724
-1.654
-1.592
-1.617
-1.667
-1.699
-1.697
-1.683
-1.703
-1.756
-1.728
-1.576
-1.436
-1.388
-1.377
-1.3
-1.166
-1.046
-1.018
-1.046
-1.093
-1.123
-1.109
-1.111
-1.134
-1.127
-1.08
-1.009
-0.959
-0.968
-1.057
-1.109
-1.05
-0.939
-0.862
-0.841
-0.807
-0.733
-0.644
-0.563
-0.499
-0.408
-0.293
-0.186
-0.107
-0.091
-0.147
-0.274
-0.397
-0.476
-0.535
-0.624
-0.717
-0.724
-0.653
-0.563
-0.492
-0.442
-0.388
-0.306
-0.227
-0.191
-0.186
-0.168
-0.15
-0.15
-0.161
-0.191
-0.234
-0.32
-0.395
-0.465
-0.54
-0.61
-0.644
-0.644
-0.658
-0.687
-0.646
-0.569
-0.538
-0.56
-0.56
-0.526
-0.497
-0.476
-0.438
-0.429
-0.44
-0.46
-0.485
-0.538
-0.615
-0.687
-0.73
-0.739
-0.733
-0.749
-0.826
-0.885
-0.903
-0.885
-0.882
-0.878
-0.846
-0.773
-0.696
-0.667
-0.669
-0.66
-0.655
-0.694
-0.758
-0.767
-0.764
-0.807
-0.873
-0.844
-0.728
-0.626
-0.578
-0.551
-0.49
-0.429
-0.456
-0.576
-0.671
-0.667
-0.655
-0.692
-0.724
-0.724
-0.724
-0.719
-0.642
-0.519
-0.401
-0.29
-0.145
-0.011
0.095
0.159
0.143
0.088
0.043
0.045
0.048
0.02
0
0.029
0.084
0.127
0.125
0.097
0.122
0.2
0.277
0.327
0.347
0.367
0.447
0.587
0.667
0.662
0.644
0.685
0.744
0.803
0.844
0.891
0.937
0.987
1.023
0.998
0.937
0.855
0.778
0.73
0.719
0.692
0.68
0.724
0.807
0.848
0.814
0.785
0.826
0.912
0.925
0.894
0.919
0.962
0.919
0.821
0.735
0.667
0.619
0.585
0.583
0.599
0.649
0.71
0.735
0.726
0.714
0.646
0.517
0.426
0.399
0.34
0.263
0.234
0.218
0.215
0.281
0.347
0.372
0.413
0.485
0.594
0.669
0.674
0.633
0.596
0.599
0.585
0.549
0.497
0.449
0.454
0.49
0.499
0.463
0.424
0.438
0.483
0.51
0.522
0.481
0.442
0.456
0.519
0.574
0.565
0.547
0.565
0.626
0.678
0.689
0.787
0.948
1.027
0.996
0.95
0.921
0.844
0.746
0.678
0.646
0.646
0.658
0.658
0.633
0.628
0.696
0.794
0.896
1.002
1.075
1.084
1.071
1.1
1.145
1.157
1.139
1.157
1.223
1.252
1.22
1.232
1.302
1.395
1.488
1.513
1.465
1.424
1.393
1.352
1.343
1.377
1.422
1.424
1.429
1.524
1.644
1.669
1.633
1.62
1.672
1.731
1.712
1.601
1.511
1.499
1.486
1.438
1.395
1.334
1.325
1.447
1.533
1.474
1.37
1.359
1.386
1.347
1.229
1.1
1.014
0.964
0.91
0.792
0.653
0.603
0.61
0.59
0.587
0.619
0.621
0.583
0.574
0.574
0.497
0.365
0.249
0.191
0.118
-0.041
-0.163
-0.156
-0.113
-0.122
-0.12
-0.077
-0.025
0
-0.048
-0.102
-0.077
0.018
0.048
-0.02
-0.061
-0.023
-0.014
-0.05
-0.05
0.007
0.054
0.036
-0.048
-0.107
-0.095
-0.107
-0.234
-0.32
-0.245
-0.129
-0.048
0.045
0.141
0.249
0.404
0.56
0.662
0.726
0.823
0.948
1.068
1.121
1.016
0.862
0.851
0.935
0.962
0.93
0.905
0.955
1.089
1.195
1.227
1.247
1.302
1.434
1.563
1.601
1.669
1.828
1.946
2.026
2.109
2.196
2.27
2.361
2.477
2.581
2.667
2.679
2.624
2.62
2.642
2.604
2.556
2.54
2.536
2.556
2.595
2.654
2.715
2.751
2.763
2.822
2.858
2.876
2.978
3.114
3.176
3.18
3.169
3.23
3.341
3.398
3.382
3.418
3.489
3.498
3.468
3.42
3.334
3.262
3.241
3.198
3.13
3.094
3.094
3.071
3.039
3.055
3.123
3.167
3.189
3.296
3.439
3.516
3.536
3.52
3.502
3.491
3.482
3.461
3.43
3.373
3.266
3.139
3.058
2.983
2.899
2.876
2.908
2.908
2.856
2.792
2.788
2.813
2.833
2.865
2.883
2.867
2.897
2.96
2.94
2.84
2.765
2.706
2.681
2.672
2.633
2.615
2.679
2.717
2.649
2.57
2.536
2.518
2.463
2.352
2.218
2.132
2.146
2.191
2.198
2.153
2.182
2.302
2.352
2.332
2.386
2.463
2.47
2.432
2.386
2.316
2.221
2.139
2.123
2.171
2.205
2.146
2.128
2.216
2.255
2.241
2.264
2.339
2.434
2.502
2.511
2.513
2.527
2.54
2.568
2.572
2.552
2.59
2.649
2.651
2.647
2.658
2.602
2.518
2.506
2.55
2.595
2.62
2.572
2.561
2.674
2.77
2.781
2.788
2.801
2.808
2.804
2.749
2.647
2.547
2.456
2.35
2.191
1.98
1.88
1.951
2.057
2.071
2.035
2.037
2.114
2.178
2.13
2.032
2.001
1.955
1.801
1.613
1.463
1.368
1.322
1.272
1.202
1.177
1.17
1.127
1.043
0.95
0.875
0.798
0.68
0.601
0.624
0.606
0.503
0.433
0.44
0.467
0.508
0.547
0.578
0.594
0.533
0.324
0.122
-0.002
-0.175
-0.361
-0.467
-0.51
-0.51
-0.492
-0.406
-0.258
-0.141
-0.059
0.038
0.079
0.038
0.011
-0.009
-0.109
-0.245
-0.381
-0.508
-0.621
-0.694
-0.719
-0.687
-0.61
-0.592
-0.619
-0.569
-0.492
-0.483
-0.567
-0.701
-0.773
-0.792
-0.807
-0.878
-0.982
-1.075
-1.091
-1.111
-1.22
-1.279
-1.272
-1.327
-1.472
-1.595
-1.679
-1.751
-1.828
-1.871
-1.871
-1.86
-1.821
-1.74
-1.676
-1.688
-1.706
-1.685
-1.706
-1.796
-1.912
-2.035
-2.153
-2.23
-2.318
-2.45
-2.527
-2.509
-2.484
-2.486
-2.488
-2.5
-2.495
-2.468
-2.472
-2.54
-2.586
-2.568
-2.581
-2.647
-2.658
-2.611
-2.584
-2.565
-2.52
-2.445
-2.364
-2.284
-2.239
-2.223
-2.193
-2.153
-2.159
-2.248
-2.354
-2.382
-2.359
-2.334
-2.316
-2.309
-2.286
-2.191
-2.064
-1.998
-1.989
-1.957
-1.896
-1.86
-1.846
-1.79
-1.638
-1.44
-1.331
-1.3
-1.188
-1.014
-0.869
-0.801
-0.749
-0.701
-0.667
-0.66
-0.662
-0.653
-0.683
-0.728
-0.733
-0.687
-0.603
-0.49
-0.413
-0.333
-0.141
0.068
0.168
0.234
0.372
0.556
0.733
0.873
0.939
0.962
1.037
1.143
1.198
1.186
1.134
1.111
1.157
1.184
1.159
1.223
1.443
1.669
1.731
1.706
1.744
1.824
1.874
1.88
1.91
1.987
2.082
2.157
2.187
2.214
2.273
2.304
2.282
2.261
2.302
2.364
2.377
2.382
2.393
2.388
2.386
2.391
2.398
2.386
2.354
2.332
2.352
2.366
2.327
2.325
2.37
2.332
2.193
2.087
2.08
2.118
2.168
2.198
2.173
2.13
2.1
2.057
1.962
1.88
1.865
1.86
1.828
1.799
1.76
1.719
1.667
1.629
1.547
1.424
1.322
1.311
1.343
1.372
1.399
1.461
1.531
1.563
1.542
1.522
1.524
1.531
1.508
1.504
1.517
1.513
1.504
1.502
1.515
1.506
1.463
1.461
1.536
1.606
1.631
1.64
1.676
1.722
1.731
1.715
1.74
1.801
1.876
1.944
2.048
2.207
2.352
2.391
2.348
2.284
2.191
2.064
1.946
1.903
1.942
1.98
1.978
1.989
2.026
2.046
2.069
2.109
2.125
2.114
2.109
2.141
2.2
2.207
2.094
1.964
1.912
1.894
1.846
1.776
1.694
1.638
1.617
1.615
1.583
1.468
1.322
1.225
1.164
1.084
0.975
0.889
0.864
0.887
0.887
0.796
0.649
0.544
0.456
0.308
0.159
0.052
-0.029
-0.131
-0.265
-0.381
-0.494
-0.608
-0.724
-0.81
-0.896
-0.993
-1.057
-1.098
-1.152
-1.211
-1.284
-1.363
-1.436
-1.517
-1.601
-1.683
-1.744
-1.76
-1.76
-1.774
-1.828
-1.883
-1.914
-1.982
-2.1
-2.191
-2.252
-2.309
-2.366
-2.398
-2.425
-2.477
-2.534
-2.572
-2.581
-2.57
-2.57
-2.595
-2.554
-2.481
-2.461
-2.45
-2.429
-2.447
-2.427
-2.398
-2.425
-2.45
-2.429
-2.366
-2.291
-2.234
-2.202
-2.193
-2.178
-2.184
-2.168
-2.132
-2.073
-2.041
-2.037
-2.044
-2.066
-2.091
-2.091
-2.105
-2.132
-2.114
-2.055
-1.992
-1.951
-1.871
-1.769
-1.706
-1.703
-1.724
-1.699
-1.635
-1.635
-1.683
-1.708
-1.706
-1.681
-1.681
-1.787
-1.905
-1.932
-1.908
-1.905
-1.921
-1.917
-1.855
-1.737
-1.64
-1.624
-1.647
-1.676
-1.694
-1.719
-1.76
-1.81
-1.853
-1.835
-1.781
-1.76
-1.771
-1.792
-1.837
-1.889
-1.948
-2.019
-2.082
-2.1
-2.105
-2.132
-2.155
-2.146
-2.139
-2.146
-2.139
-2.153
-2.159
-2.128
-2.107
-2.075
-2.039
-2.048
-2.066
-2.08
-2.112
-2.125
-2.121
-2.134
-2.15
-2.164
-2.182
-2.209
-2.295
-2.441
-2.556
-2.559
-2.484
-2.438
-2.452
-2.395
-2.214
-1.992
-1.84
-1.803
-1.796
-1.733
-1.633
-1.588
-1.613
-1.676
-1.735
-1.751
-1.767
-1.846
-1.98
-2.044
-2.021
-1.987
-1.939
-1.842
-1.669
-1.44
-1.241
-1.102
-0.962
-0.837
-0.753
-0.73
-0.742
-0.751
-0.742
-0.71
-0.717
-0.749
-0.726
-0.624
-0.485
-0.347
-0.252
-0.186
-0.07
0.097
0.227
0.268
0.283
0.333
0.406
0.442
0.435
0.454
0.508
0.547
0.556
0.578
0.642
0.703
0.764
0.796
0.835
0.914
1.034
1.164
1.284
1.379
1.497
1.663
1.756
1.71
1.613
1.545
1.529
1.49
1.359
1.223
1.186
1.232
1.282
1.295
1.35
1.486
1.608
1.663
1.717
1.806
1.874
1.901
1.885
1.812
1.753
1.728
1.667
1.54
1.424
1.377
1.397
1.372
1.282
1.227
1.243
1.291
1.266
1.184
1.116
1.109
1.136
1.116
1.059
0.998
0.935
0.894
0.864
0.771
0.612
0.431
0.279
0.195
0.136
0.043
-0.036
-0.066
-0.054
-0.057
-0.107
-0.136
-0.136
-0.152
-0.22
-0.27
-0.272
-0.27
-0.288
-0.283
-0.295
-0.331
-0.367
-0.379
-0.397
-0.483
-0.594
-0.669
-0.662
-0.662
-0.708
-0.742
-0.689
-0.585
-0.522
-0.517
-0.479
-0.367
-0.27
-0.22
-0.184
-0.177
-0.204
-0.222
-0.197
-0.111
-0.032
0.029
0.109
0.184
0.256
0.336
0.358
0.356
0.377
0.397
0.41
0.481
0.585
0.646
0.685
0.742
0.746
0.687
0.658
0.649
0.563
0.442
0.392
0.379
0.338
0.274
0.252
0.302
0.401
0.499
0.565
0.626
0.689
0.771
0.871
0.921
0.862
0.773
0.71
0.626
0.506
0.367
0.218
0.066
-0.07
-0.222
-0.381
-0.444
-0.399
-0.374
-0.358
-0.252
-0.07
0.095
0.195
0.252
0.324
0.374
0.358
0.268
0.163
0.043
-0.088
-0.188
-0.293
-0.417
-0.503
-0.503
-0.458
-0.397
-0.338
-0.295
-0.229
-0.127
-0.016
0.061
0.213
0.451
0.606
0.644
0.696
0.744
0.744
0.674
0.533
0.374
0.243
0.163
0.141
0.125
0.1
0.163
0.381
0.621
0.753
0.864
1.055
1.288
1.454
1.504
1.445
1.359
1.284
1.211
1.057
0.93
0.953
1
1.03
1.111
1.211
1.259
1.334
1.456
1.585
1.722
1.833
1.919
2.03
2.105
2.08
2.06
2.057
1.96
1.817
1.688
1.595
1.52
1.454
1.424
1.422
1.434
1.465
1.481
1.504
1.617
1.744
1.787
1.808
1.828
1.796
1.703
1.583
1.449
1.295
1.145
1.023
0.964
0.932
0.878
0.878
0.95
0.957
0.862
0.828
0.878
0.948
0.991
0.971
0.921
0.866
0.776
0.635
0.517
0.438
0.313
0.122
-0.009
-0.066
-0.147
-0.254
-0.304
-0.288
-0.252
-0.222
-0.177
-0.113
-0.086
-0.118
-0.145
-0.131
-0.197
-0.342
-0.49
-0.617
-0.742
-0.826
-0.894
-0.966
-0.998
-1.027
-1.127
-1.207
-1.188
-1.2
-1.291
-1.334
-1.263
-1.223
-1.257
-1.261
-1.223
-1.175
-1.145
-1.116
-1.057
-1.023
-1.055
-1.08
-1.037
-1.027
-1.105
-1.173
-1.159
-1.084
-1.005
-0.941
-0.921
-0.894
-0.837
-0.826
-0.826
-0.764
-0.717
-0.749
-0.744
-0.662
-0.617
-0.61
-0.596
-0.585
-0.54
-0.485
-0.451
-0.363
-0.243
-0.145
-0.034
0.193
0.438
0.59
0.705
0.805
0.873
0.919
0.937
0.953
0.941
0.896
0.841
0.771
0.76
0.805
0.789
0.782
0.907
1.041
1.086
1.102
1.161
1.252
1.34
1.434
1.529
1.651
1.774
1.844
1.898
2.014
2.062
1.998
1.917
1.846
1.726
1.545
1.34
1.141
0.975
0.891
0.855
0.851
0.914
1.05
1.159
1.243
1.32
1.322
1.266
1.218
1.188
1.123
0.993
0.846
0.744
0.726
0.708
0.608
0.494
0.429
0.329
0.206
0.134
0.072
0.014
0.043
0.097
0.086
0.038
0.002
-0.023
-0.063
-0.052
-0.041
-0.127
-0.222
-0.224
-0.229
-0.295
-0.374
-0.413
-0.399
-0.386
-0.365
-0.32
-0.238
-0.161
-0.15
-0.141
-0.141
-0.204
-0.281
-0.327
-0.39
-0.449
-0.463
-0.424
-0.372
-0.313
-0.229
-0.141
-0.05
0.129
0.358
0.497
0.576
0.696
0.805
0.828
0.807
0.782
0.744
0.674
0.615
0.572
0.519
0.433
0.377
0.422
0.494
0.485
0.438
0.467
0.558
0.649
0.742
0.86
0.998
1.13
1.225
1.238
1.229
1.277
1.32
1.247
1.175
1.134
1.055
0.964
0.889
0.792
0.671
0.576
0.542
0.581
0.642
0.696
0.794
0.957
1.096
1.127
1.13
1.143
1.118
1.061
0.991
0.916
0.846
0.828
0.857
0.846
0.805
0.851
0.919
0.9
0.835
0.749
0.676
0.655
0.676
0.658
0.612
0.601
0.649
0.755
0.839
0.826
0.792
0.823
0.805
0.696
0.544
0.42
0.315
0.245
0.211
0.177
0.15
0.172
0.224
0.268
0.302
0.361
0.365
0.258
0.143
0.057
-0.034
-0.111
-0.184
-0.258
-0.32
-0.322
-0.229
-0.097
-0.034
-0.05
-0.002
0.129
0.186
0.134
0.054
-0.007
-0.048
-0.052
-0.072
-0.159
-0.249
-0.293
-0.306
-0.338
-0.354
-0.358
-0.41
-0.488
-0.513
-0.513
-0.549
-0.59
-0.596
-0.59
-0.531
-0.395
-0.22
-0.068
-0.005
0.002
0.066
0.163
0.113
-0.095
-0.306
-0.422
-0.444
-0.44
-0.479
-0.531
-0.506
-0.365
-0.215
-0.118
-0.063
0.002
0.07
0.136
0.206
0.247
0.209
0.134
0.1
0.102
0.077
0.032
0.038
0.1
0.12
0.113
0.147
0.209
0.218
0.195
0.188
0.204
0.227
0.234
0.175
0.093
0.072
0.122
0.188
0.231
0.197
0.095
0.05
0.041
-0.032
-0.172
-0.329
-0.454
-0.513
-0.515
-0.526
-0.533
-0.472
-0.317
-0.188
-0.184
-0.245
-0.306
-0.388
-0.499
-0.64
-0.794
-0.941
-1.061
-1.173
-1.257
-1.25
-1.154
-1.057
-0.973
-0.919
-0.894
-0.925
-0.975
-0.996
-1.037
-1.123
-1.198
-1.223
-1.259
-1.35
-1.42
-1.429
-1.436
-1.479
-1.517
-1.524
-1.522
-1.547
-1.56
-1.529
-1.479
-1.44
-1.388
-1.288
-1.15
-1.016
-0.885
-0.776
-0.696
-0.64
-0.644
-0.714
-0.787
-0.816
-0.839
-0.882
-0.932
-0.928
-0.871
-0.83
-0.782
-0.66
-0.501
-0.374
-0.258
-0.143
-0.059
-0.023
-0.009
-0.016
-0.034
-0.05
-0.043
0.014
0.116
0.197
0.231
0.293
0.413
0.506
0.476
0.397
0.383
0.426
0.435
0.365
0.279
0.195
0.134
0.113
0.131
0.154
0.141
0.122
0.093
0.072
0.032
-0.014
-0.034
-0.018
-0.005
0.005
-0.025
-0.057
-0.052
-0.075
-0.122
-0.156
-0.186
-0.254
-0.372
-0.528
-0.646
-0.683
-0.721
-0.821
-0.941
-1
-0.955
-0.848
-0.758
-0.749
-0.773
-0.785
-0.801
-0.81
-0.855
-0.921
-0.964
-0.966
-0.971
-1.002
-1.077
-1.125
-1.145
-1.177
-1.166
-1.05
-0.948
-0.959
-1.048
-1.093
-1.055
-1.014
-1.075
-1.184
-1.232
-1.154
-1.018
-0.919
-0.871
-0.864
-0.816
-0.721
-0.671
-0.721
-0.844
-0.914
-0.875
-0.816
-0.83
-0.898
-0.912
-0.794
-0.617
-0.506
-0.517
-0.558
-0.519
-0.467
-0.515
-0.633
-0.696
-0.642
-0.558
-0.538
-0.563
-0.583
-0.538
-0.44
-0.338
-0.324
-0.401
-0.435
-0.358
-0.279
-0.338
-0.472
-0.51
-0.42
-0.315
-0.293
-0.34
-0.342
-0.256
-0.166
-0.172
-0.283
-0.415
-0.463
-0.426
-0.367
-0.374
-0.456
-0.479
-0.372
-0.274
-0.306
-0.42
-0.447
-0.358
-0.254
-0.243
-0.333
-0.413
-0.442
-0.44
-0.469
-0.556
-0.655
-0.669
-0.624
-0.603
-0.626
-0.674
-0.64
-0.528
-0.488
-0.517
-0.526
-0.499
-0.465
-0.458
-0.517
-0.603
-0.606
-0.569
-0.603
-0.667
-0.683
-0.646
-0.615
-0.646
-0.703
-0.703
-0.665
-0.667
-0.714
-0.762
-0.771
-0.728
-0.674
-0.624
-0.556
-0.499
-0.483
-0.456
-0.381
-0.336
-0.363
-0.415
-0.392
-0.329
-0.329
-0.388
-0.395
-0.331
-0.268
-0.243
-0.247
-0.27
-0.245
-0.191
-0.161
-0.107
-0.023
-0.002
-0.041
-0.061
-0.036
-0.011
-0.029
-0.052
0.005
0.125
0.22
0.27
0.299
0.295
0.295
0.345
0.349
0.22
0.063
0
0.023
0.043
-0.038
-0.15
-0.145
-0.034
0.002
-0.084
-0.184
-0.202
-0.204
-0.261
-0.352
-0.406
-0.435
-0.444
-0.388
-0.32
-0.288
-0.281
-0.27
-0.249
-0.245
-0.274
-0.361
-0.456
-0.522
-0.551
-0.587
-0.676
-0.764
-0.792
-0.803
-0.807
-0.794
-0.789
-0.828
-0.848
-0.832
-0.853
-0.878
-0.894
-0.944
-0.984
-0.957
-0.898
-0.896
-0.937
-0.991
-1.03
-1.009
-1.005
-1.059
-1.109
-1.105
-1.018
-0.891
-0.851
-0.912
-0.932
-0.846
-0.794
-0.841
-0.9
-0.921
-0.914
-0.925
-0.928
-0.903
-0.894
-0.919
-0.944
-0.941
-0.903
-0.91
-1.009
-1.048
-0.907
-0.746
-0.705
-0.708
-0.66
-0.574
-0.49
-0.449
-0.472
-0.501
-0.476
-0.41
-0.363
-0.433
-0.553
-0.583
-0.556
-0.56
-0.612
-0.665
-0.644
-0.519
-0.39
-0.358
-0.404
-0.39
-0.308
-0.249
-0.252
-0.302
-0.39
-0.435
-0.392
-0.336
-0.327
-0.388
-0.447
-0.433
-0.377
-0.356
-0.388
-0.392
-0.331
-0.211
-0.111
-0.129
-0.215
-0.236
-0.197
-0.188
-0.224
-0.274
-0.313
-0.322
-0.311
-0.306
-0.324
-0.406
-0.497
-0.506
-0.476
-0.465
-0.485
-0.553
-0.513
-0.34
-0.247
-0.277
-0.336
-0.374
-0.386
-0.401
-0.485
-0.594
-0.642
-0.59
-0.474
-0.397
-0.392
-0.361
-0.281
-0.227
-0.213
-0.193
-0.186
-0.163
-0.136
-0.147
-0.188
-0.231
-0.274
-0.345
-0.408
-0.379
-0.324
-0.338
-0.345
-0.277
-0.186
-0.102
-0.016
0.023
0.027
0.072
0.191
0.304
0.352
0.397
0.479
0.551
0.522
0.451
0.426
0.372
0.263
0.184
0.193
0.227
0.27
0.331
0.395
0.435
0.431
0.404
0.438
0.51
0.538
0.522
0.492
0.526
0.628
0.689
0.644
0.599
0.619
0.685
0.724
0.701
0.68
0.685
0.714
0.767
0.816
0.78
0.694
0.71
0.78
0.787
0.712
0.644
0.626
0.651
0.68
0.669
0.599
0.524
0.497
0.506
0.519
0.544
0.578
0.581
0.596
0.689
0.762
0.71
0.642
0.669
0.733
0.746
0.705
0.685
0.696
0.726
0.721
0.733
0.71
0.633
0.594
0.628
0.599
0.517
0.51
0.578
0.63
0.626
0.572
0.533
0.558
0.603
0.581
0.51
0.488
0.499
0.476
0.395
0.34
0.367
0.408
0.451
0.494
0.474
0.413
0.39
0.395
0.349
0.252
0.168
0.147
0.152
0.104
0.059
0.088
0.156
0.215
0.261
0.295
0.302
0.272
0.243
0.236
0.229
0.211
0.195
0.195
0.188
0.234
0.304
0.304
0.302
0.354
0.438
0.474
0.451
0.374
0.258
0.197
0.229
0.329
0.433
0.517
0.612
0.792
0.939
0.955
0.93
0.912
0.873
0.798
0.678
0.517
0.406
0.397
0.44
0.49
0.547
0.576
0.565
0.499
0.447
0.417
0.313
0.224
0.252
0.29
0.261
0.2
0.154
0.131
0.127
0.111
0.113
0.109
0.068
0.025
0.016
-0.041
-0.175
-0.261
-0.29
-0.347
-0.399
-0.429
-0.49
-0.547
-0.576
-0.569
-0.513
-0.465
-0.479
-0.553
-0.646
-0.692
-0.628
-0.612
-0.665
-0.678
-0.651
-0.699
-0.805
-0.91
-0.973
-0.996
-0.991
-0.946
-0.848
-0.769
-0.762
-0.782
-0.785
-0.803
-0.807
-0.807
-0.855
-0.9
-0.891
-0.86
-0.855
-0.896
-0.948
-0.948
-0.91
-0.896
-0.973
-1.118
-1.182
-1.111
-1.046
-1.091
-1.143
-1.109
-1.05
-0.984
-0.95
-0.962
-0.937
-0.832
-0.719
-0.667
-0.694
-0.771
-0.805
-0.803
-0.873
-1.002
-1.048
-1
-0.959
-0.937
-0.919
-0.885
-0.826
-0.773
-0.758
-0.773
-0.78
-0.719
-0.633
-0.587
-0.535
-0.465
-0.444
-0.433
-0.392
-0.39
-0.422
-0.454
-0.476
-0.526
-0.576
-0.601
-0.596
-0.538
-0.465
-0.39
-0.274
-0.129
-0.048
-0.007
0.057
0.093
0.093
0.086
0.038
-0.011
-0.027
-0.002
0.029
0.052
0.027
-0.023
-0.061
-0.082
-0.091
-0.147
-0.265
-0.324
-0.27
-0.229
-0.231
-0.229
-0.224
-0.179
-0.095
-0.025
-0.025
-0.032
-0.038
-0.018
0.034
0.054
-0.023
-0.12
-0.102
-0.05
-0.063
-0.091
-0.116
-0.15
-0.195
-0.238
-0.295
-0.377
-0.451
-0.479
-0.467
-0.426
-0.372
-0.327
-0.277
-0.168
0.007
0.122
0.104
0.061
0.084
0.141
0.161
0.163
0.168
0.156
0.138
0.166
0.222
0.195
0.072
-0.016
0.018
0.077
0.077
0.077
0.127
0.191
0.222
0.261
0.329
0.392
0.422
0.408
0.381
0.34
0.315
0.272
0.188
0.12
0.131
0.145
0.134
0.15
0.172
0.191
0.202
0.213
0.211
0.181
0.184
0.243
0.324
0.356
0.333
0.333
0.388
0.404
0.331
0.254
0.195
0.118
0.079
0.104
0.145
0.204
0.286
0.374
0.454
0.456
0.435
0.417
0.39
0.347
0.299
0.231
0.125
0.054
0.038
0.032
0.02
0.014
0.041
0.127
0.209
0.272
0.34
0.422
0.454
0.431
0.383
0.331
0.272
0.243
0.24
0.24
0.234
0.22
0.206
0.172
0.109
0.023
-0.077
-0.181
-0.252
-0.272
-0.299
-0.327
-0.297
-0.224
-0.15
-0.1
-0.061
-0.045
-0.059
-0.066
-0.063
-0.063
-0.088
-0.125
-0.163
-0.218
-0.293
-0.401
-0.499
-0.538
-0.56
-0.585
-0.583
-0.542
-0.513
-0.524
-0.56
-0.574
-0.549
-0.503
-0.499
-0.519
-0.519
-0.503
-0.542
-0.621
-0.678
-0.68
-0.646
-0.621
-0.596
-0.596
-0.592
-0.538
-0.463
-0.44
-0.472
-0.513
-0.528
-0.538
-0.594
-0.712
-0.803
-0.785
-0.776
-0.789
-0.753
-0.687
-0.63
-0.601
-0.606
-0.612
-0.585
-0.581
-0.635
-0.696
-0.703
-0.705
-0.767
-0.875
-0.944
-0.93
-0.866
-0.801
-0.794
-0.851
-0.923
-0.932
-0.93
-0.975
-1.034
-1.034
-0.962
-0.875
-0.848
-0.907
-0.973
-0.982
-0.975
-1.002
-1.037
-1.046
-1.016
-0.998
-1.034
-1.086
-1.086
-1.043
-1.016
-1.03
-1.061
-1.1
-1.125
-1.141
-1.15
-1.148
-1.13
-1.089
-1.041
-1.021
-1.021
-1.002
-0.946
-0.905
-0.932
-0.95
-0.932
-0.896
-0.875
-0.9
-0.9
-0.855
-0.755
-0.615
-0.544
-0.556
-0.553
-0.524
-0.556
-0.665
-0.764
-0.807
-0.778
-0.719
-0.66
-0.621
-0.617
-0.633
-0.603
-0.522
-0.492
-0.501
-0.508
-0.506
-0.469
-0.438
-0.444
-0.454
-0.435
-0.395
-0.377
-0.41
-0.456
-0.501
-0.563
-0.619
-0.646
-0.649
-0.689
-0.751
-0.749
-0.739
-0.767
-0.821
-0.875
-0.871
-0.826
-0.787
-0.78
-0.841
-0.944
-1.016
-1.03
-1.025
-1.077
-1.161
-1.227
-1.286
-1.307
-1.354
-1.454
-1.542
-1.62
-1.66
-1.647
-1.681
-1.746
-1.792
-1.79
-1.744
-1.701
-1.694
-1.701
-1.715
-1.737
-1.785
-1.867
-1.939
-1.985
-1.973
-1.987
-2.075
-2.143
-2.175
-2.23
-2.275
-2.284
-2.246
-2.175
-2.116
-2.1
-2.123
-2.168
-2.18
-2.155
-2.137
-2.18
-2.191
-2.146
-2.094
-2.073
-2.112
-2.168
-2.162
-2.116
-2.089
-2.094
-2.114
-2.109
-2.053
-2.003
-1.985
-1.976
-1.948
-1.93
-1.889
-1.808
-1.771
-1.771
-1.719
-1.622
-1.526
-1.481
-1.481
-1.449
-1.395
-1.359
-1.361
-1.359
-1.359
-1.356
-1.322
-1.266
-1.229
-1.238
-1.259
-1.229
-1.161
-1.125
-1.107
-1.073
-1.034
-0.968
-0.948
-0.998
-1.037
-0.993
-0.919
-0.889
-0.91
-0.9
-0.814
-0.733
-0.758
-0.832
-0.866
-0.832
-0.776
-0.735
-0.76
-0.823
-0.814
-0.764
-0.787
-0.9
-0.996
-1.027
-1.012
-1.043
-1.118
-1.173
-1.152
-1.084
-1.048
-1.066
-1.111
-1.096
-1.018
-0.939
-0.885
-0.882
-0.866
-0.839
-0.851
-0.905
-0.937
-0.975
-1.055
-1.118
-1.125
-1.1
-1.082
-1.08
-1.086
-1.091
-1.059
-1.039
-1.009
-0.953
-0.896
-0.853
-0.812
-0.764
-0.742
-0.708
-0.653
-0.621
-0.637
-0.68
-0.726
-0.749
-0.753
-0.728
-0.699
-0.692
-0.689
-0.674
-0.63
-0.519
-0.424
-0.367
-0.29
-0.177
-0.07
-0.023
-0.027
-0.032
-0.018
-0.007
-0.005
0
0.02
0.045
0.086
0.168
0.243
0.279
0.354
0.476
0.549
0.542
0.542
0.615
0.705
0.708
0.646
0.61
0.615
0.615
0.558
0.449
0.395
0.451
0.547
0.594
0.576
0.626
0.819
0.996
1.034
1.052
1.123
1.188
1.186
1.13
1.066
1.027
1.002
0.962
0.905
0.857
0.828
0.848
0.953
1.055
1.082
1.1
1.188
1.3
1.345
1.343
1.365
1.418
1.449
1.443
1.393
1.352
1.334
1.291
1.152
0.989
0.925
0.93
0.941
0.923
0.921
0.993
1.1
1.132
1.107
1.118
1.173
1.193
1.184
1.168
1.166
1.157
1.118
1.084
1.068
1.075
1.071
1.041
1.048
1.109
1.134
1.154
1.243
1.381
1.452
1.447
1.468
1.508
1.497
1.465
1.465
1.497
1.506
1.472
1.456
1.452
1.458
1.479
1.526
1.547
1.563
1.669
1.849
1.992
2.044
2.094
2.187
2.246
2.214
2.18
2.182
2.189
2.171
2.146
2.137
2.141
2.146
2.162
2.189
2.237
2.268
2.3
2.37
2.515
2.62
2.633
2.636
2.72
2.808
2.79
2.706
2.67
2.651
2.579
2.459
2.379
2.393
2.436
2.413
2.332
2.304
2.404
2.543
2.572
2.55
2.563
2.618
2.629
2.599
2.565
2.52
2.481
2.477
2.47
2.427
2.343
2.27
2.257
2.311
2.352
2.325
2.291
2.343
2.484
2.531
2.436
2.345
2.339
2.323
2.273
2.223
2.175
2.082
1.989
1.957
1.982
2.01
2.023
2.026
2.01
2.001
2.091
2.221
2.27
2.246
2.25
2.304
2.325
2.295
2.243
2.159
2.071
2.019
1.982
1.93
1.869
1.824
1.837
1.889
1.946
1.969
1.969
2.016
2.143
2.259
2.264
2.202
2.182
2.175
2.184
2.234
2.268
2.2
2.069
1.98
1.98
2.001
1.967
1.878
1.808
1.81
1.901
2.014
2.028
1.978
1.964
2.064
2.205
2.241
2.178
2.123
2.159
2.246
2.239
2.128
2.044
2.071
2.159
2.207
2.196
2.153
2.155
2.212
2.266
2.323
2.329
2.273
2.196
2.175
2.216
2.277
2.266
2.13
2.003
1.994
2.096
2.146
2.071
1.987
2.007
2.066
2.162
2.261
2.28
2.223
2.191
2.23
2.232
2.112
1.978
1.955
2.003
2.021
1.96
1.889
1.885
1.946
1.998
2.028
2.073
2.105
2.094
2.159
2.282
2.304
2.246
2.187
2.162
2.191
2.27
2.307
2.261
2.157
2.071
2.064
2.139
2.241
2.225
2.08
2.016
2.134
2.329
2.427
2.418
2.357
2.379
2.55
2.695
2.645
2.475
2.486
2.717
2.912
2.958
2.931
2.865
2.881
3.023
3.209
3.221
3.014
2.915
3.067
3.198
3.089
2.91
2.872
2.978
3.087
3.071
2.946
2.876
2.91
2.915
2.912
2.958
3.023
3.101
3.164
3.18
3.153
3.132
3.146
3.167
3.126
2.994
2.858
2.797
2.747
2.67
2.633
2.692
2.79
2.874
2.892
2.833
2.781
2.822
2.862
2.795
2.729
2.708
2.72
2.747
2.738
2.681
2.556
2.429
2.332
2.28
2.284
2.3
2.239
2.2
2.336
2.529
2.599
2.554
2.518
2.52
2.563
2.627
2.658
2.59
2.475
2.443
2.527
2.559
2.427
2.316
2.384
2.529
2.595
2.622
2.656
2.733
2.892
3.064
3.128
3.119
3.08
3.003
2.953
2.931
2.837
2.686
2.613
2.606
2.55
2.447
2.395
2.418
2.49
2.581
2.692
2.806
2.962
3.132
3.187
3.132
3.101
3.148
3.198
3.119
2.953
2.837
2.783
2.67
2.47
2.343
2.304
2.289
2.304
2.357
2.407
2.481
2.606
2.774
2.91
2.958
2.897
2.876
2.919
2.903
2.79
2.631
2.495
2.368
2.257
2.159
2.112
2.071
2.001
1.964
2.037
2.189
2.32
2.411
2.515
2.586
2.631
2.663
2.695
2.661
2.563
2.454
2.327
2.157
1.982
1.842
1.731
1.635
1.565
1.545
1.595
1.685
1.731
1.751
1.799
1.862
1.928
1.969
1.951
1.908
1.867
1.787
1.685
1.574
1.454
1.318
1.195
1.093
1.043
1.041
1.05
1.032
1.08
1.236
1.393
1.413
1.343
1.295
1.302
1.266
1.166
1.027
0.878
0.724
0.567
0.438
0.372
0.322
0.268
0.254
0.37
0.528
0.617
0.667
0.721
0.769
0.803
0.846
0.855
0.812
0.712
0.626
0.535
0.404
0.299
0.2
0.102
0.025
0.002
0.025
0.084
0.131
0.2
0.336
0.513
0.64
0.708
0.746
0.767
0.735
0.64
0.49
0.345
0.229
0.122
0.029
-0.018
-0.036
-0.057
-0.057
-0.005
0.088
0.188
0.274
0.342
0.404
0.467
0.522
0.544
0.503
0.433
0.374
0.293
0.204
0.145
0.093
0.023
-0.005
0.014
0.054
0.086
0.109
0.111
0.127
0.145
0.12
0.061
-0.018
-0.077
-0.091
-0.122
-0.181
-0.229
-0.286
-0.302
-0.238
-0.127
-0.011
0.097
0.177
0.265
0.358
0.442
0.447
0.377
0.313
0.288
0.274
0.197
0.082
-0.052
-0.166
-0.234
-0.281
-0.317
-0.304
-0.24
-0.129
-0.023
0.072
0.166
0.254
0.317
0.367
0.363
0.315
0.252
0.191
0.102
-0.014
-0.082
-0.12
-0.197
-0.313
-0.406
-0.429
-0.386
-0.306
-0.236
-0.191
-0.131
-0.002
0.156
0.191
0.097
0
-0.041
-0.045
-0.082
-0.197
-0.322
-0.374
-0.367
-0.349
-0.381
-0.463
-0.506
-0.485
-0.454
-0.469
-0.519
-0.538
-0.479
-0.415
-0.41
-0.44
-0.456
-0.476
-0.476
-0.492
-0.56
-0.615
-0.612
-0.581
-0.574
-0.61
-0.665
-0.653
-0.583
-0.553
-0.59
-0.642
-0.646
-0.667
-0.764
-0.923
-1.08
-1.157
-1.139
-1.091
-1.077
-1.086
-1.064
-1.005
-0.975
-1.012
-1.041
-1.032
-0.978
-0.905
-0.889
-0.925
-0.959
-0.984
-1.021
-1.071
-1.111
-1.157
-1.188
-1.191
-1.193
-1.207
-1.173
-1.091
-1.064
-1.093
-1.127
-1.114
-1.059
-1.055
-1.107
-1.161
-1.161
-1.134
-1.157
-1.252
-1.356
-1.363
-1.288
-1.257
-1.334
-1.379
-1.311
-1.175
-1.073
-1.055
-1.043
-0.996
-0.966
-1.032
-1.154
-1.245
-1.272
-1.279
-1.334
-1.397
-1.44
-1.456
-1.443
-1.415
-1.447
-1.486
-1.447
-1.322
-1.234
-1.186
-1.152
-1.091
-0.993
-0.971
-1.009
-1.061
-1.084
-1.125
-1.254
-1.477
-1.629
-1.647
-1.654
-1.735
-1.824
-1.833
-1.737
-1.576
-1.44
-1.429
-1.436
-1.343
-1.223
-1.177
-1.229
-1.322
-1.379
-1.393
-1.434
-1.549
-1.746
-1.935
-2.014
-2.069
-2.137
-2.189
-2.193
-2.143
-2.035
-1.919
-1.844
-1.737
-1.638
-1.57
-1.567
-1.622
-1.688
-1.769
-1.88
-2.019
-2.143
-2.175
-2.173
-2.209
-2.28
-2.339
-2.314
-2.207
-2.096
-2.069
-2.062
-1.996
-1.869
-1.79
-1.84
-1.935
-1.994
-2.041
-2.112
-2.205
-2.298
-2.364
-2.366
-2.325
-2.309
-2.307
-2.25
-2.171
-2.105
-2.051
-2.021
-2.01
-1.973
-1.912
-1.892
-1.939
-1.985
-2.014
-2.069
-2.164
-2.273
-2.334
-2.357
-2.332
-2.275
-2.223
-2.18
-2.089
-1.935
-1.81
-1.79
-1.81
-1.819
-1.812
-1.83
-1.865
-1.93
-1.987
-2.028
-2.071
-2.155
-2.202
-2.191
-2.2
-2.202
-2.141
-2.064
-2.007
-1.962
-1.923
-1.901
-1.896
-1.883
-1.889
-1.935
-1.989
-2.005
-1.98
-1.971
-2.037
-2.118
-2.18
-2.248
-2.28
-2.273
-2.293
-2.334
-2.375
-2.375
-2.37
-2.409
-2.493
-2.581
-2.624
-2.636
-2.699
-2.781
-2.779
-2.704
-2.663
-2.692
-2.736
-2.736
-2.692
-2.683
-2.74
-2.792
-2.779
-2.715
-2.651
-2.69
-2.815
-2.924
-2.951
-2.978
-3.06
-3.155
-3.203
-3.198
-3.225
-3.264
-3.289
-3.307
-3.314
-3.284
-3.253
-3.214
-3.169
-3.114
-3.033
-2.931
-2.853
-2.831
-2.822
-2.847
-2.91
-3.008
-3.098
-3.155
-3.216
-3.3
-3.334
-3.323
-3.337
-3.341
-3.337
-3.366
-3.384
-3.303
-3.148
-3.012
-2.958
-2.942
-2.865
-2.751
-2.681
-2.713
-2.833
-2.887
-2.849
-2.887
-3.012
-3.103
-3.142
-3.18
-3.214
-3.198
-3.151
-3.092
-3.03
-2.967
-2.881
-2.774
-2.672
-2.597
-2.611
-2.658
-2.667
-2.679
-2.767
-2.899
-3.01
-3.098
-3.164
-3.209
-3.198
-3.132
-3.073
-3.094
-3.137
-3.048
-2.872
-2.872
-3.062
-3.164
-3.071
-2.981
-3.048
-3.262
-3.434
-3.466
-3.47
-3.579
-3.749
-3.899
-3.899
-3.749
-3.679
-3.758
-3.777
-3.602
-3.411
-3.339
-3.393
-3.493
-3.548
-3.559
-3.643
-3.87
-4.065
-4.074
-4.035
-4.115
-4.26
-4.387
-4.396
-4.278
-4.178
-4.219
-4.273
-4.162
-3.967
-3.89
-3.949
-3.997
-3.942
-3.842
-3.808
-3.899
-4.044
-4.121
-4.108
-4.135
-4.283
-4.428
-4.446
-4.378
-4.328
-4.341
-4.325
-4.178
-3.972
-3.833
-3.811
-3.827
-3.758
-3.704
-3.763
-3.838
-3.824
-3.786
-3.813
-3.867
-3.913
-3.913
-3.874
-3.856
-3.886
-3.899
-3.802
-3.638
-3.568
-3.581
-3.523
-3.425
-3.371
-3.355
-3.402
-3.459
-3.425
-3.373
-3.398
-3.498
-3.586
-3.6
-3.55
-3.568
-3.715
-3.795
-3.718
-3.611
-3.541
-3.507
-3.511
-3.477
-3.386
-3.33
-3.355
-3.418
-3.448
-3.486
-3.545
-3.55
-3.575
-3.618
-3.616
-3.591
-3.609
-3.656
-3.686
-3.668
-3.609
-3.586
-3.597
-3.554
-3.45
-3.398
-3.362
-3.312
-3.296
-3.303
-3.316
-3.339
-3.377
-3.448
-3.502
-3.511
-3.461
-3.4
-3.43
-3.491
-3.414
-3.266
-3.185
-3.164
-3.164
-3.135
-3.053
-2.994
-3.067
-3.225
-3.332
-3.382
-3.359
-3.318
-3.38
-3.439
-3.314
-3.144
-3.062
-3.069
-3.092
-3.069
-3.003
-2.931
-2.919
-2.919
-2.847
-2.785
-2.824
-2.874
-2.901
-2.931
-2.965
-2.987
-3.008
-3.021
-2.99
-2.89
-2.779
-2.729
-2.713
-2.665
-2.584
-2.568
-2.597
-2.565
-2.497
-2.456
-2.466
-2.515
-2.586
-2.599
-2.538
-2.484
-2.445
-2.35
-2.275
-2.264
-2.218
-2.148
-2.153
-2.182
-2.168
-2.143
-2.123
-2.084
-2.044
-2.035
-2.026
-2.019
-2.014
-1.998
-2.028
-2.084
-2.062
-1.987
-1.928
-1.858
-1.787
-1.731
-1.638
-1.551
-1.488
-1.427
-1.359
-1.34
-1.372
-1.368
-1.334
-1.359
-1.449
-1.511
-1.54
-1.533
-1.499
-1.443
-1.399
-1.365
-1.318
-1.247
-1.154
-1.105
-1.093
-1.032
-0.955
-0.95
-0.991
-1.023
-1.082
-1.152
-1.204
-1.261
-1.302
-1.302
-1.304
-1.374
-1.406
-1.327
-1.252
-1.243
-1.247
-1.275
-1.284
-1.288
-1.302
-1.343
-1.402
-1.458
-1.477
-1.483
-1.56
-1.672
-1.644
-1.556
-1.567
-1.647
-1.654
-1.617
-1.59
-1.606
-1.669
-1.744
-1.731
-1.638
-1.631
-1.708
-1.753
-1.742
-1.679
-1.642
-1.681
-1.728
-1.719
-1.665
-1.669
-1.735
-1.821
-1.869
-1.803
-1.706
-1.688
-1.642
-1.52
-1.443
-1.424
-1.429
-1.413
-1.384
-1.388
-1.411
-1.44
-1.422
-1.338
-1.297
-1.263
-1.148
-1.007
-0.914
-0.841
-0.782
-0.758
-0.769
-0.782
-0.789
-0.798
-0.837
-0.885
-0.885
-0.846
-0.819
-0.744
-0.633
-0.563
-0.501
-0.431
-0.356
-0.304
-0.279
-0.247
-0.175
-0.088
-0.045
-0.016
-0.011
-0.054
-0.127
-0.175
-0.224
-0.304
-0.37
-0.392
-0.42
-0.469
-0.488
-0.472
-0.438
-0.388
-0.311
-0.227
-0.129
-0.072
-0.032
0.018
0.016
-0.036
-0.023
0.002
-0.077
-0.209
-0.258
-0.231
-0.218
-0.238
-0.258
-0.215
-0.118
-0.043
-0.005
0.061
0.177
0.258
0.261
0.279
0.34
0.365
0.322
0.277
0.252
0.24
0.249
0.286
0.336
0.377
0.426
0.508
0.59
0.601
0.592
0.665
0.771
0.789
0.776
0.832
0.948
1.043
1.071
1.043
1
0.973
0.955
0.91
0.835
0.771
0.789
0.885
1.016
1.107
1.152
1.229
1.39
1.54
1.588
1.613
1.66
1.669
1.629
1.565
1.49
1.409
1.354
1.318
1.277
1.254
1.272
1.381
1.511
1.574
1.608
1.701
1.815
1.849
1.808
1.751
1.694
1.66
1.665
1.679
1.669
1.69
1.76
1.837
1.896
1.914
1.894
1.855
1.91
2.023
2.044
1.994
1.992
2.078
2.207
2.295
2.309
2.284
2.28
2.295
2.293
2.225
2.109
2.016
1.987
1.973
1.948
1.942
2.014
2.146
2.284
2.407
2.513
2.593
2.656
2.665
2.611
2.531
2.477
2.438
2.411
2.391
2.393
2.454
2.597
2.781
2.856
2.826
2.831
2.935
3.037
3.014
2.922
2.847
2.817
2.799
2.747
2.67
2.597
2.579
2.676
2.774
2.772
2.781
2.881
3.028
3.098
3.092
3.08
3.121
3.167
3.198
3.248
3.318
3.382
3.432
3.455
3.457
3.436
3.407
3.348
3.287
3.23
3.178
3.146
3.112
3.062
3.046
3.101
3.203
3.305
3.382
3.464
3.552
3.593
3.559
3.518
3.5
3.436
3.337
3.232
3.148
3.105
3.11
3.189
3.314
3.409
3.484
3.579
3.659
3.65
3.554
3.475
3.473
3.466
3.375
3.239
3.169
3.209
3.257
3.221
3.148
3.126
3.13
3.128
3.119
3.103
3.103
3.128
3.155
3.119
3.03
2.999
3.087
3.18
3.203
3.203
3.234
3.291
3.312
3.234
3.071
2.915
2.813
2.738
2.656
2.588
2.584
2.654
2.758
2.799
2.758
2.708
2.67
2.649
2.627
2.538
2.434
2.404
2.432
2.443
2.404
2.366
2.436
2.543
2.599
2.636
2.717
2.785
2.828
2.828
2.776
2.701
2.62
2.511
2.4
2.293
2.209
2.171
2.173
2.157
2.125
2.125
2.155
2.173
2.202
2.234
2.275
2.339
2.4
2.466
2.538
2.565
2.559
2.586
2.624
2.595
2.486
2.364
2.248
2.187
2.173
2.166
2.155
2.173
2.234
2.35
2.479
2.538
2.55
2.599
2.663
2.695
2.661
2.574
2.495
2.436
2.375
2.316
2.293
2.32
2.388
2.506
2.609
2.679
2.736
2.781
2.822
2.849
2.849
2.885
2.969
3.042
3.039
3.001
2.953
2.942
2.987
3.058
3.083
3.092
3.117
3.155
3.16
3.092
3.003
2.971
2.983
3.023
3.069
3.101
3.146
3.262
3.418
3.543
3.597
3.609
3.609
3.636
3.668
3.645
3.6
3.57
3.586
3.67
3.781
3.854
3.92
4.003
4.097
4.16
4.121
4.019
3.938
3.908
3.888
3.852
3.854
3.915
3.992
4.106
4.26
4.378
4.455
4.552
4.679
4.772
4.775
4.716
4.67
4.632
4.555
4.484
4.505
4.582
4.648
4.693
4.752
4.788
4.802
4.813
4.852
4.897
4.902
4.886
4.893
4.883
4.843
4.829
4.829
4.863
4.929
4.977
5.004
5.038
5.031
5.076
5.117
5.074
4.988
4.952
4.97
4.997
4.986
4.952
4.977
5.065
5.101
5.065
5.022
4.988
4.933
4.883
4.8
4.65
4.527
4.496
4.507
4.487
4.437
4.446
4.527
4.632
4.686
4.673
4.6
4.496
4.43
4.366
4.271
4.187
4.149
4.149
4.139
4.074
3.956
3.858
3.854
3.856
3.79
3.725
3.69
3.672
3.69
3.715
3.727
3.743
3.795
3.881
3.963
3.981
3.958
3.935
3.892
3.836
3.795
3.725
3.577
3.423
3.373
3.4
3.407
3.35
3.291
3.33
3.445
3.491
3.468
3.434
3.386
3.38
3.386
3.328
3.237
3.189
3.203
3.25
3.266
3.23
3.212
3.234
3.225
3.194
3.191
3.187
3.185
3.232
3.275
3.239
3.126
3.001
2.91
2.899
2.901
2.858
2.849
2.86
2.828
2.754
2.713
2.724
2.774
2.837
2.897
2.958
3.051
3.151
3.216
3.259
3.305
3.339
3.314
3.205
3.08
2.994
2.926
2.856
2.783
2.72
2.683
2.672
2.679
2.704
2.758
2.758
2.724
2.729
2.742
2.722
2.69
2.633
2.577
2.552
2.531
2.477
2.438
2.459
2.52
2.574
2.568
2.493
2.454
2.468
2.466
2.395
2.298
2.2
2.153
2.143
2.139
2.105
2.021
1.955
1.978
2.051
2.066
2.016
1.996
2.046
2.134
2.175
2.118
2.037
2.039
2.064
2.066
2.055
2.028
2.003
2.035
2.069
2.06
1.989
1.903
1.862
1.876
1.876
1.855
1.855
1.874
1.953
2.082
2.166
2.207
2.25
2.275
2.257
2.221
2.134
1.962
1.783
1.679
1.617
1.57
1.533
1.545
1.617
1.699
1.751
1.79
1.826
1.855
1.86
1.79
1.631
1.504
1.447
1.361
1.232
1.161
1.136
1.118
1.114
1.13
1.134
1.127
1.077
0.98
0.873
0.805
0.782
0.753
0.694
0.653
0.633
0.633
0.635
0.628
0.542
0.374
0.243
0.154
0.048
-0.075
-0.172
-0.215
-0.224
-0.247
-0.304
-0.361
-0.386
-0.37
-0.399
-0.494
-0.531
-0.472
-0.454
-0.519
-0.615
-0.665
-0.733
-0.823
-0.875
-0.903
-0.959
-1.025
-1.039
-1
-0.962
-0.978
-1.032
-1.084
-1.091
-1.077
-1.073
-1.071
-1.059
-1.08
-1.13
-1.134
-1.121
-1.148
-1.195
-1.191
-1.118
-1.061
-1.084
-1.159
-1.191
-1.145
-1.1
-1.139
-1.25
-1.282
-1.211
-1.125
-1.109
-1.168
-1.223
-1.223
-1.166
-1.098
-1.096
-1.161
-1.195
-1.139
-1.041
-0.984
-1.016
-1.075
-1.061
-0.987
-0.962
-0.978
-0.966
-0.891
-0.835
-0.83
-0.819
-0.821
-0.844
-0.835
-0.794
-0.801
-0.864
-0.948
-0.991
-1.005
-1.018
-1.032
-1.082
-1.157
-1.132
-1.061
-1.05
-1.089
-1.102
-1.107
-1.127
-1.139
-1.15
-1.148
-1.125
-1.116
-1.136
-1.173
-1.227
-1.3
-1.356
-1.415
-1.517
-1.658
-1.769
-1.776
-1.701
-1.708
-1.785
-1.806
-1.792
-1.778
-1.781
-1.803
-1.855
-1.917
-1.935
-1.928
-1.946
-1.982
-2.003
-1.998
-2.007
-1.978
-1.935
-1.962
-2.055
-2.123
-2.168
-2.207
-2.286
-2.345
-2.325
-2.25
-2.182
-2.148
-2.103
-2.06
-2.041
-2.023
-2.019
-2.039
-2.016
-1.994
-2.073
-2.153
-2.15
-2.109
-2.109
-2.146
-2.189
-2.164
-2.094
-2.075
-2.18
-2.323
-2.316
-2.221
-2.23
-2.28
-2.252
-2.164
-2.021
-1.876
-1.83
-1.842
-1.837
-1.801
-1.751
-1.735
-1.796
-1.871
-1.84
-1.758
-1.771
-1.833
-1.833
-1.796
-1.778
-1.769
-1.765
-1.737
-1.701
-1.663
-1.654
-1.688
-1.647
-1.556
-1.56
-1.588
-1.526
-1.449
-1.42
-1.386
-1.352
-1.338
-1.347
-1.365
-1.377
-1.35
-1.32
-1.316
-1.272
-1.184
-1.159
-1.184
-1.175
-1.15
-1.145
-1.182
-1.209
-1.243
-1.277
-1.293
-1.311
-1.354
-1.361
-1.304
-1.27
-1.238
-1.184
-1.166
-1.145
-1.089
-1.061
-1.093
-1.123
-1.093
-1.071
-1.086
-1.132
-1.207
-1.27
-1.27
-1.309
-1.415
-1.497
-1.526
-1.558
-1.572
-1.551
-1.554
-1.572
-1.574
-1.551
-1.558
-1.54
-1.479
-1.483
-1.549
-1.57
-1.579
-1.642
-1.726
-1.801
-1.865
-1.908
-1.928
-1.939
-1.935
-1.894
-1.858
-1.835
-1.819
-1.871
-1.969
-1.989
-1.942
-1.935
-1.989
-2.06
-2.087
-2.062
-2.078
-2.141
-2.232
-2.275
-2.216
-2.164
-2.193
-2.193
-2.116
-2.055
-2.019
-1.998
-2.014
-2.037
-2.016
-1.994
-1.989
-2.003
-2.023
-2.044
-2.035
-2.044
-2.116
-2.159
-2.137
-2.082
-2.03
-1.98
-1.969
-1.964
-1.946
-1.937
-1.953
-1.996
-1.971
-1.901
-1.88
-1.869
-1.828
-1.826
-1.851
-1.86
-1.885
-1.935
-1.964
-1.957
-1.937
-1.889
-1.83
-1.821
-1.792
-1.765
-1.801
-1.858
-1.896
-1.951
-2.005
-2.044
-2.078
-2.121
-2.125
-2.078
-2.03
-2.021
-1.989
-1.928
-1.921
-1.953
-1.962
-2.01
-2.109
-2.223
-2.329
-2.436
-2.52
-2.55
-2.565
-2.536
-2.475
-2.429
-2.348
-2.255
-2.248
-2.293
-2.325
-2.37
-2.438
-2.509
-2.584
-2.69
-2.808
-2.892
-2.946
-2.999
-3.028
-3.005
-3.005
-3.021
-2.962
-2.894
-2.881
-2.899
-2.906
-2.899
-2.892
-2.881
-2.915
-2.985
-2.99
-2.91
-2.899
-2.985
-3.042
-3.044
-3.064
-3.142
-3.262
-3.337
-3.346
-3.334
-3.318
-3.253
-3.178
-3.123
-3.064
-3.017
-3.008
-3.026
-3.046
-3.053
-3.01
-2.962
-2.981
-3.042
-3.033
-2.981
-2.996
-3.037
-3.026
-2.949
-2.878
-2.869
-2.883
-2.835
-2.745
-2.706
-2.713
-2.724
-2.776
-2.833
-2.819
-2.76
-2.729
-2.715
-2.649
-2.54
-2.418
-2.332
-2.284
-2.268
-2.241
-2.214
-2.239
-2.309
-2.384
-2.445
-2.518
-2.545
-2.534
-2.488
-2.488
-2.527
-2.529
-2.479
-2.45
-2.479
-2.522
-2.543
-2.554
-2.559
-2.559
-2.529
-2.456
-2.388
-2.323
-2.264
-2.275
-2.327
-2.37
-2.427
-2.5
-2.602
-2.704
-2.801
-2.881
-2.951
-2.99
-2.974
-2.935
-2.881
-2.817
-2.765
-2.731
-2.713
-2.724
-2.747
-2.783
-2.808
-2.819
-2.865
-2.878
-2.849
-2.813
-2.79
-2.767
-2.751
-2.754
-2.783
-2.813
-2.801
-2.772
-2.772
-2.77
-2.758
-2.745
-2.704
-2.661
-2.651
-2.615
-2.543
-2.481
-2.47
-2.493
-2.509
-2.477
-2.454
-2.484
-2.52
-2.518
-2.479
-2.452
-2.484
-2.509
-2.463
-2.4
-2.357
-2.366
-2.411
-2.398
-2.343
-2.293
-2.3
-2.359
-2.391
-2.318
-2.214
-2.212
-2.293
-2.314
-2.223
-2.116
-2.082
-2.166
-2.257
-2.252
-2.223
-2.277
-2.407
-2.518
-2.52
-2.443
-2.352
-2.314
-2.257
-2.143
-1.996
-1.862
-1.819
-1.88
-1.932
-1.914
-1.889
-1.96
-2.08
-2.148
-2.155
-2.13
-2.137
-2.166
-2.139
-2.071
-2.005
-1.957
-1.894
-1.815
-1.726
-1.66
-1.651
-1.656
-1.651
-1.633
-1.635
-1.651
-1.66
-1.688
-1.724
-1.719
-1.697
-1.731
-1.801
-1.826
-1.778
-1.717
-1.679
-1.62
-1.533
-1.458
-1.415
-1.347
-1.291
-1.313
-1.379
-1.418
-1.42
-1.406
-1.447
-1.542
-1.629
-1.642
-1.592
-1.513
-1.447
-1.384
-1.272
-1.13
-1
-0.919
-0.914
-0.98
-1.037
-1.086
-1.145
-1.266
-1.386
-1.363
-1.241
-1.148
-1.091
-1.005
-0.894
-0.826
-0.803
-0.814
-0.851
-0.916
-0.982
-0.998
-1.018
-1.116
-1.2
-1.234
-1.236
-1.243
-1.279
-1.316
-1.3
-1.261
-1.257
-1.243
-1.182
-1.089
-1.021
-0.966
-0.919
-0.862
-0.814
-0.814
-0.923
-1.025
-1.061
-1.116
-1.238
-1.399
-1.511
-1.56
-1.597
-1.635
-1.64
-1.597
-1.474
-1.318
-1.195
-1.145
-1.105
-1.018
-0.925
-0.898
-0.93
-0.987
-1.039
-1.059
-1.093
-1.218
-1.379
-1.488
-1.511
-1.481
-1.447
-1.431
-1.34
-1.173
-1.05
-1.009
-1.032
-1.068
-1.068
-1.048
-1.027
-1.007
-1.002
-0.993
-0.953
-0.905
-0.885
-0.864
-0.796
-0.71
-0.637
-0.608
-0.665
-0.737
-0.742
-0.721
-0.737
-0.703
-0.596
-0.483
-0.438
-0.438
-0.413
-0.363
-0.365
-0.404
-0.404
-0.395
-0.386
-0.361
-0.304
-0.204
-0.102
-0.034
-0.005
-0.016
-0.029
-0.045
-0.082
-0.156
-0.274
-0.358
-0.365
-0.39
-0.449
-0.506
-0.535
-0.524
-0.472
-0.413
-0.383
-0.361
-0.299
-0.195
-0.12
-0.102
-0.102
-0.093
-0.093
-0.145
-0.213
-0.277
-0.315
-0.345
-0.363
-0.354
-0.331
-0.354
-0.363
-0.306
-0.265
-0.277
-0.247
-0.147
-0.054
-0.02
-0.009
-0.023
-0.043
-0.066
-0.091
-0.122
-0.175
-0.181
-0.154
-0.161
-0.2
-0.22
-0.209
-0.156
-0.109
-0.097
-0.068
0.077
0.227
0.238
0.188
0.166
0.136
0.063
-0.034
-0.145
-0.229
-0.238
-0.186
-0.145
-0.118
-0.075
0.018
0.113
0.168
0.231
0.283
0.268
0.231
0.24
0.247
0.222
0.202
0.181
0.181
0.193
0.175
0.111
0.113
0.161
0.172
0.2
0.297
0.386
0.44
0.503
0.594
0.665
0.708
0.71
0.71
0.683
0.66
0.66
0.617
0.528
0.46
0.444
0.46
0.474
0.456
0.44
0.501
0.621
0.676
0.662
0.708
0.789
0.862
0.923
0.944
0.923
0.894
0.873
0.846
0.812
0.769
0.726
0.692
0.669
0.714
0.844
0.912
0.916
0.932
0.998
1.075
1.066
0.975
0.93
1.016
1.102
1.077
1.089
1.184
1.247
1.266
1.259
1.232
1.232
1.245
1.238
1.211
1.182
1.157
1.141
1.111
1.109
1.186
1.291
1.356
1.37
1.368
1.345
1.32
1.293
1.261
1.252
1.272
1.334
1.422
1.495
1.481
1.424
1.431
1.49
1.526
1.52
1.508
1.506
1.493
1.47
1.447
1.415
1.377
1.309
1.213
1.132
1.102
1.093
1.071
1.077
1.125
1.207
1.309
1.365
1.329
1.291
1.318
1.359
1.352
1.286
1.2
1.161
1.164
1.157
1.093
1
0.941
0.91
0.851
0.769
0.73
0.751
0.73
0.63
0.535
0.501
0.497
0.463
0.408
0.388
0.392
0.386
0.388
0.404
0.365
0.288
0.238
0.234
0.261
0.272
0.247
0.236
0.265
0.313
0.313
0.22
0.077
-0.02
-0.036
-0.077
-0.204
-0.331
-0.408
-0.447
-0.442
-0.458
-0.515
-0.526
-0.422
-0.274
-0.172
-0.12
-0.032
0.152
0.342
0.367
0.256
0.161
0.168
0.179
0.111
0.005
-0.082
-0.134
-0.161
-0.156
-0.15
-0.154
-0.138
-0.068
0.043
0.166
0.272
0.361
0.447
0.581
0.76
0.891
0.935
0.944
1.007
1.091
1.13
1.132
1.123
1.089
1.084
1.107
1.105
1.073
1.086
1.175
1.322
1.452
1.558
1.688
1.865
2.01
2.057
2.091
2.159
2.252
2.311
2.316
2.307
2.316
2.314
2.327
2.341
2.364
2.391
2.434
2.522
2.642
2.736
2.77
2.801
2.89
2.996
3.035
3.01
2.931
2.892
2.928
2.919
2.84
2.817
2.874
2.933
2.956
2.96
3.008
3.121
3.25
3.353
3.402
3.445
3.532
3.69
3.781
3.67
3.545
3.554
3.625
3.597
3.47
3.337
3.278
3.232
3.142
3.012
2.956
3.008
3.112
3.196
3.244
3.316
3.427
3.532
3.588
3.634
3.704
3.715
3.611
3.459
3.386
3.368
3.307
3.189
3.055
2.926
2.826
2.779
2.751
2.717
2.695
2.697
2.74
2.776
2.785
2.872
3.053
3.153
3.108
3.071
3.103
3.137
3.098
3.012
2.919
2.851
2.792
2.733
2.665
2.595
2.525
2.488
2.49
2.456
2.388
2.341
2.339
2.37
2.375
2.298
2.221
2.2
2.241
2.291
2.293
2.264
2.286
2.329
2.325
2.295
2.291
2.327
2.386
2.4
2.364
2.341
2.359
2.357
2.343
2.314
2.223
2.15
2.159
2.2
2.218
2.198
2.237
2.334
2.427
2.479
2.522
2.606
2.681
2.699
2.665
2.624
2.579
2.545
2.518
2.475
2.472
2.513
2.554
2.536
2.481
2.49
2.522
2.543
2.577
2.559
2.472
2.4
2.384
2.379
2.332
2.261
2.223
2.223
2.27
2.3
2.241
2.173
2.143
2.132
2.103
2.035
1.932
1.849
1.783
1.71
1.61
1.456
1.293
1.198
1.17
1.093
0.95
0.86
0.864
0.905
0.923
0.9
0.866
0.871
0.9
0.896
0.857
0.839
0.841
0.798
0.694
0.585
0.456
0.265
0.097
-0.02
-0.166
-0.306
-0.374
-0.381
-0.401
-0.449
-0.485
-0.433
-0.313
-0.249
-0.27
-0.24
-0.161
-0.118
-0.138
-0.179
-0.209
-0.227
-0.254
-0.324
-0.408
-0.465
-0.469
-0.519
-0.637
-0.671
-0.635
-0.64
-0.667
-0.658
-0.603
-0.51
-0.417
-0.37
-0.365
-0.397
-0.413
-0.417
-0.426
-0.549
-0.71
-0.78
-0.812
-0.887
-1.009
-1.134
-1.168
-1.145
-1.136
-1.191
-1.245
-1.22
-1.175
-1.252
-1.363
-1.399
-1.434
-1.511
-1.563
-1.617
-1.722
-1.803
-1.846
-1.885
-1.942
-2.007
-2.057
-2.069
-2.044
-2.084
-2.148
-2.155
-2.146
-2.171
-2.28
-2.418
-2.509
-2.547
-2.577
-2.611
-2.629
-2.629
-2.627
-2.663
-2.72
-2.756
-2.76
-2.736
-2.649
-2.554
-2.493
-2.468
-2.438
-2.379
-2.314
-2.302
-2.368
-2.427
-2.459
-2.534
-2.599
-2.588
-2.563
-2.554
-2.554
-2.538
-2.472
-2.398
-2.327
-2.246
-2.141
-2.023
-1.946
-1.898
-1.821
-1.735
-1.712
-1.71
-1.663
-1.599
-1.517
-1.42
-1.32
-1.232
-1.132
-1.041
-0.948
-0.837
-0.776
-0.76
-0.699
-0.583
-0.519
-0.519
-0.544
-0.544
-0.49
-0.417
-0.358
-0.29
-0.179
0.007
0.215
0.399
0.565
0.737
0.885
1.032
1.134
1.152
1.157
1.216
1.284
1.316
1.282
1.213
1.143
1.116
1.071
1
0.984
1.068
1.182
1.277
1.372
1.511
1.697
1.894
2.071
2.198
2.286
2.4
2.495
2.493
2.416
2.329
2.237
2.146
2.091
2.016
1.905
1.846
1.84
1.842
1.88
1.937
1.969
2.03
2.139
2.264
2.37
2.429
2.502
2.618
2.74
2.785
2.711
2.609
2.531
2.441
2.336
2.214
2.071
1.948
1.88
1.817
1.769
1.778
1.812
1.862
1.93
1.998
2.082
2.178
2.261
2.311
2.284
2.198
2.18
2.218
2.209
2.089
1.964
1.932
1.96
1.955
1.901
1.874
1.923
1.992
1.982
1.939
1.896
1.849
1.833
1.871
1.912
1.926
1.91
1.874
1.833
1.806
1.785
1.762
1.726
1.719
1.753
1.799
1.801
1.783
1.769
1.783
1.826
1.876
1.919
1.96
2.026
2.084
2.096
2.028
1.91
1.821
1.767
1.703
1.604
1.495
1.454
1.44
1.402
1.327
1.297
1.313
1.313
1.316
1.368
1.438
1.454
1.404
1.406
1.445
1.42
1.352
1.293
1.307
1.304
1.211
1.111
1.048
0.962
0.837
0.692
0.522
0.338
0.191
0.068
-0.029
-0.082
-0.107
-0.102
-0.02
0.084
0.122
0.143
0.188
0.218
0.159
-0.023
-0.258
-0.454
-0.599
-0.773
-0.987
-1.154
-1.22
-1.266
-1.35
-1.443
-1.483
-1.427
-1.363
-1.347
-1.361
-1.361
-1.368
-1.379
-1.44
-1.52
-1.558
-1.579
-1.631
-1.717
-1.865
-2.039
-2.168
-2.273
-2.429
-2.636
-2.801
-2.817
-2.733
-2.749
-2.79
-2.699
-2.509
-2.348
-2.266
-2.205
-2.1
-1.973
-1.955
-2.035
-2.139
-2.277
-2.463
-2.638
-2.765
-2.865
-2.928
-2.935
-2.917
-2.919
-2.908
-2.844
-2.74
-2.64
-2.57
-2.504
-2.404
-2.291
-2.216
-2.221
-2.284
-2.273
-2.202
-2.198
-2.266
-2.311
-2.307
-2.28
-2.284
-2.327
-2.4
-2.452
-2.463
-2.441
-2.368
-2.286
-2.243
-2.202
-2.109
-2.023
-1.978
-1.946
-1.901
-1.819
-1.799
-1.837
-1.865
-1.878
-1.982
-2.121
-2.191
-2.171
-2.141
-2.146
-2.137
-2.08
-2.035
-2.055
-2.109
-2.112
-2.055
-2.039
-2.073
-2.064
-1.996
-1.928
-1.903
-1.892
-1.871
-1.862
-1.86
-1.858
-1.878
-1.942
-2.016
-2.105
-2.205
-2.266
-2.293
-2.311
-2.255
-2.134
-2.041
-1.992
-1.93
-1.84
-1.744
-1.697
-1.708
-1.749
-1.758
-1.781
-1.878
-2.028
-2.141
-2.175
-2.146
-2.08
-2.019
-1.964
-1.898
-1.792
-1.651
-1.538
-1.551
-1.565
-1.479
-1.365
-1.295
-1.282
-1.263
-1.188
-1.109
-1.111
-1.177
-1.229
-1.25
-1.311
-1.424
-1.474
-1.438
-1.399
-1.379
-1.286
-1.118
-0.935
-0.758
-0.601
-0.42
-0.268
-0.17
-0.093
-0.077
-0.177
-0.29
-0.317
-0.313
-0.358
-0.429
-0.454
-0.392
-0.299
-0.27
-0.286
-0.218
0
0.206
0.283
0.352
0.472
0.567
0.608
0.612
0.63
0.68
0.708
0.694
0.701
0.717
0.708
0.758
0.851
0.873
0.864
0.903
0.966
1.037
1.118
1.17
1.184
1.238
1.304
1.302
1.275
1.331
1.402
1.39
1.336
1.286
1.236
1.202
1.15
1.107
1.116
1.141
1.188
1.284
1.404
1.497
1.592
1.679
1.701
1.665
1.579
1.452
1.334
1.3
1.272
1.175
1.034
0.966
0.966
0.996
1.055
1.118
1.127
1.145
1.213
1.272
1.27
1.211
1.148
1.134
1.136
1.071
0.946
0.855
0.826
0.839
0.81
0.696
0.587
0.517
0.447
0.37
0.311
0.258
0.218
0.22
0.277
0.333
0.39
0.476
0.542
0.528
0.513
0.481
0.408
0.324
0.247
0.156
0.082
0.097
0.138
0.12
0.054
0.045
0.145
0.238
0.206
0.122
0.111
0.156
0.186
0.179
0.143
0.102
0.107
0.125
0.088
0.014
0.002
0.045
0.091
0.17
0.265
0.336
0.404
0.465
0.481
0.481
0.519
0.608
0.694
0.735
0.726
0.733
0.798
0.792
0.678
0.587
0.535
0.476
0.413
0.338
0.236
0.168
0.125
0.027
-0.102
-0.129
-0.07
-0.032
-0.005
0.059
0.125
0.193
0.258
0.333
0.358
0.34
0.322
0.349
0.336
0.195
0.052
0.05
0.061
-0.016
-0.136
-0.281
-0.397
-0.433
-0.456
-0.503
-0.551
-0.551
-0.54
-0.556
-0.515
-0.413
-0.34
-0.27
-0.17
-0.095
-0.107
-0.168
-0.188
-0.143
-0.107
-0.138
-0.145
-0.077
-0.011
0.009
0.057
0.127
0.186
0.238
0.281
0.304
0.322
0.311
0.297
0.272
0.231
0.184
0.159
0.227
0.304
0.281
0.263
0.347
0.447
0.508
0.551
0.606
0.703
0.83
0.921
0.996
1.123
1.223
1.275
1.35
1.372
1.277
1.182
1.157
1.123
1.046
0.973
0.928
0.93
0.948
0.968
1.023
1.114
1.272
1.477
1.572
1.64
1.778
1.871
1.844
1.762
1.715
1.692
1.656
1.57
1.477
1.431
1.438
1.395
1.313
1.309
1.322
1.293
1.302
1.331
1.363
1.406
1.468
1.504
1.474
1.399
1.322
1.213
1.055
0.923
0.807
0.671
0.56
0.465
0.331
0.202
0.138
0.131
0.159
0.202
0.265
0.358
0.501
0.646
0.705
0.746
0.81
0.807
0.73
0.68
0.642
0.576
0.494
0.401
0.317
0.263
0.22
0.159
0.038
-0.023
0.043
0.082
-0.02
-0.118
-0.168
-0.209
-0.277
-0.379
-0.519
-0.626
-0.689
-0.728
-0.764
-0.785
-0.805
-0.816
-0.776
-0.758
-0.851
-0.955
-0.955
-0.907
-0.878
-0.871
-0.866
-0.835
-0.789
-0.769
-0.787
-0.835
-0.826
-0.76
-0.782
-0.914
-1.005
-1.002
-0.989
-1.009
-1.066
-1.096
-1.025
-0.912
-0.832
-0.764
-0.665
-0.581
-0.497
-0.367
-0.331
-0.404
-0.451
-0.42
-0.358
-0.272
-0.136
0.007
0.134
0.236
0.333
0.422
0.469
0.528
0.583
0.56
0.544
0.608
0.653
0.615
0.565
0.596
0.674
0.712
0.696
0.717
0.807
0.9
0.919
0.932
1.007
1.071
1.064
1.105
1.236
1.402
1.554
1.703
1.844
1.962
2.064
2.137
2.139
2.071
2.003
1.96
1.928
1.919
1.896
1.815
1.742
1.744
1.785
1.758
1.647
1.545
1.495
1.499
1.465
1.336
1.209
1.168
1.143
1.098
1.068
1.075
1.107
1.161
1.232
1.268
1.241
1.202
1.134
1.023
0.91
0.83
0.742
0.612
0.51
0.442
0.365
0.277
0.222
0.191
0.161
0.109
0.038
-0.011
0.014
0.023
-0.063
-0.116
-0.129
-0.159
-0.186
-0.215
-0.243
-0.22
-0.134
-0.041
-0.014
-0.129
-0.304
-0.429
-0.494
-0.528
-0.601
-0.749
-0.837
-0.769
-0.66
-0.626
-0.64
-0.626
-0.522
-0.413
-0.395
-0.456
-0.494
-0.426
-0.317
-0.231
-0.195
-0.218
-0.222
-0.138
-0.025
0.007
0.043
0.147
0.247
0.274
0.234
0.172
0.141
0.156
0.236
0.288
0.272
0.331
0.515
0.694
0.782
0.848
0.98
1.159
1.261
1.234
1.157
1.157
1.266
1.345
1.295
1.243
1.266
1.347
1.418
1.438
1.415
1.427
1.488
1.52
1.465
1.37
1.263
1.195
1.186
1.168
1.116
1.098
1.148
1.216
1.286
1.356
1.379
1.379
1.379
1.359
1.291
1.223
1.236
1.266
1.22
1.168
1.211
1.268
1.254
1.198
1.125
1.055
0.978
0.875
0.773
0.665
0.569
0.524
0.506
0.481
0.456
0.454
0.469
0.497
0.522
0.56
0.583
0.556
0.472
0.422
0.383
0.329
0.238
0.134
0.023
-0.034
-0.027
-0.023
-0.116
-0.236
-0.252
-0.213
-0.224
-0.302
-0.42
-0.531
-0.574
-0.553
-0.533
-0.583
-0.68
-0.719
-0.653
-0.583
-0.594
-0.64
-0.66
-0.671
-0.696
-0.755
-0.807
-0.828
-0.801
-0.746
-0.726
-0.721
-0.646
-0.551
-0.494
-0.485
-0.474
-0.449
-0.442
-0.449
-0.474
-0.503
-0.483
-0.422
-0.41
-0.474
-0.549
-0.494
-0.358
-0.288
-0.329
-0.365
-0.336
-0.256
-0.195
-0.191
-0.258
-0.317
-0.286
-0.206
-0.168
-0.186
-0.181
-0.093
0.014
0.075
0.091
0.075
0.027
-0.023
-0.009
0.016
0.018
0.034
0.057
0.07
0.107
0.141
0.125
0.048
-0.036
-0.075
-0.07
-0.068
-0.109
-0.166
-0.177
-0.159
-0.159
-0.152
-0.15
-0.193
-0.209
-0.143
-0.057
-0.025
-0.043
-0.068
-0.116
-0.211
-0.322
-0.433
-0.547
-0.662
-0.728
-0.739
-0.746
-0.771
-0.787
-0.821
-0.853
-0.887
-0.95
-1.032
-1.093
-1.107
-1.066
-1.043
-1.064
-1.061
-1.025
-1.016
-1.048
-1.08
-1.109
-1.179
-1.268
-1.334
-1.352
-1.359
-1.379
-1.388
-1.372
-1.343
-1.295
-1.232
-1.173
-1.102
-1.016
-0.93
-0.885
-0.887
-0.91
-0.953
-1
-1.014
-0.996
-0.973
-0.948
-0.9
-0.828
-0.767
-0.737
-0.721
-0.674
-0.63
-0.635
-0.66
-0.667
-0.651
-0.64
-0.662
-0.692
-0.653
-0.549
-0.42
-0.34
-0.347
-0.329
-0.245
-0.156
-0.134
-0.163
-0.186
-0.168
-0.122
-0.095
-0.12
-0.168
-0.186
-0.127
-0.007
0.029
-0.029
-0.077
-0.077
-0.054
-0.032
-0.036
-0.057
-0.048
-0.02
-0.027
-0.038
-0.016
0.032
0.059
0.072
0.077
0.063
-0.002
-0.072
-0.104
-0.107
-0.131
-0.206
-0.258
-0.27
-0.268
-0.279
-0.29
-0.317
-0.333
-0.365
-0.433
-0.46
-0.456
-0.503
-0.574
-0.603
-0.637
-0.712
-0.785
-0.864
-0.928
-0.953
-0.93
-0.857
-0.794
-0.785
-0.796
-0.789
-0.78
-0.771
-0.773
-0.785
-0.789
-0.782
-0.81
-0.846
-0.882
-0.939
-0.973
-0.991
-1.039
-1.125
-1.2
-1.241
-1.259
-1.272
-1.25
-1.195
-1.166
-1.141
-1.086
-1.012
-0.928
-0.853
-0.807
-0.841
-0.889
-0.882
-0.882
-0.91
-0.962
-1.025
-1.048
-1.016
-0.987
-0.998
-1.032
-1.046
-1
-0.948
-0.923
-0.932
-0.948
-0.916
-0.864
-0.846
-0.821
-0.724
-0.587
-0.481
-0.433
-0.435
-0.44
-0.447
-0.454
-0.429
-0.358
-0.293
-0.274
-0.29
-0.315
-0.349
-0.363
-0.352
-0.354
-0.354
-0.331
-0.306
-0.277
-0.265
-0.249
-0.243
-0.254
-0.215
-0.111
-0.068
-0.116
-0.129
-0.063
0.02
0.038
0.027
0.041
0.084
0.107
0.027
-0.095
-0.191
-0.224
-0.209
-0.186
-0.188
-0.184
-0.143
-0.072
-0.029
-0.057
-0.097
-0.111
-0.143
-0.172
-0.143
-0.122
-0.113
-0.077
-0.023
-0.002
-0.005
-0.02
-0.027
-0.02
-0.045
-0.127
-0.2
-0.204
-0.197
-0.213
-0.254
-0.308
-0.342
-0.347
-0.32
-0.274
-0.258
-0.272
-0.274
-0.27
-0.263
-0.218
-0.213
-0.268
-0.313
-0.349
-0.377
-0.415
-0.476
-0.501
-0.444
-0.383
-0.413
-0.481
-0.54
-0.56
-0.531
-0.492
-0.506
-0.556
-0.576
-0.558
-0.513
-0.515
-0.576
-0.603
-0.592
-0.556
-0.494
-0.458
-0.469
-0.476
-0.472
-0.483
-0.519
-0.567
-0.606
-0.583
-0.547
-0.574
-0.576
-0.517
-0.51
-0.538
-0.549
-0.551
-0.563
-0.603
-0.635
-0.61
-0.606
-0.64
-0.708
-0.782
-0.801
-0.712
-0.64
-0.696
-0.776
-0.794
-0.78
-0.773
-0.807
-0.837
-0.746
-0.621
-0.633
-0.721
-0.758
-0.767
-0.746
-0.719
-0.746
-0.819
-0.846
-0.789
-0.744
-0.794
-0.907
-0.964
-0.939
-0.88
-0.798
-0.778
-0.821
-0.81
-0.755
-0.714
-0.703
-0.728
-0.724
-0.66
-0.547
-0.467
-0.513
-0.633
-0.685
-0.626
-0.583
-0.662
-0.789
-0.812
-0.764
-0.689
-0.635
-0.658
-0.694
-0.669
-0.574
-0.499
-0.503
-0.603
-0.683
-0.628
-0.528
-0.538
-0.606
-0.606
-0.553
-0.506
-0.494
-0.535
-0.578
-0.558
-0.49
-0.401
-0.377
-0.413
-0.422
-0.363
-0.245
-0.163
-0.175
-0.218
-0.186
-0.109
-0.086
-0.129
-0.222
-0.311
-0.329
-0.268
-0.202
-0.188
-0.238
-0.272
-0.238
-0.186
-0.175
-0.156
-0.109
-0.097
-0.134
-0.143
-0.12
-0.122
-0.113
-0.068
-0.029
-0.05
-0.086
-0.066
-0.011
-0.002
-0.034
-0.057
-0.032
0.05
0.063
-0.034
-0.111
-0.127
-0.145
-0.181
-0.206
-0.254
-0.283
-0.261
-0.211
-0.193
-0.224
-0.254
-0.224
-0.154
-0.097
-0.061
-0.011
0.032
0.032
0.041
0.118
0.17
0.079
-0.038
-0.063
-0.057
-0.12
-0.238
-0.324
-0.347
-0.277
-0.186
-0.156
-0.141
-0.084
-0.061
-0.057
-0.032
-0.05
-0.127
-0.136
-0.054
-0.014
-0.038
-0.075
-0.048
0.029
0.093
0.086
0.011
-0.059
-0.111
-0.116
-0.095
-0.129
-0.268
-0.322
-0.22
-0.1
-0.048
-0.048
-0.05
-0.011
0.027
0.038
0.027
0.027
0.068
0.113
0.161
0.256
0.329
0.322
0.333
0.426
0.492
0.456
0.386
0.327
0.315
0.317
0.327
0.361
0.424
0.481
0.535
0.563
0.576
0.56
0.538
0.535
0.506
0.442
0.463
0.535
0.547
0.542
0.619
0.726
0.794
0.832
0.844
0.839
0.812
0.767
0.678
0.624
0.68
0.714
0.637
0.574
0.601
0.606
0.56
0.558
0.599
0.603
0.578
0.565
0.56
0.553
0.576
0.63
0.703
0.782
0.848
0.925
0.95
0.875
0.744
0.676
0.653
0.612
0.544
0.494
0.444
0.438
0.447
0.467
0.531
0.581
0.592
0.61
0.674
0.742
0.689
0.528
0.392
0.354
0.347
0.327
0.322
0.354
0.383
0.417
0.472
0.522
0.531
0.51
0.51
0.531
0.515
0.451
0.408
0.379
0.34
0.352
0.433
0.485
0.447
0.41
0.379
0.333
0.299
0.299
0.297
0.304
0.361
0.467
0.592
0.76
0.891
0.875
0.803
0.798
0.798
0.68
0.51
0.37
0.27
0.202
0.131
0.059
0.014
0.032
0.084
0.136
0.134
0.093
0.072
0.07
0.036
-0.041
-0.088
-0.061
-0.025
-0.048
-0.07
-0.045
-0.027
-0.063
-0.145
-0.195
-0.222
-0.258
-0.315
-0.404
-0.456
-0.404
-0.338
-0.379
-0.522
-0.63
-0.63
-0.608
-0.674
-0.789
-0.86
-0.871
-0.841
-0.798
-0.753
-0.703
-0.601
-0.467
-0.345
-0.288
-0.331
-0.399
-0.454
-0.492
-0.551
-0.669
-0.798
-0.907
-0.944
-0.921
-0.907
-0.921
-0.9
-0.875
-0.896
-0.935
-0.941
-0.894
-0.823
-0.789
-0.816
-0.816
-0.753
-0.667
-0.624
-0.642
-0.728
-0.828
-0.914
-1
-1.077
-1.109
-1.089
-1.03
-0.975
-0.953
-0.907
-0.837
-0.773
-0.746
-0.792
-0.878
-0.962
-1.027
-1.068
-1.102
-1.154
-1.15
-1.041
-0.937
-0.896
-0.805
-0.619
-0.467
-0.41
-0.392
-0.408
-0.485
-0.603
-0.71
-0.787
-0.837
-0.885
-0.896
-0.841
-0.744
-0.676
-0.644
-0.637
-0.653
-0.703
-0.767
-0.749
-0.671
-0.615
-0.596
-0.528
-0.449
-0.399
-0.377
-0.345
-0.356
-0.438
-0.567
-0.71
-0.803
-0.857
-0.91
-0.935
-0.905
-0.778
-0.621
-0.528
-0.528
-0.578
-0.587
-0.542
-0.508
-0.542
-0.606
-0.642
-0.637
-0.637
-0.671
-0.708
-0.703
-0.601
-0.483
-0.435
-0.447
-0.449
-0.424
-0.42
-0.463
-0.558
-0.64
-0.628
-0.567
-0.567
-0.615
-0.66
-0.667
-0.587
-0.519
-0.508
-0.538
-0.522
-0.447
-0.354
-0.293
-0.24
-0.175
-0.109
-0.054
-0.029
-0.075
-0.145
-0.122
-0.038
0.025
0.086
0.131
0.175
0.258
0.34
0.356
0.333
0.327
0.363
0.39
0.386
0.361
0.354
0.39
0.451
0.522
0.565
0.581
0.628
0.719
0.789
0.787
0.742
0.701
0.66
0.61
0.569
0.538
0.503
0.479
0.479
0.485
0.494
0.515
0.54
0.517
0.413
0.324
0.347
0.397
0.44
0.479
0.524
0.606
0.683
0.701
0.66
0.583
0.481
0.388
0.29
0.206
0.134
0.086
0.063
0.059
0.075
0.125
0.204
0.245
0.293
0.322
0.302
0.279
0.224
0.127
0.043
0.032
0.043
0.063
0.1
0.127
0.125
0.125
0.118
0.068
-0.018
-0.109
-0.17
-0.286
-0.444
-0.54
-0.592
-0.619
-0.606
-0.56
-0.472
-0.374
-0.342
-0.342
-0.354
-0.386
-0.408
-0.401
-0.345
-0.281
-0.238
-0.224
-0.215
-0.202
-0.209
-0.243
-0.315
-0.413
-0.517
-0.61
-0.678
-0.703
-0.649
-0.572
-0.503
-0.44
-0.358
-0.283
-0.24
-0.24
-0.247
-0.218
-0.175
-0.161
-0.186
-0.243
-0.311
-0.342
-0.342
-0.322
-0.295
-0.277
-0.249
-0.234
-0.222
-0.245
-0.313
-0.372
-0.377
-0.34
-0.324
-0.327
-0.331
-0.363
-0.429
-0.485
-0.494
-0.506
-0.56
-0.633
-0.642
-0.596
-0.531
-0.494
-0.49
-0.465
-0.438
-0.456
-0.508
-0.542
-0.578
-0.64
-0.735
-0.826
-0.907
-0.968
-0.996
-0.991
-0.968
-0.962
-0.984
-0.993
-1.012
-1.064
-1.13
-1.168
-1.157
-1.123
-1.102
-1.093
-1.084
-1.084
-1.093
-1.107
-1.132
-1.173
-1.245
-1.343
-1.44
-1.513
-1.533
-1.517
-1.502
-1.49
-1.452
-1.388
-1.311
-1.268
-1.266
-1.286
-1.297
-1.293
-1.288
-1.309
-1.327
-1.286
-1.211
-1.157
-1.118
-1.086
-1.016
-0.921
-0.871
-0.86
-0.841
-0.83
-0.81
-0.782
-0.773
-0.739
-0.676
-0.63
-0.599
-0.531
-0.44
-0.374
-0.327
-0.315
-0.354
-0.397
-0.438
-0.451
-0.426
-0.358
-0.27
-0.186
-0.104
-0.075
-0.136
-0.197
-0.234
-0.299
-0.401
-0.483
-0.492
-0.458
-0.444
-0.444
-0.422
-0.388
-0.401
-0.435
-0.426
-0.408
-0.424
-0.444
-0.469
-0.499
-0.583
-0.683
-0.76
-0.837
-0.93
-1.018
-1.052
-1.041
-1.068
-1.157
-1.236
-1.279
-1.307
-1.343
-1.409
-1.452
-1.47
-1.497
-1.508
-1.481
-1.517
-1.633
-1.746
-1.846
-1.939
-2.021
-2.121
-2.216
-2.239
-2.196
-2.155
-2.132
-2.105
-2.112
-2.166
-2.173
-2.173
-2.252
-2.35
-2.407
-2.434
-2.463
-2.481
-2.497
-2.506
-2.527
-2.545
-2.536
-2.531
-2.552
-2.543
-2.454
-2.35
-2.257
-2.128
-1.948
-1.817
-1.787
-1.806
-1.808
-1.774
-1.74
-1.787
-1.871
-1.917
-1.973
-2.03
-2.041
-2.019
-1.998
-1.946
-1.79
-1.608
-1.477
-1.422
-1.361
-1.213
-1.066
-1.068
-1.159
-1.168
-1.1
-1.05
-1.043
-1.084
-1.148
-1.2
-1.209
-1.216
-1.3
-1.377
-1.354
-1.257
-1.139
-1.052
-1
-0.939
-0.839
-0.764
-0.721
-0.708
-0.708
-0.71
-0.708
-0.719
-0.758
-0.816
-0.866
-0.937
-1.034
-1.064
-1
-0.894
-0.819
-0.803
-0.782
-0.728
-0.653
-0.676
-0.81
-0.925
-0.914
-0.841
-0.857
-0.903
-0.894
-0.878
-0.871
-0.841
-0.801
-0.801
-0.841
-0.86
-0.816
-0.744
-0.724
-0.778
-0.792
-0.78
-0.844
-0.898
-0.882
-0.912
-0.978
-0.975
-0.873
-0.769
-0.744
-0.767
-0.742
-0.653
-0.574
-0.501
-0.458
-0.463
-0.444
-0.363
-0.304
-0.329
-0.438
-0.553
-0.594
-0.596
-0.64
-0.699
-0.692
-0.621
-0.494
-0.32
-0.206
-0.184
-0.147
-0.059
0.061
0.211
0.302
0.299
0.265
0.247
0.193
0.084
-0.027
-0.093
-0.118
-0.166
-0.15
-0.029
0.082
0.109
0.152
0.265
0.438
0.569
0.624
0.646
0.694
0.724
0.721
0.755
0.789
0.712
0.608
0.646
0.737
0.758
0.726
0.753
0.875
0.978
0.998
0.955
0.889
0.873
0.957
1.027
1.059
1.093
1.107
1.098
1.143
1.218
1.223
1.157
1.105
1.127
1.218
1.284
1.291
1.275
1.334
1.415
1.456
1.488
1.493
1.415
1.331
1.334
1.361
1.311
1.191
1.059
0.937
0.889
0.948
1.018
0.984
0.95
1.043
1.191
1.266
1.277
1.268
1.259
1.261
1.272
1.288
1.288
1.252
1.193
1.177
1.241
1.25
1.182
1.15
1.154
1.173
1.227
1.302
1.313
1.266
1.22
1.225
1.257
1.295
1.343
1.368
1.438
1.622
1.796
1.853
1.851
1.846
1.833
1.84
1.837
1.792
1.742
1.751
1.817
1.903
1.992
2.016
2.003
2.071
2.196
2.234
2.189
2.191
2.23
2.264
2.304
2.366
2.391
2.357
2.4
2.52
2.604
2.64
2.683
2.697
2.674
2.649
2.62
2.593
2.572
2.554
2.525
2.527
2.57
2.606
2.651
2.717
2.747
2.756
2.84
2.924
2.924
2.878
2.826
2.792
2.767
2.74
2.674
2.545
2.475
2.552
2.611
2.54
2.488
2.502
2.509
2.493
2.463
2.391
2.332
2.295
2.295
2.304
2.332
2.354
2.352
2.352
2.377
2.375
2.32
2.264
2.198
2.089
2.019
2.014
2.016
1.964
1.91
1.917
1.955
1.998
2.014
2.028
2.073
2.128
2.148
2.173
2.175
2.08
1.973
1.957
1.969
1.942
1.901
1.903
1.982
2.073
2.15
2.237
2.307
2.332
2.345
2.341
2.266
2.178
2.094
2.03
1.989
2.007
2.112
2.175
2.143
2.098
2.139
2.2
2.209
2.205
2.214
2.193
2.157
2.178
2.218
2.223
2.209
2.218
2.264
2.329
2.366
2.339
2.291
2.252
2.237
2.221
2.164
2.123
2.143
2.146
2.141
2.25
2.411
2.49
2.479
2.47
2.502
2.543
2.466
2.282
2.157
2.121
2.091
2.057
2.06
2.055
2.084
2.234
2.418
2.493
2.527
2.599
2.67
2.697
2.656
2.593
2.547
2.506
2.443
2.329
2.202
2.214
2.345
2.37
2.239
2.171
2.268
2.398
2.404
2.295
2.241
2.364
2.525
2.545
2.429
2.327
2.343
2.481
2.572
2.488
2.357
2.364
2.468
2.511
2.404
2.255
2.218
2.311
2.391
2.345
2.266
2.27
2.382
2.495
2.536
2.565
2.636
2.663
2.62
2.552
2.488
2.459
2.486
2.506
2.477
2.452
2.479
2.54
2.586
2.556
2.538
2.642
2.785
2.774
2.665
2.622
2.661
2.715
2.724
2.683
2.654
2.695
2.774
2.844
2.892
2.917
2.953
2.981
2.94
2.89
2.869
2.783
2.651
2.565
2.55
2.574
2.618
2.636
2.606
2.588
2.654
2.767
2.785
2.663
2.511
2.525
2.645
2.629
2.49
2.416
2.47
2.57
2.638
2.622
2.547
2.502
2.495
2.47
2.379
2.257
2.137
2.055
2.026
2.046
2.046
1.962
1.912
1.978
2.073
2.116
2.112
2.125
2.157
2.191
2.23
2.248
2.227
2.162
2.123
2.143
2.175
2.155
2.1
2.075
2.055
2.03
2.001
1.973
1.957
1.948
1.978
2.048
2.139
2.239
2.35
2.427
2.502
2.629
2.706
2.665
2.556
2.45
2.382
2.393
2.404
2.386
2.332
2.293
2.343
2.434
2.47
2.445
2.459
2.561
2.717
2.81
2.851
2.867
2.874
2.883
2.924
2.912
2.772
2.615
2.565
2.584
2.615
2.606
2.547
2.563
2.708
2.815
2.779
2.688
2.651
2.672
2.738
2.779
2.736
2.661
2.606
2.579
2.572
2.579
2.538
2.463
2.416
2.361
2.239
2.118
2.069
2.091
2.107
2.109
2.123
2.171
2.2
2.193
2.221
2.273
2.293
2.27
2.205
2.109
1.989
1.926
1.917
1.889
1.821
1.726
1.629
1.597
1.617
1.574
1.483
1.474
1.533
1.599
1.595
1.513
1.445
1.465
1.513
1.558
1.588
1.565
1.497
1.418
1.354
1.272
1.164
1.073
1.039
1.064
1.08
1.043
0.955
0.875
0.826
0.787
0.773
0.78
0.749
0.764
0.832
0.846
0.81
0.744
0.676
0.64
0.633
0.601
0.563
0.578
0.63
0.701
0.751
0.717
0.651
0.63
0.626
0.61
0.587
0.572
0.556
0.556
0.567
0.596
0.617
0.587
0.483
0.39
0.417
0.494
0.488
0.431
0.449
0.551
0.692
0.764
0.735
0.699
0.694
0.73
0.749
0.692
0.553
0.431
0.401
0.433
0.42
0.333
0.281
0.306
0.352
0.345
0.274
0.234
0.29
0.331
0.322
0.342
0.395
0.42
0.413
0.397
0.41
0.456
0.481
0.44
0.361
0.272
0.222
0.202
0.138
-0.002
-0.125
-0.122
-0.007
0.093
0.072
0.02
0.032
0.093
0.104
0.032
-0.029
0.016
0.134
0.222
0.252
0.222
0.143
0.05
-0.032
-0.082
-0.127
-0.218
-0.297
-0.304
-0.27
-0.252
-0.249
-0.295
-0.354
-0.372
-0.322
-0.304
-0.349
-0.415
-0.463
-0.424
-0.322
-0.261
-0.308
-0.345
-0.29
-0.163
-0.084
-0.107
-0.191
-0.277
-0.34
-0.404
-0.479
-0.567
-0.612
-0.574
-0.503
-0.469
-0.447
-0.406
-0.392
-0.44
-0.503
-0.535
-0.542
-0.544
-0.585
-0.644
-0.665
-0.642
-0.626
-0.64
-0.667
-0.674
-0.649
-0.601
-0.621
-0.73
-0.826
-0.814
-0.771
-0.807
-0.896
-0.944
-0.882
-0.832
-0.896
-1.021
-1.098
-1.107
-1.084
-1.082
-1.093
-1.145
-1.195
-1.184
-1.114
-1.075
-1.1
-1.116
-1.073
-1.025
-1.016
-1.012
-0.989
-0.993
-1.041
-1.071
-1.052
-1.057
-1.114
-1.182
-1.191
-1.121
-1.084
-1.13
-1.179
-1.159
-1.089
-1.055
-1.048
-1.046
-1.005
-0.973
-0.953
-0.919
-0.905
-0.946
-0.993
-0.978
-0.946
-0.996
-1.098
-1.154
-1.188
-1.263
-1.365
-1.395
-1.361
-1.334
-1.327
-1.288
-1.218
-1.17
-1.161
-1.132
-1.034
-0.953
-0.944
-0.982
-1.027
-1.084
-1.143
-1.161
-1.159
-1.159
-1.182
-1.213
-1.259
-1.331
-1.413
-1.468
-1.472
-1.452
-1.413
-1.347
-1.309
-1.329
-1.325
-1.284
-1.238
-1.193
-1.166
-1.186
-1.17
-1.068
-0.998
-1.002
-1.032
-1.034
-1.039
-1.057
-1.059
-1.075
-1.152
-1.257
-1.327
-1.352
-1.388
-1.422
-1.377
-1.275
-1.211
-1.213
-1.2
-1.179
-1.236
-1.295
-1.284
-1.247
-1.232
-1.263
-1.286
-1.266
-1.223
-1.193
-1.202
-1.263
-1.309
-1.288
-1.254
-1.277
-1.327
-1.402
-1.415
-1.345
-1.291
-1.304
-1.313
-1.311
-1.286
-1.309
-1.418
-1.529
-1.597
-1.669
-1.767
-1.824
-1.853
-1.88
-1.928
-1.939
-1.869
-1.794
-1.756
-1.726
-1.712
-1.74
-1.796
-1.86
-1.917
-2.01
-2.125
-2.178
-2.148
-2.18
-2.314
-2.393
-2.364
-2.3
-2.298
-2.377
-2.445
-2.409
-2.293
-2.23
-2.239
-2.284
-2.309
-2.336
-2.345
-2.339
-2.373
-2.447
-2.504
-2.577
-2.672
-2.722
-2.717
-2.686
-2.658
-2.674
-2.706
-2.658
-2.538
-2.47
-2.436
-2.366
-2.261
-2.184
-2.189
-2.264
-2.329
-2.368
-2.413
-2.511
-2.636
-2.722
-2.747
-2.745
-2.74
-2.77
-2.799
-2.765
-2.688
-2.602
-2.484
-2.366
-2.343
-2.348
-2.307
-2.266
-2.273
-2.304
-2.32
-2.345
-2.384
-2.436
-2.484
-2.531
-2.543
-2.522
-2.54
-2.552
-2.529
-2.531
-2.534
-2.509
-2.527
-2.559
-2.536
-2.447
-2.343
-2.307
-2.373
-2.373
-2.25
-2.187
-2.248
-2.359
-2.466
-2.511
-2.525
-2.602
-2.738
-2.869
-2.922
-2.922
-2.962
-3.019
-3.017
-3.003
-2.999
-3.01
-3.062
-3.135
-3.13
-3.048
-2.96
-2.894
-2.883
-2.894
-2.858
-2.792
-2.747
-2.74
-2.779
-2.842
-2.928
-3.053
-3.194
-3.309
-3.38
-3.452
-3.595
-3.697
-3.647
-3.532
-3.457
-3.459
-3.514
-3.548
-3.507
-3.414
-3.325
-3.269
-3.2
-3.073
-2.928
-2.844
-2.844
-2.89
-2.942
-2.987
-3.076
-3.178
-3.271
-3.373
-3.448
-3.441
-3.402
-3.414
-3.475
-3.516
-3.443
-3.33
-3.294
-3.323
-3.35
-3.339
-3.287
-3.207
-3.135
-3.119
-3.126
-3.089
-3.001
-2.951
-2.974
-2.978
-2.94
-2.897
-2.887
-2.89
-2.883
-2.842
-2.795
-2.826
-2.933
-3.005
-3.014
-3.03
-3.105
-3.214
-3.275
-3.307
-3.318
-3.323
-3.312
-3.291
-3.248
-3.178
-3.139
-3.144
-3.176
-3.167
-3.083
-3.008
-3.073
-3.194
-3.207
-3.126
-3.089
-3.157
-3.33
-3.507
-3.577
-3.568
-3.622
-3.772
-3.924
-3.958
-3.867
-3.749
-3.659
-3.622
-3.652
-3.636
-3.502
-3.414
-3.489
-3.634
-3.688
-3.695
-3.727
-3.795
-3.883
-3.929
-3.888
-3.833
-3.842
-3.858
-3.854
-3.867
-3.87
-3.856
-3.858
-3.922
-3.942
-3.87
-3.815
-3.806
-3.77
-3.725
-3.736
-3.77
-3.774
-3.752
-3.729
-3.734
-3.788
-3.849
-3.797
-3.675
-3.643
-3.715
-3.727
-3.686
-3.65
-3.595
-3.557
-3.568
-3.634
-3.679
-3.652
-3.602
-3.606
-3.643
-3.661
-3.627
-3.541
-3.482
-3.482
-3.459
-3.384
-3.343
-3.343
-3.305
-3.248
-3.234
-3.2
-3.126
-3.08
-3.126
-3.182
-3.187
-3.151
-3.137
-3.185
-3.246
-3.262
-3.196
-3.137
-3.167
-3.205
-3.142
-3.08
-3.08
-3.08
-3.021
-2.94
-2.885
-2.844
-2.849
-2.847
-2.801
-2.756
-2.77
-2.819
-2.881
-2.962
-2.99
-2.981
-3.06
-3.232
-3.325
-3.269
-3.23
-3.259
-3.33
-3.359
-3.3
-3.196
-3.117
-3.089
-3.108
-3.105
-3.023
-2.942
-2.91
-2.908
-2.96
-3.008
-2.962
-2.887
-2.924
-3.042
-3.098
-3.083
-3.092
-3.144
-3.212
-3.253
-3.232
-3.189
-3.157
-3.117
-3.053
-3.012
-2.976
-2.922
-2.926
-2.994
-3.028
-2.99
-2.956
-2.965
-2.931
-2.862
-2.804
-2.76
-2.708
-2.647
-2.581
-2.531
-2.525
-2.54
-2.511
-2.404
-2.345
-2.4
-2.456
-2.438
-2.407
-2.4
-2.393
-2.388
-2.402
-2.384
-2.316
-2.241
-2.157
-2.084
-2.046
-1.985
-1.88
-1.765
-1.692
-1.642
-1.601
-1.581
-1.608
-1.595
-1.554
-1.585
-1.679
-1.74
-1.749
-1.767
-1.781
-1.765
-1.715
-1.649
-1.597
-1.588
-1.554
-1.477
-1.365
-1.277
-1.291
-1.359
-1.345
-1.284
-1.291
-1.377
-1.452
-1.479
-1.52
-1.583
-1.629
-1.654
-1.665
-1.685
-1.708
-1.681
-1.626
-1.581
-1.52
-1.474
-1.465
-1.438
-1.356
-1.3
-1.318
-1.354
-1.334
-1.316
-1.331
-1.359
-1.365
-1.39
-1.436
-1.47
-1.474
-1.481
-1.486
-1.49
-1.497
-1.479
-1.436
-1.374
-1.322
-1.295
-1.325
-1.327
-1.284
-1.257
-1.295
-1.359
-1.381
-1.381
-1.422
-1.474
-1.495
-1.483
-1.434
-1.402
-1.42
-1.436
-1.395
-1.352
-1.356
-1.393
-1.39
-1.325
-1.266
-1.309
-1.422
-1.458
-1.384
-1.295
-1.263
-1.309
-1.356
-1.343
-1.304
-1.3
-1.316
-1.297
-1.241
-1.159
-1.08
-1
-0.928
-0.835
-0.742
-0.68
-0.665
-0.71
-0.751
-0.776
-0.816
-0.864
-0.907
-0.955
-1
-0.984
-0.925
-0.875
-0.848
-0.801
-0.71
-0.587
-0.472
-0.404
-0.401
-0.417
-0.345
-0.261
-0.263
-0.322
-0.358
-0.333
-0.263
-0.254
-0.329
-0.42
-0.449
-0.433
-0.422
-0.444
-0.474
-0.426
-0.306
-0.202
-0.136
-0.104
-0.063
0.032
0.118
0.136
0.104
0.109
0.184
0.263
0.293
0.293
0.297
0.302
0.297
0.268
0.213
0.145
0.1
0.086
0.072
0.045
0.027
0.041
0.057
0.095
0.161
0.197
0.197
0.252
0.374
0.503
0.612
0.692
0.771
0.855
0.898
0.894
0.885
0.882
0.844
0.751
0.628
0.497
0.41
0.349
0.313
0.295
0.313
0.361
0.444
0.572
0.73
0.88
0.991
1.073
1.136
1.202
1.241
1.259
1.277
1.241
1.134
1.039
0.982
0.964
0.916
0.814
0.692
0.649
0.724
0.814
0.878
0.948
1.071
1.247
1.422
1.565
1.656
1.685
1.681
1.694
1.712
1.694
1.633
1.565
1.529
1.558
1.599
1.574
1.545
1.558
1.667
1.806
1.878
1.939
2.051
2.212
2.345
2.418
2.404
2.373
2.402
2.466
2.459
2.37
2.277
2.275
2.327
2.366
2.386
2.375
2.382
2.47
2.593
2.64
2.663
2.711
2.785
2.901
2.994
2.983
2.924
2.89
2.869
2.837
2.785
2.72
2.661
2.62
2.611
2.604
2.593
2.615
2.658
2.72
2.799
2.851
2.908
2.971
3.044
3.123
3.178
3.164
3.135
3.13
3.123
3.085
3.01
2.906
2.785
2.738
2.758
2.742
2.651
2.586
2.588
2.645
2.717
2.751
2.767
2.849
2.994
3.126
3.2
3.234
3.271
3.346
3.402
3.4
3.364
3.334
3.325
3.309
3.228
3.126
3.03
2.976
2.917
2.824
2.779
2.779
2.79
2.867
3.001
3.117
3.23
3.386
3.55
3.654
3.734
3.831
3.92
3.958
3.922
3.797
3.652
3.554
3.443
3.284
3.169
3.103
3.08
3.105
3.144
3.212
3.307
3.448
3.62
3.765
3.886
4.031
4.201
4.303
4.312
4.278
4.23
4.162
4.013
3.799
3.57
3.362
3.216
3.094
2.99
2.949
2.969
3.012
3.108
3.23
3.348
3.452
3.552
3.631
3.67
3.652
3.595
3.45
3.278
3.171
3.03
2.853
2.672
2.468
2.341
2.323
2.325
2.323
2.329
2.37
2.475
2.595
2.663
2.683
2.656
2.647
2.647
2.574
2.461
2.348
2.221
2.109
1.973
1.783
1.617
1.502
1.427
1.384
1.386
1.42
1.472
1.57
1.722
1.869
1.96
2.007
2.041
2.055
2.014
1.883
1.724
1.567
1.434
1.395
1.39
1.309
1.225
1.234
1.277
1.288
1.293
1.316
1.393
1.52
1.644
1.74
1.81
1.865
1.942
2.032
2.114
2.146
2.146
2.2
2.252
2.227
2.168
2.128
2.121
2.173
2.23
2.255
2.268
2.316
2.416
2.5
2.55
2.59
2.676
2.804
2.928
3.008
3.033
3.087
3.219
3.391
3.475
3.47
3.47
3.491
3.466
3.407
3.346
3.291
3.262
3.278
3.339
3.42
3.455
3.459
3.489
3.6
3.743
3.861
3.972
4.169
4.391
4.534
4.598
4.614
4.618
4.614
4.543
4.405
4.235
4.097
4.026
3.969
3.899
3.849
3.852
3.929
4.031
4.117
4.208
4.355
4.577
4.8
4.908
4.924
4.963
4.999
4.981
4.874
4.709
4.536
4.414
4.337
4.283
4.269
4.273
4.294
4.323
4.362
4.396
4.38
4.382
4.489
4.634
4.763
4.85
4.874
4.813
4.702
4.589
4.473
4.364
4.214
4.069
4.026
4.053
3.999
3.874
3.797
3.847
3.988
4.078
4.135
4.255
4.505
4.806
4.938
4.852
4.727
4.679
4.695
4.639
4.441
4.23
4.146
4.217
4.269
4.212
4.121
4.117
4.235
4.319
4.253
4.13
4.144
4.332
4.559
4.65
4.636
4.684
4.813
4.952
4.918
4.664
4.444
4.405
4.432
4.344
4.146
4.038
4.074
4.108
4.044
3.965
3.974
4.047
4.174
4.292
4.298
4.271
4.316
4.378
4.391
4.341
4.303
4.301
4.28
4.273
4.235
4.106
3.974
3.904
3.824
3.711
3.579
3.509
3.525
3.577
3.597
3.597
3.672
3.77
3.799
3.82
3.811
3.777
3.736
3.695
3.645
3.568
3.493
3.459
3.386
3.25
3.128
2.981
2.81
2.704
2.686
2.663
2.658
2.763
2.94
3.071
3.121
3.16
3.23
3.296
3.289
3.275
3.248
3.148
2.999
2.844
2.708
2.574
2.418
2.275
2.216
2.227
2.298
2.352
2.336
2.361
2.509
2.717
2.915
3.055
3.119
3.169
3.225
3.221
3.157
3.092
2.996
2.894
2.783
2.579
2.323
2.168
2.166
2.218
2.257
2.309
2.438
2.604
2.781
2.922
2.951
2.933
2.994
3.087
3.11
2.994
2.813
2.64
2.49
2.282
2.08
1.955
1.896
1.878
1.926
1.939
1.928
1.994
2.166
2.334
2.411
2.438
2.488
2.574
2.645
2.674
2.586
2.413
2.314
2.248
2.116
1.926
1.774
1.706
1.699
1.676
1.626
1.685
1.833
1.946
2.041
2.134
2.178
2.209
2.246
2.241
2.171
2.064
1.962
1.908
1.876
1.826
1.765
1.651
1.56
1.536
1.533
1.554
1.567
1.558
1.545
1.536
1.495
1.486
1.549
1.538
1.463
1.413
1.39
1.352
1.275
1.139
0.937
0.751
0.655
0.612
0.574
0.558
0.619
0.649
0.615
0.63
0.678
0.683
0.649
0.596
0.535
0.485
0.395
0.277
0.236
0.213
0.147
0.095
0.075
0.016
-0.061
-0.134
-0.209
-0.283
-0.349
-0.435
-0.454
-0.42
-0.399
-0.386
-0.397
-0.463
-0.503
-0.467
-0.46
-0.497
-0.551
-0.585
-0.594
-0.601
-0.653
-0.733
-0.805
-0.846
-0.81
-0.816
-0.903
-0.955
-0.939
-0.935
-0.989
-1.066
-1.105
-1.068
-1.005
-0.957
-0.932
-0.882
-0.789
-0.746
-0.742
-0.721
-0.739
-0.812
-0.839
-0.837
-0.864
-0.88
-0.837
-0.785
-0.792
-0.839
-0.873
-0.921
-0.971
-0.955
-0.907
-0.939
-0.953
-0.88
-0.81
-0.789
-0.771
-0.739
-0.678
-0.624
-0.594
-0.594
-0.59
-0.553
-0.569
-0.658
-0.703
-0.705
-0.778
-0.86
-0.916
-0.993
-1.091
-1.121
-1.107
-1.136
-1.22
-1.302
-1.354
-1.379
-1.318
-1.179
-1.143
-1.173
-1.116
-1.025
-1.005
-1.025
-1.077
-1.164
-1.257
-1.331
-1.424
-1.531
-1.592
-1.644
-1.744
-1.821
-1.828
-1.865
-1.944
-1.96
-1.939
-1.917
-1.905
-1.896
-1.901
-1.88
-1.86
-1.885
-1.955
-2.012
-2.019
-2.062
-2.178
-2.252
-2.286
-2.368
-2.493
-2.586
-2.581
-2.529
-2.5
-2.477
-2.407
-2.273
-2.137
-2.048
-1.953
-1.853
-1.855
-1.957
-2.032
-2.08
-2.155
-2.23
-2.286
-2.32
-2.325
-2.336
-2.318
-2.293
-2.261
-2.175
-2.057
-1.976
-1.876
-1.74
-1.61
-1.488
-1.377
-1.284
-1.22
-1.211
-1.22
-1.25
-1.307
-1.395
-1.524
-1.629
-1.613
-1.576
-1.644
-1.733
-1.746
-1.688
-1.56
-1.409
-1.291
-1.195
-1.066
-0.946
-0.889
-0.882
-0.885
-0.862
-0.887
-0.968
-1.075
-1.202
-1.325
-1.386
-1.388
-1.379
-1.359
-1.336
-1.275
-1.191
-1.105
-1.059
-1.057
-1.023
-0.964
-0.982
-1.057
-1.098
-1.134
-1.191
-1.218
-1.207
-1.2
-1.202
-1.213
-1.259
-1.34
-1.402
-1.42
-1.449
-1.515
-1.563
-1.597
-1.642
-1.683
-1.681
-1.658
-1.633
-1.631
-1.663
-1.692
-1.728
-1.803
-1.889
-1.874
-1.783
-1.778
-1.86
-1.901
-1.865
-1.842
-1.88
-1.946
-1.976
-1.976
-1.98
-2.035
-2.107
-2.178
-2.209
-2.212
-2.257
-2.273
-2.2
-2.118
-2.084
-2.053
-1.967
-1.855
-1.769
-1.733
-1.735
-1.758
-1.796
-1.815
-1.815
-1.901
-2.062
-2.155
-2.159
-2.15
-2.171
-2.189
-2.134
-2.021
-1.928
-1.894
-1.83
-1.692
-1.61
-1.613
-1.617
-1.635
-1.665
-1.706
-1.776
-1.83
-1.81
-1.722
-1.644
-1.629
-1.629
-1.583
-1.588
-1.669
-1.699
-1.64
-1.588
-1.556
-1.481
-1.365
-1.266
-1.202
-1.188
-1.168
-1.1
-1.073
-1.123
-1.198
-1.284
-1.363
-1.422
-1.468
-1.529
-1.567
-1.554
-1.486
-1.418
-1.365
-1.291
-1.229
-1.216
-1.234
-1.284
-1.354
-1.39
-1.415
-1.445
-1.515
-1.617
-1.742
-1.867
-1.994
-2.137
-2.259
-2.323
-2.339
-2.37
-2.402
-2.425
-2.395
-2.307
-2.205
-2.137
-2.107
-2.078
-2.046
-2.094
-2.234
-2.391
-2.515
-2.606
-2.699
-2.831
-2.999
-3.126
-3.212
-3.296
-3.341
-3.307
-3.246
-3.194
-3.132
-3.064
-3.017
-2.978
-2.942
-2.865
-2.749
-2.674
-2.672
-2.74
-2.81
-2.862
-2.969
-3.176
-3.337
-3.405
-3.43
-3.45
-3.445
-3.405
-3.325
-3.219
-3.08
-2.958
-2.862
-2.792
-2.706
-2.595
-2.509
-2.518
-2.581
-2.631
-2.656
-2.686
-2.733
-2.815
-2.869
-2.849
-2.756
-2.701
-2.69
-2.633
-2.509
-2.345
-2.189
-2.091
-2.016
-1.926
-1.853
-1.846
-1.896
-1.964
-2.046
-2.096
-2.118
-2.171
-2.264
-2.382
-2.441
-2.4
-2.286
-2.205
-2.153
-2.075
-1.98
-1.896
-1.865
-1.894
-1.898
-1.846
-1.808
-1.835
-1.88
-1.921
-1.964
-2.03
-2.157
-2.314
-2.425
-2.522
-2.627
-2.69
-2.726
-2.72
-2.647
-2.556
-2.463
-2.366
-2.248
-2.153
-2.114
-2.121
-2.146
-2.234
-2.377
-2.534
-2.688
-2.849
-2.965
-2.996
-3.008
-3.033
-3.044
-3.028
-2.987
-2.931
-2.919
-2.953
-2.958
-2.928
-2.935
-2.974
-3.033
-3.092
-3.135
-3.142
-3.137
-3.13
-3.148
-3.196
-3.303
-3.466
-3.561
-3.548
-3.477
-3.416
-3.377
-3.353
-3.303
-3.25
-3.234
-3.237
-3.223
-3.207
-3.185
-3.153
-3.148
-3.169
-3.182
-3.148
-3.092
-3.06
-3.039
-2.994
-2.931
-2.876
-2.844
-2.84
-2.844
-2.797
-2.729
-2.69
-2.69
-2.663
-2.588
-2.497
-2.441
-2.411
-2.364
-2.298
-2.298
-2.345
-2.384
-2.391
-2.332
-2.243
-2.196
-2.173
-2.121
-2.053
-2.007
-1.994
-2.007
-2.057
-2.116
-2.146
-2.162
-2.182
-2.18
-2.141
-2.055
-1.946
-1.871
-1.83
-1.803
-1.765
-1.731
-1.753
-1.817
-1.885
-1.921
-1.962
-2.053
-2.143
-2.187
-2.164
-2.08
-1.998
-1.96
-1.948
-1.923
-1.885
-1.871
-1.867
-1.862
-1.858
-1.849
-1.792
-1.749
-1.765
-1.778
-1.76
-1.76
-1.819
-1.935
-2.091
-2.178
-2.178
-2.166
-2.191
-2.237
-2.248
-2.212
-2.164
-2.139
-2.134
-2.107
-2.021
-1.939
-1.919
-1.935
-1.917
-1.867
-1.849
-1.874
-1.93
-1.996
-2.016
-2.003
-2.019
-2.078
-2.159
-2.198
-2.159
-2.053
-1.955
-1.926
-1.912
-1.84
-1.697
-1.581
-1.547
-1.56
-1.56
-1.533
-1.529
-1.585
-1.626
-1.57
-1.452
-1.359
-1.284
-1.234
-1.202
-1.182
-1.191
-1.223
-1.286
-1.334
-1.354
-1.35
-1.338
-1.334
-1.3
-1.234
-1.139
-1.043
-0.982
-0.955
-0.946
-0.953
-0.968
-0.98
-0.996
-0.978
-0.925
-0.896
-0.887
-0.814
-0.692
-0.583
-0.522
-0.494
-0.485
-0.503
-0.558
-0.624
-0.689
-0.755
-0.803
-0.832
-0.821
-0.785
-0.755
-0.767
-0.792
-0.823
-0.832
-0.841
-0.855
-0.885
-0.905
-0.855
-0.776
-0.742
-0.739
-0.726
-0.685
-0.717
-0.807
-0.903
-0.971
-1.021
-1.089
-1.179
-1.238
-1.247
-1.238
-1.234
-1.25
-1.291
-1.302
-1.275
-1.259
-1.27
-1.291
-1.302
-1.284
-1.238
-1.202
-1.202
-1.213
-1.186
-1.154
-1.116
-1.141
-1.204
-1.223
-1.195
-1.204
-1.261
-1.284
-1.238
-1.157
-1.086
-1.055
-1.03
-1.002
-0.973
-0.959
-0.953
-0.939
-0.912
-0.916
-0.962
-0.982
-0.923
-0.864
-0.864
-0.887
-0.855
-0.782
-0.746
-0.735
-0.719
-0.717
-0.696
-0.621
-0.533
-0.499
-0.538
-0.587
-0.628
-0.633
-0.61
-0.592
-0.578
-0.576
-0.563
-0.531
-0.476
-0.408
-0.379
-0.349
-0.288
-0.245
-0.231
-0.204
-0.17
-0.125
-0.068
-0.011
0.016
0.041
0.038
0.011
-0.045
-0.084
-0.082
-0.059
-0.054
-0.054
-0.034
-0.032
-0.068
-0.084
-0.043
0.025
0.072
0.102
0.136
0.179
0.22
0.245
0.254
0.231
0.141
0.038
-0.027
-0.023
-0.041
-0.091
-0.113
-0.068
0.014
0.077
0.1
0.113
0.145
0.154
0.088
0.002
-0.016
-0.038
-0.163
-0.304
-0.329
-0.302
-0.299
-0.247
-0.129
-0.016
0.036
0.05
0.034
-0.023
-0.143
-0.247
-0.315
-0.374
-0.41
-0.456
-0.547
-0.578
-0.535
-0.485
-0.469
-0.454
-0.454
-0.476
-0.499
-0.465
-0.417
-0.377
-0.315
-0.213
-0.086
-0.007
-0.014
-0.014
0.043
0.068
0.016
-0.05
-0.102
-0.163
-0.229
-0.256
-0.222
-0.12
-0.025
0.032
0.107
0.24
0.374
0.417
0.401
0.454
0.599
0.719
0.798
0.835
0.83
0.828
0.853
0.887
0.875
0.83
0.771
0.819
0.966
1.052
1.034
1.105
1.288
1.409
1.465
1.511
1.517
1.52
1.576
1.62
1.597
1.549
1.52
1.52
1.517
1.533
1.572
1.549
1.49
1.536
1.658
1.724
1.719
1.724
1.746
1.792
1.869
1.939
1.973
2.003
2.071
2.175
2.221
2.137
2.032
2.003
1.978
1.889
1.774
1.706
1.706
1.715
1.688
1.658
1.692
1.715
1.685
1.615
1.576
1.604
1.599
1.517
1.465
1.479
1.477
1.454
1.422
1.388
1.316
1.223
1.148
1.096
0.998
0.869
0.792
0.794
0.744
0.587
0.467
0.442
0.438
0.41
0.365
0.304
0.297
0.349
0.374
0.306
0.22
0.186
0.17
0.131
0.075
0.043
-0.02
-0.138
-0.204
-0.204
-0.261
-0.347
-0.379
-0.358
-0.313
-0.258
-0.234
-0.234
-0.179
-0.084
0.007
0.084
0.086
0.016
-0.023
-0.027
-0.077
-0.17
-0.231
-0.254
-0.22
-0.152
-0.093
-0.057
-0.041
0.005
0.122
0.252
0.331
0.39
0.39
0.352
0.358
0.356
0.283
0.206
0.193
0.249
0.315
0.363
0.413
0.469
0.535
0.621
0.737
0.846
