Unnamed: 3
Value
3.343
3.012
2.797
2.767
2.888
2.976
2.944
2.926
2.985
3.023
3.071
3.212
3.375
3.389
3.223
3.042
2.992
3.037
3.069
3.035
2.88
2.588
2.264
2.071
2.082
2.252
2.454
2.527
2.404
2.229
2.171
2.239
2.341
2.479
2.617
2.667
2.577
2.375
2.125
1.944
1.894
1.932
1.998
1.976
1.817
1.703
1.817
2.08
2.257
2.323
2.368
2.373
2.248
2.08
2.025
2.075
2.159
2.245
2.314
2.279
2.179
2.125
2.082
2
1.903
1.821
1.744
1.694
1.647
1.563
1.392
1.198
0.989
0.68
0.317
0.041
-0.132
-0.186
-0.05
0.251
0.539
0.769
0.984
1.152
1.229
1.254
1.297
1.263
1.079
0.771
0.372
-0.077
-0.503
-0.88
-1.125
-1.129
-0.957
-0.753
-0.589
-0.342
-0.025
0.199
0.299
0.383
0.42
0.274
0
-0.261
-0.524
-0.805
-1.075
-1.27
-1.365
-1.422
-1.476
-1.474
-1.386
-1.281
-1.195
-1.154
-1.127
-1.054
-0.964
-0.885
-0.828
-0.771
-0.76
-0.932
-1.245
-1.569
-1.844
-2.005
-2.082
-2.239
-2.465
-2.652
-2.797
-2.874
-2.874
-2.813
-2.694
-2.554
-2.484
-2.418
-2.329
-2.254
-2.141
-1.989
-1.876
-1.808
-1.749
-1.669
-1.581
-1.54
-1.594
-1.896
-2.484
-3.126
-3.572
-3.876
-4.056
-4.037
-3.921
-3.913
-3.949
-3.792
-3.459
-3.191
-2.953
-2.636
-2.459
-2.588
-2.813
-2.992
-3.198
-3.425
-3.665
-3.992
-4.405
-4.793
-5.074
-5.137
-4.995
-4.713
-4.409
-4.173
-4.094
-4.212
-4.339
-4.298
-4.146
-4.108
-4.271
-4.582
-4.938
-5.292
-5.65
-5.879
-5.954
-5.972
-6.034
-6.147
-6.174
-5.995
-5.686
-5.462
-5.417
-5.473
-5.537
-5.6
-5.711
-5.838
-5.984
-6.156
-6.278
-6.317
-6.41
-6.607
-6.741
-6.673
-6.521
-6.474
-6.485
-6.471
-6.51
-6.671
-6.802
-6.823
-6.789
-6.807
-6.938
-7.045
-6.957
-6.696
-6.476
-6.367
-6.276
-6.242
-6.294
-6.401
-6.526
-6.616
-6.639
-6.625
-6.63
-6.657
-6.657
-6.648
-6.644
-6.705
-6.846
-6.963
-6.973
-6.904
-6.802
-6.73
-6.727
-6.777
-6.723
-6.612
-6.655
-6.802
-6.793
-6.6
-6.487
-6.571
-6.673
-6.644
-6.637
-6.771
-6.952
-7.106
-7.231
-7.267
-7.258
-7.331
-7.492
-7.576
-7.555
-7.519
-7.517
-7.576
-7.635
-7.578
-7.444
-7.365
-7.324
-7.249
-7.177
-7.197
-7.286
-7.435
-7.682
-7.925
-8.114
-8.281
-8.302
-8.018
-7.637
-7.56
-7.796
-7.964
-7.9
-7.748
-7.628
-7.601
-7.671
-7.737
-7.689
-7.583
-7.562
-7.594
-7.547
-7.51
-7.655
-7.959
-8.327
-8.579
-8.551
-8.436
-8.42
-8.447
-8.39
-8.195
-7.914
-7.671
-7.467
-7.161
-6.909
-6.984
-7.211
-7.374
-7.562
-7.866
-8.186
-8.411
-8.51
-8.51
-8.399
-8.204
-8.025
-7.805
-7.419
-7.038
-6.868
-6.843
-6.766
-6.587
-6.426
-6.403
-6.566
-6.83
-7.029
-7.138
-7.256
-7.394
-7.415
-7.286
-7.056
-6.791
-6.487
-6.185
-6.002
-6.006
-6.079
-6.104
-6.126
-6.172
-6.179
-6.22
-6.383
-6.53
-6.58
-6.591
-6.614
-6.523
-6.276
-6.002
-5.791
-5.7
-5.761
-5.936
-6.138
-6.294
-6.442
-6.576
-6.673
-6.737
-6.689
-6.483
-6.158
-5.845
-5.589
-5.4
-5.303
-5.364
-5.521
-5.652
-5.773
-5.943
-6.081
-6.138
-6.172
-6.158
-6.059
-5.877
-5.625
-5.36
-5.187
-5.094
-5.045
-4.981
-4.927
-4.943
-5.047
-5.14
-5.169
-5.16
-5.196
-5.171
-4.995
-4.727
-4.484
-4.262
-4.053
-3.946
-3.958
-4.026
-4.165
-4.414
-4.734
-5.06
-5.317
-5.491
-5.537
-5.462
-5.362
-5.26
-5.149
-5.058
-5.038
-5.074
-5.131
-5.196
-5.298
-5.503
-5.782
-6.015
-6.21
-6.449
-6.702
-6.848
-6.886
-6.814
-6.566
-6.228
-5.922
-5.693
-5.482
-5.306
-5.251
-5.38
-5.594
-5.809
-5.952
-6.009
-6.083
-6.208
-6.24
-6.115
-5.884
-5.553
-5.201
-4.888
-4.655
-4.509
-4.409
-4.242
-4.096
-4.198
-4.505
-4.784
-4.94
-4.972
-4.929
-4.818
-4.625
-4.373
-4.108
-3.822
-3.618
-3.527
-3.405
-3.18
-3.035
-3.042
-3.071
-3.069
-3.06
-3.107
-3.166
-3.205
-3.246
-3.259
-3.189
-3.087
-3.019
-2.924
-2.738
-2.529
-2.345
-2.184
-2.016
-1.928
-1.991
-2.155
-2.284
-2.336
-2.402
-2.479
-2.45
-2.286
-2.023
-1.687
-1.347
-1.036
-0.737
-0.401
-0.082
0.077
0.09
0.05
-0.029
-0.161
-0.292
-0.358
-0.372
-0.388
-0.311
-0.109
0.136
0.304
0.483
0.791
1.154
1.388
1.513
1.644
1.751
1.792
1.849
1.914
1.932
1.941
1.973
2.018
2.096
2.293
2.561
2.806
2.99
3.189
3.468
3.854
4.246
4.566
4.77
4.856
4.797
4.668
4.593
4.657
4.804
4.99
5.269
5.596
5.872
6.161
6.596
7.061
7.413
7.655
7.805
7.803
7.642
7.444
7.301
7.231
7.224
7.358
7.56
7.744
7.982
8.275
8.515
8.721
8.946
9.159
9.223
9.184
9.164
9.13
8.939
8.615
8.286
8.043
7.932
7.873
7.773
7.721
7.826
7.962
7.955
7.868
7.873
7.995
8.066
7.998
7.868
7.73
7.56
7.369
7.206
7.104
7.009
6.823
6.528
6.317
6.312
6.385
6.401
6.351
6.276
6.183
6.013
5.718
5.339
4.972
4.691
4.52
4.398
4.242
4.001
3.765
3.643
3.577
3.468
3.25
3.046
2.899
2.76
2.599
2.445
2.379
2.411
2.406
2.264
2.08
1.948
1.835
1.755
1.68
1.517
1.277
0.93
0.465
0.004
-0.254
-0.317
-0.308
-0.265
-0.206
-0.124
0.004
0.14
0.209
0.27
0.426
0.589
0.603
0.49
0.381
0.326
0.263
0.122
-0.165
-0.476
-0.676
-0.783
-0.85
-0.766
-0.499
-0.113
0.251
0.499
0.646
0.864
1.152
1.409
1.583
1.553
1.3
0.932
0.537
0.086
-0.317
-0.494
-0.458
-0.329
-0.12
0.197
0.569
1.002
1.524
2.06
2.456
2.661
2.776
2.833
2.753
2.611
2.55
2.52
2.381
2.171
2.012
1.973
2.032
2.171
2.37
2.633
2.942
3.241
3.461
3.608
3.727
3.842
3.854
3.747
3.595
3.411
3.203
3.017
2.892
2.801
2.742
2.726
2.781
2.926
3.162
3.391
3.597
3.799
3.974
4.001
3.881
3.708
3.495
3.214
2.93
2.71
2.47
2.1
1.724
1.531
1.497
1.511
1.574
1.697
1.76
1.737
1.787
1.916
1.971
1.944
1.803
1.511
1.088
0.719
0.49
0.308
0.136
0.025
-0.034
-0.097
-0.134
-0.066
0.079
0.243
0.372
0.46
0.379
0.129
-0.154
-0.401
-0.61
-0.844
-1.159
-1.49
-1.728
-1.844
-1.894
-1.837
-1.64
-1.37
-1.134
-0.957
-0.88
-0.902
-0.91
-0.885
-0.998
-1.288
-1.603
-1.874
-2.177
-2.413
-2.456
-2.411
-2.381
-2.32
-2.198
-2.068
-1.914
-1.678
-1.404
-1.275
-1.318
-1.415
-1.511
-1.617
-1.687
-1.694
-1.66
-1.572
-1.42
-1.24
-1.007
-0.669
-0.342
-0.09
0.14
0.39
0.662
0.844
0.866
0.846
0.885
0.9
0.832
0.721
0.601
0.569
0.708
0.916
1.168
1.463
1.665
1.74
1.81
1.882
1.948
1.989
1.91
1.808
1.962
2.193
2.171
1.996
1.796
1.49
1.236
1.259
1.322
1.265
1.363
1.801
2.189
2.202
2.075
1.993
1.799
1.488
1.248
1.066
0.78
0.424
0.122
-0.088
-0.308
-0.603
-0.753
-0.642
-0.465
-0.258
0.111
0.494
0.676
0.635
0.506
0.356
0.082
-0.44
-1.077
-1.549
-1.778
-1.993
-2.216
-2.259
-2.116
-2
-1.941
-1.839
-1.705
-1.545
-1.445
-1.488
-1.599
-1.833
-2.3
-2.894
-3.52
-4.103
-4.369
-4.271
-4.081
-3.863
-3.695
-3.663
-3.608
-3.42
-3.312
-3.303
-3.105
-2.692
-2.329
-2.22
-2.338
-2.47
-2.59
-2.813
-3.098
-3.352
-3.536
-3.604
-3.516
-3.364
-3.187
-3.005
-2.86
-2.76
-2.747
-2.781
-2.79
-2.794
-2.878
-3.067
-3.239
-3.25
-3.082
-2.901
-2.692
-2.314
-1.862
-1.474
-1.252
-1.173
-1.088
-0.916
-0.798
-0.8
-0.932
-1.202
-1.465
-1.631
-1.751
-1.914
-2.116
-2.261
-2.268
-2.187
-2.148
-2.187
-2.212
-2.171
-2.137
-2.223
-2.388
-2.554
-2.833
-3.221
-3.597
-3.958
-4.307
-4.511
-4.58
-4.566
-4.432
-4.167
-3.827
-3.393
-2.996
-2.731
-2.529
-2.379
-2.363
-2.565
-2.894
-3.32
-3.854
-4.468
-4.935
-5.158
-5.258
-5.226
-5.058
-4.893
-4.718
-4.439
-4.192
-4.083
-3.992
-3.913
-3.919
-3.985
-4.135
-4.414
-4.788
-5.122
-5.367
-5.584
-5.775
-5.838
-5.746
-5.589
-5.462
-5.314
-5.101
-4.877
-4.722
-4.688
-4.766
-4.968
-5.326
-5.786
-6.197
-6.467
-6.671
-6.871
-6.952
-6.904
-6.836
-6.666
-6.326
-5.961
-5.659
-5.4
-5.206
-5.112
-5.162
-5.296
-5.435
-5.514
-5.602
-5.763
-5.877
-5.791
-5.666
-5.659
-5.682
-5.607
-5.469
-5.351
-5.248
-5.092
-4.897
-4.777
-4.761
-4.831
-4.924
-4.935
-4.863
-4.774
-4.652
-4.498
-4.312
-4.021
-3.595
-3.13
-2.756
-2.445
-2.078
-1.703
-1.483
-1.377
-1.215
-0.962
-0.755
-0.708
-0.741
-0.733
-0.832
-1.123
-1.37
-1.338
-1.075
-0.741
-0.356
0.115
0.614
1.091
1.528
1.941
2.268
2.567
2.824
2.951
2.969
2.888
2.674
2.447
2.345
2.298
2.261
2.304
2.488
2.769
3.064
3.298
3.52
3.713
3.77
3.704
3.602
3.454
3.212
2.928
2.674
2.413
2.171
2.003
1.882
1.751
1.672
1.683
1.719
1.708
1.635
1.511
1.402
1.415
1.454
1.395
1.281
1.215
1.215
1.182
1.091
0.955
0.787
0.587
0.338
0.047
-0.197
-0.311
-0.331
-0.351
-0.354
-0.317
-0.338
-0.413
-0.453
-0.426
-0.311
-0.052
0.251
0.472
0.61
0.733
0.823
0.862
0.882
0.946
1.048
1.193
1.402
1.615
1.905
2.406
3.003
3.514
3.976
4.448
4.836
5.124
5.396
5.623
5.734
5.784
5.9
6.108
6.324
6.519
6.757
7.084
7.48
7.855
8.209
8.61
8.998
9.245
9.422
9.606
9.681
9.69
9.724
9.804
9.896
10.012
10.114
10.194
10.325
10.529
10.727
10.899
11.114
11.337
11.505
11.659
11.786
11.774
11.638
11.513
11.391
11.212
10.981
10.659
10.25
9.883
9.602
9.336
9.064
8.787
8.494
8.333
8.325
8.313
8.211
8.07
7.912
7.751
7.526
7.147
6.68
6.208
5.804
5.432
4.988
4.496
4.069
3.749
3.552
3.443
3.359
3.273
3.218
3.159
3.001
2.806
2.613
2.27
1.667
0.987
0.399
-0.154
-0.633
-0.971
-1.209
-1.359
-1.406
-1.426
-1.442
-1.406
-1.238
-0.902
-0.522
-0.372
-0.472
-0.698
-1.005
-1.311
-1.556
-1.722
-1.871
-2.046
-2.204
-2.243
-2.112
-1.86
-1.569
-1.202
-0.748
-0.322
-0.045
0.009
-0.077
-0.204
-0.331
-0.447
-0.576
-0.823
-1.104
-1.204
-1.143
-1.05
-0.902
-0.621
-0.165
0.401
0.948
1.404
1.794
2.173
2.517
2.715
2.733
2.642
2.545
2.5
2.533
2.592
2.59
2.554
2.547
2.536
2.459
2.461
2.602
2.794
2.99
3.176
3.291
3.38
3.504
3.629
3.743
3.899
4.069
4.16
4.228
4.369
4.502
4.532
4.564
4.627
4.647
4.609
4.577
4.602
4.663
4.709
4.72
4.774
4.836
4.795
4.702
4.655
4.573
4.394
4.158
3.96
3.804
3.672
3.577
3.581
3.588
3.52
3.493
3.536
3.595
3.688
3.847
4.037
4.14
4.081
3.917
3.668
3.316
2.985
2.731
2.536
2.413
2.354
2.304
2.202
2.06
1.935
1.83
1.753
1.796
1.98
2.193
2.306
2.275
2.132
1.914
1.694
1.515
1.386
1.297
1.225
1.118
0.996
0.882
0.807
0.821
0.907
1
1.079
1.134
1.204
1.325
1.384
1.343
1.259
1.188
1.163
1.127
0.998
0.869
0.8
0.701
0.567
0.562
0.705
0.873
1.027
1.152
1.24
1.315
1.37
1.363
1.347
1.433
1.658
1.878
1.957
1.912
1.826
1.785
1.846
1.941
2.007
2.093
2.234
2.373
2.454
2.472
2.484
2.577
2.69
2.719
2.636
2.508
2.345
2.132
1.955
1.948
2.087
2.212
2.266
2.341
2.49
2.738
3.076
3.33
3.377
3.237
3.06
2.926
2.774
2.563
2.37
2.187
1.969
1.758
1.687
1.685
1.678
1.747
1.885
2
2.098
2.204
2.254
2.134
1.899
1.701
1.483
1.15
0.771
0.44
0.165
-0.05
-0.124
-0.084
0.004
0.132
0.292
0.431
0.512
0.544
0.497
0.354
0.145
-0.138
-0.462
-0.755
-1.086
-1.483
-1.826
-2.075
-2.314
-2.57
-2.776
-2.917
-2.944
-2.874
-2.828
-2.838
-2.846
-2.844
-2.835
-2.828
-2.801
-2.831
-3.012
-3.332
-3.761
-4.33
-4.951
-5.371
-5.471
-5.396
-5.306
-5.217
-5.11
-5.026
-4.951
-4.727
-4.389
-4.09
-3.683
-3.096
-2.542
-2.25
-2.289
-2.661
-3.209
-3.745
-4.267
-4.743
-4.954
-4.713
-4.178
-3.604
-2.976
-2.239
-1.565
-0.987
-0.417
0.147
0.574
0.794
0.91
1.023
1.057
0.937
0.746
0.617
0.519
0.397
0.381
0.703
1.329
2.1
2.828
3.341
3.559
3.543
3.461
3.427
3.434
3.393
3.318
3.318
3.475
3.711
3.913
4.078
4.253
4.446
4.679
4.943
5.112
5.156
5.26
5.514
5.82
6.013
6.034
6.038
6.215
6.576
6.959
7.206
7.261
7.234
7.154
6.948
6.725
6.664
6.723
6.812
6.975
7.251
7.601
8.007
8.406
8.765
9.116
9.483
9.849
10.148
10.246
10.171
10.028
9.908
9.81
9.638
9.4
9.302
9.443
9.704
9.896
10.005
10.205
10.595
11.006
11.242
11.221
10.942
10.541
10.194
9.874
9.631
9.597
9.688
9.751
9.779
9.779
9.833
10.064
10.355
10.455
10.361
10.334
10.409
10.418
10.259
10.023
9.869
9.815
9.69
9.431
9.166
9.078
9.286
9.701
10.051
10.071
9.906
9.776
9.62
9.297
8.903
8.676
8.66
8.778
8.969
9.114
9.195
9.227
9.164
8.966
8.66
8.309
8.041
7.887
7.78
7.705
7.687
7.63
7.524
7.433
7.381
7.349
7.381
7.515
7.553
7.411
7.22
7.09
6.927
6.603
6.161
5.738
5.464
5.385
5.292
5.126
5.087
5.133
5.087
4.951
4.734
4.482
4.389
4.409
4.453
4.498
4.398
4.194
4.103
4.035
3.872
3.824
3.881
3.944
4.026
4.078
4.133
4.271
4.357
4.246
4.035
3.761
3.454
3.216
3.098
3.076
3.071
3.06
3.116
3.209
3.187
3.151
3.298
3.559
3.788
3.944
3.987
3.942
3.881
3.763
3.554
3.361
3.264
3.275
3.4
3.647
3.967
4.325
4.67
4.943
5.149
5.328
5.385
5.328
5.312
5.292
5.21
5.054
4.804
4.564
4.439
4.43
4.548
4.829
5.072
5.196
5.38
5.713
6.09
6.476
6.886
7.242
7.533
7.814
8.062
8.177
8.218
8.193
8.131
8.145
8.227
8.309
8.39
8.513
8.628
8.705
8.853
9.123
9.461
9.792
10.037
10.184
10.23
10.178
10.128
10.216
10.407
10.554
10.554
10.48
10.405
10.382
10.357
10.398
10.543
10.686
10.763
10.749
10.636
10.411
10.119
9.842
9.631
9.391
8.991
8.433
7.857
7.492
7.351
7.279
7.167
7.106
7.086
7.122
7.315
7.646
7.95
8.05
7.909
7.624
7.265
6.827
6.331
5.834
5.385
5.079
4.99
5.056
5.24
5.577
5.984
6.283
6.442
6.428
6.224
5.913
5.6
5.269
4.968
4.784
4.743
4.797
4.856
4.865
4.908
5.074
5.256
5.378
5.471
5.609
5.734
5.779
5.736
5.659
5.541
5.41
5.342
5.369
5.367
5.278
5.24
5.26
5.248
5.185
5.124
5.104
5.07
4.981
4.84
4.709
4.607
4.534
4.505
4.432
4.226
3.901
3.604
3.454
3.468
3.541
3.674
3.817
3.915
3.96
3.949
3.806
3.536
3.225
2.894
2.558
2.241
1.928
1.638
1.451
1.42
1.481
1.597
1.785
1.989
2.093
2.071
2.007
2.007
2.039
1.976
1.805
1.603
1.384
1.168
1.032
0.971
0.875
0.775
0.719
0.689
0.628
0.537
0.453
0.428
0.499
0.621
0.712
0.719
0.664
0.626
0.553
0.356
0.097
-0.113
-0.236
-0.295
-0.315
-0.311
-0.301
-0.292
-0.222
-0.054
0.041
-0.054
-0.186
-0.247
-0.279
-0.331
-0.381
-0.47
-0.635
-0.803
-0.962
-1.138
-1.322
-1.476
-1.517
-1.409
-1.245
-1.1
-1.059
-1.186
-1.318
-1.288
-1.161
-1.025
-0.973
-1.046
-1.232
-1.424
-1.538
-1.633
-1.751
-1.839
-1.821
-1.735
-1.601
-1.426
-1.186
-0.9
-0.655
-0.551
-0.655
-0.914
-1.215
-1.601
-2.046
-2.438
-2.731
-2.921
-3.105
-3.316
-3.4
-3.209
-2.817
-2.384
-2.05
-1.767
-1.503
-1.336
-1.315
-1.458
-1.724
-2.123
-2.688
-3.255
-3.652
-3.954
-4.198
-4.273
-4.155
-3.967
-3.808
-3.645
-3.411
-3.196
-3.157
-3.214
-3.201
-3.141
-3.173
-3.341
-3.547
-3.795
-4.117
-4.548
-5.033
-5.41
-5.605
-5.707
-5.786
-5.802
-5.752
-5.691
-5.686
-5.6
-5.394
-5.231
-5.206
-5.278
-5.396
-5.559
-5.807
-6.076
-6.265
-6.414
-6.641
-6.873
-7
-7.048
-7.097
-7.097
-6.92
-6.694
-6.6
-6.589
-6.587
-6.553
-6.469
-6.397
-6.437
-6.614
-6.848
-7.086
-7.251
-7.29
-7.247
-7.213
-7.17
-7.011
-6.714
-6.403
-6.192
-6.036
-5.911
-5.816
-5.755
-5.809
-5.968
-6.185
-6.474
-6.798
-7.023
-7.163
-7.265
-7.313
-7.263
-7.065
-6.866
-6.812
-6.766
-6.685
-6.714
-6.891
-7.125
-7.324
-7.453
-7.578
-7.66
-7.603
-7.453
-7.349
-7.311
-7.263
-7.236
-7.292
-7.428
-7.589
-7.766
-7.937
-8.136
-8.345
-8.479
-8.513
-8.556
-8.638
-8.712
-8.753
-8.807
-8.912
-9.001
-8.98
-8.916
-8.937
-9.089
-9.275
-9.416
-9.508
-9.592
-9.683
-9.815
-9.983
-10.153
-10.241
-10.178
-10.032
-9.894
-9.749
-9.574
-9.425
-9.295
-9.23
-9.155
-8.98
-8.792
-8.712
-8.751
-8.878
-9.03
-9.18
-9.32
-9.304
-9.078
-8.819
-8.61
-8.415
-8.202
-7.934
-7.655
-7.458
-7.351
-7.306
-7.238
-7.125
-7.048
-7.023
-7.013
-7.013
-6.941
-6.764
-6.6
-6.471
-6.324
-6.113
-5.886
-5.639
-5.337
-5.051
-4.877
-4.77
-4.63
-4.52
-4.534
-4.659
-4.822
-4.877
-4.779
-4.566
-4.264
-3.944
-3.654
-3.328
-2.919
-2.438
-2.025
-1.769
-1.597
-1.458
-1.431
-1.526
-1.628
-1.669
-1.669
-1.638
-1.558
-1.395
-1.088
-0.676
-0.199
0.324
0.812
1.141
1.343
1.467
1.528
1.506
1.433
1.318
1.195
1.096
0.937
0.671
0.376
0.17
0.079
0.052
0.029
-0.002
-0.109
-0.338
-0.576
-0.644
-0.519
-0.247
0.279
1.05
1.794
2.359
2.776
2.965
2.765
2.289
1.862
1.449
0.869
0.324
0.12
0.143
0.154
0.29
0.653
0.989
1.123
1.19
1.367
1.68
1.921
1.973
1.926
1.812
1.526
1.03
0.531
0.138
-0.197
-0.428
-0.472
-0.317
-0.075
0.211
0.578
0.993
1.381
1.624
1.608
1.492
1.503
1.594
1.588
1.474
1.229
0.735
0.016
-0.698
-1.186
-1.363
-1.281
-1.068
-0.762
-0.456
-0.29
-0.249
-0.201
-0.14
-0.143
-0.157
-0.09
-0.068
-0.243
-0.578
-0.905
-1.141
-1.354
-1.447
-1.359
-1.265
-1.215
-1.102
-0.871
-0.556
-0.193
0.186
0.467
0.544
0.492
0.388
0.268
0.029
-0.379
-0.78
-0.973
-0.982
-0.914
-0.796
-0.685
-0.639
-0.653
-0.603
-0.374
-0.018
0.351
0.664
0.791
0.653
0.347
0.002
-0.374
-0.644
-0.658
-0.49
-0.297
-0.084
0.132
0.295
0.445
0.639
0.934
1.259
1.461
1.549
1.676
1.758
1.701
1.551
1.265
0.85
0.449
0.154
0.047
0.179
0.406
0.589
0.746
0.943
1.252
1.665
2.137
2.656
3.141
3.566
3.863
3.89
3.674
3.45
3.3
3.135
2.885
2.588
2.302
1.989
1.719
1.624
1.73
1.957
2.284
2.683
3.037
3.262
3.402
3.464
3.518
3.616
3.668
3.563
3.282
2.899
2.395
1.799
1.3
1.113
1.227
1.449
1.73
2.141
2.708
3.259
3.633
3.797
3.842
3.842
3.761
3.611
3.375
3.032
2.642
2.252
1.81
1.374
1.104
1.109
1.352
1.69
2.039
2.32
2.477
2.525
2.565
2.633
2.652
2.567
2.381
2.071
1.667
1.359
1.265
1.306
1.359
1.388
1.506
1.663
1.753
1.855
2.043
2.252
2.395
2.456
2.409
2.168
1.871
1.749
1.776
1.76
1.692
1.665
1.61
1.463
1.349
1.449
1.735
1.946
1.962
1.874
1.796
1.771
1.837
2.021
2.198
2.284
2.304
2.216
1.987
1.728
1.64
1.742
1.887
1.953
1.871
1.672
1.461
1.413
1.64
1.989
2.243
2.413
2.54
2.506
2.282
2.021
1.764
1.476
1.129
0.796
0.569
0.442
0.345
0.351
0.524
0.723
0.819
0.882
1.027
1.218
1.42
1.624
1.764
1.708
1.449
1.111
0.812
0.594
0.499
0.456
0.349
0.138
0.002
0.038
0.134
0.247
0.372
0.422
0.263
-0.013
-0.236
-0.324
-0.333
-0.306
-0.222
-0.132
-0.197
-0.406
-0.624
-0.814
-1.014
-1.145
-1.134
-1.059
-0.971
-0.88
-0.789
-0.753
-0.753
-0.791
-0.95
-1.215
-1.449
-1.608
-1.751
-1.905
-2.023
-2.157
-2.418
-2.778
-3.055
-3.085
-2.935
-2.747
-2.592
-2.545
-2.613
-2.701
-2.692
-2.586
-2.513
-2.456
-2.348
-2.223
-2.216
-2.379
-2.647
-2.878
-2.99
-3.062
-3.114
-3.157
-3.223
-3.259
-3.193
-3.11
-3.071
-2.996
-2.851
-2.79
-2.842
-2.915
-2.94
-2.921
-2.91
-2.937
-3.007
-3.146
-3.246
-3.166
-3.01
-2.978
-3.078
-3.209
-3.35
-3.52
-3.683
-3.779
-3.82
-3.835
-3.838
-3.84
-3.863
-3.901
-3.876
-3.81
-3.822
-3.847
-3.858
-3.979
-4.18
-4.28
-4.23
-4.151
-4.085
-4.056
-4.017
-3.942
-3.874
-3.888
-3.931
-4.024
-4.212
-4.455
-4.711
-4.997
-5.253
-5.435
-5.512
-5.457
-5.369
-5.353
-5.303
-5.165
-4.963
-4.793
-4.729
-4.747
-4.774
-4.831
-4.999
-5.287
-5.591
-5.827
-6.09
-6.444
-6.762
-6.927
-7.002
-6.995
-6.866
-6.682
-6.505
-6.367
-6.306
-6.322
-6.387
-6.478
-6.58
-6.739
-6.961
-7.215
-7.465
-7.671
-7.791
-7.853
-7.923
-7.939
-7.828
-7.637
-7.51
-7.547
-7.655
-7.771
-7.93
-8.118
-8.265
-8.342
-8.367
-8.358
-8.329
-8.315
-8.315
-8.361
-8.454
-8.54
-8.524
-8.399
-8.245
-8.143
-8.098
-8.098
-8.116
-8.145
-8.204
-8.259
-8.236
-8.116
-7.909
-7.737
-7.735
-7.918
-8.168
-8.372
-8.486
-8.501
-8.447
-8.318
-8.118
-7.898
-7.707
-7.617
-7.628
-7.63
-7.592
-7.488
-7.349
-7.311
-7.378
-7.372
-7.222
-7.086
-6.963
-6.791
-6.625
-6.514
-6.383
-6.233
-6.133
-6.131
-6.206
-6.337
-6.485
-6.573
-6.612
-6.682
-6.743
-6.702
-6.558
-6.36
-6.181
-6.018
-5.924
-5.957
-6.029
-6.029
-6.02
-6.068
-6.104
-6.04
-5.974
-6.068
-6.265
-6.433
-6.564
-6.702
-6.821
-6.909
-6.977
-7.011
-7.029
-7.032
-6.984
-6.898
-6.914
-7.056
-7.224
-7.313
-7.331
-7.383
-7.444
-7.428
-7.363
-7.272
-7.161
-7.063
-7.04
-7.056
-7.056
-7.036
-7.1
-7.299
-7.51
-7.655
-7.821
-8.068
-8.336
-8.465
-8.392
-8.206
-8.052
-7.968
-7.88
-7.766
-7.712
-7.712
-7.771
-7.866
-7.991
-8.082
-8.045
-7.918
-7.778
-7.605
-7.417
-7.27
-7.161
-7.095
-7.161
-7.374
-7.601
-7.694
-7.66
-7.619
-7.621
-7.621
-7.544
-7.349
-7.129
-6.943
-6.839
-6.775
-6.702
-6.58
-6.403
-6.27
-6.235
-6.213
-6.161
-6.131
-6.126
-6.126
-5.997
-5.696
-5.344
-5.067
-4.897
-4.833
-4.772
-4.63
-4.362
-4.04
-3.752
-3.583
-3.518
-3.525
-3.581
-3.654
-3.749
-3.865
-3.913
-3.858
-3.795
-3.77
-3.752
-3.697
-3.597
-3.514
-3.502
-3.633
-3.946
-4.257
-4.369
-4.33
-4.271
-4.273
-4.355
-4.455
-4.561
-4.695
-4.791
-4.87
-5.004
-5.126
-5.126
-5.087
-5.196
-5.48
-5.746
-5.861
-5.877
-5.947
-6.086
-6.238
-6.335
-6.294
-6.172
-6.059
-6.029
-6.09
-6.201
-6.251
-6.27
-6.337
-6.405
-6.43
-6.444
-6.442
-6.374
-6.285
-6.208
-6.045
-5.768
-5.473
-5.228
-5.076
-5.045
-5.097
-5.237
-5.532
-6.006
-6.548
-7.029
-7.376
-7.505
-7.367
-7.002
-6.489
-5.918
-5.217
-4.344
-3.625
-3.284
-3.121
-3.078
-3.307
-3.661
-3.926
-4.242
-4.684
-4.974
-4.993
-5.033
-5.147
-4.954
-4.362
-3.711
-3.067
-2.295
-1.503
-0.907
-0.458
-0.129
-0.099
-0.46
-1.032
-1.574
-2.053
-2.504
-2.824
-2.96
-2.982
-2.785
-2.348
-1.837
-1.284
-0.619
0.02
0.535
1
1.374
1.488
1.379
1.24
1.048
0.621
0.034
-0.315
-0.24
0.025
0.243
0.512
0.966
1.583
2.257
2.822
3.168
3.414
3.616
3.677
3.572
3.38
3.098
2.763
2.497
2.327
2.179
2
1.907
2.007
2.282
2.69
3.241
3.797
4.221
4.539
4.743
4.82
4.922
5.11
5.248
5.296
5.335
5.442
5.548
5.675
5.949
6.356
6.7
6.952
7.161
7.272
7.304
7.39
7.612
7.853
7.893
7.696
7.435
7.263
7.276
7.447
7.587
7.658
7.755
8.027
8.588
9.191
9.545
9.561
9.372
9.261
9.157
8.633
7.866
7.519
7.519
7.403
7.147
7.015
7.353
8.123
8.724
8.878
8.685
8.25
7.941
8.089
8.304
8.054
7.326
6.682
6.784
7.478
7.982
8.125
8.163
8.27
8.694
9.095
8.905
8.413
7.966
7.571
7.234
6.51
5.228
4.192
3.84
3.838
4.008
4.133
4.253
4.89
5.798
6.374
6.619
6.501
6.131
5.832
5.358
4.441
3.416
2.52
1.874
1.599
1.388
1.145
1.213
1.663
2.366
3.225
4.031
4.672
5.176
5.482
5.464
4.988
4.026
2.924
1.885
0.828
-0.161
-0.891
-1.297
-1.198
-0.594
0.118
0.669
1.075
1.451
1.944
2.391
2.49
2.248
1.776
1.218
0.733
0.295
-0.12
-0.329
-0.324
-0.213
0.124
0.66
1.265
1.982
2.638
2.921
2.799
2.354
1.703
0.952
0.097
-0.769
-1.479
-2.037
-2.388
-2.279
-1.812
-1.229
-0.462
0.608
1.801
2.822
3.459
3.763
3.954
3.969
3.586
2.815
1.876
1.009
0.397
0.043
-0.152
-0.201
-0.129
0.197
0.939
1.821
2.511
3.087
3.645
4.23
4.718
4.741
4.276
3.747
3.289
2.81
2.416
2.091
1.896
1.93
2.127
2.517
3.121
3.681
4.09
4.434
4.707
4.874
4.893
4.754
4.511
4.176
3.688
3.087
2.504
2.053
1.769
1.64
1.631
1.771
2.109
2.599
3.123
3.647
4.071
4.282
4.267
4.083
3.81
3.536
3.162
2.617
1.955
1.238
0.576
0.138
-0.075
-0.061
0.118
0.367
0.748
1.325
1.889
2.282
2.42
2.234
1.803
1.22
0.51
-0.283
-1.075
-1.708
-2.03
-2.093
-2.003
-1.874
-1.728
-1.479
-1.066
-0.581
-0.115
0.172
0.152
-0.047
-0.326
-0.733
-1.173
-1.542
-1.747
-1.794
-1.914
-2.229
-2.429
-2.248
-1.885
-1.626
-1.54
-1.526
-1.538
-1.576
-1.603
-1.556
-1.461
-1.413
-1.438
-1.465
-1.486
-1.526
-1.549
-1.486
-1.306
-1.032
-0.825
-0.758
-0.678
-0.501
-0.297
-0.226
-0.356
-0.556
-0.694
-0.796
-0.875
-0.764
-0.449
-0.129
0.086
0.261
0.431
0.519
0.478
0.44
0.485
0.574
0.587
0.483
0.401
0.424
0.476
0.467
0.462
0.539
0.687
0.814
0.905
0.989
1.039
1.021
0.932
0.78
0.614
0.472
0.399
0.401
0.403
0.44
0.564
0.739
0.923
1.12
1.302
1.39
1.322
1.134
0.918
0.712
0.476
0.29
0.186
0.109
0.002
-0.177
-0.397
-0.556
-0.662
-0.771
-0.873
-0.962
-0.959
-0.875
-0.816
-0.821
-0.846
-0.885
-0.939
-1.021
-1.093
-1.111
-1.193
-1.356
-1.476
-1.549
-1.649
-1.747
-1.844
-1.978
-2.177
-2.427
-2.722
-3.064
-3.386
-3.6
-3.704
-3.743
-3.652
-3.5
-3.436
-3.436
-3.429
-3.429
-3.472
-3.55
-3.579
-3.52
-3.368
-3.18
-3.051
-3.001
-3.001
-3.032
-2.969
-2.769
-2.588
-2.456
-2.393
-2.479
-2.722
-3.012
-3.284
-3.516
-3.681
-3.677
-3.527
-3.366
-3.246
-3.112
-2.949
-2.744
-2.502
-2.277
-2.08
-1.962
-2.01
-2.116
-2.225
-2.336
-2.373
-2.273
-2.118
-1.966
-1.78
-1.561
-1.349
-1.19
-1.098
-1.036
-1.009
-0.955
-0.855
-0.875
-1.077
-1.343
-1.613
-1.885
-2.159
-2.488
-2.838
-3.105
-3.248
-3.323
-3.389
-3.418
-3.389
-3.298
-3.171
-3.03
-2.933
-2.871
-2.849
-2.883
-2.98
-3.067
-3.178
-3.312
-3.407
-3.516
-3.697
-3.869
-4.017
-4.151
-4.176
-4.071
-3.994
-3.956
-3.885
-3.792
-3.783
-3.835
-3.906
-4.076
-4.409
-4.838
-5.253
-5.575
-5.784
-5.995
-6.267
-6.512
-6.639
-6.587
-6.339
-5.99
-5.641
-5.237
-4.786
-4.38
-4.101
-3.974
-4.058
-4.314
-4.607
-4.874
-5.203
-5.586
-5.915
-6.092
-6.172
-6.199
-6.176
-6.076
-5.813
-5.496
-5.292
-5.169
-5.108
-5.203
-5.342
-5.403
-5.482
-5.586
-5.611
-5.625
-5.682
-5.702
-5.609
-5.435
-5.248
-5.092
-4.958
-4.854
-4.791
-4.756
-4.679
-4.545
-4.396
-4.273
-4.144
-4.037
-4.06
-4.144
-4.198
-4.296
-4.436
-4.536
-4.666
-4.872
-5.047
-5.076
-4.927
-4.6
-4.201
-3.894
-3.681
-3.416
-3.064
-2.747
-2.493
-2.254
-2.102
-2.118
-2.234
-2.393
-2.55
-2.658
-2.694
-2.583
-2.279
-1.896
-1.492
-1.002
-0.399
0.145
0.481
0.696
0.875
0.964
0.85
0.539
0.161
-0.17
-0.445
-0.624
-0.685
-0.587
-0.347
-0.047
0.218
0.526
1.009
1.563
2.005
2.327
2.572
2.572
2.314
1.985
1.687
1.415
1.136
0.896
0.823
0.907
1.039
1.138
1.236
1.399
1.635
1.799
1.844
1.876
1.923
1.855
1.653
1.417
1.193
0.977
0.764
0.601
0.499
0.447
0.433
0.42
0.428
0.526
0.683
0.721
0.624
0.551
0.535
0.428
0.236
0.097
0.004
-0.102
-0.136
-0.043
0.07
0.068
-0.054
-0.193
-0.292
-0.472
-0.748
-0.93
-0.964
-0.877
-0.721
-0.581
-0.451
-0.276
-0.034
0.322
0.864
1.597
2.164
2.223
1.928
1.74
1.771
1.851
2.071
2.338
2.443
2.504
2.735
3.06
3.491
4.321
5.437
6.104
5.895
5.539
5.9
6.576
6.925
6.877
6.553
6.272
6.383
6.65
6.802
6.857
6.793
6.884
7.463
8.361
8.998
9.109
9.03
9.341
10.007
10.572
10.912
10.743
9.824
8.88
8.735
9.23
9.81
10.067
9.89
9.658
9.715
10.064
10.547
10.879
10.962
10.96
10.672
9.955
9.272
8.885
8.631
8.415
8.211
7.968
7.669
7.308
7.052
7.134
7.494
7.853
8.045
7.798
7.159
6.644
6.451
6.292
5.907
5.278
4.672
4.432
4.421
4.221
3.67
3.164
3.078
3.32
3.516
3.475
3.328
3.051
2.654
2.234
1.792
1.406
1.193
0.991
0.539
-0.109
-0.594
-0.68
-0.397
0.104
0.556
0.705
0.587
0.408
0.218
0.032
0.011
0.09
-0.016
-0.406
-0.832
-1.096
-1.204
-1.186
-1.066
-0.805
-0.392
0.004
0.172
0.095
-0.057
-0.061
0.113
0.274
0.261
0.084
-0.124
-0.29
-0.358
-0.286
-0.041
0.286
0.547
0.658
0.719
0.93
1.397
1.932
2.202
2.109
1.882
1.846
2.041
2.298
2.393
2.241
1.955
1.833
1.966
2.159
2.327
2.556
2.774
2.926
3.087
3.293
3.504
3.613
3.556
3.423
3.355
3.35
3.307
3.141
2.813
2.44
2.252
2.331
2.55
2.701
2.792
3.035
3.414
3.758
3.958
4.071
4.098
4.003
3.921
3.967
4.071
4.003
3.693
3.287
2.976
2.849
2.776
2.633
2.615
2.838
2.901
2.636
2.368
2.418
2.751
3.073
3.13
2.919
2.595
2.295
2.141
2.116
2.168
2.229
2.302
2.44
2.636
2.747
2.715
2.704
2.808
2.908
2.892
2.776
2.656
2.52
2.257
1.914
1.685
1.66
1.726
1.76
1.672
1.517
1.367
1.286
1.22
1.123
1.134
1.338
1.508
1.463
1.338
1.354
1.508
1.717
1.921
2.043
2.06
2.025
1.991
1.803
1.472
1.286
1.286
1.17
0.941
0.794
0.787
0.877
0.973
0.982
1.071
1.343
1.531
1.492
1.361
1.306
1.336
1.429
1.531
1.581
1.619
1.683
1.789
1.964
2.216
2.533
2.815
2.942
2.955
2.94
2.915
3.005
3.216
3.37
3.389
3.284
3.187
3.25
3.475
3.633
3.633
3.593
3.597
3.636
3.745
3.958
4.123
4.198
4.253
4.276
4.239
4.253
4.35
4.344
4.171
4.09
4.142
4.165
4.076
3.999
3.994
3.958
3.79
3.47
3.064
2.701
2.406
2.134
1.944
1.889
1.923
2.007
2.148
2.284
2.381
2.486
2.561
2.452
2.055
1.479
0.918
0.465
0.07
-0.274
-0.633
-1.057
-1.352
-1.349
-1.123
-0.839
-0.587
-0.39
-0.326
-0.497
-0.866
-1.293
-1.733
-2.207
-2.656
-3.042
-3.386
-3.661
-3.869
-4.081
-4.271
-4.359
-4.262
-4.076
-3.921
-3.827
-3.715
-3.491
-3.135
-2.744
-2.463
-2.329
-2.275
-2.354
-2.57
-2.783
-2.926
-3.028
-3.13
-3.239
-3.291
-3.184
-3.039
-2.874
-2.561
-2.082
-1.585
-1.138
-0.687
-0.265
-0.052
-0.011
0.079
0.249
0.356
0.401
0.465
0.574
0.775
1.016
1.272
1.601
1.955
2.191
2.404
2.674
3.007
3.359
3.622
3.767
3.847
3.89
3.935
3.94
3.822
3.708
3.749
3.879
4.042
4.287
4.548
4.847
5.323
5.963
6.566
7.009
7.249
7.345
7.331
7.199
7.034
6.902
6.727
6.614
6.694
6.864
6.929
7.07
7.456
7.962
8.354
8.608
8.885
9.105
9.143
8.944
8.742
8.615
8.54
8.542
8.594
8.715
8.882
9.118
9.316
9.481
9.64
9.849
9.998
9.996
9.892
9.76
9.658
9.558
9.429
9.243
9.053
8.885
8.76
8.674
8.588
8.497
8.442
8.524
8.726
8.989
9.17
9.211
9.189
9.164
9.128
9.021
8.803
8.404
7.925
7.492
7.181
7.02
6.918
6.846
6.882
7.156
7.594
7.991
8.218
8.3
8.304
8.263
8.145
7.891
7.528
7.265
7.172
7.127
7.12
7.195
7.234
7.227
7.265
7.388
7.583
7.724
7.716
7.63
7.547
7.424
7.308
7.231
7.127
7.054
7.086
7.131
7.075
6.925
6.705
6.539
6.512
6.544
6.571
6.63
6.741
6.884
7.032
7.129
7.127
6.998
6.787
6.571
6.408
6.245
5.99
5.75
5.686
5.818
5.974
5.999
5.861
5.721
5.605
5.45
5.262
5.062
4.854
4.691
4.618
4.582
4.618
4.707
4.777
4.902
5.122
5.31
5.38
5.369
5.26
5.07
4.861
4.7
4.625
4.611
4.6
4.593
4.611
4.663
4.729
4.747
4.766
4.831
4.911
4.988
5.065
5.126
5.151
5.196
5.267
5.308
5.319
5.41
5.509
5.494
5.428
5.389
5.394
5.439
5.559
5.732
5.947
6.129
6.249
6.324
6.333
6.337
6.387
6.453
6.478
6.43
6.312
6.213
6.199
6.265
6.362
6.487
6.637
6.727
6.737
6.78
6.916
7.065
7.209
7.356
7.488
7.642
7.857
8.095
8.25
8.331
8.395
8.436
8.379
8.17
7.943
7.801
7.735
7.746
7.86
8.045
8.304
8.701
9.198
9.672
9.955
10.017
9.989
9.969
9.921
9.824
9.652
9.425
9.23
9.093
8.984
8.885
8.83
8.848
8.882
8.878
8.887
8.982
9.139
9.282
9.377
9.393
9.277
8.914
8.433
8.093
8.018
7.984
7.9
7.798
7.678
7.522
7.397
7.442
7.664
7.93
8.025
7.941
7.816
7.682
7.508
7.333
7.134
6.846
6.526
6.247
5.977
5.759
5.725
5.852
6.002
6.126
6.251
6.344
6.308
6.19
6.12
6.051
5.9
5.652
5.428
5.314
5.328
5.392
5.448
5.498
5.598
5.702
5.723
5.68
5.691
5.782
5.872
5.802
5.557
5.244
4.954
4.734
4.577
4.412
4.244
4.108
4.06
4.133
4.248
4.298
4.18
3.994
3.992
4.035
3.84
3.622
3.704
3.881
3.926
3.82
3.475
3.082
2.776
2.567
2.502
2.538
2.363
2.105
2.189
2.381
2.384
2.175
2.028
2.023
2.08
2.05
2.025
2.028
1.862
1.703
1.808
2.048
1.991
1.694
1.386
1.109
0.85
0.771
0.987
1.209
1.363
1.524
1.819
2.1
2.237
2.264
2.209
1.996
1.613
1.198
0.789
0.422
0.082
-0.238
-0.465
-0.483
-0.311
-0.115
-0.025
-0.088
-0.097
0.07
0.265
0.313
0.172
-0.077
-0.335
-0.417
-0.401
-0.524
-0.81
-1.116
-1.295
-1.279
-1.136
-1.027
-0.877
-0.708
-0.701
-0.794
-0.848
-0.923
-1.023
-0.991
-0.955
-0.991
-1.075
-1.229
-1.424
-1.492
-1.329
-1.154
-1.091
-1.102
-1.096
-1.111
-1.109
-1.073
-1.027
-0.918
-0.866
-1.027
-1.365
-1.755
-2.118
-2.252
-2.15
-2.127
-2.239
-2.182
-1.891
-1.642
-1.474
-1.395
-1.377
-1.399
-1.458
-1.626
-1.862
-2.082
-2.223
-2.264
-2.425
-2.794
-3.182
-3.395
-3.577
-3.738
-3.813
-3.892
-3.971
-4.026
-4.078
-4.171
-4.198
-4.205
-4.232
-4.278
-4.409
-4.691
-4.985
-5.117
-5.133
-5.081
-5.081
-5.244
-5.498
-5.721
-5.755
-5.648
-5.571
-5.594
-5.614
-5.621
-5.644
-5.755
-5.984
-6.195
-6.267
-6.206
-6.122
-6.113
-6.233
-6.331
-6.287
-6.276
-6.453
-6.712
-6.925
-7.174
-7.424
-7.61
-7.696
-7.701
-7.703
-7.689
-7.569
-7.369
-7.234
-7.147
-7.088
-7.059
-7.013
-6.934
-6.898
-6.889
-6.839
-6.816
-6.825
-6.9
-7.086
-7.258
-7.279
-7.199
-7.115
-7.1
-7.118
-7.043
-6.884
-6.764
-6.662
-6.512
-6.36
-6.308
-6.358
-6.437
-6.476
-6.514
-6.6
-6.732
-6.854
-6.934
-6.979
-7.002
-6.957
-6.816
-6.65
-6.449
-6.24
-6.124
-6.156
-6.294
-6.449
-6.596
-6.832
-7.165
-7.381
-7.469
-7.608
-7.753
-7.789
-7.739
-7.633
-7.497
-7.433
-7.508
-7.699
-7.903
-8.068
-8.154
-8.234
-8.377
-8.565
-8.757
-8.848
-8.821
-8.81
-8.903
-9.053
-9.232
-9.427
-9.588
-9.694
-9.767
-9.835
-9.767
-9.66
-9.656
-9.749
-9.867
-9.93
-9.912
-9.908
-9.94
-9.921
-9.883
-9.906
-9.965
-10.026
-10.146
-10.368
-10.674
-10.931
-11.003
-10.895
-10.702
-10.477
-10.298
-10.221
-10.159
-9.998
-9.776
-9.615
-9.524
-9.391
-9.12
-8.792
-8.576
-8.513
-8.492
-8.452
-8.44
-8.504
-8.51
-8.352
-8.054
-7.724
-7.381
-7.038
-6.827
-6.7
-6.537
-6.376
-6.315
-6.362
-6.356
-6.197
-5.981
-5.782
-5.555
-5.262
-4.951
-4.688
-4.471
-4.203
-3.908
-3.706
-3.588
-3.414
-3.193
-3.026
-2.999
-3.01
-2.878
-2.665
-2.49
-2.354
-2.212
-2.021
-1.796
-1.633
-1.569
-1.508
-1.386
-1.24
-1.098
-0.907
-0.671
-0.562
-0.662
-0.81
-0.871
-0.855
-0.803
-0.687
-0.49
-0.338
-0.317
-0.274
-0.086
0.149
0.363
0.628
0.914
1.136
1.263
1.381
1.515
1.606
1.644
1.628
1.574
1.581
1.642
1.619
1.531
1.563
1.735
1.935
2.071
2.137
2.184
2.177
2.127
2.139
2.257
2.411
2.55
2.672
2.704
2.631
2.511
2.413
2.298
2.177
2.08
2.08
2.179
2.254
2.187
2.118
2.173
2.234
2.159
2.018
1.951
1.919
1.787
1.506
1.209
1.018
0.934
0.889
0.86
0.85
0.877
0.912
0.902
0.828
0.755
0.721
0.673
0.587
0.478
0.365
0.306
0.322
0.338
0.283
0.236
0.374
0.649
0.819
0.739
0.512
0.315
0.19
0.109
0.004
-0.211
-0.458
-0.696
-1.027
-1.392
-1.658
-1.753
-1.674
-1.495
-1.293
-1.127
-1.148
-1.37
-1.615
-1.669
-1.515
-1.284
-1.102
-1.034
-1.068
-1.145
-1.209
-1.259
-1.343
-1.413
-1.325
-1.134
-1.054
-1.195
-1.384
-1.381
-1.193
-1.032
-0.975
-0.998
-1.05
-1.093
-1.127
-1.245
-1.488
-1.719
-1.835
-1.796
-1.628
-1.422
-1.238
-1.061
-0.914
-0.771
-0.569
-0.272
0.129
0.542
0.841
1.036
1.152
1.129
1.005
0.91
0.887
0.907
0.943
0.896
0.673
0.399
0.243
0.274
0.47
0.75
1.075
1.415
1.717
1.957
2.132
2.189
2.148
2.087
2.046
1.98
1.896
1.846
1.864
1.987
2.116
2.173
2.264
2.497
2.785
3.101
3.509
4.008
4.4
4.486
4.348
4.194
4.142
4.205
4.271
4.235
4.135
3.938
3.613
3.325
3.23
3.278
3.445
3.752
4.026
4.126
4.108
4.121
4.255
4.489
4.752
4.972
5.008
4.725
4.203
3.677
3.307
3.073
2.933
2.919
3.019
3.176
3.303
3.405
3.475
3.466
3.334
3.119
2.901
2.686
2.427
2.141
1.905
1.687
1.397
1.048
0.835
0.918
1.163
1.481
1.844
2.123
2.279
2.397
2.542
2.654
2.633
2.463
2.15
1.717
1.211
0.671
0.263
0.149
0.279
0.549
0.866
1.184
1.454
1.701
1.982
2.298
2.597
2.747
2.679
2.5
2.279
2.046
1.855
1.755
1.749
1.78
1.767
1.817
2.046
2.402
2.738
2.957
3.055
3.023
2.846
2.622
2.413
2.232
2.05
1.841
1.638
1.451
1.279
1.218
1.372
1.749
2.193
2.443
2.47
2.404
2.327
2.302
2.306
2.345
2.375
2.354
2.257
2.098
1.932
1.78
1.583
1.284
0.891
0.539
0.288
0.095
-0.059
-0.17
-0.276
-0.437
-0.669
-0.914
-1.021
-0.941
-0.712
-0.354
-0.034
0.041
-0.09
-0.261
-0.397
-0.524
-0.658
-0.835
-1.073
-1.37
-1.685
-1.946
-2.109
-2.184
-2.284
-2.465
-2.627
-2.71
-2.674
-2.481
-2.132
-1.735
-1.367
-1.073
-0.885
-0.778
-0.66
-0.46
-0.265
-0.286
-0.589
-1.041
-1.556
-2.068
-2.47
-2.806
-3.091
-3.182
-3.085
-2.976
-2.722
-2.212
-1.624
-1.134
-0.775
-0.617
-0.696
-0.891
-1.109
-1.367
-1.71
-2.05
-2.35
-2.855
-3.597
-4.198
-4.466
-4.475
-4.223
-3.781
-3.312
-2.899
-2.558
-2.348
-2.293
-2.345
-2.391
-2.391
-2.477
-2.681
-2.892
-3.11
-3.416
-3.77
-4.051
-4.235
-4.3
-4.18
-3.969
-3.799
-3.668
-3.525
-3.38
-3.27
-3.246
-3.239
-3.168
-3.103
-3.187
-3.4
-3.625
-3.781
-3.908
-4.076
-4.255
-4.4
-4.53
-4.661
-4.741
-4.763
-4.772
-4.65
-4.389
-4.255
-4.337
-4.459
-4.602
-4.865
-5.153
-5.369
-5.573
-5.816
-6.054
-6.217
-6.283
-6.347
-6.433
-6.53
-6.664
-6.784
-6.857
-6.882
-6.929
-7.048
-7.165
-7.174
-7.215
-7.397
-7.569
-7.633
-7.644
-7.601
-7.585
-7.646
-7.726
-7.744
-7.687
-7.63
-7.68
-7.85
-8.032
-8.136
-8.12
-8.018
-7.889
-7.744
-7.574
-7.406
-7.217
-7.027
-6.879
-6.746
-6.605
-6.512
-6.539
-6.653
-6.814
-7.007
-7.19
-7.249
-7.174
-7.127
-7.15
-7.013
-6.721
-6.508
-6.41
-6.278
-6.142
-6.154
-6.276
-6.36
-6.498
-6.735
-6.945
-7.143
-7.353
-7.542
-7.63
-7.644
-7.589
-7.442
-7.249
-7.02
-6.78
-6.548
-6.392
-6.36
-6.376
-6.392
-6.571
-6.936
-7.265
-7.465
-7.574
-7.674
-7.751
-7.76
-7.744
-7.699
-7.603
-7.463
-7.254
-6.952
-6.716
-6.66
-6.682
-6.712
-6.789
-6.929
-7.118
-7.313
-7.48
-7.553
-7.528
-7.501
-7.553
-7.621
-7.671
-7.751
-7.785
-7.703
-7.549
-7.311
-7.032
-6.848
-6.871
-7.011
-7.113
-7.22
-7.474
-7.757
-7.932
-8.068
-8.272
-8.424
-8.397
-8.25
-8.095
-7.939
-7.807
-7.68
-7.567
-7.458
-7.345
-7.281
-7.281
-7.32
-7.476
-7.762
-8.048
-8.256
-8.372
-8.342
-8.181
-7.98
-7.798
-7.619
-7.474
-7.383
-7.281
-7.209
-7.256
-7.326
-7.358
-7.465
-7.676
-7.893
-8.018
-8.139
-8.331
-8.44
-8.381
-8.236
-8.107
-7.948
-7.646
-7.236
-6.961
-6.954
-7.007
-7.009
-7.036
-7.061
-6.957
-6.846
-6.868
-6.875
-6.746
-6.587
-6.53
-6.526
-6.408
-6.154
-5.947
-5.795
-5.589
-5.392
-5.273
-5.14
-4.981
-4.922
-4.945
-4.965
-4.943
-4.92
-4.918
-4.872
-4.82
-4.768
-4.661
-4.43
-4.214
-4.04
-3.842
-3.661
-3.511
-3.328
-3.153
-3.126
-3.23
-3.303
-3.312
-3.398
-3.613
-3.82
-3.831
-3.718
-3.597
-3.475
-3.352
-3.275
-3.234
-3.171
-3.091
-3.051
-3.146
-3.37
-3.611
-3.879
-4.178
-4.38
-4.514
-4.759
-5.124
-5.46
-5.727
-5.959
-6.115
-6.172
-6.199
-6.256
-6.299
-6.337
-6.478
-6.694
-6.836
-6.818
-6.716
-6.675
-6.653
-6.539
-6.372
-6.226
-6.095
-5.972
-5.895
-5.904
-6.018
-6.265
-6.591
-6.902
-7.125
-7.288
-7.399
-7.417
-7.39
-7.411
-7.435
-7.322
-7.068
-6.732
-6.376
-6.049
-5.773
-5.58
-5.48
-5.414
-5.326
-5.219
-5.151
-5.174
-5.269
-5.383
-5.448
-5.38
-5.122
-4.745
-4.373
-4.008
-3.575
-3.128
-2.838
-2.735
-2.697
-2.663
-2.71
-2.883
-3.082
-3.166
-3.044
-2.785
-2.531
-2.345
-2.134
-1.814
-1.354
-0.896
-0.533
-0.245
-0.041
0.004
-0.115
-0.308
-0.551
-0.726
-0.687
-0.49
-0.317
-0.181
-0.041
0.082
0.159
0.186
0.129
0.047
0.022
0.034
0.02
0.016
0.075
0.181
0.345
0.628
0.939
1.079
1.132
1.329
1.622
1.841
2
2.066
1.98
1.805
1.628
1.44
1.295
1.2
1.143
1.157
1.179
1.177
1.259
1.503
1.824
2.093
2.316
2.561
2.831
3.107
3.373
3.511
3.477
3.434
3.448
3.393
3.364
3.52
3.808
4.18
4.747
5.342
5.807
6.117
6.312
6.453
6.619
6.719
6.698
6.673
6.741
6.834
6.859
6.864
6.9
7.015
7.224
7.474
7.633
7.778
8.052
8.383
8.59
8.694
8.703
8.576
8.431
8.411
8.431
8.397
8.329
8.293
8.311
8.408
8.513
8.544
8.54
8.538
8.513
8.424
8.304
8.186
8.095
8.007
7.927
7.855
7.741
7.54
7.299
7.115
7.032
7.02
6.986
6.834
6.616
6.442
6.333
6.222
6.104
6.015
5.859
5.534
5.108
4.745
4.482
4.314
4.228
4.185
4.137
4.078
3.967
3.743
3.545
3.477
3.432
3.287
3.03
2.722
2.343
1.953
1.728
1.733
1.771
1.694
1.551
1.474
1.517
1.622
1.728
1.853
1.971
2.025
1.93
1.658
1.34
1.129
0.952
0.683
0.379
0.209
0.184
0.188
0.193
0.283
0.456
0.601
0.655
0.669
0.753
0.898
1.034
1.136
1.193
1.132
0.966
0.798
0.73
0.758
0.783
0.787
0.852
0.957
1.091
1.218
1.295
1.37
1.465
1.474
1.379
1.302
1.349
1.447
1.461
1.417
1.395
1.367
1.315
1.29
1.343
1.465
1.567
1.563
1.513
1.508
1.565
1.674
1.728
1.705
1.701
1.703
1.647
1.633
1.778
2.007
2.177
2.22
2.241
2.27
2.289
2.32
2.445
2.64
2.785
2.756
2.611
2.461
2.298
2.166
2.071
2.018
2.053
2.198
2.314
2.341
2.402
2.54
2.686
2.765
2.733
2.656
2.542
2.381
2.223
2.123
2
1.801
1.617
1.572
1.674
1.814
1.951
2.132
2.359
2.565
2.667
2.688
2.642
2.554
2.443
2.232
1.899
1.558
1.311
1.057
0.744
0.499
0.388
0.351
0.345
0.367
0.487
0.66
0.748
0.748
0.775
0.789
0.68
0.456
0.263
0.161
0.086
-0.025
-0.152
-0.231
-0.209
-0.138
-0.088
-0.115
-0.231
-0.381
-0.451
-0.478
-0.528
-0.603
-0.719
-0.932
-1.177
-1.377
-1.542
-1.64
-1.622
-1.449
-1.211
-0.955
-0.712
-0.465
-0.138
0.268
0.619
0.844
0.962
1.021
1.113
1.279
1.404
1.372
1.154
0.73
0.109
-0.56
-1.148
-1.451
-1.325
-0.962
-0.451
0.29
1.071
1.374
1.232
1.123
1.057
0.778
0.533
0.487
0.392
0.258
0.315
0.442
0.308
0.041
-0.034
0.013
-0.002
0.102
0.283
0.283
0.406
0.803
0.973
0.716
0.395
0.27
0.229
0.066
-0.234
-0.487
-0.596
-0.605
-0.494
-0.331
-0.365
-0.531
-0.445
-0.082
0.234
0.333
0.297
0.215
0.061
-0.209
-0.512
-0.664
-0.771
-1.011
-1.207
-1.166
-1.084
-1.127
-1.066
-0.789
-0.501
-0.317
-0.243
-0.32
-0.487
-0.655
-0.771
-0.912
-1.229
-1.603
-1.824
-2.021
-2.343
-2.575
-2.604
-2.515
-2.291
-2.055
-1.96
-1.969
-1.96
-1.871
-1.758
-1.749
-1.749
-1.717
-1.855
-2.202
-2.592
-2.99
-3.33
-3.5
-3.597
-3.704
-3.842
-3.897
-3.761
-3.454
-3.087
-2.742
-2.477
-2.212
-1.996
-2.025
-2.2
-2.187
-2.01
-1.941
-1.993
-1.993
-1.948
-1.962
-2.06
-2.084
-1.93
-1.767
-1.651
-1.417
-1.107
-0.889
-0.769
-0.678
-0.614
-0.547
-0.422
-0.222
-0.063
-0.14
-0.279
-0.231
-0.163
-0.238
-0.261
-0.181
-0.226
-0.422
-0.572
-0.601
-0.658
-0.728
-0.71
-0.646
-0.687
-0.887
-1.177
-1.44
-1.622
-1.789
-1.941
-2.046
-2.218
-2.44
-2.633
-2.955
-3.386
-3.67
-3.767
-3.852
-3.892
-3.722
-3.536
-3.647
-3.963
-4.121
-4.076
-4.012
-4.01
-3.994
-3.899
-3.856
-4.044
-4.357
-4.709
-5.035
-5.228
-5.296
-5.346
-5.353
-5.323
-5.364
-5.45
-5.541
-5.619
-5.688
-5.823
-5.911
-5.85
-5.741
-5.682
-5.646
-5.675
-5.752
-5.825
-5.861
-5.897
-5.984
-6.036
-5.936
-5.784
-5.725
-5.648
-5.425
-5.174
-5.038
-4.97
-5.015
-5.21
-5.432
-5.591
-5.759
-6.065
-6.317
-6.31
-6.147
-5.999
-5.92
-5.934
-5.927
-5.782
-5.58
-5.351
-5.112
-4.968
-4.981
-5.151
-5.385
-5.45
-5.314
-5.196
-5.106
-5.01
-4.976
-4.927
-4.833
-4.822
-4.849
-4.759
-4.532
-4.307
-4.284
-4.371
-4.278
-4.056
-3.958
-3.951
-3.838
-3.665
-3.527
-3.482
-3.534
-3.665
-3.777
-3.785
-3.761
-3.69
-3.452
-3.073
-2.694
-2.318
-1.916
-1.578
-1.352
-1.12
-0.76
-0.374
-0.17
-0.05
0.149
0.345
0.437
0.483
0.556
0.696
0.819
0.819
0.794
0.86
0.927
1.016
1.261
1.533
1.728
1.855
1.833
1.787
1.899
2.087
2.214
2.252
2.198
2.1
2.057
2.091
2.284
2.719
3.214
3.566
3.765
3.822
3.668
3.352
3.014
2.729
2.506
2.356
2.216
2.078
1.896
1.672
1.481
1.381
1.325
1.3
1.295
1.259
1.175
0.964
0.692
0.426
0.136
-0.184
-0.49
-0.728
-0.835
-0.794
-0.581
-0.234
0.066
0.163
0.168
0.161
0.066
-0.109
-0.261
-0.338
-0.313
-0.229
-0.181
-0.115
-0.009
0.084
0.147
0.286
0.51
0.771
1.021
1.173
1.204
1.225
1.331
1.499
1.594
1.606
1.708
2.068
2.552
3.032
3.547
4.117
4.686
5.165
5.519
5.791
6.024
6.197
6.326
6.467
6.607
6.694
6.793
6.923
7.063
7.342
7.841
8.408
8.83
9.191
9.563
9.849
9.937
9.874
9.806
9.824
9.899
9.967
10.028
10.082
10.191
10.438
10.768
11.078
11.375
11.588
11.659
11.643
11.534
11.298
11.042
10.763
10.416
10.042
9.676
9.304
8.962
8.728
8.617
8.551
8.533
8.599
8.66
8.533
8.243
7.95
7.676
7.32
6.927
6.628
6.405
6.097
5.664
5.219
4.872
4.627
4.455
4.28
4.065
3.81
3.568
3.35
3.13
2.924
2.824
2.729
2.47
2.075
1.656
1.232
0.821
0.401
-0.011
-0.317
-0.451
-0.413
-0.313
-0.29
-0.286
-0.145
0.029
0.107
0.186
0.27
0.251
0.124
-0.063
-0.236
-0.422
-0.655
-0.91
-1.173
-1.456
-1.717
-1.839
-1.819
-1.778
-1.787
-1.749
-1.553
-1.182
-0.769
-0.485
-0.301
-0.12
0.034
0.084
0.045
-0.036
-0.145
-0.245
-0.329
-0.399
-0.395
-0.268
-0.066
0.177
0.492
0.823
1.082
1.218
1.331
1.508
1.665
1.771
1.926
2.164
2.37
2.429
2.434
2.556
2.763
3.012
3.295
3.5
3.443
3.18
2.951
2.912
2.942
2.969
3.098
3.359
3.622
3.808
4.012
4.287
4.611
4.888
5.042
5.119
5.178
5.171
5.137
5.124
5.015
4.795
4.611
4.552
4.523
4.373
4.251
4.325
4.539
4.718
4.745
4.638
4.471
4.303
4.171
4.003
3.781
3.593
3.441
3.284
3.11
3.012
3.001
3.035
3.119
3.339
3.654
3.983
4.214
4.294
4.267
4.165
3.938
3.593
3.193
2.817
2.461
2.114
1.839
1.674
1.583
1.581
1.665
1.774
1.785
1.733
1.735
1.737
1.653
1.549
1.479
1.417
1.311
1.195
1.093
0.998
0.905
0.807
0.746
0.8
0.871
0.873
0.835
0.837
0.887
0.989
1.111
1.184
1.148
0.993
0.841
0.785
0.71
0.456
0.082
-0.231
-0.392
-0.476
-0.512
-0.367
-0.045
0.311
0.694
1.19
1.658
1.969
2.152
2.282
2.434
2.522
2.379
2.01
1.545
1.141
0.866
0.733
0.737
0.873
1.107
1.486
2
2.475
2.803
3.087
3.361
3.618
3.774
3.763
3.577
3.27
2.928
2.597
2.291
2.084
2.035
2.102
2.252
2.5
2.874
3.284
3.681
4.094
4.382
4.412
4.259
3.996
3.608
3.164
2.715
2.314
2
1.774
1.649
1.667
1.796
2.016
2.248
2.452
2.602
2.536
2.225
1.871
1.628
1.467
1.265
0.984
0.644
0.24
-0.138
-0.437
-0.637
-0.692
-0.619
-0.456
-0.24
-0.054
0.097
0.234
0.37
0.61
0.968
1.3
1.395
0.987
0.165
-0.501
-0.828
-1.22
-1.787
-2.402
-3.071
-3.625
-3.792
-3.633
-3.382
-2.951
-2.254
-1.717
-1.717
-1.973
-2.118
-2.184
-2.102
-1.826
-1.876
-2.595
-3.543
-4.203
-4.589
-4.811
-4.881
-4.883
-4.965
-5.094
-4.94
-4.525
-4.092
-3.531
-2.849
-2.413
-2.261
-2.245
-2.413
-2.652
-2.842
-3.053
-3.334
-3.665
-3.946
-4.098
-4.117
-3.806
-3.017
-2.139
-1.603
-1.141
-0.539
-0.022
0.374
0.683
0.798
0.812
0.839
0.819
0.76
0.673
0.547
0.501
0.574
0.705
0.937
1.215
1.497
2.023
2.74
3.268
3.631
4.11
4.482
4.539
4.498
4.543
4.627
4.618
4.468
4.398
4.453
4.403
4.332
4.375
4.362
4.362
4.484
4.611
4.827
5.273
5.784
6.12
6.324
6.474
6.555
6.666
6.809
6.685
6.154
5.65
5.611
5.879
6.072
6.138
6.303
6.689
7.247
7.839
8.372
8.864
9.413
9.962
10.244
10.125
9.835
9.588
9.275
8.939
8.656
8.367
8.159
8.34
8.862
9.391
9.81
10.318
10.929
11.339
11.414
11.425
11.613
11.729
11.444
10.876
10.257
9.774
9.527
9.436
9.391
9.468
9.674
9.926
10.236
10.591
10.906
11.114
11.137
10.854
10.298
9.692
9.279
9.112
8.994
8.885
8.846
8.799
8.665
8.513
8.411
8.413
8.504
8.529
8.392
8.243
8.184
8.206
8.245
8.186
8.075
8.012
7.896
7.737
7.699
7.764
7.843
7.939
7.927
7.612
7.106
6.687
6.558
6.666
6.821
6.918
6.977
7.023
7.115
7.236
7.224
7.052
6.848
6.653
6.46
6.317
6.222
6.158
6.124
6.097
5.993
5.741
5.5
5.503
5.673
5.836
5.959
6.036
6.079
6.147
6.145
6.022
5.863
5.652
5.439
5.314
5.149
4.804
4.439
4.242
4.196
4.244
4.378
4.539
4.693
4.879
5.099
5.281
5.392
5.512
5.582
5.464
5.215
5.008
4.786
4.484
4.239
4.171
4.198
4.248
4.357
4.505
4.622
4.749
4.858
4.833
4.793
4.861
5.02
5.215
5.353
5.355
5.262
5.133
4.933
4.722
4.591
4.505
4.416
4.344
4.382
4.564
4.774
4.954
5.14
5.281
5.328
5.339
5.33
5.312
5.328
5.312
5.226
5.165
5.162
5.292
5.528
5.804
6.145
6.505
6.791
7.004
7.19
7.383
7.626
7.853
7.866
7.701
7.505
7.331
7.234
7.234
7.245
7.276
7.361
7.415
7.537
7.884
8.263
8.433
8.567
8.721
8.882
9.103
9.25
9.173
9.087
9.209
9.322
9.32
9.211
9.055
8.896
8.796
8.799
8.765
8.576
8.399
8.497
8.619
8.66
8.71
8.658
8.381
8.154
8.123
8.043
7.882
7.691
7.54
7.44
7.39
7.342
7.324
7.363
7.44
7.549
7.601
7.578
7.515
7.419
7.281
7.145
7.004
6.793
6.598
6.512
6.585
6.732
6.934
7.081
7.097
7.032
6.891
6.675
6.385
6.158
6.083
6.213
6.374
6.381
6.213
6.004
5.857
5.773
5.734
5.759
5.897
6.013
5.986
5.913
5.918
6.031
6.133
6.163
6.045
5.82
5.577
5.43
5.446
5.439
5.323
5.196
5.14
5.124
5.14
5.067
4.874
4.745
4.695
4.605
4.359
3.924
3.38
2.99
2.749
2.572
2.418
2.289
2.306
2.529
2.869
3.144
3.352
3.495
3.522
3.423
3.246
3.007
2.697
2.429
2.22
2.037
1.819
1.563
1.286
1.064
1.014
1.082
1.154
1.145
1.123
1.123
1.204
1.345
1.417
1.279
0.987
0.75
0.596
0.476
0.24
-0.115
-0.383
-0.424
-0.406
-0.431
-0.381
-0.172
0.209
0.66
1.064
1.277
1.297
1.223
1.132
1.011
0.832
0.633
0.395
0.149
-0.107
-0.335
-0.483
-0.558
-0.512
-0.465
-0.46
-0.372
-0.118
0.124
0.152
0.043
0.011
0.084
0.09
-0.004
-0.134
-0.195
-0.261
-0.342
-0.472
-0.689
-0.946
-1.136
-1.17
-1.066
-0.93
-0.839
-0.735
-0.596
-0.472
-0.442
-0.456
-0.517
-0.671
-0.93
-1.204
-1.429
-1.644
-1.869
-2.057
-2.098
-2.037
-2.048
-2.134
-2.198
-2.204
-2.162
-2.048
-1.93
-1.921
-2.025
-2.162
-2.348
-2.592
-2.785
-2.878
-2.919
-2.974
-2.974
-2.91
-2.885
-2.969
-3.132
-3.255
-3.309
-3.289
-3.323
-3.479
-3.683
-3.876
-4.049
-4.151
-4.262
-4.57
-4.965
-5.169
-5.208
-5.212
-5.169
-5.07
-4.997
-4.888
-4.784
-4.752
-4.852
-4.997
-5.11
-5.224
-5.328
-5.444
-5.671
-5.977
-6.201
-6.301
-6.299
-6.281
-6.315
-6.342
-6.262
-6.165
-6.149
-6.226
-6.417
-6.68
-6.875
-6.986
-7.081
-7.192
-7.276
-7.276
-7.181
-7.029
-6.907
-6.825
-6.705
-6.476
-6.249
-6.172
-6.192
-6.197
-6.27
-6.372
-6.408
-6.356
-6.358
-6.417
-6.442
-6.399
-6.326
-6.285
-6.308
-6.358
-6.433
-6.566
-6.757
-6.918
-7.002
-7.025
-7.02
-6.968
-6.852
-6.739
-6.673
-6.61
-6.539
-6.471
-6.339
-6.165
-6.002
-5.85
-5.743
-5.738
-5.843
-6.065
-6.428
-6.789
-7.04
-7.19
-7.231
-7.224
-7.231
-7.215
-7.14
-7.056
-6.934
-6.787
-6.766
-6.904
-7.075
-7.276
-7.567
-7.887
-8.184
-8.438
-8.615
-8.776
-8.987
-9.209
-9.391
-9.479
-9.402
-9.168
-8.86
-8.54
-8.268
-8.116
-8.104
-8.188
-8.345
-8.554
-8.885
-9.375
-9.896
-10.3
-10.602
-10.858
-11.04
-11.094
-10.962
-10.711
-10.427
-10.117
-9.733
-9.327
-9.012
-8.828
-8.837
-9.023
-9.282
-9.577
-9.91
-10.209
-10.416
-10.538
-10.538
-10.38
-10.08
-9.694
-9.282
-8.871
-8.472
-8.068
-7.676
-7.367
-7.215
-7.161
-7.165
-7.242
-7.345
-7.472
-7.637
-7.735
-7.678
-7.537
-7.401
-7.229
-6.982
-6.619
-6.145
-5.664
-5.267
-5.001
-4.779
-4.516
-4.339
-4.362
-4.516
-4.666
-4.754
-4.763
-4.663
-4.45
-4.076
-3.522
-2.921
-2.373
-1.866
-1.345
-0.835
-0.401
-0.127
0.002
0.086
0.138
0.011
-0.395
-0.966
-1.392
-1.517
-1.52
-1.542
-1.381
-1.007
-0.569
-0.018
0.687
1.265
1.594
1.824
1.955
1.889
1.656
1.497
1.52
1.545
1.522
1.499
1.377
1.104
0.744
0.472
0.483
0.81
1.295
1.764
2.014
2
1.991
2.116
2.198
2.121
2
1.966
1.976
1.88
1.635
1.395
1.325
1.343
1.279
1.068
0.835
0.737
0.837
1.009
1.145
1.259
1.404
1.597
1.783
1.901
1.976
2.041
2.066
2.087
2.057
1.903
1.556
0.987
0.32
-0.234
-0.583
-0.739
-0.8
-0.86
-0.733
-0.206
0.426
0.755
0.703
0.453
0.254
0.218
0.245
0.181
-0.007
-0.157
-0.152
-0.038
0.034
0.025
0.016
0.107
0.261
0.34
0.249
0.02
-0.292
-0.655
-1.102
-1.538
-1.88
-2.139
-2.406
-2.676
-2.79
-2.656
-2.391
-2.157
-1.964
-1.726
-1.44
-1.204
-1.123
-1.195
-1.349
-1.495
-1.581
-1.728
-1.996
-2.264
-2.465
-2.579
-2.615
-2.602
-2.447
-2.05
-1.481
-0.937
-0.519
-0.197
0.057
0.211
0.224
0.082
-0.193
-0.451
-0.708
-0.998
-1.259
-1.431
-1.465
-1.32
-1.027
-0.719
-0.449
-0.177
0.138
0.415
0.56
0.619
0.658
0.694
0.766
0.866
0.95
1.059
1.177
1.27
1.338
1.32
1.22
1.152
1.209
1.513
2.08
2.706
3.114
3.237
3.168
3.069
2.994
2.871
2.599
2.254
1.932
1.665
1.492
1.426
1.445
1.59
1.912
2.354
2.788
3.071
3.209
3.343
3.479
3.536
3.439
3.191
2.946
2.799
2.704
2.615
2.595
2.636
2.719
2.801
2.867
2.96
3.044
3.103
3.166
3.221
3.159
2.982
2.826
2.776
2.751
2.599
2.373
2.204
2.091
2.057
2.239
2.586
2.926
3.187
3.377
3.436
3.377
3.218
2.933
2.525
2.096
1.733
1.461
1.295
1.245
1.25
1.252
1.265
1.397
1.724
2.193
2.59
2.874
3.112
3.18
2.91
2.356
1.747
1.245
0.907
0.766
0.882
1.17
1.426
1.545
1.649
1.814
2.043
2.334
2.688
3.064
3.323
3.314
3.007
2.586
2.264
2.139
2.139
2.168
2.189
2.164
2.078
2.005
1.962
1.946
1.987
2.05
2.125
2.1
1.971
1.839
1.821
1.946
2.139
2.254
2.182
2.043
1.98
1.962
1.901
1.812
1.685
1.538
1.47
1.588
1.764
1.819
1.722
1.569
1.456
1.372
1.263
1.141
1.007
0.857
0.651
0.388
0.127
-0.068
-0.152
-0.041
0.27
0.624
0.75
0.635
0.478
0.417
0.395
0.422
0.522
0.522
0.331
0.127
-0.004
-0.179
-0.472
-0.812
-1.075
-1.252
-1.411
-1.567
-1.581
-1.42
-1.102
-0.68
-0.36
-0.331
-0.539
-0.846
-1.127
-1.293
-1.352
-1.503
-1.789
-2.003
-2.107
-2.164
-2.15
-1.987
-1.764
-1.638
-1.608
-1.631
-1.769
-2.068
-2.395
-2.525
-2.411
-2.243
-2.225
-2.368
-2.488
-2.465
-2.277
-2.025
-1.844
-1.715
-1.608
-1.542
-1.565
-1.692
-1.876
-2.064
-2.087
-1.937
-1.801
-1.74
-1.658
-1.538
-1.47
-1.495
-1.576
-1.642
-1.644
-1.658
-1.783
-1.962
-2.139
-2.3
-2.443
-2.565
-2.611
-2.536
-2.402
-2.345
-2.352
-2.359
-2.304
-2.179
-2.021
-1.912
-1.932
-2.078
-2.295
-2.615
-3.039
-3.434
-3.704
-3.908
-4.094
-4.259
-4.35
-4.282
-4.121
-3.967
-3.842
-3.774
-3.765
-3.785
-3.84
-3.987
-4.187
-4.344
-4.496
-4.702
-4.976
-5.292
-5.6
-5.809
-5.875
-5.827
-5.752
-5.707
-5.646
-5.569
-5.45
-5.285
-5.144
-5.126
-5.21
-5.362
-5.571
-5.87
-6.256
-6.603
-6.854
-7.023
-7.115
-7.192
-7.231
-7.152
-6.911
-6.521
-6.059
-5.652
-5.414
-5.344
-5.396
-5.58
-5.92
-6.405
-6.952
-7.392
-7.678
-7.81
-7.812
-7.78
-7.694
-7.46
-7.075
-6.619
-6.195
-5.897
-5.741
-5.738
-5.788
-5.866
-6.076
-6.435
-6.836
-7.204
-7.508
-7.757
-7.878
-7.891
-7.823
-7.608
-7.238
-6.823
-6.471
-6.251
-6.17
-6.115
-6.061
-6.068
-6.258
-6.619
-7.004
-7.311
-7.571
-7.837
-8.084
-8.195
-8.143
-8.025
-7.864
-7.655
-7.378
-7.007
-6.644
-6.344
-6.081
-5.936
-6.02
-6.315
-6.677
-7.009
-7.347
-7.739
-8.073
-8.304
-8.399
-8.302
-8.079
-7.846
-7.628
-7.317
-6.907
-6.476
-6.151
-6.018
-6.07
-6.154
-6.217
-6.358
-6.68
-7.065
-7.34
-7.499
-7.678
-7.875
-7.973
-7.991
-7.959
-7.85
-7.628
-7.326
-7.065
-6.932
-6.877
-6.859
-6.868
-6.982
-7.177
-7.361
-7.549
-7.748
-7.896
-7.971
-8.032
-8.131
-8.191
-8.1
-7.927
-7.771
-7.651
-7.472
-7.279
-7.165
-7.152
-7.206
-7.374
-7.592
-7.766
-7.878
-7.948
-7.966
-7.914
-7.778
-7.555
-7.251
-6.92
-6.65
-6.46
-6.308
-6.181
-6.099
-6.092
-6.176
-6.27
-6.394
-6.587
-6.852
-7.143
-7.419
-7.537
-7.458
-7.261
-7.002
-6.68
-6.319
-5.952
-5.652
-5.469
-5.369
-5.317
-5.348
-5.485
-5.7
-5.974
-6.26
-6.46
-6.539
-6.56
-6.555
-6.526
-6.455
-6.322
-6.117
-5.784
-5.371
-5.006
-4.759
-4.682
-4.704
-4.761
-4.854
-4.99
-5.187
-5.428
-5.614
-5.709
-5.736
-5.709
-5.664
-5.512
-5.231
-4.872
-4.514
-4.242
-4.09
-3.971
-3.881
-3.852
-3.858
-3.917
-4.06
-4.244
-4.371
-4.421
-4.455
-4.491
-4.446
-4.267
-3.971
-3.729
-3.629
-3.559
-3.486
-3.479
-3.55
-3.747
-4.11
-4.552
-4.92
-5.185
-5.4
-5.614
-5.825
-5.963
-5.915
-5.671
-5.38
-5.165
-5.029
-4.92
-4.824
-4.818
-4.974
-5.326
-5.87
-6.478
-6.918
-7.14
-7.301
-7.465
-7.501
-7.32
-6.991
-6.478
-5.727
-5.015
-4.52
-4.128
-3.81
-3.761
-4.117
-4.847
-5.827
-6.789
-7.431
-7.785
-8.079
-8.427
-8.619
-8.431
-7.83
-7.004
-6.138
-5.328
-4.613
-3.987
-3.459
-3.243
-3.452
-3.919
-4.391
-4.886
-5.494
-6.158
-6.673
-6.925
-6.907
-6.637
-6.158
-5.53
-4.795
-4.046
-3.332
-2.742
-2.356
-2.173
-2.114
-2.13
-2.248
-2.522
-2.974
-3.434
-3.752
-3.89
-3.938
-3.852
-3.563
-3.207
-2.869
-2.481
-2.098
-1.821
-1.599
-1.295
-0.93
-0.66
-0.562
-0.587
-0.574
-0.537
-0.646
-0.812
-0.855
-0.882
-0.975
-0.966
-0.762
-0.399
-0.002
0.295
0.497
0.696
0.866
0.989
1.188
1.467
1.64
1.633
1.561
1.549
1.635
1.839
2.146
2.475
2.688
2.758
2.765
2.835
2.976
3.071
3.082
3.116
3.203
3.191
3.062
3.053
3.303
3.645
3.931
4.205
4.539
4.906
5.342
5.809
6.129
6.215
6.129
5.963
5.843
5.904
6.083
6.283
6.449
6.589
6.702
6.777
6.916
7.265
7.696
8.048
8.268
8.411
8.515
8.64
8.696
8.583
8.358
8.086
7.794
7.526
7.386
7.426
7.58
7.794
7.971
8.032
8.048
8.082
8.068
8.029
8.039
8.131
8.181
8.086
7.957
7.884
7.814
7.687
7.499
7.353
7.276
7.24
7.247
7.301
7.324
7.24
7.077
6.916
6.748
6.564
6.426
6.389
6.36
6.247
6.031
5.768
5.541
5.383
5.267
5.142
5.062
5.104
5.24
5.398
5.537
5.6
5.539
5.392
5.219
5.062
4.872
4.602
4.271
3.967
3.745
3.568
3.393
3.212
3.014
2.871
2.806
2.863
3.028
3.157
3.184
3.216
3.273
3.191
2.917
2.638
2.445
2.227
1.921
1.624
1.463
1.367
1.223
1.071
1.018
1.007
0.964
0.982
1.107
1.2
1.207
1.186
1.154
1.096
0.977
0.823
0.649
0.428
0.177
0.007
0.02
0.154
0.286
0.431
0.576
0.676
0.71
0.778
0.852
0.848
0.8
0.773
0.766
0.703
0.558
0.442
0.435
0.451
0.512
0.628
0.721
0.789
0.95
1.211
1.426
1.531
1.581
1.608
1.644
1.68
1.776
1.966
2.13
2.155
2.068
1.96
1.896
1.951
2.087
2.22
2.331
2.461
2.683
2.94
3.094
3.089
3.085
3.121
3.123
3.032
2.851
2.622
2.454
2.386
2.422
2.533
2.597
2.558
2.59
2.738
2.855
2.901
2.96
3.044
3.042
2.921
2.781
2.686
2.561
2.37
2.229
2.282
2.461
2.583
2.62
2.672
2.676
2.556
2.381
2.298
2.284
2.261
2.182
2.102
2.016
1.844
1.599
1.336
1.091
0.877
0.669
0.46
0.317
0.261
0.195
0.12
0.129
0.256
0.428
0.596
0.71
0.741
0.685
0.537
0.381
0.265
0.195
0.132
0.013
-0.157
-0.286
-0.34
-0.395
-0.46
-0.564
-0.701
-0.837
-0.973
-1.159
-1.374
-1.538
-1.59
-1.503
-1.374
-1.29
-1.243
-1.236
-1.252
-1.195
-1.071
-0.941
-0.864
-0.875
-0.925
-0.905
-0.837
-0.769
-0.698
-0.583
-0.403
-0.229
-0.152
-0.099
-0.072
-0.127
-0.22
-0.286
-0.367
-0.481
-0.596
-0.701
-0.744
-0.744
-0.664
-0.556
-0.453
-0.329
-0.154
-0.007
0.086
0.213
0.376
0.478
0.494
0.483
0.503
0.553
0.601
0.628
0.624
0.569
0.506
0.49
0.487
0.499
0.558
0.624
0.664
0.639
0.515
0.326
0.157
-0.063
-0.397
-0.698
-0.825
-0.844
-0.848
-0.819
-0.726
-0.605
-0.46
-0.231
0.032
0.236
0.347
0.381
0.331
0.249
0.132
-0.045
-0.236
-0.381
-0.499
-0.617
-0.694
-0.694
-0.683
-0.671
-0.703
-0.764
-0.837
-0.921
-1.009
-1.12
-1.306
-1.511
-1.64
-1.76
-1.928
-2.066
-2.13
-2.152
-2.152
-2.125
-2.053
-1.944
-1.814
-1.715
-1.665
-1.651
-1.649
-1.658
-1.717
-1.81
-1.896
-2.005
-2.179
-2.323
-2.425
-2.613
-2.88
-3.135
-3.334
-3.457
-3.514
-3.52
-3.57
-3.661
-3.688
-3.663
-3.663
-3.67
-3.6
-3.439
-3.232
-3.007
-2.76
-2.531
-2.359
-2.218
-2.098
-1.998
-1.889
-1.801
-1.762
-1.803
-1.885
-1.987
-2.068
-2.03
-1.916
-1.837
-1.749
-1.656
-1.628
-1.683
-1.805
-1.93
-1.976
-1.978
-1.964
-1.914
-1.878
-1.891
-1.912
-1.905
-1.876
-1.83
-1.787
-1.708
-1.551
-1.322
-1.057
-0.796
-0.547
-0.329
-0.132
0.054
0.134
-0.004
-0.32
-0.621
-0.923
-1.354
-1.899
-2.436
-2.924
-3.291
-3.47
-3.543
-3.604
-3.593
-3.468
-3.309
-3.162
-3.039
-2.962
-2.921
-2.987
-3.182
-3.491
-3.894
-4.362
-4.822
-5.135
-5.221
-5.131
-5.006
-4.858
-4.618
-4.332
-4.101
-3.89
-3.668
-3.531
-3.522
-3.641
-3.965
-4.493
-5.176
-5.82
-6.26
-6.496
-6.614
-6.625
-6.569
-6.446
-6.226
-5.945
-5.623
-5.246
-4.92
-4.772
-4.799
-4.981
-5.294
-5.723
-6.21
-6.646
-6.916
-7.065
-7.138
-7.104
-6.984
-6.843
-6.685
-6.526
-6.397
-6.267
-6.174
-6.131
-6.104
-6.097
-6.165
-6.326
-6.533
-6.714
-6.796
-6.814
-6.848
-6.864
-6.825
-6.796
-6.784
-6.755
-6.721
-6.682
-6.594
-6.492
-6.414
-6.383
-6.378
-6.374
-6.29
-6.131
-5.959
-5.857
-5.768
-5.569
-5.355
-5.244
-5.174
-5.099
-5.065
-5.013
-4.836
-4.548
-4.228
-3.901
-3.608
-3.384
-3.243
-3.146
-3.08
-2.999
-2.831
-2.592
-2.368
-2.289
-2.27
-2.187
-2.032
-1.812
-1.465
-1.088
-0.701
-0.206
0.32
0.753
1.066
1.313
1.563
1.776
1.86
1.821
1.812
1.826
1.767
1.663
1.597
1.667
1.876
2.13
2.384
2.719
3.073
3.28
3.278
3.212
3.166
3.112
2.971
2.783
2.617
2.508
2.45
2.452
2.52
2.644
2.797
2.94
3.005
2.933
2.81
2.679
2.495
2.191
1.787
1.386
1.036
0.687
0.315
-0.122
-0.589
-1.064
-1.592
-2.102
-2.306
-2.127
-1.753
-1.275
-0.61
0.143
0.639
0.503
-0.154
-0.984
-2.028
-3.345
-4.35
-4.543
-4.457
-4.561
-4.511
-4.058
-3.597
-3.386
-3.137
-2.575
-1.896
-1.513
-1.426
-1.361
-1.265
-1.349
-1.742
-2.232
-2.577
-2.917
-3.445
-3.772
-3.439
-2.729
-2.132
-1.624
-0.968
-0.36
-0.14
-0.082
0.383
1.195
1.869
2.402
3.019
3.522
3.588
3.364
3.207
3.223
3.216
3.248
3.511
3.91
4.267
4.711
5.457
6.492
7.46
8.129
8.801
9.701
10.504
10.947
11.25
11.523
11.498
11.003
10.286
9.726
9.325
8.923
8.583
8.558
8.953
9.645
10.4
10.996
11.473
12.07
12.773
13.322
13.578
13.639
13.637
13.585
13.322
12.798
12.208
11.774
11.475
11.071
10.475
9.892
9.538
9.413
9.284
8.987
8.694
8.56
8.375
7.823
7.05
6.464
6.247
6.12
5.832
5.546
5.491
5.557
5.566
5.478
5.251
4.924
4.747
4.736
4.532
3.915
3.13
2.508
1.982
1.315
0.653
0.263
0.025
-0.145
-0.068
0.256
0.569
0.694
0.658
0.478
0.145
-0.199
-0.34
-0.435
-0.662
-0.791
-0.642
-0.44
-0.403
-0.497
-0.547
-0.465
-0.256
-0.093
-0.086
-0.113
0.077
0.397
0.544
0.415
0.159
-0.097
-0.306
-0.397
-0.383
-0.363
-0.283
-0.034
0.313
0.585
0.723
0.83
1.061
1.374
1.561
1.624
1.694
1.785
1.866
1.808
1.569
1.381
1.395
1.422
1.447
1.656
2.068
2.511
2.867
3.146
3.479
3.802
3.983
4.09
4.176
4.194
4.153
4.037
3.865
3.693
3.486
3.255
3.071
2.967
2.89
2.865
2.951
3.171
3.427
3.595
3.738
3.892
3.904
3.758
3.641
3.665
3.713
3.638
3.531
3.522
3.506
3.348
3.214
3.248
3.337
3.359
3.436
3.633
3.727
3.57
3.293
2.98
2.575
2.053
1.508
1.157
1.066
1.154
1.372
1.651
1.882
2.043
2.2
2.386
2.506
2.479
2.318
2.125
1.889
1.531
1.073
0.687
0.472
0.383
0.385
0.472
0.73
1.256
1.969
2.622
3.021
3.121
3.051
2.865
2.463
1.835
1.184
0.68
0.295
-0.004
-0.17
-0.22
-0.082
0.317
0.803
1.209
1.642
2.204
2.722
3.028
3.148
3.101
2.892
2.533
2.057
1.656
1.479
1.47
1.538
1.597
1.572
1.581
1.694
1.771
1.86
2.123
2.434
2.583
2.558
2.409
2.209
2.05
1.946
1.939
2.064
2.243
2.445
2.724
3.114
3.522
3.858
4.081
4.217
4.219
3.979
3.581
3.307
3.189
3.103
3.044
3.103
3.255
3.386
3.525
3.699
3.885
4.012
4.008
3.913
3.94
4.101
4.119
3.938
3.713
3.55
3.457
3.361
3.341
3.495
3.743
3.929
4.094
4.223
4.16
3.944
3.708
3.477
3.151
2.713
2.282
1.962
1.783
1.692
1.672
1.685
1.656
1.597
1.574
1.651
1.864
2.175
2.375
2.334
2.171
1.944
1.481
0.76
0.057
-0.388
-0.628
-0.873
-1.129
-1.27
-1.227
-0.993
-0.61
-0.226
-0.104
-0.283
-0.547
-0.766
-1.052
-1.479
-1.955
-2.352
-2.683
-3.132
-3.704
-4.16
-4.325
-4.226
-3.944
-3.518
-3.044
-2.636
-2.391
-2.207
-1.982
-1.771
-1.658
-1.722
-2.043
-2.47
-2.722
-2.822
-2.949
-3.078
-3.114
-2.962
-2.617
-2.148
-1.749
-1.37
-0.83
-0.174
0.295
0.39
0.279
0.157
-0.054
-0.39
-0.676
-0.832
-0.952
-1.052
-1.002
-0.716
-0.238
0.376
1.054
1.74
2.411
3.023
3.516
3.815
3.869
3.718
3.459
3.225
3.007
2.747
2.506
2.427
2.604
2.942
3.323
3.743
4.232
4.734
5.19
5.591
5.879
6.07
6.163
6.088
5.947
5.907
5.949
6.022
6.156
6.392
6.673
6.929
7.19
7.53
7.925
8.263
8.479
8.579
8.54
8.415
8.281
8.177
8.143
8.181
8.216
8.17
8.016
7.907
7.946
8.045
8.184
8.361
8.483
8.581
8.737
8.921
9.095
9.272
9.429
9.479
9.411
9.261
9.078
8.964
8.914
8.81
8.635
8.456
8.313
8.25
8.231
8.277
8.444
8.69
8.912
9.048
9.123
9.22
9.388
9.592
9.683
9.52
9.198
8.869
8.603
8.404
8.218
8.082
8.043
8.039
7.948
7.882
8.054
8.367
8.653
8.919
9.118
9.139
9.005
8.817
8.544
8.243
8.023
7.873
7.699
7.46
7.229
7.109
7.138
7.197
7.159
7.088
7.09
7.131
7.138
7.122
7.077
7.002
6.957
6.923
6.821
6.65
6.449
6.276
6.24
6.285
6.247
6.215
6.308
6.442
6.51
6.573
6.625
6.591
6.471
6.315
6.165
6.049
5.963
5.802
5.555
5.344
5.206
5.106
5.092
5.19
5.326
5.482
5.652
5.734
5.664
5.525
5.419
5.394
5.398
5.317
5.119
4.915
4.788
4.684
4.577
4.552
4.6
4.666
4.786
4.983
5.147
5.269
5.405
5.525
5.602
5.673
5.682
5.553
5.36
5.194
5.067
4.997
4.981
4.974
4.993
5.042
5.16
5.369
5.6
5.8
6.026
6.292
6.46
6.489
6.453
6.387
6.337
6.27
6.179
6.065
5.968
5.952
6.045
6.17
6.267
6.381
6.485
6.6
6.768
6.943
7.077
7.179
7.229
7.192
7.095
6.97
6.818
6.664
6.555
6.526
6.521
6.537
6.644
6.866
7.115
7.378
7.662
7.948
8.195
8.309
8.325
8.322
8.318
8.322
8.327
8.27
8.168
8.059
7.934
7.882
7.952
8.089
8.243
8.388
8.59
8.892
9.202
9.413
9.547
9.597
9.477
9.282
9.066
8.807
8.513
8.238
8.073
8.045
8.1
8.184
8.293
8.415
8.68
9.023
9.248
9.282
9.232
9.073
8.744
8.265
7.714
7.145
6.6
6.167
5.9
5.741
5.589
5.428
5.405
5.619
6.045
6.578
7.136
7.735
8.34
8.717
8.68
8.352
7.887
7.254
6.53
5.877
5.292
4.806
4.586
4.666
4.979
5.444
5.949
6.331
6.566
6.757
7.052
7.406
7.587
7.422
7.013
6.573
6.158
5.688
5.167
4.766
4.573
4.636
4.92
5.228
5.444
5.639
5.924
6.258
6.496
6.446
6.011
5.396
4.863
4.432
4.058
3.749
3.432
3.014
2.64
2.538
2.699
2.855
2.88
2.974
3.291
3.722
4.065
4.246
4.269
4.103
3.808
3.472
3.184
2.996
2.788
2.529
2.32
2.189
2.102
2.03
1.923
1.824
1.812
1.921
2.064
2.162
2.229
2.264
2.239
2.168
2.041
1.921
1.819
1.674
1.513
1.424
1.463
1.672
1.987
2.243
2.334
2.212
1.964
1.735
1.501
1.209
0.923
0.698
0.458
0.19
-0.004
-0.084
-0.14
-0.209
-0.161
0.059
0.34
0.589
0.791
0.918
0.905
0.773
0.594
0.358
0.084
-0.154
-0.301
-0.354
-0.349
-0.249
-0.097
-0.043
-0.147
-0.27
-0.347
-0.379
-0.34
-0.288
-0.372
-0.567
-0.755
-0.964
-1.186
-1.384
-1.565
-1.733
-1.771
-1.581
-1.277
-1.036
-0.877
-0.787
-0.78
-0.81
-0.791
-0.744
-0.798
-1.009
-1.284
-1.578
-1.948
-2.316
-2.611
-2.844
-2.942
-2.833
-2.615
-2.381
-2.245
-2.252
-2.37
-2.545
-2.681
-2.765
-2.89
-3.051
-3.182
-3.328
-3.468
-3.541
-3.561
-3.575
-3.559
-3.497
-3.377
-3.23
-3.082
-2.908
-2.742
-2.663
-2.708
-2.853
-3.139
-3.561
-4.015
-4.387
-4.58
-4.652
-4.727
-4.786
-4.777
-4.713
-4.677
-4.713
-4.761
-4.691
-4.453
-4.158
-4.021
-4.074
-4.221
-4.423
-4.666
-4.979
-5.337
-5.646
-5.845
-5.997
-6.076
-6.151
-6.21
-6.183
-6.113
-6.081
-6.117
-6.167
-6.174
-6.129
-6.011
-5.845
-5.763
-5.907
-6.27
-6.71
-7.079
-7.295
-7.336
-7.297
-7.279
-7.215
-7.043
-6.768
-6.562
-6.523
-6.523
-6.453
-6.401
-6.444
-6.548
-6.7
-6.902
-7.081
-7.22
-7.345
-7.447
-7.54
-7.592
-7.49
-7.179
-6.784
-6.399
-6.136
-6.04
-6.065
-6.142
-6.262
-6.369
-6.433
-6.539
-6.752
-7.015
-7.245
-7.399
-7.56
-7.719
-7.787
-7.782
-7.787
-7.748
-7.551
-7.267
-7.068
-7.054
-7.147
-7.156
-7.084
-7.093
-7.192
-7.34
-7.544
-7.773
-8
-8.227
-8.492
-8.79
-9.073
-9.25
-9.3
-9.275
-9.157
-8.984
-8.857
-8.787
-8.751
-8.787
-8.916
-9.084
-9.216
-9.277
-9.314
-9.309
-9.202
-9.043
-8.953
-8.941
-8.928
-8.882
-8.828
-8.717
-8.579
-8.488
-8.483
-8.567
-8.742
-9.016
-9.393
-9.849
-10.284
-10.554
-10.652
-10.64
-10.516
-10.241
-9.833
-9.381
-8.969
-8.646
-8.331
-7.984
-7.658
-7.347
-7.027
-6.727
-6.514
-6.439
-6.46
-6.501
-6.521
-6.558
-6.653
-6.75
-6.752
-6.664
-6.594
-6.551
-6.519
-6.51
-6.455
-6.278
-6.061
-5.861
-5.625
-5.335
-5.072
-4.799
-4.523
-4.344
-4.325
-4.4
-4.484
-4.532
-4.52
-4.511
-4.478
-4.319
-4.085
-3.847
-3.613
-3.384
-3.173
-2.892
-2.567
-2.316
-2.166
-2.15
-2.248
-2.368
-2.413
-2.44
-2.49
-2.42
-2.202
-2.06
-2.03
-1.912
-1.685
-1.399
-1.064
-0.701
-0.367
-0.036
0.283
0.56
0.812
1.039
1.186
1.248
1.245
1.179
1.086
1.059
1.152
1.34
1.551
1.703
1.846
2.055
2.239
2.261
2.243
2.279
2.298
2.227
2.175
2.13
2.018
1.923
1.91
1.896
1.839
1.817
1.901
2.164
2.542
2.883
3.107
3.27
3.382
3.42
3.368
3.27
3.121
2.885
2.57
2.268
2.016
1.783
1.608
1.556
1.572
1.585
1.608
1.678
1.747
1.803
1.916
2.01
1.948
1.774
1.561
1.281
0.98
0.753
0.61
0.472
0.286
0.157
0.204
0.333
0.422
0.46
0.44
0.415
0.42
0.383
0.286
0.149
-0.016
-0.226
-0.49
-0.798
-1.138
-1.44
-1.585
-1.581
-1.481
-1.311
-1.148
-1.048
-1.034
-1.086
-1.173
-1.245
-1.32
-1.449
-1.594
-1.724
-1.849
-1.941
-2.005
-2.062
-2.068
-1.973
-1.819
-1.749
-1.78
-1.769
-1.599
-1.34
-1.163
-1.129
-1.19
-1.29
-1.359
-1.395
-1.449
-1.476
-1.363
-1.152
-0.975
-0.902
-0.898
-0.832
-0.599
-0.272
-0.018
0.095
0.163
0.234
0.265
0.211
0.149
0.115
0.082
0.011
-0.127
-0.251
-0.222
-0.043
0.218
0.472
0.664
0.828
1.034
1.277
1.52
1.708
1.835
1.955
2.041
2.035
1.894
1.776
1.742
1.701
1.59
1.483
1.467
1.599
1.853
2.198
2.49
2.656
2.733
2.742
2.701
2.71
2.817
2.994
3.107
3.055
2.888
2.688
2.479
2.341
2.45
2.758
3.091
3.391
3.618
3.724
3.77
3.792
3.743
3.608
3.448
3.293
3.148
3.001
2.838
2.679
2.561
2.54
2.636
2.785
2.962
3.112
3.27
3.398
3.366
3.155
2.867
2.558
2.241
1.928
1.628
1.377
1.152
0.946
0.962
1.313
1.896
2.515
3.026
3.307
3.368
3.305
3.168
2.976
2.688
2.352
2.021
1.649
1.179
0.714
0.424
0.36
0.512
0.857
1.406
2.05
2.558
2.849
2.957
2.965
2.858
2.602
2.22
1.839
1.524
1.198
0.898
0.687
0.553
0.49
0.619
1.064
1.755
2.459
3.021
3.459
3.822
4.069
4.103
3.951
3.661
3.28
2.778
2.173
1.708
1.497
1.386
1.232
1.096
1.109
1.37
1.778
2.214
2.649
3.003
3.193
3.232
3.189
3.091
2.928
2.719
2.402
1.928
1.354
0.794
0.358
0.122
0.093
0.299
0.596
0.832
1.036
1.227
1.349
1.465
1.613
1.685
1.522
1.091
0.487
-0.168
-0.841
-1.508
-2.114
-2.604
-2.908
-3.091
-3.27
-3.384
-3.355
-3.295
-3.307
-3.262
-2.917
-2.173
-1.29
-0.655
-0.199
0.236
0.326
-0.084
-0.601
-1.152
-1.928
-2.726
-3.287
-3.951
-4.852
-5.056
-4.284
-3.65
-3.618
-3.291
-2.436
-1.712
-1.3
-0.864
-0.408
-0.292
-0.433
-0.539
-0.789
-1.567
-2.515
-3.055
-3.13
-2.965
-2.971
-3.3
-3.454
-2.96
-2.137
-1.388
-0.755
-0.358
-0.36
-0.581
-0.619
-0.46
-0.605
-1.275
-1.937
-2.397
-2.976
-3.686
-4.194
-4.176
-3.654
-2.999
-2.484
-2.003
-1.503
-1.052
-0.814
-0.753
-0.766
-0.948
-1.395
-1.819
-2.007
-2.284
-2.763
-3.051
-3.137
-3.495
-4.11
-4.443
-4.355
-4.192
-4.135
-3.971
-3.618
-3.189
-2.919
-2.996
-3.345
-3.668
-3.835
-4.037
-4.436
-4.888
-5.16
-5.326
-5.521
-5.63
-5.596
-5.559
-5.43
-5.133
-4.915
-4.883
-4.904
-4.858
-4.933
-5.342
-5.957
-6.51
-7.004
-7.614
-8.329
-8.782
-8.678
-8.318
-8.168
-8.116
-7.857
-7.442
-7.15
-7.052
-7.011
-6.911
-6.814
-6.773
-6.802
-7.065
-7.565
-8.009
-8.227
-8.354
-8.531
-8.638
-8.574
-8.39
-8.197
-7.987
-7.701
-7.401
-7.109
-6.834
-6.662
-6.671
-6.768
-6.877
-7.088
-7.555
-8.043
-8.195
-8.009
-7.732
-7.524
-7.249
-6.755
-6.147
-5.761
-5.639
-5.544
-5.351
-5.269
-5.457
-5.768
-5.999
-6.108
-6.238
-6.449
-6.648
-6.809
-6.918
-6.859
-6.635
-6.453
-6.349
-6.22
-5.99
-5.8
-5.779
-5.825
-5.807
-5.8
-5.927
-6.142
-6.303
-6.369
-6.455
-6.571
-6.635
-6.544
-6.464
-6.505
-6.569
-6.539
-6.451
-6.401
-6.317
-6.19
-6.226
-6.503
-6.902
-7.245
-7.469
-7.621
-7.853
-8.118
-8.193
-8.089
-8.066
-8.177
-8.184
-8.084
-8.066
-8.168
-8.25
-8.3
-8.386
-8.501
-8.54
-8.56
-8.663
-8.79
-8.853
-8.921
-9.08
-9.205
-9.109
-8.912
-8.946
-9.175
-9.329
-9.343
-9.329
-9.302
-9.22
-9.087
-8.894
-8.628
-8.431
-8.433
-8.59
-8.721
-8.712
-8.608
-8.486
-8.372
-8.284
-8.145
-7.927
-7.805
-7.843
-7.9
-7.846
-7.689
-7.605
-7.601
-7.501
-7.301
-7.15
-7.02
-6.893
-6.843
-6.743
-6.61
-6.573
-6.523
-6.342
-6.172
-6.165
-6.222
-6.242
-6.249
-6.392
-6.65
-6.787
-6.723
-6.526
-6.285
-6.104
-5.934
-5.661
-5.362
-5.183
-5.045
-4.911
-4.829
-4.781
-4.745
-4.759
-4.854
-5.09
-5.4
-5.655
-5.89
-6.154
-6.324
-6.294
-6.086
-5.766
-5.383
-4.995
-4.632
-4.407
-4.353
-4.389
-4.405
-4.384
-4.434
-4.595
-4.813
-5.067
-5.296
-5.435
-5.475
-5.396
-5.267
-5.14
-4.97
-4.827
-4.797
-4.813
-4.806
-4.856
-5.001
-5.129
-5.196
-5.312
-5.507
-5.627
-5.575
-5.392
-5.253
-5.231
-5.271
-5.248
-5.149
-5.017
-4.852
-4.679
-4.566
-4.58
-4.643
-4.747
-4.963
-5.287
-5.605
-5.786
-5.924
-6.224
-6.583
-6.768
-6.816
-6.827
-6.777
-6.698
-6.735
-6.879
-6.977
-7.027
-7.079
-7.079
-7.043
-7.038
-7.095
-7.147
-7.224
-7.229
-7.056
-6.841
-6.752
-6.7
-6.585
-6.519
-6.546
-6.562
-6.446
-6.272
-6.226
-6.283
-6.292
-6.267
-6.265
-6.179
-5.972
-5.838
-5.852
-5.836
-5.668
-5.421
-5.231
-5.144
-5.124
-5.079
-4.945
-4.809
-4.682
-4.441
-4.201
-4.128
-4.11
-3.906
-3.591
-3.368
-3.255
-3.119
-2.831
-2.472
-2.187
-2.048
-2.028
-2.098
-2.137
-2.13
-2.248
-2.475
-2.647
-2.697
-2.597
-2.42
-2.268
-2.114
-1.937
-1.697
-1.402
-1.102
-0.86
-0.664
-0.594
-0.673
-0.816
-0.964
-1.079
-1.154
-1.213
-1.254
-1.309
-1.39
-1.449
-1.372
-1.116
-0.683
-0.14
0.388
0.741
0.877
0.855
0.769
0.683
0.556
0.376
0.251
0.245
0.256
0.154
0.032
0.066
0.27
0.61
1.077
1.522
1.76
1.844
1.966
2.139
2.198
2.043
1.817
1.61
1.417
1.234
1.161
1.209
1.356
1.617
2.003
2.397
2.747
3.064
3.287
3.414
3.518
3.686
3.894
3.979
3.881
3.743
3.72
3.892
4.151
4.389
4.661
5.07
5.584
6.106
6.544
6.973
7.345
7.524
7.524
7.447
7.415
7.408
7.369
7.306
7.224
7.145
7.113
7.147
7.29
7.558
7.855
8.163
8.458
8.669
8.803
8.896
8.969
8.978
8.903
8.79
8.653
8.467
8.206
7.918
7.68
7.562
7.587
7.678
7.707
7.735
7.823
7.934
7.991
8.039
8.134
8.265
8.331
8.281
8.123
7.823
7.463
7.179
6.954
6.719
6.492
6.324
6.24
6.188
6.154
6.22
6.335
6.308
6.136
5.94
5.732
5.455
5.101
4.732
4.416
4.123
3.817
3.559
3.395
3.295
3.282
3.377
3.559
3.74
3.829
3.827
3.842
3.842
3.727
3.491
3.23
2.965
2.638
2.268
1.966
1.737
1.603
1.563
1.542
1.528
1.54
1.536
1.524
1.594
1.719
1.737
1.574
1.27
0.882
0.492
0.234
0.104
-0.016
-0.195
-0.383
-0.478
-0.422
-0.281
-0.127
0.093
0.426
0.823
1.182
1.411
1.49
1.488
1.476
1.461
1.322
1.054
0.726
0.395
0.145
0.075
0.122
0.138
0.107
0.072
0.102
0.245
0.519
0.832
1.154
1.467
1.674
1.722
1.753
1.869
1.985
1.907
1.665
1.447
1.384
1.467
1.619
1.792
1.966
2.123
2.298
2.567
2.869
3.078
3.287
3.575
3.79
3.804
3.556
3.139
2.819
2.697
2.577
2.391
2.298
2.323
2.359
2.429
2.597
2.878
3.218
3.536
3.779
3.901
3.926
3.944
3.958
3.956
3.926
3.842
3.72
3.663
3.652
3.672
3.77
3.858
3.81
3.67
3.536
3.432
3.366
3.33
3.255
3.123
2.915
2.595
2.195
1.83
1.597
1.431
1.284
1.184
1.138
1.145
1.195
1.243
1.284
1.356
1.442
1.422
1.245
1.018
0.852
0.748
0.698
0.585
0.383
0.181
0.002
-0.168
-0.27
-0.279
-0.193
-0.034
0.109
0.154
0.072
-0.118
-0.311
-0.499
-0.812
-1.211
-1.447
-1.495
-1.503
-1.531
-1.567
-1.597
-1.669
-1.787
-1.744
-1.472
-1.243
-1.175
-1.009
-0.664
-0.347
-0.243
-0.34
-0.474
-0.581
-0.624
-0.481
-0.132
0.115
0.061
-0.154
-0.258
-0.258
-0.399
-0.714
-0.9
-0.889
-0.941
-1.107
-1.229
-1.182
-1.021
-0.844
-0.542
-0.099
0.379
0.83
1.173
1.322
1.363
1.325
1.175
0.885
0.458
0.02
-0.204
-0.099
0.204
0.487
0.726
1.075
1.528
1.774
1.676
1.508
1.447
1.318
1.066
0.857
0.737
0.567
0.251
-0.084
-0.315
-0.497
-0.628
-0.633
-0.508
-0.324
-0.107
0.124
0.381
0.626
0.766
0.753
0.703
0.658
0.512
0.238
-0.086
-0.342
-0.537
-0.791
-1.102
-1.27
-1.304
-1.365
-1.474
-1.513
-1.402
-1.125
-0.844
-0.762
-0.902
-1.091
-1.234
-1.365
-1.581
-1.855
-2.003
-2
-2.039
-2.155
-2.245
-2.273
-2.232
-2.184
-2.179
-2.193
-2.134
-1.982
-1.792
-1.635
-1.538
-1.429
-1.34
-1.372
-1.515
-1.703
-1.896
-2.125
-2.361
-2.59
-2.905
-3.248
-3.436
-3.439
-3.3
-2.996
-2.622
-2.3
-2.037
-1.821
-1.619
-1.359
-1.118
-1.064
-1.238
-1.513
-1.74
-1.926
-2.075
-2.152
-2.166
-2.098
-1.93
-1.742
-1.622
-1.506
-1.286
-1.016
-0.739
-0.503
-0.41
-0.413
-0.501
-0.78
-1.182
-1.538
-1.778
-1.905
-1.894
-1.812
-1.785
-1.778
-1.817
-1.907
-1.935
-1.88
-1.783
-1.694
-1.68
-1.794
-2.032
-2.368
-2.803
-3.221
-3.464
-3.522
-3.511
-3.525
-3.552
-3.55
-3.493
-3.364
-3.243
-3.214
-3.237
-3.253
-3.284
-3.377
-3.516
-3.645
-3.869
-4.214
-4.573
-4.87
-5.158
-5.494
-5.784
-5.888
-5.825
-5.709
-5.646
-5.555
-5.392
-5.21
-5.004
-4.749
-4.45
-4.246
-4.248
-4.378
-4.6
-4.94
-5.351
-5.723
-6.026
-6.281
-6.458
-6.526
-6.521
-6.414
-6.117
-5.644
-5.149
-4.756
-4.518
-4.446
-4.539
-4.732
-4.929
-5.112
-5.264
-5.482
-5.811
-6.199
-6.571
-6.918
-7.106
-7.007
-6.682
-6.312
-5.938
-5.539
-5.201
-4.995
-4.911
-4.847
-4.799
-4.829
-4.92
-5.056
-5.287
-5.6
-5.841
-5.957
-5.993
-5.945
-5.723
-5.308
-4.858
-4.461
-4.074
-3.681
-3.382
-3.176
-3.001
-2.937
-3.053
-3.323
-3.618
-3.931
-4.303
-4.697
-4.979
-5.033
-4.824
-4.421
-3.86
-3.159
-2.44
-1.83
-1.313
-0.841
-0.397
-0.02
0.209
0.243
0.111
-0.147
-0.528
-0.973
-1.352
-1.578
-1.59
-1.379
-0.993
-0.517
-0.043
0.39
0.783
1.161
1.547
1.944
2.286
2.504
2.563
2.461
2.259
2.005
1.61
1.145
0.889
0.993
1.343
1.73
2.114
2.504
2.774
2.846
2.815
2.781
2.756
2.658
2.531
2.391
2.164
1.817
1.461
1.186
1.03
0.993
1.043
1.136
1.293
1.465
1.608
1.73
1.776
1.658
1.411
1.118
0.716
0.206
-0.308
-0.739
-1.088
-1.322
-1.411
-1.442
-1.483
-1.463
-1.259
-0.946
-0.723
-0.644
-0.564
-0.46
-0.46
-0.601
-0.807
-1.052
-1.272
-1.409
-1.442
-1.39
-1.243
-1.002
-0.624
-0.14
0.306
0.592
0.73
0.828
0.982
1.198
1.461
1.717
1.889
1.971
2.05
2.218
2.431
2.654
2.905
3.23
3.597
3.96
4.323
4.732
5.208
5.707
6.054
6.167
6.181
6.301
6.571
6.904
7.251
7.601
7.9
8.118
8.306
8.522
8.835
9.234
9.652
9.962
10.098
10.128
10.187
10.266
10.298
10.266
10.23
10.142
9.94
9.758
9.765
10.017
10.382
10.702
10.851
10.763
10.472
10.13
9.901
9.84
9.851
9.763
9.518
9.214
8.844
8.433
8.143
7.998
7.875
7.671
7.438
7.242
7.084
6.934
6.723
6.471
6.17
5.711
5.058
4.317
3.572
2.955
2.552
2.309
2.146
2.075
2.082
2.132
2.304
2.604
2.844
2.951
2.933
2.758
2.381
1.93
1.495
1.079
0.637
0.186
-0.172
-0.365
-0.422
-0.431
-0.415
-0.313
-0.107
0.138
0.351
0.56
0.785
0.939
0.9
0.63
0.265
-0.061
-0.351
-0.63
-0.837
-0.973
-1.091
-1.104
-0.882
-0.449
0.097
0.708
1.238
1.61
1.824
1.926
2.01
2.06
1.98
1.794
1.585
1.275
0.835
0.39
0.115
0.134
0.424
0.791
1.123
1.429
1.771
2.093
2.359
2.597
2.785
2.846
2.801
2.717
2.661
2.686
2.753
2.783
2.756
2.731
2.763
2.917
3.148
3.361
3.568
3.806
4.058
4.235
4.264
4.135
3.89
3.588
3.293
2.96
2.583
2.218
1.964
1.835
1.844
1.941
2.121
2.327
2.558
2.858
3.198
3.457
3.575
3.545
3.361
3.107
2.835
2.49
2.096
1.737
1.429
1.17
1.071
1.113
1.19
1.334
1.556
1.762
1.835
1.78
1.712
1.68
1.622
1.495
1.3
1.12
1.041
1.039
1.057
1.129
1.318
1.549
1.771
2.082
2.486
2.751
2.744
2.597
2.481
2.336
2.096
1.792
1.517
1.32
1.159
1.046
1.018
1.091
1.256
1.488
1.81
2.252
2.763
3.171
3.45
3.652
3.756
3.697
3.489
3.189
2.781
2.279
1.799
1.44
1.25
1.225
1.338
1.574
1.935
2.409
2.858
3.228
3.516
3.677
3.668
3.593
3.504
3.314
2.903
2.354
1.828
1.397
1.091
0.952
1
1.168
1.392
1.697
2.053
2.402
2.649
2.758
2.819
2.874
2.817
2.62
2.354
2.084
1.876
1.724
1.633
1.644
1.742
1.849
1.948
2.098
2.311
2.579
2.792
2.815
2.667
2.497
2.363
2.266
2.139
1.971
1.835
1.839
1.962
2.116
2.354
2.797
3.484
4.223
4.602
4.425
3.804
2.93
2.053
1.397
0.898
0.599
0.653
1.036
1.64
2.37
2.849
2.89
2.858
2.851
2.599
2.06
1.472
1.148
1.281
1.576
1.395
0.528
-0.683
-1.613
-1.839
-1.406
-0.719
-0.17
0.052
0.177
0.585
0.964
0.796
0.231
-0.376
-0.964
-1.42
-1.656
-1.93
-2.459
-3.062
-3.257
-3.001
-2.785
-2.98
-3.4
-3.643
-3.361
-2.636
-2.057
-2.053
-2.475
-2.863
-3.01
-2.974
-2.905
-2.985
-3.266
-3.554
-3.681
-3.65
-3.618
-3.763
-4.046
-4.219
-4.081
-3.595
-3.003
-2.522
-2.146
-1.853
-1.678
-1.705
-2.014
-2.586
-3.151
-3.307
-2.982
-2.611
-2.547
-2.604
-2.45
-2.05
-1.624
-1.259
-0.921
-0.474
0.057
0.44
0.458
0.308
0.331
0.537
0.696
0.651
0.467
0.399
0.556
0.812
1.113
1.556
2.212
2.919
3.427
3.699
3.842
3.965
4.098
4.242
4.292
4.314
4.525
5.026
5.609
5.85
5.761
5.757
6.036
6.421
6.818
7.199
7.535
7.818
8.016
8.125
8.068
7.773
7.338
6.998
6.877
7.07
7.658
8.506
9.322
9.871
10.071
10.042
10.087
10.109
9.84
9.386
8.982
8.715
8.588
8.477
8.365
8.347
8.406
8.547
8.892
9.314
9.652
9.969
10.386
10.815
11.114
11.062
10.57
9.815
9.032
8.452
8.204
8.118
8.032
8
8
7.989
8.012
8.02
7.955
8.027
8.444
9.026
9.402
9.404
9.139
8.83
8.544
8.236
7.957
7.741
7.515
7.365
7.442
7.619
7.592
7.367
7.242
7.383
7.669
7.896
7.989
8.027
8.143
8.295
8.318
8.141
7.826
7.447
7.045
6.664
6.369
6.113
5.943
5.988
6.201
6.485
6.818
7.152
7.403
7.535
7.674
7.878
8.086
8.179
8.05
7.741
7.394
7
6.458
5.841
5.38
5.273
5.46
5.716
5.932
6.188
6.501
6.834
7.215
7.519
7.626
7.49
7.174
6.755
6.226
5.611
5.031
4.63
4.387
4.269
4.257
4.328
4.509
4.874
5.319
5.716
5.995
6.122
6.113
6.047
5.936
5.684
5.21
4.672
4.337
4.284
4.303
4.23
4.042
3.772
3.608
3.672
3.844
3.971
4.081
4.289
4.657
5.133
5.564
5.75
5.732
5.677
5.698
5.721
5.6
5.264
4.854
4.53
4.312
4.173
4.056
3.992
4.062
4.362
4.924
5.641
6.274
6.646
6.909
7.109
7.15
6.982
6.632
6.154
5.652
5.264
5.013
4.804
4.647
4.613
4.756
5.06
5.496
5.965
6.428
7.025
7.821
8.544
8.916
8.889
8.551
8.064
7.612
7.238
6.839
6.455
6.201
6.203
6.487
6.966
7.569
8.218
8.88
9.511
10.014
10.321
10.425
10.348
10.144
9.846
9.429
8.946
8.506
8.191
8.037
8.107
8.354
8.633
8.824
8.86
8.903
9.153
9.595
9.94
10.007
9.865
9.706
9.554
9.289
8.93
8.547
8.15
7.762
7.44
7.172
6.984
6.973
7.186
7.522
7.853
8.068
8.152
8.177
8.227
8.329
8.381
8.254
7.955
7.58
7.17
6.784
6.476
6.231
6.036
5.949
5.999
6.22
6.533
6.827
7.04
7.204
7.299
7.238
6.914
6.467
6.165
6.065
6.045
6.024
5.979
5.918
5.902
5.97
6.124
6.301
6.489
6.737
7.038
7.211
7.181
7.025
6.823
6.53
6.065
5.457
4.92
4.589
4.394
4.287
4.278
4.332
4.421
4.509
4.561
4.62
4.684
4.622
4.45
4.334
4.309
4.235
4.031
3.806
3.654
3.491
3.187
2.831
2.592
2.55
2.69
2.903
3.017
2.96
2.79
2.602
2.438
2.261
2.01
1.792
1.737
1.751
1.669
1.585
1.613
1.665
1.631
1.528
1.426
1.349
1.352
1.424
1.492
1.567
1.66
1.717
1.597
1.37
1.245
1.284
1.476
1.737
1.91
1.937
1.926
1.921
1.803
1.488
1.182
1.002
0.907
0.912
1.009
1.082
1.1
1.093
1.034
0.862
0.678
0.581
0.537
0.526
0.553
0.589
0.612
0.576
0.483
0.406
0.385
0.395
0.349
0.22
0.127
0.129
0.129
0.072
-0.018
-0.063
-0.068
-0.127
-0.249
-0.32
-0.297
-0.213
-0.138
-0.172
-0.32
-0.467
-0.542
-0.614
-0.775
-1.016
-1.295
-1.59
-1.869
-2.089
-2.243
-2.284
-2.173
-2.016
-1.926
-1.83
-1.622
-1.313
-1.023
-0.88
-0.957
-1.163
-1.433
-1.764
-2.155
-2.504
-2.74
-2.91
-3.103
-3.303
-3.472
-3.559
-3.518
-3.334
-3.051
-2.758
-2.52
-2.35
-2.277
-2.388
-2.658
-3.019
-3.414
-3.738
-3.963
-4.133
-4.28
-4.389
-4.518
-4.602
-4.516
-4.289
-4.06
-3.829
-3.55
-3.305
-3.176
-3.187
-3.368
-3.718
-4.121
-4.441
-4.693
-4.972
-5.256
-5.489
-5.652
-5.716
-5.664
-5.607
-5.514
-5.262
-4.965
-4.763
-4.691
-4.738
-4.861
-4.94
-5.026
-5.26
-5.586
-5.922
-6.297
-6.698
-7.007
-7.224
-7.378
-7.399
-7.206
-6.896
-6.53
-6.111
-5.666
-5.339
-5.122
-4.943
-4.872
-5.015
-5.321
-5.707
-6.181
-6.648
-6.988
-7.209
-7.363
-7.386
-7.279
-7.079
-6.802
-6.546
-6.399
-6.242
-5.984
-5.763
-5.713
-5.886
-6.24
-6.673
-7.061
-7.329
-7.48
-7.637
-7.832
-7.998
-8.086
-8.034
-7.787
-7.444
-7.122
-6.78
-6.424
-6.233
-6.215
-6.267
-6.433
-6.719
-7.093
-7.569
-8.098
-8.542
-8.848
-8.98
-8.905
-8.68
-8.431
-8.265
-8.195
-8.159
-8.102
-8.062
-8.095
-8.241
-8.438
-8.606
-8.767
-8.996
-9.248
-9.468
-9.669
-9.815
-9.846
-9.758
-9.608
-9.456
-9.309
-9.234
-9.234
-9.257
-9.307
-9.402
-9.488
-9.524
-9.629
-9.881
-10.194
-10.436
-10.591
-10.62
-10.549
-10.409
-10.223
-10.039
-9.86
-9.631
-9.347
-9.116
-9.005
-8.982
-9.001
-9.053
-9.137
-9.252
-9.386
-9.508
-9.481
-9.248
-8.878
-8.444
-7.864
-7.084
-6.192
-5.339
-4.632
-4.128
-3.89
-4.008
-4.457
-5.149
-6.151
-7.383
-8.572
-9.468
-9.899
-9.751
-9.12
-8.243
-7.213
-6.07
-4.981
-4.126
-3.52
-2.996
-2.427
-2.021
-2.01
-2.418
-3.209
-4.242
-5.271
-6.106
-6.623
-6.743
-6.469
-5.791
-4.766
-3.695
-2.815
-2.087
-1.476
-1.025
-0.741
-0.737
-1.011
-1.37
-1.71
-2.073
-2.427
-2.704
-2.867
-2.842
-2.638
-2.293
-1.803
-1.198
-0.506
0.229
0.925
1.413
1.635
1.667
1.572
1.415
1.25
1.109
0.973
0.814
0.671
0.549
0.442
0.37
0.37
0.401
0.413
0.462
0.603
0.803
1.057
1.363
1.628
1.71
1.574
1.372
1.254
1.229
1.22
1.275
1.454
1.617
1.628
1.563
1.52
1.497
1.463
1.431
1.463
1.54
1.549
1.431
1.279
1.236
1.259
1.179
0.987
0.701
0.349
0.129
0.109
0.161
0.204
0.231
0.24
0.184
0.138
0.174
0.249
0.268
0.286
0.44
0.658
0.746
0.685
0.528
0.301
0.034
-0.213
-0.408
-0.572
-0.694
-0.733
-0.671
-0.617
-0.585
-0.519
-0.453
-0.46
-0.524
-0.494
-0.345
-0.19
-0.072
0.02
0.018
-0.12
-0.351
-0.651
-1.1
-1.656
-2.068
-2.187
-2.134
-2.043
-1.928
-1.74
-1.506
-1.29
-1.086
-0.85
-0.626
-0.403
-0.086
0.152
0.077
-0.274
-0.671
-1.039
-1.422
-1.794
-2.06
-2.13
-1.993
-1.683
-1.313
-0.975
-0.703
-0.449
-0.186
0.025
0.184
0.349
0.492
0.492
0.331
0.057
-0.301
-0.694
-1.071
-1.297
-1.309
-1.218
-1.068
-0.864
-0.698
-0.544
-0.265
0.07
0.304
0.433
0.524
0.608
0.698
0.76
0.803
0.852
0.923
1.079
1.268
1.386
1.447
1.581
1.864
2.193
2.456
2.644
2.715
2.638
2.506
2.395
2.248
2.071
1.935
1.905
1.916
1.853
1.68
1.461
1.243
1.141
1.263
1.54
1.853
2.189
2.556
2.953
3.35
3.647
3.842
3.969
3.976
3.84
3.6
3.275
2.944
2.667
2.397
2.173
2.078
2.121
2.309
2.656
3.051
3.377
3.613
3.781
3.772
3.57
3.328
3.135
2.849
2.461
2.109
1.866
1.658
1.467
1.481
1.805
2.341
2.878
3.255
3.466
3.588
3.6
3.468
3.305
3.291
3.334
3.259
3.014
2.665
2.284
1.966
1.789
1.758
1.771
1.771
1.796
1.869
1.944
1.955
1.982
2.075
2.184
2.218
2.162
2.046
1.896
1.678
1.359
1.054
0.891
0.887
0.975
1.088
1.236
1.442
1.676
1.919
2.189
2.443
2.644
2.778
2.76
2.506
2.166
1.876
1.656
1.574
1.635
1.678
1.649
1.592
1.501
1.374
1.318
1.409
1.669
1.998
2.248
2.318
2.241
2.087
1.88
1.719
1.658
1.572
1.359
1.107
0.959
0.907
0.887
0.905
0.923
0.88
0.862
0.95
1.079
1.166
1.177
1.215
1.327
1.297
0.959
0.449
-0.02
-0.292
-0.34
-0.338
-0.39
-0.472
-0.601
-0.778
-0.91
-0.925
-0.821
-0.639
-0.413
-0.136
0.097
0.17
0.107
0.063
0.079
0.038
-0.07
-0.201
-0.379
-0.633
-0.934
-1.218
-1.426
-1.558
-1.638
-1.601
-1.411
-1.148
-0.939
-0.821
-0.698
-0.594
-0.569
-0.533
-0.44
-0.401
-0.522
-0.812
-1.198
-1.536
-1.803
-2.03
-2.223
-2.348
-2.366
-2.302
-2.198
-2.057
-1.889
-1.683
-1.415
-1.15
-1.009
-1.132
-1.422
-1.78
-2.166
-2.506
-2.767
-3.01
-3.243
-3.45
-3.602
-3.597
-3.443
-3.216
-2.903
-2.629
-2.434
-2.191
-1.951
-1.878
-2.048
-2.334
-2.652
-3.012
-3.489
-4.053
-4.545
-4.822
-4.927
-4.902
-4.718
-4.443
-4.155
-3.881
-3.611
-3.32
-3.062
-2.912
-2.828
-2.813
-2.946
-3.255
-3.636
-4.015
-4.389
-4.768
-5.062
-5.237
-5.375
-5.546
-5.668
-5.598
-5.276
-4.886
-4.593
-4.384
-4.196
-4.153
-4.412
-4.827
-5.133
-5.31
-5.485
-5.655
-5.829
-6.059
-6.319
-6.476
-6.408
-6.188
-5.909
-5.589
-5.246
-4.97
-4.836
-4.824
-4.872
-4.979
-5.181
-5.503
-5.938
-6.369
-6.648
-6.909
-7.227
-7.376
-7.272
-7.075
-6.871
-6.628
-6.328
-6.011
-5.757
-5.557
-5.453
-5.496
-5.657
-5.85
-6.09
-6.394
-6.727
-7.075
-7.324
-7.386
-7.358
-7.308
-7.127
-6.816
-6.539
-6.399
-6.328
-6.21
-6.147
-6.267
-6.474
-6.655
-6.848
-7.088
-7.338
-7.49
-7.524
-7.535
-7.589
-7.676
-7.712
-7.63
-7.485
-7.32
-7.118
-6.884
-6.648
-6.435
-6.27
-6.163
-6.19
-6.342
-6.521
-6.735
-7.075
-7.503
-7.896
-8.17
-8.365
-8.488
-8.474
-8.361
-8.148
-7.839
-7.524
-7.229
-6.898
-6.564
-6.31
-6.215
-6.294
-6.548
-6.902
-7.231
-7.569
-7.912
-8.139
-8.204
-8.17
-8.161
-8.175
-8.084
-7.864
-7.601
-7.301
-7.02
-6.943
-7.02
-7.027
-6.984
-7.12
-7.383
-7.628
-7.821
-8.041
-8.309
-8.424
-8.315
-8.104
-7.934
-7.81
-7.653
-7.492
-7.401
-7.378
-7.397
-7.433
-7.474
-7.544
-7.696
-7.957
-8.234
-8.367
-8.293
-8.107
-7.962
-7.893
-7.857
-7.794
-7.712
-7.653
-7.533
-7.326
-7.106
-6.975
-6.909
-6.859
-6.852
-6.929
-7.034
-7.079
-7.029
-6.893
-6.75
-6.677
-6.594
-6.376
-6.097
-5.875
-5.798
-5.802
-5.755
-5.594
-5.435
-5.435
-5.571
-5.698
-5.811
-5.927
-5.988
-5.995
-5.999
-6.006
-5.922
-5.779
-5.716
-5.718
-5.702
-5.609
-5.439
-5.264
-5.185
-5.221
-5.262
-5.248
-5.221
-5.219
-5.269
-5.5
-5.918
-6.238
-6.335
-6.349
-6.349
-6.319
-6.294
-6.213
-6.009
-5.795
-5.671
-5.577
-5.491
-5.419
-5.394
-5.383
-5.383
-5.442
-5.498
-5.43
-5.344
-5.362
-5.319
-5.081
-4.672
-4.126
-3.511
-2.987
-2.595
-2.32
-2.348
-2.783
-3.389
-3.901
-4.267
-4.58
-4.915
-5.156
-5.283
-5.489
-5.882
-6.199
-6.27
-6.19
-5.993
-5.619
-5.287
-5.242
-5.242
-5.054
-4.943
-5.203
-5.582
-5.866
-6.235
-6.725
-7.1
-7.306
-7.501
-7.589
-7.492
-7.365
-7.292
-7.163
-6.889
-6.471
-5.943
-5.525
-5.358
-5.383
-5.507
-5.698
-5.999
-6.442
-6.814
-6.966
-7.027
-7.065
-6.959
-6.677
-6.367
-6.065
-5.646
-5.051
-4.464
-4.105
-3.954
-3.842
-3.765
-3.879
-4.103
-4.226
-4.328
-4.622
-4.915
-4.99
-4.968
-5.01
-4.945
-4.509
-3.904
-3.457
-3.171
-2.935
-2.828
-2.867
-2.863
-2.774
-2.583
-2.341
-2.204
-2.227
-2.304
-2.4
-2.465
-2.49
-2.538
-2.556
-2.511
-2.488
-2.484
-2.422
-2.325
-2.204
-2.03
-1.987
-2.157
-2.354
-2.327
-2.037
-1.708
-1.492
-1.306
-0.987
-0.483
-0.041
0.043
-0.02
0.181
0.601
0.923
1.091
1.256
1.458
1.624
1.61
1.511
1.465
1.47
1.619
1.912
2.164
2.216
2.214
2.327
2.49
2.513
2.413
2.37
2.508
2.769
3.048
3.316
3.611
3.999
4.396
4.663
4.849
5.112
5.425
5.696
5.947
6.14
6.233
6.226
6.126
6.004
5.938
6.049
6.331
6.641
6.866
7.009
7.152
7.351
7.571
7.712
7.751
7.826
7.916
7.855
7.748
7.803
7.948
8.032
7.962
7.791
7.694
7.696
7.691
7.716
7.805
7.88
7.914
7.921
7.85
7.685
7.589
7.614
7.676
7.696
7.553
7.267
7.011
6.916
6.948
6.968
6.927
6.909
6.957
7.009
7.111
7.313
7.53
7.565
7.34
6.948
6.489
6.018
5.614
5.346
5.171
5.042
4.983
4.995
5.119
5.371
5.684
5.949
6.09
6.068
5.9
5.659
5.31
4.911
4.507
4.065
3.563
3.051
2.683
2.636
2.865
3.157
3.373
3.52
3.643
3.729
3.697
3.602
3.493
3.348
3.051
2.674
2.295
1.912
1.583
1.343
1.127
0.871
0.626
0.553
0.723
0.982
1.256
1.635
2.003
2.182
2.202
2.229
2.284
2.216
1.937
1.52
1.084
0.664
0.247
-0.14
-0.458
-0.676
-0.75
-0.739
-0.669
-0.499
-0.276
-0.034
0.313
0.737
1.018
1.054
1.007
0.968
0.918
0.896
0.898
0.873
0.783
0.492
0.147
0.059
0.201
0.329
0.41
0.564
0.803
1.054
1.232
1.293
1.297
1.295
1.236
1.118
0.962
0.748
0.553
0.487
0.569
0.758
0.973
1.213
1.536
1.874
2.166
2.481
2.842
3.141
3.223
3.08
2.838
2.581
2.373
2.254
2.227
2.239
2.3
2.431
2.633
2.801
2.899
2.999
3.162
3.305
3.334
3.291
3.264
3.257
3.205
3.053
2.81
2.633
2.642
2.765
2.86
2.949
3.11
3.225
3.216
3.203
3.234
3.234
3.107
2.878
2.599
2.279
1.91
1.592
1.338
1.059
0.789
0.605
0.465
0.345
0.299
0.406
0.698
1.129
1.479
1.524
1.365
1.213
1.084
0.91
0.716
0.544
0.299
-0.052
-0.42
-0.703
-0.828
-0.823
-0.771
-0.678
-0.547
-0.39
-0.236
-0.12
-0.097
-0.14
-0.265
-0.539
-0.887
-1.195
-1.463
-1.633
-1.64
-1.458
-1.202
-1.023
-0.855
-0.596
-0.268
0.05
0.354
0.572
0.526
0.263
-0.032
-0.263
-0.474
-0.753
-0.993
-1.068
-1.039
-1.048
-1.05
-0.925
-0.658
-0.358
-0.07
0.147
0.211
0.195
0.199
0.165
0.052
-0.068
-0.095
-0.068
-0.016
0.09
0.234
0.358
0.519
0.739
0.9
0.93
0.923
0.873
0.75
0.605
0.483
0.41
0.381
0.34
0.313
0.379
0.494
0.506
0.406
0.299
0.29
0.342
0.367
0.324
0.218
0.082
0.027
0.066
0.099
0.05
-0.077
-0.213
-0.388
-0.574
-0.714
-0.785
-0.794
-0.737
-0.673
-0.664
-0.655
-0.589
-0.499
-0.453
-0.44
-0.392
-0.354
-0.494
-0.741
-0.894
-0.889
-0.91
-1.043
-1.19
-1.272
-1.318
-1.379
-1.442
-1.426
-1.336
-1.34
-1.476
-1.672
-1.864
-2.062
-2.275
-2.49
-2.597
-2.595
-2.538
-2.461
-2.356
-2.329
-2.309
-2.248
-2.195
-2.198
-2.304
-2.434
-2.447
-2.397
-2.436
-2.599
-2.851
-3.042
-3.141
-3.243
-3.303
-3.201
-3.042
-2.896
-2.738
-2.538
-2.343
-2.182
-2.066
-2.028
-2.041
-2.066
-2.112
-2.202
-2.314
-2.44
-2.486
-2.388
-2.291
-2.254
-2.177
-1.96
-1.578
-1.154
-0.85
-0.628
-0.397
-0.215
-0.154
-0.201
-0.308
-0.435
-0.658
-0.975
-1.202
-1.288
-1.343
-1.384
-1.336
-1.159
-0.891
-0.592
-0.279
0.102
0.537
0.907
1.086
1.12
1.052
0.855
0.528
0.132
-0.263
-0.655
-1.129
-1.613
-1.96
-2.207
-2.37
-2.366
-2.173
-1.916
-1.73
-1.694
-1.715
-1.712
-1.794
-2.028
-2.329
-2.624
-2.969
-3.452
-4.037
-4.509
-4.759
-4.831
-4.752
-4.545
-4.239
-3.899
-3.606
-3.445
-3.436
-3.514
-3.672
-3.913
-4.192
-4.511
-4.949
-5.464
-5.972
-6.389
-6.646
-6.823
-6.979
-7
-6.802
-6.548
-6.301
-6.002
-5.657
-5.41
-5.306
-5.242
-5.215
-5.326
-5.598
-5.94
-6.262
-6.446
-6.564
-6.735
-6.896
-6.911
-6.787
-6.583
-6.315
-6.011
-5.705
-5.41
-5.176
-5.076
-5.11
-5.289
-5.548
-5.813
-6.011
-6.208
-6.453
-6.71
-6.916
-7.052
-7.093
-7.023
-6.782
-6.403
-6.013
-5.705
-5.448
-5.14
-4.786
-4.548
-4.423
-4.38
-4.464
-4.693
-5.035
-5.414
-5.652
-5.639
-5.457
-5.203
-4.972
-4.759
-4.523
-4.296
-4.076
-3.767
-3.366
-2.992
-2.735
-2.658
-2.699
-2.813
-3.026
-3.239
-3.246
-3.105
-2.982
-2.955
-2.955
-2.933
-2.853
-2.763
-2.638
-2.393
-2.039
-1.663
-1.261
-0.855
-0.572
-0.37
-0.147
0.095
0.299
0.447
0.533
0.628
0.733
0.716
0.572
0.453
0.478
0.603
0.8
1.109
1.488
1.839
2.089
2.325
2.715
3.203
3.418
3.069
2.416
1.833
1.293
0.8
0.542
0.506
0.472
0.349
0.251
0.258
0.292
0.474
1.027
1.694
1.953
1.878
1.849
2.053
2.427
2.674
2.527
2.121
1.674
1.141
0.51
-0.057
-0.413
-0.497
-0.445
-0.487
-0.608
-0.617
-0.517
-0.515
-0.762
-1.188
-1.601
-1.928
-2.053
-2.021
-2.071
-2.209
-2.157
-1.923
-1.805
-1.774
-1.558
-1.1
-0.735
-0.76
-1.041
-1.193
-1.007
-0.549
-0.002
0.408
0.478
0.347
0.333
0.624
1.157
1.622
1.907
2.137
2.259
2.179
1.962
1.808
1.932
2.411
3.057
3.747
4.511
5.199
5.721
6.19
6.666
7.111
7.458
7.669
7.823
8.062
8.406
8.842
9.339
9.785
10.114
10.291
10.389
10.527
10.704
10.749
10.645
10.504
10.427
10.443
10.566
10.72
10.708
10.534
10.409
10.502
10.779
11.046
11.208
11.407
11.747
12.051
12.094
11.854
11.527
11.287
11.153
11.017
10.627
9.958
9.366
9.103
8.964
8.73
8.49
8.34
8.295
8.263
8.123
7.875
7.549
7.145
6.612
5.904
5.135
4.688
4.647
4.659
4.423
4.006
3.681
3.55
3.461
3.268
3.014
2.681
2.261
1.899
1.569
1.159
0.794
0.583
0.478
0.326
0.075
-0.222
-0.478
-0.603
-0.515
-0.295
-0.265
-0.483
-0.764
-1.007
-1.098
-1
-0.941
-0.937
-0.873
-0.855
-0.902
-0.941
-1.023
-1.161
-1.252
-1.288
-1.304
-1.243
-1.102
-0.844
-0.547
-0.397
-0.388
-0.392
-0.392
-0.331
-0.157
-0.018
0.052
0.124
0.199
0.297
0.517
0.828
1.107
1.349
1.545
1.617
1.565
1.511
1.551
1.737
1.998
2.232
2.413
2.47
2.406
2.4
2.531
2.699
2.81
2.867
2.844
2.769
2.676
2.638
2.742
3.003
3.28
3.416
3.514
3.668
3.876
4.049
4.067
3.897
3.656
3.509
3.484
3.518
3.541
3.457
3.38
3.425
3.509
3.541
3.629
3.94
4.407
4.711
4.661
4.4
4.167
4.008
3.788
3.489
3.168
2.894
2.688
2.527
2.377
2.261
2.279
2.391
2.495
2.531
2.5
2.468
2.525
2.701
2.921
3.048
3.082
3.089
3.055
2.835
2.475
2.243
2.157
2.025
1.887
1.874
1.941
1.987
2.043
2.15
2.234
2.284
2.343
2.409
2.422
2.302
2.032
1.692
1.338
0.993
0.748
0.73
0.905
1.184
1.547
1.903
2.177
2.343
2.411
2.409
2.306
2.171
2.039
1.783
1.438
1.218
1.22
1.272
1.25
1.152
1.102
1.134
1.19
1.293
1.426
1.497
1.549
1.669
1.78
1.722
1.538
1.413
1.293
1.102
0.93
0.907
1.027
1.209
1.374
1.556
1.776
1.996
2.225
2.459
2.656
2.79
2.855
2.792
2.552
2.173
1.817
1.622
1.649
1.762
1.846
1.923
2.012
2.118
2.264
2.416
2.52
2.542
2.554
2.572
2.484
2.289
2.218
2.359
2.55
2.692
2.806
2.892
2.924
2.935
2.955
2.946
2.846
2.674
2.452
2.22
2.06
1.969
1.905
1.787
1.651
1.592
1.631
1.697
1.774
1.928
2.114
2.209
2.189
2.084
1.957
1.81
1.608
1.329
0.962
0.522
0.122
-0.097
-0.161
-0.186
-0.201
-0.134
0.038
0.249
0.458
0.599
0.599
0.512
0.39
0.041
-0.642
-1.426
-2.064
-2.495
-2.84
-3.203
-3.525
-3.677
-3.665
-3.581
-3.418
-3.166
-2.865
-2.577
-2.381
-2.323
-2.331
-2.388
-2.515
-2.719
-3.028
-3.361
-3.633
-3.946
-4.348
-4.638
-4.722
-4.636
-4.384
-4.015
-3.722
-3.591
-3.495
-3.32
-3.094
-2.937
-2.89
-2.899
-2.928
-2.903
-2.778
-2.699
-2.686
-2.595
-2.468
-2.316
-2.046
-1.647
-1.182
-0.689
-0.272
0.099
0.492
0.791
0.88
0.803
0.712
0.66
0.587
0.435
0.299
0.286
0.465
0.823
1.245
1.697
2.155
2.545
2.846
3.155
3.597
4.198
4.749
5.065
5.217
5.298
5.323
5.367
5.446
5.611
5.872
6.076
6.115
6.138
6.19
6.233
6.331
6.426
6.458
6.478
6.512
6.564
6.75
7.073
7.381
7.626
7.753
7.855
8.077
8.3
8.463
8.701
9.023
9.32
9.572
9.729
9.84
9.933
9.912
9.676
9.289
8.885
8.554
8.318
8.22
8.325
8.588
8.898
9.141
9.3
9.483
9.726
9.899
9.919
9.858
9.774
9.704
9.629
9.604
9.722
9.871
9.921
9.923
9.919
9.846
9.74
9.647
9.57
9.511
9.483
9.466
9.4
9.277
9.191
9.195
9.236
9.248
9.211
9.116
8.987
8.894
8.953
9.073
9.143
9.055
8.801
8.494
8.277
8.195
8.216
8.254
8.234
8.22
8.263
8.209
8.037
7.912
7.868
7.746
7.499
7.242
7.061
6.911
6.798
6.757
6.746
6.594
6.272
5.924
5.688
5.625
5.752
6.036
6.385
6.583
6.544
6.392
6.272
6.262
6.374
6.489
6.401
6.079
5.698
5.308
5.001
4.929
5.051
5.171
5.176
5.115
5.062
5.074
5.199
5.428
5.652
5.793
5.841
5.793
5.707
5.6
5.494
5.442
5.437
5.43
5.38
5.285
5.19
5.106
5.062
5.07
5.022
4.838
4.695
4.677
4.688
4.72
4.813
4.861
4.811
4.732
4.713
4.779
4.883
4.972
4.993
4.96
4.908
4.852
4.865
4.976
5.083
5.187
5.319
5.398
5.412
5.482
5.673
5.924
6.14
6.185
6.022
5.732
5.439
5.323
5.403
5.571
5.741
5.938
6.111
6.228
6.339
6.453
6.648
6.909
7.127
7.192
7.127
6.993
6.877
6.834
6.746
6.56
6.333
6.09
5.82
5.671
5.718
5.954
6.308
6.655
6.936
7.184
7.499
7.873
8.256
8.594
8.844
9.014
9.145
9.254
9.261
9.143
8.998
8.937
8.978
8.982
8.914
8.912
9.068
9.327
9.558
9.706
9.896
10.157
10.432
10.577
10.352
9.917
9.699
9.477
8.774
7.998
7.542
7.163
6.891
7.159
7.771
8.116
8.309
8.703
9.064
8.964
8.613
8.404
8.161
7.764
7.44
7.227
6.929
6.48
5.929
5.43
5.228
5.323
5.609
5.954
6.203
6.242
6.167
6.031
5.888
5.698
5.323
4.956
4.781
4.595
4.289
4.235
4.647
5.137
5.303
5.292
5.442
5.705
5.809
5.718
5.569
5.5
5.562
5.713
5.795
5.696
5.541
5.605
5.859
6.111
6.27
6.183
5.872
5.684
5.646
5.373
4.958
4.745
4.67
4.568
4.63
4.963
5.301
5.423
5.364
5.289
5.33
5.412
5.337
5.031
4.691
4.468
4.262
3.985
3.736
3.583
3.559
3.663
3.781
3.772
3.547
3.223
2.994
2.742
2.3
1.887
1.789
1.808
1.703
1.488
1.354
1.37
1.451
1.454
1.349
1.254
1.256
1.356
1.497
1.606
1.638
1.601
1.54
1.456
1.304
1.025
0.703
0.547
0.494
0.299
-0.059
-0.281
-0.243
-0.154
-0.17
-0.254
-0.24
-0.057
0.122
0.093
-0.072
-0.213
-0.263
-0.179
0.054
0.356
0.649
0.923
1.215
1.553
1.808
1.814
1.495
0.957
0.406
0.025
-0.24
-0.494
-0.653
-0.644
-0.51
-0.32
-0.206
-0.195
-0.138
0.002
0.199
0.487
0.785
0.925
0.894
0.798
0.667
0.447
0.165
-0.052
-0.201
-0.345
-0.465
-0.553
-0.63
-0.669
-0.683
-0.712
-0.719
-0.669
-0.522
-0.413
-0.458
-0.578
-0.726
-0.95
-1.225
-1.458
-1.69
-1.962
-2.27
-2.511
-2.592
-2.525
-2.341
-2.082
-1.83
-1.574
-1.313
-1.182
-1.243
-1.356
-1.481
-1.699
-1.971
-2.316
-2.783
-3.246
-3.641
-3.979
-4.226
-4.307
-4.192
-3.926
-3.672
-3.443
-3.164
-2.883
-2.683
-2.613
-2.688
-2.896
-3.257
-3.77
-4.359
-4.97
-5.491
-5.768
-5.85
-5.87
-5.834
-5.659
-5.319
-4.82
-4.232
-3.704
-3.377
-3.205
-3.191
-3.484
-4.137
-4.935
-5.698
-6.455
-7.174
-7.744
-8.143
-8.436
-8.581
-8.461
-8.05
-7.372
-6.514
-5.659
-4.931
-4.461
-4.317
-4.489
-4.874
-5.369
-5.902
-6.446
-6.927
-7.281
-7.601
-7.832
-7.85
-7.653
-7.34
-6.934
-6.367
-5.766
-5.31
-5.067
-4.997
-5.022
-5.171
-5.448
-5.843
-6.324
-6.775
-7.075
-7.383
-7.764
-8.082
-8.131
-7.898
-7.51
-7.086
-6.623
-6.149
-5.768
-5.525
-5.503
-5.666
-5.907
-6.188
-6.539
-6.934
-7.374
-7.803
-8.068
-8.152
-8.206
-8.156
-7.884
-7.544
-7.283
-7.167
-7.202
-7.388
-7.703
-8.054
-8.329
-8.576
-8.871
-9.182
-9.443
-9.649
-9.735
-9.688
-9.554
-9.295
-8.921
-8.497
-8.098
-7.798
-7.635
-7.61
-7.724
-7.955
-8.286
-8.68
-9.114
-9.561
-9.921
-10.214
-10.495
-10.634
-10.563
-10.348
-10.044
-9.66
-9.2
-8.753
-8.452
-8.293
-8.243
-8.272
-8.375
-8.526
-8.688
-8.832
-9.034
-9.282
-9.379
-9.227
-8.966
-8.646
-8.245
-7.807
-7.394
-7.054
-6.846
-6.73
-6.648
-6.598
-6.535
-6.455
-6.435
-6.503
-6.623
-6.698
-6.671
-6.589
-6.51
-6.381
-6.138
-5.863
-5.605
-5.339
-5.11
-5.006
-5.051
-5.108
-5.085
-5.008
-4.836
-4.586
-4.337
-4.019
-3.611
-3.119
-2.592
-2.141
-1.858
-1.676
-1.588
-1.658
-1.849
-2.055
-2.232
-2.341
-2.409
-2.493
-2.502
-2.416
-2.329
-2.173
-1.926
-1.687
-1.461
-1.232
-1.059
-0.955
-0.925
-0.907
-0.86
-0.864
-0.927
-0.912
-0.755
-0.456
-0.004
0.494
0.957
1.386
1.796
2.146
2.452
2.649
2.672
2.556
2.316
1.991
1.574
1.136
0.783
0.539
0.424
0.442
0.56
0.803
1.109
1.399
1.71
2.089
2.506
2.851
3.073
3.114
2.955
2.672
2.352
2.073
1.826
1.601
1.454
1.402
1.377
1.372
1.411
1.545
1.771
1.98
2.143
2.273
2.366
2.411
2.381
2.237
1.993
1.672
1.325
0.996
0.617
0.231
0.013
0.115
0.426
0.78
1.071
1.193
1.116
0.93
0.737
0.624
0.517
0.265
-0.072
-0.331
-0.47
-0.542
-0.569
-0.537
-0.431
-0.251
-0.025
0.193
0.347
0.397
0.42
0.506
0.581
0.517
0.288
-0.036
-0.363
-0.66
-0.955
-1.207
-1.37
-1.406
-1.411
-1.456
-1.508
-1.499
-1.409
-1.238
-1.043
-0.844
-0.708
-0.71
-0.839
-0.991
-1.086
-1.138
-1.141
-1.039
-0.907
-0.755
-0.528
-0.265
-0.038
0.107
0.163
0.181
0.12
-0.075
-0.32
-0.569
-0.814
-0.984
-1.109
-1.22
-1.204
-1.002
-0.671
-0.263
0.152
0.503
0.741
0.912
1.086
1.275
1.388
1.379
1.256
1.046
0.864
0.812
0.819
0.857
0.916
0.943
1.014
1.24
1.501
1.676
1.824
1.969
2.06
2.134
2.248
2.361
2.452
2.493
2.527
2.515
2.463
2.459
2.493
