Unnamed: 3
Value
-0.903
-0.59
-0.294
-0.043
0.027
-0.192
-0.619
-1.075
-1.551
-2.22
-3.007
-3.625
-4.008
-4.409
-4.928
-5.394
-5.595
-5.498
-5.237
-4.881
-4.425
-3.871
-3.282
-2.758
-2.363
-2.1
-1.98
-2.075
-2.345
-2.617
-2.864
-3.151
-3.502
-3.84
-4.035
-3.988
-3.715
-3.445
-3.361
-3.218
-2.685
-1.887
-1.254
-1.052
-1.136
-1.082
-0.732
-0.392
-0.256
-0.129
0.172
0.53
0.701
0.714
0.739
0.871
1.091
1.356
1.678
2.05
2.493
2.974
3.359
3.556
3.62
3.661
3.634
3.464
3.257
3.193
3.246
3.252
3.234
3.332
3.563
3.84
3.99
3.937
3.867
4.042
4.452
4.804
4.954
5.017
5.105
5.174
5.165
5.06
4.863
4.684
4.577
4.543
4.427
4.196
3.942
3.731
3.579
3.445
3.252
3.073
3.069
3.2
3.321
3.345
3.334
3.366
3.402
3.287
2.978
2.643
2.434
2.334
2.163
1.79
1.358
1.023
0.673
0.104
-0.553
-0.968
-0.977
-0.65
-0.261
0.013
0.218
0.42
0.546
0.51
0.292
0
-0.197
-0.265
-0.294
-0.252
-0.077
-0.109
-0.716
-1.322
-0.939
-0.073
-0.093
-0.739
-0.281
1.519
2.744
1.971
0.306
-0.224
0.424
0.655
-0.353
-1.767
-2.082
-0.798
0.825
1.209
0.347
-0.292
0.145
0.921
1.091
0.909
1.27
2.431
3.742
4.303
4.178
4.425
5.156
5.042
3.706
2.794
3.65
5.19
5.548
4.861
4.675
5.496
6.437
6.562
6.011
5.79
6.48
7.496
8.027
8.059
8.277
8.948
9.397
9.059
8.445
8.522
9.354
10.055
9.892
9.313
9.365
10.2
10.847
10.466
9.506
9.25
10.078
10.912
10.756
10.186
10.372
11.135
11.14
9.974
8.823
8.746
9.241
9.064
8.195
7.866
8.531
9.193
8.986
8.145
7.408
7.188
7.287
7.172
6.63
6.215
6.558
7.381
7.689
7.186
6.537
6.328
6.365
6.128
5.648
5.532
6.117
6.761
6.582
5.738
5.178
5.221
5.071
4.165
3.069
2.733
3.271
3.935
4.16
4.108
4.16
4.384
4.727
5.117
5.38
5.418
5.285
5.128
4.972
4.827
4.733
4.611
4.316
3.892
3.699
4.082
4.843
5.28
5.11
4.944
5.4
6.244
6.7
6.58
6.528
7.061
7.894
8.427
8.533
8.508
8.556
8.56
8.397
8.345
8.626
9.025
9.25
9.436
9.864
10.5
10.965
10.981
10.833
11.019
11.52
11.849
11.813
11.818
12.196
12.747
13.113
13.251
13.383
13.784
14.433
14.862
14.866
14.896
15.409
16.239
16.655
16.449
16.313
16.79
17.613
18.301
18.724
19.065
19.446
19.625
19.299
18.618
18.069
17.935
18.019
17.985
17.954
18.218
18.759
19.341
19.745
19.811
19.734
19.89
20.294
20.732
21.079
21.428
21.898
22.361
22.542
22.522
22.377
22.039
21.494
20.947
20.734
20.848
20.798
20.453
20.287
20.535
20.786
20.573
19.961
19.473
19.312
19.028
18.298
17.307
16.372
15.78
15.476
15.046
14.392
13.97
14.11
14.549
14.793
14.936
15.501
16.463
17.085
16.935
16.483
16.4
16.606
16.343
15.313
14.081
13.23
12.559
11.487
9.946
8.476
7.598
7.317
7.142
6.682
6.154
6.088
6.403
6.378
5.818
5.323
5.319
5.434
5.221
4.756
4.493
4.62
4.781
4.597
4.221
4.046
4.053
3.901
3.422
2.996
3.13
3.692
4.039
3.915
3.663
3.692
3.892
3.824
3.336
2.801
2.627
2.733
2.531
1.871
1.349
1.345
1.449
1.222
0.905
0.946
1.299
1.499
1.295
1.08
1.499
2.475
3.345
3.833
4.28
5.144
6.36
7.406
7.871
7.957
8.2
8.597
8.563
7.884
7.059
6.634
6.614
6.542
6.172
5.718
5.491
5.498
5.4
4.979
4.466
4.314
4.636
5.112
5.215
4.922
4.641
4.584
4.509
4.069
3.395
2.935
2.873
2.857
2.531
2.009
1.682
1.703
1.735
1.47
1.027
0.744
0.574
0.218
-0.356
-0.855
-1.132
-1.392
-1.882
-2.461
-2.844
-3.041
-3.241
-3.413
-3.473
-3.402
-3.282
-3.293
-3.466
-3.54
-3.305
-2.871
-2.529
-2.379
-2.22
-1.919
-1.658
-1.769
-2.307
-2.882
-3.112
-3.148
-3.402
-3.887
-4.176
-4.001
-3.52
-2.985
-2.463
-1.85
-1.073
-0.299
0.181
0.374
0.707
1.372
2.023
2.197
1.85
1.386
1.254
1.372
1.254
0.678
-0.02
-0.337
-0.102
0.252
0.319
0.376
0.794
1.354
1.628
1.74
2.125
2.769
3.284
3.518
3.602
3.683
3.836
4.012
4.001
3.795
3.688
3.79
3.824
3.599
3.296
3.137
3.23
3.615
4.257
4.926
5.471
5.926
6.287
6.346
6.115
5.891
5.711
5.31
4.57
3.704
2.882
2.179
1.565
0.966
0.435
0.145
0.084
0.006
-0.179
-0.342
-0.478
-0.644
-0.78
-0.864
-0.979
-1.102
-1.105
-1.029
-1.168
-1.615
-2.175
-2.724
-3.354
-3.967
-4.357
-4.661
-4.91
-5.067
-5.317
-5.6
-5.586
-5.371
-5.496
-5.99
-6.349
-6.346
-6.317
-6.539
-6.827
-7.006
-6.961
-6.689
-6.473
-6.652
-7.034
-7.054
-6.512
-5.904
-5.716
-5.763
-5.453
-4.55
-3.448
-2.705
-2.513
-2.381
-1.799
-0.898
-0.213
-0.018
-0.034
0.084
0.321
0.569
0.626
0.24
-0.344
-0.567
-0.308
0
0.075
0.097
0.272
0.581
0.868
1.168
1.579
2.046
2.538
3.043
3.618
4.282
4.84
5.008
4.91
4.903
5.029
5.067
4.967
4.793
4.65
4.666
4.897
5.21
5.278
4.995
4.677
4.636
4.806
4.935
4.788
4.441
4.257
4.382
4.487
4.323
4.006
3.717
3.536
3.477
3.475
3.48
3.538
3.699
3.924
4.11
4.183
4.149
4.144
4.266
4.475
4.545
4.342
4.082
4.028
4.021
3.692
2.987
2.191
1.66
1.42
1.268
1.136
0.964
0.696
0.597
0.898
1.132
0.521
-0.696
-1.215
-0.467
0.435
0.601
1.013
2.705
4.634
4.604
2.252
-0.462
-1.735
-1.973
-2.882
-5.031
-6.866
-6.489
-4.185
-2.161
-1.951
-2.876
-3.343
-2.882
-2.415
-2.903
-4.119
-4.632
-3.454
-1.703
-1.156
-1.841
-2.504
-2.731
-3.345
-4.951
-6.77
-7.533
-7.068
-6.244
-5.888
-5.958
-5.573
-4.362
-3.287
-3.397
-4.398
-5.096
-4.933
-4.384
-4.114
-4.339
-4.783
-4.852
-4.183
-3.361
-3.296
-3.869
-3.969
-3.023
-1.669
-0.889
-0.787
-0.753
-0.438
0.009
0.356
0.372
0.115
-0.013
0.022
-0.131
-0.746
-1.604
-2.137
-2.075
-1.891
-2.168
-2.595
-2.243
-1.066
0.027
0.585
0.925
1.526
2.349
2.783
2.45
1.837
1.604
1.676
1.726
1.597
1.193
0.574
0.073
-0.149
-0.383
-0.909
-1.443
-1.447
-0.986
-0.619
-0.714
-0.859
-0.565
-0.102
-0.095
-0.671
-1.402
-1.712
-1.449
-1.199
-1.526
-1.944
-1.765
-1.299
-1.013
-0.794
-0.587
-0.514
-0.342
0.22
0.946
1.436
1.717
2.089
2.508
2.848
3.16
3.59
3.994
4.101
3.937
3.688
3.357
2.996
2.96
3.277
3.747
4.284
4.722
4.845
4.974
5.314
5.282
4.657
4.035
3.976
4.266
4.561
4.901
5.418
6.151
6.968
7.641
8.093
8.429
8.572
8.471
8.229
8.061
8.093
8.254
8.335
8.377
8.637
8.951
8.973
8.756
8.34
7.623
6.981
6.868
7.131
7.335
7.39
7.494
7.837
8.406
8.962
9.331
9.479
9.483
9.547
9.653
9.556
9.27
8.986
8.776
8.769
9.057
9.519
9.869
9.974
9.917
9.763
9.515
9.345
9.193
8.733
8.084
7.726
7.664
7.621
7.558
7.467
7.413
7.51
7.569
7.276
6.712
6.208
5.931
5.813
5.866
6.317
7.09
7.625
7.628
7.395
7.108
6.705
6.249
5.816
5.411
5.117
5.096
5.373
5.734
5.956
6.101
6.255
6.267
5.986
5.411
4.691
4.078
3.704
3.468
3.325
3.384
3.656
3.862
3.82
3.79
4.028
4.312
4.291
4.096
4.096
4.284
4.294
3.958
3.563
3.484
3.749
4.076
4.151
3.947
3.686
3.493
3.443
3.443
3.223
2.783
2.445
2.402
2.443
2.397
2.377
2.533
2.839
3.128
3.255
3.271
3.277
3.25
3.211
3.182
3.175
3.144
2.974
2.608
2.238
2.059
2.052
1.971
1.762
1.533
1.406
1.537
1.894
2.161
2.139
2.073
2.305
2.665
2.774
2.526
2.188
2.009
1.987
1.873
1.521
0.986
0.462
0.097
-0.24
-0.655
-0.948
-0.914
-0.673
-0.431
-0.142
0.206
0.467
0.644
0.83
0.836
0.519
0.029
-0.335
-0.54
-0.78
-1.147
-1.406
-1.381
-1.27
-1.29
-1.443
-1.689
-1.864
-1.91
-1.939
-1.926
-1.744
-1.481
-1.241
-1.084
-1.009
-1.013
-1.038
-1.129
-1.415
-1.987
-2.645
-3.023
-3.139
-3.284
-3.577
-3.937
-4.144
-4.112
-3.967
-3.972
-4.257
-4.661
-4.967
-5.262
-5.734
-6.269
-6.609
-6.705
-6.666
-6.53
-6.372
-6.299
-6.258
-6.224
-6.303
-6.564
-6.827
-6.929
-6.925
-6.965
-7.11
-7.315
-7.535
-7.737
-8.004
-8.451
-9.055
-9.678
-10.325
-10.931
-11.253
-11.207
-11.032
-10.89
-10.581
-9.978
-9.302
-8.894
-8.776
-8.737
-8.724
-8.866
-9.112
-9.22
-9.186
-9.204
-9.304
-9.309
-9.175
-9.105
-9.236
-9.454
-9.62
-9.696
-9.676
-9.604
-9.588
-9.742
-9.928
-9.908
-9.724
-9.669
-9.949
-10.375
-10.606
-10.676
-10.906
-11.275
-11.527
-11.496
-11.287
-11.158
-11.142
-11.001
-10.59
-10.13
-9.841
-9.685
-9.597
-9.592
-9.68
-9.892
-10.268
-10.708
-11.03
-11.25
-11.584
-12.046
-12.434
-12.586
-12.577
-12.519
-12.412
-12.273
-12.078
-11.827
-11.643
-11.525
-11.303
-10.933
-10.549
-10.327
-10.298
-10.368
-10.477
-10.679
-10.894
-10.999
-11.017
-11.005
-10.883
-10.604
-10.275
-10.037
-9.958
-9.887
-9.653
-9.374
-9.27
-9.347
-9.474
-9.602
-9.644
-9.411
-8.848
-8.174
-7.698
-7.469
-7.265
-7.009
-6.766
-6.562
-6.328
-5.956
-5.425
-4.901
-4.657
-4.729
-5.008
-5.314
-5.464
-5.391
-5.174
-4.917
-4.706
-4.561
-4.461
-4.411
-4.3
-4.037
-3.67
-3.319
-3.055
-2.783
-2.338
-1.812
-1.374
-1.064
-0.848
-0.755
-0.83
-1.096
-1.485
-1.801
-1.88
-1.755
-1.526
-1.252
-0.88
-0.367
0.118
0.397
0.597
0.802
1.016
1.247
1.454
1.588
1.68
1.792
1.834
1.649
1.22
0.712
0.351
0.234
0.199
0.158
0.206
0.469
0.907
1.36
1.728
2.03
2.372
2.855
3.397
3.776
3.817
3.567
3.227
2.846
2.327
1.667
1.043
0.571
0.236
0.004
-0.183
-0.351
-0.41
-0.388
-0.417
-0.555
-0.685
-0.657
-0.476
-0.267
-0.011
0.351
0.664
0.82
0.957
1.132
1.19
1.102
1
0.975
1.066
1.243
1.326
1.165
0.848
0.673
0.832
1.19
1.51
1.649
1.44
0.839
0.002
-0.852
-1.703
-2.549
-3.319
-3.983
-4.323
-4.25
-3.967
-3.62
-3.128
-2.472
-1.733
-1.027
-0.551
-0.259
0.197
0.884
1.653
2.406
3.023
3.395
3.464
3.016
1.926
0.501
-0.723
-1.535
-2.152
-2.772
-3.126
-2.914
-2.329
-1.887
-1.885
-1.982
-1.744
-1.268
-0.935
-0.966
-1.311
-1.601
-1.574
-1.386
-1.266
-1.299
-1.402
-1.411
-1.177
-0.626
0.272
1.172
1.499
1.266
1.057
1.257
1.678
1.887
1.762
1.51
1.415
1.505
1.304
0.512
-0.501
-1.272
-1.771
-2.345
-3.144
-3.713
-3.606
-2.987
-2.325
-1.785
-1.247
-0.675
-0.324
-0.372
-0.558
-0.482
-0.179
-0.095
-0.399
-0.758
-0.944
-1.202
-1.83
-2.756
-3.695
-4.319
-4.595
-4.815
-5.181
-5.607
-5.882
-5.99
-6.217
-6.766
-7.379
-7.691
-7.843
-8.181
-8.694
-8.896
-8.56
-8.163
-8.263
-8.807
-9.374
-9.551
-9.4
-9.313
-9.388
-9.204
-8.485
-7.596
-7.07
-6.961
-6.943
-6.816
-6.632
-6.607
-6.845
-7.095
-6.993
-6.627
-6.473
-6.748
-7.258
-7.585
-7.569
-7.449
-7.374
-7.197
-6.809
-6.324
-5.965
-5.671
-5.183
-4.45
-3.708
-3.218
-2.86
-2.275
-1.44
-0.789
-0.601
-0.599
-0.485
-0.335
-0.422
-0.814
-1.25
-1.252
-0.675
0.07
0.53
0.8
1.111
1.288
1.077
0.599
0.243
0.202
0.256
0.109
-0.151
-0.19
-0.029
-0.013
-0.349
-0.739
-0.807
-0.659
-0.696
-1.111
-1.624
-1.778
-1.481
-1.118
-1.036
-1.179
-1.297
-1.261
-1.254
-1.406
-1.592
-1.644
-1.599
-1.622
-1.689
-1.655
-1.547
-1.624
-1.975
-2.25
-2.15
-1.921
-2.052
-2.733
-3.606
-4.121
-4.273
-4.489
-4.919
-5.183
-4.91
-4.328
-3.908
-3.79
-3.77
-3.697
-3.627
-3.699
-3.815
-3.811
-3.715
-3.638
-3.59
-3.509
-3.37
-3.252
-3.307
-3.567
-3.79
-3.774
-3.636
-3.652
-3.958
-4.391
-4.595
-4.471
-4.273
-4.291
-4.425
-4.475
-4.371
-4.255
-4.353
-4.7
-5.19
-5.696
-6.043
-6.029
-5.738
-5.303
-4.749
-4.264
-3.926
-3.59
-3.252
-3.142
-3.425
-3.935
-4.377
-4.606
-4.643
-4.55
-4.371
-4.139
-3.894
-3.747
-3.862
-4.269
-4.811
-5.235
-5.391
-5.358
-5.294
-5.333
-5.546
-5.822
-6.079
-6.381
-6.648
-6.71
-6.607
-6.521
-6.421
-6.195
-5.893
-5.707
-5.816
-6.108
-6.211
-6.045
-5.886
-5.986
-6.204
-6.255
-6.117
-6.088
-6.387
-6.902
-7.471
-8.041
-8.544
-8.912
-9.103
-9.064
-8.914
-8.921
-9.148
-9.425
-9.545
-9.501
-9.445
-9.372
-9.082
-8.63
-8.377
-8.44
-8.579
-8.533
-8.431
-8.579
-9.009
-9.452
-9.71
-9.788
-9.935
-10.359
-10.811
-11.01
-11.026
-11.11
-11.359
-11.489
-11.189
-10.629
-10.209
-10.057
-9.974
-9.851
-9.887
-10.3
-10.999
-11.473
-11.452
-11.305
-11.493
-11.906
-12.004
-11.733
-11.639
-11.99
-12.384
-12.36
-11.979
-11.591
-11.462
-11.607
-11.797
-11.843
-11.854
-12.046
-12.448
-12.841
-13.081
-13.23
-13.358
-13.457
-13.496
-13.473
-13.414
-13.353
-13.19
-12.866
-12.48
-12.21
-12.064
-11.915
-11.834
-11.97
-12.38
-12.984
-13.607
-14.108
-14.285
-14.177
-14.068
-13.981
-13.68
-13.244
-13.004
-13.054
-13.201
-13.208
-13.051
-12.899
-12.884
-12.884
-12.63
-12.131
-11.804
-11.838
-11.976
-11.995
-12.022
-12.255
-12.591
-12.77
-12.7
-12.43
-12.022
-11.629
-11.271
-10.82
-10.379
-10.22
-10.296
-10.182
-9.735
-9.354
-9.384
-9.687
-9.887
-9.91
-9.96
-10.243
-10.618
-10.515
-9.801
-9.352
-9.722
-10.193
-9.942
-9.255
-8.91
-9.141
-9.413
-9.098
-8.259
-7.594
-7.569
-7.814
-7.705
-7.301
-7.061
-7.081
-7.156
-7.208
-7.129
-6.798
-6.439
-6.378
-6.593
-6.779
-6.916
-7.294
-7.884
-8.381
-8.818
-9.234
-9.522
-9.674
-9.742
-9.824
-10.032
-10.318
-10.454
-10.289
-9.994
-9.871
-9.933
-9.899
-9.715
-9.567
-9.508
-9.51
-9.638
-9.933
-10.336
-10.665
-10.765
-10.899
-11.409
-12.101
-12.501
-12.521
-12.582
-12.92
-13.294
-13.508
-13.632
-13.696
-13.648
-13.553
-13.573
-13.669
-13.56
-13.197
-12.926
-12.931
-12.906
-12.602
-12.147
-11.867
-11.885
-11.872
-11.552
-11.094
-10.726
-10.413
-10.066
-9.715
-9.409
-9.161
-8.98
-8.93
-8.966
-8.887
-8.635
-8.306
-8.036
-7.864
-7.682
-7.367
-6.988
-6.772
-6.712
-6.582
-6.39
-6.303
-6.208
-5.825
-5.16
-4.53
-4.123
-3.747
-3.241
-2.643
-2.064
-1.613
-1.299
-1.029
-0.739
-0.374
0.079
0.453
0.644
0.776
1.007
1.354
1.628
1.574
1.383
1.463
1.685
1.59
1.279
1.136
1.225
1.363
1.544
1.792
2.091
2.529
3.139
3.722
4.174
4.618
4.963
5.108
5.266
5.573
6.061
6.682
7.061
6.891
6.721
7.231
7.791
7.306
6.126
5.607
5.668
5.137
4.135
3.686
3.822
3.871
3.786
4.064
4.761
5.43
5.942
6.399
6.494
6.337
6.752
7.644
8.068
8
7.986
7.97
7.814
7.505
6.614
4.999
3.692
3.572
3.985
3.96
3.924
4.609
5.579
6.108
6.154
5.854
5.328
4.96
4.956
4.89
4.521
4.307
4.425
4.291
3.656
2.996
2.742
2.831
3.157
3.518
3.545
3.441
3.829
4.657
5.105
4.933
4.772
4.89
4.838
4.455
4.078
3.854
3.59
3.216
2.712
2.172
1.989
2.296
2.402
2.048
2.052
2.987
4.287
5.162
5.326
5.11
5.103
5.505
5.967
5.92
5.573
5.768
6.53
7.11
7.204
7.115
7.02
6.889
6.696
6.505
6.605
7.283
8.34
9.241
9.894
10.661
11.471
11.768
11.16
9.903
8.812
8.335
8.1
7.632
6.916
6.131
5.573
5.434
5.169
4.185
3.169
3.261
4.697
6.528
7.358
7.287
8.023
10.257
12.405
13.022
12.695
12.761
13.131
12.516
10.899
9.728
9.207
8.011
5.725
3.565
2.629
2.737
2.813
2.009
0.896
0.868
2.184
3.609
3.992
3.522
3.25
3.942
5.455
6.639
6.589
5.906
5.65
5.902
5.661
4.395
3.014
2.393
1.903
0.873
-0.045
-0.095
0.395
0.614
0.167
-0.372
-0.231
0.259
0.181
-0.594
-1.508
-2.023
-1.982
-1.812
-2.139
-2.996
-3.731
-3.795
-3.275
-2.817
-2.992
-3.391
-3.11
-1.987
-0.868
-0.498
-0.714
-0.868
-0.721
-0.635
-0.923
-1.572
-2.524
-3.577
-4.269
-4.348
-4.117
-4.192
-4.815
-5.307
-4.861
-3.788
-3.116
-3.089
-3.202
-3.248
-3.268
-3.2
-3.098
-3.164
-3.332
-3.445
-3.4
-3.055
-2.531
-2.227
-2.184
-1.975
-1.37
-0.666
-0.274
-0.129
0.045
0.145
-0.07
-0.353
-0.424
-0.68
-1.51
-2.526
-2.978
-2.617
-2.025
-2.014
-2.517
-2.526
-1.608
-0.451
0.011
-0.467
-0.984
-0.524
0.8
2.025
2.406
2.055
1.9
2.574
3.493
3.672
3.043
2.425
2.363
2.751
3.041
2.862
2.275
1.613
1.215
1.211
1.445
1.622
1.655
1.717
2.048
2.574
2.976
3.1
3.112
3.305
3.77
4.294
4.693
5.017
5.235
5.169
4.729
4.024
3.4
3.11
2.935
2.533
2.011
1.714
1.921
2.501
2.835
2.551
2.066
1.984
2.327
2.501
2.046
1.313
1.111
1.44
1.624
1.297
0.773
0.521
0.537
0.519
0.535
0.818
1.304
1.622
1.649
1.742
2.159
2.602
2.627
2.222
1.821
1.846
1.966
1.585
0.78
0.041
-0.328
-0.358
-0.331
-0.456
-0.603
-0.528
-0.154
0.376
0.871
1.136
1.143
1.073
1.257
1.801
2.352
2.579
2.592
2.728
3.098
3.542
3.76
3.495
2.933
2.615
2.839
3.248
3.305
2.905
2.658
3.041
3.82
4.357
4.391
4.273
4.62
5.489
6.213
6.26
5.947
5.963
6.421
6.88
7.045
6.988
6.965
7.206
7.733
8.281
8.608
8.708
8.749
8.86
9.2
9.701
10.101
10.271
10.347
10.522
10.758
10.876
10.844
10.802
10.813
10.871
10.908
10.91
11.001
11.228
11.37
11.146
10.615
10.159
10.103
10.289
10.259
9.917
9.647
9.808
10.248
10.522
10.473
10.332
10.318
10.368
10.448
10.552
10.563
10.464
10.294
10.096
9.855
9.529
9.062
8.485
7.963
7.603
7.442
7.404
7.322
7.045
6.716
6.623
6.793
6.97
6.918
6.71
6.544
6.589
6.705
6.584
6.183
5.763
5.687
5.938
6.11
5.983
5.765
5.793
6.103
6.399
6.523
6.505
6.434
6.403
6.36
6.262
6.224
6.349
6.589
6.891
7.206
7.326
7.26
7.158
7.097
7.079
7.156
7.303
7.455
7.634
7.959
8.431
8.857
9.05
9.078
9.159
9.402
9.676
9.74
9.633
9.71
10.089
10.611
11.001
11.16
11.244
11.393
11.527
11.509
11.448
11.505
11.758
12.156
12.598
12.906
13.154
13.571
14.097
14.313
14.092
13.816
13.741
13.777
13.768
13.63
13.444
13.389
13.584
13.891
14.124
14.253
14.34
14.446
14.628
15.032
15.719
16.427
16.912
17.313
17.869
18.471
18.756
18.629
18.421
18.5
18.779
18.851
18.52
18.069
17.919
18.228
18.593
18.657
18.609
18.804
19.183
19.35
19.108
18.677
18.452
18.489
18.357
17.783
17.189
17.207
17.713
18.03
17.972
17.903
18.164
18.623
18.869
18.699
18.389
18.287
18.373
18.373
18.103
17.72
17.414
17.028
16.409
15.755
15.227
14.802
14.417
13.956
13.457
13.129
13.047
13.04
12.904
12.552
12.115
11.765
11.498
11.23
10.838
10.312
9.794
9.349
8.903
8.447
8.084
7.769
7.401
7.006
6.664
6.287
5.752
5.185
4.938
4.988
4.947
4.786
4.894
5.437
5.906
5.652
4.879
4.416
4.4
4.055
3.135
2.372
2.368
2.758
2.808
2.307
1.834
1.891
2.071
1.492
0.093
-1.004
-0.898
-0.115
0.267
0.315
0.905
2.082
3.037
3.33
3.239
3.16
3.402
3.994
4.459
4.466
4.362
4.457
4.414
3.908
3.193
2.674
2.438
2.361
2.248
2.007
1.805
1.857
1.96
1.778
1.581
1.898
2.456
2.475
1.958
1.673
1.942
2.316
2.452
2.54
2.763
3.028
3.289
3.579
3.878
4.212
4.641
4.942
4.856
4.584
4.42
4.271
3.885
3.312
2.778
2.47
2.425
2.415
2.002
1.259
0.814
0.773
0.517
-0.202
-0.859
-0.925
-0.505
-0.181
-0.261
-0.292
0.281
1.268
1.958
2.073
2.055
2.365
2.842
3.069
2.992
2.882
2.889
2.896
2.699
2.238
1.601
1.004
0.614
0.353
0.004
-0.326
-0.39
-0.272
-0.254
-0.267
-0.059
0.501
1.254
1.819
1.955
1.951
2.172
2.313
1.871
1.188
1.168
1.928
2.69
2.839
2.667
2.703
2.96
3.153
3.178
3.182
3.448
3.999
4.471
4.659
4.793
5.058
5.23
5.035
4.629
4.328
4.114
3.765
3.246
2.74
2.613
3.043
3.656
3.847
3.65
3.692
4.162
4.487
4.253
3.926
4.094
4.67
5.142
5.217
4.956
4.742
4.843
4.99
4.813
4.452
4.296
4.373
4.294
3.885
3.418
3.091
2.889
2.633
2.184
1.572
0.921
0.222
-0.707
-1.912
-3.028
-3.659
-3.851
-4.057
-4.659
-5.459
-5.716
-5.049
-4.082
-3.629
-3.631
-3.377
-2.715
-2.218
-2.354
-2.776
-2.785
-2.368
-2.195
-2.57
-3.043
-3.239
-3.339
-3.731
-4.597
-5.62
-6.085
-5.816
-5.588
-6.052
-6.757
-6.839
-6.235
-5.684
-5.761
-6.305
-6.682
-6.408
-5.623
-5.02
-4.922
-4.77
-3.928
-2.678
-1.655
-0.995
-0.473
0.122
0.905
1.669
2.128
2.356
2.627
2.857
2.831
2.526
2.248
2.134
1.812
1.073
0.342
-0.02
-0.142
-0.238
-0.388
-0.503
-0.376
0.12
0.834
1.445
2.116
3.137
3.983
4.006
3.654
3.631
3.808
3.783
3.547
3.42
3.581
3.889
4.112
4.126
3.947
3.905
4.048
3.912
3.504
3.397
3.781
4.094
3.896
3.327
2.851
2.726
2.749
2.47
1.744
1.105
1.096
1.37
1.326
1.016
0.82
0.841
0.898
0.966
1.107
1.277
1.551
1.993
2.311
2.277
2.193
2.139
1.726
0.898
0.176
0.029
0.337
0.54
0.197
-0.498
-1.018
-1.084
-1.096
-1.585
-2.468
-3.191
-3.366
-3.207
-3.13
-3.264
-3.556
-3.912
-4.218
-4.53
-4.888
-5.133
-5.199
-5.112
-4.763
-4.133
-3.422
-2.763
-2.27
-2.089
-2.191
-2.436
-2.728
-3.107
-3.758
-4.595
-5.287
-5.886
-6.637
-7.308
-7.59
-7.578
-7.63
-7.841
-8.073
-8.016
-7.446
-6.614
-6.052
-5.857
-5.491
-4.652
-3.801
-3.636
-4.153
-4.673
-4.695
-4.4
-4.253
-4.503
-4.872
-4.843
-4.339
-3.758
-3.339
-3.001
-2.658
-2.379
-2.356
-2.49
-2.479
-2.307
-2.134
-2.109
-2.296
-2.352
-1.971
-1.445
-1.315
-1.717
-2.222
-2.229
-1.617
-0.977
-0.836
-0.977
-0.753
0.034
0.855
1.118
0.966
0.873
0.995
1.154
1.093
0.742
0.321
0.068
-0.156
-0.558
-1.027
-1.234
-1.032
-0.669
-0.487
-0.458
-0.24
0.303
0.871
1.154
1.247
1.386
1.637
1.857
1.869
1.655
1.306
0.893
0.501
0.211
0.088
0.102
0.188
0.404
0.778
1.172
1.526
1.923
2.466
3.089
3.52
3.654
3.756
4.024
4.316
4.491
4.618
4.783
4.988
5.181
5.31
5.312
5.121
4.781
4.527
4.579
4.847
4.995
4.942
5.004
5.376
5.924
6.423
6.829
7.272
7.802
8.272
8.59
8.844
9.068
9.08
8.839
8.669
8.758
8.869
8.885
8.896
8.917
9.055
9.477
9.96
10.087
9.894
9.808
10.066
10.5
10.862
11.135
11.296
11.307
11.328
11.436
11.441
11.323
11.384
11.724
12.09
12.353
12.609
12.788
12.713
12.489
12.382
12.421
12.391
12.135
11.763
11.529
11.543
11.595
11.54
11.418
11.241
10.892
10.441
10.082
9.88
9.747
9.615
9.638
9.937
10.363
10.613
10.611
10.402
10.179
10.123
10.044
9.699
9.166
8.597
8.032
7.426
6.761
6.128
5.682
5.453
5.378
5.269
5.06
4.967
5.156
5.411
5.446
5.287
5.071
4.94
4.963
5.013
4.87
4.572
4.377
4.404
4.439
4.23
3.833
3.459
3.094
2.735
2.556
2.617
2.79
2.924
2.892
2.665
2.436
2.488
2.826
3.13
3.094
2.912
2.953
3.046
2.835
2.399
2.098
2.114
2.293
2.381
2.307
2.2
2.191
2.383
2.731
3.078
3.345
3.54
3.498
3.142
2.629
2.082
1.524
0.832
0.075
-0.243
0.372
1.572
2.236
1.762
1.075
1.424
2.615
3.059
1.853
0.231
0.002
1.147
2.093
2.163
2.266
3.087
3.912
3.704
2.381
0.796
-0.27
-0.76
-1.197
-1.717
-1.594
-0.444
0.88
1.236
0.612
0.297
1.168
2.286
2.032
0.367
-0.798
-0.133
1.206
1.141
-0.399
-1.703
-1.787
-1.454
-1.828
-2.69
-2.978
-2.519
-2.048
-1.962
-1.955
-1.676
-1.329
-1.295
-1.51
-1.622
-1.381
-0.8
-0.408
-0.857
-1.926
-2.751
-3.037
-3.207
-3.618
-4.062
-4.066
-3.65
-3.393
-3.615
-4.001
-4.155
-4.291
-4.87
-5.741
-6.183
-5.87
-5.276
-4.995
-5.006
-4.942
-4.906
-5.411
-6.476
-7.505
-8.032
-8.232
-8.633
-9.172
-9.216
-8.676
-8.17
-8.247
-8.894
-9.615
-9.974
-9.933
-9.81
-9.921
-10.177
-10.107
-9.653
-9.381
-9.669
-10.202
-10.395
-10.139
-9.824
-9.744
-9.839
-9.892
-9.864
-9.894
-10.137
-10.574
-11.11
-11.641
-11.919
-11.677
-11.035
-10.429
-10.186
-10.262
-10.395
-10.318
-9.869
-9.264
-9.011
-9.227
-9.533
-9.395
-8.814
-8.422
-8.74
-9.533
-10.153
-10.195
-9.933
-9.96
-10.338
-10.636
-10.625
-10.493
-10.439
-10.565
-11.003
-11.641
-12.069
-11.917
-11.289
-10.572
-10.016
-9.735
-9.68
-9.806
-10.168
-10.776
-11.379
-11.715
-11.849
-11.915
-11.825
-11.487
-11.055
-10.685
-10.347
-10.114
-10.211
-10.618
-11.057
-11.323
-11.597
-12.108
-12.6
-12.664
-12.353
-11.967
-11.652
-11.398
-11.117
-10.747
-10.287
-9.756
-9.293
-9.016
-8.93
-9.066
-9.306
-9.42
-9.282
-9.016
-8.873
-8.971
-9.172
-9.266
-9.103
-8.825
-8.774
-8.973
-8.971
-8.408
-7.478
-6.627
-6.07
-5.691
-5.323
-4.922
-4.541
-4.257
-4.162
-4.241
-4.269
-4.044
-3.677
-3.52
-3.67
-3.765
-3.586
-3.35
-3.327
-3.438
-3.409
-3.204
-2.996
-2.833
-2.533
-1.989
-1.431
-1.152
-1.184
-1.222
-1.165
-1.163
-1.241
-1.304
-1.297
-1.186
-0.875
-0.42
-0.14
-0.12
0.034
0.617
1.213
1.297
1.007
0.805
0.807
0.769
0.578
0.453
0.635
1.07
1.508
1.783
1.898
1.955
1.916
1.658
1.306
1.168
1.234
1.284
1.331
1.594
2.05
2.363
2.486
2.724
3.085
3.246
3.066
2.747
2.499
2.32
2.148
1.928
1.581
1.275
1.331
1.701
2.011
2.025
1.817
1.549
1.449
1.664
1.969
2
1.79
1.646
1.556
1.266
0.719
0.12
-0.464
-1.025
-1.415
-1.673
-1.973
-2.184
-2.125
-1.919
-1.783
-1.76
-1.633
-1.22
-0.664
-0.372
-0.363
-0.294
0.013
0.422
0.662
0.533
0.088
-0.392
-0.85
-1.351
-1.792
-2.098
-2.349
-2.567
-2.636
-2.549
-2.365
-2.132
-1.9
-1.753
-1.712
-1.635
-1.392
-1.036
-0.776
-0.685
-0.696
-0.705
-0.653
-0.526
-0.413
-0.376
-0.288
-0.122
-0.131
-0.285
-0.199
0.12
0.22
-0.022
-0.247
-0.254
-0.133
0.047
0.285
0.473
0.565
0.537
0.292
-0.111
-0.406
-0.46
-0.458
-0.544
-0.56
-0.408
-0.308
-0.406
-0.653
-0.941
-0.995
-0.659
-0.204
-0.054
-0.24
-0.299
0.079
0.524
0.476
0.093
-0.063
0.047
-0.057
-0.546
-1.086
-1.347
-1.259
-1.059
-1.032
-1.229
-1.429
-1.637
-2.103
-2.624
-2.804
-2.792
-3.037
-3.595
-4.098
-4.264
-4.28
-4.498
-4.912
-5.23
-5.335
-5.298
-5.223
-5.246
-5.43
-5.625
-5.645
-5.655
-5.931
-6.305
-6.362
-6.185
-6.262
-6.836
-7.63
-8.22
-8.655
-9.313
-10.164
-10.758
-10.783
-10.615
-10.731
-10.922
-10.729
-10.209
-9.794
-9.642
-9.565
-9.349
-9.136
-9.118
-9.241
-9.313
-9.148
-8.83
-8.592
-8.476
-8.388
-8.358
-8.345
-8.202
-7.932
-7.696
-7.623
-7.623
-7.526
-7.369
-7.296
-7.156
-6.893
-6.671
-6.45
-6.074
-5.512
-4.986
-4.688
-4.489
-4.174
-3.82
-3.631
-3.599
-3.48
-3.091
-2.631
-2.347
-2.155
-1.912
-1.724
-1.678
-1.62
-1.322
-0.794
-0.315
-0.002
0.281
0.485
0.48
0.417
0.388
0.176
-0.317
-0.864
-1.158
-1.27
-1.418
-1.68
-1.948
-2.052
-1.969
-1.914
-1.93
-1.878
-1.64
-1.275
-0.984
-0.83
-0.669
-0.498
-0.424
-0.583
-1.013
-1.583
-1.975
-2.236
-2.694
-3.404
-4.142
-4.622
-4.697
-4.491
-4.326
-4.344
-4.382
-4.259
-4.123
-4.255
-4.55
-4.67
-4.616
-4.793
-5.382
-5.977
-6.101
-5.979
-6.14
-6.567
-6.743
-6.36
-5.775
-5.579
-5.806
-5.897
-5.498
-4.917
-4.711
-4.963
-5.169
-5.029
-4.802
-4.958
-5.57
-6.124
-6.258
-6.287
-6.607
-7.124
-7.419
-7.31
-7.11
-7.124
-7.19
-6.887
-6.222
-5.634
-5.43
-5.432
-5.188
-4.657
-4.207
-4.092
-4.139
-3.956
-3.354
-2.633
-2.191
-2.103
-2.132
-2.064
-1.935
-2.018
-2.399
-2.828
-3.075
-3.169
-3.332
-3.672
-4.069
-4.505
-5.119
-5.732
-5.709
-4.935
-4.335
-4.609
-4.983
-4.284
-2.976
-2.588
-3.388
-3.921
-3.064
-1.588
-1.016
-1.463
-1.74
-1.234
-0.644
-0.912
-1.905
-2.721
-3.05
-3.54
-4.563
-5.494
-5.786
-5.689
-5.727
-6.172
-6.866
-7.238
-6.959
-6.65
-6.925
-7.381
-7.243
-6.471
-5.868
-6.122
-6.952
-7.535
-7.65
-7.839
-8.404
-8.889
-8.855
-8.604
-8.708
-9.087
-9.177
-8.889
-8.767
-9.17
-9.712
-9.747
-9.309
-9.141
-9.638
-10.275
-10.484
-10.491
-10.894
-11.686
-12.414
-12.738
-12.671
-12.561
-12.749
-13.049
-13.065
-12.888
-12.999
-13.471
-13.75
-13.498
-13.004
-12.713
-12.63
-12.26
-11.423
-10.658
-10.538
-10.91
-11.121
-10.979
-11.005
-11.554
-12.257
-12.559
-12.402
-12.253
-12.55
-13.172
-13.575
-13.476
-13.151
-13.018
-13.208
-13.451
-13.435
-13.176
-12.938
-12.929
-13.056
-13.027
-12.736
-12.369
-12.106
-11.901
-11.636
-11.466
-11.591
-11.788
-11.749
-11.584
-11.618
-11.829
-11.797
-11.2
-10.303
-9.586
-9.34
-9.483
-9.658
-9.62
-9.592
-9.885
-10.336
-10.545
-10.486
-10.445
-10.542
-10.738
-10.988
-11.253
-11.466
-11.5
-11.232
-10.767
-10.372
-10.209
-10.066
-9.556
-8.664
-8.002
-7.934
-8.055
-7.811
-7.351
-7.29
-7.719
-8.082
-8.104
-8.168
-8.542
-9.098
-9.586
-9.88
-10.037
-10.246
-10.42
-10.386
-10.164
-10.005
-10.141
-10.572
-11.055
-11.271
-11.289
-11.416
-11.829
-12.19
-12.08
-11.593
-11.339
-11.664
-12.096
-11.986
-11.346
-10.795
-10.722
-10.94
-10.972
-10.688
-10.602
-10.928
-11.223
-11.225
-11.25
-11.529
-11.97
-12.31
-12.416
-12.494
-12.827
-13.416
-13.924
-14.002
-13.784
-13.811
-14.088
-14.041
-13.462
-12.807
-12.607
-12.879
-13.076
-12.818
-12.366
-12.328
-12.754
-12.91
-12.273
-11.498
-11.466
-12.046
-12.389
-12.183
-11.887
-11.908
-12.119
-12.165
-11.827
-11.346
-11.185
-11.334
-11.366
-11.112
-10.864
-10.931
-11.098
-11.039
-10.742
-10.595
-10.795
-10.94
-10.464
-9.49
-8.792
-8.778
-8.948
-8.59
-7.733
-7.088
-7.147
-7.578
-7.714
-7.383
-7.052
-7.113
-7.292
-7.104
-6.392
-5.418
-4.675
-4.425
-4.464
-4.409
-4.227
-4.209
-4.411
-4.423
-4.028
-3.565
-3.388
-3.397
-3.198
-2.703
-2.358
-2.454
-2.59
-2.218
-1.505
-1.018
-0.952
-1.004
-0.748
-0.165
0.349
0.551
0.549
0.623
0.909
1.199
1.347
1.479
1.662
1.896
2.146
2.227
2.188
2.316
2.638
2.896
2.919
2.844
2.935
3.155
3.157
2.862
2.658
2.815
3.157
3.359
3.388
3.618
4.158
4.713
5.017
5.073
5.108
5.278
5.48
5.591
5.691
5.781
5.825
5.906
5.949
5.809
5.593
5.489
5.505
5.559
5.55
5.482
5.575
5.917
6.244
6.264
6.119
6.251
6.772
7.243
7.415
7.444
7.453
7.442
7.431
7.406
7.26
7.006
6.768
6.616
6.485
6.326
6.222
6.22
6.308
6.428
6.326
5.906
5.546
5.53
5.595
5.421
5.051
4.718
4.62
4.761
4.958
5.14
5.33
5.546
5.816
6.054
6.206
6.335
6.432
6.48
6.618
6.877
7.011
6.979
6.916
6.825
6.614
6.335
6.226
6.294
6.246
6.013
5.818
5.77
5.822
5.915
5.981
6.085
6.308
6.51
6.517
6.419
6.419
6.517
6.607
6.841
7.392
7.95
8.052
7.852
7.775
7.868
7.936
7.825
7.594
7.36
7.186
7.079
6.952
6.712
6.537
6.719
7.126
7.437
7.517
7.426
7.315
7.22
7.061
6.816
6.569
6.432
6.392
6.328
6.215
6.287
6.703
7.193
7.374
7.26
7.133
7.016
6.768
6.412
6.049
5.693
5.455
5.409
5.48
5.526
5.48
5.38
5.339
5.437
5.639
5.825
5.884
5.725
5.432
5.228
5.149
5.022
4.702
4.209
3.688
3.341
3.202
3.107
2.898
2.696
2.696
2.804
2.864
2.842
2.808
2.862
2.91
2.817
2.638
2.466
2.218
1.71
1.05
0.482
0.043
-0.41
-0.919
-1.383
-1.689
-1.843
-1.843
-1.803
-1.989
-2.39
-2.769
-2.962
-3.021
-3.195
-3.59
-3.962
-4.133
-4.162
-4.321
-4.777
-5.239
-5.362
-5.287
-5.36
-5.537
-5.598
-5.57
-5.471
-5.169
-4.754
-4.371
-4.044
-3.717
-3.413
-3.252
-3.204
-3.178
-3.214
-3.377
-3.615
-3.79
-3.795
-3.663
-3.604
-3.638
-3.513
-3.048
-2.406
-1.998
-1.896
-1.68
-1.129
-0.524
-0.213
-0.115
0.102
0.496
0.873
1.154
1.386
1.547
1.717
2.041
2.436
2.647
2.647
2.654
2.824
3.028
3.043
2.985
3.121
3.464
3.742
3.804
3.842
4.019
4.216
4.234
4.18
4.323
4.697
5.071
5.241
5.301
5.409
5.607
5.863
6.128
6.224
6.115
6.013
5.983
5.841
5.53
5.188
4.947
4.874
4.788
4.432
3.924
3.54
3.271
2.919
2.475
2.125
2.059
2.128
1.996
1.687
1.465
1.64
2.49
3.574
4.01
3.749
3.379
3.055
2.445
1.313
-0.183
-1.136
-0.755
0.208
0.51
0.222
0.202
0.487
0.542
0.174
-0.331
-0.746
-0.975
-1.041
-1.096
-1.234
-1.277
-0.889
-0.297
-0.106
-0.456
-0.662
-0.449
-0.571
-1.245
-1.49
-0.666
0.63
1.526
1.613
1.243
1.181
1.56
1.617
0.912
0.054
-0.197
0.063
0.256
0.179
0.07
0.097
0.451
1.333
2.422
3.195
3.862
4.731
5.484
5.734
5.693
5.673
5.702
5.911
6.208
6.262
6.262
6.558
6.77
6.593
6.351
6.224
6.013
5.893
6.369
7.417
8.467
9.225
10.014
10.999
11.747
11.992
11.972
11.983
12.144
12.078
11.516
10.915
10.722
10.754
10.638
10.184
9.62
9.333
9.28
9.204
9.177
9.213
9.218
9.34
9.774
10.271
10.379
10.132
9.976
9.928
9.583
9.103
8.995
9.25
9.368
8.993
8.118
7.142
6.593
6.372
6.002
5.503
5.221
5.253
5.446
5.62
5.759
5.931
6.072
6.179
6.39
6.564
6.507
6.308
6.058
5.687
5.221
4.797
4.634
4.645
4.536
4.366
4.575
5.112
5.623
5.886
5.893
5.945
6.28
6.553
6.276
5.818
5.951
6.521
6.748
6.39
5.913
5.777
6.072
6.381
6.22
5.777
5.693
6.258
7.099
7.619
7.733
7.979
8.657
9.324
9.429
9.071
8.846
8.989
9.145
8.991
8.885
9.309
10.182
10.894
10.969
10.772
11.014
11.684
12.103
11.942
11.493
11.264
11.357
11.516
11.604
11.747
12.124
12.836
13.73
14.49
14.909
15.043
15.075
15.079
15.05
15.068
15.27
15.558
15.791
16.016
16.295
16.563
16.769
16.883
16.919
16.803
16.593
16.599
16.931
17.445
18.162
19.065
19.901
20.451
20.738
20.798
20.598
20.221
19.917
19.809
19.704
19.48
19.444
19.836
20.496
21.013
21.143
21.009
20.977
21.129
21.158
20.839
20.376
20.206
20.435
20.743
20.855
20.825
20.773
20.752
20.738
20.675
20.446
20.056
19.684
19.337
18.86
18.314
17.822
17.411
17.173
17.053
16.892
16.602
16.127
15.524
15.039
14.757
14.48
14.24
14.308
14.682
15.104
15.417
15.642
15.712
15.415
14.669
13.662
12.652
11.79
11.019
10.189
9.368
8.832
8.624
8.442
8.077
7.596
7.197
7.063
7.142
7.202
7.165
7.188
7.229
7.032
6.58
6.24
6.24
6.26
5.845
5.017
4.259
3.827
3.502
2.928
2.109
1.436
1.263
1.519
1.794
1.9
2.08
2.595
3.218
3.579
3.595
3.489
3.48
3.579
3.613
3.489
3.384
3.441
3.486
3.216
2.499
1.733
1.363
1.335
1.257
1.105
1.347
2.191
3.059
3.432
3.652
4.342
5.305
5.92
5.999
5.997
6.353
6.943
7.115
6.555
5.677
4.986
4.512
3.958
3.22
2.606
2.404
2.599
2.949
3.137
3.08
3.135
3.574
3.974
3.817
3.327
3.03
2.935
2.613
1.919
1.077
0.24
-0.565
-1.333
-1.958
-2.302
-2.402
-2.49
-2.765
-3.151
-3.357
-3.227
-2.976
-2.81
-2.629
-2.268
-1.765
-1.356
-1.19
-1.177
-1.127
-1.143
-1.535
-2.25
-2.804
-2.873
-2.651
-2.504
-2.54
-2.472
-2.139
-1.85
-2.011
-2.59
-3.137
-3.291
-3.11
-2.96
-2.944
-2.647
-1.907
-1.172
-0.839
-0.823
-0.723
-0.195
0.555
0.966
0.948
0.946
1.372
2.1
2.726
3.032
3.266
3.625
3.937
4.03
3.944
3.728
3.432
3.094
2.733
2.383
2.057
1.714
1.454
1.447
1.708
2.066
2.352
2.522
2.631
2.705
2.778
2.939
3.18
3.477
3.942
4.629
5.466
6.195
6.558
6.51
6.253
6.061
6.043
5.977
5.655
5.201
4.94
4.992
5.219
5.346
5.156
4.806
4.629
4.62
4.42
3.903
3.434
3.352
3.509
3.618
3.634
3.683
3.867
4.044
4.053
3.944
3.82
3.704
3.457
2.804
1.769
0.8
0.197
-0.297
-1.066
-2.005
-2.599
-2.783
-3.05
-3.679
-4.416
-4.874
-4.894
-4.666
-4.606
-4.811
-4.954
-4.754
-4.38
-4.289
-4.514
-4.706
-4.722
-4.751
-5.042
-5.484
-5.716
-5.687
-5.745
-6.179
-6.734
-6.884
-6.487
-6.131
-6.346
-6.861
-6.925
-6.303
-5.575
-5.333
-5.416
-5.266
-4.652
-3.865
-3.319
-3.173
-3.066
-2.443
-1.363
-0.469
-0.073
0.131
0.567
1.199
1.68
1.859
1.914
2.027
2.216
2.322
2.152
1.753
1.395
1.199
1.199
1.431
1.828
2.204
2.549
2.912
3.413
4.051
4.581
4.811
4.843
4.933
5.151
5.328
5.285
5.087
4.947
4.915
4.795
4.366
3.776
3.445
3.577
3.876
3.931
3.697
3.604
3.983
4.602
4.956
4.892
4.802
5.033
5.385
5.414
5.008
4.496
4.232
4.167
3.889
3.202
2.456
2.157
2.125
1.898
1.617
1.642
1.928
2.372
2.924
3.316
3.336
3.216
3.218
3.132
2.71
2.225
1.862
1.404
0.73
0.077
-0.358
-0.623
-0.88
-1.234
-1.515
-1.483
-1.177
-0.946
-1.125
-1.515
-1.701
-1.76
-2.064
-2.486
-2.672
-2.674
-2.744
-2.942
-3.155
-3.491
-4.037
-4.597
-4.967
-5.085
-4.917
-4.606
-4.339
-4.257
-4.282
-4.207
-3.983
-3.901
-4.123
-4.471
-4.718
-4.815
-4.983
-5.455
-6.101
-6.549
-6.673
-6.786
-7.117
-7.408
-7.41
-7.292
-7.26
-7.247
-7.027
-6.46
-5.684
-5.083
-4.89
-4.965
-4.979
-4.767
-4.475
-4.407
-4.496
-4.48
-4.291
-4.089
-4.094
-4.355
-4.547
-4.335
-3.849
-3.516
-3.406
-3.175
-2.685
-2.227
-2.066
-2.184
-2.466
-2.735
-2.91
-2.949
-2.731
-2.163
-1.438
-0.859
-0.608
-0.694
-0.925
-1.052
-1.093
-1.096
-1.013
-0.73
-0.281
0.027
-0.156
-0.787
-1.386
-1.626
-1.721
-1.926
-2.093
-1.975
-1.646
-1.372
-1.165
-0.982
-0.852
-0.832
-0.909
-1.089
-1.335
-1.533
-1.622
-1.682
-1.794
-1.805
-1.456
-0.905
-0.524
-0.496
-0.59
-0.328
0.397
1.075
1.252
1.252
1.633
2.245
2.415
1.878
1.161
0.916
1.152
1.449
1.544
1.531
1.737
2.238
2.717
2.894
2.86
2.894
3.195
3.699
4.18
4.613
5.076
5.491
5.661
5.537
5.36
5.439
5.729
5.891
5.77
5.573
5.682
6.149
6.544
6.507
6.317
6.457
6.884
7.252
7.492
7.809
8.193
8.531
8.765
8.758
8.533
8.397
8.519
8.648
8.512
8.266
8.367
8.85
9.236
9.211
9.118
9.486
10.259
10.942
11.255
11.307
11.407
11.634
11.695
11.389
10.935
10.643
10.502
10.327
10.073
9.819
9.638
9.477
9.368
9.477
9.797
10.05
10.078
10.041
10.066
10.069
9.892
9.501
9.052
8.776
8.751
8.762
8.515
8.089
7.889
8
8.133
8.043
7.773
7.562
7.567
7.63
7.551
7.419
7.485
7.775
7.986
7.735
7.113
6.503
6.02
5.443
4.742
4.243
4.205
4.471
4.713
4.836
5.001
5.382
5.933
6.437
6.689
6.766
6.875
6.968
6.909
6.605
6.088
5.516
5.073
4.664
4.021
3.162
2.504
2.343
2.447
2.452
2.349
2.547
3.155
3.713
3.856
3.84
4.004
4.225
4.225
4.012
3.774
3.545
3.232
2.794
2.25
1.705
1.358
1.406
1.733
1.962
1.907
1.834
2.059
2.429
2.576
2.415
2.266
2.252
2.209
2.057
1.903
1.885
1.989
2.036
1.873
1.567
1.358
1.34
1.374
1.338
1.252
1.231
1.427
1.79
2.027
1.828
1.25
0.78
0.762
0.896
0.65
0.018
-0.422
-0.328
-0.135
-0.249
-0.44
-0.399
-0.181
0.004
0.106
0.14
0.12
0.068
-0.011
-0.156
-0.383
-0.621
-0.875
-1.225
-1.644
-2
-2.159
-2.107
-2.009
-2.009
-2.002
-1.846
-1.624
-1.501
-1.531
-1.599
-1.494
-1.286
-1.259
-1.447
-1.565
-1.556
-1.628
-1.85
-2.123
-2.374
-2.643
-2.889
-3.112
-3.271
-3.368
-3.454
-3.577
-3.71
-3.833
-3.887
-3.889
-3.953
-4.155
-4.561
-5.083
-5.528
-5.859
-6.237
-6.675
-7.045
-7.238
-7.188
-6.94
-6.725
-6.664
-6.63
-6.512
-6.378
-6.439
-6.737
-7.066
-7.328
-7.542
-7.784
-8.066
-8.34
-8.544
-8.735
-9.078
-9.586
-10
-10.144
-10.227
-10.427
-10.563
-10.4
-9.942
-9.452
-9.223
-9.2
-9.08
-8.821
-8.617
-8.676
-9.014
-9.384
-9.519
-9.438
-9.413
-9.638
-10
-10.193
-10.091
-9.869
-9.797
-9.946
-10.059
-9.926
-9.662
-9.515
-9.592
-9.806
-9.894
-9.855
-9.91
-10.11
-10.35
-10.57
-10.717
-10.855
-11.096
-11.326
-11.432
-11.525
-11.675
-11.84
-11.922
-11.793
-11.496
-11.289
-11.337
-11.482
-11.489
-11.379
-11.402
-11.652
-11.908
-11.89
-11.613
-11.341
-11.269
-11.273
-11.162
-10.94
-10.779
-10.82
-11.087
-11.262
-11.207
-11.223
-11.595
-12.167
-12.523
-12.491
-12.319
-12.292
-12.393
-12.296
-11.867
-11.393
-11.171
-11.146
-10.94
-10.393
-9.774
-9.397
-9.132
-8.74
-8.204
-7.733
-7.524
-7.565
-7.596
-7.476
-7.476
-7.795
-8.22
-8.411
-8.31
-8.133
-8.052
-7.95
-7.596
-7.029
-6.501
-6.147
-5.809
-5.342
-4.722
-4.076
-3.563
-3.257
-3.148
-3.148
-3.169
-3.18
-3.277
-3.448
-3.561
-3.574
-3.542
-3.425
-3.227
-3.037
-2.797
-2.411
-1.969
-1.579
-1.225
-0.939
-0.758
-0.619
-0.44
-0.245
-0.167
-0.249
-0.365
-0.376
-0.308
-0.229
-0.113
0.1
0.426
0.82
1.243
1.585
1.796
1.942
2.046
2.225
2.47
2.595
2.47
2.25
2.105
2.011
1.916
1.83
1.859
2.034
2.177
2.071
1.781
1.608
1.682
1.803
1.79
1.708
1.726
1.817
1.803
1.626
1.487
1.569
1.742
1.803
1.637
1.243
0.882
0.848
0.95
0.771
0.395
0.365
0.914
1.569
1.68
1.22
0.687
0.344
-0.025
-0.608
-1.252
-1.624
-1.567
-1.358
-1.236
-1.007
-0.537
-0.195
-0.299
-0.562
-0.482
-0.041
0.259
0.147
-0.14
-0.401
-0.56
-0.574
-0.744
-1.279
-1.803
-1.88
-1.631
-1.472
-1.542
-1.599
-1.433
-1.029
-0.537
-0.179
0.009
0.188
0.267
0.195
0.195
0.335
0.435
0.399
0.27
0.195
0.312
0.456
0.526
0.63
0.9
1.351
1.76
1.919
1.987
2.119
2.197
2.184
2.134
2.057
1.993
1.939
1.85
1.721
1.528
1.259
0.925
0.601
0.294
-0.156
-0.569
-0.585
-0.331
-0.227
-0.36
-0.467
-0.213
0.358
0.787
0.805
0.714
0.955
1.499
1.814
1.692
1.531
1.592
1.66
1.467
0.993
0.524
0.285
0.12
-0.263
-0.946
-1.841
-2.705
-3.368
-3.933
-4.407
-4.729
-4.802
-4.668
-4.618
-4.74
-4.806
-4.65
-4.375
-4.218
-4.328
-4.525
-4.661
-4.815
-5.076
-5.317
-5.394
-5.411
-5.625
-6.018
-6.376
-6.761
-7.222
-7.558
-7.726
-7.873
-8.091
-8.451
-8.989
-9.535
-9.864
-9.956
-9.946
-9.905
-9.801
-9.708
-9.722
-9.839
-9.994
-10.048
-9.885
-9.588
-9.306
-9.05
-8.749
-8.283
-7.669
-7.063
-6.492
-5.902
-5.346
-4.96
-4.783
-4.777
-4.809
-4.747
-4.682
-4.827
-5.038
-4.963
-4.588
-4.264
-4.16
-4.146
-4.08
-3.845
-3.475
-3.069
-2.613
-2.125
-1.721
-1.456
-1.181
-0.816
-0.383
0.043
0.374
0.542
0.549
0.546
0.755
1.102
1.25
1.236
1.456
1.894
2.17
2.08
1.781
1.547
1.517
1.579
1.549
1.376
1.154
0.984
0.73
0.31
-0.126
-0.44
-0.778
-1.227
-1.628
-1.848
-1.912
-1.855
-1.622
-1.286
-0.968
-0.716
-0.555
-0.485
-0.408
-0.195
0.025
-0.009
-0.351
-0.791
-1.284
-1.857
-2.336
-2.495
-2.468
-2.493
-2.57
-2.681
-2.831
-3.048
-3.363
-3.726
-4.021
-4.13
-4.153
-4.366
-4.679
-4.675
-4.393
-4.305
-4.565
-4.845
-4.89
-4.915
-5.192
-5.568
-5.693
-5.43
-5.058
-4.924
-5.026
-4.999
-4.7
-4.404
-4.5
-4.967
-5.351
-5.369
-5.36
-5.777
-6.544
-7.117
-7.129
-6.925
-7.129
-7.664
-7.818
-7.265
-6.503
-6.124
-5.979
-5.664
-5.232
-5.049
-5.253
-5.559
-5.627
-5.491
-5.51
-5.745
-5.942
-5.87
-5.716
-5.843
-6.211
-6.385
-6.16
-5.747
-5.398
-5.206
-5.099
-4.901
-4.606
-4.496
-4.645
-4.774
-4.704
-4.586
-4.652
-4.885
-5.053
-5.06
-5.099
-5.396
-5.795
-5.902
-5.709
-5.62
-5.873
-6.115
-5.852
-5.235
-4.935
-5.131
-5.307
-5.165
-5.017
-5.201
-5.539
-5.643
-5.43
-5.105
-4.838
-4.688
-4.675
-4.777
-4.963
-5.232
-5.5
-5.687
-5.884
-6.179
-6.503
-6.795
-7.149
-7.648
-8.193
-8.703
-9.156
-9.49
-9.644
-9.724
-9.779
-9.747
-9.501
-9.134
-8.837
-8.689
-8.644
-8.569
-8.393
-8.19
-8.232
-8.553
-8.939
-9.232
-9.531
-9.958
-10.466
-10.983
-11.366
-11.563
-11.733
-12.074
-12.498
-12.795
-12.972
-13.176
-13.38
-13.476
-13.444
-13.38
-13.312
-13.17
-12.999
-12.984
-13.101
-13.299
-13.614
-13.873
-13.875
-13.736
-13.648
-13.521
-13.206
-12.804
-12.525
-12.482
-12.655
-12.832
-12.881
-12.988
-13.446
-14.174
-14.735
-14.887
-14.912
-15.095
-15.338
-15.363
-15.154
-14.979
-15.03
-15.129
-14.952
-14.505
-14.138
-14.059
-14.043
-13.795
-13.385
-13.056
-12.881
-12.673
-12.253
-11.802
-11.572
-11.584
-11.62
-11.556
-11.425
-11.294
-11.173
-11.023
-10.731
-10.334
-10.053
-9.921
-9.841
-9.781
-9.781
-9.887
-10.135
-10.404
-10.536
-10.6
-10.729
-10.792
-10.577
-10.121
-9.611
-9.105
-8.588
-8.111
-7.76
-7.546
-7.349
-7.09
-6.75
-6.403
-6.085
-5.756
-5.432
-5.326
-5.512
-5.689
-5.677
-5.659
-5.786
-6.006
-6.374
-6.938
-7.404
-7.46
-7.433
-7.8
-8.402
-8.708
-8.635
-8.463
-8.494
-8.694
-8.721
-8.326
-7.721
-7.306
-7.05
-6.768
-6.473
-6.165
-5.687
-5.094
-4.91
-5.373
-6.013
-6.326
-6.611
-7.312
-8.2
-8.921
-9.431
-9.747
-9.978
-10.493
-11.269
-11.788
-11.938
-12.08
-12.333
-12.539
-12.675
-12.797
-12.775
-12.554
-12.402
-12.414
-12.294
-12.055
-12.083
-12.255
-12.163
-11.869
-11.629
-11.468
-11.398
-11.368
-11.248
-11.142
-11.312
-11.679
-11.818
-11.65
-11.648
-11.988
-12.375
-12.625
-12.836
-13.108
-13.365
-13.444
-13.226
-12.756
-12.246
-11.892
-11.629
-11.167
-10.423
-9.699
-9.329
-9.197
-8.939
-8.42
-7.896
-7.619
-7.444
-7.07
-6.492
-5.961
-5.693
-5.734
-5.859
-5.72
-5.206
-4.597
-4.243
-4.024
-3.529
-2.769
-2.204
-2.087
-2.179
-2.098
-1.705
-1.257
-1.091
-1.111
-0.85
-0.197
0.424
0.524
0.115
-0.319
-0.252
0.447
1.227
1.544
1.975
3.529
5.723
6.784
5.993
4.652
4.321
4.749
4.516
3.162
1.792
1.749
3.105
4.359
4.092
2.804
2.207
2.708
2.985
2.091
0.827
0.682
1.928
3.445
3.931
3.448
3.363
4.262
4.976
4.434
3.352
3.186
4.087
4.856
4.751
4.23
4.064
4.411
4.758
4.516
3.976
4.001
4.572
4.892
4.629
4.183
3.985
3.889
3.48
2.837
2.49
2.717
3.214
3.457
3.384
3.48
4.021
4.561
4.384
3.586
3.148
3.679
4.45
4.523
4.151
4.243
4.818
4.91
4.151
3.241
2.971
3.189
3.202
2.91
2.996
3.806
4.715
4.938
4.436
3.815
3.609
3.742
3.686
3.184
2.705
2.871
3.473
3.634
3.064
2.381
2.259
2.615
2.86
2.756
2.924
3.876
5.089
5.611
5.294
4.947
5.174
5.535
5.364
4.745
4.42
4.915
5.866
6.426
6.353
6.144
6.246
6.675
7.106
7.227
7.195
7.462
8.061
8.599
8.805
8.683
8.333
7.941
7.562
7.149
6.843
6.836
6.961
6.889
6.641
6.514
6.641
6.793
6.764
6.743
7.038
7.546
8.011
8.42
8.857
9.234
9.322
9.121
8.944
8.935
8.864
8.567
8.236
8.052
7.954
7.848
7.581
7
6.319
5.818
5.373
4.843
4.432
4.31
4.395
4.527
4.545
4.5
4.611
4.928
5.16
4.976
4.604
4.609
5.105
5.466
5.228
4.745
4.622
4.84
4.935
4.722
4.42
4.278
4.2
3.854
3.148
2.309
1.517
0.767
0.047
-0.553
-0.907
-0.948
-0.796
-0.71
-0.8
-0.932
-0.85
-0.51
-0.326
-0.597
-1.004
-1.048
-0.719
-0.417
-0.426
-0.599
-0.637
-0.56
-0.707
-1.245
-1.907
-2.354
-2.651
-2.946
-3.225
-3.45
-3.742
-4.155
-4.55
-4.831
-5.083
-5.385
-5.641
-5.7
-5.625
-5.582
-5.532
-5.287
-4.818
-4.346
-4.039
-3.781
-3.418
-2.953
-2.468
-2.116
-2.052
-2.17
-2.179
-2.077
-2.007
-2.103
-2.34
-2.54
-2.445
-2.098
-1.971
-2.211
-2.393
-2.157
-1.839
-1.85
-1.932
-1.66
-1.156
-0.68
-0.224
0.27
0.798
1.347
1.928
2.508
2.924
3.003
2.898
2.996
3.386
3.744
3.817
3.659
3.461
3.384
3.434
3.42
3.271
3.114
3.164
3.545
4.176
4.799
5.235
5.512
5.829
6.269
6.567
6.503
6.235
6.02
5.825
5.51
5.142
4.838
4.609
4.335
3.94
3.579
3.518
3.744
3.933
3.944
3.994
4.2
4.42
4.482
4.4
4.273
4.092
3.84
3.545
3.223
2.857
2.436
2.011
1.588
1.098
0.673
0.449
0.34
0.218
0.009
-0.197
-0.238
-0.17
-0.192
-0.288
-0.285
-0.158
-0.066
-0.097
-0.224
-0.342
-0.385
-0.381
-0.399
-0.551
-0.825
-1.048
-1.222
-1.521
-1.834
-1.843
-1.655
-1.68
-1.969
-2.195
-2.197
-2.134
-2.193
-2.39
-2.565
-2.493
-2.064
-1.379
-0.748
-0.372
-0.05
0.438
1.038
1.535
1.83
2.071
2.415
2.781
2.887
2.733
2.696
2.998
3.327
3.359
3.3
3.565
4.121
4.57
4.711
4.74
4.942
5.351
5.775
5.967
5.963
6.099
6.517
6.947
7.163
7.238
7.424
7.839
8.372
8.787
9.009
9.306
9.905
10.676
11.266
11.507
11.572
11.729
11.951
12.087
12.062
12.06
12.28
12.586
12.646
12.455
12.33
12.33
12.205
11.885
11.593
11.514
11.402
11.037
10.59
10.345
10.264
10.11
9.772
9.333
9.025
8.914
8.846
8.701
8.544
8.485
8.549
8.719
8.953
9.084
9.032
9.048
9.257
9.356
9.103
8.685
8.297
7.762
6.934
6.108
5.568
5.221
4.865
4.382
3.871
3.527
3.393
3.332
3.289
3.266
3.255
3.25
3.3
3.468
3.706
3.763
3.631
3.699
4.232
4.883
5.181
5.192
5.303
5.664
6.063
6.321
6.414
6.437
6.489
6.469
6.276
5.977
5.616
5.273
5.069
4.976
4.781
4.514
4.545
4.919
5.194
5.215
5.389
5.891
6.353
6.58
6.77
7.138
7.605
8.011
8.29
8.544
8.973
9.549
10.009
10.345
10.862
11.636
12.262
12.475
12.441
12.418
12.378
12.183
11.894
11.69
11.577
11.502
11.443
11.278
10.965
10.799
11.046
11.527
11.947
12.391
13.188
14.242
15.143
15.782
16.456
17.338
18.139
18.33
17.772
17.044
16.808
17.044
17.214
17.182
17.395
18.067
18.784
19.092
18.979
18.67
18.402
18.336
18.482
18.77
19.153
19.668
20.126
20.265
20.147
20.097
20.165
20
19.491
19.033
19.026
19.269
19.357
19.276
19.244
19.296
19.305
19.185
18.997
18.888
18.874
18.813
18.639
18.434
18.269
18.089
17.79
17.418
17.157
17.037
16.844
16.488
16.136
15.848
15.621
15.438
15.213
14.977
14.966
15.259
15.456
15.039
13.714
11.954
10.972
11.032
10.864
9.971
9.942
11.881
13.97
13.405
10.613
8.903
9.538
9.962
7.905
4.795
3.498
4.718
6.696
7.451
6.743
6.197
6.949
7.961
7.612
5.963
4.43
4.273
5.212
5.573
4.697
4.017
4.561
5.142
4.153
2.204
1.397
2.121
2.49
1.547
0.859
1.814
3.422
3.86
2.983
2.325
2.86
3.783
3.797
2.949
2.479
3.107
3.976
3.795
2.638
1.862
2.261
3.171
3.781
4.339
5.342
6.403
6.716
6.04
4.836
4.012
4.196
4.802
4.697
4.153
4.514
5.902
6.734
5.956
4.664
4.411
4.997
4.99
3.997
3.175
3.65
5.108
6.206
6.331
6.229
6.523
6.807
6.544
5.832
5.203
5.013
5.142
5.273
5.174
4.885
4.686
4.565
4.024
2.912
1.955
1.859
2.155
1.839
0.9
0.252
0.349
0.732
0.644
-0.052
-0.581
-0.319
0.252
0.426
0.363
0.644
1.105
1.116
0.664
0.279
0.224
0.236
0.14
0.113
0.265
0.401
0.312
-0.05
-0.712
-1.424
-1.724
-1.487
-1.107
-1.107
-1.519
-1.742
-1.472
-1.259
-1.579
-2.023
-1.885
-1.116
-0.449
-0.367
-0.351
0.174
0.773
0.776
0.34
0.147
0.374
0.508
0.243
-0.061
0.043
0.501
0.923
1.068
0.961
0.748
0.567
0.46
0.274
0.002
-0.045
0.399
1.109
1.567
1.651
1.801
2.322
2.781
2.719
2.386
2.329
2.604
2.788
2.615
2.266
2.236
2.685
3.236
3.677
4.23
5.006
5.604
5.661
5.362
5.047
4.729
4.339
4.078
4.035
3.951
3.695
3.47
3.395
3.23
2.765
2.128
1.49
0.825
0.129
-0.435
-0.698
-0.698
-0.496
-0.124
0.319
0.585
0.347
-0.376
-1.145
-1.608
-1.989
-2.542
-2.994
-2.955
-2.66
-2.763
-3.339
-3.82
-3.921
-4.051
-4.423
-4.704
-4.693
-4.543
-4.475
-4.552
-4.616
-4.554
-4.455
-4.386
-4.395
-4.609
-5.006
-5.326
-5.482
-5.668
-6.011
-6.264
-6.147
-5.797
-5.491
-5.188
-4.606
-3.731
-2.844
-2.195
-1.749
-1.458
-1.411
-1.664
-2.043
-2.087
-1.606
-0.909
-0.281
0.199
0.469
0.464
0.222
-0.165
-0.621
-1.084
-1.422
-1.399
-1.102
-0.95
-0.868
-0.476
0.188
0.728
0.959
1.002
1.149
1.671
2.284
2.56
2.513
2.554
2.763
2.882
2.831
2.747
2.638
2.535
2.638
2.806
2.683
2.222
1.74
1.461
1.19
0.811
0.735
1.161
1.658
2.007
2.336
2.651
2.951
3.193
3.169
2.839
2.599
2.804
3.434
4.089
4.448
4.448
4.225
3.94
3.583
3.014
2.345
1.971
2.143
2.726
3.195
3.139
2.676
2.254
2.048
1.846
1.306
0.51
-0.059
-0.165
-0.077
-0.052
-0.199
-0.476
-0.744
-0.948
-1.127
-1.34
-1.521
-1.436
-1.07
-0.696
-0.46
-0.301
-0.154
-0.045
-0.202
-0.705
-1.206
-1.279
-1.152
-1.395
-2.123
-2.857
-3.227
-3.339
-3.377
-3.572
-3.951
-4.165
-3.999
-3.756
-3.799
-4.162
-4.561
-4.72
-4.634
-4.487
-4.464
-4.459
-4.178
-3.554
-3.003
-2.815
-2.813
-2.699
-2.418
-2.161
-1.939
-1.692
-1.494
-1.36
-1.186
-1.036
-1.038
-1.231
-1.696
-2.347
-2.848
-2.933
-2.701
-2.365
-2.036
-1.651
-1.222
-0.955
-0.873
-0.914
-1.032
-1.086
-0.959
-0.726
-0.433
-0.073
0.31
0.612
0.782
0.884
0.893
0.773
0.659
0.614
0.562
0.56
0.641
0.637
0.528
0.526
0.78
1.102
1.241
1.204
1.186
1.181
1.07
0.8
0.288
-0.471
-1.165
-1.533
-1.649
-1.631
-1.452
-1.068
-0.569
0.047
0.637
0.986
1.086
1.172
1.367
1.551
1.671
1.79
1.928
2.048
2.096
1.928
1.531
1.179
1.098
1.08
0.884
0.646
0.687
1.225
2.011
2.64
2.969
3.191
3.629
4.326
4.983
5.241
5.206
5.215
5.36
5.446
5.411
5.369
5.355
5.405
5.555
5.723
5.863
6.144
6.564
6.85
6.972
7.206
7.567
7.793
7.805
7.728
7.653
7.56
7.453
7.278
7.117
7.215
7.565
7.873
8.084
8.301
8.588
8.869
9.143
9.363
9.443
9.322
9.1
9.05
9.245
9.416
9.356
9.204
9.075
8.946
8.846
8.846
8.975
9.315
9.867
10.473
11.032
11.4
11.43
11.196
10.931
10.747
10.477
9.998
9.526
9.315
9.202
8.885
8.429
8.118
8.025
7.963
7.778
7.603
7.598
7.696
7.821
7.961
8.202
8.476
8.608
8.538
8.418
8.292
8.089
7.859
7.71
7.485
7.027
6.476
6.094
5.854
5.627
5.407
5.206
5.029
4.942
4.949
4.894
4.702
4.475
4.298
4.23
4.344
4.441
4.411
4.487
4.868
5.278
5.344
5.092
4.802
4.575
4.316
4.026
3.829
3.744
3.717
3.62
3.411
3.211
3.135
3.146
3.1
3.057
3.155
3.361
3.629
3.967
4.384
4.906
5.376
5.528
5.305
4.859
4.675
5.078
5.591
5.579
5.19
4.972
4.91
4.307
2.93
1.692
1.32
1.134
0.464
-0.149
-0.14
0.39
1.141
1.783
2.036
1.937
1.921
2.358
2.763
2.266
1.342
1.429
2.504
3.209
2.86
1.946
1.347
1.427
1.461
0.533
-0.977
-1.678
-1.057
-0.17
0.015
-0.126
0.097
0.694
1.08
0.782
-0.079
-0.721
-0.669
-0.54
-1.123
-2.02
-2.168
-1.51
-1.061
-1.388
-1.866
-1.617
-0.56
0.583
0.875
0.211
-0.252
0.245
0.839
0.447
-0.628
-1.363
-1.528
-1.737
-2.291
-2.828
-3.012
-2.939
-2.822
-2.88
-3.184
-3.352
-3.082
-2.726
-2.581
-2.429
-2.068
-1.617
-1.34
-1.461
-1.81
-1.996
-2.007
-2.195
-2.696
-3.198
-3.312
-3.166
-3.209
-3.572
-4.001
-4.432
-5.044
-5.797
-6.517
-6.97
-6.995
-6.818
-6.71
-6.535
-6.206
-6.024
-6.179
-6.487
-6.655
-6.616
-6.528
-6.528
-6.58
-6.625
-6.728
-7.038
-7.691
-8.569
-9.218
-9.368
-9.368
-9.751
-10.37
-10.606
-10.341
-10.046
-9.956
-9.93
-9.779
-9.49
-9.304
-9.311
-9.37
-9.363
-9.388
-9.618
-10.014
-10.287
-10.359
-10.568
-11.005
-11.278
-11.071
-10.54
-10.13
-10.096
-10.117
-9.806
-9.338
-9.275
-9.763
-10.278
-10.354
-10.23
-10.54
-11.364
-12.031
-11.979
-11.511
-11.357
-11.708
-11.938
-11.498
-10.838
-10.69
-11.021
-11.151
-10.713
-10.153
-10.139
-10.652
-11.073
-11.001
-10.685
-10.618
-10.903
-11.069
-10.883
-10.79
-11.137
-11.72
-12.096
-12.128
-12.14
-12.351
-12.561
-12.512
-12.094
-11.523
-11.202
-11.196
-11.057
-10.477
-9.855
-9.733
-10.089
-10.379
-10.341
-10.236
-10.347
-10.652
-10.915
-10.86
-10.568
-10.413
-10.533
-10.717
-10.703
-10.464
-10.225
-10.202
-10.255
-10.053
-9.488
-8.818
-8.347
-8.102
-7.825
-7.356
-6.857
-6.553
-6.539
-6.664
-6.576
-6.213
-5.977
-6.079
-6.31
-6.455
-6.523
-6.682
-7.011
-7.281
-7.256
-6.945
-6.544
-6.147
-5.677
-5.071
-4.468
-4.051
-3.788
-3.445
-2.901
-2.248
-1.765
-1.521
-1.374
-1.149
-0.834
-0.65
-0.796
-1.161
-1.443
-1.583
-1.794
-2.123
-2.338
-2.291
-2.163
-2.146
-2.134
-1.85
-1.259
-0.664
-0.231
0.274
1.057
1.857
2.309
2.388
2.372
2.436
2.459
2.291
1.969
1.669
1.528
1.547
1.597
1.56
1.454
1.322
1.199
1.211
1.467
1.781
2.005
2.236
2.456
2.493
2.365
2.32
2.395
2.34
2.009
1.673
1.572
1.585
1.508
1.295
1.118
1.197
1.485
1.771
1.946
2.057
2.172
2.241
2.273
2.345
2.363
2.146
1.701
1.161
0.637
0.151
-0.374
-0.852
-1.066
-0.97
-0.746
-0.648
-0.791
-0.982
-0.964
-0.751
-0.542
-0.503
-0.65
-0.773
-0.742
-0.755
-1.032
-1.458
-1.735
-1.796
-1.817
-1.928
-1.993
-1.821
-1.481
-1.288
-1.356
-1.411
-1.247
-0.995
-0.846
-0.823
-0.721
-0.438
-0.276
-0.438
-0.739
-1
-1.236
-1.472
-1.651
-1.808
-1.955
-1.971
-1.758
-1.501
-1.329
-1.073
-0.592
-0.077
0.222
0.254
0.19
0.281
0.433
0.426
0.27
0.129
0.082
-0.018
-0.279
-0.61
-0.884
-1.086
-1.247
-1.29
-1.145
-0.832
-0.494
-0.351
-0.365
-0.315
-0.199
-0.174
-0.229
-0.27
-0.321
-0.399
-0.46
-0.521
-0.61
-0.65
-0.544
-0.383
-0.347
-0.433
-0.435
-0.29
-0.151
-0.245
-0.621
-0.928
-0.791
-0.451
-0.456
-0.898
-1.418
-1.781
-2.193
-2.822
-3.418
-3.797
-4.103
-4.416
-4.675
-4.827
-4.793
-4.565
-4.339
-4.382
-4.666
-4.818
-4.704
-4.648
-4.935
-5.416
-5.825
-6.172
-6.607
-7.238
-7.952
-8.494
-8.789
-8.991
-9.27
-9.604
-9.841
-9.889
-9.864
-9.83
-9.602
-9.116
-8.653
-8.429
-8.225
-7.764
-7.154
-6.82
-6.927
-7.133
-7.095
-6.925
-7.099
-7.676
-8.068
-7.88
-7.444
-7.281
-7.417
-7.446
-7.243
-7.034
-6.884
-6.605
-6.112
-5.482
-4.847
-4.409
-4.114
-3.677
-3.08
-2.651
-2.588
-2.613
-2.406
-1.993
-1.655
-1.628
-1.781
-1.631
-1.195
-1.027
-1.367
-1.742
-1.658
-1.293
-1.107
-1.209
-1.254
-0.896
-0.29
0.073
0.111
0.274
0.748
1.19
1.206
0.862
0.61
0.721
0.925
0.839
0.42
-0.075
-0.365
-0.542
-0.935
-1.563
-2.034
-2.046
-1.878
-2.048
-2.613
-3.062
-3.059
-2.846
-2.804
-2.869
-2.701
-2.329
-2.055
-1.953
-1.859
-1.767
-1.843
-2.096
-2.309
-2.402
-2.608
-3.037
-3.473
-3.786
-4.066
-4.425
-4.892
-5.373
-5.636
-5.62
-5.57
-5.709
-5.902
-5.848
-5.541
-5.226
-4.99
-4.783
-4.543
-4.319
-4.25
-4.395
-4.532
-4.42
-4.153
-4.108
-4.489
-4.947
-5.06
-5.006
-5.314
-5.99
-6.428
-6.301
-5.956
-5.963
-6.299
-6.367
-5.859
-5.126
-4.691
-4.65
-4.825
-5.067
-5.197
-4.951
-4.332
-3.631
-3.18
-3.135
-3.173
-2.851
-2.352
-2.611
-4.053
-5.639
-5.983
-5.165
-4.575
-4.859
-5.197
-4.668
-3.495
-2.533
-2.243
-2.336
-2.034
-1.059
-0.245
-0.508
-1.508
-2.245
-2.535
-3.073
-4.307
-5.822
-6.818
-6.97
-6.719
-6.75
-7.054
-6.979
-6.392
-5.922
-5.958
-6.018
-5.51
-4.684
-4.203
-4.262
-4.547
-4.802
-5.089
-5.641
-6.533
-7.406
-7.857
-8
-8.31
-8.74
-8.73
-8.245
-7.889
-8.071
-8.535
-8.803
-8.678
-8.44
-8.599
-9.324
-10.218
-10.681
-10.733
-11.023
-11.765
-12.349
-12.428
-12.402
-12.636
-12.752
-12.142
-11.035
-10.332
-10.388
-10.574
-10.227
-9.535
-9.232
-9.529
-9.857
-9.794
-9.519
-9.494
-9.987
-10.919
-11.897
-12.646
-13.285
-13.997
-14.569
-14.589
-14.034
-13.462
-13.389
-13.571
-13.365
-12.781
-12.614
-13.165
-13.596
-13.083
-12.006
-11.375
-11.455
-11.668
-11.588
-11.473
-11.786
-12.55
-13.142
-13.087
-12.671
-12.51
-12.709
-12.754
-12.38
-11.899
-11.715
-11.82
-11.852
-11.597
-11.248
-11.178
-11.6
-12.371
-13.113
-13.675
-14.238
-14.885
-15.367
-15.522
-15.579
-15.594
-15.281
-14.535
-13.71
-13.126
-12.747
-12.351
-11.77
-11.083
-10.618
-10.484
-10.397
-10.117
-9.744
-9.633
-9.912
-10.404
-10.758
-10.885
-11.164
-11.809
-12.425
-12.521
-12.142
-11.827
-11.956
-12.298
-12.305
-11.809
-11.314
-11.359
-11.765
-11.661
-10.826
-10.291
-10.658
-11.003
-10.504
-9.627
-9.186
-9.22
-9.239
-8.717
-7.71
-6.984
-7.188
-7.907
-8.181
-7.921
-7.903
-8.487
-9.234
-9.747
-9.899
-9.781
-9.731
-9.989
-10.296
-10.298
-10.175
-10.257
-10.359
-10.177
-9.885
-9.744
-9.615
-9.386
-9.179
-9.116
-9.156
-9.338
-9.633
-9.844
-9.937
-10.144
-10.484
-10.731
-10.831
-10.842
-10.69
-10.37
-10.059
-9.876
-9.885
-10.128
-10.504
-10.811
-11.017
-11.264
-11.699
-12.237
-12.659
-12.852
-12.938
-13.122
-13.444
-13.773
-13.898
-13.625
-13.099
-12.747
-12.691
-12.598
-12.221
-11.804
-11.711
-11.867
-11.878
-11.618
-11.35
-11.25
-11.355
-11.568
-11.695
-11.643
-11.641
-11.752
-11.779
-11.6
-11.169
-10.418
-9.533
-8.894
-8.66
-8.637
-8.601
-8.628
-8.846
-9.027
-8.942
-8.71
-8.433
-8.004
-7.485
-7.095
-6.871
-6.607
-6.204
-5.775
-5.335
-4.711
-3.956
-3.345
-2.815
-2.252
-1.935
-1.966
-2.155
-2.356
-2.533
-2.544
-2.381
-2.282
-2.327
-2.3
-2.02
-1.692
-1.517
-1.427
-1.25
-0.85
-0.142
0.802
1.735
2.338
2.506
2.415
2.291
2.107
1.9
1.68
1.433
1.379
1.662
2.009
2.252
2.64
3.273
3.829
4.165
4.491
4.888
5.289
5.677
6.027
6.151
6.004
5.804
5.643
5.355
4.852
4.342
4.085
4.062
4.223
4.509
4.684
4.697
4.906
5.382
5.723
5.822
6.029
6.487
6.979
7.283
7.294
6.94
6.34
5.834
5.629
5.559
5.376
5.156
5.147
5.503
6.097
6.51
6.423
6.19
6.401
6.922
7.154
6.929
6.698
6.707
6.75
6.65
6.394
5.922
5.355
4.97
4.77
4.547
4.339
4.335
4.536
4.684
4.579
4.473
4.682
5.094
5.362
5.355
5.264
5.337
5.455
5.203
4.616
4.223
4.255
4.468
4.572
4.547
4.591
4.854
5.257
5.526
5.385
4.97
4.733
4.799
4.942
5.029
5.049
5.044
5.174
5.414
5.548
5.579
5.643
5.732
5.777
5.836
6.074
6.498
6.866
6.911
6.643
6.365
6.346
6.501
6.528
6.356
6.287
6.498
6.786
6.995
7.177
7.296
7.29
7.287
7.446
7.698
7.928
8.188
8.517
8.762
8.785
8.657
8.411
8.013
7.592
7.347
7.247
7.113
6.868
6.68
6.664
6.734
6.694
6.419
6.126
6.244
6.807
7.324
7.499
7.546
7.698
7.862
7.843
7.592
7.181
6.739
6.378
6.119
5.861
5.609
5.437
5.346
5.266
5.181
5.124
5.137
5.089
4.906
4.765
4.793
4.834
4.609
3.962
3.116
2.522
2.329
2.168
1.71
1.154
0.935
1.041
1.236
1.438
1.651
1.83
2.018
2.241
2.345
2.155
1.701
1.154
0.521
-0.249
-1.114
-1.921
-2.64
-3.391
-4.205
-4.813
-4.951
-4.795
-4.668
-4.666
-4.657
-4.432
-3.983
-3.611
-3.567
-3.65
-3.572
-3.454
-3.572
-3.949
-4.443
-4.861
-5.067
-5.162
-5.273
-5.425
-5.494
-5.443
-5.294
-5.011
-4.627
-4.253
-3.896
-3.495
-3.126
-2.876
-2.769
-2.819
-2.971
-3.121
-3.146
-3.041
-2.908
-2.871
-2.869
-2.645
-2.179
-1.751
-1.519
-1.29
-0.859
-0.24
0.333
0.694
0.862
1.052
1.372
1.694
1.828
1.726
1.508
1.376
1.505
1.864
2.186
2.27
2.232
2.329
2.624
2.955
3.191
3.377
3.636
3.974
4.25
4.344
4.185
3.659
2.742
1.821
1.631
2.25
2.905
3.434
4.082
4.523
4.611
4.774
4.958
4.514
3.84
4.03
4.908
5.423
5.475
5.714
5.956
5.546
4.471
3.055
1.479
0.095
-0.599
-0.494
0.009
0.827
2.034
2.871
2.792
2.445
2.425
2.588
2.882
3.257
3.459
3.547
3.742
3.84
3.18
1.682
0.29
-0.408
-0.955
-1.62
-1.939
-1.689
-1.123
-0.655
-0.456
-0.34
-0.135
0.252
0.703
0.764
0.597
0.841
1.322
1.342
0.896
0.351
-0.256
-0.988
-1.487
-1.184
-0.111
1.177
2.188
2.604
2.524
2.445
2.567
2.402
1.649
0.773
0.489
0.868
1.356
1.533
1.376
1.254
1.567
1.9
1.64
1.241
1.667
2.967
4.337
5.219
5.873
6.602
7.245
7.485
7.208
6.598
6.147
6.192
6.542
6.857
7.186
7.694
8.133
8.057
7.499
6.97
6.861
7.234
7.905
8.599
9.227
9.889
10.54
10.963
11.039
10.983
11.067
11.167
11.105
11.133
11.525
12.078
12.285
11.843
11.057
10.527
10.443
10.563
10.574
10.522
10.685
10.985
11.06
10.738
10.11
9.395
8.896
8.74
8.794
8.91
9.096
9.277
9.062
8.319
7.603
7.335
7.199
6.855
6.46
6.312
6.519
6.995
7.533
7.751
7.576
7.388
7.213
6.732
6.17
6.036
6.321
6.573
6.591
6.58
6.716
6.816
6.678
6.158
5.418
4.926
4.976
5.287
5.439
5.418
5.505
5.852
6.372
6.788
6.959
7.032
7.181
7.301
7.172
6.798
6.45
6.224
5.956
5.657
5.614
5.92
6.421
6.981
7.515
8.095
8.767
9.248
9.295
9.121
9.062
9.227
9.465
9.549
9.488
9.586
10.053
10.604
10.763
10.508
10.198
10.098
10.241
10.436
10.533
10.792
11.357
11.901
11.986
11.702
11.575
11.795
11.94
11.758
11.774
12.469
13.524
14.406
15.055
15.642
16.227
16.706
16.921
16.855
16.724
16.687
16.735
16.772
16.615
16.273
16.152
16.397
16.563
16.372
16.145
16.388
17.164
17.874
18.108
18.2
18.595
19.237
19.673
19.65
19.591
20.092
20.899
21.306
21.276
21.342
21.6
21.662
21.361
21.052
21.099
21.526
21.916
21.837
21.319
20.779
20.478
20.206
19.554
18.515
17.552
16.971
16.631
16.354
16.107
16.048
16.349
16.756
16.91
17.023
17.427
17.917
18.055
17.901
17.919
18.157
18.26
18.03
17.49
16.651
15.694
14.959
14.503
14.018
13.333
12.598
12.031
11.57
11.124
10.674
10.3
10.08
9.982
9.81
9.499
9.148
8.78
8.388
8.052
7.932
7.963
7.884
7.733
7.78
7.957
7.95
7.707
7.324
6.909
6.476
6.015
5.559
5.101
4.788
4.79
4.881
4.668
4.241
3.849
3.477
3.082
2.735
2.533
2.422
2.305
2.197
2.112
1.991
1.85
1.753
1.667
1.563
1.524
1.62
1.712
1.717
1.781
2.018
2.331
2.687
3.135
3.542
3.781
3.862
3.799
3.618
3.42
3.232
2.978
2.64
2.358
2.181
1.98
1.642
1.356
1.315
1.39
1.313
0.955
0.494
0.256
0.317
0.51
0.655
0.691
0.721
0.88
1.161
1.531
1.873
2.055
2.112
2.159
2.163
2.125
2.161
2.268
2.2
1.805
1.302
0.993
0.791
0.438
-0.077
-0.508
-0.744
-0.907
-1.158
-1.467
-1.585
-1.395
-1.234
-1.465
-1.837
-1.871
-1.549
-1.261
-1.163
-0.966
-0.303
0.742
1.771
2.466
2.751
2.951
3.363
3.77
3.84
3.652
3.422
3.144
2.742
2.232
1.694
1.25
0.909
0.505
-0.015
-0.462
-0.565
-0.374
-0.243
-0.254
-0.102
0.431
1.147
1.62
1.719
1.783
2.155
2.756
3.189
3.178
2.842
2.522
2.436
2.466
2.393
2.207
2.163
2.452
2.905
3.259
3.484
3.779
4.255
4.654
4.727
4.543
4.335
4.13
3.808
3.393
3.112
3.055
3.087
2.976
2.579
2.109
1.928
1.998
2.061
2.213
2.799
3.889
5.147
6.076
6.643
7.183
7.76
8.116
8.113
7.921
7.737
7.65
7.639
7.59
7.426
7.215
7.057
6.804
6.22
5.391
4.666
4.151
3.645
3.039
2.533
2.298
2.075
1.476
0.462
-0.537
-1.118
-1.335
-1.696
-2.475
-3.234
-3.416
-3.2
-3.211
-3.572
-3.858
-3.652
-2.965
-2.347
-2.3
-2.57
-2.563
-2.266
-2.345
-3.171
-4.225
-4.85
-5.215
-5.947
-7.052
-7.919
-8.136
-7.941
-8.066
-8.828
-9.501
-9.291
-8.585
-8.347
-8.664
-8.664
-7.735
-6.264
-5.11
-4.668
-4.55
-4.112
-3.293
-2.705
-2.588
-2.51
-1.953
-1.025
-0.303
0.022
0.349
0.93
1.601
1.998
1.966
1.828
2.121
2.756
3.032
2.696
2.37
2.563
2.896
2.862
2.583
2.431
2.42
2.352
2.222
2.22
2.51
3.034
3.554
3.786
3.783
3.988
4.509
4.931
4.988
4.901
4.958
5.174
5.427
5.5
5.355
5.317
5.604
5.893
5.718
5.273
5.096
5.065
4.677
3.845
3.014
2.481
2.227
2.177
2.238
2.291
2.298
2.264
2.036
1.574
1.098
0.785
0.659
0.707
0.919
1.254
1.664
2.172
2.815
3.298
3.202
2.672
2.211
1.905
1.465
0.9
0.537
0.501
0.435
0.131
-0.24
-0.549
-0.871
-1.342
-2.018
-2.656
-2.942
-2.924
-2.944
-3.153
-3.413
-3.482
-3.341
-3.223
-3.252
-3.418
-3.622
-3.672
-3.567
-3.502
-3.477
-3.234
-2.674
-2.139
-2.016
-2.227
-2.309
-2.036
-1.76
-1.991
-2.905
-4.174
-5.199
-5.698
-5.999
-6.503
-7.133
-7.431
-7.133
-6.567
-6.333
-6.576
-6.832
-6.721
-6.358
-6.117
-6.061
-5.938
-5.494
-4.877
-4.457
-4.389
-4.42
-4.312
-4.169
-4.271
-4.629
-4.79
-4.4
-3.683
-3.139
-2.857
-2.583
-2.064
-1.388
-1.111
-1.476
-2.007
-2.13
-1.937
-1.964
-2.484
-3.151
-3.332
-2.989
-2.781
-3.041
-3.363
-3.182
-2.531
-1.953
-1.742
-1.604
-1.086
-0.227
0.415
0.413
-0.077
-0.404
-0.274
-0.104
-0.344
-0.925
-1.496
-1.83
-1.916
-1.966
-2.207
-2.517
-2.542
-2.241
-1.93
-1.843
-1.869
-1.832
-1.767
-1.749
-1.812
-1.942
-2.032
-2.018
-1.916
-1.837
-1.873
-1.939
-1.935
-1.937
-1.962
-1.91
-1.721
-1.331
-0.628
0.276
1.149
1.875
2.499
3.003
3.259
3.204
2.937
2.551
2.048
1.508
1.098
0.928
1.002
1.172
1.408
1.767
2.22
2.647
3.023
3.321
3.54
3.919
4.673
5.598
6.264
6.482
6.473
6.482
6.614
6.734
6.652
6.419
6.244
6.294
6.507
6.65
6.73
7.07
7.764
8.463
8.841
8.917
8.866
8.792
8.701
8.583
8.496
8.496
8.61
8.712
8.703
8.74
8.964
9.293
9.64
10.055
10.402
10.554
10.703
11.053
11.52
11.974
12.416
12.775
12.906
12.795
12.469
11.951
11.33
10.71
10.121
9.662
9.377
9.148
9.002
9.134
9.522
9.994
10.318
10.325
10.153
10.018
9.885
9.602
9.218
8.971
8.889
8.701
8.209
7.537
6.864
6.346
6.074
5.986
5.947
5.906
6.02
6.399
6.818
6.995
6.97
7.006
7.195
7.278
6.965
6.331
5.702
5.266
4.899
4.407
3.808
3.379
3.273
3.319
3.275
3.246
3.418
3.808
4.237
4.464
4.439
4.326
4.353
4.477
4.439
4.203
3.988
3.926
3.958
3.969
3.921
3.847
3.788
3.795
3.951
4.243
4.577
4.767
4.704
4.514
4.386
4.289
3.969
3.343
2.74
2.459
2.42
2.336
2.098
1.878
1.937
2.325
2.751
2.939
2.987
3.216
3.595
3.849
3.953
4.174
4.586
4.908
4.908
4.556
3.974
3.395
2.903
2.331
1.574
0.864
0.487
0.41
0.342
0.172
0.192
0.619
1.215
1.581
1.671
1.705
1.898
2.236
2.402
2.22
1.955
1.873
1.85
1.556
1.002
0.485
0.234
0.208
0.213
0.122
0.043
0.154
0.492
0.919
1.227
1.34
1.408
1.521
1.537
1.168
0.404
-0.514
-1.277
-1.719
-2
-2.245
-2.322
-2.207
-2.048
-1.843
-1.547
-1.231
-0.977
-0.825
-0.703
-0.528
-0.351
-0.317
-0.485
-0.782
-1.091
-1.365
-1.828
-2.731
-3.896
-4.917
-5.579
-5.958
-6.24
-6.51
-6.637
-6.539
-6.36
-6.292
-6.344
-6.412
-6.367
-6.229
-6.185
-6.319
-6.535
-6.798
-7.122
-7.437
-7.728
-8.045
-8.377
-8.642
-8.901
-9.234
-9.579
-9.83
-9.965
-9.996
-9.994
-10.053
-10.17
-10.205
-10.037
-9.776
-9.588
-9.492
-9.488
-9.606
-9.767
-9.869
-9.987
-10.168
-10.202
-9.953
-9.579
-9.427
-9.577
-9.685
-9.556
-9.379
-9.361
-9.393
-9.255
-8.914
-8.604
-8.601
-8.93
-9.311
-9.519
-9.615
-9.79
-10.128
-10.452
-10.593
-10.618
-10.717
-10.947
-11.133
-11.13
-11.01
-10.976
-11.046
-11.017
-10.831
-10.724
-10.908
-11.223
-11.366
-11.359
-11.487
-11.84
-12.239
-12.466
-12.554
-12.736
-13.051
-13.335
-13.423
-13.363
-13.287
-13.305
-13.319
-13.14
-12.795
-12.487
-12.357
-12.337
-12.262
-12.115
-12.128
-12.414
-12.747
-12.82
-12.575
-12.253
-12.076
-11.947
-11.699
-11.416
-11.409
-11.717
-11.974
-11.897
-11.611
-11.418
-11.357
-11.137
-10.6
-9.967
-9.563
-9.445
-9.338
-8.939
-8.326
-7.903
-7.855
-7.848
-7.471
-6.798
-6.405
-6.58
-6.902
-6.829
-6.381
-6.013
-6.027
-6.179
-6.002
-5.398
-4.829
-4.618
-4.509
-4.126
-3.489
-2.903
-2.613
-2.495
-2.309
-1.996
-1.805
-1.919
-2.134
-2.17
-2.016
-1.905
-1.978
-2.105
-2.043
-1.74
-1.467
-1.445
-1.512
-1.37
-1.029
-0.807
-0.789
-0.635
-0.167
0.335
0.587
0.659
0.811
1.054
1.252
1.365
1.381
1.329
1.372
1.583
1.817
1.862
1.682
1.351
0.957
0.503
-0.118
-0.823
-1.329
-1.485
-1.737
-2.381
-2.461
-0.871
1.349
2.043
1.211
0.955
2.245
3.323
2.47
0.83
0.973
2.967
4.371
4.004
3.321
3.638
4.121
3.457
1.776
0.347
-0.17
-0.154
-0.167
-0.462
-0.689
-0.16
1.236
2.277
1.667
0.279
0.222
1.481
1.873
0.746
-0.041
0.946
2.676
3.211
2.322
1.465
1.501
1.579
0.687
-0.59
-0.891
-0.299
-0.111
-0.628
-0.739
-0.015
0.723
0.805
0.501
0.478
1.05
1.846
2.098
1.583
0.955
0.782
0.778
0.46
0.034
-0.138
0.111
0.735
1.227
0.975
0.317
0.181
0.478
0.183
-0.664
-0.712
0.397
1.406
1.386
0.995
1.25
1.898
1.753
0.519
-0.669
-0.875
-0.594
-0.751
-1.363
-1.662
-1.199
-0.392
0.052
-0.154
-0.637
-0.746
-0.174
0.53
0.482
-0.149
-0.156
0.767
1.461
1.129
0.438
0.224
0.252
-0.208
-1.105
-1.608
-1.308
-0.852
-1.068
-1.742
-1.935
-1.496
-1.19
-1.406
-1.563
-1.084
-0.174
0.61
1.038
1.02
0.623
0.211
0.113
0.066
-0.392
-1.116
-1.676
-1.982
-2.404
-3.296
-4.362
-5.013
-5.257
-5.546
-6.013
-6.246
-5.972
-5.623
-5.75
-6.14
-6.217
-6.018
-6.083
-6.564
-7.002
-7.052
-6.841
-6.746
-6.993
-7.492
-8
-8.395
-8.765
-9.3
-10.025
-10.561
-10.391
-9.642
-8.991
-8.71
-8.333
-7.521
-6.791
-6.884
-7.621
-8.113
-8.075
-8.093
-8.549
-9.046
-9.009
-8.517
-8.127
-8.154
-8.386
-8.335
-7.977
-7.753
-7.837
-7.837
-7.417
-6.675
-5.834
-5.038
-4.35
-3.654
-2.735
-1.682
-0.898
-0.551
-0.342
0.004
0.227
-0.068
-0.678
-1.038
-0.979
-0.864
-0.957
-1.054
-0.916
-0.694
-0.751
-0.979
-0.988
-0.758
-0.524
-0.351
-0.013
0.612
1.286
1.694
1.814
1.839
1.742
1.452
1.125
0.914
0.753
0.562
0.444
0.464
0.574
0.787
1.013
0.868
0.238
-0.447
-0.673
-0.617
-1.002
-2.011
-2.889
-2.953
-2.506
-2.431
-3.137
-4.01
-4.212
-3.94
-4.06
-4.686
-5.096
-4.883
-4.534
-4.65
-4.97
-4.908
-4.459
-4.021
-3.731
-3.529
-3.416
-3.459
-3.731
-4.241
-4.879
-5.346
-5.441
-5.369
-5.376
-5.468
-5.537
-5.473
-5.487
-5.868
-6.523
-6.986
-6.956
-6.768
-6.922
-7.227
-7.068
-6.528
-6.22
-6.317
-6.434
-6.305
-6.061
-5.861
-5.629
-5.248
-4.738
-4.25
-3.947
-3.949
-4.076
-4.042
-3.88
-3.947
-4.423
-4.963
-5.128
-4.97
-4.888
-5.099
-5.321
-5.199
-4.915
-4.942
-5.176
-5.015
-4.253
-3.384
-2.983
-2.981
-2.892
-2.629
-2.526
-2.866
-3.484
-3.889
-3.86
-3.738
-3.842
-4.117
-4.314
-4.278
-4.071
-3.869
-3.724
-3.516
-3.089
-2.493
-2.036
-1.971
-2.209
-2.463
-2.705
-3.16
-3.871
-4.541
-4.87
-4.917
-5.058
-5.446
-5.829
-5.956
-6.015
-6.271
-6.602
-6.678
-6.419
-6.067
-5.884
-5.861
-5.759
-5.475
-5.206
-5.228
-5.591
-6.076
-6.51
-6.884
-7.338
-7.866
-8.27
-8.429
-8.467
-8.664
-9.094
-9.486
-9.687
-9.93
-10.352
-10.715
-10.774
-10.701
-10.815
-11.137
-11.355
-11.234
-11.023
-11.117
-11.52
-11.761
-11.556
-11.239
-11.198
-11.364
-11.368
-11.232
-11.28
-11.568
-11.863
-12.006
-12.064
-12.225
-12.57
-12.945
-13.201
-13.326
-13.48
-13.723
-13.816
-13.544
-13.029
-12.602
-12.389
-12.373
-12.45
-12.382
-12.128
-12.11
-12.473
-12.827
-12.845
-12.731
-12.804
-12.999
-13.051
-12.949
-12.836
-12.711
-12.618
-12.593
-12.561
-12.443
-12.251
-12.013
-11.811
-11.765
-11.906
-12.044
-12.037
-12.006
-12.096
-12.21
-12.19
-12.08
-12.019
-12.019
-12.071
-12.147
-12.153
-11.967
-11.568
-11.108
-10.738
-10.482
-10.343
-10.318
-10.287
-10.225
-10.268
-10.397
-10.407
-10.243
-10.046
-9.933
-9.837
-9.806
-9.885
-9.924
-9.799
-9.572
-9.289
-8.946
-8.619
-8.361
-8.152
-7.991
-7.945
-8.109
-8.508
-8.894
-8.878
-8.585
-8.635
-9.05
-9.161
-8.76
-8.383
-8.338
-8.427
-8.301
-7.9
-7.528
-7.381
-7.349
-7.256
-7.057
-6.905
-6.99
-7.231
-7.478
-7.757
-8.116
-8.429
-8.496
-8.354
-8.313
-8.569
-8.948
-9.105
-8.85
-8.469
-8.37
-8.424
-8.27
-8.009
-7.977
-8.218
-8.549
-8.796
-8.986
-9.25
-9.503
-9.608
-9.644
-9.717
-9.841
-9.937
-9.935
-9.978
-10.236
-10.549
-10.618
-10.527
-10.473
-10.502
-10.47
-10.418
-10.574
-11.051
-11.752
-12.414
-12.777
-12.942
-13.188
-13.389
-13.237
-12.786
-12.414
-12.389
-12.586
-12.641
-12.344
-11.852
-11.588
-11.758
-11.999
-11.831
-11.321
-11.041
-11.296
-11.72
-11.781
-11.55
-11.5
-11.704
-11.852
-11.679
-11.209
-10.688
-10.35
-10.094
-9.715
-9.204
-8.828
-8.816
-9.084
-9.282
-9.204
-9.05
-9.087
-9.107
-8.85
-8.281
-7.637
-7.115
-6.571
-5.904
-5.51
-5.648
-5.723
-5.199
-4.273
-3.395
-2.933
-2.873
-2.785
-2.209
-1.358
-1.007
-1.474
-2.25
-2.733
-2.705
-2.466
-2.374
-2.381
-2.216
-1.758
-1.107
-0.544
-0.376
-0.469
-0.471
-0.281
0.041
0.551
1.22
1.823
2.225
2.415
2.51
2.629
2.683
2.434
2.009
1.912
2.377
3.016
3.348
3.4
3.547
3.958
4.409
4.654
4.736
4.811
4.94
5.099
5.117
4.883
4.518
4.133
3.604
3.1
2.992
3.289
3.735
4.128
4.282
4.243
4.362
4.763
5.02
4.956
4.917
5.192
5.727
6.215
6.517
6.707
6.798
6.832
6.741
6.308
5.72
5.296
4.919
4.461
4.11
4.121
4.423
4.554
4.225
3.708
3.461
3.522
3.599
3.554
3.5
3.672
4.158
4.774
5.147
5.011
4.652
4.559
4.622
4.477
4.087
3.681
3.404
3.137
2.638
1.907
1.168
0.578
0.227
0.131
0.24
0.551
1.057
1.765
2.579
3.381
4.053
4.554
4.834
4.859
4.749
4.724
4.859
4.94
4.767
4.357
3.992
3.899
3.924
3.779
3.552
3.611
4.044
4.666
5.23
5.698
6.197
6.813
7.535
8.232
8.653
8.73
8.671
8.71
8.873
8.86
8.46
7.882
7.455
7.319
7.283
7.149
7.043
7.269
7.751
8.326
8.944
9.463
9.753
9.876
9.998
10.069
9.985
9.848
9.821
9.919
9.908
9.669
9.374
9.25
9.255
9.109
8.696
8.197
7.83
7.733
7.791
7.848
7.928
8.027
7.972
7.691
7.36
7.131
6.905
6.494
5.861
5.28
5.073
5.178
5.241
5.033
4.668
4.436
4.42
4.407
4.155
3.645
3.137
2.801
2.604
2.506
2.393
2.087
1.671
1.331
1.009
0.576
0.045
-0.482
-0.868
-1.048
-1.077
-1.064
-1.179
-1.411
-1.515
-1.452
-1.44
-1.613
-1.942
-2.286
-2.533
-2.681
-2.93
-3.359
-3.811
-4.123
-4.269
-4.3
-4.287
-4.174
-4.008
-3.894
-3.874
-3.847
-3.77
-3.813
-4.035
-4.203
-4.162
-4.006
-3.878
-3.774
-3.622
-3.477
-3.473
-3.604
-3.701
-3.622
-3.48
-3.366
-3.164
-2.719
-2.125
-1.515
-0.905
-0.385
-0.149
-0.24
-0.369
-0.321
-0.279
-0.415
-0.514
-0.424
-0.31
-0.337
-0.353
-0.079
0.408
0.839
1.165
1.547
2.116
2.792
3.352
3.652
3.831
4.006
4.176
4.296
4.407
4.545
4.659
4.652
4.545
4.42
4.414
4.559
4.733
4.813
4.831
4.829
4.854
4.981
5.162
5.153
4.863
4.584
4.57
4.673
4.565
4.305
4.262
4.484
4.673
4.749
4.802
4.815
4.724
4.627
4.602
4.561
4.359
4.06
3.84
3.641
3.261
2.62
1.914
1.431
1.186
1.029
0.9
0.836
0.864
0.921
1.023
1.22
1.415
1.463
1.461
1.51
1.54
1.317
0.82
0.308
-0.063
-0.379
-0.85
-1.487
-2.093
-2.504
-2.801
-3.048
-3.171
-3.059
-2.756
-2.461
-2.209
-1.799
-1.257
-0.82
-0.542
-0.29
-0.077
0.031
-0.006
-0.197
-0.581
-1.086
-1.54
-1.83
-1.889
-1.834
-1.862
-1.98
-1.987
-1.817
-1.592
-1.422
-1.179
-0.646
0.097
0.859
1.635
2.468
3.171
3.615
3.892
4.06
4.094
4.039
3.949
3.885
3.985
4.3
4.747
5.223
5.62
5.899
6.181
6.587
7.061
7.381
7.437
7.433
7.616
7.914
8.095
8.149
8.149
8.172
8.277
8.42
8.544
8.699
8.995
9.397
9.753
10.023
10.334
10.77
11.289
11.706
11.913
12.103
12.369
12.514
12.273
11.681
11.017
10.618
10.515
10.366
9.965
9.602
9.62
9.862
9.848
9.461
9.03
8.875
8.857
8.63
8.147
7.735
7.68
7.882
8.05
8.071
8.102
8.225
8.333
8.177
7.678
7.048
6.535
6.195
5.836
5.26
4.577
4.096
3.788
3.464
3.16
3.137
3.427
3.751
3.86
3.831
4.021
4.457
4.724
4.645
4.547
4.686
4.84
4.545
3.731
2.91
2.563
2.54
2.386
2.014
1.714
1.812
2.336
2.873
3.123
3.277
3.69
4.207
4.432
4.368
4.362
4.55
4.813
5.069
5.31
5.655
6.135
6.571
6.737
6.741
6.94
7.395
7.717
7.664
7.483
7.562
7.972
8.399
8.496
8.31
8.259
8.642
9.209
9.483
9.368
9.234
9.47
9.991
10.391
10.439
10.296
10.429
10.958
11.507
11.799
11.883
11.903
12.011
12.344
12.779
13.217
13.739
14.335
14.837
15.159
15.358
15.386
15.204
15.052
15.111
15.326
15.57
15.85
16.134
16.329
16.381
16.438
16.669
17.03
17.284
17.386
17.529
17.878
18.402
18.86
19.138
19.312
19.487
19.602
19.541
19.355
19.221
19.248
19.509
19.952
20.276
20.358
20.369
20.455
20.46
20.278
20.06
20.044
20.14
20.049
19.695
19.253
18.974
18.836
18.652
18.491
18.518
18.588
18.264
17.42
16.681
16.69
17.044
16.826
15.973
15.438
15.819
16.64
16.837
16.03
15.05
14.929
15.456
15.354
14.117
13.002
13.054
13.539
13.528
13.315
13.51
13.918
13.893
13.106
12.064
11.459
11.207
10.835
10.144
9.315
8.694
8.333
7.871
7.177
6.605
6.444
6.719
7.211
7.537
7.467
7.195
7.081
7.115
6.916
6.308
5.729
5.471
5.298
4.935
4.487
4.212
4.089
3.965
4.012
4.287
4.348
4.209
4.218
4.307
4.332
4.42
4.53
4.516
4.33
3.867
3.148
2.495
2.116
2.032
2.177
2.361
2.501
2.804
3.259
3.665
3.928
3.887
3.683
3.845
4.475
4.97
4.972
4.811
4.892
5.21
5.439
5.321
5.024
4.915
5.04
5.194
5.282
5.333
5.411
5.595
5.888
6.07
6.004
5.85
5.911
6.278
6.673
6.698
6.333
5.942
5.616
5.16
4.581
4.033
3.62
3.402
3.296
3.166
3.023
2.869
2.726
2.665
2.581
2.45
2.529
2.862
2.958
2.54
1.964
1.563
1.347
1.186
0.807
0.02
-0.776
-1.12
-1.111
-1.174
-1.588
-2.137
-2.386
-2.379
-2.383
-2.406
-2.386
-2.336
-2.186
-2.03
-1.96
-1.971
-2.077
-2.282
-2.461
-2.606
-2.783
-2.967
-3.132
-3.239
-3.232
-3.085
-2.824
-2.51
-2.28
-2.15
-2.073
-2.023
-1.878
-1.68
-1.524
-1.399
-1.234
-1.002
-0.608
-0.202
-0.045
-0.038
0.082
0.374
0.673
0.744
0.594
0.44
0.319
0.283
0.489
0.739
0.912
1.17
1.467
1.59
1.551
1.59
1.694
1.705
1.569
1.642
2.103
2.696
3.227
3.724
4.223
4.756
5.185
5.237
5.015
4.813
4.679
4.464
4.146
3.947
4.057
4.384
4.613
4.618
4.457
4.423
4.686
5.024
5.042
4.7
4.357
4.221
4.008
3.4
2.62
1.971
1.397
0.744
-0.006
-0.807
-1.588
-2.039
-1.923
-1.461
-1.145
-1.161
-1.197
-0.991
-0.778
-0.964
-1.422
-1.701
-1.728
-1.839
-2.277
-2.901
-3.343
-3.533
-3.874
-4.545
-5.201
-5.484
-5.602
-5.816
-6.022
-6.115
-6.158
-6.26
-6.439
-6.655
-6.723
-6.675
-6.678
-6.673
-6.558
-6.192
-5.53
-4.818
-4.355
-4.112
-3.99
-3.79
-3.296
-2.717
-2.388
-2.184
-1.83
-1.402
-0.995
-0.617
-0.426
-0.553
-0.714
-0.508
-0.041
0.238
0.183
0.077
0.312
0.887
1.367
1.452
1.322
1.313
1.558
1.891
2.128
2.261
2.325
2.261
2.2
2.309
2.393
2.202
1.921
1.928
2.372
3.034
3.588
3.795
3.847
4.035
4.234
4.123
3.69
3.227
2.844
2.581
2.477
2.345
2.064
1.774
1.726
1.855
1.846
1.644
1.579
1.728
1.85
1.916
2.098
2.402
2.656
2.721
2.694
2.815
3.103
3.366
3.359
3.137
3.105
3.248
3.144
2.808
2.47
2.15
1.978
2.17
2.524
2.654
2.484
2.349
2.456
2.481
2.188
1.724
1.322
1.227
1.521
1.814
1.74
1.49
1.27
1.084
0.809
0.438
0.059
-0.276
-0.533
-0.641
-0.76
-1.011
-1.231
-1.351
-1.418
-1.479
-1.542
-1.54
-1.322
-1.016
-0.925
-0.997
-0.948
-0.83
-1.077
-1.767
-2.551
-3.128
-3.518
-3.953
-4.404
-4.648
-4.688
-4.718
-4.829
-5.031
-5.185
-5.21
-5.228
-5.257
-5.094
-4.636
-4.101
-3.851
-3.829
-3.69
-3.336
-2.919
-2.613
-2.622
-2.79
-2.735
-2.443
-2.243
-2.349
-2.631
-2.848
-2.946
-3.057
-3.225
-3.443
-3.542
-3.287
-2.819
-2.529
-2.32
-1.889
-1.449
-1.395
-1.592
-1.599
-1.333
-1.158
-1.234
-1.317
-1.257
-1.066
-0.914
-0.887
-0.928
-0.811
-0.48
-0.174
-0.12
-0.229
-0.265
-0.133
-0.02
-0.097
-0.299
-0.433
-0.274
0.135
0.478
0.546
0.581
0.782
1.057
1.215
1.107
0.841
0.662
0.646
0.628
0.453
0.326
0.478
0.778
0.979
1.114
1.277
1.415
1.567
1.753
1.887
2.068
2.434
2.846
3.119
3.296
3.634
4.246
4.986
5.682
6.174
6.439
6.637
6.834
6.793
6.324
5.668
5.108
4.704
4.384
4.146
4.042
3.997
3.983
4.171
4.668
5.21
5.526
5.639
5.85
6.34
6.855
7.149
7.349
7.723
8.158
8.247
7.864
7.496
7.603
7.948
7.952
7.499
7.029
6.922
7.11
7.195
6.875
6.342
6.174
6.684
7.422
7.746
7.614
7.562
7.954
8.533
8.687
8.252
7.798
7.733
7.818
7.742
7.549
7.556
8.127
9.064
9.696
9.828
9.908
10.28
10.713
10.77
10.282
9.54
9.066
8.937
8.76
8.156
7.401
6.977
6.993
7.174
7.161
6.889
6.637
6.775
7.245
7.616
7.583
7.471
7.698
8.093
8.31
8.188
7.757
7.236
6.94
6.866
6.723
6.324
5.902
5.793
5.999
6.258
6.374
6.419
6.639
7.218
7.905
8.107
7.417
6.255
5.51
5.369
5.23
4.992
5.349
6.598
7.787
7.696
6.53
5.579
5.441
5.471
4.793
3.652
3.236
4.098
5.478
6.147
5.664
4.727
4.284
4.284
3.867
2.804
1.937
2.134
3.087
3.788
3.915
4.139
4.797
5.094
4.312
3.2
3.11
3.871
4.178
3.565
2.857
2.774
2.985
2.71
1.83
0.955
0.61
0.782
1.041
0.966
0.61
0.249
0.063
-0.015
-0.077
0.015
0.505
1.284
1.93
2.289
2.597
3.01
3.275
2.989
2.084
1.118
0.612
0.413
0.004
-0.521
-0.542
0.034
0.424
-0.029
-0.893
-1.22
-0.955
-0.893
-1.245
-1.272
-0.496
0.59
1.19
0.909
0.084
-0.501
-0.442
-0.16
-0.247
-0.565
-0.467
0.19
0.726
0.571
-0.142
-0.914
-1.456
-1.885
-2.447
-2.944
-2.86
-2.227
-1.671
-1.485
-1.388
-1.116
-0.852
-1.025
-1.622
-2.098
-2.016
-1.465
-0.941
-0.82
-1.073
-1.501
-2.016
-2.477
-2.742
-2.953
-3.282
-3.57
-3.538
-3.287
-3.214
-3.54
-4.128
-4.618
-4.863
-4.897
-4.704
-4.38
-4.269
-4.563
-5.029
-5.446
-5.843
-6.385
-7.048
-7.537
-7.682
-7.607
-7.419
-7.172
-7.059
-7.274
-7.712
-8.055
-8.202
-8.463
-8.964
-9.4
-9.402
-9.032
-8.676
-8.572
-8.735
-9.089
-9.549
-10.032
-10.488
-10.811
-11.012
-11.121
-10.967
-10.423
-9.792
-9.397
-9.257
-9.243
-9.236
-9.229
-9.261
-9.273
-9.32
-9.503
-9.731
-9.876
-9.94
-9.956
-9.991
-10.009
-9.899
-9.69
-9.542
-9.558
-9.731
-10.087
-10.527
-10.858
-10.974
-10.912
-10.767
-10.515
-10.094
-9.649
-9.463
-9.633
-9.903
-10.096
-10.307
-10.692
-11.108
-11.23
-11.041
-10.781
-10.609
-10.542
-10.663
-10.89
-11.048
-11.167
-11.434
-11.797
-12.026
-11.976
-11.706
-11.439
-11.321
-11.266
-11.205
-11.108
-11.021
-10.992
-10.979
-10.953
-10.985
-11.067
-11.13
-11.11
-11.037
-11.039
-11.078
-10.967
-10.679
-10.425
-10.372
-10.368
-10.271
-10.23
-10.359
-10.491
-10.54
-10.497
-10.291
-10.005
-9.846
-9.862
-9.806
-9.413
-8.805
-8.345
-8.095
-7.891
-7.673
-7.492
-7.406
-7.222
-6.757
-6.195
-5.863
-5.793
-5.675
-5.314
-4.995
-4.951
-4.986
-4.795
-4.439
-4.357
-4.829
-5.453
-5.675
-5.496
-5.253
-5.026
-4.654
-4.082
-3.4
-2.751
-2.257
-1.83
-1.358
-0.875
-0.456
-0.16
-0.038
-0.031
-0.031
-0.057
-0.158
-0.234
-0.111
0.075
-0.07
-0.558
-1.032
-1.218
-1.252
-1.333
-1.304
-0.907
-0.24
0.331
0.728
1.199
1.794
2.197
2.325
2.434
2.576
2.576
2.535
2.645
2.778
2.785
2.717
2.674
2.669
2.645
2.459
2.105
1.801
1.73
1.832
1.966
2.132
2.397
2.674
2.797
2.788
2.767
2.703
2.586
2.434
2.266
2.057
1.843
1.682
1.528
1.354
1.324
1.563
1.862
1.951
1.778
1.533
1.383
1.238
1.004
0.719
0.514
0.521
0.685
0.805
0.823
0.875
0.97
0.82
0.285
-0.321
-0.694
-0.898
-1.089
-1.272
-1.392
-1.406
-1.376
-1.392
-1.415
-1.374
-1.304
-1.331
-1.485
-1.615
-1.547
-1.386
-1.34
-1.467
-1.615
-1.572
-1.374
-1.243
-1.293
-1.37
-1.218
-0.85
-0.569
-0.524
-0.662
-0.916
-1.141
-1.168
-1.073
-1.041
-1.08
-1.111
-1.141
-1.193
-1.342
-1.633
-2
-2.193
-2.116
-2.025
-2.1
-2.188
-2.1
-1.916
-1.742
-1.551
-1.245
-0.846
-0.431
-0.138
-0.013
0.093
0.41
0.798
0.909
0.694
0.438
0.471
0.719
0.814
0.637
0.417
0.326
0.238
-0.14
-0.862
-1.547
-1.823
-1.85
-1.971
-1.98
-1.519
-0.796
-0.337
-0.188
-0.043
0.238
0.565
0.682
0.456
0.077
-0.154
-0.285
-0.562
-1.016
-1.363
-1.51
-1.726
-2.227
-2.876
-3.454
-3.804
-3.985
-4.303
-4.854
-5.223
-5.212
-5.314
-5.926
-6.668
-6.979
-6.843
-6.779
-7.102
-7.524
-7.691
-7.73
-7.932
-8.304
-8.476
-8.266
-7.914
-7.76
-7.769
-7.641
-7.365
-7.34
-7.825
-8.44
-8.683
-8.595
-8.644
-9.062
-9.443
-9.229
-8.508
-7.957
-7.932
-8.109
-7.977
-7.517
-7.142
-7.061
-6.963
-6.482
-5.788
-5.273
-5.099
-5.033
-4.783
-4.364
-4.137
-4.305
-4.503
-4.291
-3.774
-3.45
-3.48
-3.441
-2.989
-2.338
-1.88
-1.673
-1.533
-1.345
-1.158
-1.05
-0.979
-0.903
-0.871
-0.914
-0.932
-0.877
-0.755
-0.655
-0.514
-0.19
0.22
0.388
0.135
-0.279
-0.478
-0.44
-0.426
-0.587
-0.762
-0.742
-0.546
-0.435
-0.583
-0.855
-0.957
-0.789
-0.635
-0.719
-1.02
-1.333
-1.519
-1.642
-1.843
-2.222
-2.676
-2.946
-2.898
-2.663
-2.493
-2.515
-2.592
-2.563
-2.499
-2.456
-2.436
-2.558
-2.808
-2.935
-2.781
-2.538
-2.513
-2.724
-2.989
-3.169
-3.114
-2.737
-2.343
-2.459
-3.094
-3.704
-4.214
-5.022
-5.709
-5.439
-4.389
-3.372
-2.454
-1.326
-0.397
-0.59
-2.077
-3.792
-4.811
-5.505
-6.611
-7.837
-8.186
-7.106
-5.223
-4.066
-4.441
-5.389
-5.756
-5.954
-6.694
-7.437
-7.426
-6.65
-5.28
-3.851
-3.043
-2.744
-2.531
-2.721
-3.783
-5.228
-6.015
-5.956
-5.94
-6.423
-6.839
-6.788
-6.487
-6.46
-7.131
-8.17
-8.606
-7.988
-7.041
-6.682
-6.73
-6.356
-5.6
-5.19
-5.276
-5.319
-4.87
-4.117
-3.57
-3.332
-3.239
-3.388
-3.842
-4.491
-5.351
-6.217
-6.582
-6.494
-6.494
-6.625
-6.533
-6.253
-6.264
-6.929
-7.991
-8.848
-9.114
-9.039
-9.023
-8.926
-8.172
-6.73
-5.364
-4.742
-4.758
-4.944
-5.031
-5.11
-5.57
-6.372
-6.832
-6.614
-6.319
-6.675
-7.639
-8.651
-9.329
-9.728
-10.175
-10.703
-10.838
-10.35
-9.687
-9.358
-9.438
-9.733
-9.974
-10.112
-10.409
-10.799
-10.733
-10.107
-9.554
-9.629
-10.175
-10.622
-10.713
-10.683
-10.838
-11.2
-11.373
-11.014
-10.395
-10.059
-10.069
-10.15
-10.195
-10.236
-10.316
-10.565
-10.956
-11.377
-11.908
-12.582
-13.222
-13.664
-14.018
-14.319
-14.478
-14.474
-14.31
-14.056
-13.88
-13.922
-14.068
-14.19
-14.281
-14.392
-14.433
-14.29
-13.927
-13.326
-12.57
-11.829
-11.221
-10.842
-10.804
-11.096
-11.666
-12.349
-12.956
-13.389
-13.602
-13.586
-13.476
-13.41
-13.437
-13.602
-13.855
-14.149
-14.63
-15.265
-15.715
-15.755
-15.492
-15.197
-14.954
-14.558
-13.866
-12.915
-11.901
-11.041
-10.379
-9.79
-9.266
-8.989
-9.005
-9.107
-9.05
-8.894
-8.798
-8.749
-8.579
-8.422
-8.478
-8.828
-9.438
-10.071
-10.439
-10.618
-10.969
-11.398
-11.42
-10.892
-10.255
-9.869
-9.647
-9.42
-9.232
-9.211
-9.393
-9.599
-9.515
-8.942
-8.104
-7.347
-6.714
-6.034
-5.464
-5.282
-5.405
-5.566
-5.696
-5.873
-6.231
-6.788
-7.428
-7.991
-8.422
-8.862
-9.409
-9.924
-10.314
-10.67
-11.073
-11.538
-11.938
-12.128
-12.064
-11.869
-11.747
-11.597
-11.176
-10.602
-10.284
-10.305
-10.266
-10.048
-10.023
-10.441
-11.06
-11.593
-12.019
-12.378
-12.693
-12.897
-12.861
-12.582
-12.373
-12.559
-13.013
-13.294
-13.285
-13.317
-13.501
-13.533
-13.197
-12.718
-12.471
-12.639
-12.979
-13.158
-13.188
-13.344
-13.671
-13.857
-13.616
-13.09
-12.682
-12.507
-12.36
-12.09
-11.754
-11.478
-11.257
-10.969
-10.57
-10.146
-9.817
-9.615
-9.356
-8.894
-8.413
-8.218
-8.306
-8.388
-8.277
-7.982
-7.696
-7.587
-7.572
-7.453
-7.218
-7.043
-7.077
-7.186
-7.135
-6.825
-6.342
-5.832
-5.358
-4.881
-4.377
-3.874
-3.454
-3.116
-2.681
-2.146
-1.653
-1.275
-0.939
-0.562
-0.218
0.068
0.424
0.921
1.454
1.812
1.79
1.431
1.036
0.767
0.482
0.057
-0.363
-0.433
-0.084
0.333
0.565
0.76
1.202
1.937
2.69
3.25
3.677
4.078
4.355
4.402
4.386
4.634
5.203
5.777
6.081
6.158
6.174
6.195
6.112
5.765
5.162
4.561
4.223
4.176
4.192
4.121
4.174
4.545
5.112
5.466
5.484
5.4
5.4
5.432
5.326
5.073
4.872
4.901
5.16
5.526
5.929
6.242
6.41
6.453
6.423
6.423
6.503
6.573
6.56
6.423
6.185
6.02
6.011
5.958
5.666
5.185
4.731
4.443
4.225
3.91
3.595
3.533
3.811
4.312
4.806
5.033
5.056
5.197
5.346
5.167
4.675
4.133
3.77
3.554
3.28
2.898
2.592
2.535
2.708
2.987
3.216
3.363
3.504
3.704
4.021
4.471
5.033
5.559
5.891
6.067
6.255
6.448
6.487
6.39
6.251
6.085
5.917
5.754
5.623
5.516
5.439
5.507
5.841
6.344
6.845
7.202
7.294
7.211
7.14
7.061
6.825
6.489
6.324
6.507
6.843
7.147
7.574
8.181
8.762
9.152
9.384
9.51
9.579
9.631
9.586
9.39
9.046
8.678
8.48
8.354
8.011
7.478
7.061
6.979
7.161
7.193
6.866
6.589
6.834
7.397
7.655
7.437
7.115
7.027
7.115
7.186
7.296
7.551
7.707
7.553
7.281
7.135
7.108
7
6.616
6.004
5.407
5.035
4.919
4.781
4.382
3.924
3.735
3.921
4.296
4.439
4.11
3.668
3.454
3.23
2.669
1.942
1.472
1.275
1.068
0.762
0.494
0.395
0.469
0.578
0.549
0.489
0.585
0.698
0.508
0.084
-0.197
-0.229
-0.294
-0.603
-1.134
-1.714
-2.084
-2.227
-2.495
-3.087
-3.659
-3.733
-3.37
-3.153
-3.4
-3.758
-3.831
-3.645
-3.54
-3.767
-4.174
-4.31
-4.101
-3.967
-4.16
-4.368
-4.234
-3.924
-3.77
-3.822
-3.867
-3.804
-3.744
-3.767
-3.792
-3.706
-3.443
-3.121
-3.012
-3.103
-3.128
-3.028
-2.998
-3.202
-3.615
-4.015
-4.13
-3.942
-3.586
-3.137
-2.631
-1.946
-1.002
-0.045
0.719
1.333
1.622
1.172
0.192
-0.321
0.274
1.27
1.771
2.152
3.284
4.686
4.965
3.912
2.756
2.402
2.305
1.594
0.473
-0.052
0.431
1.438
2.188
2.331
2.261
2.533
3.126
3.418
3.03
2.452
2.717
4.085
5.389
5.648
5.405
5.765
6.576
6.643
5.582
4.291
3.645
3.461
3.087
2.529
2.318
2.513
2.613
2.454
2.374
2.529
2.654
2.519
2.209
1.9
1.801
1.814
1.622
1.138
0.675
0.599
0.952
1.535
2.191
2.678
2.633
2.061
1.326
0.655
0.224
0.281
0.612
0.712
0.544
0.542
0.823
0.807
0.088
-0.88
-1.42
-1.572
-1.846
-2.343
-2.576
-2.236
-1.626
-1.218
-1.156
-1.12
-0.864
-0.637
-0.687
-0.805
-0.664
-0.267
0.186
0.569
0.919
1.195
1.436
1.708
1.932
1.951
1.848
1.914
2.229
2.418
2.225
1.907
1.841
2.107
2.37
2.32
2.197
2.477
3.13
3.806
4.455
5.255
6.088
6.593
6.689
6.643
6.643
6.714
6.836
7.016
7.319
7.666
7.923
8.098
8.301
8.726
9.409
10.214
11.019
11.668
12.004
12.058
12.026
12.049
12.103
12.128
12.239
12.491
12.687
12.568
12.194
11.765
11.37
10.894
10.294
9.835
9.742
9.962
10.379
11.01
11.856
12.657
13.106
13.131
12.825
12.26
11.441
10.439
9.318
8.177
7.245
6.782
6.7
6.639
6.367
6.027
6.013
6.498
7.048
7.115
6.732
6.376
6.31
6.356
6.199
5.882
5.636
5.466
5.185
4.802
4.4
3.972
3.504
3.05
2.799
2.806
2.917
3.173
3.733
4.439
5.02
5.473
5.772
5.809
5.675
5.473
5.176
4.786
4.389
4.144
4.275
4.818
5.532
6.092
6.48
6.809
7.12
7.347
7.395
7.161
6.809
6.637
6.743
6.995
7.115
7.057
7.102
7.379
7.662
7.565
7.193
7.027
7.312
7.809
8.186
8.39
8.737
9.561
10.792
11.827
12.292
12.532
12.886
13.074
12.763
12.192
11.693
11.278
10.896
10.609
10.418
10.327
10.377
10.524
10.545
10.361
10.266
10.436
10.715
11.021
11.5
12.364
13.664
15.009
15.993
16.626
17.141
17.547
17.54
16.91
16.007
15.299
14.95
14.814
14.832
15.034
15.501
16.075
16.517
16.814
17.191
17.81
18.586
19.305
19.777
20.074
20.398
20.675
20.641
20.253
19.818
19.487
19.207
18.965
18.836
18.822
18.883
18.951
19.078
19.402
19.879
20.301
20.566
20.698
20.87
21.206
21.519
21.494
21.106
20.58
20.033
19.487
18.931
18.319
17.729
17.316
17.094
16.973
16.864
16.796
16.844
16.98
17.053
16.987
16.826
16.62
16.393
16.05
15.49
14.735
13.959
13.326
12.895
12.586
12.255
11.906
11.652
11.568
11.57
11.487
11.142
10.529
9.76
9.011
8.485
8.193
7.954
7.664
7.478
7.501
7.535
7.415
7.256
7.174
7.07
6.918
6.75
6.555
6.315
6.092
5.886
5.561
5.073
4.62
4.377
4.176
3.69
2.944
2.296
2.03
2.163
2.452
2.701
2.951
3.307
3.69
3.858
3.749
3.558
3.438
3.377
3.37
3.366
3.339
3.37
3.54
3.767
3.958
4.139
4.303
4.31
4.128
3.919
3.876
3.962
4.039
4.126
4.275
4.559
5.006
5.48
5.636
5.387
4.958
4.572
4.174
3.625
3.028
2.66
2.599
2.599
2.586
2.71
2.987
3.261
3.316
3.062
2.669
2.477
2.484
2.42
2.2
2.048
2.143
2.325
2.329
2.211
2.161
2.059
1.617
0.778
-0.126
-0.696
-0.898
-0.961
-1.052
-1.109
-0.893
-0.383
0.097
0.22
0.086
0.043
0.181
0.213
-0.138
-0.705
-1.032
-0.935
-0.696
-0.721
-0.968
-1.068
-0.889
-0.691
-0.63
-0.571
-0.356
0.011
0.492
1.066
1.615
1.996
2.266
2.486
2.56
2.402
2.112
1.805
1.39
0.818
0.301
0.011
-0.147
-0.265
-0.326
-0.328
-0.24
-0.036
0.245
0.521
0.769
1.093
1.515
1.946
2.222
2.334
2.508
2.926
3.379
3.54
3.418
3.289
3.354
3.491
3.354
2.919
2.581
2.692
3.087
3.393
3.554
3.742
4.015
4.209
4.192
4.042
4.015
4.149
4.225
4.037
3.618
3.261
3.239
3.579
3.867
3.742
3.491
3.688
4.407
5.151
5.573
5.836
6.285
6.972
7.603
7.88
7.791
7.537
7.333
7.179
6.848
6.163
5.215
4.214
3.094
1.744
0.347
-0.873
-1.88
-2.701
-3.257
-3.445
-3.352
-3.325
-3.538
-3.733
-3.547
-3.155
-3.073
-3.388
-3.615
-3.561
-3.468
-3.518
-3.634
-3.813
-4.174
-4.742
-5.262
-5.482
-5.489
-5.496
-5.691
-5.988
-6.031
-5.832
-5.926
-6.464
-6.931
-7.02
-6.949
-6.882
-6.752
-6.696
-6.977
-7.292
-7.213
-6.961
-6.943
-6.956
-6.53
-5.734
-4.956
-4.262
-3.327
-1.751
0.259
1.717
2.112
2.472
3.772
4.834
4.319
3.307
3.277
3.3
2.027
0.608
0.578
0.873
-0.118
-1.505
-1.465
-0.018
1.524
2.309
2.343
2.211
2.692
3.747
4.28
3.889
3.874
4.99
5.997
5.866
5.096
4.303
3.779
3.631
3.25
2.091
1.304
2.51
4.922
6.067
5.459
5.078
6.154
7.605
7.737
6.255
4.718
4.652
5.575
5.593
3.849
1.649
0.639
0.685
0.73
0.549
0.417
0.383
0.63
1.379
2.261
2.804
3.287
4.194
5.001
4.94
4.575
4.815
5.147
4.445
2.694
0.905
0.047
0.057
-0.151
-1.354
-2.733
-2.912
-2.027
-1.272
-1.002
-0.771
-0.664
-0.903
-1.147
-1.136
-1.111
-1.268
-1.395
-1.388
-1.517
-1.843
-2.05
-2.197
-2.54
-3.073
-3.652
-4.062
-4.137
-3.944
-3.717
-3.359
-2.756
-2.22
-2.298
-2.924
-3.491
-3.974
-4.788
-5.677
-5.822
-5.203
-4.713
-5.053
-5.904
-6.401
-6.285
-6.006
-5.933
-6.092
-6.204
-5.947
-5.491
-5.199
-5.162
-5.282
-5.4
-5.237
-4.825
-4.591
-4.661
-4.693
-4.538
-4.507
-4.727
-4.818
-4.641
-4.641
-5.078
-5.326
-4.751
-3.71
-2.939
-2.658
-2.533
-2.202
-1.724
-1.585
-2.011
-2.62
-2.774
-2.418
-2.161
-2.329
-2.645
-2.912
-3.246
-3.606
-3.783
-3.733
-3.57
-3.495
-3.461
-3.173
-2.574
-1.914
-1.395
-1.168
-1.186
-1.018
-0.467
-0.073
-0.31
-0.787
-0.735
-0.222
-0.122
-0.776
-1.517
-1.803
-1.834
-2.057
-2.617
-3.144
-3.209
-2.958
-2.76
-2.721
-2.602
-2.059
-1.197
-0.462
0.027
0.321
0.501
0.691
0.805
0.682
0.562
0.721
1.102
1.461
1.64
1.891
2.549
3.291
3.429
2.912
2.334
2.234
2.422
2.438
2.311
2.461
3.003
3.69
4.2
4.512
4.838
5.153
5.301
5.36
5.591
5.954
6.201
6.208
6.054
5.933
6.067
6.41
6.691
6.668
6.473
6.519
7.025
7.682
7.921
7.614
7.331
7.51
7.823
7.773
7.565
7.714
8.252
8.783
9.036
9.025
8.948
9.159
9.644
10.021
10.248
10.597
11.153
11.57
11.516
11.098
10.745
10.527
10.25
9.942
9.767
9.901
10.309
10.62
10.473
10.105
10.037
10.284
10.418
10.232
10.055
10.329
11.053
11.768
12.055
11.831
11.4
11.085
10.833
10.356
9.685
9.182
9.03
9.13
9.275
9.239
8.91
8.556
8.496
8.569
8.431
8.145
8
8.016
7.945
7.717
7.446
7.108
6.659
6.213
5.891
5.723
5.698
5.809
5.963
6.106
6.229
6.287
6.271
6.229
6.204
6.179
6.226
6.362
6.464
6.494
6.434
6.208
5.781
5.232
4.57
3.88
3.33
3.034
2.976
3.019
3.137
3.35
3.606
3.847
4.11
4.404
4.7
5.121
5.759
6.358
6.609
6.526
6.317
6.049
5.629
5.078
4.552
4.101
3.67
3.3
3.023
2.744
2.49
2.54
2.958
3.413
3.663
3.758
3.795
3.847
3.876
3.706
3.303
2.912
2.767
2.726
2.519
2.114
1.717
1.443
1.161
0.712
0.138
-0.283
-0.347
-0.172
-0.061
-0.12
-0.122
0.17
0.68
1.114
1.181
0.903
0.606
0.404
0.102
-0.388
-0.941
-1.499
-2.077
-2.592
-2.917
-2.944
-2.712
-2.305
-1.825
-1.277
-0.657
-0.124
0.082
-0.075
-0.435
-0.859
-1.234
-1.606
-2.02
-2.443
-2.855
-3.218
-3.47
-3.681
-3.806
-3.643
-3.227
-2.864
-2.674
-2.438
-2.007
-1.526
-1.195
-1.1
-1.22
-1.449
-1.714
-2.08
-2.59
-3.198
-3.842
-4.493
-5.124
-5.664
-6.063
-6.408
-6.755
-7.027
-7.145
-7.029
-6.673
-6.165
-5.75
-5.609
-5.623
-5.568
-5.514
-5.736
-6.362
-7.177
-7.873
-8.388
-8.912
-9.595
-10.296
-10.781
-10.994
-11.017
-10.901
-10.665
-10.356
-10.007
-9.658
-9.315
-8.984
-8.756
-8.701
-8.832
-9.107
-9.465
-9.876
-10.309
-10.745
-11.162
-11.511
-11.668
-11.67
-11.724
-11.852
-11.852
-11.597
-11.108
-10.506
-9.958
-9.549
-9.252
-9.002
-8.857
-8.937
-9.188
-9.494
-9.878
-10.375
-10.853
-11.223
-11.552
-11.983
-12.469
-12.74
-12.727
-12.618
-12.478
-12.303
-11.972
-11.343
-10.65
-10.305
-10.391
-10.636
-10.706
-10.749
-11.101
-11.786
-12.371
-12.532
-12.421
-12.489
-12.892
-13.174
-12.929
-12.446
-12.264
-12.471
-12.625
-12.405
-12.076
-12.022
-12.147
-12.067
-11.675
-11.317
-11.282
-11.389
-11.282
-11.017
-10.883
-11.039
-11.323
-11.48
-11.484
-11.561
-11.765
-11.861
-11.618
-11.117
-10.638
-10.395
-10.3
-10.105
-9.86
-9.779
-9.785
-9.633
-9.322
-9.023
-8.821
-8.635
-8.272
-7.821
-7.632
-7.762
-7.864
-7.687
-7.354
-7.117
-7.12
-7.188
-7.018
-6.53
-6.024
-5.79
-5.641
-5.25
-4.652
-4.128
-3.903
-3.845
-3.665
-3.277
-2.882
-2.765
-3.053
-3.443
-3.542
-3.475
-3.679
-4.053
-4.227
-4.144
-3.838
-3.366
-2.953
-2.531
-1.624
-0.197
0.868
0.85
0.088
-0.249
0.535
1.653
1.837
1.132
0.966
1.971
2.946
2.477
0.88
-0.317
-0.392
-0.174
-0.46
-0.716
-0.158
1.002
1.921
2.152
2.089
2.422
3.139
3.504
3.255
3.151
3.717
4.253
3.792
2.542
1.563
1.404
1.61
1.277
0.376
0.115
1.218
2.824
3.518
3.151
2.887
3.54
4.448
4.545
3.858
3.246
3.214
3.289
2.792
1.875
1.268
1.061
0.501
-0.628
-1.315
-0.687
0.501
1.064
1.089
1.354
2.02
2.47
2.093
1.152
0.621
0.827
1.109
0.696
-0.22
-0.617
-0.122
0.331
-0.115
-1.059
-1.467
-0.973
-0.274
-0.097
-0.39
-0.469
0.077
0.705
0.61
-0.036
-0.383
-0.369
-0.549
-0.968
-1.257
-1.218
-1.075
-1.107
-1.297
-1.372
-1.241
-1.052
-0.834
-0.294
0.664
1.565
1.792
1.32
0.751
0.537
0.383
-0.181
-0.932
-1.254
-0.995
-0.521
-0.259
-0.303
-0.44
-0.451
-0.299
-0.102
0.075
0.36
0.846
1.333
1.583
1.687
1.796
1.753
1.199
0.156
-0.802
-1.197
-1.127
-1.107
-1.479
-1.848
-1.746
-1.456
-1.422
-1.519
-1.447
-1.013
-0.222
0.574
1.011
1.123
1.268
1.542
1.56
1.048
0.267
-0.224
-0.281
-0.261
-0.669
-1.47
-1.975
-1.935
-1.898
-2.264
-2.744
-2.892
-2.826
-2.994
-3.395
-3.615
-3.536
-3.511
-3.817
-4.321
-4.609
-4.509
-4.282
-4.214
-4.339
-4.457
-4.398
-4.335
-4.634
-5.192
-5.577
-5.743
-6.02
-6.562
-7.079
-7.354
-7.524
-7.855
-8.469
-9.22
-9.837
-10.227
-10.436
-10.586
-10.788
-10.795
-10.407
-9.839
-9.395
-9.073
-8.714
-8.257
-7.884
-7.76
-7.653
-7.283
-6.759
-6.344
-6.179
-6.195
-6.28
-6.446
-6.8
-7.231
-7.578
-7.764
-7.775
-7.696
-7.66
-7.662
-7.576
-7.287
-6.766
-6.058
-5.294
-4.563
-3.876
-3.3
-2.971
-2.837
-2.599
-2.103
-1.496
-0.97
-0.626
-0.467
-0.372
-0.274
-0.259
-0.426
-0.673
-0.796
-0.82
-0.875
-0.957
-1.036
-1.193
-1.299
-1.174
-0.952
-0.88
-0.948
-0.946
-0.746
-0.469
-0.274
-0.176
0.009
0.321
0.447
0.086
-0.551
-0.836
-0.608
-0.369
-0.492
-0.785
-0.825
-0.659
-0.68
-1.034
-1.37
-1.39
-1.213
-1.054
-1.057
-1.372
-1.812
-2.125
-2.415
-2.908
-3.461
-3.903
-4.241
-4.57
-4.928
-5.165
-5.096
-4.811
-4.629
-4.772
-5.101
-5.264
-5.119
-4.997
-5.071
-4.881
-4.178
-3.409
-3.078
-3.218
-3.507
-3.686
-3.704
-3.827
-4.119
-4.411
-4.536
-4.641
-4.854
-5.147
-5.457
-5.777
-6.011
-6.099
-6.117
-6.199
-6.299
-6.294
-6.283
-6.34
-6.303
-6.167
-6.213
-6.496
-6.666
-6.505
-6.101
-5.595
-5.022
-4.439
-3.892
-3.395
-3.069
-3.01
-3.039
-2.965
-2.878
-3.025
-3.393
-3.758
-4.071
-4.395
-4.668
-4.931
-5.369
-5.809
-5.873
-5.641
-5.53
-5.666
-5.797
-5.781
-5.822
-6.015
-6.092
-5.877
-5.553
-5.351
-5.262
-5.156
-4.97
-4.863
-4.928
-5.02
-4.89
-4.57
-4.328
-4.31
-4.371
-4.393
-4.534
-4.829
-5.024
-5.049
-5.142
-5.507
-6.015
-6.444
-6.795
-7.174
-7.562
-7.928
-8.324
-8.746
-9.059
-9.202
-9.297
-9.42
-9.452
-9.152
-8.569
-8.055
-7.751
-7.467
-7.081
-6.759
-6.707
-6.911
-7.202
-7.376
-7.53
-7.868
-8.342
-8.744
-9.009
-9.154
-9.273
-9.454
-9.758
-10.164
-10.524
-10.797
-11.124
-11.455
-11.473
-11.13
-10.813
-10.858
-11.046
-10.951
-10.593
-10.452
-10.829
-11.389
-11.529
-11.223
-11.089
-11.464
-11.883
-11.724
-11.146
-10.822
-10.896
-10.887
-10.62
-10.466
-10.656
-10.912
-10.896
-10.713
-10.758
-11.176
-11.745
-12.167
-12.342
-12.434
-12.673
-12.929
-12.823
-12.416
-12.228
-12.586
-13.192
-13.503
-13.389
-13.262
-13.412
-13.675
-13.741
-13.51
-13.195
-13.038
-12.97
-12.736
-12.346
-12.055
-11.913
-11.699
-11.241
-10.776
-10.533
-10.413
-10.294
-10.241
-10.323
-10.565
-10.933
-11.352
-11.742
-12.051
-12.333
-12.57
-12.729
-12.838
-12.977
-13.072
-13.045
-12.899
-12.727
-12.471
-11.938
-11.101
-10.234
-9.508
-8.839
-8.181
-7.596
-7.145
-6.931
-6.995
-7.204
-7.328
-7.422
-7.791
-8.356
-8.737
-8.891
-9.036
-9.193
-9.202
-9.025
-8.841
-8.93
-9.139
-9.014
-8.556
-8.374
-8.678
-8.959
-8.742
-8.17
-7.751
-7.811
-8.059
-7.921
-7.354
-6.97
-7.163
-7.576
-7.657
-7.365
-7.117
-7.193
-7.537
-7.934
-8.1
-8.007
-7.93
-8.043
-8.163
-8.227
-8.44
-8.935
-9.386
-9.615
-9.908
-10.377
-10.851
-11.176
-11.244
-10.951
-10.517
-10.359
-10.497
-10.586
-10.517
-10.708
-11.427
-12.371
-13.099
-13.487
-13.734
-14.374
-15.447
-15.878
-14.528
-12.31
-11.736
-12.997
-13.394
-11.845
-10.606
-11.659
-13.961
-14.9
-13.634
-11.983
-11.967
-13.248
-13.761
-12.614
-11.307
-11.947
-14.224
-15.676
-15.036
-13.621
-13.226
-13.673
-13.264
-11.202
-8.792
-8.19
-9.577
-10.448
-9.22
-7.691
-8.168
-9.937
-10.318
-8.422
-6.439
-6.403
-7.453
-7.784
-6.911
-5.732
-5.516
-6.269
-6.646
-5.79
-4.314
-3.59
-4.024
-4.253
-3.348
-2.248
-1.955
-2.305
-2.604
-2.195
-1.286
-0.882
-1.431
-2.075
-1.765
-0.721
0.084
0.68
1.585
2.519
3.082
3.432
3.804
4.149
4.13
3.574
3.021
2.91
3.08
3.103
2.939
3.007
3.572
3.999
3.997
4.012
4.057
4.142
4.477
4.919
5.165
5.101
5.137
5.696
6.22
6.013
5.403
5.133
5.457
5.949
6.024
5.841
6.036
6.514
6.703
6.369
5.75
5.43
5.468
5.466
5.371
5.285
5.181
5.244
5.443
5.475
5.176
4.547
4.064
4.25
4.758
5.065
5.276
5.634
6.063
6.276
6.229
6.122
5.97
5.643
5.212
4.883
4.745
4.613
4.33
4.155
4.221
4.18
3.937
3.921
4.237
4.42
4.037
3.319
2.996
3.132
3.214
3.03
2.758
2.781
3.277
3.767
3.869
3.842
3.865
3.887
3.767
3.464
3.135
2.944
3.11
3.744
4.505
5.089
5.768
6.576
7.39
7.943
7.887
7.301
6.65
6.163
5.806
5.526
5.194
4.986
5.067
5.349
5.711
5.877
5.689
5.535
5.682
5.972
6.326
6.73
7.236
7.775
8.236
8.621
8.993
9.289
9.581
9.792
9.627
9.184
8.805
8.606
8.487
8.317
8.275
8.549
8.83
8.846
8.801
8.83
8.774
8.458
7.864
7.256
6.816
6.46
6.22
6.054
5.873
6.011
6.705
7.424
7.701
7.721
7.855
8.234
8.501
8.345
7.959
7.778
7.941
8.213
8.174
7.739
7.188
6.779
6.36
5.682
4.811
3.949
3.275
2.819
2.542
2.427
2.47
2.599
2.721
2.701
2.506
2.411
2.533
2.57
2.277
1.85
1.551
1.404
1.286
1.011
0.608
0.319
0.202
0.109
-0.104
-0.433
-0.744
-0.959
-1.156
-1.39
-1.696
-2.091
-2.411
-2.456
-2.334
-2.501
-3.069
-3.636
-3.972
-4.262
-4.754
-5.358
-5.734
-5.709
-5.48
-5.232
-4.938
-4.445
-3.758
-3.094
-2.765
-2.717
-2.658
-2.506
-2.452
-2.636
-2.987
-3.339
-3.518
-3.493
-3.486
-3.722
-4.03
-3.972
-3.504
-3.014
-2.799
-2.624
-2.207
-1.62
-1.134
-0.834
-0.555
-0.188
0.208
0.583
0.857
1.013
1.1
1.197
1.331
1.44
1.395
1.172
0.993
1.054
1.263
1.528
1.9
2.383
2.828
3.103
3.282
3.5
3.776
3.949
3.856
3.586
3.464
3.613
3.869
4.017
3.976
3.928
4.105
4.42
4.556
4.389
4.149
4.105
4.205
4.153
3.896
3.638
3.606
3.76
3.871
3.908
4.021
4.246
4.439
4.425
4.142
3.713
3.37
3.132
2.839
2.466
2.238
2.34
2.531
2.402
2.091
1.962
1.975
1.866
1.594
1.347
1.25
1.331
1.563
1.755
1.703
1.452
1.209
1.032
0.712
0.213
-0.297
-0.653
-0.778
-0.762
-0.726
-0.78
-0.866
-0.836
-0.664
-0.514
-0.537
-0.675
-0.771
-0.794
-0.882
-1.027
-1.105
-0.961
-0.632
-0.333
-0.234
-0.202
-0.12
-0.122
-0.34
-0.685
-0.898
-0.802
-0.581
-0.503
-0.489
-0.129
0.703
1.579
2.011
2.093
2.261
2.629
2.905
2.857
2.556
2.293
2.325
2.629
2.978
3.202
3.411
3.79
4.239
4.525
4.666
4.84
5.176
5.636
6.027
6.199
6.349
6.721
7.231
7.517
7.578
7.793
8.204
8.374
8.177
7.954
7.968
8.104
8.188
8.245
8.39
8.735
9.229
9.68
9.967
10.17
10.3
10.327
10.289
10.25
10.303
10.441
10.549
10.5
10.343
10.257
10.259
10.139
9.728
9.243
8.917
8.694
8.381
7.991
7.73
7.717
7.864
8.055
8.229
8.34
8.433
8.515
8.433
8.232
8.043
7.871
7.603
7.231
6.795
6.444
6.156
5.845
5.591
5.482
5.5
5.519
5.353
5.013
4.811
4.868
4.935
4.742
4.294
3.903
3.77
3.765
3.692
3.547
3.468
3.595
3.876
4.128
4.248
4.284
4.489
4.94
5.33
5.421
5.389
5.423
5.439
5.317
5.024
4.679
4.445
4.4
4.445
4.484
4.588
4.922
5.385
5.723
5.926
6.215
6.652
7.027
7.124
7.013
7.029
7.344
7.739
7.968
8.095
8.372
8.903
9.561
10.053
10.259
10.366
10.524
10.738
10.855
10.722
10.491
10.473
10.6
10.656
10.69
10.887
11.278
11.736
12.042
12.151
12.398
12.952
13.519
13.868
14.186
14.58
14.941
15.161
15.301
15.542
16.03
16.671
17.232
17.588
17.844
18.144
18.5
18.713
18.579
18.225
18.028
18.173
18.437
18.377
17.797
16.816
15.823
15.59
16.644
18.348
19.507
19.933
20.476
21.6
22.649
22.639
21.506
20.362
20.194
20.839
21.503
21.798
21.88
21.793
21.426
20.77
20.04
19.31
18.427
17.273
16.227
16.05
17.157
18.854
19.72
19.237
18.604
19.003
19.75
19.357
17.912
16.969
17.45
18.552
18.961
18.405
17.667
17.266
16.846
15.853
14.442
13.328
12.845
12.711
12.57
12.384
12.344
12.51
12.614
12.351
11.922
11.858
12.244
12.525
12.324
11.929
11.758
11.572
10.908
9.903
9.22
9.252
9.554
9.275
8.247
7.278
6.954
6.627
5.427
3.704
2.667
2.869
3.606
