Unnamed: 3
Value
-1.442
-1.665
-1.66
-1.529
-1.356
-1.231
-1.195
-1.172
-1.109
-1.041
-1.03
-1.025
-0.896
-0.58
-0.138
0.322
0.775
1.222
1.617
1.853
1.935
1.916
1.821
1.724
1.678
1.667
1.635
1.547
1.365
1.12
0.905
0.744
0.667
0.716
0.814
0.864
0.866
0.905
0.932
0.798
0.494
0.222
0.063
-0.075
-0.231
-0.376
-0.422
-0.347
-0.247
-0.238
-0.374
-0.637
-0.986
-1.379
-1.762
-2.123
-2.472
-2.799
-3.101
-3.409
-3.729
-4.087
-4.525
-4.972
-5.285
-5.378
-5.269
-5.128
-5.092
-5.167
-5.312
-5.53
-5.845
-6.238
-6.553
-6.682
-6.639
-6.46
-6.142
-5.687
-5.09
-4.423
-3.804
-3.314
-2.955
-2.699
-2.511
-2.329
-2.125
-1.928
-1.747
-1.529
-1.268
-1.118
-1.145
-1.202
-1.095
-0.866
-0.628
-0.372
-0.025
0.299
0.479
0.49
0.299
-0.079
-0.547
-0.905
-1.098
-1.207
-1.365
-1.506
-1.468
-1.32
-1.318
-1.495
-1.549
-1.327
-1.061
-1.007
-1.107
-1.207
-1.261
-1.424
-1.883
-2.592
-3.278
-3.772
-4.099
-4.246
-4.151
-3.915
-3.702
-3.584
-3.604
-3.74
-3.956
-4.26
-4.618
-4.988
-5.319
-5.573
-5.718
-5.736
-5.705
-5.628
-5.428
-5.178
-5.038
-4.965
-4.743
-4.389
-4.067
-3.824
-3.577
-3.373
-3.223
-3.051
-2.824
-2.629
-2.393
-1.969
-1.329
-0.562
0.177
0.737
1.186
1.719
2.377
3.026
3.568
4.076
4.568
4.952
5.156
5.196
5.169
5.224
5.398
5.632
5.811
5.959
6.149
6.419
6.73
7.072
7.433
7.667
7.669
7.515
7.365
7.331
7.379
7.397
7.338
7.295
7.279
7.138
6.825
6.399
5.915
5.51
5.264
5.165
5.069
4.816
4.441
4.026
3.654
3.282
2.917
2.627
2.502
2.377
2.109
1.819
1.71
1.71
1.658
1.551
1.49
1.508
1.574
1.681
1.821
1.989
2.157
2.266
2.311
2.357
2.407
2.443
2.538
2.719
2.885
2.983
3.039
3.003
2.869
2.672
2.534
2.547
2.638
2.686
2.651
2.699
2.958
3.296
3.461
3.323
3.01
2.754
2.647
2.638
2.588
2.517
2.475
2.456
2.425
2.407
2.436
2.645
3.026
3.45
3.752
3.897
3.908
3.767
3.486
3.085
2.631
2.28
2.041
1.776
1.406
1.061
0.946
1.125
1.477
1.871
2.236
2.522
2.724
2.903
3.033
3.035
2.917
2.774
2.778
2.946
3.119
3.214
3.3
3.402
3.536
3.765
4.028
4.221
4.314
4.283
4.21
4.292
4.645
5.199
5.761
6.113
6.199
6.058
5.786
5.457
5.133
4.947
4.976
5.11
5.233
5.328
5.45
5.607
5.739
5.661
5.314
4.926
4.673
4.514
4.353
4.121
3.845
3.665
3.561
3.366
3.037
2.749
2.613
2.581
2.642
2.804
2.978
2.969
2.609
1.76
0.54
-0.633
-1.538
-2.18
-2.583
-2.747
-2.697
-2.522
-2.411
-2.493
-2.717
-2.983
-3.305
-3.792
-4.439
-5.042
-5.31
-5.192
-4.888
-4.668
-4.661
-4.72
-4.666
-4.568
-4.523
-4.491
-4.301
-3.849
-3.23
-2.719
-2.484
-2.345
-2.039
-1.513
-0.882
-0.277
0.249
0.644
0.873
0.944
0.935
1.082
1.472
1.955
2.284
2.427
2.588
2.953
3.477
4.015
4.45
4.738
4.884
4.861
4.668
4.373
4.153
4.196
4.509
4.961
5.439
5.911
6.365
6.721
6.923
7.034
7.188
7.44
7.603
7.485
7.102
6.703
6.476
6.514
6.802
7.152
7.281
7.104
6.65
6.025
5.328
4.677
4.167
3.772
3.439
3.135
2.894
2.751
2.665
2.633
2.651
2.667
2.642
2.534
2.266
1.898
1.615
1.526
1.549
1.613
1.71
1.824
1.801
1.524
1.077
0.694
0.449
0.186
-0.163
-0.501
-0.726
-0.785
-0.617
-0.227
0.315
0.896
1.395
1.769
2.019
2.168
2.189
2.162
2.261
2.52
2.831
3.112
3.375
3.677
3.967
4.223
4.489
4.754
4.965
5.06
4.963
4.734
4.525
4.373
4.21
4.015
3.788
3.5
3.144
2.804
2.622
2.62
2.645
2.586
2.443
2.289
2.157
2.05
1.932
1.803
1.742
1.769
1.756
1.583
1.193
0.667
0.145
-0.286
-0.542
-0.578
-0.51
-0.47
-0.44
-0.363
-0.229
-0.115
-0.129
-0.265
-0.488
-0.832
-1.225
-1.468
-1.483
-1.395
-1.343
-1.356
-1.42
-1.526
-1.685
-1.846
-1.921
-1.889
-1.756
-1.513
-1.204
-0.93
-0.746
-0.648
-0.553
-0.408
-0.197
0.061
0.317
0.535
0.685
0.737
0.71
0.71
0.876
1.179
1.418
1.536
1.658
1.785
1.783
1.626
1.377
1.109
0.801
0.401
-0.109
-0.578
-0.803
-0.744
-0.558
-0.404
-0.256
-0.059
0.15
0.252
0.193
0.007
-0.19
-0.313
-0.356
-0.274
-0.047
0.213
0.392
0.453
0.378
0.118
-0.32
-0.798
-1.159
-1.479
-1.821
-2.05
-2.08
-1.975
-1.824
-1.726
-1.708
-1.721
-1.799
-2.032
-2.334
-2.561
-2.633
-2.559
-2.434
-2.327
-2.212
-2.069
-1.928
-1.835
-1.767
-1.683
-1.556
-1.361
-1.075
-0.766
-0.519
-0.32
-0.104
0.113
0.306
0.485
0.751
1.104
1.377
1.431
1.334
1.218
1.181
1.179
1.077
0.857
0.678
0.648
0.712
0.771
0.83
0.925
0.968
0.846
0.592
0.329
0.15
0.093
0.161
0.32
0.531
0.787
1.032
1.259
1.44
1.497
1.395
1.193
0.971
0.823
0.775
0.821
0.889
0.932
0.946
0.88
0.692
0.395
0.011
-0.492
-1.102
-1.724
-2.273
-2.756
-3.112
-3.243
-3.164
-3.012
-2.901
-2.835
-2.733
-2.55
-2.416
-2.461
-2.633
-2.74
-2.71
-2.631
-2.602
-2.633
-2.67
-2.747
-2.869
-2.978
-3.021
-3.057
-3.221
-3.525
-3.876
-4.155
-4.285
-4.31
-4.316
-4.31
-4.266
-4.203
-4.14
-4.096
-4.04
-3.945
-3.84
-3.836
-3.913
-3.963
-3.888
-3.693
-3.468
-3.284
-3.137
-2.93
-2.715
-2.629
-2.738
-2.962
-3.219
-3.461
-3.638
-3.699
-3.675
-3.607
-3.498
-3.273
-2.953
-2.624
-2.271
-1.821
-1.343
-0.968
-0.757
-0.633
-0.433
-0.111
0.222
0.508
0.755
1.007
1.293
1.585
1.821
2.019
2.273
2.565
2.765
2.824
2.837
2.928
3.101
3.278
3.43
3.6
3.827
4.092
4.296
4.373
4.423
4.516
4.591
4.584
4.505
4.384
4.214
3.967
3.699
3.5
3.355
3.198
3.089
3.003
2.855
2.536
2.102
1.708
1.388
1.061
0.719
0.399
0.168
-0.007
-0.252
-0.621
-0.982
-1.243
-1.47
-1.799
-2.275
-2.801
-3.266
-3.656
-4.053
-4.48
-4.813
-4.917
-4.861
-4.788
-4.809
-4.949
-5.192
-5.478
-5.739
-5.85
-5.759
-5.523
-5.269
-5.113
-5.072
-5.079
-5.106
-5.083
-4.943
-4.722
-4.548
-4.459
-4.493
-4.57
-4.55
-4.403
-4.16
-3.767
-3.207
-2.547
-1.969
-1.637
-1.456
-1.22
-0.846
-0.365
0.193
0.81
1.42
1.971
2.372
2.597
2.858
3.307
3.836
4.251
4.534
4.757
4.956
5.092
5.187
5.358
5.65
5.986
6.215
6.249
6.12
6.015
6.04
6.181
6.363
6.523
6.682
6.882
7.004
6.95
6.828
6.757
6.718
6.646
6.544
6.41
6.306
6.181
5.863
5.276
4.654
4.289
4.142
3.951
3.645
3.5
3.726
4.065
4.167
4.105
4.13
4.112
3.749
3.2
2.896
2.917
2.817
2.271
1.533
1.009
0.737
0.58
0.617
0.93
1.381
1.719
1.826
1.733
1.529
1.327
1.234
1.236
1.15
0.918
0.848
1.15
1.565
1.697
1.567
1.685
2.232
2.706
2.642
2.189
1.767
1.465
1.172
0.968
1.032
1.259
1.381
1.322
1.352
1.599
1.926
2.171
2.32
2.416
2.552
2.787
3.071
3.239
3.182
3.125
3.343
3.724
3.978
4.035
4.051
4.11
4.128
4.085
4.187
4.498
4.745
4.713
4.45
4.266
4.555
5.419
6.494
7.256
7.429
7.263
7.161
7.177
7.068
6.762
6.39
6.131
6.081
6.181
6.374
6.712
7.22
7.853
8.381
8.608
8.57
8.406
8.141
7.796
7.403
7.045
6.784
6.664
6.644
6.739
6.898
6.841
6.426
5.777
5.217
4.954
4.868
4.745
4.489
4.105
3.801
3.779
3.976
4.189
4.266
4.128
3.867
3.561
3.178
2.747
2.316
1.871
1.422
1.034
0.778
0.705
0.864
1.202
1.461
1.404
1.154
0.941
0.791
0.551
0.125
-0.415
-0.866
-1.039
-0.887
-0.524
-0.161
0.118
0.444
0.894
1.297
1.47
1.44
1.295
1.111
0.959
0.843
0.737
0.653
0.59
0.592
0.771
1.057
1.273
1.302
1.175
1.021
0.982
1.091
1.216
1.249
1.286
1.508
1.996
2.633
3.225
3.663
3.983
4.237
4.328
4.146
3.785
3.457
3.246
3.057
2.855
2.713
2.756
3.015
3.337
3.581
3.688
3.693
3.652
3.473
3.094
2.677
2.459
2.454
2.486
2.486
2.534
2.749
3.051
3.305
3.493
3.575
3.518
3.352
3.173
3.026
2.89
2.767
2.756
2.833
2.93
3.044
3.196
3.33
3.284
2.969
2.568
2.377
2.47
2.665
2.769
2.754
2.787
2.983
3.13
2.951
2.475
2.03
1.769
1.447
0.948
0.503
0.31
0.254
0.181
0.15
0.29
0.542
0.726
0.726
0.633
0.558
0.533
0.506
0.342
-0.005
-0.369
-0.594
-0.719
-0.9
-1.166
-1.259
-1.057
-0.785
-0.735
-0.93
-1.213
-1.468
-1.656
-1.774
-1.796
-1.747
-1.653
-1.558
-1.436
-1.231
-0.88
-0.385
0.106
0.433
0.54
0.531
0.608
0.843
1.1
1.225
1.304
1.504
1.762
1.88
1.769
1.558
1.409
1.359
1.359
1.356
1.368
1.42
1.463
1.383
1.286
1.347
1.601
1.835
1.812
1.504
1.098
0.787
0.653
0.585
0.472
0.347
0.338
0.41
0.465
0.456
0.465
0.587
0.789
0.83
0.576
0.177
-0.156
-0.358
-0.585
-0.88
-1.098
-1.188
-1.295
-1.526
-1.765
-1.885
-1.894
-1.894
-1.939
-2.052
-2.271
-2.615
-3.001
-3.305
-3.516
-3.64
-3.634
-3.527
-3.436
-3.432
-3.459
-3.432
-3.355
-3.205
-3.071
-3.085
-3.25
-3.375
-3.357
-3.246
-3.116
-2.98
-2.801
-2.631
-2.552
-2.577
-2.658
-2.731
-2.724
-2.654
-2.552
-2.488
-2.461
-2.477
-2.543
-2.645
-2.738
-2.683
-2.468
-2.289
-2.384
-2.722
-3.033
-3.11
-3.008
-2.899
-2.874
-2.872
-2.828
-2.758
-2.665
-2.524
-2.345
-2.168
-2.012
-1.883
-1.762
-1.64
-1.542
-1.547
-1.663
-1.824
-1.896
-1.83
-1.767
-1.855
-2.001
-2.062
-2.062
-2.071
-2.123
-2.232
-2.366
-2.547
-2.792
-3.024
-3.153
-3.18
-3.173
-3.2
-3.337
-3.566
-3.799
-3.906
-3.84
-3.647
-3.448
-3.284
-3.171
-3.144
-3.198
-3.268
-3.302
-3.278
-3.257
-3.332
-3.495
-3.631
-3.729
-3.86
-4.044
-4.196
-4.276
-4.312
-4.378
-4.484
-4.561
-4.575
-4.559
-4.55
-4.555
-4.618
-4.781
-5.053
-5.367
-5.602
-5.605
-5.396
-5.147
-4.997
-4.954
-4.893
-4.738
-4.529
-4.328
-4.162
-4.04
-3.956
-3.897
-3.922
-4.015
-4.094
-4.096
-4.067
-4.055
-4.067
-4.053
-3.981
-3.874
-3.785
-3.713
-3.604
-3.477
-3.454
-3.566
-3.749
-3.928
-4.028
-3.965
-3.729
-3.409
-3.125
-2.949
-2.84
-2.715
-2.479
-2.209
-2.007
-1.876
-1.771
-1.708
-1.699
-1.694
-1.708
-1.803
-2.037
-2.402
-2.883
-3.352
-3.677
-3.842
-3.922
-3.992
-4.058
-4.126
-4.214
-4.285
-4.287
-4.296
-4.4
-4.55
-4.598
-4.516
-4.366
-4.235
-4.135
-4.067
-3.99
-3.854
-3.711
-3.686
-3.799
-3.965
-4.067
-4.119
-4.239
-4.43
-4.609
-4.759
-4.954
-5.206
-5.391
-5.426
-5.405
-5.459
-5.639
-5.95
-6.276
-6.485
-6.567
-6.555
-6.426
-6.163
-5.852
-5.557
-5.308
-5.113
-4.911
-4.659
-4.384
-4.214
-4.173
-4.194
-4.228
-4.257
-4.248
-4.187
-4.058
-3.94
-3.967
-4.171
-4.439
-4.609
-4.604
-4.514
-4.509
-4.652
-4.858
-5.029
-5.113
-5.147
-5.156
-5.088
-4.963
-4.845
-4.781
-4.825
-4.949
-5.065
-5.056
-4.92
-4.693
-4.373
-3.992
-3.67
-3.423
-3.207
-2.983
-2.787
-2.763
-3.039
-3.513
-3.992
-4.384
-4.634
-4.727
-4.695
-4.6
-4.539
-4.586
-4.745
-4.958
-5.083
-5.069
-4.992
-4.963
-5.047
-5.196
-5.36
-5.507
-5.619
-5.691
-5.689
-5.637
-5.564
-5.478
-5.342
-5.172
-4.999
-4.811
-4.604
-4.412
-4.339
-4.389
-4.461
-4.5
-4.5
-4.546
-4.668
-4.766
-4.748
-4.654
-4.566
-4.529
-4.561
-4.584
-4.541
-4.432
-4.316
-4.248
-4.185
-3.999
-3.708
-3.475
-3.368
-3.273
-3.162
-3.157
-3.377
-3.722
-3.992
-4.037
-3.906
-3.792
-3.838
-3.963
-3.994
-3.924
-3.879
-3.945
-4.065
-4.203
-4.459
-4.913
-5.464
-5.906
-6.086
-6.097
-6.165
-6.301
-6.333
-6.131
-5.847
-5.709
-5.664
-5.534
-5.274
-4.976
-4.754
-4.555
-4.285
-3.965
-3.679
-3.486
-3.291
-3.012
-2.654
-2.357
-2.286
-2.372
-2.402
-2.264
-2.012
-1.826
-1.819
-1.901
-1.923
-1.871
-1.844
-1.855
-1.81
-1.767
-1.803
-1.93
-2.087
-2.259
-2.411
-2.477
-2.52
-2.609
-2.763
-2.917
-3.028
-3.092
-3.132
-3.228
-3.352
-3.425
-3.527
-3.799
-4.158
-4.414
-4.491
-4.452
-4.382
-4.325
-4.296
-4.301
-4.337
-4.423
-4.582
-4.704
-4.704
-4.698
-4.786
-4.999
-5.285
-5.534
-5.702
-5.913
-6.215
-6.546
-6.834
-7.088
-7.381
-7.737
-8.064
-8.304
-8.522
-8.789
-9.082
-9.386
-9.547
-9.391
-8.83
-7.941
-6.902
-5.927
-5.192
-4.777
-4.6
-4.584
-4.711
-4.843
-4.691
-4.164
-3.477
-2.983
-2.729
-2.445
-1.874
-1.177
-0.723
-0.635
-0.617
-0.342
0.093
0.415
0.63
0.9
1.254
1.574
1.806
1.98
2.218
2.59
2.994
3.114
2.826
2.393
2.078
1.889
1.699
1.445
1.295
1.456
1.853
2.225
2.434
2.524
2.497
2.3
2.014
1.835
1.878
2.055
2.146
2.059
1.91
1.93
2.205
2.577
2.692
2.422
2.084
1.978
2.089
2.034
1.633
1.252
1.327
1.776
2.175
2.359
2.588
3.06
3.559
3.69
3.414
3.083
3.098
3.468
3.808
3.881
3.77
3.636
3.518
3.296
2.778
2.1
1.706
1.678
1.697
1.551
1.429
1.563
1.851
2.01
1.876
1.581
1.429
1.486
1.54
1.44
1.3
1.322
1.581
1.951
2.118
1.914
1.477
1.012
0.601
0.242
-0.045
-0.143
-0.002
0.213
0.211
-0.023
-0.256
-0.322
-0.227
-0.118
-0.127
-0.224
-0.281
-0.222
-0.159
-0.227
-0.354
-0.233
0.229
0.76
1.109
1.27
1.397
1.59
1.749
1.737
1.604
1.517
1.454
1.288
1.036
1.014
1.397
1.942
2.264
2.23
2.03
1.901
1.785
1.454
1.009
0.796
1.043
1.508
1.796
1.81
1.769
1.801
1.806
1.665
1.388
1.109
0.948
0.857
0.63
0.249
-0.043
-0.041
0.229
0.524
0.662
0.707
0.839
1.039
1.118
0.986
0.769
0.606
0.506
0.41
0.331
0.401
0.703
1.123
1.451
1.581
1.456
1.127
0.73
0.47
0.447
0.606
0.807
1.021
1.249
1.479
1.56
1.347
0.85
0.317
-0.059
-0.317
-0.521
-0.671
-0.728
-0.642
-0.472
-0.333
-0.297
-0.383
-0.569
-0.814
-1.086
-1.359
-1.545
-1.549
-1.404
-1.372
-1.631
-2.005
-2.184
-2.048
-1.806
-1.672
-1.631
-1.569
-1.501
-1.547
-1.667
-1.724
-1.665
-1.51
-1.386
-1.343
-1.231
-0.946
-0.544
-0.186
0.02
0.136
0.22
0.211
0.075
-0.102
-0.138
0.111
0.544
0.912
1.143
1.263
1.256
1.104
0.855
0.574
0.365
0.336
0.515
0.742
0.839
0.757
0.712
0.898
1.238
1.524
1.701
1.862
2.223
2.781
3.291
3.57
3.679
3.679
3.52
3.182
2.778
2.506
2.504
2.801
3.212
3.5
3.613
3.717
3.858
3.776
3.323
2.747
2.361
2.268
2.268
2.225
2.216
2.372
2.633
2.781
2.745
2.604
2.422
2.141
1.694
1.143
0.721
0.567
0.583
0.596
0.521
0.51
0.735
1.091
1.35
1.363
1.2
0.977
0.662
0.174
-0.458
-1.093
-1.563
-1.792
-1.808
-1.649
-1.313
-0.869
-0.494
-0.354
-0.451
-0.658
-0.855
-1.059
-1.236
-1.277
-1.139
-0.796
-0.283
0.281
0.757
1.052
1.186
1.252
1.209
1.027
0.778
0.66
0.698
0.748
0.746
0.735
0.669
0.535
0.292
-0.104
-0.624
-1.145
-1.515
-1.735
-1.953
-2.309
-2.699
-2.899
-2.862
-2.724
-2.565
-2.343
-2.005
-1.635
-1.397
-1.35
-1.427
-1.538
-1.683
-1.88
-2.087
-2.248
-2.282
-2.155
-1.93
-1.71
-1.563
-1.483
-1.436
-1.447
-1.594
-1.796
-1.892
-1.86
-1.719
-1.56
-1.438
-1.291
-1.08
-0.839
-0.562
-0.24
0.138
0.54
0.939
1.37
1.817
2.232
2.588
2.837
2.937
3.005
3.142
3.341
3.568
3.783
3.933
4.085
4.255
4.307
4.126
3.795
3.454
3.18
2.969
2.787
2.649
2.615
2.651
2.688
2.618
2.39
2.078
1.774
1.542
1.397
1.266
1.159
1.093
1.039
0.916
0.762
0.594
0.363
0.091
-0.106
-0.242
-0.354
-0.474
-0.601
-0.676
-0.68
-0.73
-0.864
-0.993
-1.045
-1.054
-1.148
-1.341
-1.613
-1.946
-2.293
-2.568
-2.747
-2.844
-2.849
-2.758
-2.588
-2.381
-2.177
-2.037
-2.028
-2.198
-2.472
-2.64
-2.602
-2.499
-2.416
-2.309
-2.105
-1.812
-1.508
-1.297
-1.24
-1.282
-1.331
-1.363
-1.359
-1.261
-1.054
-0.714
-0.313
0.045
0.299
0.444
0.562
0.737
0.923
1.075
1.152
1.152
1.15
1.209
1.32
1.49
1.708
1.88
1.969
2.016
2.096
2.173
2.146
1.912
1.581
1.324
1.15
0.928
0.63
0.347
0.242
0.395
0.76
1.181
1.497
1.685
1.783
1.749
1.588
1.352
1.193
1.198
1.261
1.236
1.098
0.944
0.862
0.848
0.796
0.648
0.444
0.22
-0.009
-0.186
-0.252
-0.231
-0.132
0.057
0.268
0.426
0.476
0.417
0.349
0.395
0.644
1.068
1.486
1.808
2.057
2.286
2.495
2.636
2.649
2.592
2.59
2.681
2.74
2.719
2.649
2.597
2.552
2.465
2.273
2.028
1.753
1.411
1.025
0.665
0.338
-0.007
-0.351
-0.565
-0.639
-0.701
-0.814
-0.916
-0.989
-1.127
-1.395
-1.778
-2.25
-2.747
-3.125
-3.271
-3.151
-2.892
-2.602
-2.3
-2.041
-1.953
-2.043
-2.236
-2.411
-2.515
-2.563
-2.527
-2.366
-2.021
-1.483
-0.891
-0.483
-0.399
-0.571
-0.909
-1.322
-1.687
-1.921
-1.937
-1.753
-1.456
-1.098
-0.687
-0.281
0.029
0.211
0.299
0.376
0.524
0.73
0.925
0.991
0.935
0.889
1.007
1.302
1.615
1.835
2.043
2.316
2.618
2.86
2.994
3.028
3.008
2.903
2.729
2.595
2.595
2.735
2.983
3.268
3.495
3.625
3.668
3.67
3.629
3.6
3.658
3.776
3.926
4.189
4.577
4.965
5.231
5.335
5.326
5.253
5.113
4.922
4.693
4.516
4.473
4.55
4.689
4.816
4.849
4.713
4.489
4.253
4.083
4.001
3.985
4.008
4.083
4.114
3.942
3.568
3.103
2.645
2.286
2.073
1.937
1.826
1.701
1.592
1.513
1.44
1.275
1.023
0.857
0.885
1.023
1.186
1.37
1.642
1.973
2.168
2.121
1.951
1.837
1.792
1.812
1.892
1.982
2.021
1.962
1.819
1.697
1.642
1.613
1.549
1.508
1.599
1.801
1.953
2.01
2.071
2.157
2.243
2.322
2.447
2.613
2.815
3.087
3.418
3.745
3.999
4.18
4.278
4.23
4.019
3.733
3.522
3.4
3.302
3.214
3.098
2.903
2.545
1.973
1.259
0.521
-0.115
-0.553
-0.855
-1.179
-1.581
-1.98
-2.327
-2.636
-2.978
-3.355
-3.663
-3.895
-4.128
-4.403
-4.661
-4.858
-5.051
-5.296
-5.573
-5.782
-5.934
-6.072
-6.149
-6.061
-5.793
-5.569
-5.546
-5.623
-5.65
-5.714
-5.868
-5.94
-5.784
-5.43
-4.988
-4.652
-4.611
-4.748
-4.809
-4.811
-4.849
-4.856
-4.752
-4.505
-4.137
-3.711
-3.346
-3.073
-2.819
-2.638
-2.465
-2.071
-1.461
-0.9
-0.467
-0.113
0.1
0.1
-0.118
-0.508
-0.837
-0.891
-0.71
-0.429
-0.061
0.408
0.925
1.3
1.379
1.12
0.624
0.095
-0.193
-0.12
0.233
0.719
1.213
1.615
1.744
1.486
1.034
0.794
0.891
1.198
1.697
2.397
3.123
3.627
3.865
3.888
3.761
3.563
3.412
3.355
3.384
3.47
3.534
3.563
3.55
3.5
3.545
3.688
3.736
3.654
3.634
3.724
3.84
3.945
3.913
3.627
3.103
2.366
1.585
1.025
0.794
0.841
1.086
1.324
1.352
1.118
0.771
0.376
-0.15
-0.823
-1.433
-1.81
-1.946
-1.96
-2.016
-2.223
-2.543
-2.983
-3.679
-4.586
-5.457
-6.065
-6.34
-6.451
-6.523
-6.503
-6.401
-6.417
-6.737
-7.374
-8.129
-8.801
-9.214
-9.202
-8.828
-8.361
-7.916
-7.456
-7.016
-6.628
-6.256
-5.934
-5.646
-5.328
-5.042
-4.831
-4.586
-4.21
-3.672
-3.067
-2.536
-2.132
-1.787
-1.427
-0.98
-0.474
0.014
0.408
0.626
0.728
0.798
0.775
0.705
0.773
1.061
1.524
2.048
2.534
2.974
3.402
3.715
3.811
3.776
3.804
3.906
3.954
3.906
3.829
3.804
3.872
3.978
4.008
3.933
3.824
3.609
3.18
2.647
2.177
1.803
1.429
0.962
0.345
-0.354
-1.025
-1.667
-2.277
-2.849
-3.296
-3.513
-3.62
-3.763
-4.024
-4.314
-4.516
-4.566
-4.575
-4.668
-4.849
-5.02
-5.126
-5.201
-5.251
-5.201
-5.042
-4.834
-4.643
-4.48
-4.357
-4.271
-4.187
-4.176
-4.255
-4.305
-4.262
-4.126
-3.874
-3.513
-3.157
-2.894
-2.66
-2.411
-2.111
-1.717
-1.343
-1.093
-0.819
-0.336
0.351
1.077
1.717
2.214
2.572
2.81
2.91
2.858
2.715
2.57
2.486
2.531
2.713
2.969
3.223
3.457
3.611
3.516
3.157
2.724
2.311
1.885
1.431
1.03
0.714
0.433
0.181
-0.043
-0.165
-0.041
0.315
0.726
1.054
1.313
1.542
1.78
1.984
2.082
2.069
1.982
1.828
1.653
1.447
1.231
1.116
1.159
1.216
1.15
1.007
0.88
0.714
0.451
0.097
-0.238
-0.426
-0.433
-0.354
-0.32
-0.401
-0.569
-0.723
-0.812
-0.86
-0.925
-0.939
-0.753
-0.395
-0.054
0.206
0.479
0.805
1.068
1.12
0.973
0.864
0.957
1.145
1.188
1.118
1.023
0.921
0.775
0.633
0.562
0.676
0.973
1.458
2.078
2.69
3.155
3.489
3.761
3.978
4.042
3.992
4.003
4.167
4.407
4.689
4.997
5.312
5.641
5.913
6.081
6.238
6.455
6.673
6.839
6.973
7.12
7.238
7.211
7.002
6.664
6.281
5.931
5.628
5.346
5.137
5.015
4.924
4.802
4.632
4.457
4.373
4.301
4.14
3.981
3.904
3.849
3.756
3.652
3.595
3.595
3.538
3.296
2.933
2.636
2.511
2.465
2.327
2.111
1.948
1.76
1.361
0.733
-0.025
-0.773
-1.495
-2.3
-3.232
-4.196
-5.106
-5.872
-6.496
-7.052
-7.542
-7.918
-8.186
-8.442
-8.819
-9.354
-9.939
-10.475
-10.908
-11.158
-11.194
-11.148
-11.11
-11.092
-11.021
-10.892
-10.826
-10.888
-10.949
-10.897
-10.745
-10.545
-10.413
-10.357
-10.209
-9.915
-9.549
-9.261
-9.098
-8.885
-8.454
-7.871
-7.333
-6.943
-6.571
-6.063
-5.473
-4.976
-4.561
-4.133
-3.59
-2.874
-2.028
-1.163
-0.306
0.551
1.429
2.25
2.874
3.275
3.665
4.253
4.949
5.546
5.986
6.401
6.823
7.206
7.526
7.789
8.039
8.336
8.667
8.987
9.254
9.395
9.35
9.164
8.939
8.765
8.66
8.599
8.54
8.399
8.166
7.93
7.714
7.379
6.857
6.312
5.963
5.788
5.6
5.349
5.181
5.19
5.244
5.135
4.877
4.593
4.242
3.736
3.139
2.522
1.889
1.207
0.526
-0.029
-0.383
-0.54
-0.538
-0.404
-0.238
-0.143
-0.156
-0.238
-0.322
-0.392
-0.404
-0.252
0.104
0.626
1.238
1.905
2.563
3.001
3.153
3.241
3.459
3.69
3.792
3.799
3.822
3.886
3.967
3.958
3.752
3.418
3.06
2.715
2.449
2.325
2.354
2.534
2.815
3.071
3.193
3.171
3.125
3.089
3.053
3.069
3.205
3.502
3.91
4.321
4.677
4.976
5.24
5.432
5.516
5.562
5.652
5.752
5.793
5.818
5.884
5.902
5.838
5.725
5.619
5.503
5.321
5.067
4.757
4.466
4.217
3.967
3.652
3.3
2.976
2.731
2.622
2.719
2.949
3.205
3.407
3.468
3.314
2.965
2.636
2.54
2.683
2.901
3.067
3.175
3.271
3.418
3.613
3.74
3.747
3.686
3.557
3.355
3.123
2.94
2.887
2.974
3.092
3.087
2.96
2.853
2.817
2.76
2.656
2.554
2.524
2.586
2.749
2.928
3.019
3.026
3.067
3.298
3.743
4.28
4.75
5.006
5.038
4.954
4.874
4.818
4.727
4.579
4.396
4.228
4.135
4.006
3.779
3.504
3.196
2.81
2.345
1.821
1.279
0.801
0.547
0.567
0.751
0.939
1.093
1.204
1.261
1.191
0.986
0.771
0.748
0.946
1.209
1.383
1.504
1.674
1.946
2.259
2.511
2.586
2.49
2.352
2.248
2.18
2.087
1.937
1.765
1.637
1.526
1.383
1.184
0.939
0.73
0.585
0.472
0.39
0.315
0.186
0.005
-0.138
-0.15
0.029
0.331
0.599
0.671
0.569
0.383
0.22
0.129
0.138
0.249
0.419
0.503
0.415
0.299
0.347
0.626
0.971
1.177
1.213
1.141
0.953
0.662
0.374
0.252
0.374
0.692
0.973
1.075
1.041
0.941
0.83
0.773
0.81
0.98
1.266
1.529
1.597
1.461
1.343
1.526
2.048
2.665
3.033
3.053
2.942
2.944
3.057
3.13
3.101
3.017
2.933
2.806
2.552
2.177
1.808
1.567
1.51
1.515
1.418
1.181
0.975
0.857
0.739
0.619
0.603
0.773
1.145
1.536
1.703
1.635
1.556
1.651
1.953
2.402
2.885
3.248
3.412
3.491
3.584
3.675
3.711
3.654
3.516
3.32
3.064
2.758
2.475
2.311
2.289
2.4
2.522
2.463
2.075
1.411
0.766
0.383
0.315
0.429
0.528
0.556
0.562
0.46
0.102
-0.417
-0.848
-1.034
-1.03
-1.005
-0.953
-0.633
0.063
0.896
1.558
1.973
2.218
2.327
2.212
1.86
1.458
1.161
1.007
1.045
1.143
1.061
0.796
0.599
0.472
0.202
-0.143
-0.288
-0.206
-0.172
-0.317
-0.515
-0.576
-0.465
-0.442
-0.755
-1.234
-1.445
-1.297
-1.005
-0.687
-0.268
0.231
0.61
0.61
0.179
-0.46
-1
-1.291
-1.352
-1.277
-1.143
-1.084
-1.297
-1.903
-2.865
-3.967
-4.858
-5.41
-5.748
-5.954
-5.979
-5.782
-5.394
-5.001
-4.788
-4.836
-5.056
-5.301
-5.541
-5.759
-5.825
-5.609
-5.088
-4.43
-3.931
-3.722
-3.74
-3.795
-3.722
-3.5
-3.11
-2.522
-1.796
-1.161
-0.837
-0.841
-1.025
-1.245
-1.458
-1.703
-1.942
-2.028
-1.867
-1.501
-1.068
-0.658
-0.322
-0.113
-0.007
0.007
-0.079
-0.204
-0.211
0.02
0.395
0.773
0.991
0.935
0.646
0.31
0.075
-0.005
0.102
0.456
0.914
1.266
1.415
1.429
1.313
1.03
0.612
0.224
0.014
-0.043
-0.106
-0.238
-0.392
-0.526
-0.696
-1.021
-1.536
-2.025
-2.261
-2.214
-1.989
-1.674
-1.3
-0.889
-0.542
-0.408
-0.526
-0.762
-0.905
-0.962
-1.03
-1.12
-1.218
-1.295
-1.329
-1.406
-1.649
-1.984
-2.18
-2.164
-2.052
-2.055
-2.282
-2.633
-2.89
-3.026
-3.214
-3.507
-3.702
-3.702
-3.575
-3.4
-3.23
-3.046
-2.831
-2.627
-2.586
-2.778
-3.042
-3.171
-3.162
-3.116
-3.155
-3.241
-3.237
-3.187
-3.325
-3.729
-4.171
-4.432
-4.496
-4.421
-4.266
-3.999
-3.579
-3.142
-2.903
-2.942
-3.116
-3.255
-3.382
-3.566
-3.761
-3.874
-3.874
-3.813
-3.815
-3.958
-4.155
-4.31
-4.459
-4.591
-4.598
-4.428
-4.053
-3.613
-3.373
-3.466
-3.763
-4.081
-4.319
-4.464
-4.491
-4.335
-3.996
-3.618
-3.33
-3.157
-3.039
-2.946
-2.876
-2.837
-2.692
-2.354
-1.894
-1.533
-1.356
-1.331
-1.359
-1.352
-1.334
-1.354
-1.32
-1.075
-0.603
-0.093
0.299
0.617
0.907
1.141
1.177
1.021
0.794
0.676
0.751
0.873
0.964
1.064
1.168
1.193
1.089
0.93
0.83
0.857
0.98
1.15
1.345
1.549
1.735
1.839
1.783
1.524
1.154
0.812
0.63
0.61
0.662
0.773
0.989
1.32
1.685
2.01
2.168
2.193
2.198
2.193
2.116
2.048
2.121
2.325
2.57
2.726
2.715
2.579
2.449
2.407
2.357
2.234
2.111
2.1
2.198
2.184
1.928
1.506
1.073
0.712
0.417
0.115
-0.147
-0.272
-0.297
-0.41
-0.716
-1.188
-1.769
-2.402
-3.024
-3.627
-4.128
-4.412
-4.457
-4.362
-4.269
-4.266
-4.312
-4.389
-4.557
-4.893
-5.351
-5.759
-5.995
-6.095
-6.172
-6.199
-6.104
-5.938
-5.834
-5.838
-5.882
-5.854
-5.734
-5.525
-5.26
-4.983
-4.691
-4.443
-4.325
-4.36
-4.421
-4.319
-3.935
-3.302
-2.609
-1.966
-1.383
-0.848
-0.408
-0.061
0.301
0.812
1.529
2.352
3.101
3.686
4.173
4.582
4.872
5.008
5.069
5.251
5.619
6.045
6.399
6.705
7.054
7.488
7.918
8.191
8.268
8.191
8.014
7.753
7.426
7.104
6.995
7.133
7.317
7.333
7.15
6.809
6.383
5.961
5.612
5.355
5.242
5.305
5.437
5.378
5.067
4.675
4.384
4.189
4.017
3.922
3.908
3.931
3.892
3.724
3.473
3.266
3.164
3.107
3.001
2.828
2.613
2.372
2.091
1.694
1.207
0.771
0.401
-0.011
-0.499
-0.944
-1.273
-1.517
-1.715
-1.844
-1.86
-1.717
-1.433
-1.148
-0.896
-0.61
-0.324
-0.047
0.265
0.583
0.9
1.229
1.576
1.939
2.348
2.817
3.325
3.829
4.335
4.843
5.267
5.555
5.723
5.788
5.82
5.888
6.029
6.238
6.6
7.168
7.832
8.377
8.662
8.626
8.329
7.912
7.501
7.229
7.192
7.442
7.814
8.068
8.157
8.148
8.096
7.989
7.826
7.642
7.488
7.356
7.192
6.97
6.734
6.539
6.455
6.46
6.49
6.48
6.353
6.147
5.938
5.761
5.609
5.523
5.457
5.328
5.051
4.659
4.271
4.078
4.189
4.566
4.99
5.253
5.287
5.158
4.958
4.716
4.45
4.201
4.058
4.042
4.144
4.348
4.598
4.802
4.933
5.013
5.004
4.856
4.6
4.346
4.187
4.09
3.999
3.892
3.795
3.699
3.459
3.042
2.715
2.71
2.992
3.35
3.647
3.82
3.833
3.625
3.243
2.849
2.609
2.613
2.84
3.196
3.625
4.019
4.253
4.266
4.037
3.57
3.073
2.774
2.708
2.719
2.719
2.799
3.067
3.454
3.726
3.745
3.609
3.434
3.212
2.94
2.726
2.672
2.763
2.892
2.976
3.005
3.008
3.062
3.173
3.252
3.307
3.468
3.79
4.176
4.409
4.366
4.137
3.942
3.883
3.89
3.915
4.044
4.287
4.5
4.568
4.491
4.396
4.316
4.108
3.708
3.259
2.96
2.992
3.282
3.611
3.745
3.69
3.629
3.543
3.359
3.116
2.912
2.801
2.828
2.965
3.107
3.182
3.219
3.289
3.355
3.382
3.425
3.529
3.67
3.772
3.772
3.658
3.507
3.346
3.073
2.613
2.098
1.719
1.606
1.774
2.059
2.252
2.282
2.171
1.926
1.578
1.209
0.918
0.825
0.984
1.288
1.567
1.76
1.892
1.998
2.052
2.041
1.982
1.96
1.948
1.871
1.799
1.828
2.003
2.252
2.454
2.515
2.422
2.293
2.252
2.277
2.359
2.481
2.645
2.813
2.994
3.173
3.334
3.475
3.663
3.956
4.285
4.511
4.614
4.614
4.557
4.457
4.353
4.269
4.212
4.155
4.096
4.013
3.897
3.713
3.466
3.178
2.885
2.572
2.282
2.034
1.835
1.676
1.592
1.59
1.649
1.608
1.402
1.136
0.935
0.791
0.692
0.676
0.694
0.662
0.54
0.317
0.018
-0.301
-0.594
-0.789
-0.843
-0.821
-0.789
-0.714
-0.578
-0.497
-0.603
-0.841
-1.089
-1.275
-1.415
-1.569
-1.778
-1.998
-2.155
-2.196
-2.137
-2.066
-2.1
-2.248
-2.416
-2.517
-2.54
-2.495
-2.402
-2.241
-2.012
-1.765
-1.529
-1.288
-1.123
-1.104
-1.168
-1.231
-1.266
-1.3
-1.352
-1.463
-1.665
-1.898
-2.043
-2.052
-2.025
-2.03
-2.059
-2.066
-2.066
-2.116
-2.205
-2.386
-2.89
-3.733
-4.625
-5.242
-5.573
-5.797
-5.977
-5.809
-5.017
-3.89
-2.96
-2.316
-1.608
-0.716
-0.009
0.22
0.115
0.047
0.118
0.063
-0.429
-1.15
-1.615
-1.697
-1.76
-2.039
-2.352
-2.425
-2.352
-2.497
-3.001
-3.607
-3.987
-4.123
-4.232
-4.464
-4.711
-4.743
-4.48
-4.031
-3.586
-3.25
-2.917
-2.522
-2.236
-2.184
-2.245
-2.205
-2.08
-2.062
-2.241
-2.49
-2.599
-2.499
-2.443
-2.724
-3.266
-3.763
-4.008
-4.128
-4.341
-4.652
-4.811
-4.629
-4.212
-3.797
-3.477
-3.144
-2.717
-2.361
-2.252
-2.409
-2.588
-2.622
-2.547
-2.468
-2.386
-2.275
-2.148
-2.132
-2.236
-2.334
-2.316
-2.239
-2.13
-1.978
-1.789
-1.637
-1.674
-2.021
-2.592
-3.219
-3.836
-4.455
-4.974
-5.199
-5.101
-4.881
-4.743
-4.716
-4.736
-4.834
-5.074
-5.478
-5.963
-6.403
-6.637
-6.56
-6.167
-5.546
-4.843
-4.319
-4.135
-4.219
-4.391
-4.625
-4.949
-5.246
-5.364
-5.24
-4.992
-4.84
-4.884
-5.015
-5.047
-4.933
-4.849
-4.979
-5.299
-5.625
-5.879
-6.185
-6.591
-6.95
-7.152
-7.213
-7.174
-6.966
-6.553
-5.981
-5.369
-4.888
-4.609
-4.464
-4.348
-4.325
-4.496
-4.861
-5.196
-5.285
-5.124
-4.797
-4.398
-4.031
-3.781
-3.699
-3.763
-3.879
-3.945
-4.013
-4.205
-4.543
-4.843
-4.879
-4.607
-4.276
-4.146
-4.194
-4.228
-4.212
-4.266
-4.423
-4.557
-4.543
-4.396
-4.294
-4.396
-4.568
-4.618
-4.555
-4.575
-4.725
-4.847
-4.843
-4.822
-4.893
-4.985
-5.038
-5.056
-5.056
-5.017
-4.943
-4.777
-4.489
-4.14
-3.813
-3.557
-3.332
-3.137
-3.053
-3.187
-3.516
-3.856
-4.028
-4.078
-4.169
-4.323
-4.373
-4.276
-4.196
-4.205
-4.223
-4.083
-3.827
-3.643
-3.711
-4.071
-4.579
-5.013
-5.301
-5.439
-5.476
-5.439
-5.346
-5.208
-5.126
-5.144
-5.137
-4.933
-4.657
-4.62
-4.99
-5.591
-6.063
-6.231
-6.185
-6.025
-5.782
-5.469
-5.174
-5.001
-5.042
-5.269
-5.45
-5.466
-5.405
-5.339
-5.264
-5.142
-4.958
-4.731
-4.505
-4.221
-3.824
-3.421
-3.255
-3.427
-3.729
-3.951
-4.067
-4.16
-4.237
-4.264
-4.262
-4.335
-4.511
-4.686
-4.695
-4.516
-4.257
-4.178
-4.416
-4.888
-5.287
-5.382
-5.192
-4.92
-4.684
-4.502
-4.348
-4.357
-4.609
-4.994
-5.305
-5.455
-5.482
-5.544
-5.652
-5.727
-5.739
-5.788
-5.909
-6.058
-6.174
-6.226
-6.258
-6.276
-6.233
-6.093
-5.94
-5.927
-6.031
-6.126
-6.213
-6.321
-6.544
-6.859
-7.143
-7.172
-6.907
-6.623
-6.473
-6.394
-6.401
-6.532
-6.73
-6.893
-6.92
-6.839
-6.718
-6.589
-6.453
-6.301
-6.093
-5.838
-5.566
-5.283
-5.004
-4.77
-4.579
-4.328
-4.013
-3.765
-3.717
-3.829
-3.922
-3.888
-3.752
-3.618
-3.543
-3.434
-3.259
-3.155
-3.193
-3.273
-3.266
-3.187
-3.107
-3.037
-2.835
-2.425
-2.003
-1.731
-1.563
-1.409
-1.252
-1.113
-1.041
-1.03
-1.093
-1.24
-1.449
-1.649
-1.787
-1.837
-1.839
-1.864
-1.969
-2.168
-2.379
-2.517
-2.613
-2.747
-2.892
-2.996
-3.142
-3.391
-3.706
-3.915
-4.017
-4.144
-4.389
-4.693
-5.031
-5.367
-5.65
-5.891
-6.129
-6.449
-6.866
-7.311
-7.726
-8.138
-8.57
-8.889
-9.003
-8.964
-8.908
-8.88
-8.866
-8.855
-8.899
-8.935
-8.894
-8.712
-8.415
-8.129
-7.957
-7.903
-7.932
-7.989
-8
-8.002
-8.036
-8.086
-8.021
-7.753
-7.34
-6.9
-6.449
-5.981
-5.523
-5.165
-4.954
-4.779
-4.57
-4.285
-3.849
-3.262
-2.606
-1.994
-1.422
-0.857
-0.417
-0.263
-0.322
-0.308
-0.045
0.333
0.667
0.968
1.365
1.853
2.327
2.62
2.699
2.686
2.729
2.894
3.116
3.379
3.697
4.083
4.459
4.784
5.088
5.441
5.823
6.135
6.34
6.499
6.68
6.8
6.755
6.555
6.306
6.093
5.904
5.707
5.532
5.405
5.258
4.994
4.602
4.151
3.74
3.377
3.039
2.688
2.37
2.236
2.313
2.495
2.574
2.44
2.173
1.885
1.581
1.129
0.556
-0.079
-0.694
-1.195
-1.517
-1.735
-1.948
-2.148
-2.302
-2.42
-2.479
-2.463
-2.411
-2.42
-2.543
-2.651
-2.615
-2.459
-2.245
-1.984
-1.69
-1.377
-1.1
-1.003
-1.016
-0.962
-0.848
-0.823
-0.959
-1.195
-1.361
-1.388
-1.368
-1.404
-1.44
-1.284
-0.864
-0.324
0.134
0.424
0.526
0.508
0.406
0.242
0.077
-0.016
-0.023
-0.034
0.005
0.231
0.701
1.254
1.644
1.783
1.749
1.574
1.22
0.692
0.106
-0.331
-0.551
-0.553
-0.333
0.059
0.526
0.973
1.288
1.449
1.531
1.517
1.341
1.03
0.669
0.374
0.279
0.406
0.692
1.048
1.388
1.64
1.715
1.585
1.327
1.043
0.764
0.463
0.193
0.07
0.132
0.32
0.583
0.986
1.624
2.372
2.912
3.057
2.908
2.656
2.348
1.962
1.531
1.191
1.054
1.12
1.302
1.526
1.771
1.994
2.155
2.125
1.853
1.454
1.1
0.796
0.47
0.086
-0.224
-0.297
-0.138
0.077
0.17
0.209
0.356
0.585
0.694
0.601
0.424
0.32
0.286
0.174
-0.032
-0.213
-0.238
-0.125
0.002
0.068
0.113
0.22
0.374
0.415
0.295
0.057
-0.231
-0.499
-0.696
-0.832
-0.834
-0.626
-0.249
0.15
0.444
0.596
0.596
0.422
0.075
-0.363
-0.751
-1.005
-1.139
-1.2
-1.175
-1.043
-0.837
-0.676
-0.587
-0.497
-0.374
-0.27
-0.179
-0.1
-0.02
0.047
0.052
0.018
-0.007
-0.011
-0.029
-0.032
0.059
0.24
0.378
0.408
0.365
0.327
0.277
0.193
0.1
0.109
0.279
0.576
0.864
1.089
1.324
1.64
2.023
2.434
2.76
2.976
3.151
3.311
3.37
3.337
3.316
3.439
3.622
3.679
3.532
3.266
2.999
2.801
2.686
2.609
2.52
2.311
1.928
1.504
1.207
1.077
1.016
0.909
0.823
0.873
1.039
1.179
1.222
1.163
1.123
1.216
1.418
1.604
1.701
1.737
1.785
1.83
1.815
1.697
1.542
1.395
1.234
1.027
0.828
0.719
0.716
0.721
0.671
0.592
0.476
0.27
0.023
-0.174
-0.222
-0.091
0.115
0.229
0.242
0.245
0.27
0.274
0.231
0.141
0.054
-0.018
-0.059
-0.12
-0.286
-0.467
-0.517
-0.485
-0.533
-0.689
-0.905
-1.052
-1.109
-1.181
-1.3
-1.288
-1.134
-1.043
-1.032
-0.928
-0.769
-0.723
-0.712
-0.506
-0.052
0.479
0.946
1.499
2.318
3.239
3.879
4.149
4.425
4.956
5.516
5.777
5.68
5.378
5.169
5.237
5.396
5.24
4.793
4.464
4.375
4.144
3.518
2.749
2.302
2.254
2.121
1.54
0.789
0.381
0.378
0.481
0.472
0.438
0.519
0.651
0.653
0.49
0.215
-0.115
-0.365
-0.483
-0.499
-0.431
-0.233
0.109
0.395
0.417
0.204
-0.036
-0.256
-0.608
-1.141
-1.644
-1.96
-2.177
-2.395
-2.561
-2.62
-2.618
-2.651
-2.67
-2.606
-2.49
-2.427
-2.379
-2.216
-1.914
-1.54
-1.145
-0.707
-0.249
0.163
0.521
0.932
1.454
2.001
2.456
2.772
2.951
3.101
3.28
3.343
3.157
2.801
2.522
2.54
2.84
3.144
3.193
3.073
3.062
3.214
3.375
3.418
3.37
3.412
3.581
3.668
3.489
3.232
3.182
3.386
3.702
3.972
4.144
4.296
4.373
4.235
3.867
3.412
3.021
2.724
2.379
1.921
1.486
1.263
1.3
1.447
1.427
1.172
0.873
0.596
0.204
-0.327
-0.746
-0.803
-0.549
-0.188
0.159
0.485
0.807
1.032
1.036
0.857
0.726
0.76
0.834
0.762
0.558
0.406
0.458
0.626
0.812
1.014
1.259
1.551
1.839
2.023
2.03
1.898
1.801
1.783
1.733
1.526
1.249
1.188
1.449
1.878
2.316
2.679
2.846
2.724
2.339
1.837
1.411
1.157
0.998
0.937
1
1.071
1.039
1.012
1.036
0.986
0.712
0.261
-0.19
-0.526
-0.773
-1.007
-1.222
-1.377
-1.472
-1.549
-1.619
-1.697
-1.889
-2.232
-2.57
-2.758
-2.899
-3.114
-3.32
-3.4
-3.37
-3.332
-3.278
-3.137
-2.899
-2.667
-2.565
-2.642
-2.767
-2.808
-2.738
-2.64
-2.508
-2.307
-2.066
-1.912
-1.912
-2.014
-2.037
-1.839
-1.529
-1.284
-1.127
-0.98
-0.703
-0.292
0.118
0.467
0.857
1.341
1.789
2.08
2.209
2.348
2.57
2.826
3.112
3.454
3.838
4.205
4.539
4.777
4.89
4.938
5.047
5.301
5.546
5.65
5.641
5.684
5.847
5.997
6.049
6.108
6.306
6.555
6.691
6.671
6.585
6.607
6.789
7.002
7.172
7.313
7.415
7.462
7.313
6.979
6.6
6.31
6.07
5.807
5.523
5.292
5.183
5.142
5.033
4.786
4.466
4.155
3.983
3.949
3.963
3.967
3.996
4.096
4.201
4.191
4.035
3.745
3.4
3.051
2.74
2.463
2.221
2.023
1.864
1.697
1.474
1.181
0.935
0.823
0.775
0.678
0.567
0.538
0.569
0.562
0.494
0.417
0.378
0.342
0.295
0.265
0.272
0.385
0.594
0.753
0.742
0.571
0.304
0.038
-0.174
-0.365
-0.506
-0.494
-0.351
-0.222
-0.132
0.018
0.224
0.356
0.333
0.252
0.236
0.313
0.444
0.651
0.977
1.409
1.817
2.121
2.316
2.366
2.291
2.218
2.218
2.223
2.166
2.023
1.842
1.681
1.486
1.184
0.889
0.773
0.785
0.755
0.635
0.474
0.279
0.084
-0.054
-0.2
-0.426
-0.676
-0.83
-0.916
-1.086
-1.356
-1.513
-1.422
-1.209
-1.157
-1.311
-1.529
-1.656
-1.676
-1.651
-1.674
-1.708
-1.712
-1.699
-1.721
-1.815
-1.912
-1.907
-1.774
-1.615
-1.588
-1.646
-1.626
-1.547
-1.542
-1.731
-2.025
-2.239
-2.259
-2.2
-2.168
-2.177
-2.157
-2.105
-2.105
-2.271
-2.554
-2.833
-3.098
-3.382
-3.613
-3.711
-3.693
-3.604
-3.543
-3.634
-3.842
-4.083
-4.305
-4.52
-4.722
-4.874
-4.972
-5.065
-5.206
-5.36
-5.403
-5.31
-5.154
-5.008
-4.872
-4.668
-4.323
-3.922
-3.654
-3.581
-3.563
-3.43
-3.184
-2.851
-2.431
-1.912
-1.236
-0.463
0.174
0.612
0.957
1.313
1.66
2.014
2.411
2.899
3.486
4.108
4.668
5.11
5.466
5.814
6.158
6.396
6.48
6.517
6.635
6.852
7.059
7.202
7.29
7.29
7.168
6.92
6.578
6.126
5.598
5.079
4.67
4.398
4.194
3.883
3.33
2.618
1.937
1.404
1.007
0.615
0.141
-0.374
-0.88
-1.465
-2.221
-3.046
-3.77
-4.294
-4.734
-5.233
-5.829
-6.476
-7.086
-7.649
-8.22
-8.835
-9.397
-9.788
-10.028
-10.253
-10.54
-10.82
-10.926
-10.856
-10.768
-10.733
-10.718
-10.606
-10.341
-9.933
-9.45
-8.932
-8.415
-7.875
-7.335
-6.882
-6.56
-6.297
-5.961
-5.507
-4.99
-4.428
-3.829
-3.203
-2.595
-2.066
-1.667
-1.32
-0.939
-0.458
0.093
0.59
0.998
1.395
1.819
2.223
2.581
2.896
3.175
3.4
3.538
3.645
3.756
3.87
3.945
3.901
3.745
3.559
3.398
3.219
3.026
2.899
2.813
2.695
2.493
2.225
1.969
1.762
1.542
1.259
1.007
0.843
0.744
0.617
0.397
0.036
-0.413
-0.848
-1.238
-1.59
-1.919
-2.252
-2.62
-2.962
-3.214
-3.386
-3.516
-3.59
-3.613
-3.677
-3.908
-4.339
-4.888
-5.346
-5.632
-5.832
-6.004
-6.09
-6.065
-5.95
-5.825
-5.729
-5.687
-5.609
-5.437
-5.301
-5.364
-5.589
-5.788
-5.929
-6.049
-6.17
-6.226
-6.108
-5.85
-5.546
-5.269
-5.035
-4.838
-4.695
-4.654
-4.7
-4.693
-4.548
-4.266
-3.913
-3.45
-2.835
-2.114
-1.381
-0.698
-0.093
0.476
1.052
1.583
2.039
2.484
2.94
3.346
3.64
3.845
4.013
4.208
4.505
4.926
5.332
5.523
5.494
5.426
5.471
5.541
5.485
5.355
5.267
5.246
5.262
5.233
5.142
5.081
5.088
5.099
5.042
4.863
4.611
4.403
4.292
4.203
4.126
4.112
4.232
4.437
4.55
4.475
4.278
3.994
3.634
3.169
2.586
1.971
1.336
0.698
0.154
-0.197
-0.438
-0.626
-0.753
-0.825
-0.866
-0.984
-1.279
-1.758
-2.248
-2.609
-2.853
-3.037
-3.146
-3.175
-3.06
-2.774
-2.411
-2.1
-1.867
-1.676
-1.504
-1.393
-1.388
-1.433
-1.461
-1.461
-1.438
-1.397
-1.3
-1.082
-0.785
-0.488
-0.247
-0.138
-0.22
-0.41
-0.544
-0.59
-0.651
-0.755
-0.83
-0.753
-0.547
-0.342
-0.17
0.054
0.315
0.599
0.88
1.077
1.109
1.007
0.876
0.728
0.508
0.202
-0.1
-0.32
-0.476
-0.642
-0.775
-0.798
-0.68
-0.503
-0.397
-0.438
-0.538
-0.744
-1.172
-1.778
-2.252
-2.386
-2.28
-2.123
-1.957
-1.608
-0.991
-0.349
0.104
0.395
0.658
1.016
1.404
1.581
1.547
1.599
1.855
2.146
2.252
2.028
1.599
1.259
1.113
0.909
0.463
-0.025
-0.277
-0.34
-0.576
-1.148
-1.874
-2.343
-2.393
-2.245
-2.155
-2.096
-2.055
-2.164
-2.595
-3.384
-4.307
-5.04
-5.414
-5.448
-5.342
-5.253
-5.178
-5.144
-5.278
-5.6
-5.954
-6.222
-6.399
-6.562
-6.721
-6.727
-6.512
-6.192
-6.006
-6.036
-6.108
-6.047
-5.868
-5.766
-5.847
-5.909
-5.75
-5.414
-5.106
-4.929
-4.806
-4.638
-4.428
-4.262
-4.162
-3.949
-3.498
-3.017
-2.801
-2.819
-2.706
-2.273
-1.633
-0.975
-0.29
0.533
1.395
2.046
2.37
2.47
2.606
2.701
2.579
2.234
2.089
2.416
3.103
3.924
4.552
4.879
5.076
5.339
5.391
4.999
4.446
4.208
4.52
5.104
5.457
5.496
5.553
5.782
5.872
5.655
5.274
4.954
4.89
5.126
5.464
5.698
5.779
5.85
5.9
5.8
5.507
5.119
4.779
4.62
4.675
4.75
4.788
4.852
4.899
4.811
4.577
4.239
3.926
3.815
3.86
3.89
3.813
3.695
3.532
3.219
2.878
2.769
2.887
3.037
3.23
3.448
3.704
4.013
4.217
4.16
3.922
3.688
3.658
3.847
4.013
4.128
4.351
4.738
5.081
5.122
4.899
4.666
4.584
4.514
4.339
4.144
4.076
4.14
4.198
4.246
4.26
4.164
3.969
3.711
3.407
3.162
3.062
3.101
3.239
3.427
3.647
3.86
4.015
4.031
3.781
3.298
2.792
2.393
2.032
1.733
1.588
1.667
1.919
2.144
2.2
2.139
2.109
2.073
1.989
1.808
1.578
1.422
1.338
1.354
1.365
1.35
1.454
1.808
2.236
2.592
2.878
3.162
3.57
3.969
4.09
3.974
3.94
4.096
4.26
4.325
4.378
4.525
4.834
5.178
5.419
5.607
5.832
6.07
6.297
6.492
6.655
6.796
6.979
7.181
7.206
6.945
6.598
6.365
6.251
6.12
5.836
5.482
5.287
5.317
5.285
5.067
4.863
4.806
4.795
4.588
4.103
3.541
3.232
3.205
3.189
3.015
2.704
2.366
1.962
1.42
0.816
0.329
0.102
0.091
-0.068
-0.521
-0.975
-1.139
-1.084
-1.107
-1.32
-1.574
-1.644
-1.622
-1.771
-2.096
-2.327
-2.23
-1.885
-1.501
-1.231
-1.066
-0.944
-0.88
-0.866
-0.791
-0.494
-0.066
0.238
0.15
-0.308
-0.696
-0.606
-0.1
0.444
0.841
1.136
1.415
1.622
1.604
1.483
1.592
2.05
2.583
2.869
2.919
2.996
3.221
3.529
3.783
3.967
4.242
4.675
5.04
5.144
4.897
4.405
3.956
3.77
3.749
3.638
3.352
3.051
2.849
2.735
2.76
2.958
3.164
3.157
2.953
2.627
2.413
2.425
2.602
2.851
3.132
3.436
3.708
3.874
3.756
3.368
3.026
2.994
3.175
3.25
3.112
2.901
2.767
2.735
2.767
2.778
2.787
2.862
2.93
2.874
2.631
2.445
2.622
3.121
3.566
3.686
3.559
3.423
3.459
3.62
3.704
3.695
3.74
3.822
3.818
3.663
3.405
3.203
3.175
3.293
3.382
3.357
3.232
3.019
2.76
2.486
2.372
2.461
2.618
2.706
2.645
2.495
2.39
2.425
2.504
2.486
2.295
1.944
1.565
1.259
1.054
1.023
1.193
1.465
1.66
1.692
1.594
1.406
1.181
0.941
0.737
0.689
0.787
0.805
0.612
0.399
0.392
0.66
1.118
1.608
1.975
2.078
1.971
1.787
1.576
1.411
1.39
1.495
1.56
1.44
1.091
0.624
0.279
0.15
0.061
-0.138
-0.388
-0.576
-0.617
-0.515
-0.272
0.1
0.587
1.12
1.531
1.649
1.436
1.073
0.782
0.683
0.751
0.903
0.998
0.948
0.762
0.499
0.231
0.045
0.068
0.236
0.329
0.304
0.299
0.378
0.453
0.388
0.177
-0.109
-0.419
-0.785
-1.195
-1.515
-1.594
-1.447
-1.213
-1.082
-1.1
-1.243
-1.49
-1.83
-2.214
-2.445
-2.343
-1.984
-1.658
-1.585
-1.719
-1.857
-1.874
-1.801
-1.744
-1.737
-1.726
-1.71
-1.669
-1.61
-1.468
-1.172
-0.778
-0.492
-0.465
-0.665
-0.871
-0.941
-0.982
-1.089
-1.211
-1.266
-1.284
-1.404
-1.719
-2.093
-2.254
-2.157
-1.962
-1.855
-1.851
-1.817
-1.69
-1.536
-1.44
-1.288
-0.909
-0.376
0.038
0.209
0.202
0.066
-0.2
-0.592
-1.032
-1.393
-1.594
-1.685
-1.708
-1.644
-1.465
-1.15
-0.796
-0.542
-0.549
-0.769
-0.991
-1.12
-1.177
-1.2
-1.163
-1.018
-0.764
-0.544
-0.501
-0.551
-0.538
-0.413
-0.268
-0.186
-0.168
-0.097
0.023
0.077
0.02
-0.079
-0.134
-0.161
-0.247
-0.501
-0.855
-1.132
-1.27
-1.39
-1.572
-1.799
-1.962
-1.953
-1.81
-1.658
-1.542
-1.436
-1.286
-1.159
-1.218
-1.463
-1.747
-1.982
-2.236
-2.559
-2.912
-3.203
-3.357
-3.418
-3.48
-3.516
-3.486
-3.311
-2.989
-2.609
-2.214
-1.837
-1.463
-1.118
-0.905
-0.862
-0.887
-0.873
-0.848
-0.834
-0.85
-0.939
-1.089
-1.256
-1.479
-1.778
-2.162
-2.522
-2.763
-2.878
-2.903
-2.91
-2.967
-3.085
-3.255
-3.452
-3.625
-3.72
-3.729
-3.679
-3.62
-3.607
-3.595
-3.47
-3.307
-3.198
-3.112
-2.974
-2.772
-2.583
-2.445
-2.32
-2.193
-2.069
-2.01
-2.082
-2.257
-2.375
-2.343
-2.32
-2.422
-2.57
-2.629
-2.538
-2.348
-2.189
-2.153
-2.175
-2.198
-2.268
-2.431
-2.618
-2.674
-2.565
-2.39
-2.209
-1.998
-1.703
-1.37
-1.077
-0.85
-0.635
-0.433
-0.215
-0.041
0.07
0.231
0.56
0.998
1.345
1.531
1.694
1.944
2.107
2.014
1.774
1.61
1.728
2.001
2.093
1.901
1.694
1.672
1.785
1.883
1.923
1.975
2.159
2.413
2.517
2.443
2.416
2.602
2.872
2.969
2.84
2.656
2.57
2.511
2.348
2.111
1.948
1.828
1.569
1.014
0.231
-0.56
-1.175
-1.642
-2.082
-2.486
-2.844
-3.191
-3.643
-4.262
-5.001
-5.65
-6.009
-6.117
-6.124
-6.131
-6.106
-5.968
-5.825
-5.797
-5.825
-5.739
-5.5
-5.242
-5.167
-5.281
-5.373
-5.246
-4.947
-4.684
-4.525
-4.38
-4.162
-3.904
-3.665
-3.412
-3.06
-2.624
-2.144
-1.687
-1.306
-0.953
-0.506
-0.009
0.456
0.887
1.359
1.919
2.438
2.738
2.806
2.842
3.051
3.391
3.649
3.776
3.904
4.153
4.425
4.555
4.523
4.407
4.287
4.278
4.4
4.441
4.362
4.45
4.847
5.308
5.553
5.596
5.65
5.863
6.133
6.235
6.145
6.208
6.678
7.27
7.576
7.521
7.288
6.909
6.306
5.478
4.441
3.414
2.769
2.602
2.561
2.372
2.089
1.874
1.619
1.161
0.642
0.463
0.751
1.225
1.567
1.71
1.678
1.427
0.907
0.143
-0.671
-1.273
-1.549
-1.597
-1.64
-1.901
-2.248
-2.379
-2.295
-2.234
-2.273
-2.236
-1.921
-1.431
-1.064
-0.944
-0.887
-0.692
-0.41
-0.277
-0.358
-0.499
-0.47
-0.195
0.268
0.814
1.431
2.125
2.731
3.06
3.123
3.187
3.529
4.203
4.97
5.569
5.959
6.274
6.478
6.446
6.251
6.156
6.408
7.004
7.723
8.374
8.889
9.336
9.715
9.828
9.509
8.955
8.54
8.422
8.463
8.517
8.617
8.923
9.452
9.847
9.715
9.091
8.368
7.803
7.363
7.011
6.825
6.925
7.236
7.528
7.587
7.225
6.528
5.825
5.339
4.931
4.416
3.856
3.427
3.18
2.974
2.763
2.679
2.76
2.846
2.815
2.724
2.772
3.055
3.407
3.661
3.838
3.992
3.976
3.679
3.205
2.851
2.851
3.128
3.414
3.5
3.407
3.28
3.193
3.076
3.005
3.169
3.613
4.085
4.242
3.978
3.48
3.069
2.926
2.996
3.089
3.153
3.225
3.246
3.051
2.622
2.171
1.939
1.946
2.01
1.994
1.892
1.778
1.694
1.706
1.878
2.155
2.343
2.357
2.277
2.205
2.141
2.157
2.35
2.713
3.062
3.23
3.146
2.917
2.663
2.427
2.25
2.121
1.942
1.653
1.318
1.052
0.962
1.084
1.372
1.806
2.257
2.534
2.531
2.291
2.007
1.812
1.762
1.864
2.116
2.4
2.561
2.59
2.583
2.67
2.953
3.337
3.597
3.613
3.454
3.196
2.881
2.645
2.647
2.858
3.146
3.305
3.216
2.865
2.37
1.96
1.756
1.799
2.066
2.443
2.765
2.903
2.896
2.84
2.851
3.033
3.341
3.613
3.726
3.699
3.636
3.588
3.67
3.976
4.382
4.629
4.566
4.269
3.888
3.55
3.382
3.425
3.545
3.554
3.343
2.899
2.325
1.789
1.456
1.327
1.282
1.211
1.068
0.894
0.726
0.615
0.703
1.05
1.451
1.613
1.456
1.125
0.86
0.794
0.903
1.084
1.282
1.495
1.681
1.701
1.542
1.359
1.318
1.395
1.472
1.481
1.422
1.336
1.318
1.427
1.617
1.83
2.089
2.322
2.42
2.363
2.209
2.114
2.254
2.611
3.01
3.305
3.536
3.763
3.954
4.053
4.049
4.019
4.003
3.935
3.688
3.278
2.826
2.479
2.212
1.953
1.751
1.703
1.785
1.792
1.663
1.554
1.542
1.56
1.456
1.186
0.878
0.757
0.803
0.878
0.905
0.896
0.928
0.996
0.998
0.862
0.61
0.383
0.317
0.363
0.431
0.483
0.519
0.512
0.336
-0.059
-0.56
-1
-1.295
-1.492
-1.708
-1.982
-2.198
-2.298
-2.37
-2.534
-2.808
-3.157
-3.529
-3.865
-4.189
-4.478
-4.6
-4.507
-4.307
-4.13
-4.046
-4.037
-4.035
-4.044
-4.074
-4.092
-4.001
-3.781
-3.541
-3.346
-3.184
-2.976
-2.697
-2.429
-2.248
-2.118
-1.969
-1.794
-1.59
-1.365
-1.1
-0.775
-0.426
-0.127
0.079
0.172
0.152
0.086
0.041
-0.023
-0.118
-0.168
-0.136
-0.079
-0.052
-0.02
0.075
0.233
0.395
0.483
0.444
0.354
0.288
0.229
0.109
-0.073
-0.322
-0.571
-0.791
-0.955
-1.075
-1.181
-1.284
-1.381
-1.495
-1.694
-1.969
-2.243
-2.502
-2.756
-2.96
-3.101
-3.214
-3.314
-3.436
-3.631
-3.881
-4.108
-4.287
-4.452
-4.6
-4.675
-4.638
-4.548
-4.468
-4.437
-4.412
-4.391
-4.425
-4.568
-4.759
-4.94
-5.044
-5.013
-4.877
-4.695
-4.434
-4.162
-3.935
-3.808
-3.84
-3.96
-4.024
-4.008
-4.001
-4.013
-3.985
-3.938
-3.987
-4.185
-4.505
-4.881
-5.215
-5.473
-5.707
-5.92
-6.045
-6.036
-5.934
-5.775
-5.541
-5.169
-4.743
-4.439
-4.298
-4.266
-4.285
-4.257
-4.123
-3.913
-3.627
-3.262
-2.93
-2.747
-2.758
-2.94
-3.178
-3.382
-3.552
-3.699
-3.815
-3.813
-3.69
-3.602
-3.634
-3.697
-3.708
-3.749
-3.886
-4.137
-4.353
-4.4
-4.253
-4.022
-3.79
-3.552
-3.316
-3.184
-3.221
-3.348
-3.418
-3.37
-3.187
-2.946
-2.778
-2.731
-2.724
-2.706
-2.674
-2.692
-2.778
-2.876
-2.885
-2.869
-2.944
-3.096
-3.223
-3.237
-3.262
-3.427
-3.697
-3.935
-4.04
-4.062
-4.119
-4.228
-4.278
-4.296
-4.412
-4.67
-4.965
-5.151
-5.16
-5.067
-4.994
-4.972
-4.936
-4.854
-4.827
-4.893
-4.988
-5.033
-5.038
-5.062
-5.108
-5.11
-5.06
-5.008
-5.029
-5.156
-5.362
-5.546
-5.643
-5.698
-5.741
-5.777
-5.775
-5.745
-5.693
-5.657
-5.732
-5.859
-5.918
-5.863
-5.752
-5.65
-5.569
-5.489
-5.437
-5.391
-5.326
-5.174
-4.945
-4.772
-4.781
-4.926
-5.011
-4.911
-4.679
-4.473
-4.355
-4.257
-4.146
-4.085
-4.187
-4.441
-4.741
-5.006
-5.231
-5.45
-5.6
-5.614
-5.514
-5.36
-5.224
-5.147
-5.113
-5.079
-5.038
-5.033
-5.029
-4.929
-4.713
-4.423
-4.108
-3.836
-3.733
-3.774
-3.836
-3.84
-3.779
-3.672
-3.548
-3.409
-3.25
-3.024
-2.778
-2.647
-2.67
-2.756
-2.801
-2.785
-2.844
-3.085
-3.434
-3.713
-3.842
-3.924
-4.058
-4.26
-4.529
-4.818
-5.06
-5.21
-5.305
-5.412
-5.507
-5.628
-5.814
-6.013
-6.095
-6.027
-5.875
-5.711
-5.591
-5.555
-5.639
-5.8
-5.847
-5.705
-5.437
-5.165
-4.911
-4.7
-4.564
-4.52
-4.507
-4.525
-4.604
-4.825
-5.16
-5.466
-5.711
-5.975
-6.158
-6.113
-5.879
-5.682
-5.689
-5.884
-6.142
-6.356
-6.505
-6.523
-6.335
-5.966
-5.591
-5.29
-5.076
-4.94
-4.79
-4.532
-4.196
-3.865
-3.627
-3.541
-3.584
-3.602
-3.493
-3.271
-3.01
-2.801
-2.776
-2.974
-3.332
-3.713
-3.992
-4.208
-4.416
-4.6
-4.766
-4.933
-5.06
-5.088
-4.972
-4.725
-4.441
-4.285
-4.369
-4.647
-4.926
-5.042
-4.99
-4.893
-4.829
-4.772
-4.625
-4.471
-4.48
-4.575
-4.487
-4.244
-4.062
-3.836
-3.364
-2.765
-2.397
-2.402
-2.568
-2.726
-2.869
-3.148
-3.661
-4.21
-4.464
-4.409
-4.237
-3.913
-3.409
-2.983
-2.819
-2.958
-3.486
-4.387
-5.276
-5.766
-5.906
-6.029
-6.158
-6.058
-5.707
-5.394
-5.428
-5.773
-6.161
-6.358
-6.453
-6.514
-6.517
-6.442
-6.351
-6.344
-6.471
-6.834
-7.338
-7.685
-7.76
-7.673
-7.569
-7.53
-7.628
-7.882
-8.265
-8.674
-8.939
-8.962
-8.769
-8.327
-7.583
-6.712
-6.081
-5.872
-5.911
-5.918
-5.745
-5.371
-4.816
-4.051
-3.069
-2.021
-1.15
-0.569
-0.261
-0.136
-0.045
0.125
0.395
0.742
1.127
1.556
2.08
2.559
2.717
2.454
1.928
1.458
1.315
1.513
1.914
2.463
3.144
3.831
4.298
4.362
4.037
3.557
3.219
3.237
3.584
4.042
4.487
4.908
5.305
5.582
5.498
4.965
4.228
3.699
3.439
3.273
3.246
3.59
4.321
5.024
5.276
5.106
4.768
4.303
3.595
2.835
2.386
2.286
2.209
2.001
1.721
1.343
0.712
-0.095
-0.735
-0.996
-0.935
-0.716
-0.501
-0.449
-0.61
-0.857
-1.048
-1.184
-1.306
-1.381
-1.254
-0.839
-0.295
0.07
0.183
0.206
0.183
-0.02
-0.408
-0.762
-0.932
-1
-1.009
-0.955
-0.878
-0.971
-1.324
-1.774
-2.093
-2.286
-2.418
-2.359
-1.991
-1.449
-0.937
-0.551
-0.288
-0.134
-0.091
-0.097
-0.002
0.218
0.442
0.601
0.762
0.921
0.905
0.705
0.499
0.435
0.488
0.519
0.465
0.474
0.694
1.073
1.39
1.468
1.302
0.918
0.438
0.02
-0.279
-0.447
-0.44
-0.156
0.376
0.939
1.263
1.404
1.536
1.663
1.583
1.313
1.161
1.311
1.619
1.864
1.994
2.116
2.25
2.316
2.243
2.069
1.885
1.796
1.835
1.914
1.948
2.003
2.168
2.318
2.245
1.914
1.538
1.35
1.306
1.107
0.583
-0.097
-0.585
-0.814
-0.98
-1.123
-1.104
-0.821
-0.426
-0.22
-0.249
-0.306
-0.256
-0.268
-0.524
-0.98
-1.363
-1.483
-1.483
-1.665
-2.048
-2.363
-2.416
-2.309
-2.205
-2.144
-1.991
-1.692
-1.422
-1.334
-1.359
-1.311
-1.107
-0.905
-0.932
-1.175
-1.345
-1.254
-1.043
-0.885
-0.712
-0.329
0.306
0.977
1.451
1.717
1.912
2.139
2.309
2.304
2.157
1.984
1.898
1.973
2.146
2.243
2.182
2.037
1.864
1.633
1.322
1.03
0.876
0.864
0.873
0.846
0.814
0.785
0.68
0.442
0.168
-0.029
-0.113
-0.115
-0.091
-0.147
-0.31
-0.492
-0.59
-0.592
-0.569
-0.56
-0.49
-0.295
-0.052
0.088
0.05
-0.102
-0.299
-0.506
-0.714
-0.903
-1.005
-0.889
-0.547
-0.075
0.324
0.574
0.726
0.83
0.891
0.891
0.918
1.107
1.463
1.848
2.082
2.173
2.286
2.456
2.581
2.595
2.568
2.679
3.005
3.439
3.831
4.14
4.409
4.645
4.799
4.809
4.698
4.586
4.593
4.673
4.711
4.645
4.491
4.285
3.954
3.412
2.726
2.071
1.574
1.193
0.821
0.472
0.218
0.059
-0.05
-0.145
-0.231
-0.297
-0.374
-0.54
-0.791
-1.021
-1.071
-0.923
-0.726
-0.628
-0.665
-0.778
-0.866
-0.869
-0.862
-0.855
-0.796
-0.762
-0.848
-1.061
-1.331
-1.628
-1.966
-2.252
-2.354
-2.293
-2.175
-1.998
-1.71
-1.361
-1.1
-1.03
-1.023
-0.941
-0.803
-0.669
-0.531
-0.331
-0.038
0.329
0.748
1.116
1.338
1.404
1.388
1.363
1.322
1.234
1.089
0.986
0.98
0.989
0.932
0.828
0.719
0.63
0.569
0.553
0.601
0.701
0.778
0.771
0.667
0.549
0.483
0.431
0.306
0.115
-0.005
0.118
0.503
0.973
1.306
1.451
1.533
1.622
1.663
1.556
1.297
1.025
0.86
0.753
0.646
0.551
0.483
0.413
0.345
0.222
0.041
-0.106
-0.152
-0.17
-0.322
-0.596
-0.828
-0.912
-0.912
-0.986
-1.141
-1.213
-1.107
-0.876
-0.578
-0.274
0.041
0.385
0.733
0.991
1.175
1.409
1.731
2.043
2.193
2.164
2.059
1.971
1.871
1.658
1.284
0.898
0.712
0.764
0.889
0.959
1.025
1.166
1.336
1.365
1.181
0.982
0.968
1.132
1.309
1.372
1.347
1.399
1.526
1.556
1.481
1.47
1.615
1.855
2.043
2.08
2.021
1.966
1.93
1.839
1.622
1.286
0.953
0.696
0.538
0.422
0.347
0.317
0.345
0.406
0.44
0.429
0.456
0.606
0.823
0.916
0.839
0.782
0.903
1.071
1.102
1
0.935
0.984
1.05
1.039
0.968
0.909
0.853
0.764
0.658
0.569
0.488
0.408
0.367
0.363
0.399
0.492
0.635
0.816
0.939
0.925
0.853
0.928
1.234
1.624
1.894
1.991
2.048
2.144
2.189
2.089
1.892
1.731
1.706
1.821
1.978
2.102
2.189
2.3
2.438
2.511
2.379
2.114
1.898
1.801
1.717
1.669
1.728
1.935
2.189
2.361
2.366
2.225
2.037
1.824
1.576
1.295
1.003
0.794
0.728
0.646
0.438
0.17
-0.045
-0.24
-0.499
-0.796
-0.973
-0.959
-0.791
-0.601
-0.476
-0.438
-0.54
-0.773
-1.03
-1.377
-1.857
-2.336
-2.618
-2.679
-2.679
-2.706
-2.701
-2.638
-2.588
-2.611
-2.697
-2.787
-2.747
-2.556
-2.325
-2.116
-1.867
-1.463
-0.916
-0.39
-0.011
0.252
0.521
0.834
1.075
1.141
1.089
0.989
0.832
0.619
0.451
0.465
0.648
0.912
1.159
1.42
1.687
1.876
1.96
1.996
2.034
2.125
2.339
2.719
3.237
3.758
4.217
4.575
4.829
5.008
5.06
4.931
4.75
4.593
4.473
4.491
4.72
5.147
5.673
6.149
6.408
6.408
6.26
6.102
6.036
6.038
6.079
6.213
6.499
6.825
6.934
6.694
6.303
6.04
5.979
5.961
5.852
5.625
5.33
5.015
4.677
4.328
4.019
3.767
3.52
3.252
3.021
2.883
2.914
3.073
3.266
3.377
3.361
3.287
3.16
2.953
2.717
2.517
2.39
2.361
2.377
2.357
2.23
1.989
1.66
1.324
1.007
0.787
0.692
0.687
0.669
0.556
0.404
0.429
0.707
1.023
1.136
1.152
1.263
1.463
1.606
1.635
1.631
1.744
1.885
1.857
1.619
1.427
1.488
1.708
1.88
1.971
2.15
2.495
2.919
3.18
3.144
2.974
2.872
2.808
2.66
2.407
2.123
1.942
1.883
1.876
1.78
1.456
0.957
0.444
0.091
-0.043
-0.07
-0.091
0.063
0.524
1.113
1.427
1.302
0.968
0.696
0.438
-0.014
-0.68
-1.247
-1.409
-1.359
-1.531
-1.894
-2.043
-1.789
-1.433
-1.406
-1.869
-2.552
-3.017
-3.173
-3.327
-3.647
-3.965
-4.081
-4.015
-3.935
-3.945
-3.972
-3.847
-3.604
-3.509
-3.699
-3.924
-3.96
-3.904
-4.037
-4.434
-4.811
-4.845
-4.616
-4.491
-4.607
-4.65
-4.353
-3.851
-3.491
-3.407
-3.459
-3.43
-3.216
-2.901
-2.559
-2.032
-1.313
-0.68
-0.46
-0.728
-1.191
-1.465
-1.47
-1.488
-1.692
-1.885
-1.735
-1.293
-0.923
-0.869
-0.982
-0.984
-0.78
-0.569
-0.576
-0.733
-0.76
-0.58
-0.329
-0.134
0.038
0.22
0.381
0.456
0.465
0.508
0.696
1.098
1.683
2.352
2.987
3.482
3.847
4.101
4.214
4.162
4.049
3.965
3.87
3.752
3.77
3.99
4.301
4.502
4.507
4.296
3.96
3.597
3.264
2.905
2.495
2.153
1.994
1.969
1.871
1.606
1.309
1.109
0.864
0.435
-0.109
-0.506
-0.615
-0.608
-0.733
-0.991
-1.252
-1.445
-1.642
-1.984
-2.508
-3.114
-3.69
-4.187
-4.641
-5.163
-5.743
-6.292
-6.8
-7.367
-8.004
-8.59
-8.935
-9.009
-9.014
-9.055
-9.03
-8.882
-8.719
-8.715
-8.889
-9.053
-8.971
-8.583
-8.043
-7.462
-6.841
-6.122
-5.321
-4.598
-4.119
-3.824
-3.604
-3.416
-3.234
-2.989
-2.613
-2.064
-1.395
-0.78
-0.349
-0.111
-0.018
-0.025
-0.027
0.163
0.621
1.284
2.023
2.79
3.581
4.325
4.868
5.194
5.426
5.723
6.09
6.437
6.687
6.868
7.02
7.181
7.276
7.243
7.02
6.657
6.269
5.888
5.489
4.981
4.335
3.557
2.66
1.694
0.723
-0.231
-1.154
-1.978
-2.672
-3.23
-3.677
-4.103
-4.48
-4.754
-5.026
-5.396
-5.791
-6.049
-6.147
-6.206
-6.297
-6.405
-6.469
-6.546
-6.712
-6.991
-7.345
-7.78
-8.225
-8.561
-8.635
-8.481
-8.247
-8.011
-7.791
-7.603
-7.438
-7.302
-7.211
-7.15
-7.152
-7.145
-7.002
-6.65
-6.165
-5.63
-5.072
-4.502
-3.87
-3.23
-2.654
-2.123
-1.588
-1.089
-0.635
-0.154
0.392
0.918
1.259
1.397
1.481
1.585
1.683
1.701
1.674
1.731
1.998
2.472
3.021
3.482
3.776
3.963
4.108
4.171
4.087
3.913
3.765
3.702
3.636
3.475
3.255
3.083
3.053
3.107
3.076
2.928
2.851
3.015
3.259
3.332
3.223
3.098
3.06
3.064
2.971
2.717
2.443
2.241
2.059
1.771
1.37
0.998
0.762
0.612
0.447
0.29
0.274
0.449
0.694
0.898
0.957
0.86
0.615
0.274
-0.075
-0.39
-0.655
-0.85
-0.971
-0.98
-0.837
-0.531
-0.172
0.156
0.376
0.472
0.526
0.665
0.912
1.202
1.438
1.545
1.576
1.594
1.581
1.504
1.402
1.302
1.225
1.148
1.045
0.966
0.953
1.03
1.148
1.279
1.442
1.678
1.953
2.159
2.23
2.159
2.037
2.012
2.084
2.139
2.105
2.121
2.35
2.724
3.01
3.078
3.048
3.069
3.137
3.123
2.949
2.71
2.565
2.493
2.334
2.062
1.78
1.545
1.336
1.08
0.748
0.467
0.388
0.449
0.558
0.608
0.585
0.599
0.748
0.894
0.837
0.639
0.453
0.442
0.617
0.846
0.98
0.957
0.846
0.726
0.528
0.206
-0.061
-0.141
-0.193
-0.442
-0.848
-1.166
-1.309
-1.424
-1.674
-2.059
-2.529
-3.037
-3.593
-4.144
-4.657
-5.14
-5.614
-6.038
-6.417
-6.73
-6.902
-6.875
-6.705
-6.453
-6.197
-6.052
-6.025
-5.997
-5.993
-6.067
-6.172
-6.215
-6.131
-5.888
-5.539
-5.237
-5.101
-5.092
-5.053
-4.902
-4.695
-4.516
-4.362
-4.232
-4.149
-4.087
-3.87
-3.434
-2.955
-2.631
-2.504
-2.438
-2.361
-2.32
-2.304
-2.25
-2.082
-1.744
-1.284
-0.832
-0.447
-0.15
0.023
0.086
0.052
-0.068
-0.274
-0.483
-0.601
-0.621
-0.61
-0.587
-0.533
-0.467
-0.501
-0.603
-0.603
-0.415
-0.177
0.052
0.288
0.574
0.937
1.268
1.433
1.463
1.404
1.345
1.386
1.536
1.703
1.83
1.935
2.007
2.078
2.196
2.384
2.686
3.01
3.196
3.189
3.135
3.191
3.316
3.318
3.08
2.733
2.481
2.44
2.602
2.965
3.495
4.09
4.566
4.827
4.913
4.906
4.843
4.698
4.452
4.228
4.173
4.289
4.496
4.772
5.088
5.419
5.729
5.968
6.07
6.081
6.052
5.927
5.77
5.68
5.682
5.786
6.011
6.303
6.51
6.544
6.451
6.33
6.206
6.054
5.811
5.437
4.983
4.55
4.18
3.87
3.566
3.193
2.787
2.427
2.137
1.862
1.604
1.374
1.209
1.118
1.032
0.841
0.571
0.369
0.292
0.277
0.22
0.156
0.204
0.378
0.587
0.698
0.716
0.78
1.045
1.422
1.787
2.137
2.534
2.976
3.366
3.588
3.593
3.504
3.482
3.513
3.57
3.713
4.003
4.407
4.799
5.017
5.001
4.831
4.641
4.432
4.128
3.847
3.729
3.792
3.926
4.028
4.015
3.913
3.776
3.559
3.155
2.688
2.377
2.311
2.427
2.647
2.914
3.151
3.212
2.999
2.545
1.98
1.497
1.293
1.354
1.588
1.86
2.109
2.447
2.928
3.421
3.729
3.883
4.06
4.332
4.575
4.711
4.806
5.004
5.439
5.997
6.494
6.864
7.138
7.342
7.494
7.58
7.512
7.306
7.081
6.859
6.499
5.94
5.36
4.972
4.781
4.668
4.552
4.459
4.48
4.557
4.48
4.162
3.74
3.35
3.017
2.695
2.313
1.842
1.363
0.957
0.667
0.404
0.143
-0.07
-0.227
-0.449
-0.816
-1.181
-1.347
-1.352
-1.433
-1.756
-2.236
-2.62
-2.819
-2.883
-2.892
-2.874
-2.797
-2.645
-2.409
-2.123
-1.869
-1.637
-1.379
-1.184
-1.1
-1.086
-1.045
-0.857
-0.578
-0.417
-0.463
-0.574
-0.624
-0.712
-0.955
-1.229
-1.306
-1.089
-0.644
-0.077
0.422
0.714
0.791
0.76
0.737
0.787
0.889
0.996
1.091
1.179
1.277
1.442
1.756
2.212
2.699
3.116
3.386
3.525
3.636
3.867
4.208
4.525
4.741
4.902
4.997
4.97
4.843
4.738
4.816
5.083
5.353
5.525
5.56
5.419
5.128
4.722
4.323
4.078
3.987
3.978
4.001
3.983
3.874
3.774
3.811
3.931
3.956
3.74
3.302
2.831
2.49
2.273
2.102
1.971
1.955
2.146
2.504
2.826
2.892
2.726
2.529
2.395
2.216
1.883
1.515
1.293
1.24
1.286
1.388
1.64
2.164
2.817
3.239
3.184
2.813
2.422
2.177
2.071
1.982
1.83
1.637
1.597
1.796
2.137
2.515
2.914
3.223
3.266
2.942
2.409
1.883
1.406
0.959
0.66
0.599
0.712
0.871
0.989
1.007
0.946
0.907
0.93
0.939
0.773
0.395
-0.082
-0.401
-0.429
-0.222
0.082
0.397
0.556
0.419
-0.027
-0.594
-1.041
-1.304
-1.515
-1.74
-1.844
-1.617
-1.041
-0.36
0.082
0.165
0.088
0.018
-0.122
-0.538
-1.291
-2.096
-2.484
-2.198
-1.497
-0.796
-0.29
0.002
0.113
0.038
-0.261
-0.608
-0.671
-0.399
-0.07
0.038
-0.045
-0.152
-0.122
-0.009
-0.079
-0.465
-0.907
-1.166
-1.204
-1.132
-1.021
-0.757
-0.22
0.419
0.839
0.832
0.483
0.075
-0.254
-0.603
-0.959
-1.227
-1.329
-1.254
-1.141
-1.191
-1.388
-1.477
-1.354
-1.261
-1.427
-1.769
-2.021
-2.084
-2.062
-2.057
-2.012
-1.88
-1.74
-1.703
-1.839
-2.043
-2.171
-2.277
-2.468
-2.763
-3.078
-3.268
-3.264
-3.114
-2.817
-2.298
-1.563
-0.821
-0.358
-0.204
-0.258
-0.426
-0.601
-0.728
-0.843
-0.935
-0.937
-0.841
-0.61
-0.236
0.213
0.698
1.045
1.123
0.984
0.814
0.735
0.751
0.771
0.773
0.819
0.905
0.944
0.885
0.76
0.61
0.44
0.231
0.014
-0.143
-0.297
-0.562
-0.905
-1.077
-0.894
-0.417
0.086
0.358
0.342
0.109
-0.222
-0.619
-1.068
-1.472
-1.719
-1.876
-2.03
-2.15
-2.116
-1.889
-1.599
-1.454
-1.556
-1.815
-1.989
-1.978
-1.984
-2.177
-2.438
-2.486
-2.289
-2.107
-2.139
-2.295
-2.384
-2.357
-2.304
-2.307
-2.216
-1.93
-1.588
-1.418
-1.499
-1.687
-1.76
-1.676
-1.54
-1.465
-1.477
-1.499
-1.472
-1.449
-1.481
-1.513
-1.474
-1.374
-1.256
-1.125
-0.946
-0.726
-0.56
-0.515
-0.571
-0.651
-0.737
-0.864
-1.066
-1.359
-1.681
-2.003
-2.309
-2.583
-2.819
-3.03
-3.234
-3.504
-3.854
-4.196
-4.421
-4.502
-4.441
-4.289
-4.167
-4.149
-4.176
-4.203
-4.244
-4.346
-4.437
-4.382
-4.158
-3.91
-3.849
-3.994
-4.178
-4.255
-4.244
-4.214
-4.185
-4.112
-3.904
-3.52
-3.092
-2.726
-2.402
-2.071
-1.747
-1.504
-1.42
-1.365
-1.225
-1.03
-0.819
-0.571
-0.238
0.163
0.531
0.789
0.925
1.018
1.209
1.619
2.184
2.665
2.93
3.114
3.355
3.586
3.749
3.858
4.003
4.244
4.543
4.84
5.108
5.319
5.405
5.317
5.017
4.557
4.092
3.754
3.536
3.377
3.273
3.207
3.123
2.999
2.783
2.37
1.753
1.095
0.515
0.061
-0.279
-0.458
-0.41
-0.213
-0.016
0.036
-0.136
-0.508
-0.986
-1.504
-2.021
-2.493
-2.858
-3.094
-3.243
-3.414
-3.654
-3.978
-4.387
-4.861
-5.362
-5.766
-5.94
-5.957
-6.027
-6.229
-6.444
-6.48
-6.349
-6.217
-6.108
-5.922
-5.666
-5.405
-5.169
-4.92
-4.614
-4.278
-3.999
-3.792
-3.613
-3.379
-3.057
-2.654
-2.223
-1.857
-1.585
-1.37
-1.2
-1.052
-0.896
-0.683
-0.372
0.079
0.594
1.064
1.433
1.685
1.826
1.905
2.001
2.236
2.638
3.107
3.563
4.031
4.482
4.868
5.165
5.382
5.532
5.598
5.562
5.432
5.369
5.48
5.736
6.022
6.256
6.408
6.442
6.308
6.029
5.65
5.255
4.954
4.772
4.636
4.5
4.403
4.38
4.362
4.316
4.292
4.294
4.341
4.393
4.325
4.146
3.992
3.935
3.947
3.931
3.901
3.954
4.13
4.323
4.428
4.393
4.262
4.051
3.797
3.489
3.119
2.781
2.631
2.638
2.633
2.522
2.361
2.164
1.93
1.635
1.295
1.064
1
0.986
0.918
0.843
0.843
0.986
1.211
1.413
1.522
1.547
1.554
1.576
1.615
1.737
2.007
2.416
2.844
3.123
3.205
3.223
3.289
3.441
3.645
3.89
4.196
4.591
5.011
5.29
5.312
5.147
4.994
4.985
5.11
5.278
5.362
5.335
5.319
5.353
5.376
5.396
5.48
5.625
5.739
5.705
5.528
5.38
5.398
5.496
5.541
5.53
5.48
5.346
5.086
4.67
4.221
3.949
3.974
4.169
4.351
4.384
4.298
4.194
4.083
3.945
3.904
4.096
4.484
4.886
5.124
5.181
5.165
5.131
5.06
4.943
4.854
4.897
5.081
5.321
5.503
5.591
5.709
5.924
6.215
6.431
6.478
6.437
6.433
6.478
6.528
6.562
6.582
6.582
6.532
6.39
6.235
6.208
6.281
6.349
6.347
6.204
5.852
5.335
4.772
4.223
3.665
3.076
2.561
2.184
1.914
1.658
1.37
1.082
0.898
0.834
0.814
0.775
0.737
0.707
0.726
0.853
1.073
1.402
1.846
2.261
2.465
2.407
2.137
1.833
1.744
1.871
2.069
2.202
2.236
2.173
2.037
1.862
1.69
1.578
1.56
1.649
1.776
1.799
1.672
1.492
1.377
1.329
1.334
1.39
1.565
1.81
1.982
2.089
2.243
2.515
2.89
3.28
3.597
3.756
3.722
3.559
3.391
3.314
3.323
3.373
3.414
3.382
3.307
3.275
3.287
3.337
3.409
3.509
3.622
3.715
3.761
3.761
3.738
3.781
3.872
3.91
3.831
3.625
3.334
3.046
2.84
2.76
2.738
2.692
2.647
2.624
2.59
2.511
2.445
2.499
2.751
3.048
3.098
2.813
2.316
1.771
1.247
0.712
0.202
-0.093
-0.032
0.283
0.606
0.785
0.837
0.816
0.728
0.47
0.041
-0.399
-0.644
-0.712
-0.755
-0.764
-0.606
-0.265
0.093
0.292
0.288
0.188
0.129
0.106
0.125
0.224
0.415
0.68
1.003
1.288
1.463
1.576
1.74
1.994
2.259
2.459
2.588
2.679
2.713
2.57
2.273
2.048
2.016
2.111
2.214
2.304
2.425
2.517
2.517
2.456
2.357
2.243
2.084
1.851
1.583
1.32
1.073
0.891
0.816
0.805
0.707
0.485
0.286
0.177
0.045
-0.161
-0.347
-0.449
-0.429
-0.367
-0.351
-0.363
-0.306
-0.152
0.038
0.2
0.254
0.202
0.093
-0.079
-0.363
-0.773
-1.209
-1.551
-1.783
-1.942
-2.03
-1.989
-1.765
-1.488
-1.374
-1.506
-1.787
-2.173
-2.604
-3.048
-3.491
-3.876
-4.076
-4.11
-4.112
-4.144
-4.14
-4.067
-4.008
-3.967
-3.876
-3.717
-3.581
-3.511
-3.466
-3.311
-3.037
-2.801
-2.663
-2.495
-2.282
-2.144
-2.102
-2.096
-2.089
-1.998
-1.815
-1.669
-1.626
-1.592
-1.529
-1.406
-1.275
-1.286
-1.474
-1.592
-1.477
-1.297
-1.273
-1.313
-1.27
-1.175
-1.22
-1.558
-2.087
-2.449
-2.515
-2.404
-2.223
-1.957
-1.672
-1.499
-1.495
-1.667
-1.932
-2.168
-2.302
-2.381
-2.468
-2.52
-2.547
-2.62
-2.921
-3.473
-4.031
-4.362
-4.573
-4.811
-5.058
-5.108
-4.974
-4.933
-5.117
-5.339
-5.373
-5.169
-4.902
-4.788
-4.797
-4.725
-4.425
-4.053
-3.845
-3.876
-3.976
-3.883
-3.604
-3.382
-3.35
-3.352
-3.23
-3.033
-2.976
-3.164
-3.439
-3.616
-3.695
-3.761
-3.779
-3.618
-3.3
-2.949
-2.658
-2.44
-2.282
-2.168
-2.123
-2.069
-1.944
-1.803
-1.699
-1.594
-1.468
-1.347
-1.284
-1.297
-1.481
-1.898
-2.459
-2.96
-3.252
-3.352
-3.405
-3.486
-3.579
-3.708
-3.915
-4.203
-4.566
-4.958
-5.308
-5.614
-5.856
-6.074
-6.276
-6.369
-6.297
-6.117
-5.966
-5.897
-5.861
-5.811
-5.777
-5.882
-6.106
-6.315
-6.44
-6.526
-6.635
-6.764
-6.778
-6.657
-6.473
-6.312
-6.147
-5.947
-5.759
-5.596
-5.385
-5.115
-4.836
-4.529
-4.185
-3.836
-3.516
-3.178
-2.855
-2.649
-2.633
-2.731
-2.763
-2.683
-2.602
-2.574
-2.592
-2.606
-2.636
-2.679
-2.765
-2.908
-3.076
-3.23
-3.355
-3.432
-3.482
-3.557
-3.652
-3.767
-3.908
-4.09
-4.28
-4.341
-4.276
-4.217
-4.198
-4.167
-4.142
-4.103
-4.051
-4.006
-4.037
-4.232
-4.573
-4.888
-5.081
-5.24
-5.453
-5.643
-5.732
-5.825
-6.013
-6.262
-6.446
-6.49
-6.412
-6.312
-6.294
-6.353
-6.399
-6.387
-6.392
-6.467
-6.548
-6.542
-6.417
-6.26
-6.179
-6.154
-6.045
-5.843
-5.709
-5.68
-5.564
-5.237
-4.797
-4.416
-4.18
-4.013
-3.801
-3.6
-3.509
-3.502
-3.538
-3.534
-3.445
-3.343
-3.189
-2.896
-2.559
-2.363
-2.381
-2.547
-2.719
-2.747
-2.697
-2.67
-2.622
-2.527
-2.47
-2.529
-2.674
-2.876
-3.085
-3.187
-3.223
-3.334
-3.459
-3.541
-3.611
-3.713
-3.842
-4.006
-4.248
-4.584
-4.924
-5.181
-5.349
-5.432
-5.473
-5.593
-5.863
-6.192
-6.46
-6.653
-6.816
-7
-7.15
-7.14
-6.995
-6.868
-6.807
-6.732
-6.628
-6.569
-6.567
-6.532
-6.442
-6.297
-6.179
-6.145
-6.154
-6.077
-5.834
-5.507
-5.269
-5.124
-4.958
-4.731
-4.5
-4.312
-4.198
-4.146
-4.23
-4.468
-4.738
-4.874
-4.879
-4.895
-4.952
-4.979
-4.902
-4.766
-4.698
-4.745
-4.888
-5.011
-5.033
-5.022
-5.122
-5.299
-5.38
-5.251
-4.97
-4.616
-4.292
-4.017
-3.745
-3.491
-3.352
-3.341
-3.361
-3.368
-3.389
-3.439
-3.548
-3.636
-3.559
-3.298
-3.01
-2.815
-2.71
-2.71
-2.908
-3.33
-3.845
-4.251
-4.452
-4.452
-4.301
-4.096
-3.872
-3.584
-3.273
-3.003
-2.785
-2.57
-2.334
-2.171
-2.227
-2.454
-2.574
-2.481
-2.273
-2.069
-1.892
-1.753
-1.681
-1.685
-1.769
-1.876
-1.955
-1.978
-2.003
-2.146
-2.463
-2.876
-3.212
-3.298
-3.162
-2.983
-2.878
-2.801
-2.726
-2.745
-2.892
-3.055
-3.155
-3.144
-3.051
-2.928
-2.808
-2.706
-2.574
-2.368
-2.114
-1.905
-1.826
-1.828
-1.867
-2.003
-2.266
-2.597
-2.958
-3.389
-3.956
-4.634
-5.328
-5.972
-6.573
-7.154
-7.664
-8.034
-8.195
-8.157
-8.061
-8.05
-8.134
-8.306
-8.515
-8.687
-8.765
-8.694
-8.476
-8.243
-8.064
-7.93
-7.758
-7.585
-7.501
-7.506
-7.576
-7.683
-7.678
-7.435
-7.007
-6.503
-6.018
-5.619
-5.215
-4.709
-4.164
-3.729
-3.346
-2.908
-2.434
-1.982
-1.519
-0.989
-0.435
0.057
0.395
0.655
0.986
1.456
2.032
2.642
3.212
3.658
3.965
4.169
4.228
4.112
3.858
3.618
3.568
3.668
3.795
3.951
4.196
4.448
4.566
4.602
4.673
4.779
4.825
4.77
4.675
4.611
4.573
4.546
4.525
4.514
4.466
4.412
4.448
4.529
4.478
4.33
4.319
4.412
4.36
4.028
3.588
3.287
3.116
2.974
2.917
3.03
3.243
3.293
3.015
2.454
1.796
1.222
0.81
0.54
0.406
0.345
0.283
0.193
0.07
-0.034
-0.057
-0.023
-0.038
-0.193
-0.388
-0.501
-0.58
-0.742
-1.021
-1.295
-1.379
-1.216
-0.973
-0.739
-0.49
-0.17
0.177
0.458
0.628
0.626
0.472
0.224
-0.032
-0.229
-0.333
-0.306
-0.145
0.152
0.528
0.882
1.125
1.24
1.273
1.261
1.227
1.166
1.048
0.873
0.705
0.648
0.714
0.857
1.036
1.247
1.492
1.708
1.837
1.846
1.735
1.59
1.451
1.395
1.481
1.726
2.105
2.552
2.978
3.291
3.423
3.355
3.142
2.86
2.54
2.157
1.747
1.402
1.295
1.451
1.726
1.957
2.073
2.075
1.998
1.796
1.436
1.054
0.819
0.73
0.703
0.678
0.678
0.803
1.1
1.501
1.903
2.232
2.493
2.735
2.94
3.015
2.949
2.815
2.697
2.529
2.343
2.316
2.527
2.822
2.999
2.992
2.844
2.622
2.372
2.037
1.601
1.188
0.907
0.744
0.592
0.444
0.331
0.27
0.211
0.079
-0.1
-0.229
-0.238
-0.136
-0.034
-0.091
-0.29
-0.433
-0.483
-0.533
-0.655
-0.703
-0.544
-0.256
-0.027
0.077
0.057
-0.115
-0.41
-0.812
-1.295
-1.726
-1.905
-1.796
-1.465
-1.057
-0.694
-0.429
-0.224
-0.07
-0.052
-0.172
-0.313
-0.408
-0.435
-0.376
-0.2
0.122
0.494
0.751
0.857
0.925
1.048
1.166
1.148
0.975
0.755
0.558
0.345
0.1
-0.106
-0.24
-0.195
0.079
0.497
0.88
1.127
1.256
1.261
1.091
0.744
0.378
0.174
0.193
0.39
0.803
1.42
2.1
2.677
3.073
3.257
3.257
3.142
3.015
2.878
2.686
2.515
2.547
2.765
2.989
3.08
3.085
3.048
2.996
2.887
2.66
2.368
2.073
1.71
1.3
0.968
0.773
0.701
0.746
0.885
1.089
1.388
1.758
2.087
2.286
2.289
2.102
1.815
1.547
1.343
1.177
1.066
1.018
1.003
0.932
0.798
0.696
0.633
0.467
0.082
-0.426
-0.905
-1.273
-1.529
-1.697
-1.728
-1.617
-1.409
-1.152
-0.898
-0.633
-0.363
-0.07
0.249
0.503
0.658
0.755
0.823
0.869
0.998
1.279
1.633
1.885
2.016
2.193
2.572
3.057
3.432
3.563
3.559
3.545
3.416
3.019
2.481
2.096
1.896
1.719
1.42
1.17
1.181
1.411
1.59
1.49
1.207
0.973
0.782
0.524
0.209
-0.023
0.011
0.333
0.606
0.474
-0.125
-0.896
-1.454
-1.744
-1.907
-1.969
-1.803
-1.361
-0.903
-0.771
-1.05
-1.504
-1.892
-2.125
-2.134
-1.885
-1.442
-1.034
-0.825
-0.841
-1.023
-1.322
-1.721
-2.15
-2.361
-2.198
-1.683
-0.993
-0.32
0.179
0.444
0.503
0.376
0.134
-0.079
-0.091
0.174
0.648
1.129
1.47
1.653
1.721
1.744
1.789
1.935
2.157
2.465
2.862
3.196
3.257
2.946
2.363
1.728
1.198
0.728
0.27
0.011
0.159
0.73
1.458
2.014
2.289
2.307
2.18
2.019
1.837
1.626
1.499
1.681
2.207
2.858
3.298
3.33
2.992
2.44
1.774
1.141
0.751
0.771
1.113
1.442
1.495
1.306
1.057
0.751
0.258
-0.46
-1.177
-1.59
-1.665
-1.592
-1.558
-1.565
-1.572
-1.624
-1.826
-2.134
-2.35
-2.318
-2.087
-1.824
-1.567
-1.315
-1.084
-0.885
-0.733
-0.617
-0.467
-0.249
-0.034
0.097
0.2
0.263
0.258
0.113
-0.177
-0.44
-0.474
-0.308
-0.179
-0.249
-0.422
-0.528
-0.571
-0.658
-0.778
-0.787
-0.665
-0.481
-0.249
0.009
0.31
0.633
0.88
0.966
0.912
0.819
0.839
1.036
1.268
1.334
1.245
1.175
1.204
1.227
1.159
1.036
0.939
0.916
0.923
0.914
0.912
0.909
0.866
0.834
0.916
1.139
1.32
1.304
1.159
1.039
0.98
0.928
0.814
0.674
0.569
0.601
0.775
1.016
1.295
1.599
1.923
2.243
2.49
2.588
2.556
2.475
2.313
2.019
1.628
1.286
1.066
0.871
0.562
0.224
-0.025
-0.132
-0.138
-0.159
-0.29
-0.49
-0.676
-0.78
-0.78
-0.658
-0.497
-0.476
-0.606
-0.821
-1.1
-1.415
-1.685
-1.864
-1.892
-1.771
-1.569
-1.35
-1.243
-1.363
-1.653
-1.982
-2.289
-2.572
-2.844
-3.083
-3.275
-3.436
-3.579
-3.684
-3.763
-3.886
-4.024
-4.071
-3.945
-3.6
-3.13
-2.649
-2.189
-1.692
-1.231
-0.973
-0.941
-1.045
-1.166
-1.195
-1.118
-0.909
-0.551
-0.066
0.456
0.928
1.24
1.343
1.291
1.193
1.198
1.438
1.892
2.372
2.686
2.754
2.719
2.724
2.708
2.554
2.327
2.207
2.32
2.636
2.976
3.196
3.348
3.59
3.908
4.078
3.974
3.729
3.67
3.949
4.407
4.763
4.913
4.92
4.768
4.339
3.679
3.089
2.874
3.089
3.522
3.874
4.04
4.035
3.838
3.434
2.951
2.613
2.527
2.565
2.636
2.747
2.878
2.944
2.892
2.781
2.763
2.91
3.123
3.287
3.386
3.529
3.747
4.008
4.208
4.176
3.788
3.205
2.719
2.431
2.234
2.057
1.955
2.007
2.159
2.157
1.948
1.69
1.492
1.368
1.288
1.327
1.538
1.862
2.109
2.123
1.932
1.726
1.617
1.554
1.415
1.218
1.089
1.073
1.15
1.238
1.231
1.075
0.848
0.662
0.483
0.286
0.109
-0.009
-0.029
0.043
0.12
0.138
0.115
0.082
0.102
0.27
0.544
0.832
1.095
1.261
1.22
0.889
0.385
-0.047
-0.29
-0.388
-0.415
-0.422
-0.429
-0.512
-0.714
-1.021
-1.309
-1.519
-1.653
-1.685
-1.663
-1.692
-1.821
-2.032
-2.3
-2.64
-3.11
-3.695
-4.248
-4.698
-4.974
-5.008
-4.79
-4.491
-4.312
-4.276
-4.298
-4.362
-4.588
-4.965
-5.281
-5.323
-5.117
-4.879
-4.75
-4.652
-4.489
-4.285
-4.105
-3.967
-3.824
-3.643
-3.423
-3.173
-2.876
-2.55
-2.275
-2.134
-2.105
-2.078
-2.03
-1.957
-1.801
-1.481
-1.034
-0.585
-0.231
-0.052
-0.063
-0.156
-0.177
-0.122
-0.095
-0.104
-0.011
0.258
0.54
0.574
0.369
0.122
-0.036
-0.197
-0.494
-0.825
-0.903
-0.587
-0.05
0.406
0.653
0.755
0.796
0.728
0.54
0.354
0.297
0.374
0.472
0.528
0.574
0.667
0.794
0.846
0.766
0.635
0.567
0.639
0.787
0.925
1.071
1.268
1.461
1.513
1.347
1.043
0.787
0.728
0.862
1.093
1.277
1.318
1.227
1.125
0.98
0.683
0.252
-0.106
-0.274
-0.268
-0.249
-0.406
-0.737
-1.064
-1.336
-1.66
-2.121
-2.651
-3.114
-3.436
-3.629
-3.69
-3.636
-3.552
-3.516
-3.668
-4.024
-4.471
-4.816
-4.938
-4.897
-4.868
-4.879
-4.818
-4.729
-4.82
-5.133
-5.491
-5.786
-6.097
-6.487
-6.864
-7.061
-7.079
-7.061
-7.147
-7.329
-7.447
-7.42
-7.261
-7.034
-6.755
-6.351
-5.732
-4.958
-4.242
-3.645
-3.046
-2.384
-1.715
-1.093
-0.488
0.111
0.674
1.222
1.701
2.012
2.123
2.1
2.064
2.039
2.025
2.01
2.016
2.091
2.252
2.434
2.602
2.769
2.865
2.835
2.79
2.914
3.305
3.815
4.219
4.457
4.677
4.943
5.144
5.178
5.095
5.004
4.89
4.647
4.273
3.836
3.373
2.867
2.298
1.601
0.798
-0.014
-0.721
-1.363
-2.087
-2.917
-3.693
-4.303
-4.847
-5.414
-5.993
-6.492
-6.832
-7.027
-7.118
-7.118
-7.029
-6.905
-6.812
-6.775
-6.782
-6.798
-6.852
-6.995
-7.159
-7.165
-6.997
-6.802
-6.673
-6.605
-6.512
-6.308
-6.038
-5.829
-5.718
-5.659
-5.687
-5.764
-5.739
-5.587
-5.351
-5.044
-4.695
-4.328
-3.836
-3.21
-2.502
-1.719
-0.869
-0.091
0.517
0.991
1.386
1.66
1.855
2.144
2.618
3.219
3.872
4.464
4.899
5.083
4.983
4.702
4.409
4.185
4.013
3.815
3.498
3.098
2.74
2.502
2.366
2.245
2.116
1.971
1.833
1.701
1.542
1.406
1.359
1.424
1.565
1.728
1.846
1.91
1.971
2.082
2.225
2.363
2.37
2.216
1.935
1.565
1.152
0.81
0.626
0.61
0.703
0.801
0.825
0.771
0.603
0.308
-0.109
-0.59
-0.984
-1.238
-1.372
-1.383
-1.222
-0.909
-0.551
-0.258
-0.127
-0.125
-0.113
-0.054
-0.011
-0.034
-0.038
0.125
0.392
0.594
0.667
0.59
0.442
0.354
0.392
0.512
0.617
0.621
0.51
0.315
0.066
-0.156
-0.27
-0.308
-0.385
-0.524
-0.608
-0.63
-0.658
-0.651
-0.508
-0.206
0.174
0.547
1.005
1.81
2.994
4.219
5.178
5.852
6.435
7.05
7.519
7.651
7.56
7.506
7.653
7.966
8.177
8.193
8.209
8.327
8.27
7.814
7.127
6.564
6.204
5.859
5.373
4.963
4.822
4.884
4.92
4.775
4.452
4.062
3.724
3.543
3.55
3.67
3.77
3.754
3.645
3.395
2.967
2.529
2.212
1.955
1.665
1.397
1.213
0.996
0.551
-0.17
-1.059
-1.998
-2.94
-3.886
-4.754
-5.421
-5.829
-6.067
-6.22
-6.376
-6.585
-6.995
-7.621
-8.318
-8.887
-9.252
-9.454
-9.597
-9.733
-9.803
-9.788
-9.758
-9.867
-10.146
-10.416
-10.45
-10.209
-9.808
-9.332
-8.83
-8.381
-8.141
-8.134
-8.263
-8.408
-8.47
-8.449
-8.347
-8.096
-7.635
-7.004
-6.383
-5.945
-5.727
-5.582
-5.326
-4.897
-4.212
-3.307
-2.307
-1.275
-0.32
0.404
0.871
1.225
1.604
2.039
2.55
3.237
4.217
5.403
6.508
7.324
7.821
8.116
8.345
8.549
8.671
8.697
8.746
8.917
9.096
9.13
8.985
8.753
8.424
7.975
7.435
6.988
6.793
6.805
6.846
6.868
6.88
6.787
6.532
6.281
6.174
6.176
6.174
6.142
6.172
6.262
6.251
6.011
5.555
5.056
4.629
4.296
4.076
3.96
3.883
3.758
3.593
3.416
3.146
2.747
2.381
2.102
1.869
1.608
1.334
1.127
1.023
0.916
0.742
0.63
0.714
0.928
1.172
1.438
1.815
2.23
2.547
2.729
2.783
2.763
2.769
2.794
2.869
3.114
3.572
4.128
4.634
4.958
4.963
4.666
4.219
3.749
3.389
3.205
3.189
3.368
3.627
3.785
3.774
3.693
3.604
3.448
3.114
2.695
2.393
2.379
2.64
3.067
3.516
3.965
4.466
5.024
5.514
5.814
5.95
6.054
6.145
6.158
6.054
5.875
5.666
5.419
5.013
4.452
3.956
3.695
3.638
3.636
3.518
3.259
2.983
2.801
2.633
2.409
2.207
2.144
2.243
2.506
2.926
3.452
4.013
4.525
4.92
5.187
5.398
5.605
5.739
5.691
5.528
5.426
5.541
5.891
6.29
6.532
6.587
6.555
6.496
6.328
6.045
5.739
5.534
5.376
5.199
5.081
5.124
5.339
5.528
5.496
5.321
5.16
5.062
4.976
4.809
4.573
4.335
4.105
3.899
3.804
3.82
3.881
3.94
4.024
4.114
4.149
4.044
3.833
3.538
3.169
2.756
2.427
2.239
2.066
1.851
1.663
1.574
1.508
1.286
0.882
0.46
0.17
-0.005
-0.109
-0.109
0.036
0.288
0.524
0.651
0.671
0.705
0.855
1.134
1.456
1.767
2.073
2.434
2.813
3.078
3.146
3.08
2.987
2.876
2.724
2.538
2.348
2.191
2.069
1.93
1.753
1.637
1.556
1.42
1.216
0.955
0.665
0.417
0.288
0.265
0.304
0.329
0.306
0.349
0.538
0.773
0.948
1.054
1.172
1.359
1.569
1.726
1.851
1.994
2.184
2.402
2.552
2.609
2.663
2.724
2.713
2.545
2.275
2.08
2.005
1.978
1.998
2.144
2.384
2.62
2.722
2.579
2.289
1.919
1.567
1.361
1.37
1.56
1.83
2.046
2.153
2.177
2.189
2.207
2.218
2.207
2.232
2.377
2.638
2.905
3.123
3.302
3.493
3.699
3.822
3.82
3.706
3.448
3.053
2.713
2.561
2.574
2.581
2.488
2.325
2.166
2.055
2.021
2.1
2.295
2.524
2.636
2.524
2.248
1.935
1.694
1.572
1.533
1.526
1.615
1.821
2.025
2.039
1.812
1.472
1.193
1.039
0.923
0.751
0.56
0.451
0.442
0.499
0.497
0.385
0.138
-0.299
-0.871
-1.383
-1.681
-1.721
-1.551
-1.268
-1.041
-0.957
-0.937
-0.821
-0.59
-0.313
-0.068
0.19
0.63
1.263
1.808
2.046
2.052
1.971
1.88
1.817
1.735
1.551
1.277
1.071
1.036
1.093
1.125
1.036
0.789
0.397
-0.086
-0.59
-0.941
-1
-0.848
-0.703
-0.753
-0.998
-1.231
-1.359
-1.415
-1.451
-1.431
-1.411
-1.429
-1.486
-1.583
-1.771
-1.971
-2.111
-2.202
-2.216
-2.127
-2.012
-1.978
-1.984
-1.932
-1.783
-1.585
-1.501
-1.676
-2.089
-2.508
-2.74
-2.726
-2.534
-2.291
-2.144
-2.15
-2.336
-2.64
-2.899
-3.001
-2.96
-2.876
-2.831
-2.735
-2.52
-2.225
-1.948
-1.753
-1.581
-1.374
-1.168
-1.071
-1.12
-1.27
-1.406
-1.413
-1.238
-0.968
-0.744
-0.712
-0.962
-1.393
-1.828
-2.148
-2.291
-2.243
-2.146
-2.191
-2.422
-2.783
-3.114
-3.305
-3.359
-3.318
-3.241
-3.125
-2.967
-2.758
-2.531
-2.264
-1.996
-1.717
-1.404
-1.048
-0.746
-0.535
-0.395
-0.279
-0.113
0.1
0.231
0.177
-0.104
-0.544
-1.027
-1.404
-1.642
-1.767
-1.808
-1.765
-1.644
-1.463
-1.213
-0.977
-0.798
-0.694
-0.648
-0.726
-0.925
-1.191
-1.383
-1.415
-1.315
-1.127
-0.939
-0.812
-0.769
-0.88
-1.118
-1.35
-1.472
-1.531
-1.61
-1.771
-1.969
-2.157
-2.28
-2.32
-2.293
-2.298
-2.427
-2.656
-2.924
-3.216
-3.5
-3.693
-3.717
-3.634
-3.509
-3.343
-3.166
-3.042
-2.983
-2.942
-2.865
-2.76
-2.697
-2.731
-2.89
-3.139
-3.373
-3.491
-3.414
-3.166
-2.912
-2.751
-2.674
-2.67
-2.704
-2.697
-2.597
-2.475
-2.493
-2.695
-2.965
-3.193
-3.391
-3.581
-3.677
-3.647
-3.62
-3.706
-3.874
-4.022
-4.062
-3.983
-3.874
-3.788
-3.711
-3.724
-3.851
-4.01
-4.14
-4.221
-4.205
-4.173
-4.153
-4.146
-4.208
-4.341
-4.446
-4.439
-4.269
-3.942
-3.586
-3.37
-3.357
-3.457
-3.532
-3.559
-3.545
-3.516
-3.473
-3.509
-3.661
-3.89
-4.024
-4.008
-3.858
-3.611
-3.259
-2.79
-2.2
-1.492
-0.764
-0.106
0.431
0.798
0.959
0.968
0.857
0.599
0.297
0.136
0.181
0.356
0.54
0.662
0.778
0.887
0.982
1.057
1.161
1.381
1.676
1.932
2.107
2.223
2.295
2.352
2.404
2.409
2.332
2.232
2.166
2.159
2.2
2.293
2.416
2.534
2.568
2.493
2.322
2.134
2.025
2.028
2.116
2.234
2.35
2.413
2.404
2.343
2.257
2.23
2.318
2.434
2.44
2.302
2.132
2.025
1.916
1.676
1.252
0.692
0.132
-0.32
-0.644
-0.923
-1.184
-1.436
-1.637
-1.846
-2.164
-2.579
-3.021
-3.416
-3.763
-4.092
-4.307
-4.353
-4.38
-4.652
-5.222
-5.895
-6.442
-6.755
-6.846
-6.712
-6.31
-5.718
-5.169
-4.82
-4.62
-4.586
-4.97
-5.823
-6.778
-7.349
-7.37
-6.993
-6.351
-5.396
-4.153
-3.01
-2.44
-2.318
-2.109
-1.708
-1.472
-1.526
-1.674
-1.694
-1.474
-1.043
-0.642
-0.431
-0.229
0.129
0.578
0.998
1.379
1.801
2.35
2.942
3.33
3.534
3.854
4.409
5.053
5.612
6.09
6.63
7.22
7.719
8.1
8.44
8.706
8.685
8.359
7.923
7.642
7.53
7.501
7.488
7.392
7.152
6.841
6.589
6.326
5.795
5.086
4.573
4.443
4.518
4.55
4.523
4.588
4.788
4.915
4.795
4.457
4.067
3.704
3.405
3.239
3.155
3.046
2.817
2.479
2.012
1.3
0.47
-0.161
-0.431
-0.395
-0.127
0.256
0.608
0.78
0.687
0.406
0.025
-0.413
-0.742
-0.814
-0.648
-0.342
-0.009
0.297
0.628
1.057
1.536
1.914
2.107
2.127
2.116
2.184
2.334
2.599
3.003
3.489
3.99
4.414
4.745
5.008
5.106
5.024
4.938
4.958
4.97
4.874
4.652
4.421
4.403
4.682
5.067
5.335
5.498
5.705
5.947
6.061
6.025
5.945
5.861
5.782
5.716
5.736
5.856
6.081
6.485
7.109
7.746
8.182
8.454
8.599
8.558
8.331
8.082
7.957
7.9
7.785
7.617
7.481
7.381
7.322
7.302
7.265
7.195
7.018
6.623
6.029
5.355
4.722
4.292
4.137
4.212
4.434
4.757
5.069
5.201
5.088
4.75
4.332
4.037
3.983
4.137
4.405
4.75
5.169
5.557
5.788
5.856
5.764
5.496
5.101
4.686
4.443
4.439
4.536
4.602
4.579
4.473
4.33
4.146
3.886
3.6
3.414
3.318
3.237
3.166
3.144
3.241
3.482
3.72
3.776
3.6
3.316
3.092
2.987
2.917
2.874
2.946
3.162
3.409
3.561
3.563
3.482
3.393
3.316
3.223
3.105
2.935
2.679
2.348
1.93
1.463
1.109
1.005
1.071
1.118
1.054
0.955
0.923
0.977
1.018
0.986
1.027
1.202
1.433
1.703
2.021
2.368
2.719
3.01
3.182
3.248
3.327
3.529
3.811
4.031
4.158
4.389
4.804
5.235
5.489
5.614
5.693
5.729
5.643
5.353
4.956
4.5
4.046
3.733
3.677
3.806
4.01
4.196
4.28
4.194
3.922
3.566
3.33
3.316
3.443
3.622
3.854
4.13
4.425
4.604
4.573
4.364
4.085
3.838
3.675
3.602
3.609
3.656
3.729
3.813
3.863
3.79
3.568
3.252
2.896
2.55
2.271
2.091
2.078
2.144
2.141
2.012
1.808
1.642
1.556
1.488
1.454
1.574
1.885
2.25
2.506
2.597
2.588
2.531
2.348
2.052
1.806
1.708
1.715
1.799
2.014
2.341
2.568
2.472
2.155
1.853
1.637
1.463
1.356
1.451
1.774
2.155
2.375
2.413
2.363
2.336
2.368
2.44
2.602
2.874
3.243
3.55
3.695
3.72
3.72
3.684
3.64
3.654
3.622
3.498
3.382
3.352
3.35
3.282
3.173
3.042
2.874
2.613
2.327
2.15
2.075
2.028
2.01
2.039
2.032
1.88
1.569
1.213
0.955
0.825
0.737
0.667
0.63
0.585
0.433
0.145
-0.193
-0.399
-0.494
-0.538
-0.506
-0.438
-0.44
-0.587
-0.843
-1.125
-1.395
-1.653
-1.871
-1.955
-1.88
-1.663
-1.3
-0.86
-0.538
-0.433
-0.551
-0.873
-1.359
-1.857
-2.236
-2.438
-2.47
-2.348
-2.118
-1.889
-1.692
-1.613
-1.656
-1.808
-2.064
-2.348
-2.515
-2.524
-2.47
-2.427
-2.361
-2.221
-1.998
-1.796
-1.656
-1.583
-1.526
-1.456
-1.404
-1.465
-1.599
-1.683
-1.731
-1.887
-2.102
-2.23
-2.216
-2.107
-1.991
-1.964
-2.062
-2.273
-2.572
-2.926
-3.187
-3.191
-2.91
-2.545
-2.236
-1.966
-1.731
-1.665
-1.878
-2.32
-2.835
-3.252
-3.5
-3.572
-3.463
-3.182
-2.794
-2.375
-2.014
-1.812
-1.878
-2.153
-2.47
-2.735
-2.933
-2.999
-2.914
-2.699
-2.497
-2.468
-2.667
-2.946
-3.178
-3.318
-3.361
-3.278
-3.132
-3.085
-3.221
-3.482
-3.799
-4.189
-4.566
-4.786
-4.827
-4.809
-4.811
-4.775
-4.654
-4.466
-4.33
-4.33
-4.396
-4.407
-4.339
-4.223
-3.99
-3.607
-3.198
-2.908
-2.79
-2.901
-3.239
-3.695
-4.083
-4.276
-4.226
-3.954
-3.477
-2.951
-2.599
-2.52
-2.631
-2.84
-3.037
-3.132
-3.083
-2.903
-2.699
-2.583
-2.595
-2.71
-2.858
-2.987
-3.096
-3.216
-3.287
-3.275
-3.157
-2.974
-2.822
-2.756
-2.797
-2.944
-3.248
-3.726
-4.244
-4.593
-4.62
-4.348
-3.974
-3.629
-3.412
-3.327
-3.454
-3.818
-4.321
-4.806
-5.169
-5.428
-5.557
-5.53
-5.403
-5.283
-5.281
-5.405
-5.639
-5.85
-5.918
-5.868
-5.838
-5.87
-5.888
-5.827
-5.727
-5.646
-5.571
-5.51
-5.428
-5.271
-5.106
-5.013
-4.936
-4.861
-4.904
-5.122
-5.453
-5.775
-6.013
-6.099
-6.006
-5.856
-5.714
-5.582
-5.489
-5.489
-5.555
-5.614
-5.707
-5.875
-6.031
-6.022
-5.788
-5.494
-5.287
-5.19
-5.108
-4.979
-4.816
-4.704
-4.647
-4.6
-4.555
-4.514
-4.409
-4.242
-4.103
-4.028
-3.978
-3.935
-3.951
-3.981
-3.954
-3.888
-3.836
-3.842
-3.913
-4.019
-4.151
-4.323
-4.468
-4.548
-4.559
-4.541
-4.518
-4.461
-4.364
-4.344
-4.502
-4.779
-4.992
-5.126
-5.255
-5.294
-5.163
-4.917
-4.657
-4.38
-4.081
-3.842
-3.774
-3.847
-3.958
-4.053
-4.203
-4.425
-4.557
-4.491
-4.283
-4.117
-4.067
-4.083
-4.133
-4.214
-4.214
-4.119
-4.042
-4.037
-4.158
-4.362
-4.516
-4.534
-4.441
-4.332
-4.296
-4.332
-4.341
-4.298
-4.287
-4.423
-4.641
-4.779
-4.831
-4.961
-5.178
-5.385
-5.485
-5.512
-5.578
-5.732
-5.9
-5.995
-6.025
-6.093
-6.283
-6.542
-6.802
-6.997
-7.12
-7.245
-7.46
-7.735
-7.98
-8.123
-8.143
-7.998
-7.744
-7.506
-7.431
-7.546
-7.719
-7.835
-7.859
-7.717
-7.433
-7.111
-6.812
-6.53
-6.201
-5.773
-5.369
-5.231
-5.38
-5.614
-5.865
-6.131
-6.292
-6.199
-5.882
-5.51
-5.16
-4.82
-4.532
-4.33
-4.26
-4.337
-4.518
-4.695
-4.816
-4.884
-4.938
-5.026
-5.049
-4.936
-4.77
-4.709
-4.772
-4.895
-5.004
-5.151
-5.439
-5.77
-5.931
-5.963
-6.058
-6.229
-6.306
-6.179
-5.924
-5.589
-5.086
-4.364
-3.538
-2.858
-2.468
-2.275
-1.982
-1.486
-0.991
-0.642
-0.392
-0.091
0.297
0.646
0.803
0.787
0.71
0.538
0.084
-0.733
-1.653
-2.289
-2.506
-2.547
-2.722
-2.985
-3.028
-2.833
-2.783
-3.076
-3.484
-3.672
-3.493
-3.151
-2.951
-3.012
-3.216
-3.391
-3.493
-3.627
-3.842
-4.033
-4.194
-4.516
-5.115
-5.854
-6.485
-6.864
-7.152
-7.524
-7.968
-8.386
-8.749
-9.189
-9.781
-10.323
-10.538
-10.404
-10.16
-10.085
-10.25
-10.559
-10.867
-11.108
-11.298
-11.43
-11.373
-11.044
-10.602
-10.237
-9.924
-9.481
-8.926
-8.526
-8.465
-8.594
-8.701
-8.73
-8.651
-8.39
-7.95
-7.367
-6.673
-5.988
-5.459
-5.165
-5.081
-4.952
-4.584
-4.053
-3.557
-3.178
-2.765
-2.239
-1.71
-1.343
-1.166
-0.982
-0.626
-0.159
0.245
0.569
0.896
1.295
1.771
2.186
2.422
2.531
2.642
2.804
2.933
3.021
3.123
3.246
3.32
3.257
3.114
3.019
3.024
3.094
3.162
3.216
3.341
3.568
3.747
3.743
3.513
3.169
2.885
2.686
2.511
2.416
2.611
3.076
3.625
4.019
4.255
4.428
4.473
4.257
3.829
3.395
3.13
3.03
3.028
3.071
3.151
3.193
3.11
2.813
2.311
1.721
1.148
0.626
0.159
-0.268
-0.635
-0.841
-0.848
-0.744
-0.658
-0.696
-0.837
-1.048
-1.327
-1.658
-1.989
-2.245
-2.429
-2.559
-2.647
-2.688
-2.679
-2.647
-2.636
-2.611
-2.565
-2.531
-2.499
-2.459
-2.377
-2.289
-2.214
-2.1
-1.907
-1.69
-1.495
-1.347
-1.24
-1.123
-0.973
-0.757
-0.494
-0.186
0.109
0.417
0.85
1.341
1.701
1.869
1.878
1.815
1.753
1.665
1.599
1.624
1.769
2.016
2.325
2.59
2.701
2.681
2.588
2.388
2.069
1.733
1.59
1.631
1.697
1.646
1.56
1.556
1.529
1.245
0.696
0.063
-0.413
-0.603
-0.592
-0.547
-0.442
-0.204
0.218
0.723
1.127
1.372
1.588
1.851
2.062
2.121
2.073
2.073
2.221
2.379
2.372
2.282
2.316
2.511
2.71
2.792
2.71
2.543
2.37
2.134
1.667
0.996
0.36
-0.007
-0.141
-0.209
-0.336
-0.47
-0.481
-0.413
-0.451
-0.635
-0.762
-0.712
-0.596
-0.542
-0.503
-0.349
-0.075
0.143
0.125
-0.115
-0.431
-0.719
-0.977
-1.245
-1.497
-1.635
-1.597
-1.508
-1.585
-1.923
-2.327
-2.556
-2.54
-2.436
-2.291
-2.066
-1.753
-1.409
-1.141
-0.966
-0.812
-0.599
-0.363
-0.179
-0.025
0.17
0.449
0.816
1.22
1.551
1.744
1.826
1.819
1.767
1.674
1.531
1.461
1.565
1.789
1.928
1.828
1.599
1.411
1.275
1.113
0.998
0.998
1.111
1.284
1.383
1.322
1.161
1.018
0.962
0.964
0.957
0.937
0.991
1.159
1.406
1.604
1.656
1.672
1.715
1.64
1.393
1.102
0.957
1.018
1.195
1.32
1.395
1.481
1.533
1.42
1.093
0.639
0.236
-0.002
-0.093
-0.093
-0.086
-0.104
-0.145
-0.215
-0.345
-0.51
-0.683
-0.812
-0.862
-0.821
-0.751
-0.644
-0.47
-0.263
-0.093
0.036
0.132
0.195
0.218
0.242
0.277
0.279
0.249
0.231
0.193
0.093
-0.014
-0.07
-0.075
-0.011
0.15
0.404
0.685
0.887
0.989
1.021
1.003
0.991
1.025
1.166
1.504
1.996
2.524
3.035
3.511
3.888
4.053
3.985
3.774
3.541
3.368
3.278
3.316
3.489
3.713
3.888
3.978
3.985
3.913
3.747
3.498
3.153
2.751
2.345
2.03
1.871
1.887
1.98
2.03
2.019
1.957
1.819
1.583
1.222
0.773
0.338
-0.059
-0.463
-0.81
-1.052
-1.231
-1.327
-1.275
-1.061
-0.821
-0.723
-0.787
-0.946
-1.15
-1.381
-1.608
-1.728
-1.583
-1.209
-0.791
-0.476
-0.233
-0.023
0.118
0.091
-0.129
-0.431
-0.742
-1.064
-1.359
-1.501
-1.451
-1.234
-0.903
-0.553
-0.263
-0.045
0.152
0.381
0.637
0.887
1.123
1.336
1.529
1.692
1.808
1.88
1.955
2.052
2.216
2.354
2.404
2.386
2.3
2.109
1.842
1.574
1.338
1.125
0.93
0.812
0.782
0.76
0.744
0.803
0.905
1
1.084
1.211
1.404
1.637
1.855
2.057
2.261
2.534
2.881
3.193
3.391
3.486
3.52
3.473
3.359
3.214
3.06
2.937
2.826
2.683
2.481
2.291
2.212
2.264
2.35
2.49
2.76
3.092
3.305
3.234
2.908
2.554
2.32
2.146
1.964
1.817
1.767
1.874
2.107
2.345
2.484
2.506
2.436
2.291
2.062
1.796
1.572
1.481
1.549
1.674
1.751
1.774
1.74
1.549
1.157
0.692
0.306
0.059
-0.115
-0.274
-0.388
-0.388
-0.331
-0.354
-0.444
-0.515
-0.497
-0.41
-0.336
-0.338
-0.426
-0.533
-0.585
-0.608
-0.68
-0.791
-0.803
-0.551
-0.061
0.458
0.955
1.547
2.171
2.602
2.69
2.527
2.32
2.241
2.298
2.42
2.561
2.71
2.822
2.831
2.665
2.327
1.969
1.808
1.876
2.039
2.252
2.568
2.905
3.171
3.359
3.527
3.695
3.836
3.895
3.845
3.699
3.518
3.366
3.193
2.933
2.556
2.102
1.631
1.152
0.633
0.084
-0.356
-0.508
-0.431
-0.354
-0.397
-0.535
-0.66
-0.753
-0.825
-0.83
-0.712
-0.501
-0.308
-0.222
-0.292
-0.467
-0.716
-0.975
-1.211
-1.433
-1.669
-1.892
-2.102
-2.384
-2.745
-3.103
-3.407
-3.652
-3.879
-4.153
-4.491
-4.834
-5.069
-5.156
-5.092
-4.924
-4.704
-4.493
-4.346
-4.296
-4.232
-3.949
-3.375
-2.636
-1.921
-1.334
-0.85
-0.46
-0.183
0.023
0.245
0.558
0.948
1.329
1.631
1.81
1.971
2.275
2.774
3.357
3.917
4.412
4.849
5.199
5.45
5.65
5.954
6.426
6.941
7.32
7.422
7.311
7.208
7.267
7.53
7.968
8.472
8.917
9.207
9.32
9.314
9.373
9.572
9.812
9.974
10.017
9.928
9.763
9.5
9.089
8.678
8.449
8.343
8.168
7.864
7.442
6.968
6.551
6.285
6.145
6.025
5.814
5.471
5.029
4.536
4.044
3.715
3.609
3.622
3.548
3.255
2.79
2.345
2.075
1.964
1.88
1.787
1.712
1.651
1.488
1.111
0.61
0.193
-0.091
-0.333
-0.671
-1.213
-1.898
-2.527
-2.976
-3.241
-3.352
-3.327
-3.207
-3.11
-3.087
-3.11
-2.94
-2.375
-1.572
-0.882
-0.444
-0.1
0.229
0.29
0.118
0.12
0.583
1.256
1.787
2.164
2.431
2.522
2.39
2.196
2.134
2.284
2.581
2.86
3.048
3.191
3.296
3.409
3.636
3.836
3.697
3.291
3.03
2.965
2.81
2.62
2.683
2.937
2.965
2.595
2.098
1.758
1.524
1.324
1.356
1.715
2.001
1.785
1.143
0.336
-0.635
-1.656
-2.336
-2.468
-2.361
-2.42
-2.592
-2.649
-2.749
-3.189
-3.89
-4.5
-4.804
-4.897
-4.897
-4.809
-4.586
-4.373
-4.271
-4.198
-4.16
-4.323
-4.691
-4.988
-5.081
-5.058
-4.949
-4.654
-4.226
-3.897
-3.836
-3.897
-3.858
-3.713
-3.607
-3.518
-3.337
-3.169
-3.2
-3.43
-3.649
-3.722
-3.654
-3.457
-3.121
-2.706
-2.268
-1.833
-1.383
-0.944
-0.674
-0.655
-0.755
-0.834
-0.839
-0.753
-0.517
-0.075
0.56
1.188
1.551
1.669
1.749
1.801
1.78
1.717
1.694
1.683
1.726
1.942
2.264
2.3
1.966
1.672
1.706
1.844
1.74
1.44
1.252
1.266
1.268
1.175
1.125
1.172
1.193
1.179
1.222
1.35
1.576
1.894
2.239
2.495
2.565
2.497
2.359
2.098
1.721
1.368
1.157
1.023
0.771
0.331
-0.209
-0.721
-1.102
-1.331
-1.495
-1.615
-1.706
-1.851
-2.1
-2.427
-2.733
-2.955
-3.142
-3.409
-3.675
-3.765
-3.781
-3.935
-4.257
-4.595
-4.936
-5.353
-5.793
-6.142
-6.449
-6.848
-7.252
-7.447
-7.379
-7.245
-7.211
-7.163
-6.907
-6.478
-6.188
-6.133
-6.018
-5.671
-5.249
-4.899
-4.539
-4.103
-3.62
-3.173
-2.804
-2.552
-2.409
-2.35
-2.348
-2.407
-2.499
-2.472
-2.193
-1.694
-1.175
-0.78
-0.447
-0.066
0.345
0.698
0.955
1.148
1.422
1.883
2.4
2.742
2.865
2.94
3.112
3.352
3.52
3.57
3.586
3.572
3.359
2.892
2.277
1.685
1.218
0.785
0.254
-0.322
-0.785
-1.086
-1.44
-1.964
-2.493
-2.806
-2.899
-2.985
-3.2
-3.473
-3.672
-3.822
-4.008
-4.285
-4.629
-5.033
-5.432
-5.734
-5.957
-6.158
-6.342
-6.437
-6.426
-6.444
-6.582
-6.7
-6.685
-6.68
-6.87
-7.163
-7.276
-7.12
-6.911
-6.864
-6.907
-6.85
-6.696
-6.567
-6.435
-6.253
-5.988
-5.646
-5.235
-4.795
-4.412
-4.083
-3.668
-3.142
-2.609
-2.114
-1.644
-1.179
-0.714
-0.227
0.268
0.71
1.077
1.447
1.887
2.28
2.508
2.624
2.701
2.797
2.899
2.978
3.046
3.162
3.259
3.189
3.005
2.876
2.914
3.16
3.543
3.958
4.301
4.539
4.707
4.863
5.056
5.305
5.521
5.623
5.729
5.872
5.94
5.893
5.75
5.537
5.301
5.086
4.834
4.457
3.94
3.359
2.905
2.647
2.486
2.3
2.073
1.783
1.42
1.043
0.785
0.737
0.798
0.782
0.633
0.456
0.315
0.125
-0.186
-0.551
-0.862
-1.03
-1.057
-1.036
-1.048
-1.12
-1.245
-1.386
-1.504
-1.633
-1.887
-2.341
-2.878
-3.348
-3.74
-4.01
-4.126
-4.155
-4.276
-4.559
-4.965
-5.355
-5.575
-5.575
-5.419
-5.185
-4.906
-4.573
-4.16
-3.645
-3.196
-2.933
-2.742
-2.411
-1.966
-1.51
-1.059
-0.594
-0.075
0.451
0.891
1.263
1.637
2.069
2.506
2.885
3.268
3.693
4.162
4.588
4.879
5.058
5.233
5.426
5.643
5.906
6.19
6.401
6.462
6.367
6.17
6.027
6.006
6.034
6.027
5.94
5.814
5.773
5.845
5.87
5.698
5.369
5.013
4.623
4.146
3.586
3.026
2.572
2.232
1.889
1.436
0.957
0.492
-0.061
-0.778
-1.492
-2.069
-2.461
-2.749
-3.148
-3.774
-4.511
-5.21
-5.809
-6.365
-6.945
-7.517
-8.004
-8.356
-8.619
-8.88
-9.073
-9.066
-8.855
-8.631
-8.531
-8.522
-8.488
-8.354
-8.238
-8.254
-8.349
-8.417
-8.465
-8.617
-8.882
-9.164
-9.289
-9.107
-8.665
-8.177
-7.835
-7.592
-7.358
-7.068
-6.768
-6.469
-6.111
-5.661
-5.169
-4.736
-4.423
-4.16
-3.82
-3.382
-2.933
-2.395
-1.771
-1.195
-0.714
-0.245
0.227
0.567
0.726
0.771
0.735
0.642
0.592
0.71
1.003
1.343
1.604
1.69
1.551
1.22
0.805
0.367
0.002
-0.129
0.088
0.517
0.916
1.143
1.236
1.2
0.986
0.556
0.018
-0.463
-0.755
-0.762
-0.401
0.24
1.016
1.796
2.515
3.06
3.366
3.445
3.368
3.191
2.969
2.783
2.656
2.49
2.268
2.046
1.81
1.574
1.424
1.44
1.669
2.066
2.425
2.583
2.583
2.552
2.538
2.552
2.64
2.881
3.255
3.74
4.328
4.965
5.523
5.818
5.757
5.48
5.122
4.793
4.57
4.514
4.711
5.174
5.759
6.235
6.405
6.131
5.437
4.541
3.658
2.928
2.463
2.375
2.611
3.035
3.482
3.827
3.994
3.994
3.958
3.886
3.74
3.616
3.658
3.82
4.017
4.264
4.555
4.795
4.865
4.831
4.825
4.854
4.827
4.7
4.604
4.579
4.55
4.351
3.963
3.502
3.089
2.717
2.334
1.923
1.619
1.445
1.359
1.277
1.166
1.054
1
1.043
1.139
1.236
1.322
1.409
1.436
1.313
1.016
0.603
0.159
-0.224
-0.458
-0.422
-0.054
0.531
1.141
1.672
2.08
2.309
2.316
2.08
1.756
1.513
1.411
1.456
1.644
1.935
2.245
2.52
2.749
2.965
3.101
3.103
3.096
3.182
3.393
3.699
4.103
4.627
5.271
5.963
6.619
7.238
7.826
8.352
8.771
9.1
9.413
9.701
9.912
10.042
10.173
10.318
10.439
10.5
10.513
10.466
10.25
9.76
9.073
8.318
7.535
6.737
5.979
5.371
4.961
4.663
4.387
4.11
3.872
3.706
3.509
3.098
2.484
1.828
1.238
0.68
0.206
-0.118
-0.29
-0.358
-0.458
-0.671
-1
-1.427
-1.905
-2.411
-2.93
-3.412
-3.743
-3.976
-4.235
-4.52
-4.716
-4.729
-4.625
-4.496
-4.325
-4.033
-3.649
-3.28
-3.017
-2.846
-2.579
-2.016
-1.3
-0.676
-0.134
0.567
1.517
2.517
3.334
3.91
4.312
4.634
4.893
4.967
4.797
4.668
4.802
5.04
5.097
4.94
4.729
4.52
4.312
4.022
3.62
3.25
3.123
3.189
3.157
2.844
2.354
1.833
1.354
0.832
0.261
-0.233
-0.533
-0.592
-0.415
-0.086
0.256
0.503
0.719
0.986
1.207
1.186
1.025
0.984
1.188
1.436
1.667
1.848
1.937
1.939
1.819
1.613
1.42
1.465
1.742
2.132
2.572
3.089
3.62
3.956
3.983
3.865
3.824
3.895
3.954
3.958
4.031
4.387
5.001
5.593
5.886
5.922
5.918
5.993
6.004
5.764
5.351
5.147
5.36
5.637
5.514
4.854
3.924
3.157
2.677
2.318
2.055
2.093
2.588
3.346
3.879
3.965
3.783
3.55
3.33
3.062
2.667
2.25
2.082
2.105
2.114
2.046
1.957
1.953
1.994
1.923
1.726
1.64
1.751
2.028
2.341
2.486
2.477
2.336
1.978
1.456
1.009
0.819
0.948
1.204
1.377
1.481
1.483
1.318
0.964
0.535
0.322
0.494
0.855
1.198
1.477
1.608
1.601
1.51
1.318
0.986
0.626
0.431
0.521
0.78
1.089
1.492
1.989
2.465
2.724
2.731
2.631
2.581
2.529
2.47
2.602
2.944
3.314
3.466
3.268
2.844
2.47
2.216
1.973
1.699
1.445
1.363
1.449
1.451
1.218
0.766
0.177
-0.41
-0.937
-1.383
-1.646
-1.701
-1.594
-1.42
-1.259
-1.136
-1.1
-1.213
-1.588
-2.207
-2.824
-3.026
-2.713
-2.221
-1.889
-1.819
-1.916
-2.059
-2.232
-2.517
-2.901
-3.264
-3.421
-3.337
-3.18
-3.128
-3.114
-2.924
-2.534
-2.059
-1.554
-0.996
-0.476
-0.134
-0.054
-0.154
-0.288
-0.408
-0.565
-0.78
-1.048
-1.279
-1.249
-0.864
-0.277
0.283
0.576
0.619
0.494
0.265
-0.014
-0.238
-0.29
-0.104
0.279
0.676
1.014
1.297
1.436
1.286
0.882
0.488
0.227
0.059
-0.177
-0.453
-0.585
-0.488
-0.292
-0.154
-0.152
-0.32
-0.633
-0.968
-1.209
-1.329
-1.247
-0.941
-0.528
-0.174
-0.005
0
-0.016
0.084
0.295
0.551
0.76
0.944
1.104
1.113
0.898
0.592
0.447
0.494
0.569
0.583
0.669
0.905
1.159
1.202
1.005
0.669
0.295
-0.032
-0.317
-0.635
-0.928
-0.98
-0.737
-0.451
-0.388
-0.621
-0.953
-1.227
-1.39
-1.479
-1.545
-1.599
-1.637
-1.692
-1.876
-2.202
-2.55
-2.733
-2.774
-2.774
-2.813
-2.855
-2.837
-2.787
-2.828
-2.971
-3.119
-3.157
-3.101
-3.046
-3.085
-3.098
-2.91
-2.574
-2.282
-2.123
-2.137
-2.25
-2.388
-2.559
-2.71
-2.658
-2.311
-1.826
-1.49
-1.468
-1.656
-1.833
-1.984
-2.264
-2.697
-3.035
-3.067
-2.862
-2.697
-2.704
-2.729
-2.62
-2.393
-2.28
-2.452
-2.747
-2.919
-3.012
-3.125
-3.203
-3.125
-2.872
-2.606
-2.527
-2.611
-2.679
-2.581
-2.332
-2.084
-1.975
-2.034
-2.207
-2.499
-2.896
-3.252
-3.418
-3.341
-3.085
-2.706
-2.182
-1.569
-1
-0.617
-0.438
-0.388
-0.404
-0.453
-0.463
-0.388
-0.204
0.147
0.696
1.315
1.817
2.182
2.456
2.613
2.563
2.39
2.37
2.633
3.076
3.48
3.715
3.818
3.897
4.024
4.196
4.332
4.382
4.332
4.21
4.065
3.935
3.799
3.613
3.427
3.246
3.051
2.93
2.965
3.035
2.967
2.735
2.42
2.021
1.481
0.855
0.301
-0.115
-0.388
-0.533
-0.644
-0.723
-0.766
-0.921
-1.304
-1.867
-2.499
-3.155
-3.845
-4.496
-4.988
-5.244
-5.317
-5.332
-5.439
-5.68
-5.959
-6.197
-6.415
-6.637
-6.843
-6.934
-6.864
-6.662
-6.376
-6.063
-5.8
-5.589
-5.394
-5.122
-4.738
-4.242
-3.74
-3.352
-3.123
-3.044
-3.019
-2.937
-2.76
-2.465
-2.098
-1.651
-1.057
-0.299
0.519
1.277
1.853
2.175
2.277
2.361
2.586
2.953
3.355
3.724
4.092
4.539
5.042
5.473
5.752
5.915
5.957
5.836
5.614
5.432
5.417
5.555
5.716
5.802
5.827
5.891
5.963
5.966
5.863
5.655
5.396
5.126
4.79
4.373
3.89
3.405
2.996
2.656
2.372
2.202
2.186
2.254
2.284
2.193
2.064
2.021
2.059
2.107
2.105
2.066
2.062
2.177
2.332
2.42
2.461
2.545
2.642
2.609
2.42
2.234
2.196
2.236
2.223
2.175
2.257
2.504
2.751
2.862
2.865
2.919
3.024
3.089
3.012
2.826
2.631
2.504
2.436
2.311
2.146
2.123
2.334
2.658
2.983
3.327
3.652
3.892
3.987
3.886
3.634
3.379
3.205
3.121
3.139
3.255
3.427
3.69
3.969
4.123
4.087
3.897
3.684
3.586
3.6
3.568
3.439
3.352
3.423
3.568
3.654
3.616
3.484
3.323
3.132
2.914
2.778
2.756
2.808
2.928
3.116
3.314
3.529
3.779
4.046
4.276
4.439
4.557
4.666
4.759
4.804
4.752
4.602
4.446
4.373
4.393
4.489
4.693
4.988
5.323
5.655
5.909
6.09
6.183
6.156
6.038
5.9
5.791
5.718
5.732
5.816
5.834
5.668
5.353
5.029
4.806
4.707
4.75
4.963
5.301
5.639
5.847
5.884
5.764
5.596
5.494
5.457
5.43
5.358
5.206
4.999
4.763
4.534
4.319
4.101
3.84
3.532
3.23
2.969
2.706
2.493
2.445
2.561
2.701
2.745
2.64
2.418
2.043
1.538
1.012
0.653
0.558
0.678
0.871
1.045
1.179
1.254
1.273
1.309
1.445
1.678
1.88
1.898
1.701
1.427
1.222
1.107
1.048
1.021
1.014
1.08
1.229
1.381
1.479
1.554
1.672
1.842
1.937
1.942
2.03
2.241
2.465
2.681
2.967
3.311
3.618
3.738
3.593
3.255
2.874
2.495
2.141
1.91
1.894
1.998
2.078
2.087
2.055
2.039
2.001
1.819
1.508
1.188
0.921
0.735
0.703
0.801
0.909
0.989
1.032
1.045
1.077
1.17
1.324
1.504
1.676
1.833
1.962
2.055
2.118
2.196
2.309
2.443
2.527
2.538
2.481
2.461
2.497
2.581
2.681
2.735
2.767
2.799
2.855
2.974
3.112
3.228
3.359
3.552
3.686
3.656
3.461
3.178
2.892
2.574
2.248
1.996
1.835
1.706
1.569
1.402
1.218
1.036
0.876
0.733
0.61
0.485
0.395
0.374
0.349
0.195
-0.061
-0.34
-0.624
-0.869
-0.957
-0.85
-0.578
-0.245
0.038
0.193
0.233
0.295
0.374
0.438
0.544
0.728
0.991
1.315
1.599
1.692
1.519
1.15
0.755
0.451
0.165
-0.152
-0.383
-0.46
-0.429
-0.363
-0.299
-0.218
-0.141
-0.113
-0.136
-0.136
-0.097
-0.014
0.079
0.088
-0.034
-0.324
-0.791
-1.377
-2.03
-2.69
-3.307
-3.788
-3.987
-3.747
-3.08
-2.239
-1.442
-0.687
0.05
0.615
0.735
0.277
-0.512
-1.195
-1.569
-1.837
-2.121
-2.171
-1.874
-1.429
-1.129
-1.064
-1.052
-0.864
-0.547
-0.401
-0.596
-0.912
-1.03
-0.998
-1.048
-1.225
-1.35
-1.238
-0.935
-0.787
-1.014
-1.386
-1.619
-1.69
-1.731
-1.787
-1.744
-1.578
-1.499
-1.767
-2.313
-2.792
-2.944
-2.94
-3.078
-3.346
-3.545
-3.57
-3.584
-3.815
-4.187
-4.323
-4.035
-3.563
-3.248
-3.067
-2.763
-2.264
-1.937
-2.082
-2.597
-3.184
-3.668
-4.037
-4.362
-4.57
-4.487
-4.013
-3.316
-2.745
-2.55
-2.69
-2.905
-2.976
-2.876
-2.785
-2.722
-2.599
-2.449
-2.468
-2.749
-3.112
-3.357
-3.45
-3.47
-3.4
-3.178
-2.804
-2.395
-2.102
-1.898
-1.785
-1.844
-2.175
-2.701
-3.2
-3.37
-3.107
-2.609
-2.166
-1.874
-1.71
-1.735
-2.043
-2.572
-3.169
-3.663
-3.915
-3.847
-3.525
-3.064
-2.613
-2.32
-2.248
-2.447
-2.912
-3.482
-3.96
-4.246
-4.375
-4.434
-4.391
-4.221
-3.897
-3.52
-3.318
-3.373
-3.473
-3.434
-3.282
-3.119
-3.06
-3.162
-3.355
-3.559
-3.842
-4.244
-4.636
-4.868
-4.954
-5.026
-5.142
-5.208
-5.133
-5.02
-4.992
-5.101
-5.321
-5.65
-6.084
-6.517
-6.825
-6.938
-6.866
-6.694
-6.462
-6.181
-5.884
-5.616
-5.344
-5.079
-4.877
-4.754
-4.598
-4.26
-3.801
-3.389
-3.092
-2.835
-2.67
-2.783
-3.2
-3.736
-4.185
-4.48
-4.799
-5.174
-5.346
-5.126
-4.691
-4.391
-4.344
-4.38
-4.375
-4.366
-4.439
-4.641
-4.89
-5.069
-5.14
-5.176
-5.276
-5.362
-5.283
-5.04
-4.763
-4.575
-4.355
-3.956
-3.489
-3.189
-3.137
-3.198
-3.189
-3.173
-3.327
-3.656
-3.947
-4.083
-4.187
-4.441
-4.79
-5.013
