Unnamed: 3
Value
-8.392
-8.937
-9.543
-10.144
-10.768
-11.514
-12.269
-12.571
-12.169
-11.343
-10.486
-9.74
-9.062
-8.481
-8.236
-8.469
-8.898
-9.102
-9.002
-8.819
-8.796
-8.778
-8.553
-8.316
-8.383
-8.839
-9.57
-10.3
-10.81
-11.033
-11.001
-10.794
-10.452
-9.949
-9.35
-8.828
-8.372
-7.837
-7.111
-6.215
-5.294
-4.366
-3.32
-2.352
-1.773
-1.472
-1.039
-0.351
0.415
1.084
1.755
2.658
3.715
4.663
5.41
6.136
6.807
7.118
6.959
6.56
6.183
5.995
6.011
6.043
5.843
5.423
4.89
4.296
3.541
2.674
2.034
1.871
1.973
2.125
2.486
3.15
3.922
4.428
4.509
4.287
3.974
3.679
3.486
3.434
3.513
3.835
4.484
5.221
5.714
5.868
5.804
5.764
5.77
5.566
5.049
4.532
4.337
4.321
4.185
3.945
3.874
3.996
4.003
3.792
3.747
4.223
4.997
5.55
5.764
5.954
6.394
6.95
7.326
7.395
7.245
7.011
6.659
6.147
5.618
5.253
5.149
5.203
5.183
4.981
4.716
4.597
4.611
4.475
4.053
3.718
3.668
3.565
2.944
1.751
0.353
-0.796
-1.497
-1.855
-2.145
-2.513
-2.905
-3.257
-3.629
-4.04
-4.382
-4.57
-4.611
-4.679
-4.761
-4.525
-3.879
-3.219
-2.869
-2.704
-2.409
-1.857
-1.152
-0.463
0.254
1.071
1.896
2.642
3.264
3.625
3.629
3.411
3.128
2.702
2.141
1.676
1.419
1.206
0.783
0.204
-0.127
0.059
0.548
0.984
1.324
1.805
2.511
3.268
3.822
4.071
4.126
4.16
4.269
4.609
5.357
6.469
7.567
8.411
9.125
9.869
10.607
11.146
11.359
11.309
11.082
10.742
10.284
9.674
8.916
7.97
6.884
5.711
4.623
3.776
3.309
3.248
3.434
3.668
4.003
4.627
5.503
6.358
6.959
7.27
7.576
8.252
9.216
9.973
10.398
10.779
11.214
11.504
11.584
11.561
11.629
11.89
12.235
12.55
12.832
13.093
13.215
13.126
12.791
12.321
11.899
11.616
11.375
11.06
10.654
10.246
9.919
9.654
9.379
9.114
8.955
8.837
8.585
8.224
7.875
7.746
7.934
8.184
8.179
7.902
7.585
7.317
7.041
6.703
6.358
6.215
6.376
6.571
6.389
5.818
5.215
4.802
4.386
3.758
3
2.32
1.799
1.349
0.978
0.757
0.678
0.612
0.442
0.168
-0.095
-0.224
-0.186
-0.018
0.174
0.437
0.928
1.642
2.418
3.08
3.604
4.062
4.591
5.201
5.788
6.31
6.88
7.515
8.127
8.603
8.912
9.145
9.416
9.658
9.726
9.631
9.493
9.388
9.248
8.952
8.526
8.027
7.571
7.347
7.39
7.526
7.562
7.492
7.508
7.819
8.311
8.669
8.701
8.576
8.538
8.578
8.624
8.721
8.891
9.03
8.91
8.395
7.694
7.068
6.437
5.716
5.004
4.452
4.048
3.684
3.255
2.708
2.032
1.24
0.385
-0.472
-1.284
-1.968
-2.495
-2.821
-2.971
-2.944
-2.713
-2.325
-1.928
-1.681
-1.631
-1.622
-1.349
-0.739
-0.027
0.499
0.816
1.068
1.358
1.562
1.619
1.674
1.869
2.105
2.15
1.966
1.733
1.665
1.751
1.717
1.419
1.157
1.222
1.556
1.996
2.431
2.758
3.014
3.375
3.913
4.491
5.06
5.766
6.834
8.213
9.543
10.593
11.436
12.151
12.727
13.16
13.464
13.791
14.252
14.801
15.268
15.461
15.431
15.419
15.547
15.626
15.485
15.179
14.893
14.703
14.517
14.229
13.811
13.242
12.507
11.681
10.899
10.266
9.801
9.445
9.2
9.102
9.145
9.259
9.298
9.105
8.669
8.034
7.27
6.496
5.7
4.852
3.913
2.924
1.962
1.109
0.322
-0.317
-0.572
-0.417
-0.054
0.494
1.216
1.842
1.971
1.488
0.556
-0.769
-2.438
-4.01
-4.954
-5.135
-4.691
-3.779
-2.477
-0.989
0.304
1.039
1.331
1.638
2.279
3.189
4.024
4.645
5.305
6.224
7.145
7.694
7.667
7.313
7.015
6.925
6.888
6.791
6.628
6.508
6.435
6.086
5.276
4.337
3.858
4.09
4.655
5.049
5.315
5.802
6.378
6.43
5.609
4.108
2.49
1.166
0.231
-0.256
-0.226
0.152
0.51
0.483
-0.136
-1.258
-2.613
-3.867
-4.784
-5.299
-5.337
-4.724
-3.563
-2.436
-1.96
-2.322
-3.284
-4.55
-5.904
-7.097
-7.825
-7.939
-7.433
-6.503
-5.6
-5.011
-4.688
-4.629
-4.919
-5.432
-5.739
-5.396
-4.334
-2.953
-1.835
-1.367
-1.544
-2.171
-3.078
-4.18
-5.28
-6.013
-6.04
-5.403
-4.605
-4.101
-3.915
-3.806
-3.715
-3.731
-3.822
-3.658
-2.894
-1.628
-0.335
0.578
1.043
1.184
1.018
0.442
-0.369
-1.002
-1.086
-0.499
0.485
1.395
1.996
2.223
2.012
1.29
0.091
-1.218
-2.026
-2.012
-1.408
-0.639
-0.052
0.229
0.14
-0.397
-1.435
-2.742
-3.851
-4.305
-4.021
-3.316
-2.52
-1.751
-1.159
-0.912
-1.145
-1.839
-2.642
-3.08
-3.012
-2.733
-2.452
-2.202
-2.005
-2.095
-2.678
-3.647
-4.666
-5.317
-5.335
-4.806
-4.083
-3.425
-2.899
-2.561
-2.477
-2.683
-2.976
-2.969
-2.588
-2.159
-1.882
-1.656
-1.379
-1.129
-1.163
-1.674
-2.499
-3.193
-3.42
-3.232
-2.908
-2.504
-1.907
-1.191
-0.653
-0.583
-1.071
-1.889
-2.628
-3.13
-3.42
-3.504
-3.291
-2.863
-2.504
-2.486
-2.738
-2.994
-3.148
-3.257
-3.332
-3.273
-2.924
-2.314
-1.669
-1.188
-0.957
-0.939
-0.991
-1.15
-1.558
-2.123
-2.513
-2.567
-2.418
-2.272
-2.153
-1.996
-1.835
-1.751
-1.771
-1.898
-2.016
-1.976
-1.835
-1.921
-2.356
-2.86
-3.005
-2.731
-2.254
-1.692
-1.068
-0.422
0.206
0.689
0.894
0.816
0.472
-0.095
-0.653
-1.007
-1.123
-1.045
-0.886
-0.767
-0.753
-0.834
-0.998
-1.154
-1.22
-1.261
-1.343
-1.372
-1.256
-0.936
-0.485
-0.075
0.152
0.204
0.188
0.129
-0.045
-0.326
-0.524
-0.433
0.057
0.846
1.596
2.005
2.091
2.087
2.018
1.721
1.247
0.88
0.73
0.556
0.136
-0.526
-1.193
-1.547
-1.592
-1.678
-2.014
-2.536
-3.016
-3.282
-3.35
-3.366
-3.43
-3.486
-3.445
-3.338
-3.225
-3.044
-2.794
-2.588
-2.431
-2.257
-2.007
-1.596
-1.082
-0.601
-0.242
0
0.156
0.254
0.252
0.131
0.052
0.104
0.208
0.22
0.122
0.12
0.419
0.909
1.279
1.529
2.005
2.912
4.056
5.019
5.616
5.825
5.75
5.603
5.566
5.657
5.902
6.365
7.036
7.694
8.014
7.789
7.154
6.442
5.943
5.816
6.142
6.75
7.226
7.226
6.727
6.009
5.407
5.185
5.253
5.244
4.908
4.357
3.853
3.661
3.786
4.087
4.409
4.65
4.709
4.462
4.048
3.942
4.38
5.038
5.414
5.371
5.069
4.777
4.609
4.568
4.673
4.99
5.448
5.838
6.013
5.954
5.754
5.571
5.444
5.315
5.196
5.16
5.303
5.618
6.067
6.612
7.199
7.535
7.313
6.516
5.487
4.679
4.434
4.813
5.53
6.124
6.331
6.303
6.26
6.21
6.222
6.433
6.705
6.78
6.693
6.625
6.632
6.605
6.442
6.197
5.886
5.416
4.927
4.761
5.101
5.618
5.79
5.603
5.441
5.416
5.335
5.199
5.346
5.872
6.446
6.671
6.516
6.215
5.866
5.407
4.881
4.357
3.858
3.37
2.948
2.64
2.509
2.617
2.989
3.4
3.452
2.951
2.171
1.69
1.819
2.257
2.481
2.395
2.261
2.209
2.114
1.867
1.612
1.533
1.633
1.815
2.041
2.329
2.742
3.3
3.804
4.04
4.028
3.924
3.822
3.681
3.484
3.396
3.57
3.883
4.094
4.128
4.142
4.396
4.967
5.675
6.285
6.746
7.149
7.528
7.794
7.93
8.093
8.388
8.712
8.821
8.583
8.204
8
7.978
7.912
7.735
7.544
7.379
7.213
7.097
7.127
7.192
7.068
6.743
6.315
5.814
5.265
4.766
4.428
4.214
3.953
3.531
3.008
2.472
2.048
1.812
1.672
1.383
0.88
0.345
0.038
-0.018
0.052
0.208
0.542
1.007
1.331
1.336
1.152
1.107
1.308
1.517
1.565
1.596
1.751
1.95
1.989
1.773
1.513
1.456
1.524
1.438
1.057
0.501
0.049
-0.134
-0.129
-0.073
0.029
0.231
0.478
0.544
0.379
0.226
0.274
0.329
0.192
-0.031
-0.029
0.401
1.089
1.683
1.992
2.123
2.29
2.499
2.515
2.332
2.252
2.393
2.533
2.49
2.37
2.402
2.581
2.717
2.692
2.565
2.449
2.366
2.245
2.048
1.876
1.887
2.139
2.583
2.953
2.93
2.554
2.42
2.774
2.819
1.96
1.139
1.642
3.312
4.895
5.659
6.074
7.195
9.007
10.177
10.114
9.873
10.491
11.459
11.47
10.234
8.973
8.64
8.672
8.05
6.773
5.698
5.287
5.085
4.577
3.858
3.314
3.259
3.557
3.579
3.078
2.776
3.509
4.99
6.09
6.489
7.224
8.715
9.778
9.39
8.166
7.587
8.066
8.511
7.934
6.723
5.829
5.632
5.798
5.652
4.874
4.037
3.835
3.994
3.593
2.483
1.751
2.359
3.758
4.745
5.104
5.518
6.26
6.841
6.848
6.451
6.215
6.428
7.018
7.698
8.211
8.612
9.091
9.513
9.565
9.207
8.835
8.821
8.891
8.515
7.991
8.095
8.883
9.427
8.978
7.905
7.111
6.85
6.732
6.467
6.238
6.512
7.374
8.186
8.347
8.05
7.916
8.347
9.091
9.586
9.754
9.953
10.275
10.398
9.958
8.966
7.748
6.585
5.598
4.655
3.724
3.071
2.808
2.59
2.177
1.735
1.343
0.798
0.034
-0.635
-0.703
-0.12
0.705
1.379
1.662
1.513
1.123
0.556
-0.256
-1.37
-2.454
-2.887
-2.493
-1.882
-1.538
-1.322
-1.086
-0.968
-1.021
-1.113
-1.268
-1.651
-1.966
-1.746
-1.027
-0.215
0.476
1.005
1.184
0.939
0.417
-0.088
-0.236
0.102
0.735
1.404
1.998
2.443
2.642
2.613
2.554
2.626
2.787
2.939
3.135
3.402
3.629
3.704
3.622
3.484
3.457
3.529
3.588
3.477
3.155
2.874
3
3.581
4.228
4.591
4.611
4.386
4.153
4.253
4.758
5.335
5.695
5.893
6.088
6.172
5.782
4.82
3.684
2.928
2.778
3.087
3.541
3.865
4.028
4.176
4.228
4.006
3.559
3.15
2.897
2.731
2.633
2.754
3.143
3.715
4.167
4.189
3.692
2.844
1.826
0.807
0.007
-0.54
-0.921
-1.179
-1.363
-1.56
-1.733
-1.835
-1.968
-2.245
-2.449
-2.225
-1.654
-1.154
-0.993
-1.132
-1.349
-1.361
-0.996
-0.349
0.313
0.873
1.472
2.173
2.772
3.085
3.193
3.3
3.457
3.523
3.434
3.427
3.734
4.285
4.808
5.108
5.151
5.051
4.781
4.275
3.613
3.003
2.697
2.744
2.908
3.107
3.407
3.692
3.686
3.402
3.15
3.243
3.62
3.947
3.945
3.654
3.309
3.074
2.889
2.688
2.513
2.406
2.475
2.708
2.826
2.533
1.946
1.347
0.862
0.342
-0.231
-0.671
-0.805
-0.721
-0.633
-0.683
-0.857
-1.109
-1.533
-2.216
-3.066
-3.887
-4.468
-4.693
-4.65
-4.627
-4.752
-4.904
-5.011
-5.212
-5.621
-6.036
-6.236
-6.31
-6.399
-6.299
-5.868
-5.351
-5.088
-5.199
-5.555
-6.009
-6.482
-6.841
-7.036
-7.145
-7.111
-6.838
-6.381
-5.943
-5.711
-5.668
-5.632
-5.498
-5.217
-4.761
-4.259
-3.876
-3.615
-3.4
-3.164
-3.021
-3.085
-3.198
-3.162
-3.082
-3.048
-2.933
-2.631
-2.304
-2.161
-2.171
-2.139
-2.062
-2.012
-1.869
-1.508
-0.996
-0.383
0.197
0.558
0.61
0.537
0.499
0.406
0.192
0.077
0.363
1
1.672
2.08
2.153
2.057
1.976
1.839
1.59
1.334
1.211
1.334
1.708
2.173
2.54
2.724
2.67
2.359
1.842
1.268
0.852
0.785
1.029
1.433
1.844
2.245
2.67
2.989
3.014
2.815
2.608
2.536
2.59
2.735
2.933
3.148
3.223
3.071
2.744
2.354
1.998
1.753
1.592
1.549
1.551
1.556
1.669
1.984
2.327
2.499
2.529
2.515
2.488
2.377
2.187
2.077
2.055
1.923
1.624
1.272
0.966
0.737
0.567
0.413
0.297
0.238
0.206
0.215
0.192
-0.031
-0.435
-0.717
-0.694
-0.512
-0.383
-0.224
0.158
0.671
1.129
1.445
1.612
1.696
1.742
1.71
1.585
1.417
1.331
1.372
1.343
1.059
0.562
-0.007
-0.617
-1.252
-1.892
-2.486
-2.966
-3.312
-3.588
-3.838
-4.046
-4.201
-4.346
-4.532
-4.729
-4.838
-4.843
-4.813
-4.838
-5.015
-5.315
-5.607
-5.777
-5.922
-6.174
-6.503
-6.766
-6.864
-6.859
-6.841
-6.877
-6.995
-7.165
-7.356
-7.54
-7.682
-7.785
-7.805
-7.655
-7.417
-7.263
-7.218
-7.208
-7.197
-7.22
-7.268
-7.204
-6.896
-6.397
-5.925
-5.664
-5.587
-5.587
-5.577
-5.505
-5.33
-5.122
-4.972
-4.863
-4.766
-4.752
-4.865
-4.951
-4.865
-4.663
-4.591
-4.731
-4.935
-5.062
-5.122
-5.126
-5.14
-5.221
-5.255
-5.167
-5.06
-5.044
-5.06
-5.008
-4.881
-4.79
-4.87
-5.072
-5.262
-5.396
-5.589
-6.022
-6.605
-7.02
-7.152
-7.218
-7.442
-7.803
-8.206
-8.588
-8.989
-9.429
-9.837
-10.096
-10.211
-10.298
-10.402
-10.446
-10.384
-10.284
-10.346
-10.718
-11.298
-11.779
-11.945
-11.906
-11.933
-12.003
-11.863
-11.561
-11.43
-11.641
-12.051
-12.383
-12.455
-12.255
-11.895
-11.548
-11.337
-11.182
-10.908
-10.661
-10.838
-11.557
-12.251
-12.319
-11.956
-11.752
-11.516
-10.593
-9.263
-8.469
-8.318
-7.848
-6.496
-4.872
-3.947
-3.908
-4.017
-3.713
-3.094
-2.525
-2.32
-2.624
-3.207
-3.388
-2.749
-1.864
-1.633
-1.984
-2.205
-2.236
-2.756
-3.981
-5.092
-5.239
-4.589
-3.885
-3.416
-2.892
-2.318
-2.209
-2.897
-4.053
-5.185
-5.97
-6.101
-5.457
-4.623
-4.364
-4.709
-5.085
-5.344
-5.909
-6.898
-7.703
-7.857
-7.73
-7.817
-7.952
-7.828
-7.762
-8.304
-9.377
-10.332
-10.76
-10.824
-10.804
-10.799
-10.772
-10.57
-10.105
-9.699
-9.826
-10.388
-10.702
-10.418
-10
-9.994
-10.25
-10.348
-10.216
-10.148
-10.35
-10.645
-10.645
-10.219
-9.72
-9.545
-9.667
-9.738
-9.697
-9.871
-10.495
-11.409
-12.158
-12.307
-11.758
-10.808
-9.833
-8.944
-8.023
-7.091
-6.503
-6.677
-7.515
-8.368
-8.785
-8.839
-8.574
-7.755
-6.458
-5.287
-4.852
-5.165
-5.843
-6.555
-7.134
-7.612
-8.029
-8.195
-7.821
-7.043
-6.426
-6.383
-6.659
-6.739
-6.496
-6.317
-6.578
-6.961
-6.834
-6.154
-5.634
-5.859
-6.585
-7.118
-7.186
-7.21
-7.456
-7.619
-7.27
-6.546
-6.047
-6.165
-6.666
-7.079
-7.222
-7.134
-6.827
-6.262
-5.453
-4.525
-3.817
-3.64
-3.976
-4.514
-5.051
-5.634
-6.265
-6.63
-6.51
-6.158
-6.108
-6.458
-6.841
-7.02
-7.176
-7.592
-8.147
-8.456
-8.386
-8.127
-7.991
-8.197
-8.64
-8.957
-8.984
-8.93
-9.091
-9.44
-9.686
-9.726
-9.733
-9.865
-10.13
-10.545
-11.006
-11.355
-11.645
-11.949
-12.108
-11.956
-11.595
-11.418
-11.663
-12.203
-12.786
-13.212
-13.412
-13.367
-12.993
-12.249
-11.264
-10.239
-9.359
-8.91
-8.934
-9.05
-8.907
-8.508
-7.909
-7.036
-5.811
-4.341
-2.962
-1.903
-1.173
-0.783
-0.707
-0.88
-1.123
-1.175
-0.886
-0.481
-0.39
-0.741
-1.252
-1.742
-2.325
-3.053
-3.679
-3.917
-3.607
-2.958
-2.248
-1.456
-0.503
0.311
0.639
0.551
0.417
0.472
0.642
0.712
0.673
0.583
0.261
-0.537
-1.726
-2.933
-3.924
-4.602
-4.863
-4.677
-4.18
-3.622
-3.257
-3.237
-3.638
-4.305
-4.945
-5.403
-5.625
-5.562
-5.255
-4.87
-4.573
-4.496
-4.718
-5.156
-5.571
-5.827
-5.977
-5.904
-5.346
-4.271
-3.046
-2.05
-1.381
-1.018
-1.014
-1.388
-1.851
-2.071
-1.923
-1.596
-1.338
-1.22
-1.216
-1.343
-1.601
-1.976
-2.397
-2.71
-2.731
-2.447
-2.091
-1.885
-1.869
-1.907
-1.923
-1.973
-2.077
-2.087
-1.851
-1.352
-0.685
0.07
0.894
1.706
2.39
2.858
3.024
2.837
2.338
1.728
1.166
0.642
0.049
-0.624
-1.324
-2.057
-2.91
-3.885
-4.82
-5.426
-5.593
-5.453
-5.188
-4.886
-4.595
-4.475
-4.652
-5.117
-5.782
-6.532
-7.152
-7.496
-7.767
-8.247
-8.878
-9.325
-9.501
-9.731
-10.237
-10.847
-11.287
-11.57
-11.913
-12.314
-12.641
-12.816
-12.963
-13.381
-14.183
-15.032
-15.574
-15.841
-16.086
-16.318
-16.232
-15.672
-14.946
-14.356
-13.922
-13.462
-12.913
-12.194
-11.269
-10.257
-9.298
-8.447
-7.685
-7.036
-6.562
-6.165
-5.568
-4.752
-4.069
-3.663
-3.225
-2.452
-1.522
-0.923
-0.821
-0.859
-0.725
-0.458
-0.27
-0.311
-0.397
-0.288
0.043
0.39
0.58
0.644
0.755
1
1.304
1.572
1.887
2.406
3.016
3.309
2.964
2.184
1.519
1.22
1.079
0.83
0.544
0.413
0.247
-0.349
-1.469
-2.871
-4.291
-5.528
-6.546
-7.487
-8.533
-9.651
-10.674
-11.595
-12.609
-13.616
-14.244
-14.403
-14.494
-14.793
-15.107
-15.12
-14.841
-14.524
-14.329
-14.238
-14.242
-14.365
-14.49
-14.379
-13.932
-13.297
-12.614
-12.003
-11.647
-11.688
-12.045
-12.498
-12.782
-12.868
-12.895
-12.852
-12.507
-11.822
-11.028
-10.296
-9.506
-8.556
-7.54
-6.666
-5.838
-4.731
-3.191
-1.397
0.304
1.646
2.59
3.348
4.083
4.808
5.403
5.915
6.623
7.56
8.361
8.706
8.585
8.27
8.018
7.832
7.628
7.528
7.644
7.907
8.1
8.07
7.878
7.637
7.281
6.673
5.829
4.929
4.219
3.869
3.792
3.813
3.838
3.831
3.817
3.774
3.625
3.438
3.334
3.175
2.738
1.912
0.914
0.057
-0.562
-1.147
-1.855
-2.517
-2.837
-2.767
-2.529
-2.47
-2.694
-2.966
-2.971
-2.626
-2.239
-2.037
-1.869
-1.578
-1.247
-0.984
-0.689
-0.224
0.313
0.746
1.018
1.188
1.286
1.465
1.964
2.919
4.259
5.743
7.143
8.392
9.488
10.386
11.087
11.679
12.312
13.101
13.991
14.78
15.29
15.542
15.669
15.692
15.438
14.9
14.22
13.333
12.138
10.722
9.332
8.061
6.868
5.629
4.278
2.883
1.554
0.349
-0.755
-1.73
-2.493
-3.08
-3.602
-4.316
-5.53
-6.872
-7.548
-7.817
-8.619
-9.556
-9.322
-8.211
-7.844
-8.497
-8.86
-8.395
-7.882
-7.748
-7.823
-8.063
-8.32
-8.061
-7.252
-6.542
-6.532
-7.263
-8.2
-8.755
-8.964
-9.066
-8.946
-8.379
-7.252
-5.693
-4.171
-3.153
-2.552
-1.839
-0.789
0.619
2.604
5.026
7.276
9.284
11.35
12.893
12.997
12.287
12.296
13.397
14.68
15.469
15.962
16.499
16.858
16.524
15.413
13.784
12.015
10.583
9.958
10.094
10.352
10.316
10.364
10.645
10.518
9.776
9.048
8.844
9.005
9.384
10.021
10.77
11.282
11.203
10.495
9.4
8.229
7.365
7.079
7.281
7.578
7.664
7.542
7.12
6.154
4.935
4.074
3.649
3.119
2.309
1.789
2.091
3.01
3.643
3.352
2.345
1.316
0.862
1.177
2.005
2.978
4.121
5.743
7.771
9.483
10.318
10.599
10.894
11.196
11.305
11.328
11.647
12.544
13.68
14.265
14.013
13.272
12.349
11.332
10.427
9.897
9.728
9.69
9.835
10.264
10.615
10.307
9.386
8.522
8.12
8.018
8.061
8.318
8.749
9.057
9.044
8.676
8.097
7.63
7.463
7.456
7.465
7.696
8.338
9.028
9.071
8.191
6.809
5.53
4.663
4.233
4.053
4.117
4.702
5.795
6.669
6.598
5.759
4.924
4.323
3.649
2.942
2.681
3.107
3.879
4.42
4.328
3.718
3.046
2.527
2.071
1.751
1.839
2.413
3.157
3.69
3.853
3.745
3.538
3.377
3.225
3.028
3.123
3.908
5.104
5.925
6.11
6.061
6.151
6.244
6.017
5.478
4.886
4.534
4.468
4.586
4.704
4.761
4.695
4.312
3.543
2.674
2.064
1.95
2.143
2.257
2.232
2.216
2.295
2.368
2.409
2.382
2.241
2.111
2.252
2.663
2.987
3.066
2.985
2.747
2.214
1.542
1.097
0.952
0.957
1.236
2.032
3.092
3.763
3.858
3.722
3.538
3.173
2.715
2.465
2.706
3.411
4.262
4.843
5.011
4.995
5.104
5.319
5.364
5.196
5.133
5.487
6.22
7.029
7.685
8.159
8.449
8.553
8.538
8.628
8.93
9.37
9.883
10.388
10.718
10.754
10.468
9.926
9.298
8.826
8.676
8.751
8.828
8.823
8.724
8.461
8.05
7.596
7.031
6.272
5.591
5.307
5.217
4.949
4.639
4.67
5.078
5.416
5.294
4.816
4.434
4.38
4.466
4.418
4.255
4.257
4.581
5.044
5.464
5.893
6.462
7.208
7.978
8.479
8.646
8.574
8.392
8.163
7.782
7.202
6.8
6.991
7.551
7.837
7.635
7.385
7.535
8.02
8.449
8.68
8.819
9.007
9.2
9.216
8.928
8.556
8.34
8.238
8.084
7.868
7.789
7.848
7.862
7.691
7.36
6.97
6.685
6.619
6.687
6.719
6.714
6.691
6.58
6.244
5.716
5.112
4.507
3.863
3.214
2.697
2.515
2.579
2.579
2.268
1.676
1.041
0.54
0.176
0.027
0.129
0.422
0.728
0.828
0.658
0.281
-0.129
-0.49
-0.73
-0.871
-0.928
-0.896
-0.868
-0.971
-1.218
-1.578
-2.046
-2.626
-3.185
-3.643
-4.012
-4.273
-4.321
-4.18
-4.033
-4.051
-4.148
-4.144
-4.083
-4.128
-4.241
-4.312
-4.269
-4.09
-3.876
-3.792
-3.913
-4.083
-4.098
-3.951
-3.768
-3.549
-3.243
-2.937
-2.826
-2.953
-3.189
-3.466
-3.756
-3.951
-3.969
-3.881
-3.686
-3.273
-2.717
-2.298
-2.232
-2.402
-2.538
-2.47
-2.175
-1.651
-1.016
-0.46
-0.061
0.215
0.331
0.118
-0.376
-0.966
-1.451
-1.717
-1.724
-1.467
-1.045
-0.705
-0.606
-0.68
-0.785
-0.918
-1.116
-1.37
-1.615
-1.787
-1.862
-1.765
-1.517
-1.29
-1.258
-1.395
-1.61
-1.683
-1.435
-1.052
-0.934
-1.175
-1.554
-1.885
-2.266
-2.783
-3.362
-3.86
-4.164
-4.191
-4.056
-3.965
-4.048
-4.28
-4.577
-4.901
-5.217
-5.401
-5.291
-4.922
-4.462
-3.963
-3.318
-2.64
-2.171
-2.041
-2.239
-2.681
-3.162
-3.499
-3.665
-3.742
-3.734
-3.658
-3.625
-3.684
-3.786
-3.863
-3.865
-3.722
-3.491
-3.271
-2.939
-2.334
-1.61
-1.191
-1.206
-1.311
-1.145
-0.73
-0.34
-0.104
0.131
0.537
1.005
1.261
1.188
0.871
0.506
0.301
0.379
0.733
1.293
1.878
2.29
2.475
2.449
2.327
2.239
2.182
1.984
1.544
1.011
0.687
0.621
0.53
0.111
-0.592
-1.238
-1.672
-2.055
-2.52
-2.863
-2.91
-2.808
-2.783
-2.844
-2.903
-2.958
-3.08
-3.305
-3.588
-3.795
-3.742
-3.314
-2.787
-2.515
-2.567
-2.688
-2.577
-2.195
-1.855
-1.749
-1.726
-1.588
-1.358
-1.202
-1.177
-1.218
-1.245
-1.327
-1.49
-1.678
-1.762
-1.628
-1.329
-1.045
-0.816
-0.553
-0.161
0.335
0.767
0.928
0.905
0.957
1.113
1.129
0.891
0.648
0.585
0.528
0.213
-0.224
-0.419
-0.154
0.385
0.709
0.472
-0.174
-0.825
-1.311
-1.821
-2.624
-3.495
-3.702
-3.03
-2.261
-2.216
-2.67
-2.74
-2.227
-1.907
-2.266
-2.644
-2.093
-0.807
-0.011
-0.411
-1.27
-1.377
-0.487
0.481
0.576
0.061
-0.063
0.347
0.433
-0.029
-0.27
0.19
0.787
0.676
-0.152
-0.785
-0.304
0.925
1.488
0.968
0.705
1.828
3.658
4.673
4.368
3.654
3.681
4.473
5.022
4.972
5.249
6.639
8.379
8.91
7.95
6.948
7.204
8.109
8.077
6.904
6.144
6.914
8.286
8.624
7.621
6.217
5.165
4.475
3.994
3.845
4.267
5.217
6.224
6.689
6.426
5.866
5.546
5.416
4.999
4.294
4.024
4.659
5.553
5.489
4.164
2.54
1.558
1.173
0.934
0.973
1.626
2.577
3.114
3.243
3.523
4.164
4.856
5.088
4.496
3.148
1.785
1.338
1.944
2.801
3.06
2.649
2.141
1.942
1.81
1.519
1.474
2.143
3.411
4.795
6.02
6.898
7.335
7.302
6.911
6.353
5.804
5.389
5.31
5.716
6.526
7.481
8.288
8.789
8.952
8.776
8.433
8.292
8.64
9.522
10.695
11.75
12.291
12.083
11.14
9.747
8.431
7.762
7.871
8.252
8.263
7.823
7.369
7.143
6.968
6.661
6.233
5.859
5.818
6.238
6.737
6.753
6.147
5.31
4.466
3.529
2.499
1.635
1.274
1.501
1.926
1.93
1.361
0.63
0.145
-0.084
-0.156
-0.154
-0.147
-0.242
-0.474
-0.764
-0.998
-1.175
-1.447
-1.787
-2.048
-2.109
-1.998
-1.773
-1.479
-1.082
-0.44
0.499
1.419
1.937
2.032
2.055
2.445
3.273
4.185
4.752
4.888
4.919
5.112
5.333
5.335
5.144
4.954
4.793
4.532
4.217
4.033
4.124
4.436
4.831
5.142
5.244
5.112
4.863
4.79
5.08
5.589
6.043
6.201
5.965
5.521
5.317
5.582
6.067
6.378
6.342
6.151
6.154
6.347
6.274
5.748
5.138
4.818
4.641
4.194
3.42
2.787
2.697
2.937
2.946
2.461
1.737
1.084
0.46
-0.195
-0.678
-0.717
-0.337
0.113
0.272
0.068
-0.249
-0.494
-0.703
-0.95
-1.084
-0.83
-0.154
0.685
1.379
1.942
2.481
2.833
2.697
1.923
0.884
0.292
0.51
1.132
1.456
1.27
1.007
0.923
0.739
0.104
-0.875
-1.665
-1.892
-1.654
-1.157
-0.435
0.476
1.397
2.121
2.565
2.803
3.005
3.312
3.708
4.001
4.162
4.47
5.019
5.505
5.634
5.528
5.532
5.721
5.761
5.416
4.888
4.634
4.754
4.808
4.418
3.804
3.411
3.309
3.182
2.763
2.261
2.148
2.504
2.894
2.905
2.613
2.309
2.143
2.08
1.998
1.862
1.762
1.776
1.783
1.717
1.708
1.853
2.037
2.082
1.944
1.864
2.095
2.552
2.974
3.248
3.497
3.808
4.014
3.885
3.43
2.921
2.642
2.654
2.908
3.343
3.833
4.183
4.339
4.382
4.303
4.103
3.985
4.246
4.908
5.709
6.381
6.859
7.163
7.286
7.174
6.743
6.074
5.448
5.158
5.371
6.004
6.805
7.521
8.068
8.372
8.358
8.048
7.721
7.725
8.052
8.463
8.821
9.211
9.686
10
9.837
9.221
8.622
8.379
8.338
8.222
8.107
8.236
8.529
8.662
8.474
8.116
7.857
7.814
7.803
7.546
7.052
6.664
6.725
7.122
7.397
7.308
7.138
7.199
7.395
7.476
7.299
6.884
6.385
5.975
5.65
5.349
5.119
5.122
5.312
5.391
5.144
4.673
4.278
4.006
3.647
3.157
2.831
2.831
2.921
2.892
2.971
3.402
3.913
4.069
3.815
3.443
3.187
2.976
2.681
2.325
2.139
2.409
3.098
3.754
3.91
3.557
3.082
2.844
2.91
3.123
3.332
3.523
3.749
3.913
3.779
3.377
3.039
2.908
2.676
2.168
1.556
1.097
0.952
1.086
1.27
1.393
1.474
1.565
1.744
1.984
2.114
2.111
2.073
2.059
2.041
1.971
1.835
1.628
1.367
1.188
1.182
1.302
1.44
1.479
1.331
1.018
0.624
0.195
-0.163
-0.276
-0.057
0.313
0.56
0.553
0.44
0.442
0.585
0.698
0.755
0.844
1.002
1.193
1.443
1.751
2.032
2.216
2.35
2.4
2.282
2.03
1.719
1.408
1.334
1.696
2.386
3.039
3.305
3.219
3.032
2.974
3.121
3.484
3.981
4.545
5.144
5.643
5.92
5.938
5.775
5.566
5.412
5.265
5.019
4.724
4.547
4.584
4.822
5.117
5.305
5.326
5.217
5.078
4.922
4.666
4.384
4.205
4.106
3.94
3.704
3.425
2.971
2.306
1.71
1.447
1.433
1.331
0.932
0.369
-0.004
-0.011
0.292
0.653
0.875
0.993
1.152
1.408
1.638
1.721
1.692
1.61
1.395
0.966
0.358
-0.381
-1.22
-2.014
-2.475
-2.658
-3.039
-3.577
-3.436
-2.014
0.034
1.413
1.669
1.596
2.082
2.905
3.058
2.116
0.957
0.862
1.815
2.404
2.01
1.669
2.223
3.066
3.23
2.481
1.327
0.574
0.54
0.58
0.047
-0.687
-0.923
-0.739
-0.839
-1.644
-2.76
-3.291
-2.953
-2.747
-3.443
-4.267
-4.275
-4.076
-4.584
-5.564
-6.206
-6.199
-5.754
-5.228
-4.935
-5.019
-5.369
-5.777
-6.247
-6.963
-7.909
-8.54
-8.427
-8.034
-8.014
-7.984
-7.295
-6.524
-6.598
-7.408
-8.266
-8.805
-8.841
-8.453
-7.962
-7.308
-6.104
-4.394
-2.912
-2.34
-2.581
-2.874
-2.803
-2.644
-2.642
-2.488
-1.674
-0.254
1.118
1.733
1.454
0.834
0.526
0.431
-0.029
-0.721
-0.717
0.465
2.037
2.855
2.803
2.724
3.014
3.241
2.985
2.488
2.259
2.563
3.259
3.865
3.913
3.402
2.982
3.028
3.128
2.815
2.443
2.858
4.169
5.387
5.593
5.044
4.493
4.212
3.833
3.06
2.164
1.73
2.014
2.61
2.828
2.463
1.873
1.438
1.186
0.841
0.304
0.036
0.562
1.672
2.595
2.917
2.821
2.636
2.322
1.654
0.719
0.036
0.029
0.476
0.986
1.508
2.129
2.649
2.81
2.588
2.314
2.418
3.012
3.699
4.067
4.217
4.5
5.013
5.389
5.212
4.575
4.04
3.99
4.23
4.418
4.452
4.514
4.731
4.883
4.605
3.869
3.239
3.171
3.418
3.438
3.241
3.148
3.207
3.137
2.72
1.95
1.009
0.184
-0.288
-0.472
-0.608
-0.691
-0.578
-0.465
-0.785
-1.749
-3.064
-4.384
-5.727
-7.138
-8.327
-8.964
-9.143
-9.198
-9.348
-9.599
-9.937
-10.486
-11.219
-11.856
-12.194
-12.212
-12.04
-11.8
-11.468
-10.958
-10.414
-10.175
-10.341
-10.568
-10.468
-10.078
-9.658
-9.254
-8.783
-8.206
-7.524
-6.932
-6.657
-6.666
-6.603
-6.324
-6.056
-6.065
-6.188
-5.983
-5.516
-5.267
-5.387
-5.48
-5.142
-4.448
-3.654
-2.915
-2.227
-1.572
-0.939
-0.363
-0.02
0.009
0.041
0.365
0.848
1.179
1.266
1.334
1.522
1.642
1.415
0.884
0.335
-0.059
-0.374
-0.753
-1.116
-1.32
-1.361
-1.495
-2.012
-2.867
-3.756
-4.52
-5.212
-5.845
-6.321
-6.458
-6.285
-6.212
-6.607
-7.367
-7.993
-8.25
-8.424
-8.828
-9.259
-9.388
-9.316
-9.463
-10.016
-10.677
-10.924
-10.765
-10.792
-11.423
-12.305
-12.877
-13.031
-13.14
-13.439
-13.743
-13.807
-13.684
-13.626
-13.8
-14.109
-14.265
-14.093
-13.637
-13.043
-12.43
-11.747
-11.019
-10.491
-10.293
-10.037
-9.318
-8.352
-7.687
-7.447
-7.229
-6.773
-6.176
-5.65
-5.262
-4.969
-4.724
-4.457
-4.098
-3.702
-3.314
-2.815
-2.148
-1.583
-1.469
-1.746
-1.968
-1.923
-1.862
-1.916
-1.86
-1.406
-0.762
-0.397
-0.51
-0.868
-1.086
-0.932
-0.501
-0.213
-0.353
-0.757
-1.125
-1.388
-1.646
-1.944
-2.184
-2.343
-2.563
-3.048
-3.742
-4.346
-4.673
-4.804
-4.924
-5.169
-5.546
-5.993
-6.592
-7.456
-8.501
-9.359
-9.717
-9.749
-9.971
-10.615
-11.454
-12.185
-12.761
-13.251
-13.614
-13.782
-13.769
-13.711
-13.707
-13.707
-13.68
-13.721
-13.861
-14.007
-14.229
-14.624
-14.998
-15.007
-14.71
-14.463
-14.299
-14.013
-13.662
-13.548
-13.773
-14.025
-13.88
-13.262
-12.371
-11.373
-10.307
-9.306
-8.569
-8.084
-7.685
-7.39
-7.342
-7.44
-7.494
-7.54
-7.626
-7.535
-6.995
-6.192
-5.603
-5.423
-5.353
-5.062
-4.652
-4.402
-4.209
-3.738
-2.985
-2.264
-1.864
-1.887
-2.216
-2.667
-3.137
-3.602
-4.014
-4.353
-4.62
-4.89
-5.228
-5.603
-5.886
-5.952
-5.795
-5.598
-5.516
-5.544
-5.682
-5.981
-6.521
-7.299
-8.279
-9.338
-10.269
-10.86
-11.048
-10.908
-10.625
-10.404
-10.305
-10.246
-10.162
-10.123
-10.207
-10.402
-10.511
-10.398
-10.096
-9.76
-9.434
-9.062
-8.712
-8.524
-8.435
-8.316
-8.089
-7.801
-7.576
-7.447
-7.272
-6.93
-6.508
-6.22
-6.236
-6.41
-6.535
-6.7
-7.004
-7.265
-7.326
-7.381
-7.601
-7.837
-7.932
-7.959
-8.057
-8.304
-8.778
-9.379
-9.808
-9.949
-9.98
-10.148
-10.45
-10.742
-10.958
-11.189
-11.532
-11.906
-12.133
-12.235
-12.448
-12.784
-12.952
-12.759
-12.339
-12.024
-11.949
-11.877
-11.566
-11.128
-10.81
-10.749
-10.883
-11.037
-10.979
-10.658
-10.189
-9.686
-9.163
-8.56
-7.868
-7.165
-6.537
-5.927
-5.307
-4.843
-4.679
-4.618
-4.366
-3.969
-3.663
-3.425
-3.11
-2.769
-2.538
-2.286
-1.835
-1.334
-0.993
-0.714
-0.288
0.161
0.401
0.417
0.272
-0.068
-0.628
-1.279
-1.81
-2.134
-2.259
-2.105
-1.581
-0.809
0.054
0.939
1.785
2.475
2.883
3.046
3.105
3.003
2.72
2.325
1.765
0.955
-0.077
-1.258
-2.515
-3.661
-4.448
-4.77
-4.784
-4.688
-4.405
-3.926
-3.586
-3.629
-3.956
-4.414
-5.054
-5.877
-6.63
-7.022
-7.047
-6.691
-5.732
-4.314
-3.25
-2.933
-2.813
-2.404
-2.103
-2.209
-2.272
-1.898
-1.352
-1.047
-1.027
-1.107
-1.186
-1.429
-1.876
-2.218
-2.179
-1.914
-1.765
-1.864
-2.095
-2.348
-2.493
-2.364
-2.037
-1.894
-1.934
-1.619
-0.678
0.274
0.487
0.036
-0.558
-1.379
-2.751
-4.225
-4.834
-4.273
-3.207
-2.327
-1.724
-1.349
-1.435
-2.095
-3.012
-3.999
-5.146
-6.403
-7.322
-7.787
-8.266
-9.068
-9.86
-10.42
-11.128
-12.169
-13.099
-13.423
-13.337
-13.392
-13.532
-13.224
-12.518
-12.058
-12.051
-12.167
-12.192
-12.164
-12.042
-11.74
-11.386
-11.14
-10.971
-10.665
-10.155
-9.579
-8.991
-8.27
-7.435
-6.859
-6.959
-7.662
-8.408
-8.862
-9.064
-9.218
-9.372
-9.261
-8.66
-7.805
-7.036
-6.455
-5.9
-5.206
-4.455
-4.019
-4.106
-4.498
-4.713
-4.482
-3.992
-3.643
-3.481
-3.241
-2.881
-2.638
-2.642
-2.67
-2.397
-1.706
-0.798
-0.027
0.322
0.268
-0.004
-0.512
-1.347
-2.359
-3.32
-4.203
-5.201
-6.321
-7.231
-7.732
-8.1
-8.467
-8.576
-8.147
-7.338
-6.535
-5.934
-5.437
-4.972
-4.639
-4.505
-4.623
-4.954
-5.21
-5.062
-4.466
-3.593
-2.747
-2.159
-1.91
-2.105
-2.876
-4.117
-5.476
-6.571
-7.165
-7.322
-7.24
-7.107
-7.125
-7.44
-7.916
-8.388
-8.932
-9.549
-9.994
-10.01
-9.597
-8.926
-8.247
-7.791
-7.705
-7.939
-8.211
-8.25
-7.964
-7.524
-7.104
-6.657
-6.174
-5.845
-5.707
-5.702
-5.995
-6.639
-7.299
-7.585
-7.533
-7.429
-7.44
-7.582
-7.857
-8.254
-8.665
-8.83
-8.581
-8.102
-7.608
-7.004
-6.033
-4.816
-3.797
-3.257
-3.128
-3.257
-3.497
-3.504
-2.912
-1.742
-0.447
0.691
1.726
2.699
3.377
3.541
3.243
2.763
2.34
2.252
2.674
3.418
4.087
4.398
4.339
4.021
3.541
2.971
2.418
1.948
1.626
1.569
1.776
2.121
2.502
2.885
3.189
3.357
3.495
3.656
3.824
3.933
3.883
3.647
3.37
3.18
3.146
3.343
3.887
4.688
5.562
6.453
7.342
8.005
8.073
7.456
6.462
5.568
5.029
4.74
4.532
4.353
4.121
3.815
3.584
3.568
3.729
3.901
3.999
4.296
5.069
6.133
7.002
7.433
7.537
7.429
7.149
6.698
6.176
5.664
5.271
5.199
5.482
5.834
6.02
6.154
6.355
6.542
6.623
6.707
6.936
7.29
7.626
7.725
7.413
6.691
5.764
4.75
3.688
2.676
1.905
1.594
1.715
1.871
1.69
1.236
0.68
-0.054
-1
-1.846
-2.275
-2.306
-2.314
-2.531
-2.912
-3.357
-3.838
-4.314
-4.754
-5.135
-5.269
-4.938
-4.164
-3.209
-2.359
-1.746
-1.345
-1.152
-1.29
-1.878
-2.71
-3.33
-3.364
-2.897
-2.241
-1.635
-1.077
-0.596
-0.299
-0.134
0.172
0.801
1.662
2.559
3.393
4.119
4.729
5.276
5.734
5.934
5.811
5.559
5.484
5.711
6.144
6.696
7.406
8.3
9.114
9.577
9.754
9.865
10.003
10.155
10.296
10.427
10.527
10.538
10.336
9.797
8.948
8.12
7.64
7.503
7.49
7.537
7.855
8.549
9.359
9.817
9.783
9.459
9.055
8.676
8.363
8.209
8.388
8.973
9.828
10.647
11.148
11.251
11.094
10.921
10.786
10.561
10.275
10.166
10.393
10.881
11.493
12.045
12.346
12.267
11.872
11.273
10.588
9.985
9.554
9.277
9.121
8.973
8.706
8.288
7.841
7.433
6.979
6.505
6.144
6.006
5.99
5.995
5.983
5.934
5.793
5.595
5.494
5.584
5.752
5.861
5.938
5.92
5.709
5.464
5.373
5.326
5.124
4.917
5.065
5.618
6.231
6.657
6.93
7.07
7.031
6.854
6.646
6.387
6.047
5.793
5.814
5.999
6.097
5.993
5.79
5.55
5.246
4.981
4.993
5.441
6.256
7.134
7.88
8.492
8.991
9.309
9.425
9.409
9.311
9.159
9
8.867
8.728
8.594
8.563
8.633
8.678
8.694
8.721
8.617
8.274
7.759
7.197
6.632
6.049
5.478
4.89
4.241
3.62
3.112
2.704
2.375
2
1.499
0.902
0.283
-0.268
-0.678
-0.828
-0.653
-0.247
0.17
0.435
0.401
0.029
-0.49
-0.932
-1.245
-1.519
-1.751
-1.767
-1.488
-1.134
-0.907
-0.751
-0.467
-0.007
0.544
0.982
1.191
1.327
1.656
2.068
2.306
2.395
2.626
3.021
3.312
3.33
3.33
3.593
4.092
4.684
5.226
5.625
5.893
6.154
6.399
6.487
6.444
6.512
6.932
7.664
8.399
8.91
9.252
9.579
9.849
9.931
9.985
10.346
11.024
11.629
11.836
11.65
11.366
11.287
11.309
11.028
10.253
9.382
8.905
8.819
8.81
8.762
8.789
8.952
9.175
9.3
9.27
9.187
9.232
9.452
9.681
9.697
9.613
9.692
9.851
9.694
9.039
8.097
7.152
6.224
5.276
4.428
3.745
3.173
2.69
2.348
2.352
2.894
3.76
4.35
4.371
4.368
5.062
6.065
6.324
5.859
5.614
5.84
5.861
5.312
4.55
4.207
4.525
5.062
5.244
5.126
5.16
5.43
5.657
5.629
5.362
5.056
5.072
5.589
6.138
6.349
6.53
7.045
7.567
7.401
6.399
5.135
4.314
4.074
4.235
4.72
5.587
6.73
7.755
8.229
8.15
7.939
7.878
7.873
7.73
7.44
7.24
7.268
7.295
6.95
6.254
5.548
5.015
4.525
3.842
3.094
2.556
2.354
2.272
2.153
1.973
1.821
1.726
1.542
0.998
0.129
-0.537
-0.676
-0.624
-0.946
-1.683
-2.334
-2.42
-2.132
-2.118
-2.486
-2.74
-2.67
-2.64
-2.982
-3.577
-4.106
-4.423
-4.575
-4.645
-4.836
-5.172
-5.371
-5.307
-5.269
-5.448
-5.668
-5.566
-5.104
-4.711
-4.768
-4.972
-4.788
-4.058
-3.066
-2.214
-1.771
-1.733
-1.869
-2.075
-2.44
-2.858
-3.044
-2.869
-2.436
-1.98
-1.724
-1.665
-1.644
-1.628
-1.815
-2.257
-2.667
-2.702
-2.388
-2.139
-2.091
-1.839
-1.186
-0.51
-0.179
-0.222
-0.363
-0.301
-0.091
-0.104
-0.406
-0.68
-0.689
-0.44
-0.276
-0.419
-0.551
-0.286
0.292
0.771
0.739
0.315
-0.079
-0.383
-0.764
-1.274
-1.746
-1.96
-1.894
-1.876
-2.155
-2.574
-2.847
-3.032
-3.388
-3.892
-4.162
-3.91
-3.175
-2.318
-1.73
-1.477
-1.356
-1.316
-1.542
-2.057
-2.658
-3.021
-3.044
-2.924
-2.924
-3.094
-3.275
-3.341
-3.382
-3.511
-3.692
-3.647
-3.203
-2.559
-2.168
-2.252
-2.559
-2.683
-2.615
-2.615
-2.839
-3.185
-3.307
-3.06
-2.66
-2.418
-2.409
-2.488
-2.499
-2.477
-2.493
-2.44
-2.118
-1.519
-0.78
-0.075
0.417
0.662
0.635
0.319
-0.256
-0.93
-1.363
-1.352
-1.016
-0.628
-0.301
-0.029
0.19
0.281
0.158
-0.134
-0.483
-0.746
-0.896
-1.059
-1.331
-1.524
-1.419
-1.177
-1.175
-1.619
-2.205
-2.509
-2.59
-2.858
-3.373
-3.817
-3.949
-3.79
-3.568
-3.479
-3.497
-3.486
-3.28
-2.924
-2.66
-2.608
-2.66
-2.776
-3.082
-3.554
-3.971
-4.117
-3.965
-3.686
-3.466
-3.282
-3.046
-2.694
-2.336
-2.168
-2.2
-2.184
-1.953
-1.585
-1.256
-1.007
-0.709
-0.387
-0.313
-0.617
-1.05
-1.274
-1.25
-1.154
-1.1
-0.941
-0.592
-0.174
0.181
0.374
0.369
0.22
0.038
-0.054
-0.041
-0.093
-0.229
-0.234
0.007
0.286
0.383
0.315
0.29
0.399
0.528
0.564
0.56
0.54
0.517
0.519
0.469
0.281
-0.007
-0.317
-0.583
-0.857
-1.197
-1.513
-1.696
-1.885
-2.22
-2.62
-2.946
-3.114
-3.166
-3.189
-3.128
-2.915
-2.654
-2.529
-2.678
-2.978
-3.098
-2.847
-2.284
-1.615
-1.084
-0.696
-0.258
0.342
1.016
1.529
1.801
1.968
2.073
1.955
1.554
1.014
0.689
0.844
1.336
1.81
2.177
2.475
2.652
2.642
2.577
2.731
3.266
4.173
5.16
5.852
6.113
6.226
6.537
7.025
7.485
7.875
8.22
8.433
8.388
8.129
7.923
7.948
8.095
8.193
8.155
8.034
8.002
8.155
8.308
8.12
7.567
6.934
6.383
5.848
5.271
4.824
4.67
4.784
5.094
5.484
5.684
5.641
5.514
5.355
5.076
4.754
4.729
5.146
5.7
5.981
6.013
6.004
5.943
5.698
5.315
4.999
4.818
4.645
4.371
3.983
3.531
3.169
3.132
3.377
3.62
3.629
3.368
2.944
2.529
2.272
2.259
2.547
3.23
4.16
4.874
5.015
4.756
4.566
4.706
5.142
5.675
6.115
6.342
6.217
5.666
4.915
4.368
4.253
4.573
5.094
5.466
5.441
5.174
4.993
5.004
5.106
5.199
5.221
5.13
4.915
4.722
4.731
4.945
5.072
4.87
4.373
3.788
3.264
2.974
3.042
3.407
3.956
4.498
4.824
4.917
4.845
4.629
4.339
4.087
3.978
3.996
3.917
3.597
3.209
2.994
2.971
3.062
3.112
2.948
2.644
2.436
2.463
2.731
3.219
3.813
4.325
4.57
4.423
4.037
3.722
3.638
3.615
3.407
3.074
2.921
3.03
3.2
3.293
3.341
3.37
3.316
3.334
3.593
4.001
4.418
4.852
5.224
5.376
5.303
5.183
5.192
5.405
5.732
6.051
6.328
6.485
6.383
6.015
5.623
5.496
5.584
5.632
5.466
5.199
5.004
4.94
4.919
4.772
4.47
4.135
3.815
3.475
3.096
2.726
2.384
2.132
2.034
2.003
1.864
1.628
1.465
1.397
1.284
1.109
0.982
0.9
0.705
0.315
-0.093
-0.306
-0.401
-0.546
-0.764
-1.052
-1.413
-1.626
-1.506
-1.182
-0.918
-0.841
-0.889
-0.955
-0.916
-0.703
-0.383
-0.095
0.118
0.297
0.351
0.156
-0.179
-0.476
-0.705
-0.957
-1.202
-1.266
-1.068
-0.683
-0.134
0.449
0.825
0.984
0.993
0.902
0.769
0.653
0.66
0.878
1.209
1.628
2.257
2.944
3.43
3.715
3.788
3.661
3.656
3.874
3.813
3.298
2.905
3.066
3.561
4.094
4.602
4.938
4.774
4.008
3.169
3.026
3.577
3.919
3.658
3.549
4.085
4.645
4.734
4.777
5.246
5.825
6.043
6.067
6.247
6.383
6.124
5.679
5.468
5.516
5.736
6.163
6.705
6.93
6.462
5.705
5.344
5.428
5.41
5.015
4.45
4.119
4.119
4.151
4.069
4.244
4.829
5.307
5.217
4.954
4.967
4.943
4.559
4.339
4.877
5.952
7.025
7.868
8.308
8.057
7.281
6.698
6.659
6.666
6.305
5.938
5.993
6.321
6.669
6.988
7.229
7.125
6.532
5.75
5.185
5.051
5.367
5.981
6.587
6.975
7.302
7.771
8.297
8.542
8.354
8.023
7.993
8.419
9.039
9.57
9.903
9.969
9.717
9.198
8.735
8.59
8.535
8.129
7.333
6.56
6.186
6.238
6.403
6.29
5.745
5.047
4.597
4.423
4.228
3.903
3.634
3.52
3.427
3.268
3.268
3.511
3.525
2.946
2.266
2.129
2.479
2.863
3.008
2.953
2.76
2.418
2.155
2.241
2.599
2.803
2.717
2.499
2.214
1.69
0.889
0.075
-0.522
-1.025
-1.524
-1.828
-1.757
-1.493
-1.347
-1.324
-1.197
-0.959
-0.746
-0.442
0.075
0.587
0.973
1.488
2.311
3.214
3.79
3.897
3.76
3.679
3.665
3.604
3.565
3.688
3.958
4.246
4.4
4.334
4.106
3.899
3.726
3.484
3.296
3.42
3.847
4.255
4.402
4.287
3.953
3.396
2.733
2.121
1.649
1.29
1.134
1.293
1.624
1.932
2.279
2.828
3.43
3.654
3.314
2.778
2.517
2.574
2.713
2.74
2.694
2.647
2.504
2.132
1.572
1.039
0.567
-0.02
-0.725
-1.234
-1.3
-1.1
-0.975
-0.891
-0.612
-0.115
0.315
0.472
0.381
0.138
-0.136
-0.265
-0.229
-0.234
-0.268
0.004
0.703
1.419
1.849
2.277
3.037
3.919
4.514
4.734
4.843
5.019
5.194
5.21
5.074
4.924
4.874
4.836
4.684
4.428
4.248
4.255
4.394
4.55
4.7
4.922
5.312
5.748
6.043
6.117
6.02
5.852
5.695
5.546
5.38
5.333
5.577
5.952
6.067
5.775
5.373
5.176
5.124
4.963
4.52
3.945
3.563
3.543
3.681
3.713
3.488
3.087
2.69
2.393
2.114
1.696
1.082
0.406
-0.131
-0.512
-0.733
-0.78
-0.741
-0.775
-0.928
-1.118
-1.195
-1.236
-1.526
-2.202
-2.998
-3.557
-3.84
-4.04
-4.251
-4.373
-4.246
-3.849
-3.391
-3.092
-2.933
-2.799
-2.708
-2.828
-3.162
-3.436
-3.43
-3.273
-3.214
-3.316
-3.488
-3.575
-3.575
-3.584
-3.599
-3.611
-3.602
-3.461
-3.13
-2.738
-2.554
-2.647
-2.828
-2.819
-2.604
-2.4
-2.32
-2.332
-2.304
-2.134
-1.88
-1.744
-1.76
-1.88
-2.082
-2.293
-2.39
-2.348
-2.132
-1.742
-1.316
-1.043
-0.971
-1.086
-1.352
-1.706
-2.127
-2.652
-3.259
-3.858
-4.314
-4.523
-4.52
-4.391
-4.126
-3.643
-3.016
-2.483
-2.193
-2.134
-2.173
-2.227
-2.182
-1.944
-1.633
-1.435
-1.401
-1.413
-1.286
-0.975
-0.596
-0.295
-0.113
-0.018
0.023
0.038
-0.004
-0.077
0.004
0.367
0.794
0.93
0.807
0.748
0.9
1.036
0.944
0.694
0.501
0.401
0.317
0.186
0.075
0.077
0.247
0.569
0.984
1.352
1.596
1.857
2.309
2.865
3.314
3.561
3.658
3.71
3.745
3.692
3.638
3.749
4.014
4.23
4.255
4.153
4.087
4.046
3.922
3.724
3.507
3.3
3.153
3.074
3.046
3.058
3.074
3.11
3.309
3.754
4.337
4.917
5.341
5.487
5.439
5.448
5.632
5.816
5.775
5.43
4.754
3.736
2.545
1.447
0.512
-0.383
-1.297
-2.08
-2.509
-2.497
-2.218
-1.942
-1.751
-1.445
-0.968
-0.576
-0.431
-0.342
-0.088
0.274
0.526
0.696
1.039
1.649
2.354
2.865
3.096
3.243
3.411
3.409
2.969
2.01
0.796
-0.333
-1.37
-2.522
-3.731
-4.688
-5.144
-5.172
-5.096
-5.115
-5.078
-4.659
-3.795
-2.778
-1.957
-1.463
-1.288
-1.372
-1.719
-2.322
-3.098
-3.974
-5.083
-6.46
-7.759
-8.553
-8.735
-8.435
-8.048
-7.986
-8.256
-8.585
-8.739
-8.769
-8.883
-9.282
-9.994
-10.792
-11.414
-11.834
-12.001
-11.768
-11.275
-10.79
-10.162
-8.971
-7.288
-5.702
-4.613
-3.876
-3.257
-2.794
-2.525
-2.438
-2.574
-2.917
-3.271
-3.423
-3.359
-3.087
-2.672
-2.345
-2.295
-2.515
-2.79
-2.844
-2.506
-1.903
-1.415
-1.34
-1.54
-1.594
-1.417
-1.268
-1.3
-1.388
-1.474
-1.651
-1.828
-1.876
-1.857
-1.966
-2.114
-2.089
-2.053
-2.316
-2.767
-3.207
-3.684
-4.4
-5.385
-6.471
-7.533
-8.556
-9.547
-10.536
-11.489
-12.287
-12.709
-12.788
-12.961
-13.537
-14.247
-14.728
-15.052
-15.356
-15.435
-14.916
-13.87
-12.848
-12.194
-11.74
-11.064
-9.987
-8.835
-8.229
-8.308
-8.511
-8.397
-8.202
-8.465
-9.175
-9.799
-10.03
-10.309
-11.048
-11.983
-12.473
-12.367
-12.188
-12.339
-12.568
-12.249
-11.182
-10.03
-9.543
-9.438
-8.742
-7.213
-5.557
-4.432
-3.684
-2.833
-2.066
-1.928
-2.248
-2.4
-2.229
-2.003
-1.948
-2.077
-2.243
-2.322
-2.415
-2.805
-3.686
-4.616
-4.854
-4.4
-4.046
-4.128
-4.271
-4.214
-4.205
-4.581
-5.339
-6.015
-6.251
-6.154
-6.079
-6.081
-5.743
-4.881
-4.106
-4.169
-4.915
-5.532
-5.591
-5.364
-5.172
-4.94
-4.45
-3.931
-3.933
-4.684
-5.761
-6.761
-7.691
-8.642
-9.463
-10.014
-10.271
-10.219
-10.042
-10.023
-10.148
-10.078
-9.658
-9.243
-9.177
-9.243
-8.989
-8.465
-8.043
-7.796
-7.56
-7.36
-7.451
-7.857
-8.242
-8.29
-7.984
-7.456
-7.004
-6.823
-6.793
-6.707
-6.669
-6.861
-7.206
-7.406
-7.324
-7.163
-7.186
-7.387
-7.696
-8.134
-8.805
-9.736
-10.661
-11.132
-10.931
-10.284
-9.586
-9.041
-8.569
-8.063
-7.678
-7.689
-7.975
-8.111
-7.909
-7.644
-7.556
-7.528
-7.324
-6.961
-6.689
-6.693
-6.896
-7.047
-7.034
-6.932
-6.909
-6.934
-6.927
-6.968
-7.222
-7.775
-8.445
-8.819
-8.68
-8.222
-7.875
-7.785
-7.691
-7.345
-6.907
-6.585
-6.339
-6.047
-5.748
-5.637
-5.634
-5.41
-4.929
-4.568
-4.613
-4.899
-5.178
-5.432
-5.811
-6.376
-7.052
-7.676
-8.027
-7.978
-7.748
-7.691
-7.825
-7.946
-8.036
-8.238
-8.549
-8.73
-8.603
-8.258
-7.902
-7.56
-7.115
-6.519
-5.859
-5.283
-4.929
-4.893
-5.047
-5.135
-5.106
-5.262
-5.777
-6.516
-7.304
-7.941
-8.347
-8.585
-8.855
-9.227
-9.577
-9.758
-9.865
-10.119
-10.552
-10.935
-11.06
-10.96
-10.806
-10.572
-10.042
-9.245
-8.574
-8.39
-8.59
-8.694
-8.542
-8.445
-8.617
-8.896
-9.026
-9.064
-9.227
-9.676
-10.261
-10.627
-10.591
-10.37
-10.287
-10.209
-9.662
-8.511
-7.22
-6.344
-5.868
-5.414
-4.922
-4.754
-5.054
-5.382
-5.233
-4.591
-3.945
-3.638
-3.477
-2.96
-2.057
-1.218
-0.848
-0.871
-0.825
-0.387
0.226
0.59
0.746
1.091
1.685
2.068
1.889
1.451
1.272
1.293
1.029
0.268
-0.678
-1.327
-1.617
-1.867
-2.268
-2.694
-2.813
-2.529
-2.209
-2.232
-2.477
-2.49
-2.137
-1.878
-2.095
-2.52
-2.615
-2.411
-2.364
-2.556
-2.495
-1.898
-1.141
-0.759
-0.857
-1.182
-1.456
-1.71
-2.132
-2.724
-3.243
-3.473
-3.427
-3.33
-3.484
-3.849
-4.117
-4.237
-4.541
-5.188
-5.798
-5.843
-5.367
-4.797
-4.305
-3.718
-3.071
-2.644
-2.615
-2.839
-3.06
-3.205
-3.436
-3.79
-4.083
-4.209
-4.235
-4.237
-4.287
-4.482
-4.754
-4.979
-5.029
-4.958
-4.834
-4.605
-4.223
-3.913
-3.963
-4.344
-4.695
-4.804
-4.834
-4.87
-4.675
-4.158
-3.577
-3.219
-2.998
-2.849
-2.915
-3.305
-3.788
-4.13
-4.455
-4.963
-5.566
-6.079
-6.494
-6.907
-7.36
-7.801
-8.186
-8.485
-8.626
-8.526
-8.268
-7.948
-7.58
-7.286
-7.331
-7.839
-8.569
-9.187
-9.67
-10.112
-10.47
-10.654
-10.704
-10.763
-10.874
-11.021
-11.142
-11.146
-10.929
-10.577
-10.336
-10.307
-10.253
-10.028
-9.833
-9.849
-9.967
-9.931
-9.79
-9.805
-9.962
-9.967
-9.61
-8.946
-8.107
-7.208
-6.256
-5.301
-4.545
-4.201
-4.246
-4.396
-4.466
-4.532
-4.716
-4.981
-5.233
-5.484
-5.743
-5.938
-5.954
-5.655
-5.106
-4.534
-4.106
-3.826
-3.581
-3.248
-2.871
-2.597
-2.42
-2.184
-1.844
-1.497
-1.141
-0.689
-0.172
0.231
0.503
0.68
0.578
0.077
-0.598
-1.173
-1.596
-2.003
-2.404
-2.813
-3.388
-4.289
-5.439
-6.61
-7.691
-8.676
-9.404
-9.726
-9.717
-9.629
-9.57
-9.443
-9.173
-8.867
-8.767
-8.944
-9.232
-9.384
-9.375
-9.334
-9.327
-9.288
-9.132
-8.876
-8.635
-8.576
-8.83
-9.338
-9.849
-10.125
-10.25
-10.354
-10.386
-10.273
-10.098
-9.867
-9.44
-8.73
-7.864
-7.084
-6.512
-6.065
-5.6
-5.165
-4.865
-4.663
-4.332
-3.636
-2.565
-1.451
-0.61
0.011
0.683
1.427
2.016
2.429
2.978
3.831
4.74
5.276
5.355
5.283
5.319
5.446
5.457
5.217
4.808
4.346
3.86
3.393
3.019
2.815
2.813
2.93
3.05
3.166
3.359
3.679
4.11
4.625
5.112
5.478
5.705
5.764
5.575
5.235
4.999
5.051
5.31
5.532
5.625
5.639
5.652
5.65
5.521
5.178
4.652
4.13
3.684
3.235
2.783
2.338
1.984
1.792
1.676
1.395
0.862
0.347
0.256
0.694
1.488
2.454
3.42
4.273
5.244
6.535
7.694
8.007
7.485
6.816
6.521
6.643
6.914
7.075
7.41
8.383
9.527
9.738
8.901
8.12
8.029
7.825
6.569
4.595
2.901
1.817
1.154
0.719
0.324
-0.245
-0.902
-1.431
-1.944
-2.654
-3.418
-3.849
-3.985
-4.339
-5.217
-6.178
-6.598
-6.542
-6.648
-7.047
-7.143
-6.63
-5.856
-5.364
-5.312
-5.43
-5.446
-5.457
-5.564
-5.623
-5.403
-4.779
-3.922
-3.253
-2.982
-2.863
-2.715
-2.835
-3.622
-4.816
-5.434
-4.768
-3.1
-1.279
0.281
1.73
3.289
4.818
5.843
6.006
5.641
5.589
6.233
7.14
8.009
9.268
11.098
12.729
13.287
12.711
11.53
10.348
9.456
8.934
8.815
9.098
9.731
10.525
11.067
10.887
10.003
8.95
8.123
7.413
6.83
6.816
7.449
8.181
8.653
8.86
8.791
8.467
8.055
7.617
7.136
6.7
6.677
7.279
8.129
8.538
8.258
7.653
7.072
6.61
6.233
6.081
6.258
6.716
7.22
7.478
7.258
6.553
5.566
4.686
4.133
3.956
4.219
5.058
6.417
7.9
9.01
9.529
9.588
9.479
9.4
9.459
9.699
10.187
10.976
11.938
12.752
13.124
13.022
12.539
11.718
10.679
9.828
9.509
9.79
10.47
11.232
11.8
12.06
12.011
11.525
10.513
9.329
8.449
7.923
7.449
6.95
6.526
6.188
5.911
5.625
5.221
4.681
4.148
3.804
3.597
3.312
2.939
2.649
2.509
2.366
2.159
2.032
2.066
2.272
2.69
3.241
3.704
3.94
4.06
4.108
3.985
3.668
3.307
3.076
3.139
3.488
3.956
4.386
4.636
4.613
4.321
3.851
3.346
2.939
2.733
2.785
3.182
3.913
4.843
5.82
6.732
7.433
7.744
7.685
7.447
7.274
7.254
7.399
7.725
8.177
8.556
8.776
8.815
8.574
8.025
7.338
6.75
6.262
5.709
5.065
4.509
4.248
4.151
4.003
3.749
3.479
3.275
3.024
2.633
2.198
1.88
1.672
1.556
1.626
1.955
2.375
2.715
2.939
2.966
2.681
2.229
1.907
1.721
1.424
0.923
0.572
0.709
1.086
1.24
1.188
1.311
1.669
1.842
1.59
1.161
0.921
1.011
1.293
1.443
1.349
1.279
1.419
1.649
1.828
1.928
2.055
2.293
2.62
2.933
3.214
3.715
4.663
5.868
6.925
7.685
8.381
9.223
10.035
10.547
10.772
11.03
11.55
12.237
12.848
13.224
13.451
13.764
14.186
14.499
14.567
14.417
14.199
13.952
13.385
12.378
11.343
10.77
10.559
10.307
9.973
9.851
10.1
10.486
10.568
10.166
9.522
8.914
8.358
7.739
7.072
6.535
6.244
6.174
6.178
6.149
6.025
5.739
5.267
4.639
3.935
3.407
3.343
3.643
3.908
4.003
4.18
4.545
4.82
4.77
4.455
4.035
3.674
3.484
3.552
3.853
4.219
4.539
4.927
5.36
5.534
5.362
5.165
5.253
5.523
5.666
5.702
5.897
6.331
6.811
7.015
6.834
6.467
6.285
6.342
6.405
6.405
6.5
6.732
6.802
6.43
5.693
4.87
4.185
3.706
3.407
3.235
3.235
3.348
3.309
2.81
1.914
1.018
0.422
0.131
0.009
0.038
0.272
0.651
1.029
1.224
1.059
0.528
-0.154
-0.778
-1.352
-1.83
-1.96
-1.535
-0.748
-0.054
0.304
0.401
0.292
-0.079
-0.794
-1.749
-2.54
-2.794
-2.547
-2.223
-2.157
-2.361
-2.722
-3.185
-3.815
-4.597
-5.244
-5.507
-5.505
-5.43
-5.228
-4.643
-3.647
-2.633
-2.014
-1.821
-1.819
-1.771
-1.651
-1.608
-1.78
-2.095
-2.336
-2.525
-2.976
-3.772
-4.493
-4.713
-4.573
-4.434
-4.33
-4.121
-3.929
-3.951
-4.13
-4.18
-3.963
-3.611
-3.25
-2.871
-2.511
-2.168
-1.76
-1.318
-1
-1.039
-1.385
-1.823
-2.143
-2.298
-2.295
-2.071
-1.554
-0.944
-0.592
-0.61
-0.83
-1.118
-1.467
-1.778
-1.835
-1.54
-1.157
-1.045
-1.288
-1.746
-2.236
-2.588
-2.783
-2.946
-3.253
-3.652
-3.91
-3.91
-3.738
-3.42
-2.996
-2.588
-2.413
-2.586
-2.942
-3.207
-3.352
-3.47
-3.563
-3.497
-3.262
-3.016
-2.887
-2.817
-2.704
-2.504
-2.173
-1.762
-1.447
-1.365
-1.497
-1.742
-1.992
-2.15
-2.098
-1.934
-1.9
-2.091
-2.409
-2.706
-2.858
-2.769
-2.463
-2.137
-1.942
-1.826
-1.638
-1.37
-1.125
-0.962
-0.88
-0.914
-1.025
-1.159
-1.354
-1.61
-1.835
-1.892
-1.674
-1.252
-0.796
-0.417
-0.154
0.034
0.265
0.592
0.898
1.071
1.005
0.667
0.181
-0.247
-0.522
-0.648
-0.687
-0.583
-0.349
-0.158
-0.091
0.013
0.308
0.689
0.78
0.417
-0.143
-0.624
-1.039
-1.467
-1.932
-2.47
-3.046
-3.586
-4.028
-4.455
-4.895
-5.201
-5.26
-5.099
-4.824
-4.462
-3.971
-3.416
-2.982
-2.785
-2.674
-2.481
-2.366
-2.602
-3.175
-3.768
-4.087
-4.098
-3.971
-3.926
-3.994
-4.014
-3.96
-4.017
-4.162
-4.101
-3.745
-3.368
-3.189
-3.019
-2.515
-1.794
-1.447
-1.672
-1.887
-1.419
-0.365
0.703
1.522
2.449
3.801
5.251
6.274
7.02
7.986
9.166
10.021
10.155
9.736
9.272
9.023
8.765
8.07
6.732
5.11
3.956
3.57
3.352
2.631
1.572
0.907
0.796
0.596
-0.027
-0.487
-0.231
0.431
0.973
1.427
2.059
2.561
2.447
1.746
0.834
-0.059
-0.905
-1.533
-1.819
-2.007
-2.536
-3.287
-3.752
-3.901
-4.117
-4.468
-4.67
-4.655
-4.774
-5.088
-5.106
-4.607
-4.053
-3.763
-3.515
-3.01
-2.37
-1.828
-1.395
-1.023
-0.846
-0.905
-0.941
-0.691
-0.127
0.648
1.578
2.554
3.248
3.375
3.266
3.473
4.03
4.695
5.412
6.24
7.131
8.052
8.844
9.213
9.221
9.234
9.501
9.912
10.207
10.216
9.917
9.497
9.316
9.481
9.774
10.137
10.638
11.106
11.219
11.006
10.906
11.078
11.194
10.949
10.448
10.021
9.772
9.565
9.29
8.93
8.481
7.97
7.483
6.948
6.236
5.455
4.899
4.631
4.346
3.792
3.112
2.633
2.529
2.631
2.688
2.644
2.67
2.792
2.799
2.533
2.139
1.869
1.857
2.044
2.214
2.232
2.184
2.118
1.996
1.803
1.624
1.583
1.755
2.191
2.867
3.692
4.498
5.026
5.226
5.299
5.487
5.879
6.405
6.932
7.358
7.632
7.83
7.928
7.803
7.576
7.63
8.066
8.511
8.551
8.245
7.846
7.574
7.515
7.58
7.582
7.478
7.245
6.841
6.312
5.85
5.65
5.679
5.684
5.466
5.099
4.702
4.416
4.339
4.511
4.881
5.321
5.571
5.333
4.536
3.45
2.509
1.887
1.234
0.347
-0.467
-0.723
-0.413
0.063
0.329
0.395
0.517
0.701
0.728
0.601
0.569
0.891
1.544
2.193
2.572
2.763
2.917
3.064
3.105
2.96
2.738
2.667
2.731
2.699
2.531
2.483
2.722
3.03
3.157
3.164
3.289
3.62
3.996
4.251
4.362
4.382
4.319
4.148
3.949
3.858
3.949
4.33
4.958
5.607
6.056
6.365
6.664
6.95
7.095
7.131
7.181
7.222
7.079
6.802
6.582
6.589
6.673
6.444
5.745
4.77
3.742
2.803
2.322
2.599
3.411
4.316
5.031
5.412
5.364
4.972
4.566
4.496
4.722
4.899
4.834
4.647
4.557
4.589
4.468
3.981
3.302
2.783
2.493
2.218
1.787
1.347
1.177
1.313
1.477
1.445
1.27
0.975
0.524
-0.009
-0.424
-0.633
-0.755
-0.909
-1.197
-1.592
-1.898
-1.96
-1.81
-1.606
-1.451
-1.304
-1.057
-0.662
-0.179
0.249
0.576
0.839
1.077
1.286
1.519
1.871
2.245
2.384
2.282
2.245
2.4
2.561
2.549
2.35
2.114
2.041
2.223
2.559
3.003
3.607
4.296
4.802
4.872
4.557
4.096
3.676
3.443
3.515
3.858
4.314
4.722
4.913
4.82
4.618
4.6
4.82
5.122
5.364
5.537
5.671
5.814
5.99
6.247
6.512
6.639
6.612
6.51
6.392
6.24
6.104
6.138
6.367
6.616
6.628
6.256
5.518
4.655
4.064
3.937
4.148
4.489
4.888
5.344
5.691
5.752
5.634
5.568
5.627
5.725
5.732
5.641
5.668
6.051
6.661
7.084
7.147
7.045
6.927
6.755
6.505
6.278
6.197
6.371
6.753
7.086
7.21
7.184
7.097
6.92
6.594
6.236
6.124
6.319
6.524
6.426
6.063
5.732
5.598
5.575
5.537
5.484
5.573
5.864
6.158
6.204
6.108
6.186
6.487
6.746
6.727
6.503
6.397
6.65
7.093
7.335
7.32
7.27
7.238
6.948
6.297
5.709
5.652
6.072
6.562
6.836
6.893
6.857
6.721
6.378
5.87
5.505
5.45
5.587
5.709
5.761
5.729
5.627
5.437
5.104
4.555
3.937
3.434
3.132
3.037
3.203
3.736
4.563
5.346
5.759
5.734
5.462
5.217
5.092
5.047
5.08
5.151
5.06
4.727
4.262
3.779
3.33
2.982
2.769
2.617
2.483
2.411
2.377
2.311
2.218
2.179
2.2
2.105
1.737
1.247
0.925
0.848
0.894
0.912
0.873
0.868
0.964
1.084
1.132
1.113
1.2
1.531
1.962
2.143
1.914
1.477
1.097
0.798
0.442
0.029
-0.258
-0.337
-0.374
-0.603
-0.955
-1.147
-1.089
-0.907
-0.798
-0.748
-0.465
0.236
1.127
1.878
2.384
2.744
2.933
2.831
2.459
1.964
1.424
0.918
0.644
0.648
0.794
1.052
1.499
2.057
2.433
2.543
2.731
3.298
3.992
4.323
4.316
4.353
4.466
4.386
4.16
4.037
4.035
3.929
3.663
3.323
3.021
2.903
3.039
3.196
3.094
2.874
2.731
2.565
2.248
1.887
1.685
1.733
1.998
2.329
2.486
2.336
2.093
1.887
1.656
1.383
1.009
0.596
0.399
0.483
0.337
-0.215
-0.542
-0.097
0.598
0.676
0.249
0.059
0.329
0.78
1.184
1.594
2.184
2.955
3.518
3.557
3.277
3.191
3.348
3.375
3.112
2.774
2.577
2.413
2.161
1.789
1.25
0.526
-0.088
-0.313
-0.222
0.129
0.834
1.794
2.54
2.783
2.672
2.506
2.361
2.116
1.835
1.835
2.364
3.08
3.375
2.962
1.932
0.667
-0.433
-1.284
-2.03
-2.545
-2.577
-2.309
-2.264
-2.644
-3.11
-3.327
-3.475
-3.897
-4.473
-4.713
-4.373
-3.874
-3.924
-4.7
-5.829
-6.993
-8.079
-8.889
-9.243
-9.198
-8.873
-8.388
-8.043
-8.206
-8.821
-9.595
-10.4
-11.21
-11.657
-11.332
-10.325
-9.155
-8.324
-7.957
-7.819
-7.835
-8.159
-8.73
-9.098
-8.964
-8.308
-7.249
-5.999
-4.738
-3.634
-2.874
-2.608
-2.733
-2.994
-3.15
-3.053
-2.633
-1.921
-1.034
-0.109
0.739
1.25
1.258
1.047
1.052
1.347
1.762
2.257
2.951
3.742
4.262
4.267
3.897
3.375
2.944
2.867
3.248
3.924
4.561
4.999
5.194
5.069
4.509
3.697
2.987
2.708
3.024
3.826
4.716
5.353
5.655
5.514
4.856
3.874
2.958
2.511
2.683
3.302
4.062
4.691
5.108
5.323
5.142
4.321
3.03
1.78
1
0.801
1.077
1.592
2.077
2.304
2.093
1.406
0.419
-0.526
-1.093
-1.191
-0.921
-0.413
0.301
1.089
1.615
1.578
1.061
0.447
0.145
0.283
0.585
0.801
0.989
1.29
1.565
1.511
1.039
0.311
-0.445
-1.105
-1.54
-1.658
-1.438
-0.957
-0.458
-0.276
-0.553
-1.125
-1.66
-1.914
-1.887
-1.654
-1.123
-0.229
0.762
1.29
1.036
0.272
-0.494
-1.039
-1.385
-1.533
-1.343
-0.712
0.168
0.798
0.753
0.011
-1.018
-1.937
-2.731
-3.604
-4.428
-4.752
-4.47
-4.083
-4.142
-4.761
-5.637
-6.487
-7.272
-7.966
-8.327
-8.061
-7.331
-6.576
-6.158
-6.106
-6.276
-6.558
-7.029
-7.664
-8.175
-8.216
-7.755
-7.054
-6.474
-6.22
-6.262
-6.401
-6.587
-6.848
-7.049
-6.902
-6.342
-5.6
-5.026
-4.752
-4.641
-4.666
-4.969
-5.541
-6.009
-6.025
-5.532
-4.808
-4.162
-3.706
-3.402
-3.3
-3.434
-3.684
-3.872
-3.865
-3.634
-3.25
-2.881
-2.631
-2.493
-2.506
-2.853
-3.57
-4.378
-4.961
-5.239
-5.437
-5.741
-6.122
-6.492
-6.9
-7.399
-8
-8.694
-9.327
-9.662
-9.597
-9.286
-9.002
-8.889
-8.932
-9.059
-9.29
-9.617
-9.899
-9.982
-9.844
-9.624
-9.467
-9.463
-9.592
-9.772
-9.962
-10.157
-10.327
-10.448
-10.425
-10.191
-9.908
-9.826
-9.908
-9.912
-9.769
-9.692
-9.869
-10.144
-10.219
-10.016
-9.644
-9.221
-8.799
-8.347
-7.893
-7.54
-7.342
-7.154
-6.798
-6.328
-5.983
-5.836
-5.786
-5.727
-5.675
-5.709
-5.804
-5.843
-5.736
-5.603
-5.623
-5.689
-5.582
-5.326
-5.06
-4.77
-4.389
-4.101
-4.03
-4.074
-4.103
-4.137
-4.173
-4.056
-3.713
-3.312
-3.114
-3.196
-3.404
-3.611
-3.801
-4.019
-4.262
-4.482
-4.65
-4.777
-5.001
-5.434
-5.963
-6.353
-6.548
-6.621
-6.725
-6.938
-7.202
-7.449
-7.744
-8.127
-8.54
-8.783
-8.846
-8.837
-8.799
-8.649
-8.381
-8.086
-7.918
-7.902
-8.014
-8.186
-8.401
-8.694
-9.111
-9.547
-9.815
-9.769
-9.416
-8.984
-8.726
-8.694
-8.787
-8.887
-8.962
-9.018
-9.044
-9.089
-9.218
-9.459
-9.744
-9.905
-9.837
-9.681
-9.701
-9.964
-10.33
-10.563
-10.543
-10.316
-9.949
-9.472
-8.998
-8.619
-8.458
-8.551
-8.833
-9.114
-9.277
-9.336
-9.352
-9.438
-9.624
-9.876
-10.144
-10.352
-10.361
-10.012
-9.32
-8.622
-8.224
-8.109
-8.029
-7.914
-7.948
-8.175
-8.463
-8.78
-9.091
-9.336
-9.483
-9.47
-9.239
-8.883
-8.506
-8.157
-7.839
-7.526
-7.204
-6.893
-6.641
-6.535
-6.585
-6.65
-6.739
-6.961
-7.181
-7.26
-7.256
-7.302
-7.395
-7.397
-7.131
-6.682
-6.251
-5.904
-5.598
-5.385
-5.349
-5.416
-5.476
-5.491
-5.466
-5.321
-5.017
-4.747
-4.647
-4.645
-4.761
-5.096
-5.677
-6.339
-6.848
-7.129
-7.265
-7.322
-7.374
-7.49
-7.655
-7.88
-8.161
-8.49
-8.849
-9.111
-9.182
-9.213
-9.386
-9.674
-9.962
-10.248
-10.57
-11.01
-11.504
-11.852
-12.103
-12.521
-13.165
-13.745
-13.932
-13.823
-13.841
-14.188
-14.571
-14.676
-14.474
-14.159
-13.82
-13.428
-12.827
-12.015
-11.221
-10.647
-10.205
-9.758
-9.445
-9.398
-9.382
-9.15
-8.76
-8.37
-8.073
-7.839
-7.624
-7.369
-7.14
-6.984
-6.746
-6.335
-6.022
-5.918
-5.698
-5.088
-4.191
-3.248
-2.388
-1.59
-0.648
0.465
1.549
2.574
3.534
4.189
4.402
4.275
3.887
3.18
2.118
0.912
-0.149
-0.891
-1.284
-1.336
-1.116
-0.737
-0.322
0.07
0.46
0.714
0.678
0.401
0.077
-0.247
-0.671
-1.195
-1.765
-2.556
-3.679
-4.602
-4.804
-4.786
-5.321
-6.099
-6.317
-6.192
-6.297
-6.365
-6.013
-5.491
-4.901
-4.033
-3.128
-2.418
-1.467
-0.054
0.962
0.741
-0.333
-1.32
-1.932
-2.456
-2.969
-3.173
-2.733
-1.894
-1.415
-1.69
-2.286
-2.722
-3.137
-3.738
-4.235
-4.114
-3.28
-2.091
-1.123
-0.676
-0.578
-0.53
-0.456
-0.469
-0.617
-0.783
-0.628
0.079
0.98
1.277
0.823
0.22
-0.372
-1.361
-2.66
-3.396
-3.094
-2.429
-2.236
-2.438
-2.577
-2.731
-3.139
-3.679
-4.042
-4.244
-4.446
-4.532
-4.283
-3.985
-4.214
-5.169
-6.526
-7.882
-9.002
-9.676
-9.79
-9.472
-9.018
-8.612
-8.352
-8.481
-9.062
-9.767
-10.269
-10.495
-10.549
-10.391
-9.858
-9.091
-8.513
-8.474
-8.998
-9.803
-10.536
-11.058
-11.221
-10.822
-9.821
-8.511
-7.252
-6.222
-5.439
-5.011
-5.28
-6.439
-8.068
-9.25
-9.402
-8.71
-7.805
-7.099
-6.558
-6.02
-5.593
-5.593
-6.097
-6.687
-6.82
-6.453
-6.006
-5.707
-5.396
-4.972
-4.768
-5.062
-5.648
-5.965
-5.537
-4.407
-3.089
-2.053
-1.216
-0.387
0.163
0.07
-0.458
-1.057
-1.717
-2.465
-3.15
-3.686
-4.191
-4.786
-5.544
-6.544
-7.732
-8.746
-9.129
-8.903
-8.485
-8.063
-7.401
-6.362
-5.376
-5.067
-5.432
-5.949
-6.251
-6.401
-6.476
-6.315
-5.829
-5.351
-5.23
-5.319
-5.226
-4.913
-4.618
-4.396
-4.271
-4.407
-4.872
-5.434
-5.954
-6.596
-7.429
-8.102
-8.331
-8.363
-8.531
-8.783
-8.751
-8.334
-7.893
-7.612
-7.445
-7.335
-7.304
-7.333
-7.406
-7.467
-7.345
-6.945
-6.339
-5.814
-5.605
-5.693
-5.739
-5.623
-5.568
-5.695
-5.716
-5.405
-5.065
-5.09
-5.403
-5.668
-5.779
-5.959
-6.444
-7.127
-7.721
-7.862
-7.397
-6.558
-5.77
-5.206
-4.824
-4.645
-4.704
-4.922
-5.183
-5.14
-4.57
-3.835
-3.407
-3.058
-2.275
-1.005
0.272
1.234
2.034
2.93
3.776
4.332
4.541
4.505
4.373
4.237
4.017
3.684
3.341
3.085
3.044
3.248
3.434
3.38
3.212
3.11
3.019
2.837
2.813
3.239
4.06
4.795
5.069
4.947
4.693
4.394
3.931
3.37
3.069
3.235
3.658
4.074
4.529
5.237
6.233
7.304
8.011
8.023
7.41
6.682
6.17
5.641
4.874
4.121
3.758
3.81
3.958
3.967
3.931
4.04
4.28
4.575
4.908
5.228
5.491
5.659
5.757
5.85
5.915
5.911
5.882
5.836
5.764
5.609
5.43
5.437
5.711
6.117
6.569
7.065
7.524
7.764
7.676
7.335
6.877
6.297
5.609
4.933
4.4
3.978
3.477
2.735
1.771
0.862
0.283
-0.086
-0.322
-0.342
-0.24
-0.222
-0.385
-0.653
-0.971
-1.44
-2.082
-2.722
-3.175
-3.318
-3.089
-2.654
-2.34
-2.318
-2.449
-2.592
-2.805
-3.212
-3.588
-3.627
-3.23
-2.543
-1.932
-1.787
-2.116
-2.577
-2.951
-3.205
-3.327
-3.232
-2.79
-2.023
-1.177
-0.544
-0.099
0.442
1.095
1.61
1.801
1.851
2.121
2.776
3.645
4.436
5.076
5.725
6.426
6.959
7.299
7.667
8.118
8.59
9.046
9.425
9.613
9.726
9.812
9.706
9.32
8.944
8.887
9.118
9.35
9.42
9.404
9.509
9.726
9.747
9.35
8.739
8.288
8.211
8.322
8.316
8.213
8.22
8.352
8.429
8.277
7.882
7.594
7.653
7.878
8.014
8.077
8.313
8.76
9.077
8.88
8.216
7.485
6.968
6.607
6.349
6.201
6.231
6.574
7.256
8.023
8.499
8.603
8.617
8.715
8.717
8.458
8.2
8.256
8.538
8.805
9.064
9.454
9.989
10.497
10.921
11.353
11.915
12.614
13.355
13.95
14.279
14.363
14.254
13.957
13.51
12.9
12.201
11.504
10.817
10.005
9.084
8.306
7.814
7.501
7.172
6.809
6.537
6.494
6.639
6.735
6.535
6.02
5.382
4.734
4.094
3.509
3.048
2.801
2.817
2.953
2.976
2.799
2.493
2.148
1.792
1.461
1.238
1.184
1.243
1.336
1.379
1.361
1.347
1.406
1.493
1.54
1.567
1.733
2.214
3
3.926
4.802
5.652
6.521
7.288
7.817
8.177
8.529
8.914
9.152
9.068
8.708
8.191
7.598
6.988
6.408
5.904
5.518
5.323
5.391
5.7
6.025
6.126
5.965
5.682
5.419
5.265
5.208
5.192
5.224
5.337
5.507
5.595
5.453
5.008
4.384
3.786
3.305
2.946
2.738
2.72
2.915
3.221
3.468
3.525
3.418
3.23
3.019
2.799
2.599
2.427
2.2
1.835
1.356
0.807
0.265
-0.186
-0.472
-0.508
-0.249
0.165
0.596
1.052
1.574
2.044
2.354
2.517
2.631
2.783
3.069
3.461
3.885
4.332
4.818
5.312
5.777
6.176
6.478
6.643
6.691
6.61
6.367
6.138
6.206
6.389
6.272
6.009
6.14
6.83
7.819
8.957
10.207
11.28
11.827
11.677
10.613
8.948
7.83
7.957
8.506
8.383
7.88
8.084
9.259
10.572
11.08
10.72
10.189
9.905
9.467
8.513
7.401
6.793
6.864
7.093
6.793
5.902
5.144
5.106
5.301
5.092
4.838
5.299
6.269
6.927
6.782
5.856
4.55
3.475
2.982
2.897
2.966
3.375
4.225
4.931
4.901
4.464
4.16
3.749
2.747
1.567
1.454
3.035
5.414
7.234
8.016
8.079
7.848
7.471
6.796
5.748
4.906
5.122
6.544
8.374
9.731
10.484
10.887
10.738
9.644
7.882
6.412
5.988
6.526
7.31
7.751
7.809
7.835
7.932
7.678
6.761
5.473
4.566
4.475
4.999
5.8
6.78
7.741
8.179
7.787
6.848
5.965
5.357
4.877
4.52
4.584
5.08
5.593
5.673
5.138
3.994
2.406
0.637
-0.946
-2.048
-2.577
-2.64
-2.52
-2.604
-3.11
-3.906
-4.779
-5.779
-6.825
-7.469
-7.306
-6.399
-5.255
-4.439
-4.133
-4.183
-4.505
-5.228
-6.244
-6.975
-6.827
-5.766
-4.219
-2.792
-1.823
-1.282
-1.24
-1.939
-3.262
-4.516
-5.092
-4.929
-4.298
-3.552
-3.005
-2.781
-2.887
-3.289
-3.91
-4.523
-4.82
-4.641
-4.117
-3.502
-2.803
-1.942
-1.073
-0.614
-0.667
-0.764
-0.572
-0.249
-0.025
0.059
0.106
0.186
0.213
-0.084
-0.662
-1.091
-1.041
-0.685
-0.449
-0.424
-0.342
-0.052
0.136
-0.231
-1.093
-1.964
-2.456
-2.649
-2.697
-2.461
-1.826
-1.009
-0.44
-0.399
-0.821
-1.493
-2.295
-3.046
-3.509
-3.588
-3.32
-2.769
-2.143
-1.712
-1.542
-1.524
-1.576
-1.717
-1.973
-2.189
-2.202
-2.103
-2.028
-2.01
-2
-2.048
-2.282
-2.767
-3.309
-3.774
-4.128
-4.35
-4.394
-4.289
-4.146
-4.062
-4.028
-3.994
-3.77
-3.182
-2.354
-1.719
-1.524
-1.615
-1.835
-2.29
-3.048
-3.892
-4.425
-4.43
-4.028
-3.481
-2.969
-2.467
-1.95
-1.554
-1.495
-1.685
-1.71
-1.345
-0.762
-0.111
0.651
1.472
2.066
2.218
1.921
1.356
0.834
0.567
0.469
0.494
0.744
1.34
2.134
2.697
2.692
2.309
1.966
1.649
0.952
-0.111
-0.944
-1.107
-0.859
-0.794
-1.075
-1.413
-1.596
-1.667
-1.726
-1.819
-1.812
-1.578
-1.177
-0.841
-0.735
-0.878
-1.111
-1.263
-1.431
-1.778
-2.177
-2.368
-2.404
-2.604
-3.042
-3.545
-3.99
-4.396
-4.797
-5.126
-5.339
-5.434
-5.389
-5.19
-4.993
-4.935
-4.947
-4.981
-5.11
-5.23
-5.151
-4.806
-4.323
-3.847
-3.377
-2.808
-2.139
-1.485
-0.941
-0.535
-0.304
-0.265
-0.304
-0.292
-0.215
-0.052
0.247
0.612
0.871
0.989
1.17
1.515
1.815
1.819
1.694
1.739
1.976
2.232
2.433
2.697
3.003
3.13
2.982
2.688
2.318
1.905
1.569
1.456
1.529
1.658
1.719
1.674
1.479
1.107
0.572
0.007
-0.533
-1.032
-1.438
-1.651
-1.692
-1.742
-1.885
-1.998
-2.032
-2.116
-2.361
-2.686
-2.955
-3.169
-3.416
-3.69
-3.851
-3.808
-3.681
-3.654
-3.71
-3.629
-3.268
-2.658
-1.9
-1.116
-0.395
0.208
0.683
1.007
1.179
1.34
1.654
2.082
2.561
3.042
3.525
4.064
4.645
5.096
5.344
5.528
5.786
6.131
6.589
7.192
7.93
8.799
9.747
10.543
10.876
10.744
10.382
10.069
9.917
9.964
10.282
10.935
11.8
12.562
12.974
12.999
12.621
11.822
10.625
9.306
8.292
7.737
7.445
7.202
6.925
6.623
6.283
5.875
5.523
5.46
5.655
5.843
5.806
5.562
5.296
5.188
5.203
5.124
4.8
4.294
3.801
3.377
2.826
2.05
1.277
0.683
0.208
-0.268
-0.739
-1.095
-1.261
-1.206
-0.871
-0.218
0.617
1.331
1.61
1.435
1.014
0.53
0.22
0.39
1.086
2.023
2.887
3.629
4.273
4.834
5.333
5.734
5.915
5.82
5.634
5.664
6.095
6.766
7.324
7.533
7.467
7.295
7.049
6.696
6.328
6.247
6.562
6.904
6.888
6.623
6.41
6.337
6.285
6.212
6.233
6.433
6.703
6.884
6.827
6.476
5.972
5.562
5.382
5.428
5.632
5.945
6.371
6.732
6.705
6.181
5.403
4.605
3.86
3.287
3.037
3.182
3.493
3.586
3.323
2.953
2.787
2.844
2.976
3.008
2.81
2.443
2.091
1.9
1.905
2.111
2.452
2.74
2.819
2.595
2.161
1.839
1.769
1.817
1.914
2.087
2.325
2.504
2.436
2.145
1.973
2.177
2.688
3.255
3.697
3.974
4.11
4.13
4.225
4.5
4.756
4.763
4.575
4.505
4.745
5.128
5.307
5.165
4.74
4.067
3.248
2.536
2.109
1.964
1.96
1.962
1.918
1.805
1.64
1.456
1.3
1.266
1.431
1.64
1.485
0.889
0.24
-0.031
0.029
0.011
-0.299
-0.648
-0.494
0.306
1.034
1.027
0.689
0.866
1.435
1.388
0.306
-0.978
-1.456
-1.166
-1.025
-1.495
-2.068
-2.075
-1.506
-0.886
-0.642
-0.626
-0.476
-0.145
0.02
-0.188
-0.624
-0.936
-0.841
-0.383
-0.023
0.036
0.161
0.639
1.175
1.513
1.948
2.774
3.52
3.479
2.599
1.692
1.547
2.082
2.608
2.831
2.982
3.275
3.559
3.538
3.143
2.617
2.364
2.479
2.602
2.467
2.325
2.642
3.411
3.996
4.121
4.167
4.557
5.135
5.498
5.462
5.244
5.26
5.607
5.947
6.006
5.843
5.775
6.009
6.439
6.705
6.632
6.403
6.26
6.09
5.698
5.291
5.154
5.088
4.897
4.722
4.816
5.276
5.949
6.53
6.916
7.192
7.537
7.948
8.213
8.188
7.914
7.59
7.419
7.458
7.544
7.548
7.535
7.612
7.741
7.669
7.272
6.735
6.351
6.19
6.11
5.959
5.795
5.693
5.482
5.074
4.659
4.368
4.133
3.947
3.908
3.91
3.676
3.307
3.2
3.497
3.931
4.133
4.019
3.922
4.183
4.675
5.09
5.355
5.659
6.083
6.508
6.773
6.787
6.544
6.183
5.927
5.852
5.852
5.92
6.201
6.65
6.957
6.982
6.793
6.46
6.067
5.775
5.698
5.838
6.136
6.462
6.596
6.353
5.877
5.473
5.196
4.827
4.307
3.817
3.604
3.649
3.64
3.441
3.268
3.284
3.325
3.143
2.79
2.565
2.577
2.531
2.245
1.873
1.574
1.329
0.989
0.433
-0.158
-0.49
-0.463
-0.274
-0.109
-0.031
-0.07
-0.256
-0.553
-0.819
-1.063
-1.343
-1.472
-1.27
-0.875
-0.542
-0.385
-0.467
-0.753
-1.097
-1.272
-1.211
-1.025
-0.775
-0.445
-0.036
0.463
0.996
1.481
1.807
1.9
1.721
1.32
0.894
0.709
0.894
1.302
1.672
1.844
1.864
1.851
1.844
1.785
1.585
1.379
1.451
1.842
2.361
2.726
2.851
2.905
2.982
3.105
3.33
3.573
3.786
4.064
4.373
4.547
4.673
4.972
5.349
5.446
5.117
4.657
4.428
4.486
4.589
4.581
4.493
4.355
4.194
3.945
3.479
2.819
2.129
1.554
1.136
0.873
0.791
0.873
0.984
1.077
1.204
1.483
1.984
2.583
3.005
3.112
3.044
3.053
3.205
3.43
3.631
3.702
3.613
3.543
3.523
3.375
3.123
2.917
2.785
2.672
2.547
2.481
2.543
2.615
2.574
2.409
2.309
2.515
2.942
3.212
3.121
2.769
2.4
2.171
2.184
2.4
2.604
2.681
2.805
3.105
3.479
3.697
3.704
3.656
3.674
3.706
3.618
3.438
3.284
3.166
2.86
2.25
1.413
0.601
0.052
-0.315
-0.671
-0.916
-0.794
-0.383
-0.054
-0.007
-0.065
-0.075
-0.029
0.018
-0.099
-0.548
-1.154
-1.615
-1.962
-2.483
-3.166
-3.713
-3.951
-3.981
-4.026
-4.148
-4.126
-3.74
-3.15
-2.697
-2.449
-2.177
-1.708
-1.141
-0.703
-0.429
-0.111
0.311
0.533
0.254
-0.283
-0.583
-0.546
-0.514
-0.741
-1.068
-1.159
-0.921
-0.614
-0.469
-0.415
-0.317
-0.218
-0.27
-0.574
-0.959
-1.111
-0.996
-0.95
-1.266
-1.78
-2.1
-2.189
-2.404
-2.992
-3.668
-3.969
-3.81
-3.529
-3.391
-3.402
-3.416
-3.434
-3.676
-4.298
-5.062
-5.491
-5.426
-5.149
-5.054
-5.108
-4.947
-4.563
-4.475
-4.933
-5.564
-5.843
-5.666
-5.296
-4.979
-4.695
-4.339
-3.976
-3.704
-3.504
-3.348
-3.135
-2.767
-2.352
-1.971
-1.499
-0.798
0.025
0.767
1.3
1.669
2.023
2.345
2.493
2.47
2.445
2.456
2.348
2.005
1.519
1.113
0.916
0.862
0.905
1.129
1.581
2.159
2.71
3.125
3.393
3.488
3.457
3.479
3.695
4.071
4.457
4.677
4.745
4.695
4.547
4.328
4.051
3.729
3.43
3.18
3.003
2.901
2.897
3.003
3.003
2.747
2.445
2.268
2.139
1.932
1.622
1.268
1.116
1.352
1.805
2.209
2.511
2.649
2.504
2.288
2.372
2.663
2.803
2.722
2.298
1.381
0.385
-0.081
-0.041
0.029
-0.073
-0.081
0.099
0.199
0.322
0.837
1.66
2.325
2.686
2.921
3.193
3.466
3.631
3.783
4.008
4.083
3.929
3.879
4.062
4.137
3.713
2.808
1.95
1.356
0.691
-0.208
-1.032
-1.71
-2.495
-3.346
-3.792
-3.699
-3.507
-3.411
-3.11
-2.747
-2.66
-2.511
-1.783
-0.834
-0.474
-0.801
-1.345
-1.973
-2.785
-3.541
-4.098
-4.684
-5.466
-6.43
-7.376
-7.959
-8.084
-8.127
-8.397
-8.83
-9.155
-9.268
-9.293
-9.316
-9.354
-9.493
-9.754
-9.962
-9.987
-9.878
-9.758
-9.497
-8.787
-7.698
-6.68
-5.829
-4.87
-3.842
-3.157
-2.93
-2.892
-2.837
-2.79
-2.728
-2.579
-2.572
-2.944
-3.445
-3.756
-3.919
-4.08
-4.301
-4.478
-4.5
-4.532
-4.793
-5.124
-5.394
-5.718
-6.115
-6.471
-6.716
-6.743
-6.274
-5.126
-3.515
-2.071
-1.154
-0.503
0.081
0.401
0.222
-0.383
-0.971
-1.177
-1.182
-1.445
-2.232
-3.407
-4.591
-5.639
-6.685
-7.787
-8.696
-9.15
-9.187
-9.216
-9.543
-9.998
-10.311
-10.468
-10.597
-10.776
-10.856
-10.522
-9.917
-9.57
-9.774
-10.327
-10.913
-11.523
-12.188
-12.596
-12.51
-12.017
-11.328
-10.647
-10.216
-10.116
-10.198
-10.348
-10.602
-10.926
-11.021
-10.656
-9.992
-9.418
-9.173
-9.327
-9.699
-9.971
-10.096
-10.305
-10.557
-10.543
-10.214
-9.808
-9.377
-8.64
-7.483
-6.321
-5.496
-4.929
-4.357
-3.588
-2.581
-1.665
-1.236
-1.247
-1.279
-1.009
-0.676
-0.73
-1.2
-1.608
-1.726
-1.88
-2.411
-3.074
-3.338
-3.177
-3.094
-3.368
-3.702
-3.613
-2.969
-2.021
-1.141
-0.508
-0.145
0.091
0.261
0.12
-0.517
-1.3
-1.61
-1.295
-0.778
-0.544
-0.719
-1.177
-1.849
-2.813
-4.083
-5.412
-6.437
-7.018
-7.401
-7.866
-8.374
-8.717
-8.815
-8.88
-9.245
-10.032
-10.931
-11.534
-11.75
-11.777
-11.675
-11.393
-10.971
-10.749
-11.028
-11.702
-12.319
-12.548
-12.51
-12.491
-12.484
-12.206
-11.548
-10.806
-10.364
-10.243
-10.096
-9.692
-9.205
-9.041
-9.313
-9.708
-9.973
-10.282
-10.942
-11.852
-12.575
-12.772
-12.578
-12.314
-11.927
-11.148
-10.042
-8.996
-8.274
-7.871
-7.608
-7.367
-7.17
-7.063
-6.968
-6.796
-6.521
-6.328
-6.474
-6.914
-7.463
-7.907
-8.073
-7.928
-7.64
-7.284
-6.737
-6.025
-5.45
-5.201
-4.949
-4.382
-3.729
-3.402
-3.497
-3.842
-4.185
-4.389
-4.577
-4.872
-5.078
-4.915
-4.441
-4.046
-4.074
-4.405
-4.697
-4.779
-4.779
-4.943
-5.305
-5.6
-5.589
-5.333
-5.074
-4.847
-4.473
-3.949
-3.581
-3.663
-4.101
-4.57
-4.895
-5.176
-5.564
-6.049
-6.48
-6.796
-6.988
-7.143
-7.387
-7.653
-7.819
-7.978
-8.266
-8.649
-8.987
-9.234
-9.418
-9.608
-9.86
-10.175
-10.511
-10.881
-11.269
-11.561
-11.645
-11.613
-11.607
-11.67
-11.795
-11.908
-11.888
-11.754
-11.593
-11.325
-10.924
-10.45
-10.06
-9.869
-9.862
-9.978
-10.155
-10.234
-10.096
-9.817
-9.506
-9.193
-9.005
-9.118
-9.561
-10.112
-10.461
-10.443
-10.166
-9.823
-9.454
-8.96
-8.245
-7.537
-7.168
-7.238
-7.506
-7.61
-7.546
-7.592
-7.714
-7.528
-6.748
-5.544
-4.214
-2.93
-1.706
-0.558
0.397
1.005
1.284
1.411
1.522
1.612
1.465
0.916
0.158
-0.449
-0.753
-0.787
-0.612
-0.306
0.027
0.395
0.857
1.266
1.408
1.435
1.59
1.687
1.404
0.866
0.422
0.027
-0.578
-1.304
-1.86
-2.207
-2.495
-2.815
-3.062
-3.155
-3.18
-3.139
-2.863
-2.495
-2.425
-2.731
-3.1
-3.373
-3.718
-4.259
-4.784
-5.078
-5.353
-5.838
-6.308
-6.46
-6.299
-6.065
-5.886
-5.716
-5.623
-5.691
-5.822
-5.784
-5.629
-5.589
-5.698
-5.666
-5.242
-4.573
-3.99
-3.581
-3.164
-2.663
-2.257
-2.03
-1.765
-1.379
-1.061
-0.98
-1.009
-0.959
-0.848
-0.828
-0.944
-1.182
-1.54
-1.939
-2.227
-2.348
-2.461
-2.543
-2.295
-1.542
-0.687
-0.206
-0.061
0.059
0.14
-0.113
-0.678
-1.125
-1.211
-1.195
-1.429
-1.982
-2.649
-3.239
-3.684
-4.058
-4.475
-4.985
-5.448
-5.779
-6.115
-6.53
-6.927
-7.268
-7.819
-8.826
-10.073
-11.126
-11.892
-12.598
-13.303
-13.818
-14.018
-14.013
-14.063
-14.129
-13.925
-13.378
-12.716
-12.167
-11.827
-11.743
-11.917
-12.124
-12.26
-12.475
-12.795
-12.924
-12.713
-12.389
-12.199
-12.06
-11.792
-11.484
-11.346
-11.323
-11.235
-11.103
-10.994
-10.856
-10.549
-9.937
-9.073
-8.209
-7.494
-6.893
-6.317
-5.7
-4.863
-3.754
-2.572
-1.474
-0.411
0.683
1.59
2.103
2.336
2.427
2.306
1.869
1.306
0.952
0.832
0.592
-0.002
-0.714
-1.22
-1.495
-1.746
-2.082
-2.322
-2.29
-1.984
-1.531
-1.121
-0.971
-1.089
-1.349
-1.687
-2.026
-2.155
-1.907
-1.415
-1.132
-1.352
-1.894
-2.449
-3.066
-3.976
-5.217
-6.51
-7.621
-8.519
-9.225
-9.785
-10.289
-10.815
-11.446
-12.124
-12.723
-13.049
-12.995
-12.793
-12.734
-12.757
-12.555
-12.008
-11.319
-10.804
-10.475
-10.146
-9.726
-9.272
-8.81
-8.347
-7.928
-7.571
-7.387
-7.403
-7.51
-7.58
-7.556
-7.456
-7.335
-7.224
-7.025
-6.755
-6.514
-6.498
-6.735
-7.002
-6.988
-6.53
-5.711
-4.818
-3.942
-2.933
-1.83
-0.996
-0.524
-0.106
0.567
1.395
2.087
2.715
3.643
4.886
6.001
6.68
7.068
7.385
7.596
7.653
7.564
7.381
7.199
7.109
7
6.544
5.627
4.5
3.43
2.481
1.558
0.775
0.342
0.231
0.109
-0.145
-0.313
-0.222
-0.049
-0.145
-0.451
-0.601
-0.469
-0.229
-0.011
0.231
0.63
1.029
1.009
0.624
0.719
1.676
2.64
2.567
1.794
1.717
2.676
3.362
2.912
2.134
1.937
2.159
2.352
2.436
2.472
2.672
3.268
4.108
4.886
5.666
6.576
7.383
7.873
8.24
8.817
9.692
10.615
11.044
10.808
10.64
11.13
11.673
11.541
10.969
10.488
10.055
9.277
8.247
7.576
7.632
8.002
7.794
6.48
4.52
2.733
1.293
-0.122
-1.638
-3.062
-4.037
-4.344
-4.225
-4.244
-4.722
-5.532
-6.181
-6.222
-5.768
-5.196
-4.534
-3.636
-2.91
-2.863
-3.159
-3.198
-3.116
-3.393
-3.863
-4.01
-3.788
-3.4
-2.903
-2.452
-2.465
-3.035
-3.692
-4.069
-4.283
-4.416
-4.167
-3.443
-2.749
-2.549
-2.572
-2.254
-1.531
-0.796
-0.211
0.53
1.765
3.561
5.573
7.238
8.263
8.796
9.152
9.445
9.579
9.506
9.472
9.855
10.625
11.359
11.831
12.188
12.357
11.99
10.992
9.774
8.703
7.821
7.07
6.544
6.24
5.788
4.89
3.951
3.563
3.609
3.668
3.829
4.423
5.378
6.335
7.143
7.801
8.139
7.964
7.445
7.047
6.993
7.063
7.077
7.104
7.102
6.866
6.415
5.929
5.476
5.072
5.013
5.698
6.993
8.179
8.685
8.658
8.481
8.131
7.463
6.703
6.41
6.952
8.066
9.179
9.949
10.549
11.269
12.04
12.502
12.48
12.301
12.444
12.981
13.469
13.607
13.569
13.487
13.124
12.344
11.45
10.826
10.583
10.629
10.881
11.289
11.668
11.808
11.525
10.738
9.654
8.526
7.469
6.512
5.691
5.051
4.639
4.382
4.028
3.434
2.813
2.415
2.239
2.155
2.227
2.595
3.189
3.804
4.241
4.341
4.074
3.513
2.781
2
1.417
1.297
1.724
2.436
3.105
3.638
3.987
4.135
4.108
3.976
3.822
3.849
4.228
4.883
5.414
5.528
5.346
5.146
4.89
4.319
3.591
3.196
3.305
3.704
4.191
4.711
5.294
5.864
6.294
6.51
6.548
6.58
6.787
7.125
7.326
7.195
6.818
6.405
5.936
5.294
4.575
4.044
3.887
3.949
4.037
4.142
4.255
4.133
3.573
2.758
2.098
1.728
1.485
1.316
1.327
1.558
1.903
2.288
2.638
2.81
2.74
2.652
2.751
2.985
3.148
3.273
3.543
3.865
3.849
3.357
2.706
2.257
2.005
1.717
1.243
0.714
0.406
0.39
0.424
0.356
0.263
0.276
0.506
0.941
1.417
1.765
2.023
2.39
2.889
3.375
3.842
4.466
5.265
6.029
6.619
7.118
7.714
8.529
9.375
10.044
10.581
11.137
11.686
12.133
12.448
12.632
12.77
12.931
13.049
13.04
12.895
12.795
12.872
12.929
12.757
12.482
12.383
12.521
12.671
12.575
12.278
12.06
11.979
11.802
11.282
10.568
10.035
9.776
9.549
9.313
9.168
9.137
9.152
9.089
8.81
8.25
7.453
6.655
6.065
5.675
5.353
5.088
4.838
4.436
3.726
2.847
2.159
1.932
2.003
2.053
2.007
1.903
1.794
1.721
1.612
1.383
1.063
0.841
0.873
1.041
1.125
1.107
1.136
1.304
1.588
1.853
2.039
2.168
2.264
2.465
2.976
3.738
4.518
5.108
5.269
5.033
4.593
4.178
3.895
3.756
3.763
3.967
4.334
4.745
5.051
5.165
5.04
4.743
4.412
4.217
4.235
4.455
4.745
4.917
4.82
4.441
3.91
3.312
2.608
1.696
0.651
-0.184
-0.556
-0.603
-0.691
-0.941
-1.245
-1.506
-1.708
-1.853
-2.005
-2.182
-2.234
-2.039
-1.751
-1.71
-2.037
-2.454
-2.821
-3.375
-4.13
-4.691
-4.718
-4.414
-4.278
-4.532
-4.997
-5.387
-5.575
-5.7
-5.931
-6.147
-6.059
-5.589
-5.026
-4.727
-4.681
-4.657
-4.618
-4.647
-4.784
-4.969
-5.146
-5.126
-4.75
-4.08
-3.386
-2.869
-2.475
-2.211
-2.329
-2.842
-3.293
-3.33
-3.092
-2.908
-2.813
-2.704
-2.599
-2.572
-2.559
-2.461
-2.232
-1.916
-1.585
-1.232
-0.791
-0.261
0.272
0.703
1.018
1.204
1.304
1.427
1.567
1.708
1.903
2.139
2.22
1.939
1.372
0.723
0.192
-0.118
-0.274
-0.397
-0.524
-0.646
-0.737
-0.857
-1.047
-1.308
-1.581
-1.789
-1.862
-1.765
-1.588
-1.515
-1.66
-1.916
-2.109
-2.275
-2.658
-3.253
-3.756
-3.983
-4.021
-4.112
-4.346
-4.568
-4.657
-4.738
-5.013
-5.468
-5.834
-5.866
-5.621
-5.321
-5.062
-4.7
-4.176
-3.679
-3.559
-3.906
-4.334
-4.42
-4.074
-3.547
-3.092
-2.799
-2.556
-2.368
-2.429
-2.74
-3.026
-3.03
-2.713
-2.257
-1.894
-1.601
-1.193
-0.664
-0.226
-0.081
-0.165
-0.27
-0.249
-0.154
-0.049
0.106
0.401
0.683
0.628
0.099
-0.646
-1.302
-1.719
-1.905
-1.855
-1.544
-1.136
-0.918
-0.968
-1.134
-1.261
-1.383
-1.531
-1.696
-1.835
-1.882
-1.821
-1.73
-1.839
-2.25
-2.747
-3.128
-3.466
-3.887
-4.271
-4.357
-3.965
-3.141
-2.245
-1.894
-2.236
-2.763
-3.23
-3.913
-4.913
-5.698
-5.825
-5.53
-5.16
-4.734
-4.207
-3.615
-2.86
-2.055
-1.612
-1.458
-1.111
-0.478
0.226
0.948
1.646
2.182
2.549
2.787
2.996
3.307
3.74
4.006
3.947
3.937
4.423
5.08
5.242
4.879
4.423
4.187
4.137
4.03
3.72
3.507
3.747
4.273
4.593
4.602
4.655
4.863
4.811
4.101
3.046
2.311
2.205
2.431
2.411
1.855
0.934
0.027
-0.794
-1.844
-3.302
-4.589
-5.108
-5.226
-5.605
-6.113
-6.206
-5.87
-5.58
-5.679
-5.997
-6.14
-5.988
-5.687
-5.534
-5.671
-5.779
-5.487
-4.917
-4.516
-4.362
-4.158
-3.69
-3.092
-2.59
-2.137
-1.433
-0.415
0.537
1.032
1.211
1.467
1.851
2.129
2.257
2.509
3.135
4.048
5.029
5.793
6.301
6.766
7.34
7.857
8.048
8.075
8.388
9.077
9.835
10.472
11.008
11.428
11.654
11.611
11.273
10.768
10.248
9.921
9.844
9.694
9.189
8.465
7.912
7.66
7.421
6.963
6.451
6.142
6.033
5.949
5.809
5.539
5.172
4.956
4.993
4.974
4.593
4.144
4.128
4.498
4.781
4.729
4.523
4.416
4.348
4.092
3.663
3.302
3.157
3.143
3.105
3.028
3.008
3.08
3.212
3.302
3.2
2.953
2.865
2.985
2.978
2.663
2.286
2.2
2.511
3.03
3.649
4.373
5.144
5.754
6.133
6.374
6.596
6.927
7.437
7.959
8.229
8.295
8.419
8.646
8.719
8.499
8.175
8.052
8.159
8.216
8.041
7.732
7.535
7.596
7.896
8.3
8.692
9.055
9.327
9.311
8.894
8.297
7.9
7.823
7.717
7.265
6.671
6.326
6.26
6.128
5.684
5.085
4.747
4.713
4.552
4.058
3.531
3.298
3.203
2.815
2.014
1.152
0.564
0.329
0.222
0.02
-0.333
-0.712
-0.955
-1.154
-1.622
-2.384
-2.903
-2.708
-2.044
-1.497
-1.218
-0.889
-0.379
-0.009
-0.073
-0.365
-0.458
-0.143
0.508
1.331
2.171
2.971
3.758
4.491
4.981
5.228
5.541
6.136
6.811
7.252
7.417
7.463
7.53
7.596
7.664
7.773
7.984
8.173
8.152
7.878
7.56
7.521
7.857
8.383
8.742
8.746
8.495
8.166
7.712
7.043
6.278
5.816
5.952
6.369
6.482
6.178
5.79
5.587
5.48
5.378
5.28
5.126
4.831
4.43
3.96
3.479
3.11
2.865
2.644
2.352
1.982
1.706
1.696
1.907
2.095
2.095
1.973
1.921
1.923
1.812
1.626
1.612
1.735
1.773
1.701
1.612
1.654
1.862
2.064
2.005
1.635
1.168
0.891
0.855
0.9
0.993
1.191
1.397
1.515
1.542
1.461
1.234
0.846
0.415
0.136
0.034
0.052
0.254
0.703
1.329
1.971
2.465
2.654
2.509
2.161
1.839
1.739
1.878
2.118
2.368
2.606
2.738
2.681
2.577
2.728
3.277
4.037
4.675
5.056
5.185
5.146
5.156
5.401
5.788
6.025
5.94
5.575
5.058
4.532
4.167
4.046
3.978
3.845
3.783
3.847
3.776
3.416
3.003
2.847
2.98
3.205
3.443
3.72
4.04
4.298
4.434
4.534
4.758
5.156
5.616
5.922
5.947
5.804
5.8
5.977
6.079
5.927
5.668
5.544
5.548
5.557
5.571
5.557
5.455
5.255
4.965
4.681
4.536
4.631
4.897
5.126
5.28
5.51
5.861
6.113
6.136
6.04
6.011
6.126
6.303
6.421
6.55
6.83
7.195
7.524
7.825
8.102
8.295
8.461
8.608
8.703
8.701
8.617
8.529
8.465
8.352
8.236
8.224
8.222
7.993
7.385
6.659
6.176
5.988
5.92
5.854
5.788
5.77
5.886
6.056
6.126
6.117
6.197
6.403
6.619
6.8
7.015
7.338
7.66
7.835
7.853
7.796
7.678
7.596
7.626
7.753
7.902
8.152
8.633
9.195
9.563
9.658
9.536
9.27
8.889
8.372
7.735
7.054
6.342
5.632
5.076
4.75
4.573
4.396
4.135
3.792
3.495
3.409
3.611
4.001
4.375
4.609
4.747
4.818
4.659
4.198
3.649
3.23
2.849
2.322
1.71
1.247
0.986
0.846
0.728
0.542
0.392
0.481
0.701
0.767
0.558
0.204
-0.129
-0.349
-0.501
-0.633
-0.796
-1.023
-1.288
-1.461
-1.435
-1.263
-1.145
-1.195
-1.256
-1.168
-0.986
-0.694
-0.186
0.522
1.3
2.034
2.694
3.219
3.461
3.434
3.3
3.273
3.338
3.38
3.425
3.547
3.713
3.792
3.74
3.625
3.493
3.318
3.089
2.835
2.622
2.511
2.461
2.418
2.49
2.702
2.828
2.724
2.549
2.504
2.529
2.504
2.449
2.372
2.218
2.055
2.041
2.191
2.34
2.352
2.366
2.533
2.697
2.642
2.32
1.828
1.336
1.014
0.832
0.535
-0.013
-0.514
-0.596
-0.705
-1.783
-3.801
-5.416
-5.671
-5.049
-4.57
-4.291
-3.348
-1.097
1.846
3.992
4.552
4.514
5.439
7.333
8.615
8.32
7.256
6.914
7.587
8.127
7.571
6.449
5.832
5.659
5.017
3.674
2.631
2.883
4.085
4.763
3.996
2.577
1.948
2.375
2.826
2.592
2.372
3.094
4.514
5.607
5.963
6.036
6.188
6.074
5.401
4.647
4.616
5.534
6.711
7.102
6.301
4.979
4.11
3.706
2.876
1.352
0.174
0.322
1.347
2.105
2.103
1.773
1.592
1.213
-0.027
-2.03
-3.899
-4.729
-4.561
-4.309
-4.623
-5.19
-5.539
-5.859
-6.746
-8.306
-9.883
-10.672
-10.407
-9.486
-8.465
-7.63
-6.957
-6.41
-6.181
-6.68
-7.875
-8.928
-9.044
-8.515
-8.139
-8.016
-7.698
-7.245
-7.254
-8.016
-9.062
-9.676
-9.452
-8.574
-7.499
-6.505
-5.607
-4.688
-3.885
-3.688
-4.298
-5.149
-5.562
-5.516
-5.367
-5.078
-4.314
-3.162
-2.227
-1.989
-2.445
-3.177
-3.57
-3.141
-1.946
-0.514
0.709
1.842
3.046
3.847
3.547
2.264
0.912
0.272
0.347
0.764
1.313
1.914
2.422
2.538
2.046
1.204
0.596
0.474
0.512
0.435
0.358
0.551
0.984
1.206
0.801
-0.149
-1.127
-1.644
-1.687
-1.646
-1.596
-1.159
-0.263
0.54
0.812
0.66
0.551
0.73
1.066
1.268
1.234
1.302
1.785
2.372
2.384
1.719
0.98
0.685
0.717
0.721
0.707
0.855
1.121
1.327
1.422
1.324
0.986
0.578
0.431
0.598
0.816
1.029
1.508
2.356
3.25
3.94
4.446
4.868
5.06
4.804
4.235
3.847
3.869
4.058
4.151
4.207
4.362
4.478
4.283
3.722
3.071
2.624
2.375
2.089
1.733
1.61
1.93
2.425
2.733
2.815
2.726
2.525
2.266
2.01
1.721
1.365
0.998
0.653
0.147
-0.637
-1.336
-1.606
-1.669
-1.898
-2.15
-2.093
-1.823
-1.86
-2.377
-2.974
-3.348
-3.593
-3.897
-4.301
-4.736
-5.035
-5.142
-5.28
-5.634
-6.081
-6.301
-6.297
-6.421
-6.834
-7.218
-7.149
-6.675
-6.337
-6.514
-6.922
-7.179
-7.306
-7.476
-7.805
-8.204
-8.35
-8.052
-7.662
-7.624
-7.848
-7.914
-7.725
-7.562
-7.564
-7.469
-6.988
-6.208
-5.51
-5.206
-5.076
-4.627
-3.865
-3.334
-3.338
-3.609
-3.72
-3.645
-3.665
-3.917
-4.201
-4.278
-4.085
-3.892
-3.906
-4.014
-3.985
-3.808
-3.627
-3.631
-3.745
-3.726
-3.52
-3.436
-3.658
-3.99
-4.062
-3.795
-3.529
-3.631
-4.058
-4.498
-4.802
-5.115
-5.598
-6.117
-6.48
-6.748
-7.081
-7.449
-7.748
-7.844
-7.767
-7.757
-7.975
-8.383
-8.88
-9.359
-9.869
-10.545
-11.317
-11.904
-12.112
-12.029
-11.99
-12.246
-12.629
-12.736
-12.546
-12.425
-12.534
-12.611
-12.36
-11.813
-11.241
-10.774
-10.354
-9.933
-9.57
-9.42
-9.525
-9.676
-9.563
-9.1
-8.644
-8.569
-8.688
-8.538
-7.993
-7.453
-7.272
-7.326
-7.195
-6.657
-6.056
-5.811
-5.909
-6.013
-5.913
-5.732
-5.702
-5.82
-5.829
-5.591
-5.242
-4.99
-4.788
-4.439
-3.947
-3.575
-3.588
-3.899
-4.144
-4.058
-3.765
-3.672
-3.992
-4.511
-4.795
-4.797
-4.924
-5.321
-5.677
-5.814
-5.854
-5.909
-5.922
-5.816
-5.616
-5.46
-5.482
-5.679
-5.959
-6.244
-6.548
-6.968
-7.528
-8.059
-8.263
-8.134
-8.077
-8.447
-9.005
-9.372
-9.588
-9.889
-10.273
-10.5
-10.495
-10.393
-10.291
-10.184
-10.193
-10.427
-10.742
-10.967
-11.148
-11.323
-11.289
-10.903
-10.416
-10.139
-10.076
-9.931
-9.595
-9.209
-8.973
-8.998
-9.261
-9.475
-9.515
-9.624
-9.926
-10.257
-10.372
-10.32
-10.327
-10.464
-10.522
-10.309
-9.772
-9.068
-8.431
-7.982
-7.658
-7.399
-7.236
-7.26
-7.413
-7.399
-7.049
-6.585
-6.324
-6.256
-6.12
-5.864
-5.673
-5.677
-5.673
-5.464
-5.099
-4.736
-4.525
-4.516
-4.659
-4.829
-4.988
-5.287
-5.866
-6.548
-7.041
-7.306
-7.587
-8.052
-8.583
-8.907
-8.957
-8.923
-8.923
-8.88
-8.656
-8.311
-8.005
-7.819
-7.587
-7.24
-6.898
-6.78
-6.95
-7.26
-7.492
-7.528
-7.392
-7.292
-7.41
-7.678
-7.848
-7.88
-7.975
-8.166
-8.202
-8.023
-7.959
-8.352
-8.98
-9.384
-9.456
-9.436
-9.372
-9.184
-8.923
-8.776
-8.846
-9.05
-9.173
-9.066
-8.755
-8.442
-8.381
-8.653
-9.116
-9.483
-9.672
-9.839
-10.085
-10.189
-10.048
-9.835
-9.769
-9.885
-10.023
-10.005
-9.803
-9.545
-9.398
-9.452
-9.622
-9.674
-9.52
-9.343
-9.37
-9.606
-9.839
-10.037
-10.287
-10.579
-10.686
-10.441
-9.926
-9.465
-9.284
-9.3
-9.152
-8.789
-8.513
-8.501
-8.667
-8.833
-8.796
-8.61
-8.465
-8.404
-8.374
-8.401
-8.56
-8.916
-9.325
-9.475
-9.327
-9.182
-9.173
-9.062
-8.699
-8.388
-8.413
-8.622
-8.678
-8.277
-7.46
-6.516
-5.45
-4.017
-2.449
-1.327
-0.83
-0.676
-0.778
-1.433
-2.702
-4.019
-4.7
-4.611
-4.135
-3.477
-2.352
-0.601
1.252
2.574
3.416
4.273
5.434
6.587
6.968
6.387
5.548
5.133
4.954
4.253
2.781
1.073
-0.213
-1.005
-1.721
-2.652
-3.45
-3.565
-3.257
-3.448
-4.337
-4.969
-4.486
-3.305
-2.44
-2.003
-1.334
-0.356
0.213
-0.111
-0.959
-1.694
-2.322
-3.271
-4.436
-5.178
-5.319
-5.217
-5.144
-5.144
-5.099
-4.915
-4.666
-4.691
-5.262
-6.095
-6.435
-5.949
-5.226
-4.963
-4.954
-4.559
-3.829
-3.554
-4.035
-4.641
-4.67
-4.275
-3.919
-3.57
-2.971
-2.148
-1.322
-0.671
-0.379
-0.606
-1.147
-1.483
-1.261
-0.707
-0.145
0.379
0.957
1.397
1.377
0.803
-0.165
-1.313
-2.461
-3.452
-4.087
-4.346
-4.448
-4.573
-4.734
-4.899
-5.069
-5.233
-5.453
-5.7
-5.77
-5.423
-4.779
-4.246
-4.155
-4.545
-5.196
-5.954
-6.893
-8.029
-9.109
-9.803
-10.211
-10.668
-11.255
-11.879
-12.43
-12.77
-12.754
-12.423
-11.945
-11.536
-11.196
-10.79
-10.266
-9.826
-9.688
-9.955
-10.554
-11.251
-11.784
-12.09
-12.19
-11.931
-11.103
-9.742
-8.274
-7.213
-6.773
-6.811
-7.07
-7.313
-7.356
-7.176
-6.841
-6.326
-5.621
-4.8
-3.922
-3
-2.105
-1.419
-1.055
-0.909
-0.816
-0.787
-0.884
-0.95
-0.846
-0.671
-0.651
-0.85
-1.018
-0.918
-0.678
-0.567
-0.628
-0.562
-0.195
0.158
0.081
-0.54
-1.445
-2.193
-2.538
-2.561
-2.626
-3.032
-3.729
-4.384
-4.861
-5.378
-6.038
-6.63
-6.977
-7.21
-7.585
-7.95
-7.907
-7.567
-7.542
-8.097
-8.862
-9.461
-10.032
-10.84
-11.729
-12.305
-12.396
-12.078
-11.534
-10.99
-10.654
-10.561
-10.638
-10.731
-10.802
-10.71
-10.271
-9.604
-9.127
-9.087
-9.263
-9.263
-9.066
-8.991
-9.111
-9.171
-9.05
-8.946
-9.012
-9.073
-8.948
-8.728
-8.581
-8.469
-8.224
-7.748
-7.068
-6.319
-5.655
-5.049
-4.33
-3.4
-2.388
-1.454
-0.519
0.435
1.218
1.631
1.696
1.592
1.506
1.447
1.284
1.127
1.399
2.227
3.159
3.772
4.067
4.323
4.566
4.613
4.446
4.162
3.874
3.738
3.835
3.987
4.064
4.207
4.496
4.709
4.591
4.305
4.289
4.684
5.21
5.582
5.718
5.611
5.299
4.768
4.096
3.466
3.035
2.799
2.608
2.356
2.087
1.939
1.889
1.819
1.649
1.408
1.236
1.227
1.338
1.417
1.483
1.676
2.007
2.195
1.973
1.497
1.256
1.477
1.912
2.311
2.749
3.457
4.414
5.296
5.788
5.848
5.695
5.564
5.512
5.571
5.798
6.222
6.777
7.226
7.403
7.445
7.542
7.587
7.376
7.102
7.299
8.292
9.636
10.611
11.135
11.541
11.8
11.541
10.633
9.368
8.166
7.345
6.945
6.689
6.408
6.194
6.031
5.55
4.5
3.114
1.93
1.308
1.145
1.047
0.723
0.068
-0.823
-1.799
-2.865
-4.121
-5.351
-6.29
-6.877
-7.17
-7.274
-7.281
-7.199
-7.122
-7.176
-7.383
-7.714
-8.177
-8.646
-8.885
-8.753
-8.334
-7.805
-7.258
-6.753
-6.367
-6.124
-5.893
-5.55
-5.008
-4.171
-3.053
-1.869
-0.832
-0.041
0.544
0.925
1.143
1.343
1.742
2.356
3.03
3.776
4.729
5.793
6.727
7.392
7.68
7.617
7.474
7.61
8.063
8.633
9.041
9.361
9.778
10.253
10.531
10.484
10.287
10.277
10.511
10.826
11.214
11.85
12.757
13.655
14.156
14.143
13.87
13.592
13.36
13.19
13.065
12.927
12.736
12.471
12.176
11.842
11.457
11.001
10.549
10.216
10.134
10.271
10.38
10.153
9.654
9.27
9.139
8.957
8.474
7.862
7.478
7.519
7.912
8.401
8.703
8.728
8.572
8.236
7.744
7.229
6.872
6.827
7.129
7.587
8
8.27
8.377
8.302
8.055
7.762
7.58
7.58
7.741
8.05
8.313
8.316
8.1
7.878
7.796
7.809
7.771
7.571
7.265
7.038
6.961
6.97
6.911
6.7
6.5
6.625
7.086
7.578
7.898
8.07
8.22
8.347
8.329
8.093
7.762
7.533
7.515
7.596
7.655
7.819
8.324
8.941
9.111
8.694
8.016
7.335
6.664
5.934
5.156
4.43
3.851
3.407
2.921
2.254
1.508
0.944
0.592
0.369
0.379
0.691
1.243
1.9
2.556
3.105
3.545
3.895
4.119
4.209
4.278
4.5
4.917
5.323
5.45
5.315
5.122
4.967
4.774
4.428
4.019
3.876
4.207
4.781
5.265
5.478
5.555
5.621
5.564
5.28
4.861
4.43
4.101
3.985
3.956
3.774
3.529
3.52
3.82
4.171
4.391
4.639
5.151
5.929
6.725
7.29
7.476
7.242
6.677
5.888
4.872
3.724
2.758
2.179
1.839
1.479
1.147
1.091
1.141
0.912
0.234
-0.648
-1.372
-1.773
-1.789
-1.308
-0.544
-0.079
-0.104
-0.109
0.499
1.306
1.182
0.236
0.136
1.685
3.684
4.711
5.04
6.136
8.266
10.03
10.547
10.613
11.432
12.922
13.914
13.616
12.514
11.697
11.65
11.745
11.01
9.277
7.612
7.079
7.424
7.501
6.789
6.136
6.399
7.091
6.988
5.983
5.385
6.154
7.524
8.222
8.302
8.481
8.746
8.646
8.014
7.013
6.136
5.882
6.11
6.136
5.6
5.062
5.194
5.655
5.371
4.294
3.57
3.76
4.056
3.668
3.094
3.314
4.275
4.917
4.691
4.09
3.838
4.146
4.679
4.888
4.709
4.784
5.661
6.88
7.36
6.991
6.918
7.925
9.25
9.699
9.282
8.957
9.279
9.69
9.427
8.672
8.324
8.837
9.767
10.375
10.32
9.976
9.862
10.053
10.164
9.823
9.139
8.685
8.678
8.821
8.783
8.712
8.996
9.572
9.926
9.726
8.998
8
7.079
6.333
5.595
4.8
4.117
3.579
2.982
2.214
1.354
0.687
0.44
0.445
0.315
-0.07
-0.435
-0.567
-0.576
-0.773
-1.295
-1.823
-1.923
-1.64
-1.601
-2.155
-2.881
-3.198
-3.13
-3.246
-3.853
-4.547
-4.816
-4.816
-5.096
-5.727
-6.133
-5.927
-5.498
-5.441
-5.768
-6.001
-5.897
-5.5
-5.017
-4.507
-3.931
-3.296
-2.776
-2.577
-2.638
-2.722
-2.563
-2.145
-1.726
-1.511
-1.266
-0.651
0.111
0.463
0.256
0.049
0.297
0.733
0.764
0.229
-0.485
-0.975
-1.157
-1.288
-1.565
-2.01
-2.477
-2.774
-2.912
-3.13
-3.481
-3.561
-3.076
-2.286
-1.739
-1.517
-1.34
-1
-0.583
-0.288
-0.125
-0.093
-0.258
-0.61
-0.982
-1.336
-1.812
-2.409
-2.842
-2.842
-2.554
-2.359
-2.511
-2.855
-3.121
-3.246
-3.423
-3.865
-4.491
-4.99
-5.144
-5.042
-4.856
-4.577
-4.071
-3.293
-2.545
-2.087
-1.916
-1.826
-1.599
-1.266
-1.152
-1.345
-1.622
-1.864
-2.236
-2.751
-3.132
-3.212
-3.216
-3.438
-3.804
-4.033
-4.069
-4.012
-3.897
-3.627
-3.121
-2.517
-1.93
-1.413
-1.105
-1.059
-1.021
-0.753
-0.483
-0.46
-0.59
-0.669
-0.712
-0.928
-1.345
-1.801
-2.068
-2.026
-1.815
-1.626
-1.447
-1.256
-1.157
-1.123
-0.986
-0.662
-0.242
0.099
0.272
0.286
0.188
0.147
0.358
0.801
1.25
1.556
1.789
2.021
2.187
2.234
2.2
2.173
2.159
2.028
1.635
1.063
0.585
0.335
0.118
-0.403
-1.173
-1.932
-2.579
-3.191
-3.792
-4.296
-4.625
-4.779
-4.738
-4.502
-4.205
-3.981
-3.738
-3.375
-2.915
-2.481
-2.248
-2.227
-2.372
-2.699
-3.1
-3.354
-3.432
-3.536
-3.749
-3.963
-4.167
-4.418
-4.67
-4.72
-4.529
-4.348
-4.366
-4.452
-4.339
-4.083
-3.849
-3.588
-3.116
-2.44
-1.855
-1.531
-1.331
-1.113
-0.871
-0.63
-0.449
-0.274
0.084
0.703
1.34
1.826
2.229
2.665
3.064
3.164
2.842
2.329
2.032
2.059
2.205
2.229
2.189
2.286
2.388
2.159
1.592
1.027
0.762
0.759
0.721
0.51
0.333
0.297
0.231
-0.004
-0.363
-0.746
-1.113
-1.338
-1.304
-1.175
-1.166
-1.184
-0.925
-0.424
-0.073
-0.025
-0.027
0.122
0.258
0.218
0.134
0.199
0.268
0.063
-0.517
-1.327
-2.129
-2.742
-3.058
-3.1
-2.978
-2.694
-2.114
-1.327
-0.68
-0.322
-0.02
0.483
1.188
1.937
2.636
3.327
4.008
4.518
4.709
4.625
4.452
4.334
4.237
4.069
3.933
4.062
4.523
5.149
5.668
5.959
6.101
6.251
6.428
6.594
6.764
6.972
7.295
7.723
8.061
8.155
8.055
7.88
7.685
7.537
7.483
7.476
7.465
7.46
7.467
7.445
7.292
6.988
6.698
6.532
6.471
6.446
6.489
6.582
6.732
6.827
6.659
6.21
5.725
5.396
5.112
4.829
4.745
5.031
5.5
5.814
5.834
5.645
5.396
5.096
4.731
4.368
4.16
4.217
4.484
4.758
4.863
4.711
4.398
4.11
3.94
3.872
3.908
4.064
4.366
4.677
4.8
4.79
4.897
5.251
5.666
5.882
5.931
5.963
5.995
6.031
6.031
5.97
5.884
5.772
5.577
5.267
4.806
4.267
3.745
3.28
2.853
2.461
2.232
2.198
2.223
2.109
1.894
1.823
2.107
2.649
3.139
3.382
3.398
3.273
3.128
2.966
2.767
2.577
2.449
2.325
2.093
1.76
1.393
1.105
0.957
0.846
0.751
0.923
1.56
2.433
3.044
3.193
3.219
3.504
3.99
4.371
4.482
4.337
4.087
3.985
4.241
4.747
5.18
5.362
5.419
5.437
5.476
5.709
6.197
6.741
7.109
7.256
7.288
7.292
7.279
7.186
6.988
6.65
6.188
5.689
5.312
5.119
5.054
5.022
4.969
4.961
5.104
5.299
5.283
4.958
4.561
4.287
4.092
3.838
3.502
3.048
2.436
1.721
1.047
0.419
-0.156
-0.569
-0.794
-0.864
-0.603
-0.025
0.372
0.306
0.168
0.247
0.197
-0.091
-0.099
0.445
1.121
1.617
1.918
2.103
2.352
2.756
3.071
3.062
2.733
2.202
1.54
0.898
0.324
-0.288
-0.805
-0.993
-0.964
-1.147
-1.735
-2.488
-3.06
-3.232
-2.744
-1.465
0.356
2.077
3.016
3.132
2.996
3.016
3.008
2.805
2.69
2.889
2.951
2.429
1.642
1.125
0.746
0.163
-0.399
-0.519
-0.258
0.134
0.648
1.266
1.66
1.596
1.252
0.989
0.798
0.612
0.617
1.025
1.73
2.368
2.781
3.08
3.268
3.032
2.293
1.531
1.306
1.69
2.279
2.681
2.844
2.878
2.71
2.25
1.608
1.093
1.041
1.535
2.359
3.196
3.865
4.373
4.856
5.271
5.36
5.024
4.507
4.151
4.062
4.239
4.722
5.562
6.682
7.759
8.404
8.49
8.147
7.585
7.079
6.986
7.406
8.186
8.984
9.4
9.037
7.916
6.542
5.432
4.709
4.298
4.241
4.507
4.888
5.158
5.38
5.725
6.108
6.389
6.639
6.834
6.787
6.603
6.607
6.714
6.55
6.176
5.986
5.959
5.752
5.373
5.169
5.257
5.491
5.661
5.6
5.237
4.543
3.625
2.715
2.159
2.114
2.375
2.74
3.207
3.758
4.164
4.309
4.375
4.543
4.827
5.135
5.468
5.777
5.906
5.918
6.149
6.562
6.805
6.802
6.846
7.013
7.063
6.893
6.725
6.823
7.077
7.136
6.834
6.339
5.886
5.45
4.917
4.353
3.994
3.937
4.021
3.985
3.797
3.699
3.842
4.13
4.33
4.432
4.605
4.84
4.906
4.681
4.337
4.062
3.903
3.801
3.575
3.119
2.583
2.272
2.195
2.026
1.703
1.533
1.71
1.916
1.86
1.583
1.258
1.011
0.862
0.655
0.324
-0.018
-0.229
-0.311
-0.353
-0.301
-0.029
0.326
0.517
0.463
0.381
0.447
0.583
0.572
0.417
0.292
0.326
0.442
0.558
0.644
0.746
0.955
1.245
1.495
1.719
2.123
2.778
3.461
3.926
4.137
4.13
3.956
3.615
3.13
2.595
2.182
2.044
2.216
2.559
2.821
2.855
2.638
2.234
1.73
1.279
0.962
0.759
0.712
0.921
1.385
1.955
2.499
2.974
3.33
3.559
3.702
3.649
3.336
2.955
2.79
2.924
3.082
2.998
2.678
2.27
1.778
1.173
0.524
0.027
-0.149
0.004
0.222
0.297
0.329
0.53
0.975
1.592
2.277
2.935
3.534
4.037
4.368
4.482
4.444
4.371
4.305
4.201
4.094
4.092
4.191
4.298
4.325
4.339
4.409
4.446
4.298
3.933
3.502
3.189
3.042
2.998
3.037
3.159
3.293
3.289
3.012
2.475
1.898
1.524
1.447
1.642
1.962
2.282
2.549
2.826
3.166
3.436
3.396
3.024
2.57
2.245
2.026
1.878
1.916
2.179
2.481
2.531
2.359
2.166
1.914
1.336
0.413
-0.406
-0.689
-0.506
-0.324
-0.494
-0.862
-1.139
-1.295
-1.488
-1.807
-2.177
-2.44
-2.509
-2.483
-2.406
-2.225
-1.948
-1.749
-1.765
-1.873
-1.921
-1.869
-1.746
-1.64
-1.712
-1.987
-2.254
-2.284
-2.157
-2.143
-2.27
-2.272
-2.03
-1.733
-1.549
-1.431
-1.367
-1.504
-1.849
-2.155
-2.2
-2.073
-2.053
-2.25
-2.465
-2.517
-2.445
-2.348
-2.386
-2.608
-2.953
-3.296
-3.525
-3.599
-3.588
-3.652
-3.895
-4.255
-4.62
-4.974
-5.303
-5.546
-5.661
-5.655
-5.544
-5.385
-5.169
-4.979
-4.895
-4.868
-4.79
-4.591
-4.359
-4.173
-3.985
-3.776
-3.586
-3.43
-3.373
-3.466
-3.609
-3.702
-3.772
-3.849
-3.831
-3.647
-3.364
-3.066
-2.728
-2.286
-1.898
-1.762
-1.815
-1.755
-1.424
-0.918
-0.367
0.181
0.787
1.508
2.345
3.318
4.355
5.294
6.158
6.979
7.551
7.66
7.506
7.376
7.276
6.954
6.43
6.04
5.897
5.718
5.246
4.589
4.087
4.051
4.359
4.611
4.589
4.398
4.223
4.203
4.235
4.128
3.82
3.491
3.312
3.248
3.139
3.05
3.173
3.504
3.781
3.851
3.774
3.629
3.305
2.731
2.034
1.501
1.263
1.182
0.991
0.685
0.445
0.456
0.642
0.767
0.669
0.417
0.197
0.084
0.091
0.254
0.614
1.082
1.413
1.472
1.388
1.381
1.479
1.431
1.125
0.803
0.767
0.964
1.123
1.166
1.216
1.358
1.538
1.631
1.485
1.027
0.286
-0.564
-1.306
-1.792
-2.014
-2.059
-2.155
-2.49
-2.958
-3.205
-3.016
-2.572
-2.293
-2.359
-2.602
-2.813
-2.989
-3.123
-3.032
-2.71
-2.497
-2.717
-3.25
-3.74
-4.003
-4.114
-4.278
-4.507
-4.577
-4.436
-4.244
-4.221
-4.407
-4.575
-4.491
-4.273
-4.198
-4.334
-4.545
-4.75
-4.956
-5.235
-5.51
-5.557
-5.294
-5.065
-5.265
-5.895
-6.524
-6.741
-6.635
-6.574
-6.685
-6.743
-6.661
-6.558
-6.46
-6.217
-5.659
-4.645
-3.309
-2.332
-2.306
-2.733
-2.831
-2.828
-3.343
-3.91
-3.808
-3.318
-3.089
-3.116
-3.078
-2.756
-2.091
-1.456
-1.504
-2.314
-3.203
-3.752
-4.158
-4.611
-5.026
-5.328
-5.575
-6.049
-7.045
-8.39
-9.577
-10.372
-10.853
-11.06
-11.01
-10.74
-10.271
-9.783
-9.694
-10.189
-10.74
-10.831
-10.627
-10.515
-10.452
-10.18
-9.647
-9.163
-9.018
-9.229
-9.674
-10.205
-10.695
-10.921
-10.591
-9.62
-8.374
-7.365
-7.002
-7.408
-8.284
-9.123
-9.672
-9.91
-9.849
-9.366
-8.365
-7.072
-5.918
-5.221
-5.088
-5.326
-5.582
-5.577
-5.23
-4.552
-3.502
-2.191
-1.134
-0.805
-1.077
-1.535
-1.989
-2.447
-2.817
-2.837
-2.368
-1.578
-0.701
-0.002
0.091
-0.671
-1.95
-3.13
-3.897
-4.223
-4.098
-3.561
-2.883
-2.436
-2.39
-2.665
-3.275
-4.301
-5.575
-6.673
-7.19
-6.963
-6.254
-5.476
-4.901
-4.65
-4.845
-5.46
-6.299
-7.031
-7.338
-7.172
-6.775
-6.41
-6.236
-6.217
-6.392
-6.988
-8.123
-9.379
-10.114
-10.082
-9.59
-8.991
-8.483
-8.24
-8.442
-9.202
-10.441
-11.786
-12.695
-12.993
-12.92
-12.618
-12.06
-11.432
-11.103
-11.328
-12.003
-12.734
-13.033
-12.7
-11.895
-10.879
-9.744
-8.524
-7.437
-6.796
-6.65
-6.809
-6.988
-6.997
-6.868
-6.696
-6.564
-6.508
-6.605
-6.982
-7.667
-8.449
-9.023
-9.25
-9.193
-8.855
-8.209
-7.417
-6.796
-6.492
-6.453
-6.646
-7.081
-7.606
-7.891
-7.751
-7.299
-6.709
-6.131
-5.761
-5.679
-5.732
-5.748
-5.777
-5.927
-6.186
-6.487
-6.716
-6.802
-6.904
-7.202
-7.658
-8.093
-8.417
-8.608
-8.706
-8.644
-8.313
-7.748
-7.107
-6.519
-6.12
-5.893
-5.75
-5.698
-5.859
-6.267
-6.677
-6.791
-6.643
-6.614
-6.959
-7.413
-7.61
-7.619
-7.701
-7.791
-7.628
-7.213
-6.791
-6.433
-6.088
-5.814
-5.757
-6.029
-6.589
-7.249
-7.737
-7.909
-7.882
-7.9
-8.018
-8.063
-8.066
-8.204
-8.417
-8.419
-8.1
-7.671
-7.467
-7.59
-7.875
-8.118
-8.406
-8.923
-9.706
-10.599
-11.346
-11.75
-11.738
-11.423
-11.021
-10.749
-10.72
-10.856
-11.012
-11.158
-11.267
-11.207
-11.028
-10.892
-10.82
-10.797
-10.919
-11.185
-11.43
-11.525
-11.509
-11.441
-11.194
-10.768
-10.343
-10.005
-9.61
-9.059
-8.345
-7.648
-7.158
-6.891
-6.769
-6.852
-7.079
-7.156
-6.986
-6.848
-6.982
-7.299
-7.501
-7.401
-7.115
-6.791
-6.605
-6.562
-6.528
-6.433
-6.258
-5.995
-5.693
-5.41
-5.035
-4.366
-3.338
-2.137
-1.005
0.049
0.996
1.667
2.021
2.166
2.007
1.338
0.149
-1.188
-2.277
-2.93
-3.125
-2.874
-2.241
-1.456
-0.771
-0.192
0.528
1.377
1.912
1.912
1.712
1.69
1.737
1.456
0.773
-0.059
-0.891
-1.776
-2.604
-3.207
-3.611
-3.903
-3.965
-3.734
-3.314
-2.958
-2.844
-2.948
-3.23
-3.649
-4.087
-4.407
-4.552
-4.584
-4.661
-4.888
-5.251
-5.741
-6.342
-6.854
-6.984
-6.614
-6.004
-5.48
-5.128
-4.861
-4.684
-4.729
-5.067
-5.541
-5.886
-5.954
-5.832
-5.648
-5.389
-4.981
-4.418
-3.863
-3.386
-2.876
-2.32
-1.878
-1.594
-1.399
-1.175
-0.803
-0.319
-0.018
-0.052
-0.351
-0.778
-1.252
-1.596
-1.578
-1.17
-0.558
0.163
1.009
1.81
2.311
2.495
2.37
1.805
0.789
-0.347
-1.254
-1.921
-2.586
-3.42
-4.237
-4.772
-4.997
-5.104
-5.257
-5.473
-5.673
-5.795
-5.779
-5.605
-5.518
-5.877
-6.725
-7.801
-8.762
-9.465
-9.958
-10.443
-11.074
-11.731
-12.106
-12.033
-11.8
-11.736
-11.87
-11.913
-11.623
-11.16
-10.879
-10.863
-11.053
-11.47
-12.117
-12.852
-13.426
-13.714
-13.852
-14.027
-14.147
-13.957
-13.464
-12.909
-12.398
-11.904
-11.464
-11.221
-11.214
-11.337
-11.459
-11.504
-11.412
-11.158
-10.733
-10.196
-9.572
-8.862
-8.052
-7.168
-6.206
-5.112
-3.951
-3.024
-2.54
-2.411
-2.372
-2.302
-2.2
-2.111
-2.073
-2.087
-2.109
-2.121
-2.229
-2.536
-2.928
-3.155
-3.116
-2.966
-2.887
-2.756
-2.472
-2.243
-2.286
-2.429
-2.356
-2.118
-2.139
-2.438
-2.461
-1.826
-0.805
0.12
0.68
0.871
0.837
0.717
0.51
0.115
-0.478
-1.121
-1.703
-2.288
-2.881
-3.357
-3.559
-3.593
-3.772
-4.214
-4.722
-5.13
-5.582
-6.24
-6.986
-7.562
-7.973
-8.336
-8.596
-8.68
-8.585
-8.297
-7.817
-7.272
-6.807
-6.397
-6.04
-5.856
-5.922
-6.167
-6.381
-6.464
-6.628
-7.176
-8.111
-9.064
-9.749
-10.216
-10.604
-10.89
-10.999
-10.951
-10.718
-10.259
-9.636
-8.957
-8.368
-7.98
-7.805
-7.737
-7.685
-7.492
-7.107
-6.589
-5.92
-5.013
-3.817
-2.486
-1.261
-0.236
0.709
1.567
2.075
2.173
2.044
1.796
1.297
0.424
-0.648
-1.443
-1.61
-1.327
-0.894
-0.306
0.621
1.823
3.008
4.03
5.065
6.14
6.83
6.811
6.455
6.487
7.095
7.576
7.063
6.072
6.054
7.179
7.984
7.691
7.284
7.844
9.064
9.758
9.467
8.914
8.837
8.857
8.113
6.63
5.183
4.296
3.951
3.629
2.778
1.562
0.882
1.152
1.493
1.061
0.426
0.667
1.735
2.66
2.919
2.966
3.441
4.221
4.561
4.11
3.436
3.307
3.81
4.473
4.929
5.26
5.729
6.204
6.142
5.478
4.813
4.518
4.28
3.747
3.058
2.724
3.008
3.511
3.654
3.307
2.851
2.763
3.1
3.518
3.82
4.291
5.085
5.893
6.201
5.85
5.165
4.527
3.933
3.162
2.164
1.24
0.816
1
1.311
1.134
0.451
-0.152
-0.265
-0.129
-0.254
-0.694
-1
-0.821
-0.347
-0.127
-0.379
-0.868
-1.284
-1.633
-2.055
-2.559
-2.942
-3.044
-2.833
-2.438
-2.073
-1.905
-1.842
-1.701
-1.513
-1.447
-1.447
-1.245
-0.762
-0.113
0.492
0.907
1.113
1.295
1.651
2.248
2.917
3.536
4.271
5.19
5.909
6.097
6.001
6.025
6.151
6.12
5.861
5.566
5.575
6.036
6.643
6.993
7.075
7.186
7.481
7.789
7.839
7.676
7.664
7.896
8.125
8.263
8.445
8.753
9.123
9.527
9.912
10.214
10.575
11.171
11.863
12.367
12.666
13.001
13.569
14.233
14.637
14.562
14.156
13.648
13.129
12.568
11.992
11.475
11.042
10.609
10.137
9.67
9.27
8.989
8.803
8.54
8.105
7.732
7.717
8.029
8.306
8.322
8.256
8.322
8.474
8.547
8.558
8.624
8.81
9.073
9.311
9.506
9.662
9.812
9.967
10.098
10.155
10.107
10.105
10.227
10.341
10.269
9.942
9.425
8.787
7.932
6.703
5.201
3.699
2.429
1.517
0.894
0.458
0.268
0.399
0.739
1.113
1.395
1.562
1.735
2.055
2.545
2.937
3.012
2.951
3.039
3.155
2.939
2.375
1.869
1.71
1.787
1.871
2.003
2.375
3.096
3.981
4.695
5.124
5.441
5.741
5.92
5.87
5.652
5.534
5.605
5.723
5.766
5.777
5.759
5.734
5.822
6.097
6.489
6.914
7.358
7.878
8.39
8.696
8.76
8.765
8.776
8.708
8.485
8.242
8.159
8.245
8.234
7.936
7.447
6.911
6.335
5.603
4.668
3.649
2.842
2.395
2.105
1.658
1.023
0.508
0.301
0.279
0.208
0.091
0.161
0.535
1.032
1.469
1.987
2.751
3.565
4.006
3.917
3.581
3.398
3.436
3.486
3.323
2.978
2.733
2.681
2.613
2.35
1.955
1.699
1.69
1.69
1.458
1.173
1.286
1.828
2.388
2.672
2.815
3.15
3.804
4.514
5.017
5.335
5.759
6.55
7.64
8.688
9.413
9.835
10.219
10.656
11.058
11.337
11.512
11.631
11.74
11.852
11.94
12.001
12.022
11.899
11.647
11.407
11.241
11.09
10.899
10.643
10.325
10.026
9.787
9.563
9.316
9.093
9.007
9.118
