Unnamed: 3
Value
-0.256
-0.238
-0.215
-0.202
-0.193
-0.19
-0.2
-0.17
-0.118
-0.082
-0.079
-0.113
-0.15
-0.143
-0.127
-0.136
-0.168
-0.186
-0.161
-0.143
-0.136
-0.134
-0.156
-0.204
-0.254
-0.272
-0.327
-0.399
-0.401
-0.363
-0.338
-0.338
-0.322
-0.288
-0.252
-0.231
-0.229
-0.259
-0.327
-0.365
-0.406
-0.485
-0.551
-0.583
-0.61
-0.615
-0.606
-0.59
-0.59
-0.64
-0.769
-0.898
-0.95
-1.005
-1.082
-1.116
-1.107
-1.118
-1.148
-1.148
-1.102
-1.062
-1.048
-1.068
-1.123
-1.211
-1.286
-1.334
-1.413
-1.508
-1.542
-1.522
-1.52
-1.538
-1.558
-1.576
-1.59
-1.635
-1.699
-1.747
-1.801
-1.849
-1.837
-1.86
-1.971
-2.048
-2.046
-2.019
-2.016
-2.019
-2.007
-2.005
-2.037
-2.025
-1.971
-1.976
-2.025
-2.044
-1.989
-1.946
-1.937
-1.935
-1.912
-1.917
-1.991
-2.098
-2.175
-2.182
-2.146
-2.057
-1.969
-1.91
-1.844
-1.749
-1.647
-1.608
-1.647
-1.688
-1.688
-1.683
-1.663
-1.638
-1.647
-1.663
-1.615
-1.506
-1.397
-1.295
-1.213
-1.154
-1.116
-1.116
-1.141
-1.17
-1.182
-1.186
-1.182
-1.148
-1.12
-1.096
-0.996
-0.862
-0.776
-0.748
-0.751
-0.76
-0.776
-0.767
-0.773
-0.855
-0.932
-0.878
-0.739
-0.633
-0.567
-0.503
-0.442
-0.401
-0.417
-0.472
-0.503
-0.485
-0.451
-0.456
-0.49
-0.54
-0.558
-0.528
-0.483
-0.442
-0.413
-0.392
-0.345
-0.293
-0.263
-0.277
-0.352
-0.465
-0.562
-0.608
-0.615
-0.608
-0.61
-0.63
-0.674
-0.764
-0.873
-0.953
-0.969
-0.957
-0.916
-0.819
-0.737
-0.699
-0.671
-0.658
-0.735
-0.903
-1.082
-1.222
-1.297
-1.35
-1.431
-1.488
-1.458
-1.352
-1.241
-1.179
-1.184
-1.209
-1.256
-1.331
-1.409
-1.506
-1.61
-1.66
-1.638
-1.556
-1.481
-1.429
-1.388
-1.327
-1.277
-1.261
-1.304
-1.402
-1.492
-1.481
-1.422
-1.404
-1.42
-1.413
-1.37
-1.247
-1.098
-1.03
-1.068
-1.157
-1.243
-1.352
-1.52
-1.674
-1.724
-1.679
-1.563
-1.411
-1.329
-1.291
-1.216
-1.096
-1
-0.973
-0.993
-0.978
-0.855
-0.721
-0.728
-0.841
-0.916
-0.93
-0.894
-0.912
-1.043
-1.182
-1.218
-1.213
-1.182
-1.186
-1.225
-1.2
-1.086
-0.923
-0.771
-0.714
-0.721
-0.671
-0.583
-0.544
-0.615
-0.739
-0.814
-0.785
-0.696
-0.685
-0.748
-0.771
-0.692
-0.567
-0.519
-0.603
-0.769
-0.871
-0.864
-0.835
-0.871
-0.966
-1.037
-1.016
-0.88
-0.748
-0.728
-0.798
-0.821
-0.792
-0.794
-0.862
-0.925
-0.921
-0.839
-0.719
-0.64
-0.635
-0.646
-0.583
-0.469
-0.44
-0.547
-0.694
-0.776
-0.81
-0.839
-0.914
-1.009
-1.057
-1
-0.864
-0.733
-0.649
-0.599
-0.549
-0.472
-0.383
-0.374
-0.481
-0.567
-0.544
-0.485
-0.494
-0.553
-0.599
-0.571
-0.503
-0.467
-0.494
-0.544
-0.56
-0.537
-0.449
-0.379
-0.39
-0.39
-0.295
-0.156
-0.045
-0.027
-0.091
-0.179
-0.225
-0.245
-0.295
-0.367
-0.374
-0.299
-0.204
-0.086
0.057
0.197
0.299
0.406
0.494
0.478
0.352
0.213
0.159
0.166
0.177
0.177
0.209
0.304
0.458
0.612
0.705
0.676
0.583
0.581
0.635
0.63
0.581
0.56
0.608
0.735
0.88
0.989
1.012
1.005
1.005
0.973
0.844
0.689
0.599
0.533
0.499
0.522
0.59
0.676
0.798
0.987
1.188
1.293
1.27
1.227
1.241
1.234
1.159
1.073
1.016
0.973
1.009
1.12
1.202
1.209
1.209
1.241
1.306
1.327
1.227
1.075
0.989
1.037
1.148
1.17
1.118
1.17
1.354
1.529
1.567
1.472
1.35
1.3
1.311
1.336
1.329
1.315
1.325
1.409
1.565
1.633
1.563
1.479
1.458
1.424
1.345
1.25
1.152
1.109
1.141
1.229
1.336
1.39
1.402
1.44
1.529
1.601
1.613
1.554
1.517
1.604
1.76
1.871
1.919
1.935
2.012
2.148
2.209
2.159
2.107
2.1
2.091
2.082
2.048
1.989
1.991
2.087
2.214
2.334
2.472
2.645
2.847
3.021
3.064
2.987
2.928
2.908
2.869
2.779
2.701
2.729
2.819
2.885
2.965
3.083
3.148
3.146
3.128
3.094
3.017
2.942
2.931
2.951
3.012
3.11
3.232
3.357
3.439
3.443
3.432
3.366
3.21
3.015
2.844
2.717
2.661
2.679
2.756
2.86
2.983
3.144
3.305
3.411
3.43
3.414
3.343
3.223
3.142
3.112
3.017
2.917
2.921
3.003
3.078
3.128
3.142
3.114
3.058
3.019
2.996
2.974
2.944
2.942
3.019
3.121
3.18
3.253
3.343
3.375
3.364
3.343
3.264
3.114
2.958
2.838
2.767
2.765
2.838
2.965
3.076
3.173
3.3
3.416
3.443
3.402
3.33
3.239
3.151
3.092
3.042
2.99
2.937
2.917
2.994
3.151
3.201
3.112
3.058
3.103
3.144
3.105
3.044
3.008
3.044
3.128
3.196
3.219
3.207
3.182
3.148
3.089
2.996
2.931
2.924
2.894
2.835
2.824
2.881
2.976
3.11
3.221
3.259
3.264
3.269
3.246
3.162
3.076
2.999
3.003
3.11
3.171
3.105
3.074
3.216
3.384
3.43
3.393
3.373
3.352
3.316
3.269
3.219
3.198
3.223
3.248
3.246
3.257
3.305
3.386
3.366
3.187
3.033
3.042
3.092
3.085
3.046
3.019
3.051
3.167
3.296
3.348
3.35
3.355
3.384
3.382
3.3
3.105
2.912
2.858
2.876
2.804
2.708
2.74
2.856
2.958
2.985
2.946
2.903
2.878
2.908
2.917
2.869
2.792
2.779
2.838
2.849
2.849
2.974
3.139
3.157
3.085
3.024
2.958
2.851
2.738
2.647
2.602
2.647
2.738
2.767
2.792
2.849
2.903
2.985
3.035
2.969
2.84
2.772
2.765
2.76
2.717
2.663
2.651
2.729
2.828
2.862
2.838
2.751
2.631
2.559
2.54
2.484
2.425
2.432
2.447
2.511
2.613
2.681
2.667
2.622
2.622
2.67
2.672
2.572
2.468
2.457
2.529
2.574
2.577
2.613
2.663
2.67
2.667
2.64
2.559
2.479
2.447
2.443
2.452
2.497
2.543
2.581
2.64
2.697
2.747
2.788
2.754
2.683
2.672
2.67
2.622
2.599
2.647
2.715
2.779
2.862
2.949
3.003
2.999
2.985
2.974
2.983
2.965
2.89
2.824
2.819
2.822
2.808
2.838
2.89
2.931
2.908
2.851
2.769
2.676
2.611
2.588
2.611
2.647
2.717
2.844
2.985
3.055
3.083
3.139
3.169
3.139
3.071
2.94
2.765
2.629
2.581
2.577
2.547
2.509
2.509
2.593
2.756
2.86
2.858
2.869
2.897
2.897
2.908
2.906
2.869
2.81
2.794
2.799
2.804
2.801
2.788
2.774
2.756
2.745
2.774
2.817
2.756
2.654
2.686
2.824
2.935
3.012
3.074
3.126
3.155
3.164
3.162
3.132
3.046
2.912
2.819
2.817
2.838
2.824
2.822
2.872
2.917
2.98
3.051
3.089
3.037
2.942
2.901
2.921
2.908
2.808
2.674
2.588
2.574
2.593
2.547
2.416
2.341
2.364
2.402
2.413
2.425
2.457
2.518
2.593
2.663
2.722
2.756
2.692
2.545
2.393
2.291
2.157
2.005
1.862
1.724
1.631
1.642
1.724
1.817
1.889
2.001
2.141
2.236
2.246
2.182
2.084
2.012
1.969
1.919
1.876
1.876
1.919
1.957
1.962
1.919
1.858
1.808
1.751
1.681
1.62
1.595
1.579
1.556
1.542
1.522
1.533
1.597
1.644
1.583
1.486
1.397
1.291
1.191
1.139
1.148
1.157
1.143
1.132
1.116
1.071
1.021
0.989
0.928
0.81
0.744
0.739
0.699
0.637
0.619
0.621
0.61
0.637
0.699
0.73
0.685
0.592
0.528
0.499
0.433
0.318
0.247
0.265
0.329
0.383
0.435
0.49
0.565
0.655
0.669
0.601
0.544
0.524
0.469
0.345
0.231
0.193
0.172
0.166
0.234
0.354
0.474
0.54
0.569
0.578
0.556
0.528
0.547
0.562
0.526
0.485
0.51
0.608
0.68
0.653
0.578
0.569
0.594
0.581
0.519
0.433
0.356
0.347
0.365
0.338
0.327
0.379
0.476
0.522
0.508
0.49
0.435
0.354
0.302
0.268
0.195
0.127
0.116
0.159
0.186
0.206
0.256
0.352
0.429
0.476
0.531
0.569
0.574
0.506
0.37
0.245
0.161
0.12
0.097
0.018
-0.073
-0.075
-0.036
-0.066
-0.141
-0.152
-0.091
-0.011
0.068
0.168
0.197
0.177
0.215
0.259
0.227
0.113
0.014
-0.068
-0.163
-0.252
-0.299
-0.327
-0.347
-0.34
-0.27
-0.17
-0.093
-0.097
-0.172
-0.215
-0.195
-0.166
-0.181
-0.27
-0.367
-0.395
-0.39
-0.433
-0.512
-0.553
-0.578
-0.642
-0.696
-0.712
-0.728
-0.785
-0.823
-0.835
-0.832
-0.826
-0.785
-0.708
-0.678
-0.683
-0.667
-0.64
-0.662
-0.728
-0.787
-0.832
-0.885
-0.953
-1.023
-1.077
-1.111
-1.105
-1.062
-1.052
-1.105
-1.127
-1.114
-1.168
-1.25
-1.288
-1.309
-1.363
-1.397
-1.345
-1.263
-1.229
-1.207
-1.15
-1.084
-1.052
-1.021
-0.984
-1.014
-1.08
-1.096
-1.066
-1.046
-1.016
-0.962
-0.91
-0.894
-0.896
-0.957
-1.03
-1.059
-1.028
-1.007
-1.066
-1.141
-1.136
-1.073
-1.057
-1.093
-1.1
-1.046
-1.003
-1.003
-0.998
-1.016
-1.052
-1.046
-0.984
-0.939
-0.921
-0.887
-0.844
-0.826
-0.837
-0.88
-0.939
-1
-1.068
-1.093
-1.077
-1.105
-1.168
-1.195
-1.179
-1.161
-1.134
-1.136
-1.218
-1.336
-1.399
-1.42
-1.486
-1.567
-1.622
-1.651
-1.672
-1.669
-1.631
-1.642
-1.735
-1.81
-1.79
-1.731
-1.735
-1.778
-1.846
-1.946
-2.019
-2.039
-2.028
-2.044
-2.046
-1.987
-1.932
-1.976
-2.087
-2.187
-2.257
-2.316
-2.379
-2.4
-2.407
-2.475
-2.554
-2.606
-2.613
-2.606
-2.611
-2.654
-2.674
-2.602
-2.45
-2.343
-2.359
-2.459
-2.466
-2.366
-2.316
-2.368
-2.441
-2.488
-2.516
-2.536
-2.556
-2.617
-2.674
-2.67
-2.631
-2.627
-2.64
-2.593
-2.536
-2.527
-2.529
-2.518
-2.493
-2.509
-2.54
-2.586
-2.624
-2.654
-2.665
-2.708
-2.794
-2.804
-2.72
-2.663
-2.71
-2.754
-2.706
-2.604
-2.543
-2.552
-2.59
-2.624
-2.597
-2.57
-2.574
-2.602
-2.622
-2.631
-2.64
-2.688
-2.769
-2.815
-2.81
-2.81
-2.853
-2.903
-2.885
-2.801
-2.772
-2.806
-2.819
-2.754
-2.656
-2.622
-2.683
-2.738
-2.726
-2.729
-2.828
-2.976
-3.017
-2.949
-2.908
-2.903
-2.874
-2.851
-2.824
-2.76
-2.706
-2.733
-2.79
-2.794
-2.781
-2.792
-2.867
-2.946
-2.985
-3.049
-3.112
-3.108
-3.06
-3.019
-2.996
-2.976
-2.949
-2.926
-2.924
-2.96
-3.008
-3.005
-2.983
-3.003
-3.037
-3.067
-3.108
-3.103
-3.071
-3.046
-3.028
-3.01
-2.999
-3.001
-2.994
-2.98
-2.971
-3.03
-3.132
-3.187
-3.189
-3.176
-3.167
-3.135
-3.092
-3.03
-2.951
-2.924
-3.005
-3.108
-3.144
-3.146
-3.151
-3.171
-3.212
-3.239
-3.235
-3.223
-3.23
-3.212
-3.151
-3.08
-3.033
-3.005
-2.962
-2.924
-2.99
-3.137
-3.198
-3.185
-3.219
-3.269
-3.293
-3.305
-3.3
-3.253
-3.205
-3.232
-3.244
-3.198
-3.155
-3.155
-3.189
-3.255
-3.293
-3.287
-3.28
-3.284
-3.298
-3.312
-3.33
-3.357
-3.389
-3.38
-3.407
-3.5
-3.568
-3.593
-3.622
-3.663
-3.659
-3.622
-3.572
-3.486
-3.375
-3.28
-3.248
-3.273
-3.314
-3.346
-3.409
-3.545
-3.734
-3.901
-3.972
-3.929
-3.877
-3.856
-3.838
-3.77
-3.65
-3.543
-3.477
-3.489
-3.516
-3.527
-3.561
-3.602
-3.609
-3.584
-3.586
-3.6
-3.548
-3.475
-3.475
-3.527
-3.543
-3.529
-3.548
-3.579
-3.597
-3.652
-3.738
-3.793
-3.752
-3.656
-3.609
-3.652
-3.675
-3.629
-3.595
-3.652
-3.786
-3.897
-3.881
-3.797
-3.802
-3.881
-3.911
-3.856
-3.811
-3.79
-3.768
-3.743
-3.74
-3.768
-3.808
-3.87
-3.929
-3.99
-4.069
-4.178
-4.248
-4.235
-4.171
-4.096
-4.042
-4.037
-3.997
-3.886
-3.808
-3.84
-3.901
-3.92
-3.904
-3.901
-3.931
-3.933
-3.89
-3.808
-3.727
-3.684
-3.706
-3.709
-3.647
-3.609
-3.641
-3.688
-3.718
-3.759
-3.833
-3.867
-3.847
-3.806
-3.799
-3.824
-3.831
-3.788
-3.713
-3.675
-3.704
-3.749
-3.777
-3.783
-3.77
-3.754
-3.772
-3.836
-3.849
-3.795
-3.743
-3.713
-3.686
-3.665
-3.706
-3.793
-3.861
-3.908
-4.017
-4.185
-4.298
-4.314
-4.307
-4.289
-4.246
-4.187
-4.087
-3.956
-3.852
-3.818
-3.829
-3.829
-3.833
-3.861
-3.956
-4.105
-4.235
-4.269
-4.219
-4.137
-4.053
-3.935
-3.849
-3.829
-3.799
-3.706
-3.675
-3.797
-3.96
-4.046
-4.035
-3.99
-3.94
-3.899
-3.861
-3.765
-3.629
-3.493
-3.425
-3.439
-3.525
-3.641
-3.688
-3.697
-3.781
-3.897
-3.879
-3.738
-3.586
-3.498
-3.42
-3.332
-3.228
-3.087
-2.98
-2.994
-3.101
-3.164
-3.135
-3.051
-2.992
-2.976
-3.017
-3.008
-2.915
-2.794
-2.758
-2.815
-2.876
-2.935
-2.96
-2.971
-2.953
-2.924
-2.89
-2.874
-2.851
-2.763
-2.64
-2.547
-2.538
-2.563
-2.509
-2.409
-2.429
-2.568
-2.647
-2.645
-2.654
-2.692
-2.738
-2.776
-2.781
-2.692
-2.54
-2.4
-2.352
-2.359
-2.343
-2.277
-2.212
-2.243
-2.384
-2.513
-2.552
-2.588
-2.661
-2.692
-2.67
-2.636
-2.556
-2.418
-2.305
-2.261
-2.259
-2.271
-2.293
-2.286
-2.309
-2.391
-2.511
-2.57
-2.52
-2.459
-2.436
-2.445
-2.443
-2.427
-2.384
-2.314
-2.257
-2.234
-2.216
-2.184
-2.13
-2.071
-2.057
-2.13
-2.221
-2.239
-2.193
-2.246
-2.37
-2.441
-2.441
-2.402
-2.339
-2.266
-2.214
-2.173
-2.121
-2.03
-1.84
-1.667
-1.608
-1.592
-1.565
-1.561
-1.592
-1.674
-1.801
-1.966
-2.082
-2.071
-1.994
-1.946
-1.892
-1.783
-1.649
-1.49
-1.32
-1.182
-1.109
-1.093
-1.123
-1.13
-1.193
-1.345
-1.517
-1.592
-1.601
-1.595
-1.542
-1.502
-1.499
-1.447
-1.302
-1.148
-1.064
-1.073
-1.125
-1.116
-1.037
-0.916
-0.925
-1.102
-1.25
-1.266
-1.281
-1.356
-1.479
-1.613
-1.722
-1.753
-1.742
-1.669
-1.551
-1.458
-1.347
-1.148
-0.928
-0.758
-0.621
-0.533
-0.488
-0.474
-0.515
-0.621
-0.823
-1.041
-1.164
-1.25
-1.329
-1.361
-1.347
-1.259
-1.08
-0.878
-0.703
-0.576
-0.503
-0.442
-0.302
-0.159
-0.129
-0.163
-0.186
-0.222
-0.286
-0.352
-0.406
-0.481
-0.576
-0.617
-0.558
-0.458
-0.392
-0.392
-0.408
-0.345
-0.227
-0.136
-0.077
-0.036
-0.004
0.05
0.104
0.063
-0.084
-0.188
-0.265
-0.333
-0.343
-0.306
-0.29
-0.297
-0.252
-0.109
0.063
0.24
0.447
0.603
0.685
0.794
0.921
0.903
0.723
0.508
0.34
0.225
0.118
-0.007
-0.116
-0.136
-0.077
0.073
0.293
0.494
0.701
0.925
1.102
1.2
1.261
1.25
1.168
1.048
0.937
0.855
0.769
0.667
0.578
0.478
0.377
0.367
0.469
0.628
0.773
0.903
1.046
1.198
1.291
1.279
1.277
1.345
1.365
1.32
1.261
1.177
1.066
0.966
0.844
0.719
0.646
0.667
0.78
0.923
1.082
1.266
1.402
1.481
1.572
1.69
1.785
1.801
1.717
1.565
1.377
1.211
1.086
1.003
0.9
0.807
0.885
1.098
1.284
1.418
1.576
1.806
2.01
2.132
2.216
2.25
2.2
2.114
2.016
1.824
1.588
1.415
1.338
1.311
1.286
1.277
1.311
1.409
1.529
1.663
1.88
2.107
2.286
2.432
2.513
2.561
2.613
2.636
2.559
2.384
2.191
2.08
2.023
1.91
1.787
1.79
1.853
1.869
1.944
2.125
2.327
2.513
2.699
2.851
2.912
2.921
2.912
2.853
2.715
2.561
2.45
2.336
2.187
2.107
2.107
2.132
2.164
2.236
2.341
2.461
2.595
2.731
2.831
2.865
2.838
2.831
2.899
2.908
2.758
2.586
2.504
2.506
2.527
2.538
2.556
2.593
2.681
2.808
2.885
2.917
3.01
3.171
3.23
3.171
3.16
3.189
3.126
3.008
2.958
2.919
2.842
2.776
2.733
2.76
2.878
3.024
3.164
3.3
3.409
3.502
3.618
3.731
3.815
3.822
3.706
3.529
3.416
3.348
3.23
3.021
2.819
2.747
2.774
2.826
2.876
2.974
3.098
3.178
3.232
3.346
3.479
3.541
3.523
3.482
3.452
3.402
3.314
3.223
3.153
3.064
2.944
2.847
2.788
2.785
2.817
2.865
2.908
2.908
2.892
2.874
2.865
2.874
2.912
2.908
2.79
2.651
2.615
2.606
2.529
2.443
2.386
2.323
2.305
2.382
2.486
2.545
2.59
2.622
2.608
2.645
2.715
2.715
2.62
2.529
2.5
2.452
2.345
2.214
2.132
2.098
2.03
1.926
1.867
1.903
2.021
2.157
2.25
2.311
2.359
2.402
2.445
2.454
2.423
2.345
2.221
2.082
2.014
1.994
1.932
1.83
1.753
1.717
1.735
1.742
1.762
1.867
2.01
2.089
2.13
2.198
2.28
2.35
2.386
2.352
2.261
2.13
2.01
1.926
1.846
1.728
1.599
1.551
1.597
1.706
1.824
1.942
2.064
2.196
2.316
2.398
2.404
2.391
2.436
2.459
2.343
2.202
2.168
2.218
2.282
2.311
2.305
2.327
2.404
2.522
2.627
2.71
2.781
2.858
2.956
3.074
3.187
3.264
3.266
3.228
3.178
3.108
3.033
2.953
2.926
2.931
2.931
2.935
2.992
3.117
3.309
3.498
3.659
3.852
4.04
4.155
4.221
4.271
4.292
4.285
4.242
4.151
4.069
4.008
3.956
3.901
3.883
3.929
3.992
4.06
4.185
4.341
4.453
4.489
4.518
4.621
4.747
4.822
4.827
4.804
4.822
4.845
4.825
4.825
4.861
4.927
4.97
4.956
4.931
4.922
4.933
4.918
4.852
4.786
4.743
4.664
4.573
4.548
4.584
4.618
4.632
4.666
4.727
4.752
4.698
4.659
4.689
4.716
4.682
4.632
4.625
4.668
4.743
4.802
4.77
4.736
4.75
4.736
4.659
4.537
4.389
4.276
4.214
4.183
4.155
4.11
4.099
4.112
4.162
4.269
4.396
4.496
4.577
4.668
4.695
4.641
4.582
4.555
4.496
4.391
4.316
4.312
4.319
4.301
4.276
4.271
4.314
4.319
4.267
4.192
4.151
4.16
4.185
4.192
4.183
4.239
4.335
4.38
4.353
4.351
4.43
4.478
4.441
4.38
4.341
4.294
4.203
4.101
4.022
3.983
3.985
4.001
4.001
4.019
4.071
4.13
4.167
4.153
4.069
3.972
3.942
3.929
3.915
3.901
3.895
3.938
4.031
4.074
4.003
3.877
3.811
3.799
3.743
3.631
3.55
3.511
3.464
3.416
3.364
3.291
3.23
3.189
3.142
3.103
3.114
3.157
3.16
3.153
3.178
3.25
3.33
3.33
3.237
3.167
3.16
3.121
3.064
3.049
3.046
3.005
2.942
2.903
2.917
2.935
2.91
2.874
2.819
2.783
2.758
2.676
2.581
2.604
2.699
2.731
2.717
2.738
2.797
2.831
2.838
2.849
2.856
2.849
2.844
2.867
2.928
2.951
2.926
2.926
2.969
2.987
2.921
2.797
2.686
2.629
2.581
2.488
2.413
2.404
2.445
2.486
2.495
2.525
2.579
2.577
2.536
2.588
2.679
2.722
2.692
2.645
2.645
2.69
2.717
2.708
2.686
2.672
2.676
2.708
2.763
2.708
2.595
2.545
2.54
2.493
2.436
2.413
2.42
2.447
2.468
2.447
2.434
2.434
2.413
2.37
2.343
2.336
2.32
2.234
2.168
2.182
2.214
2.23
2.257
2.291
2.293
2.273
2.239
2.218
2.202
2.177
2.112
2.032
1.969
1.84
1.676
1.644
1.71
1.753
1.79
1.801
1.812
1.849
1.883
1.873
1.842
1.819
1.79
1.74
1.694
1.665
1.601
1.454
1.327
1.327
1.352
1.277
1.17
1.091
1.064
1.082
1.1
1.118
1.139
1.15
1.141
1.125
1.098
1.023
0.939
0.887
0.83
0.753
0.68
0.644
0.578
0.499
0.426
0.352
0.311
0.286
0.215
0.118
0.045
0.002
-0.041
-0.129
-0.156
-0.079
-0.004
-0.009
-0.023
-0.02
-0.034
-0.097
-0.202
-0.293
-0.331
-0.331
-0.333
-0.354
-0.435
-0.497
-0.474
-0.442
-0.467
-0.51
-0.553
-0.615
-0.66
-0.662
-0.649
-0.653
-0.658
-0.665
-0.667
-0.628
-0.585
-0.651
-0.751
-0.735
-0.662
-0.646
-0.674
-0.712
-0.733
-0.739
-0.758
-0.764
-0.742
-0.712
-0.671
-0.649
-0.708
-0.771
-0.773
-0.764
-0.767
-0.737
-0.696
-0.685
-0.662
-0.621
-0.574
-0.542
-0.553
-0.608
-0.658
-0.655
-0.644
-0.669
-0.66
-0.612
-0.608
-0.628
-0.601
-0.565
-0.585
-0.671
-0.737
-0.737
-0.73
-0.733
-0.708
-0.721
-0.737
-0.649
-0.533
-0.544
-0.596
-0.601
-0.556
-0.519
-0.528
-0.606
-0.696
-0.755
-0.796
-0.848
-0.921
-0.937
-0.935
-0.921
-0.839
-0.726
-0.687
-0.701
-0.762
-0.819
-0.864
-0.894
-0.932
-0.987
-1.05
-1.052
-0.996
-0.998
-1.021
-0.973
-0.912
-0.91
-0.912
-0.925
-0.978
-1.028
-1.062
-1.098
-1.143
-1.186
-1.236
-1.272
-1.261
-1.222
-1.293
-1.37
-1.34
-1.275
-1.245
-1.25
-1.284
-1.34
-1.34
-1.306
-1.272
-1.263
-1.268
-1.236
-1.209
-1.238
-1.266
-1.256
-1.291
-1.361
-1.39
-1.397
-1.415
-1.443
-1.456
-1.456
-1.465
-1.44
-1.422
-1.438
-1.436
-1.384
-1.334
-1.27
-1.198
-1.157
-1.118
-1.071
-1.05
-1.077
-1.123
-1.157
-1.204
-1.222
-1.182
-1.127
-1.136
-1.173
-1.096
-0.959
-0.898
-0.903
-0.932
-0.962
-0.982
-1.005
-1.028
-1.039
-1.039
-1.021
-1.014
-0.959
-0.866
-0.841
-0.891
-0.832
-0.674
-0.571
-0.581
-0.651
-0.696
-0.685
-0.669
-0.685
-0.746
-0.814
-0.805
-0.723
-0.699
-0.748
-0.798
-0.828
-0.826
-0.751
-0.705
-0.73
-0.758
-0.755
-0.683
-0.615
-0.624
-0.68
-0.73
-0.744
-0.758
-0.841
-0.916
-0.919
-0.921
-0.937
-0.937
-0.969
-1.032
-1.075
-1.084
-1.093
-1.134
-1.193
-1.216
-1.229
-1.266
-1.272
-1.245
-1.247
-1.275
-1.291
-1.322
-1.381
-1.418
-1.443
-1.479
-1.551
-1.644
-1.747
-1.83
-1.846
-1.855
-1.921
-1.93
-1.864
-1.835
-1.878
-1.928
-1.953
-1.978
-2.019
-2.082
-2.153
-2.182
-2.134
-2.064
-2.1
-2.141
-2.08
-1.994
-1.973
-1.998
-2.023
-2.035
-2.046
-2.08
-2.098
-2.112
-2.13
-2.175
-2.232
-2.289
-2.334
-2.295
-2.184
-2.1
-2.064
-2.048
-2.032
-2.012
-2.007
-2.01
-1.996
-1.928
-1.826
-1.756
-1.747
-1.703
-1.592
-1.549
-1.572
-1.583
-1.565
-1.542
-1.545
-1.592
-1.631
-1.588
-1.531
-1.513
-1.488
-1.468
-1.424
-1.286
-1.105
-0.987
-0.914
-0.844
-0.796
-0.805
-0.869
-0.957
-1.018
-1.055
-1.091
-1.157
-1.229
-1.209
-1.139
-1.096
-1.071
-1
-0.866
-0.739
-0.676
-0.669
-0.685
-0.694
-0.714
-0.776
-0.898
-1.086
-1.22
-1.207
-1.148
-1.136
-1.161
-1.166
-1.136
-1.102
-1.111
-1.195
-1.306
-1.37
-1.413
-1.497
-1.597
-1.66
-1.726
-1.819
-1.883
-1.876
-1.853
-1.867
-1.928
-2.005
-2.08
-2.159
-2.266
-2.352
-2.384
-2.42
-2.47
-2.516
-2.54
-2.581
-2.617
-2.638
-2.661
-2.695
-2.733
-2.801
-2.91
-3.021
-3.074
-3.101
-3.135
-3.162
-3.216
-3.282
-3.293
-3.264
-3.257
-3.296
-3.303
-3.244
-3.176
-3.167
-3.221
-3.248
-3.226
-3.189
-3.162
-3.162
-3.21
-3.232
-3.205
-3.18
-3.169
-3.167
-3.139
-3.08
-3.01
-2.958
-2.937
-2.931
-2.912
-2.903
-2.962
-3.035
-3.044
-2.996
-2.949
-2.892
-2.806
-2.699
-2.606
-2.556
-2.55
-2.522
-2.486
-2.472
-2.47
-2.443
-2.438
-2.454
-2.47
-2.491
-2.504
-2.486
-2.441
-2.354
-2.236
-2.114
-2.039
-2.005
-1.996
-1.982
-1.973
-1.951
-1.914
-1.903
-1.926
-1.942
-1.914
-1.883
-1.873
-1.889
-1.88
-1.828
-1.79
-1.808
-1.837
-1.828
-1.81
-1.806
-1.821
-1.889
-1.98
-2.035
-2.044
-2.048
-2.039
-1.969
-1.894
-1.86
-1.862
-1.907
-1.962
-1.948
-1.926
-2.016
-2.191
-2.329
-2.423
-2.495
-2.57
-2.658
-2.704
-2.708
-2.701
-2.672
-2.627
-2.64
-2.713
-2.781
-2.819
-2.883
-2.976
-3.06
-3.142
-3.191
-3.153
-3.092
-3.049
-3.024
-3.015
-2.999
-2.956
-2.91
-2.935
-3.026
-3.13
-3.187
-3.232
-3.314
-3.373
-3.346
-3.305
-3.253
-3.139
-3.005
-2.91
-2.887
-2.867
-2.833
-2.806
-2.844
-2.917
-2.962
-2.967
-2.944
-2.919
-2.887
-2.851
-2.804
-2.745
-2.686
-2.617
-2.547
-2.522
-2.545
-2.568
-2.57
-2.563
-2.577
-2.554
-2.452
-2.352
-2.307
-2.277
-2.218
-2.13
-2.057
-2.021
-1.998
-1.953
-1.926
-1.912
-1.878
-1.835
-1.833
-1.853
-1.826
-1.713
-1.615
-1.579
-1.556
-1.47
-1.397
-1.429
-1.511
-1.504
-1.468
-1.456
-1.463
-1.458
-1.468
-1.463
-1.443
-1.368
-1.256
-1.154
-1.073
-0.95
-0.819
-0.76
-0.814
-0.923
-0.996
-1.005
-1.037
-1.13
-1.225
-1.281
-1.291
-1.318
-1.356
-1.361
-1.327
-1.32
-1.343
-1.343
-1.329
-1.325
-1.318
-1.288
-1.272
-1.309
-1.322
-1.241
-1.179
-1.259
-1.402
-1.438
-1.406
-1.463
-1.638
-1.812
-1.878
-1.876
-1.896
-1.948
-1.973
-1.966
-1.964
-1.96
-1.928
-1.892
-1.887
-1.919
-1.973
-2.025
-2.084
-2.137
-2.184
-2.241
-2.261
-2.239
-2.212
-2.189
-2.15
-2.173
-2.28
-2.334
-2.284
-2.239
-2.252
-2.291
-2.28
-2.248
-2.246
-2.273
-2.259
-2.2
-2.205
-2.25
-2.191
-2.069
-2.037
-2.134
-2.191
-2.125
-2.007
-1.91
-1.846
-1.79
-1.742
-1.665
-1.567
-1.547
-1.608
-1.699
-1.751
-1.719
-1.651
-1.644
-1.713
-1.719
-1.617
-1.506
-1.463
-1.447
-1.39
-1.241
-1.12
-1.098
-1.12
-1.141
-1.173
-1.241
-1.256
-1.234
-1.202
-1.168
-1.073
-0.914
-0.832
-0.841
-0.848
-0.81
-0.785
-0.798
-0.851
-0.9
-0.928
-0.959
-0.996
-0.989
-0.923
-0.86
-0.796
-0.703
-0.64
-0.662
-0.708
-0.703
-0.646
-0.617
-0.694
-0.782
-0.805
-0.758
-0.703
-0.717
-0.769
-0.758
-0.669
-0.581
-0.553
-0.56
-0.59
-0.653
-0.733
-0.826
-0.948
-1.062
-1.166
-1.218
-1.182
-1.154
-1.188
-1.209
-1.164
-1.073
-1.007
-0.991
-0.996
-1.028
-1.098
-1.12
-1.114
-1.22
-1.397
-1.474
-1.406
-1.313
-1.261
-1.291
-1.304
-1.236
-1.164
-1.22
-1.354
-1.436
-1.47
-1.463
-1.461
-1.49
-1.515
-1.479
-1.359
-1.191
-1.071
-1.084
-1.136
-1.105
-0.991
-0.948
-1.039
-1.173
-1.204
-1.182
-1.195
-1.216
-1.198
-1.152
-1.102
-0.998
-0.823
-0.687
-0.683
-0.728
-0.712
-0.637
-0.621
-0.735
-0.848
-0.826
-0.712
-0.667
-0.669
-0.646
-0.608
-0.551
-0.465
-0.383
-0.363
-0.39
-0.39
-0.318
-0.206
-0.175
-0.22
-0.227
-0.145
-0.066
-0.018
0.038
0.116
0.179
0.202
0.179
0.147
0.118
0.102
0.084
0.066
0.052
0.029
0.016
0.05
0.159
0.243
0.206
0.166
0.261
0.41
0.476
0.451
0.401
0.39
0.415
0.454
0.442
0.37
0.274
0.24
0.304
0.388
0.363
0.259
0.245
0.356
0.474
0.499
0.458
0.408
0.404
0.46
0.512
0.512
0.49
0.499
0.553
0.651
0.723
0.73
0.669
0.63
0.665
0.685
0.669
0.683
0.719
0.708
0.66
0.658
0.671
0.678
0.676
0.649
0.642
0.658
0.674
0.71
0.771
0.821
0.857
0.878
0.898
0.9
0.896
0.898
0.882
0.819
0.785
0.839
0.885
0.853
0.848
0.91
1.009
1.077
1.073
1.048
1.032
1.025
0.996
0.91
0.801
0.73
0.705
0.712
0.76
0.785
0.764
0.764
0.866
0.982
1.037
1.046
1.037
0.998
0.948
0.912
0.873
0.807
0.728
0.633
0.569
0.576
0.603
0.553
0.463
0.431
0.413
0.356
0.295
0.254
0.222
0.197
0.175
0.156
0.15
0.143
0.15
0.181
0.254
0.27
0.193
0.127
0.093
0.014
-0.122
-0.19
-0.172
-0.154
-0.209
-0.274
-0.256
-0.159
-0.125
-0.204
-0.256
-0.202
-0.093
-0.052
-0.054
-0.034
-0.038
-0.118
-0.193
-0.256
-0.32
-0.32
-0.265
-0.163
-0.02
0.143
0.313
0.463
0.553
0.542
0.426
0.331
0.302
0.218
0.032
-0.059
0.038
0.132
0.097
0.095
0.249
0.478
0.626
0.699
0.785
0.905
1.023
1.1
1.091
1.055
1.037
1.028
1.032
1.025
1.012
1.037
1.123
1.202
1.252
1.252
1.288
1.388
1.461
1.452
1.468
1.608
1.762
1.772
1.683
1.692
1.819
1.873
1.783
1.663
1.638
1.706
1.81
1.84
1.799
1.824
1.955
2.078
2.128
2.175
2.275
2.427
2.586
2.667
2.611
2.468
2.388
2.395
2.298
2.064
1.88
1.869
1.966
2.087
2.227
2.398
2.597
2.788
2.921
2.994
3.028
3.044
3.062
3.044
2.962
2.86
2.801
2.738
2.622
2.529
2.547
2.613
2.665
2.72
2.844
3.042
3.262
3.441
3.563
3.675
3.783
3.847
3.852
3.808
3.761
3.704
3.566
3.407
3.316
3.309
3.321
3.296
3.309
3.393
3.534
3.7
3.813
3.852
3.822
3.749
3.659
3.568
3.452
3.318
3.173
3.003
2.828
2.797
2.917
3.039
3.046
3.044
3.146
3.318
3.461
3.557
3.627
3.661
3.638
3.55
3.409
3.223
2.974
2.706
2.491
2.309
2.125
1.955
1.894
1.982
2.141
2.255
2.3
2.411
2.654
2.906
3.037
3.08
3.078
3.03
2.899
2.692
2.447
2.232
2.064
1.937
1.84
1.749
1.749
1.907
2.139
2.323
2.463
2.624
2.817
2.969
3.017
2.994
2.921
2.808
2.647
2.443
2.239
2.064
1.951
1.903
1.883
1.912
2.028
2.191
2.384
2.624
2.862
3.01
3.092
3.171
3.21
3.135
2.976
2.788
2.561
2.332
2.112
1.926
1.84
1.849
1.842
1.801
1.81
1.86
1.953
2.059
2.137
2.137
2.121
2.107
2.064
1.994
1.914
1.79
1.638
1.504
1.427
1.384
1.295
1.134
0.978
0.876
0.835
0.821
0.787
0.737
0.73
0.805
0.903
0.93
0.88
0.83
0.767
0.701
0.608
0.458
0.268
0.061
-0.154
-0.345
-0.481
-0.608
-0.73
-0.805
-0.832
-0.794
-0.692
-0.567
-0.499
-0.49
-0.46
-0.406
-0.415
-0.512
-0.635
-0.758
-0.903
-1.018
-1.086
-1.166
-1.259
-1.338
-1.395
-1.424
-1.443
-1.492
-1.592
-1.694
-1.762
-1.824
-1.892
-1.962
-2.019
-2.078
-2.132
-2.153
-2.137
-2.123
-2.118
-2.125
-2.103
-2.035
-1.96
-1.937
-1.976
-2.021
-2.05
-2.098
-2.177
-2.248
-2.318
-2.357
-2.336
-2.325
-2.341
-2.354
-2.359
-2.343
-2.311
-2.3
-2.275
-2.225
-2.2
-2.214
-2.234
-2.209
-2.171
-2.196
-2.266
-2.291
-2.259
-2.234
-2.232
-2.261
-2.273
-2.255
-2.225
-2.202
-2.155
-2.094
-2.01
-1.921
-1.867
-1.849
-1.849
-1.871
-1.944
-2.039
-2.139
-2.218
-2.277
-2.329
-2.379
-2.35
-2.243
-2.123
-2.028
-1.93
-1.803
-1.644
-1.468
-1.295
-1.148
-1.073
-1.057
-1.041
-1.057
-1.139
-1.241
-1.347
-1.468
-1.547
-1.538
-1.438
-1.268
-1.1
-0.98
-0.871
-0.733
-0.558
-0.372
-0.229
-0.116
-0.066
-0.048
-0.004
-0.016
-0.086
-0.156
-0.19
-0.206
-0.229
-0.236
-0.172
0.007
0.215
0.42
0.612
0.785
0.925
1.073
1.186
1.25
1.336
1.452
1.506
1.486
1.445
1.381
1.288
1.213
1.193
1.184
1.207
1.315
1.486
1.654
1.783
1.907
2.044
2.175
2.323
2.5
2.665
2.781
2.842
2.887
2.89
2.794
2.649
2.527
2.466
2.416
2.343
2.266
2.273
2.384
2.559
2.717
2.856
3.01
3.176
3.312
3.393
3.411
3.355
3.255
3.132
2.994
2.869
2.738
2.563
2.413
2.364
2.368
2.384
2.411
2.479
2.545
2.602
2.656
2.69
2.713
2.769
2.824
2.824
2.758
2.674
2.593
2.486
2.35
2.232
2.18
2.137
2.037
1.939
1.926
2.01
2.114
2.175
2.246
2.359
2.461
2.5
2.477
2.416
2.373
2.364
2.314
2.209
2.089
2.014
1.962
1.876
1.758
1.656
1.595
1.599
1.667
1.787
1.923
2.046
2.153
2.221
2.268
2.334
2.357
2.3
2.146
1.942
1.803
1.701
1.545
1.361
1.232
1.154
1.084
1.041
1.062
1.152
1.268
1.368
1.415
1.44
1.411
1.35
1.259
1.143
1.039
0.919
0.807
0.687
0.542
0.395
0.318
0.297
0.272
0.204
0.118
0.097
0.186
0.293
0.268
0.147
0.034
-0.027
-0.034
-0.041
-0.107
-0.19
-0.252
-0.345
-0.474
-0.64
-0.83
-0.993
-1.109
-1.232
-1.345
-1.35
-1.261
-1.186
-1.136
-1.107
-1.093
-1.071
-1.048
-1.08
-1.179
-1.281
-1.374
-1.504
-1.676
-1.86
-2.005
-2.069
-2.035
-2.001
-1.98
-1.966
-1.946
-1.905
-1.851
-1.821
-1.867
-1.942
-2.005
-2.041
-2.055
-2.048
-2.055
-2.059
-2.055
-2.023
-1.976
-1.923
-1.887
-1.851
-1.808
-1.758
-1.699
-1.672
-1.681
-1.747
-1.864
-1.901
-1.806
-1.685
-1.633
-1.651
-1.617
-1.486
-1.393
-1.454
-1.59
-1.658
-1.644
-1.579
-1.536
-1.622
-1.772
-1.833
-1.744
-1.615
-1.515
-1.508
-1.549
-1.556
-1.499
-1.474
-1.529
-1.62
-1.71
-1.808
-1.855
-1.792
-1.697
-1.66
-1.688
-1.685
-1.599
-1.542
-1.599
-1.735
-1.88
-2.053
-2.202
-2.28
-2.323
-2.384
-2.409
-2.334
-2.18
-2.023
-1.953
-1.923
-1.887
-1.824
-1.774
-1.79
-1.907
-2.071
-2.221
-2.354
-2.404
-2.391
-2.357
-2.339
-2.295
-2.187
-2.073
-2.019
-2.016
-2.059
-2.082
-2.064
-2.041
-2.019
-2.005
-1.991
-1.91
-1.787
-1.724
-1.74
-1.747
-1.692
-1.633
-1.629
-1.658
-1.688
-1.717
-1.708
-1.658
-1.585
-1.452
-1.291
-1.15
-1.043
-0.939
-0.821
-0.73
-0.726
-0.807
-0.919
-0.975
-1.018
-1.102
-1.177
-1.182
-1.068
-0.862
-0.671
-0.558
-0.492
-0.349
-0.134
0.023
0.045
-0.002
-0.057
-0.107
-0.136
-0.175
-0.206
-0.204
-0.172
-0.127
-0.068
-0.041
-0.05
-0.077
-0.097
-0.095
-0.07
-0.018
-0.016
-0.077
-0.07
0.05
0.2
0.306
0.338
0.304
0.32
0.372
0.379
0.284
0.15
0.077
0.027
-0.052
-0.079
-0.05
0.018
0.132
0.27
0.408
0.526
0.594
0.603
0.574
0.512
0.406
0.284
0.15
-0.048
-0.215
-0.211
-0.075
0.066
0.136
0.188
0.299
0.512
0.723
0.801
0.773
0.764
0.814
0.789
0.66
0.535
0.431
0.383
0.42
0.501
0.565
0.574
0.553
0.544
0.535
0.531
0.488
0.431
0.424
0.442
0.549
0.814
1.077
1.241
1.356
1.483
1.608
1.683
1.64
1.447
1.222
1.073
0.932
0.708
0.54
0.549
0.612
0.717
0.912
1.177
1.424
1.583
1.647
1.66
1.658
1.62
1.477
1.277
1.059
0.846
0.755
0.785
0.794
0.733
0.701
0.785
0.932
1.012
0.971
0.876
0.862
0.98
1.08
1.062
1.059
1.175
1.3
1.404
1.515
1.585
1.583
1.526
1.422
1.261
1.086
0.871
0.621
0.454
0.372
0.347
0.44
0.642
0.837
1.014
1.234
1.483
1.658
1.66
1.54
1.404
1.331
1.236
1.005
0.751
0.642
0.649
0.73
0.862
0.982
1.084
1.154
1.204
1.247
1.245
1.152
0.984
0.773
0.576
0.46
0.431
0.349
0.197
0.091
0.086
0.118
0.093
-0.011
-0.152
-0.213
-0.231
-0.336
-0.515
-0.699
-0.835
-0.832
-0.703
-0.581
-0.512
-0.438
-0.343
-0.288
-0.304
-0.435
-0.628
-0.86
-1.091
-1.234
-1.313
-1.39
-1.465
-1.499
-1.452
-1.329
-1.195
-1.064
-0.948
-0.876
-0.91
-1.023
-1.105
-1.229
-1.449
-1.631
-1.651
-1.551
-1.404
-1.266
-1.136
-0.955
-0.733
-0.524
-0.381
-0.356
-0.377
-0.333
-0.263
-0.243
-0.236
-0.211
-0.181
-0.107
0.018
0.129
0.204
0.277
0.313
0.333
0.354
0.284
0.172
0.147
0.19
0.281
0.44
0.651
0.903
1.134
1.359
1.626
1.846
1.896
1.867
1.815
1.692
1.531
1.379
1.272
1.211
1.179
1.2
1.32
1.522
1.631
1.563
1.513
1.545
1.52
1.388
1.227
1.052
0.894
0.796
0.735
0.696
0.685
0.708
0.792
0.887
0.991
1.105
1.127
1.043
0.987
0.978
0.953
0.869
0.817
0.848
0.964
1.098
1.145
1.118
1.12
1.109
1.052
0.987
0.869
0.655
0.415
0.213
0.061
-0.086
-0.249
-0.343
-0.345
-0.386
-0.401
-0.293
-0.181
-0.177
-0.265
-0.338
-0.352
-0.352
-0.444
-0.574
-0.565
-0.44
-0.381
-0.358
-0.302
-0.272
-0.274
-0.274
-0.308
-0.386
-0.526
-0.719
-0.896
-1
-1.052
-1.089
-1.152
-1.17
-1.048
-0.885
-0.812
-0.769
-0.717
-0.708
-0.746
-0.776
-0.789
-0.782
-0.787
-0.812
-0.753
-0.531
-0.29
-0.156
-0.041
0.113
0.263
0.331
0.329
0.261
0.127
-0.054
-0.143
-0.154
-0.249
-0.349
-0.286
-0.095
0.095
0.254
0.343
0.406
0.503
0.558
0.512
0.458
0.463
0.415
0.34
0.383
0.506
0.59
0.685
0.828
1.005
1.177
1.304
1.381
1.415
1.395
1.377
1.386
1.388
1.42
1.472
1.477
1.492
1.59
1.692
1.697
1.635
1.57
1.52
1.436
1.311
1.148
0.937
0.755
0.678
0.692
0.767
0.878
0.969
1.098
1.247
1.336
1.343
1.293
1.188
1.064
0.941
0.848
0.751
0.592
0.469
0.508
0.59
0.615
0.596
0.556
0.528
0.556
0.574
0.512
0.358
0.202
0.107
0.036
-0.102
-0.229
-0.236
-0.213
-0.218
-0.188
-0.095
0.025
0.141
0.202
0.202
0.186
0.202
0.218
0.172
0.118
0.113
0.097
0.084
0.156
0.24
0.229
0.202
0.236
0.295
0.284
0.204
0.15
0.17
0.243
0.331
0.406
0.463
0.519
0.655
0.801
0.848
0.839
0.844
0.86
0.869
0.864
0.821
0.787
0.832
0.93
1.003
1.093
1.268
1.449
1.538
1.604
1.694
1.738
1.724
1.665
1.604
1.585
1.592
1.61
1.629
1.656
1.744
1.901
2.044
2.118
2.146
2.159
2.125
2.116
2.148
2.173
2.173
2.184
2.248
2.307
2.311
2.302
2.275
2.225
2.173
2.107
2.019
1.969
1.957
1.928
1.907
1.939
1.96
1.903
1.86
1.88
1.914
1.876
1.796
1.74
1.694
1.633
1.581
1.54
1.449
1.318
1.227
1.216
1.241
1.211
1.093
0.982
0.941
0.914
0.817
0.667
0.556
0.508
0.422
0.331
0.306
0.315
0.318
0.297
0.27
0.213
0.125
0.043
-0.032
-0.095
-0.168
-0.211
-0.213
-0.222
-0.277
-0.32
-0.37
-0.46
-0.565
-0.644
-0.737
-0.821
-0.876
-0.925
-0.987
-1.039
-1.105
-1.202
-1.263
-1.218
-1.123
-1.075
-1.084
-1.086
-1.03
-0.925
-0.848
-0.848
-0.885
-0.891
-0.855
-0.839
-0.823
-0.787
-0.744
-0.721
-0.689
-0.644
-0.621
-0.646
-0.662
-0.603
-0.492
-0.449
-0.474
-0.494
-0.44
-0.322
-0.211
-0.177
-0.213
-0.209
-0.138
-0.041
0.061
0.12
0.141
0.136
0.125
0.107
0.088
0.077
0.073
0.084
0.107
0.159
0.227
0.313
0.361
0.39
0.406
0.365
0.281
0.218
0.161
0.1
0.048
0.018
0.002
0.009
0.077
0.172
0.249
0.293
0.29
0.259
0.211
0.168
0.109
0.036
-0.043
-0.152
-0.234
-0.236
-0.193
-0.159
-0.134
-0.095
-0.027
-0.002
-0.043
-0.097
-0.141
-0.19
-0.29
-0.413
-0.478
-0.49
-0.456
-0.438
-0.456
-0.488
-0.54
-0.587
-0.674
-0.807
-0.928
-0.987
-0.975
-0.978
-0.991
-0.982
-0.925
-0.857
-0.794
-0.773
-0.792
-0.839
-0.896
-0.939
-0.975
-1.005
-1.032
-1.059
-1.086
-1.077
-1.03
-1.007
-1.03
-1.028
-0.966
-0.903
-0.898
-0.966
-1.018
-0.944
-0.823
-0.785
-0.821
-0.832
-0.726
-0.587
-0.506
-0.519
-0.537
-0.54
-0.533
-0.515
-0.499
-0.506
-0.528
-0.51
-0.392
-0.247
-0.154
-0.084
0
0.068
0.1
0.082
0.016
-0.05
-0.048
-0.007
-0.011
-0.023
0.007
0.102
0.238
0.329
0.365
0.381
0.406
0.483
0.567
0.608
0.612
0.633
0.662
0.66
0.633
0.587
0.54
0.508
0.494
0.469
0.44
0.417
0.431
0.485
0.542
0.553
0.51
0.433
0.374
0.395
0.438
0.454
0.438
0.467
0.537
0.576
0.517
0.408
0.377
0.377
0.315
0.193
0.041
-0.118
-0.225
-0.268
-0.324
-0.39
-0.442
-0.46
-0.395
-0.288
-0.229
-0.229
-0.231
-0.209
-0.218
-0.295
-0.413
-0.531
-0.624
-0.685
-0.708
-0.71
-0.696
-0.601
-0.435
-0.324
-0.297
-0.322
-0.352
-0.39
-0.506
-0.665
-0.821
-0.932
-0.969
-0.975
-0.953
-0.894
-0.796
-0.694
-0.603
-0.549
-0.544
-0.571
-0.585
-0.594
-0.599
-0.576
-0.528
-0.449
-0.336
-0.263
-0.225
-0.206
-0.2
-0.204
-0.238
-0.299
-0.395
-0.492
-0.537
-0.533
-0.526
-0.51
-0.49
-0.449
-0.361
-0.259
-0.179
-0.111
-0.043
0.007
0.032
0.048
0.032
-0.014
-0.068
-0.082
-0.086
-0.068
-0.011
0.041
0.05
0.073
0.088
0.054
0.004
-0.018
-0.032
-0.032
-0.007
0.032
0.045
0.054
0.097
0.141
0.168
0.152
0.134
0.19
0.27
0.295
0.318
0.358
0.374
0.367
0.392
0.408
0.356
0.265
0.179
0.172
0.256
0.34
0.343
0.299
0.327
0.447
0.531
0.517
0.492
0.526
0.615
0.685
0.703
0.669
0.63
0.635
0.665
0.655
0.603
0.549
0.56
0.599
0.59
0.54
0.485
0.42
0.399
0.447
0.485
0.478
0.449
0.451
0.49
0.499
0.426
0.324
0.236
0.202
0.238
0.22
0.097
-0.027
-0.023
0.05
0.097
0.129
0.129
0.125
0.111
0.061
-0.023
-0.113
-0.238
-0.347
-0.388
-0.388
-0.435
-0.485
-0.485
-0.444
-0.399
-0.41
-0.463
-0.503
-0.531
-0.56
-0.59
-0.617
-0.626
-0.578
-0.499
-0.426
-0.352
-0.302
-0.34
-0.442
-0.517
-0.553
-0.592
-0.687
-0.767
-0.769
-0.758
-0.773
-0.778
-0.71
-0.64
-0.601
-0.54
-0.476
-0.515
-0.619
-0.674
-0.699
-0.762
-0.862
-0.919
-0.919
-0.9
-0.869
-0.837
-0.787
-0.717
-0.633
-0.558
-0.567
-0.583
-0.587
-0.649
-0.755
-0.778
-0.721
-0.676
-0.646
-0.612
-0.567
-0.556
-0.592
-0.64
-0.667
-0.73
-0.826
-0.866
-0.857
-0.882
-0.864
-0.744
-0.599
-0.494
-0.42
-0.352
-0.315
-0.304
-0.313
-0.381
-0.485
-0.537
-0.503
-0.494
-0.56
-0.61
-0.592
-0.594
-0.619
-0.581
-0.526
-0.508
-0.449
-0.308
-0.172
-0.082
-0.023
0.023
0.057
0.05
-0.036
-0.17
-0.288
-0.374
-0.433
-0.404
-0.322
-0.295
-0.329
-0.372
-0.349
-0.227
-0.1
-0.097
-0.204
-0.249
-0.132
0.02
-0.004
-0.152
-0.215
-0.156
-0.093
-0.082
-0.17
-0.306
-0.349
-0.288
-0.243
-0.324
-0.449
-0.506
-0.454
-0.388
-0.424
-0.481
-0.431
-0.284
-0.152
-0.113
-0.19
-0.288
-0.286
-0.231
-0.265
-0.381
-0.429
-0.352
-0.211
-0.122
-0.084
-0.079
-0.059
0.057
0.222
0.24
0.113
0.038
0.077
0.111
0.068
-0.029
-0.1
-0.063
0.041
0.088
0.02
-0.059
-0.057
0.075
0.261
0.333
0.299
0.315
0.41
0.456
0.451
0.415
0.374
0.361
0.352
0.333
0.247
0.15
0.095
0.082
0.02
-0.034
0.016
0.122
0.166
0.179
0.22
0.229
0.195
0.168
0.156
0.132
0.061
-0.059
-0.156
-0.231
-0.299
-0.293
-0.188
-0.109
-0.129
-0.145
-0.138
-0.161
-0.19
-0.193
-0.229
-0.286
-0.333
-0.352
-0.347
-0.331
-0.284
-0.256
-0.295
-0.363
-0.361
-0.343
-0.44
-0.574
-0.63
-0.637
-0.628
-0.596
-0.526
-0.435
-0.37
-0.333
-0.338
-0.397
-0.474
-0.499
-0.429
-0.444
-0.606
-0.717
-0.689
-0.635
-0.612
-0.615
-0.626
-0.581
-0.472
-0.383
-0.358
-0.363
-0.34
-0.284
-0.247
-0.29
-0.377
-0.399
-0.338
-0.324
-0.397
-0.456
-0.463
-0.422
-0.356
-0.318
-0.306
-0.279
-0.252
-0.229
-0.249
-0.265
-0.259
-0.238
-0.286
-0.381
-0.395
-0.358
-0.343
-0.32
-0.261
-0.186
-0.102
0.014
0.145
0.211
0.234
0.231
0.206
0.161
0.097
0.063
0.036
0.016
0.002
-0.002
0.016
0.07
0.102
0.027
-0.054
-0.048
0.004
-0.011
-0.082
-0.127
-0.082
-0.014
0.018
0.07
0.15
0.19
0.181
0.122
0.034
-0.032
-0.082
-0.172
-0.302
-0.413
-0.485
-0.531
-0.592
-0.658
-0.667
-0.583
-0.474
-0.435
-0.449
-0.442
-0.422
-0.424
-0.438
-0.515
-0.637
-0.703
-0.685
-0.671
-0.767
-0.928
-1.018
-1.037
-1.043
-1.023
-1.016
-1.016
-0.978
-0.937
-0.923
-0.928
-0.919
-0.907
-0.937
-1.05
-1.141
-1.134
-1.159
-1.281
-1.409
-1.42
-1.345
-1.306
-1.329
-1.343
-1.277
-1.182
-1.1
-1.096
-1.15
-1.193
-1.191
-1.198
-1.245
-1.37
-1.504
-1.556
-1.497
-1.42
-1.422
-1.454
-1.458
-1.452
-1.458
-1.472
-1.508
-1.517
-1.488
-1.481
-1.508
-1.511
-1.49
-1.522
-1.629
-1.733
-1.708
-1.647
-1.665
-1.699
-1.64
-1.556
-1.515
-1.499
-1.483
-1.477
-1.499
-1.536
-1.581
-1.64
-1.703
-1.744
-1.74
-1.71
-1.688
-1.722
-1.76
-1.738
-1.683
-1.663
-1.699
-1.706
-1.635
-1.54
-1.502
-1.549
-1.622
-1.654
-1.672
-1.706
-1.776
-1.876
-1.944
-1.957
-1.987
-2.041
-2.064
-2.05
-2.055
-2.03
-1.953
-1.883
-1.796
-1.699
-1.66
-1.674
-1.667
-1.663
-1.71
-1.812
-1.921
-2.007
-2.041
-2.014
-2.019
-2.03
-1.964
-1.821
-1.713
-1.674
-1.656
-1.617
-1.563
-1.531
-1.536
-1.588
-1.633
-1.642
-1.631
-1.638
-1.699
-1.742
-1.747
-1.71
-1.679
-1.667
-1.656
-1.649
-1.64
-1.588
-1.545
-1.54
-1.52
-1.456
-1.361
-1.27
-1.229
-1.234
-1.243
-1.272
-1.311
-1.356
-1.427
-1.511
-1.567
-1.556
-1.481
-1.411
-1.347
-1.266
-1.188
-1.091
-0.982
-0.921
-0.941
-0.998
-1.012
-1
-1.018
-1.057
-1.075
-1.082
-1.057
-0.996
-0.93
-0.876
-0.846
-0.839
-0.776
-0.658
-0.606
-0.615
-0.628
-0.617
-0.574
-0.558
-0.628
-0.719
-0.733
-0.723
-0.737
-0.778
-0.782
-0.742
-0.692
-0.617
-0.535
-0.49
-0.458
-0.458
-0.463
-0.426
-0.415
-0.463
-0.537
-0.619
-0.649
-0.621
-0.624
-0.674
-0.703
-0.667
-0.592
-0.535
-0.515
-0.497
-0.435
-0.381
-0.338
-0.295
-0.268
-0.236
-0.175
-0.172
-0.234
-0.281
-0.304
-0.352
-0.444
-0.54
-0.581
-0.565
-0.519
-0.481
-0.415
-0.27
-0.091
0.041
0.091
0.086
0.132
0.197
0.19
0.077
-0.061
-0.156
-0.181
-0.211
-0.295
-0.41
-0.456
-0.438
-0.404
-0.365
-0.333
-0.268
-0.12
0.05
0.197
0.313
0.34
0.313
0.302
0.302
0.252
0.143
-0.027
-0.186
-0.27
-0.29
-0.304
-0.32
-0.304
-0.229
-0.138
0.004
0.152
0.245
0.274
0.268
0.259
0.272
0.209
0.043
-0.136
-0.279
-0.41
-0.519
-0.59
-0.644
-0.683
-0.669
-0.603
-0.526
-0.472
-0.431
-0.377
-0.311
-0.252
-0.209
-0.22
-0.311
-0.431
-0.558
-0.674
-0.785
-0.928
-1.064
-1.152
-1.148
-1.114
-1.096
-1.071
-1.034
-0.996
-0.914
-0.817
-0.71
-0.615
-0.556
-0.533
-0.549
-0.626
-0.755
-0.912
-1.093
-1.236
-1.359
-1.458
-1.486
-1.429
-1.306
-1.177
-1.034
-0.891
-0.792
-0.692
-0.583
-0.553
-0.574
-0.637
-0.748
-0.844
-0.928
-1.034
-1.177
-1.304
-1.393
-1.427
-1.409
-1.352
-1.272
-1.148
-0.987
-0.835
-0.726
-0.633
-0.54
-0.488
-0.537
-0.603
-0.649
-0.78
-1
-1.191
-1.347
-1.508
-1.633
-1.654
-1.604
-1.513
-1.402
-1.295
-1.17
-0.989
-0.828
-0.737
-0.674
-0.653
-0.687
-0.773
-0.896
-1.046
-1.211
-1.377
-1.508
-1.61
-1.676
-1.713
-1.71
-1.654
-1.567
-1.443
-1.284
-1.107
-0.939
-0.823
-0.755
-0.699
-0.712
-0.794
-0.896
-1.048
-1.211
-1.35
-1.477
-1.617
-1.726
-1.738
-1.649
-1.506
-1.372
-1.232
-1.073
-0.887
-0.728
-0.658
-0.646
-0.63
-0.612
-0.655
-0.748
-0.844
-0.939
-1.052
-1.166
-1.232
-1.238
-1.213
-1.164
-1.096
-0.989
-0.801
-0.578
-0.442
-0.41
-0.347
-0.234
-0.181
-0.265
-0.395
-0.524
-0.676
-0.817
-0.923
-1
-1.082
-1.15
-1.145
-1.034
-0.914
-0.807
-0.694
-0.576
-0.454
-0.352
-0.324
-0.354
-0.438
-0.576
-0.76
-0.937
-1.077
-1.202
-1.336
-1.461
-1.506
-1.44
-1.329
-1.25
-1.191
-1.082
-0.919
-0.789
-0.796
-0.855
-0.866
-0.898
-0.978
-1.105
-1.268
-1.456
-1.649
-1.81
-1.903
-1.98
-2.071
-2.103
-2.064
-1.966
-1.824
-1.669
-1.522
-1.399
-1.297
-1.213
-1.193
-1.279
-1.424
-1.579
-1.719
-1.864
-2.028
-2.173
-2.248
-2.261
-2.236
-2.157
-1.998
-1.819
-1.674
-1.511
-1.318
-1.168
-1.116
-1.12
-1.125
-1.132
-1.17
-1.243
-1.336
-1.504
-1.722
-1.844
-1.858
-1.869
-1.883
-1.853
-1.726
-1.495
-1.198
-0.973
-0.851
-0.762
-0.624
-0.49
-0.451
-0.524
-0.66
-0.828
-0.975
-1.12
-1.279
-1.404
-1.461
-1.474
-1.447
-1.35
-1.186
-1.012
-0.862
-0.71
-0.54
-0.386
-0.297
-0.288
-0.354
-0.444
-0.547
-0.633
-0.76
-0.98
-1.204
-1.309
-1.315
-1.295
-1.27
-1.222
-1.093
-0.871
-0.624
-0.429
-0.284
-0.143
-0.016
0.084
0.152
0.111
-0.077
-0.299
-0.474
-0.646
-0.817
-0.932
-1.012
-1.059
-1.023
-0.894
-0.687
-0.447
-0.218
-0.05
0.088
0.2
0.297
0.34
0.261
0.116
0.023
-0.023
-0.113
-0.311
-0.556
-0.737
-0.803
-0.787
-0.753
-0.687
-0.562
-0.343
-0.048
0.238
0.474
0.608
0.66
0.71
0.742
0.617
0.379
0.12
-0.134
-0.386
-0.571
-0.649
-0.719
-0.769
-0.714
-0.503
-0.215
0.07
0.331
0.56
0.717
0.805
0.898
0.957
0.885
0.739
0.635
0.515
0.338
0.111
-0.132
-0.32
-0.397
-0.345
-0.24
-0.057
0.247
0.587
0.855
1.109
1.39
1.595
1.692
1.708
1.635
1.495
1.336
1.168
0.95
0.719
0.544
0.474
0.447
0.444
0.549
0.771
1.018
1.284
1.62
1.944
2.137
2.202
2.216
2.182
2.078
1.932
1.774
1.608
1.472
1.336
1.211
1.182
1.236
1.252
1.266
1.39
1.615
1.83
1.991
2.107
2.184
2.239
2.271
2.236
2.089
1.896
1.74
1.629
1.49
1.34
1.266
1.302
1.361
1.388
1.461
1.57
1.703
1.878
2.025
2.087
2.103
2.1
2.073
2.021
1.919
1.772
1.649
1.62
1.622
1.529
1.456
1.495
1.567
1.606
1.715
1.871
2.028
2.123
2.182
2.225
2.261
2.282
2.293
2.271
2.157
2.03
1.955
1.883
1.742
1.674
1.753
1.869
1.966
2.066
2.18
2.3
2.411
2.497
2.579
2.631
2.663
2.649
2.649
2.667
2.604
2.506
2.482
2.529
2.545
2.561
2.599
2.636
2.656
2.654
2.663
2.704
2.747
2.747
2.74
2.745
2.776
2.86
2.958
2.924
2.81
2.817
2.894
2.931
2.91
2.885
2.89
2.919
2.974
3.051
3.108
3.132
3.162
3.241
3.375
3.395
3.298
3.201
3.16
3.139
3.137
3.123
3.074
3.015
2.99
2.992
3.012
3.019
3.021
3.042
3.083
3.123
3.185
3.253
3.262
3.212
3.21
3.264
3.316
3.316
3.246
3.103
2.958
2.881
2.838
2.733
2.613
2.547
2.606
2.772
2.901
2.924
2.935
3.024
3.146
3.23
3.257
3.212
3.157
3.139
3.105
3.008
2.881
2.772
2.722
2.71
2.663
2.608
2.606
2.615
2.577
2.604
2.722
2.808
2.833
2.862
2.899
2.924
2.958
3.003
3.028
3.019
2.98
2.962
3.008
3.08
3.053
2.978
2.992
3.049
3.092
3.098
3.058
3.015
3.051
3.101
3.049
2.91
2.826
2.835
2.86
2.862
2.838
2.851
2.912
2.958
2.996
3.062
3.083
3.064
3.098
3.182
3.259
3.269
3.221
3.191
3.191
3.167
3.092
3.039
2.999
2.89
2.785
2.81
2.851
2.781
2.729
2.813
2.962
3.08
3.151
3.18
3.201
3.221
3.228
3.189
3.058
2.908
2.842
2.838
2.806
2.785
2.808
2.81
2.783
2.808
2.915
3.037
3.11
3.108
3.08
3.096
3.135
3.11
3.058
3.071
3.062
2.976
2.96
2.999
2.931
2.808
2.785
2.858
2.924
2.921
2.876
2.844
2.84
2.867
2.876
2.853
2.833
2.862
2.933
2.935
2.849
2.779
2.738
2.661
2.595
2.593
2.631
2.654
2.649
2.654
2.667
2.697
2.701
2.686
2.69
2.697
2.692
2.738
2.785
2.772
2.72
2.688
2.69
2.704
2.681
2.615
2.538
2.436
2.336
2.252
2.198
2.189
2.175
2.175
2.305
2.488
2.59
2.602
2.631
2.717
2.817
2.872
2.835
2.72
2.629
2.613
2.627
2.543
2.361
2.266
2.284
2.32
2.348
2.375
2.391
2.425
2.502
2.647
2.794
2.892
2.942
2.958
2.949
2.971
2.96
2.853
2.733
2.676
2.654
2.645
2.649
2.629
2.574
2.57
2.654
2.799
2.917
2.996
3.089
3.203
3.289
3.307
3.235
3.083
2.949
2.906
2.903
2.853
2.797
2.81
2.862
2.892
2.903
2.926
2.949
3.026
3.074
3.071
3.126
3.259
3.332
3.325
3.296
3.264
3.25
3.198
3.092
2.992
2.946
2.962
3.049
3.132
3.173
3.244
3.4
3.534
3.536
3.466
3.402
3.366
3.352
3.346
3.327
3.291
3.239
3.173
3.128
3.117
3.069
2.971
2.917
2.99
3.105
3.144
3.103
3.005
2.926
2.944
3.015
3.033
2.958
2.887
2.917
3.012
3.046
2.976
2.903
2.853
2.794
2.763
2.756
2.738
2.69
2.581
2.468
2.411
2.404
2.388
2.311
2.221
2.173
2.155
2.171
2.209
2.232
2.207
2.209
2.257
2.286
2.221
2.134
2.089
2.105
2.103
2.08
2.053
2.019
1.948
1.876
1.842
1.817
1.803
1.803
1.801
1.81
1.835
1.887
1.905
1.84
1.738
1.654
1.622
1.631
1.565
1.47
1.447
1.551
1.674
1.69
1.622
1.565
1.585
1.647
1.629
1.497
1.343
1.315
1.388
1.377
1.227
1.116
1.109
1.118
1.118
1.1
1.082
1.105
1.161
1.182
1.136
1.123
1.17
1.182
1.05
0.876
0.767
0.717
0.717
0.674
0.576
0.497
0.512
0.567
0.59
0.578
0.599
0.685
0.751
0.789
0.83
0.832
0.76
0.694
0.655
0.606
0.537
0.474
0.429
0.404
0.438
0.494
0.485
0.406
0.338
0.306
0.324
0.431
0.537
0.562
0.594
0.726
0.914
1.003
0.885
0.649
0.506
0.551
0.621
0.567
0.438
0.44
0.594
0.694
0.662
0.606
0.63
0.649
0.583
0.476
0.406
0.406
0.46
0.469
0.386
0.308
0.297
0.322
0.243
0.102
0.07
0.19
0.329
0.39
0.381
0.361
0.383
0.395
0.308
0.138
0.068
0.129
0.177
0.093
-0.011
-0.045
-0.045
-0.045
-0.059
-0.082
-0.061
0.032
0.104
0.063
-0.045
-0.138
-0.222
-0.322
-0.44
-0.49
-0.451
-0.386
-0.372
-0.372
-0.297
-0.197
-0.145
-0.17
-0.22
-0.247
-0.247
-0.211
-0.168
-0.17
-0.225
-0.297
-0.322
-0.311
-0.333
-0.399
-0.433
-0.449
-0.456
-0.483
-0.503
-0.497
-0.476
-0.444
-0.424
-0.444
-0.463
-0.442
-0.415
-0.408
-0.442
-0.474
-0.49
-0.49
-0.501
-0.537
-0.576
-0.619
-0.637
-0.619
-0.61
-0.621
-0.615
-0.594
-0.556
-0.526
-0.544
-0.621
-0.728
-0.817
-0.86
-0.894
-0.959
-1.028
-1.05
-1.037
-1.059
-1.105
-1.107
-1.08
-1.064
-1.059
-1.059
-1.043
-0.996
-0.959
-0.975
-1.048
-1.118
-1.145
-1.145
-1.175
-1.238
-1.291
-1.306
-1.32
-1.32
-1.297
-1.311
-1.331
-1.286
-1.218
-1.22
-1.277
-1.277
-1.256
-1.27
-1.315
-1.37
-1.433
-1.511
-1.579
-1.608
-1.574
-1.522
-1.515
-1.522
-1.495
-1.427
-1.336
-1.27
-1.261
-1.245
-1.227
-1.204
-1.179
-1.209
-1.356
-1.524
-1.579
-1.515
-1.481
-1.515
-1.54
-1.531
-1.504
-1.508
-1.551
-1.585
-1.536
-1.468
-1.472
-1.508
-1.529
-1.511
-1.479
-1.474
-1.511
-1.536
-1.49
-1.418
-1.411
-1.433
-1.418
-1.372
-1.356
-1.443
-1.585
-1.683
-1.681
-1.663
-1.717
-1.756
-1.71
-1.622
-1.524
-1.477
-1.504
-1.526
-1.504
-1.502
-1.57
-1.633
-1.674
-1.744
-1.851
-1.942
-1.935
-1.851
-1.79
-1.79
-1.756
-1.633
-1.502
-1.486
-1.583
-1.731
-1.842
-1.873
-1.885
-1.944
-2.025
-2.057
-2.012
-1.898
-1.826
-1.862
-1.971
-2.075
-2.155
-2.216
-2.264
-2.348
-2.402
-2.382
-2.339
-2.327
-2.314
-2.293
-2.268
-2.214
-2.155
-2.134
-2.171
-2.239
-2.334
-2.425
-2.479
-2.506
-2.588
-2.701
-2.783
-2.826
-2.817
-2.74
-2.663
-2.631
-2.588
-2.504
-2.461
-2.529
-2.617
-2.676
-2.708
-2.656
-2.579
-2.57
-2.649
-2.692
-2.649
-2.57
-2.527
-2.538
-2.588
-2.642
-2.665
-2.683
-2.779
-2.919
-3.033
-3.103
-3.11
-3.021
-2.915
-2.876
-2.815
-2.665
-2.522
-2.432
-2.409
-2.472
-2.606
-2.758
-2.89
-2.96
-2.994
-3.026
-3.035
-3.019
-2.98
-2.933
-2.892
-2.928
-3.019
-3.049
-3.005
-2.99
-3.039
-3.089
-3.117
-3.119
-3.119
-3.101
-3.101
-3.139
-3.178
-3.207
-3.226
-3.232
-3.262
-3.348
-3.418
-3.402
-3.386
-3.436
-3.486
-3.452
-3.334
-3.176
-3.044
-3.001
-3.021
-3.044
-3.055
-3.103
-3.223
-3.407
-3.545
-3.616
-3.65
-3.647
-3.595
-3.541
-3.464
-3.332
-3.194
-3.094
-3.046
-3.064
-3.137
-3.219
-3.28
-3.357
-3.473
-3.543
-3.509
-3.457
-3.414
-3.332
-3.244
-3.185
-3.153
-3.144
-3.13
-3.144
-3.216
-3.33
-3.418
-3.448
-3.416
-3.373
-3.382
-3.459
-3.493
-3.425
-3.393
-3.502
-3.67
-3.786
-3.822
-3.781
-3.736
-3.724
-3.69
-3.65
-3.591
-3.495
-3.4
-3.425
-3.548
-3.656
-3.643
-3.656
-3.799
-3.96
-4.058
-4.151
-4.235
-4.257
-4.192
-4.101
-4.01
-3.915
-3.811
-3.697
-3.609
-3.582
-3.622
-3.729
-3.847
-3.899
-3.96
-4.103
-4.239
-4.276
-4.196
-4.06
-3.963
-3.913
-3.858
-3.772
-3.679
-3.645
-3.663
-3.706
-3.788
-3.874
-3.879
-3.824
-3.799
-3.788
-3.704
-3.563
-3.434
-3.373
-3.393
-3.479
-3.607
-3.734
-3.84
-3.945
-4.056
-4.087
-4.013
-3.892
-3.772
-3.604
-3.389
-3.271
-3.255
-3.241
-3.221
-3.273
-3.4
-3.557
-3.688
-3.783
-3.836
-3.87
-3.895
-3.904
-3.879
-3.786
-3.62
-3.482
-3.473
-3.534
-3.543
-3.52
-3.57
-3.681
-3.761
-3.783
-3.763
-3.72
-3.709
-3.743
-3.734
-3.684
-3.665
-3.711
-3.822
-3.931
-3.945
-3.935
-3.988
-4.017
-3.965
-3.863
-3.781
-3.693
-3.563
-3.452
-3.427
-3.507
-3.668
-3.813
-3.929
-4.09
-4.298
-4.441
-4.489
-4.441
-4.298
-4.13
-4.01
-3.886
-3.679
-3.468
-3.4
-3.507
-3.704
-3.865
-3.972
-4.074
-4.214
-4.344
-4.355
-4.303
-4.257
-4.171
-4.028
-3.883
-3.756
-3.65
-3.552
-3.486
-3.484
-3.561
-3.672
-3.752
-3.82
-3.906
-3.981
-4.065
-4.164
-4.203
-4.164
-4.085
-4.042
-4.022
-3.963
-3.822
-3.675
-3.557
-3.461
-3.491
-3.57
-3.552
-3.475
-3.495
-3.622
-3.765
-3.842
-3.867
-3.904
-4.024
-4.128
-4.108
-4.046
-3.976
-3.881
-3.845
-3.833
-3.756
-3.622
-3.541
-3.516
-3.527
-3.548
-3.591
-3.668
-3.74
-3.827
-3.979
-4.074
-4.024
-3.942
-3.824
-3.645
-3.459
-3.305
-3.178
-3.148
-3.198
-3.201
-3.237
-3.395
-3.561
-3.616
-3.627
-3.684
-3.727
-3.675
-3.527
-3.348
-3.18
-3.044
-2.951
-2.842
-2.672
-2.649
-2.808
-2.935
-2.931
-2.897
-2.91
-2.935
-2.94
-2.937
-2.944
-2.967
-2.974
-2.912
-2.869
-2.86
-2.838
-2.788
-2.686
-2.588
-2.552
-2.54
-2.497
-2.459
-2.438
-2.461
-2.534
-2.611
-2.656
-2.726
-2.819
-2.883
-2.885
-2.801
-2.672
-2.538
-2.4
-2.241
-2.109
-2.059
-2.037
-2.005
-2.055
-2.166
-2.291
-2.463
-2.636
-2.724
-2.772
-2.813
-2.842
-2.808
-2.667
-2.482
-2.334
-2.2
-2.13
-2.13
-2.105
-2.066
-2.125
-2.23
-2.293
-2.307
-2.316
-2.366
-2.459
-2.525
-2.463
-2.345
-2.293
-2.282
-2.259
-2.2
-2.078
-1.978
-1.966
-1.994
-1.996
-1.976
-1.948
-1.969
-2.016
-2.041
-2.075
-2.121
-2.107
-2.048
-2.001
-1.978
-1.951
-1.901
-1.853
-1.819
-1.812
-1.792
-1.71
-1.606
-1.524
-1.463
-1.429
-1.404
-1.377
-1.35
-1.343
-1.354
-1.365
-1.404
-1.463
-1.479
-1.384
-1.243
-1.202
-1.238
-1.245
-1.17
-1.043
-0.964
-0.991
-1.077
-1.159
-1.238
-1.331
-1.404
-1.449
-1.456
-1.39
-1.279
-1.157
-1.025
-0.912
-0.844
-0.828
-0.844
-0.853
-0.862
-0.921
-0.993
-1.037
-1.073
-1.089
-1.052
-1.021
-1.03
-1.005
-0.944
-0.923
-0.937
-0.975
-1.059
-1.127
-1.096
-1.048
-1.055
-1.057
-1.007
-0.91
-0.798
-0.708
-0.637
-0.578
-0.54
-0.508
-0.485
-0.456
-0.395
-0.358
-0.386
-0.438
-0.447
-0.41
-0.365
-0.356
-0.363
-0.347
-0.329
-0.352
-0.41
-0.42
-0.354
-0.274
-0.19
-0.082
0.016
0.086
0.15
0.2
0.236
0.277
0.288
0.245
0.195
0.225
0.29
0.306
0.277
0.281
0.329
0.399
0.444
0.444
0.41
0.395
0.408
0.415
0.408
0.41
0.447
0.501
0.54
0.567
0.574
0.549
0.54
0.544
0.551
0.531
0.503
0.522
0.553
0.569
0.59
0.649
0.687
0.667
0.635
0.658
0.712
0.719
0.655
0.606
0.66
0.739
0.748
0.733
0.721
0.703
0.687
0.676
0.653
0.626
0.619
0.667
0.739
0.794
0.83
0.88
0.939
0.996
1.048
1.08
1.068
1.057
1.075
1.127
1.154
1.134
1.143
1.179
1.198
1.229
1.295
1.368
1.411
1.44
1.47
1.506
1.579
1.64
1.69
1.762
1.846
1.907
1.964
2.012
2.057
2.089
2.109
2.107
2.094
2.075
2.071
2.078
2.084
2.103
2.148
2.227
2.307
2.368
2.386
2.366
2.345
2.35
2.373
2.384
2.361
2.373
2.404
2.427
2.445
2.477
2.534
2.593
2.651
2.679
2.663
2.604
2.538
2.516
2.536
2.527
2.477
2.475
2.516
2.545
2.577
2.599
2.611
2.633
2.663
2.679
2.692
2.708
2.738
2.781
2.828
2.874
2.881
2.835
2.774
2.74
2.708
2.658
2.574
2.497
2.468
2.488
2.497
2.475
2.445
2.443
2.493
2.574
2.658
2.697
2.71
2.71
2.733
2.769
2.776
2.765
2.792
2.831
2.869
2.928
2.96
2.951
2.921
2.931
2.949
2.919
2.842
2.824
2.903
2.956
2.942
2.912
2.91
2.912
2.956
3.012
3.044
3.096
3.178
3.264
3.318
3.334
3.375
3.434
3.486
3.541
3.552
3.502
3.498
3.572
3.643
3.684
3.72
3.718
3.675
3.656
3.679
3.7
3.675
3.62
3.579
3.557
3.563
3.572
3.502
3.395
3.35
3.393
3.416
3.414
3.416
3.441
3.468
3.491
3.491
3.459
3.405
3.377
3.386
3.366
3.262
3.135
3.08
3.087
3.108
3.087
2.99
2.894
2.853
2.819
2.751
2.713
2.674
2.631
2.581
2.527
2.504
2.488
2.475
2.502
2.516
2.429
2.289
2.168
2.078
2.007
1.964
1.939
1.912
1.894
1.921
1.971
1.996
1.978
1.919
1.824
1.717
1.644
1.567
1.474
1.395
1.327
1.306
1.331
1.431
1.583
1.713
1.783
1.844
1.923
1.978
1.985
1.978
1.923
1.815
1.726
1.69
1.683
1.694
1.717
1.71
1.699
1.744
1.787
1.801
1.828
1.901
1.996
2.118
2.225
2.255
2.273
2.323
2.395
2.447
2.457
2.445
2.42
2.436
2.47
2.484
2.459
2.495
2.615
2.715
2.792
2.926
3.071
3.178
3.219
3.214
3.173
3.087
2.969
2.833
2.731
2.658
2.613
2.649
2.772
2.887
2.965
3.046
3.18
3.343
3.507
3.656
3.774
3.865
3.938
3.945
3.838
3.688
3.604
3.545
3.436
3.307
3.198
3.16
3.162
3.171
3.262
3.418
3.563
3.686
3.827
3.954
3.994
4.015
4.035
4.017
3.935
3.831
3.704
3.609
3.588
3.627
3.69
3.747
3.808
3.913
3.99
4.037
4.126
4.23
4.298
4.357
4.419
4.462
4.457
4.385
4.287
4.214
4.117
3.954
3.829
3.82
3.822
3.811
3.87
3.985
4.121
4.289
4.487
4.664
4.795
4.852
4.859
4.845
4.804
4.722
4.609
4.439
4.298
4.21
4.162
4.185
4.289
4.432
4.584
4.732
4.836
4.927
5.013
5.051
5.074
5.072
4.983
4.843
4.784
4.766
4.7
4.605
4.518
4.473
4.505
4.584
4.652
4.713
4.777
4.886
5.004
5.074
5.149
5.203
5.203
5.194
5.21
5.174
5.036
4.856
4.711
4.609
4.512
4.387
4.287
4.269
4.287
4.31
4.41
4.555
4.618
4.625
4.67
4.761
4.804
4.72
4.559
4.428
4.337
4.223
4.067
3.879
3.765
3.745
3.724
3.718
3.761
3.831
3.926
4.042
4.137
4.171
4.14
4.074
4.033
4.037
3.972
3.79
3.665
3.611
3.525
3.393
3.293
3.255
3.293
3.395
3.523
3.604
3.638
3.695
3.765
3.774
3.74
3.679
3.586
3.523
3.5
3.5
3.475
3.393
3.325
3.323
3.343
3.339
3.289
3.237
3.226
3.235
3.293
3.393
3.42
3.393
3.398
3.434
3.441
3.391
3.316
3.241
3.171
3.089
2.987
2.899
2.779
2.656
2.672
2.79
2.878
2.908
2.983
3.121
3.25
3.312
3.287
3.226
3.173
3.126
3.035
2.915
2.804
2.71
2.636
2.595
2.534
2.427
2.391
2.466
2.565
2.608
2.622
2.642
2.683
2.722
2.733
2.69
2.647
2.633
2.602
2.54
2.513
2.547
2.554
2.522
2.536
2.602
2.658
2.688
2.715
2.71
2.665
2.611
2.556
2.5
2.454
2.402
2.332
2.273
2.239
2.218
2.243
2.293
2.3
2.246
2.198
2.214
2.277
2.325
2.327
2.298
2.295
2.314
2.345
2.373
2.379
2.323
2.264
2.218
2.166
2.08
1.935
1.783
1.703
1.669
1.638
1.617
1.622
1.679
1.762
1.819
1.828
1.803
1.767
1.71
1.604
1.477
1.372
1.275
1.204
1.195
1.191
1.13
1.093
1.157
1.245
1.275
1.261
1.22
1.175
1.105
1
0.912
0.844
0.73
0.587
0.515
0.544
0.59
0.562
0.524
0.576
0.651
0.649
0.594
0.531
0.494
0.483
0.469
0.422
0.354
0.288
0.238
0.195
0.163
0.12
0.068
0.007
-0.032
-0.079
-0.168
-0.186
-0.132
-0.118
-0.161
-0.193
-0.184
-0.147
-0.125
-0.127
-0.15
-0.175
-0.186
-0.218
-0.288
-0.365
-0.415
-0.458
-0.483
-0.485
-0.488
-0.492
-0.49
-0.492
-0.476
-0.46
-0.449
-0.463
-0.503
-0.524
-0.51
-0.519
-0.587
-0.68
-0.739
-0.751
-0.753
-0.819
-0.878
-0.846
-0.744
-0.676
-0.646
-0.628
-0.633
-0.655
-0.683
-0.73
-0.776
-0.803
-0.823
-0.835
-0.841
-0.805
-0.735
-0.689
-0.66
-0.655
-0.701
-0.769
-0.805
-0.853
-0.91
-0.95
-0.928
-0.876
-0.826
-0.803
-0.764
-0.703
-0.658
-0.689
-0.751
-0.776
-0.832
-0.989
-1.148
-1.198
-1.209
-1.227
-1.184
-1.134
-1.102
-1.032
-0.925
-0.855
-0.851
-0.878
-0.916
-0.935
-0.925
-0.907
-0.91
-0.946
-0.937
-0.878
-0.857
-0.896
-0.946
-1.016
-1.12
-1.213
-1.247
-1.25
-1.277
-1.304
-1.284
-1.213
-1.148
-1.125
-1.062
-0.928
-0.814
-0.81
-0.787
-0.683
-0.642
-0.701
-0.785
-0.882
-1.007
-1.116
-1.175
-1.188
-1.184
-1.198
-1.173
-1.043
-0.912
-0.86
-0.862
-0.862
-0.828
-0.758
-0.751
-0.823
-0.887
-0.891
-0.9
-0.935
-0.991
-1.021
-1.007
-0.996
-0.941
-0.844
-0.776
-0.796
-0.869
-0.921
-0.959
-0.998
-1.021
-1.037
-1.023
-0.973
-0.946
-0.896
-0.826
-0.853
-0.93
-0.955
-0.948
-0.978
-1.046
-1.118
-1.134
-1.089
-1.048
-1.048
-1.052
-1.057
-0.987
-0.905
-0.876
-0.864
-0.862
-0.896
-0.955
-1.025
-1.114
-1.177
-1.2
-1.218
-1.256
-1.268
-1.229
-1.154
-1.041
-0.939
-0.907
-0.878
-0.837
-0.853
-0.944
-1.093
-1.211
-1.263
-1.315
-1.331
-1.266
-1.211
-1.186
-1.148
-1.109
-1.096
-1.118
-1.164
-1.2
-1.177
-1.175
-1.277
-1.386
-1.356
-1.295
-1.279
-1.247
-1.211
-1.152
-1.1
-1.075
-1.084
-1.132
-1.238
-1.359
-1.474
-1.592
-1.62
-1.551
-1.479
-1.452
-1.436
-1.422
-1.413
-1.39
-1.374
-1.365
-1.329
-1.318
-1.356
-1.361
-1.315
-1.288
-1.277
-1.256
-1.22
-1.211
-1.211
-1.254
-1.329
-1.39
-1.393
-1.334
-1.343
-1.418
-1.429
-1.388
-1.379
-1.365
-1.343
-1.32
-1.304
-1.281
-1.238
-1.157
-1.086
-1.077
-1.071
-1.018
-1.023
-1.086
-1.118
-1.084
-1.073
-1.116
-1.164
-1.186
-1.186
-1.184
-1.184
-1.179
-1.173
-1.143
-1.116
-1.148
-1.211
-1.272
-1.318
-1.379
-1.422
-1.436
-1.422
-1.384
-1.363
-1.393
-1.431
-1.454
-1.468
-1.477
-1.474
-1.468
-1.456
-1.456
-1.447
-1.431
-1.445
-1.508
-1.595
-1.701
-1.812
-1.901
-1.966
-2.041
-2.109
-2.168
-2.191
-2.157
-2.073
-1.978
-1.883
-1.796
-1.758
-1.762
-1.767
-1.817
-1.966
-2.13
-2.214
-2.225
-2.241
-2.32
-2.388
-2.391
-2.352
-2.314
-2.316
-2.37
-2.402
-2.339
-2.273
-2.268
-2.271
-2.282
-2.309
-2.311
-2.311
-2.325
-2.329
-2.316
-2.28
-2.214
-2.182
-2.241
-2.336
-2.348
-2.282
-2.232
-2.243
-2.268
-2.248
-2.212
-2.23
-2.266
-2.248
-2.2
-2.15
-2.134
-2.168
-2.241
-2.309
-2.348
-2.364
-2.382
-2.391
-2.323
-2.196
-2.084
-2.019
-1.964
-1.905
-1.883
-1.946
-2.087
-2.196
-2.25
-2.305
-2.364
-2.418
-2.441
-2.429
-2.377
-2.289
-2.193
-2.098
-2.014
-1.978
-1.985
-1.982
-2.001
-2.08
-2.202
-2.343
-2.463
-2.527
-2.586
-2.638
-2.638
-2.604
-2.568
-2.529
-2.493
-2.47
-2.432
-2.352
-2.236
-2.182
-2.232
-2.293
-2.309
-2.336
-2.402
-2.518
-2.667
-2.779
-2.844
-2.858
-2.883
-2.953
-3.008
-2.969
-2.885
-2.819
-2.785
-2.79
-2.774
-2.738
-2.71
-2.72
-2.754
-2.792
-2.847
-2.928
-3.019
-3.128
-3.25
-3.296
-3.271
-3.241
-3.185
-3.11
-3.055
-2.983
-2.887
-2.776
-2.69
-2.64
-2.62
-2.59
-2.57
-2.629
-2.745
-2.838
-2.862
-2.874
-2.926
-2.942
-2.917
-2.897
-2.858
-2.794
-2.745
-2.701
-2.64
-2.556
-2.468
-2.391
-2.354
-2.354
-2.357
-2.289
-2.182
-2.141
-2.225
-2.357
-2.429
-2.411
-2.404
-2.425
-2.427
-2.393
-2.271
-2.128
-2.091
-2.112
-2.1
-2.066
-2.075
-2.121
-2.155
-2.171
-2.182
-2.166
-2.118
-2.098
-2.105
-2.089
-2.05
-1.991
-1.935
-1.944
-2.021
-2.121
-2.177
-2.168
-2.155
-2.212
-2.309
-2.361
-2.318
-2.212
-2.13
-2.096
-2.069
-2.001
-1.917
-1.912
-1.98
-2.019
-2.014
-2.003
-1.998
-2.069
-2.155
-2.173
-2.18
-2.216
-2.241
-2.268
-2.35
-2.432
-2.404
-2.293
-2.209
-2.182
-2.157
-2.087
-1.969
-1.887
-1.892
-1.939
-1.923
-1.88
-1.917
-2.016
-2.134
-2.225
-2.264
-2.284
-2.373
-2.497
-2.538
-2.434
-2.295
-2.232
-2.202
-2.137
-2.01
-1.905
-1.878
-1.928
-2.003
-2.064
-2.082
-2.123
-2.205
-2.255
-2.252
-2.252
-2.261
-2.261
-2.252
-2.232
-2.171
-2.098
-2.059
-2.03
-2.01
-2.019
-2.032
-2.014
-1.951
-1.921
-1.944
-1.971
-1.985
-1.98
-1.985
-2.021
-2.055
-2.062
-2.032
-1.989
-1.998
-2.039
-2.059
-2.041
-2.016
-1.987
-1.962
-1.937
-1.903
-1.851
-1.783
-1.733
-1.699
-1.658
-1.62
-1.563
-1.515
-1.538
-1.583
-1.617
-1.663
-1.715
-1.738
-1.758
-1.806
-1.846
-1.855
-1.815
-1.738
-1.647
-1.522
-1.365
-1.225
-1.096
-0.969
-0.887
-0.876
-0.903
-0.944
-1.032
-1.154
-1.291
-1.447
-1.617
-1.774
-1.923
-2.019
-2.037
-1.98
-1.867
-1.722
-1.595
-1.454
-1.259
-1.057
-0.889
-0.796
-0.735
-0.687
-0.692
-0.767
-0.882
-1.012
-1.198
-1.42
-1.61
-1.769
-1.937
-2.075
-2.114
-2.037
-1.901
-1.717
-1.474
-1.252
-1.105
-0.962
-0.814
-0.721
-0.717
-0.801
-0.903
-1.023
-1.202
-1.438
-1.688
-1.878
-1.989
-2.091
-2.18
-2.153
-2.007
-1.873
-1.749
-1.59
-1.424
-1.291
-1.188
-1.141
-1.125
-1.08
-1.1
-1.213
-1.343
-1.486
-1.649
-1.794
-1.921
-2.05
-2.157
-2.207
-2.171
-2.059
-1.921
-1.756
-1.572
-1.381
-1.175
-1.039
-0.989
-0.941
-0.885
-0.93
-1.059
-1.173
-1.266
-1.409
-1.581
-1.697
-1.726
-1.688
-1.663
-1.597
-1.411
-1.202
-1.037
-0.866
-0.699
-0.558
-0.408
-0.268
-0.22
-0.297
-0.426
-0.558
-0.721
-0.919
-1.098
-1.313
-1.492
-1.536
-1.545
-1.554
-1.492
-1.309
-1.046
-0.778
-0.549
-0.333
-0.111
0.048
0.079
0.052
0.023
-0.077
-0.256
-0.426
-0.599
-0.771
-0.964
-1.152
-1.286
-1.372
-1.447
-1.472
-1.44
-1.297
-1.084
-0.869
-0.653
-0.41
-0.175
0.023
0.202
0.284
0.238
0.113
-0.043
-0.218
-0.422
-0.692
-0.987
-1.143
-1.204
-1.325
-1.402
-1.329
-1.17
-0.966
-0.76
-0.59
-0.444
-0.302
-0.181
-0.127
-0.127
-0.104
-0.066
-0.104
-0.17
-0.261
-0.397
-0.517
-0.601
-0.692
-0.823
-0.923
-0.937
-0.862
-0.762
-0.676
-0.558
-0.318
-0.073
0.054
0.159
0.327
0.476
0.526
0.474
0.374
0.272
0.145
-0.027
-0.231
-0.408
-0.435
-0.367
-0.32
-0.254
-0.134
0.018
0.188
0.424
0.678
0.864
0.969
1.073
1.204
1.277
1.225
1.12
1.039
0.903
0.674
0.499
0.431
0.356
0.254
0.209
0.263
0.354
0.447
0.567
0.73
0.964
1.277
1.574
1.794
1.969
2.078
2.082
1.991
1.824
1.595
1.34
1.093
0.857
0.662
0.551
0.501
0.508
0.624
0.769
0.919
1.17
1.506
1.803
2.003
2.134
2.2
2.216
2.125
1.928
1.64
1.381
1.207
1.032
0.869
0.755
0.651
0.565
0.556
0.601
0.649
0.692
0.796
0.939
1.075
1.143
1.177
1.232
1.238
1.145
1.023
0.932
0.821
0.642
0.417
0.186
-0.048
-0.299
-0.551
-0.728
-0.744
-0.644
-0.544
-0.383
-0.138
0.086
0.24
0.324
0.333
0.256
0.104
-0.104
-0.343
-0.601
-0.841
-0.959
-1.018
-1.068
-1.043
-0.95
-0.814
-0.63
-0.433
-0.281
-0.177
-0.129
-0.163
-0.27
-0.327
-0.401
-0.515
-0.581
-0.66
-0.744
-0.767
-0.758
-0.744
-0.685
-0.594
-0.481
-0.34
-0.209
-0.048
0.166
0.345
0.431
0.515
0.633
0.778
0.891
0.93
0.889
0.823
0.726
0.533
0.34
0.222
0.109
0.014
0.097
0.27
0.444
0.66
0.975
1.325
1.638
1.914
2.166
2.314
2.311
2.225
2.073
1.846
1.604
1.39
1.204
1.102
1.157
1.259
1.325
1.402
1.531
1.685
1.869
2.057
2.15
2.171
2.225
2.286
2.261
2.18
2.121
2.112
2.105
2.075
2.021
1.96
1.907
1.93
1.957
1.892
1.851
1.905
1.971
2.012
2.071
2.177
2.345
2.547
2.708
2.742
2.756
2.785
2.69
2.513
2.343
2.141
1.921
1.769
1.703
1.724
1.801
1.976
2.25
2.545
2.783
3.028
3.246
3.364
3.371
3.312
3.198
3.039
2.872
2.733
2.642
2.586
2.538
2.516
2.574
2.701
2.824
2.919
2.978
3.01
3.044
3.089
3.155
3.237
3.357
3.504
3.688
3.872
4.024
4.105
4.04
3.865
3.724
3.597
3.416
3.207
3.026
2.919
2.899
2.897
2.862
2.908
3.142
3.393
3.525
3.636
3.799
3.897
3.847
3.704
3.557
3.409
3.271
3.18
3.11
3.01
2.974
3.098
3.198
3.146
3.035
3.008
3.021
2.956
2.785
2.57
2.432
2.361
2.286
2.209
2.236
2.332
2.438
2.552
2.647
2.724
2.769
2.756
2.699
2.631
2.511
2.341
2.182
2.032
1.93
1.885
1.873
1.923
2.023
2.123
2.205
2.284
2.345
2.411
2.472
2.42
2.264
2.175
2.2
2.187
2.121
2.128
2.143
2.109
2.064
2.025
1.966
1.896
1.86
1.844
1.812
1.753
1.774
1.873
1.962
2.019
2.096
2.166
2.198
2.182
2.123
2.05
1.962
1.787
1.474
1.186
1.057
1.014
0.969
1.003
1.159
1.334
1.461
1.57
1.663
1.735
1.731
1.599
1.39
1.177
0.982
0.801
0.585
0.374
0.277
0.347
0.512
0.653
0.758
0.907
1.086
1.157
1.084
0.946
0.837
0.728
0.567
0.363
0.238
0.225
0.229
0.211
0.218
0.252
0.327
0.352
0.247
0.068
-0.063
-0.132
-0.19
-0.308
-0.424
-0.438
-0.345
-0.24
-0.152
-0.043
0.075
0.147
0.134
0.043
-0.077
-0.197
-0.32
-0.483
-0.655
-0.789
-0.828
-0.789
-0.735
-0.692
-0.658
-0.596
-0.553
-0.59
-0.683
-0.803
-0.944
-1.091
-1.275
-1.506
-1.692
-1.753
-1.699
-1.631
-1.622
-1.644
-1.615
-1.547
-1.506
-1.551
-1.624
-1.642
-1.624
-1.697
-1.817
-1.867
-1.873
-1.907
-1.957
-2.035
-2.098
-2.1
-2.075
-2.121
-2.243
-2.357
-2.418
-2.475
-2.599
-2.706
-2.636
-2.423
-2.252
-2.18
-2.15
-2.069
-1.969
-1.96
-2.075
-2.221
-2.35
-2.484
-2.636
-2.729
-2.708
-2.645
-2.574
-2.504
-2.395
-2.227
-2.019
-1.837
-1.722
-1.64
-1.581
-1.583
-1.665
-1.833
-2.01
-2.096
-2.123
-2.184
-2.248
-2.239
-2.116
-1.957
-1.871
-1.844
-1.815
-1.742
-1.649
-1.59
-1.497
-1.374
-1.259
-1.182
-1.15
-1.114
-0.998
-0.855
-0.782
-0.787
-0.792
-0.771
-0.762
-0.753
-0.733
-0.742
-0.776
-0.776
-0.694
-0.549
-0.39
-0.231
-0.086
0.023
0.093
0.143
0.186
0.2
0.193
0.206
0.22
0.227
0.225
0.288
0.444
0.665
0.86
0.991
1.1
1.227
1.352
1.436
1.483
1.506
1.483
1.415
1.384
1.458
1.583
1.654
1.663
1.708
1.778
1.81
1.794
1.783
1.79
1.799
1.819
1.835
1.896
2.028
2.196
2.327
2.45
2.583
2.683
2.726
2.758
2.772
2.756
2.701
2.602
2.472
2.341
2.293
2.348
2.463
2.577
2.642
2.688
2.767
2.835
2.792
2.663
2.536
2.443
2.37
2.282
2.193
2.123
2.087
2.109
2.209
2.343
2.45
2.536
2.638
2.717
2.713
2.615
2.497
2.377
2.25
2.162
2.114
2.118
2.13
2.098
2.048
2.035
2.023
1.976
1.88
1.783
1.713
1.66
1.638
1.685
1.747
1.776
1.835
1.96
2.082
2.109
2.082
2.023
1.912
1.81
1.724
1.595
1.393
1.22
1.141
1.132
1.188
1.286
1.388
1.497
1.674
1.844
1.894
1.835
1.731
1.644
1.59
1.504
1.402
1.311
1.234
1.184
1.186
1.22
1.245
1.245
1.243
1.245
1.263
1.291
1.266
1.184
1.082
1.016
1.018
1.03
1.021
1.03
1.073
1.173
1.252
1.216
1.071
0.907
0.767
0.596
0.415
0.243
0.059
-0.063
-0.036
0.104
0.236
0.279
0.254
0.231
0.229
0.218
0.141
-0.068
-0.356
-0.596
-0.796
-0.982
-1.139
-1.256
-1.377
-1.429
-1.372
-1.286
-1.295
-1.39
-1.481
-1.551
-1.631
-1.776
-1.964
-2.103
-2.202
-2.28
-2.25
-2.128
-2.059
-2.1
-2.159
-2.175
-2.153
-2.164
-2.295
-2.488
-2.636
-2.658
-2.615
-2.636
-2.717
-2.735
-2.629
-2.466
-2.334
-2.268
-2.277
-2.282
-2.232
-2.214
-2.273
-2.345
-2.393
-2.407
-2.361
-2.28
-2.18
-2.048
-1.919
-1.826
-1.733
-1.64
-1.613
-1.667
-1.76
-1.86
-1.937
-1.978
-1.955
-1.935
-1.971
-1.944
-1.747
-1.531
-1.458
-1.479
-1.488
-1.454
-1.44
-1.492
-1.576
-1.615
-1.626
-1.688
-1.719
-1.62
-1.508
-1.488
-1.456
-1.327
-1.198
-1.143
-1.202
-1.329
-1.454
-1.533
-1.595
-1.629
-1.647
-1.606
-1.547
-1.461
-1.313
-1.182
-1.175
-1.207
-1.204
-1.193
-1.229
-1.338
-1.479
-1.588
-1.665
-1.713
-1.694
-1.622
-1.576
-1.597
-1.558
-1.39
-1.263
-1.315
-1.472
-1.604
-1.638
-1.647
-1.717
-1.812
-1.855
-1.769
-1.57
-1.379
-1.297
-1.268
-1.259
-1.297
-1.34
-1.427
-1.62
-1.851
-2.019
-2.103
-2.091
-1.957
-1.801
-1.688
-1.563
-1.377
-1.184
-0.984
-0.88
-0.944
-1.039
-1.066
-1.107
-1.218
-1.363
-1.47
-1.468
-1.302
-1.043
-0.839
-0.787
-0.739
-0.596
-0.458
-0.433
-0.497
-0.603
-0.694
-0.73
-0.712
-0.649
-0.535
-0.41
-0.297
-0.156
-0.002
0.091
0.063
0.025
0.007
-0.014
-0.023
-0.057
-0.132
-0.19
-0.127
0.063
0.284
0.447
0.594
0.737
0.805
0.773
0.703
0.578
0.354
0.127
-0.05
-0.168
-0.222
-0.243
-0.247
-0.19
-0.034
0.197
0.417
0.549
0.569
0.542
0.515
0.46
0.431
0.365
0.225
0.111
0.147
0.261
0.299
0.281
0.318
0.458
0.594
0.662
0.669
0.63
0.522
0.397
0.336
0.331
0.302
0.24
0.268
0.406
0.581
0.73
0.819
0.873
0.916
0.937
0.935
0.9
0.866
0.821
0.758
0.733
0.851
1.048
1.154
1.209
1.322
1.497
1.638
1.663
1.576
1.424
1.309
1.275
1.266
1.259
1.209
1.164
1.25
1.445
1.588
1.649
1.722
1.828
1.88
1.826
1.663
1.515
1.431
1.354
1.268
1.222
1.238
1.284
1.313
1.311
1.39
1.495
1.497
1.431
1.35
1.256
1.15
1.003
0.812
0.669
0.606
0.583
0.587
0.633
0.64
0.594
0.66
0.762
0.744
0.651
0.585
0.569
0.565
0.526
0.478
0.476
0.501
0.515
0.492
0.478
0.483
0.508
0.467
0.358
0.318
0.367
0.343
0.252
0.209
0.245
0.313
0.386
0.417
0.401
0.399
0.392
0.401
0.444
0.395
0.265
0.193
0.202
0.209
0.238
0.284
0.343
0.447
0.578
0.649
0.637
0.619
0.628
0.617
0.556
0.481
0.39
0.22
-0.043
-0.197
-0.204
-0.231
-0.299
-0.397
-0.503
-0.551
-0.524
-0.506
-0.528
-0.576
-0.594
-0.506
-0.356
-0.274
-0.336
-0.383
-0.349
-0.295
-0.324
-0.433
-0.562
-0.615
-0.615
-0.615
-0.667
-0.748
-0.798
-0.805
-0.812
-0.864
-0.9
-0.907
-0.912
-0.912
-0.916
-0.953
-0.941
-0.871
-0.86
-0.914
-0.891
-0.748
-0.626
-0.569
-0.547
-0.424
-0.186
-0.011
0.007
0.023
0.061
0.073
0.061
0.052
-0.007
-0.104
-0.152
-0.127
-0.066
0.002
0.045
0.082
0.138
0.245
0.367
0.42
0.42
0.474
0.578
0.64
0.678
0.737
0.789
0.794
0.812
0.891
0.987
1.041
1.046
1.052
1.08
1.084
1.043
1.039
1.041
0.989
0.971
1.057
1.17
1.207
1.164
1.132
1.148
1.177
1.184
1.127
1.018
0.939
0.948
0.955
0.91
0.9
0.921
0.93
0.982
1.077
1.154
1.179
1.195
1.234
1.261
1.313
1.356
1.302
1.182
1.12
1.143
1.098
0.969
0.873
0.841
0.817
0.769
0.714
0.642
0.544
0.465
0.447
0.451
0.435
0.431
0.406
0.367
0.363
0.356
0.299
0.211
0.111
0.068
0.084
0.091
-0.011
-0.127
-0.163
-0.141
-0.102
-0.068
-0.075
-0.097
-0.082
-0.054
-0.034
-0.082
-0.161
-0.184
-0.181
-0.175
-0.134
-0.102
-0.159
-0.218
-0.209
-0.166
-0.141
-0.152
-0.172
-0.111
0.016
0.102
0.172
0.277
0.331
0.352
0.429
0.524
0.54
0.506
0.472
0.449
0.433
0.401
0.404
0.415
0.413
0.478
0.599
0.726
0.839
0.9
0.93
0.993
1.073
1.116
1.111
1.082
1.071
1.109
1.166
1.152
1.141
1.204
1.286
1.381
1.495
1.549
1.517
1.452
1.433
1.486
1.454
1.34
1.27
1.261
1.279
1.293
1.288
1.256
1.241
1.27
1.3
1.322
1.331
1.259
1.127
1.021
0.905
0.78
0.662
0.556
0.492
0.506
0.537
0.553
0.547
0.558
0.612
0.64
0.608
0.587
0.583
0.512
0.39
0.27
0.193
0.127
0.063
0.02
0.048
0.129
0.181
0.184
0.175
0.172
0.141
0.116
0.118
0.141
0.145
0.125
0.077
0.027
0.032
0.116
0.161
0.172
0.236
0.331
0.399
0.435
0.41
0.327
0.256
0.279
0.318
0.29
0.261
0.272
0.306
0.381
0.435
0.483
0.54
0.565
0.569
0.549
0.483
0.406
0.361
0.356
0.395
0.465
0.537
0.649
0.771
0.857
0.91
0.971
1.041
1.107
1.136
1.152
1.166
1.177
1.164
1.116
1.077
1.059
1.077
1.148
1.234
1.293
1.32
1.315
1.311
1.318
1.318
1.306
1.275
1.222
1.232
1.347
1.481
1.542
1.572
1.59
1.622
1.685
1.731
1.728
1.719
1.706
1.676
1.633
1.565
1.479
1.449
1.445
1.411
1.32
1.232
1.2
1.173
1.125
1.107
1.118
1.068
0.959
0.916
0.989
1.071
1.057
0.962
0.91
0.937
0.957
0.935
0.869
0.807
0.801
0.794
0.776
0.721
0.655
0.565
0.467
0.401
0.336
0.238
0.127
0.077
0.077
0.073
-0.018
-0.138
-0.184
-0.154
-0.122
-0.163
-0.259
-0.336
-0.354
-0.308
-0.247
-0.243
-0.297
-0.336
-0.329
-0.284
-0.247
-0.268
-0.318
-0.347
-0.365
-0.365
-0.377
-0.44
-0.483
-0.476
-0.492
-0.567
-0.669
-0.696
-0.626
-0.547
-0.542
-0.61
-0.676
-0.689
-0.649
-0.603
-0.592
-0.624
-0.653
-0.649
-0.599
-0.551
-0.497
-0.442
-0.39
-0.331
-0.274
-0.229
-0.227
-0.238
-0.184
-0.111
-0.15
-0.281
-0.32
-0.24
-0.122
-0.093
-0.193
-0.274
-0.213
-0.077
-0.004
-0.025
-0.052
-0.014
0.061
0.132
0.184
0.204
0.209
0.193
0.188
0.168
0.086
-0.029
-0.075
-0.036
-0.007
-0.045
-0.097
-0.07
0.009
0.075
0.088
0.054
-0.025
-0.079
-0.052
0.002
0.002
-0.05
-0.134
-0.15
-0.079
0.007
0.041
0.023
-0.034
-0.104
-0.166
-0.218
-0.313
-0.401
-0.399
-0.358
-0.383
-0.46
-0.51
-0.506
-0.503
-0.528
-0.571
-0.649
-0.746
-0.782
-0.751
-0.714
-0.746
-0.841
-0.885
-0.823
-0.728
-0.665
-0.692
-0.751
-0.748
-0.667
-0.637
-0.703
-0.753
-0.723
-0.674
-0.651
-0.694
-0.778
-0.807
-0.733
-0.644
-0.63
-0.696
-0.746
-0.733
-0.694
-0.683
-0.721
-0.748
-0.719
-0.619
-0.503
-0.431
-0.417
-0.397
-0.372
-0.361
-0.352
-0.377
-0.374
-0.304
-0.231
-0.211
-0.188
-0.134
-0.034
0.066
0.093
0.063
0.041
0.066
0.12
0.19
0.202
0.172
0.17
0.215
0.286
0.347
0.345
0.29
0.263
0.272
0.299
0.304
0.263
0.215
0.202
0.213
0.272
0.349
0.401
0.444
0.56
0.721
0.807
0.787
0.733
0.71
0.721
0.755
0.753
0.678
0.606
0.606
0.678
0.685
0.547
0.444
0.472
0.506
0.447
0.358
0.308
0.299
0.308
0.343
0.361
0.34
0.331
0.34
0.302
0.206
0.12
0.104
0.118
0.095
0.07
0.063
0.032
-0.014
-0.05
-0.048
-0.034
-0.057
-0.147
-0.218
-0.284
-0.343
-0.422
-0.528
-0.655
-0.739
-0.778
-0.801
-0.796
-0.787
-0.821
-0.873
-0.841
-0.751
-0.685
-0.653
-0.612
-0.542
-0.515
-0.56
-0.619
-0.655
-0.705
-0.814
-0.975
-1.134
-1.222
-1.275
-1.338
-1.372
-1.329
-1.236
-1.102
-0.957
-0.846
-0.776
-0.683
-0.587
-0.533
-0.515
-0.528
-0.585
-0.71
-0.826
-0.88
-0.891
-0.889
-0.851
-0.778
-0.689
-0.66
-0.642
-0.608
-0.585
-0.594
-0.621
-0.619
-0.59
-0.59
-0.601
-0.54
-0.429
-0.34
-0.295
-0.29
-0.318
-0.336
-0.308
-0.249
-0.222
-0.22
-0.132
0.054
0.188
0.222
0.236
0.238
0.211
0.15
0.05
-0.068
-0.156
-0.152
-0.122
-0.15
-0.152
-0.063
0.086
0.193
0.295
0.433
0.581
0.621
0.553
0.526
0.512
0.465
0.397
0.363
0.336
0.304
0.293
0.324
0.365
0.356
0.34
0.379
0.426
0.44
0.438
0.483
0.587
0.678
0.685
0.651
0.594
0.528
0.476
0.465
0.422
0.343
0.299
0.318
0.386
0.458
0.512
0.524
0.494
0.481
0.494
0.499
0.401
0.218
0.093
0.077
0.077
-0.02
-0.143
-0.186
-0.156
-0.152
-0.163
-0.156
-0.163
-0.163
-0.111
-0.034
0.011
0.025
0.038
0.059
0.029
-0.104
-0.234
-0.302
-0.349
-0.478
-0.671
-0.832
-0.898
-0.919
-0.937
-0.935
-0.914
-0.839
-0.721
-0.578
-0.442
-0.345
-0.306
-0.263
-0.19
-0.132
-0.152
-0.238
-0.322
-0.354
-0.367
-0.372
-0.413
-0.483
-0.517
-0.512
-0.488
-0.483
-0.51
-0.537
-0.544
-0.578
-0.646
-0.685
-0.651
-0.578
-0.544
-0.528
-0.544
-0.565
-0.528
-0.46
-0.44
-0.465
-0.494
-0.476
-0.442
-0.465
-0.533
-0.581
-0.54
-0.472
-0.458
-0.503
-0.556
-0.567
-0.544
-0.565
-0.633
-0.665
-0.633
-0.594
-0.585
-0.581
-0.522
-0.422
-0.374
-0.363
-0.354
-0.367
-0.374
-0.336
-0.295
-0.27
-0.272
-0.24
-0.163
-0.061
-0.004
0.007
0.014
0.002
-0.041
-0.036
-0.011
-0.086
-0.215
-0.286
-0.27
-0.254
-0.254
-0.204
-0.097
0.004
0.061
0.095
0.127
0.17
0.222
0.263
0.293
0.313
0.338
0.383
0.404
0.324
0.213
0.175
0.188
0.116
-0.011
-0.1
-0.109
-0.091
-0.068
0.004
0.109
0.215
0.329
0.429
0.494
0.56
0.594
0.547
0.456
0.415
0.433
0.463
0.401
0.243
0.12
0.127
0.145
0.082
0.02
0.057
0.143
0.206
0.209
0.265
0.39
0.497
0.547
0.583
0.583
0.524
0.46
0.386
0.186
-0.036
-0.113
-0.129
-0.172
-0.197
-0.125
0.018
0.154
0.252
0.27
0.254
0.299
0.338
0.297
0.245
0.247
0.259
0.209
0.125
0.084
0.061
0
-0.077
-0.143
-0.236
-0.311
-0.272
-0.211
-0.215
-0.215
-0.163
-0.102
-0.063
-0.004
0.011
-0.045
-0.057
-0.016
-0.068
-0.15
-0.197
-0.284
-0.361
-0.406
-0.472
-0.585
-0.68
-0.671
-0.578
-0.49
-0.442
-0.39
-0.318
-0.245
-0.161
-0.059
-0.057
-0.163
-0.222
-0.22
-0.2
-0.168
-0.147
-0.143
-0.179
-0.293
-0.469
-0.644
-0.689
-0.644
-0.651
-0.674
-0.674
-0.649
-0.569
-0.449
-0.32
-0.181
-0.023
0.102
0.256
0.363
0.352
0.331
0.306
0.179
0.004
-0.161
-0.345
-0.533
-0.667
-0.748
-0.803
-0.855
-0.882
-0.835
-0.676
-0.485
-0.358
-0.256
-0.082
0.102
0.234
0.293
0.306
0.263
0.179
0.011
-0.236
-0.469
-0.674
-0.848
-0.964
-1.048
-1.1
-1.055
-0.912
-0.728
-0.526
-0.352
-0.204
-0.077
0.004
-0.011
-0.093
-0.125
-0.159
-0.27
-0.413
-0.56
-0.739
-0.944
-1.145
-1.309
-1.365
-1.325
-1.245
-1.096
-0.878
-0.649
-0.397
-0.154
-0.023
0.027
0.073
0.059
-0.032
-0.181
-0.372
-0.569
-0.764
-0.971
-1.186
-1.334
-1.338
-1.325
-1.313
-1.229
-1.116
-1.005
-0.873
-0.733
-0.612
-0.481
-0.377
-0.322
-0.293
-0.331
-0.422
-0.494
-0.615
-0.803
-0.957
-1.043
-1.109
-1.166
-1.216
-1.241
-1.22
-1.154
-1.111
-1.116
-1.118
-1.066
-1.03
-0.987
-0.912
-0.878
-0.866
-0.855
-0.826
-0.805
-0.812
-0.857
-0.882
-0.862
-0.885
-0.937
-0.984
-1.068
-1.186
-1.261
-1.275
-1.247
-1.229
-1.211
-1.184
-1.12
-1.055
-1.025
-0.993
-0.919
-0.837
-0.787
-0.744
-0.71
-0.739
-0.801
-0.855
-0.944
-1.082
-1.227
-1.379
-1.49
-1.526
-1.513
-1.481
-1.44
-1.418
-1.372
-1.284
-1.17
-1.084
-1.059
-1.052
-1.007
-0.98
-1.03
-1.13
-1.245
-1.336
-1.399
-1.49
-1.633
-1.738
-1.756
-1.738
-1.692
-1.658
-1.626
-1.574
-1.497
-1.418
-1.354
-1.295
-1.277
-1.302
-1.311
-1.313
-1.377
-1.452
-1.508
-1.554
-1.592
-1.583
-1.556
-1.554
-1.565
-1.549
-1.515
-1.526
-1.511
-1.42
-1.343
-1.329
-1.327
-1.345
-1.402
-1.477
-1.565
-1.651
-1.706
-1.749
-1.817
-1.878
-1.867
-1.821
-1.774
-1.699
-1.595
-1.497
-1.404
-1.34
-1.334
-1.359
-1.411
-1.458
-1.492
-1.545
-1.651
-1.781
-1.849
-1.842
-1.84
-1.873
-1.851
-1.756
-1.681
-1.665
-1.676
-1.651
-1.588
-1.526
-1.472
-1.429
-1.395
-1.384
-1.381
-1.354
-1.325
-1.315
-1.331
-1.354
-1.388
-1.413
-1.399
-1.372
-1.39
-1.449
-1.499
-1.511
-1.481
-1.433
-1.397
-1.388
-1.35
-1.259
-1.179
-1.164
-1.182
-1.204
-1.209
-1.186
-1.177
-1.22
-1.263
-1.229
-1.161
-1.105
-1.052
-0.998
-0.973
-0.962
-0.928
-0.871
-0.841
-0.846
-0.866
-0.887
-0.894
-0.894
-0.912
-0.916
-0.869
-0.78
-0.676
-0.551
-0.458
-0.431
-0.44
-0.429
-0.42
-0.44
-0.438
-0.429
-0.424
-0.39
-0.345
-0.338
-0.392
-0.472
-0.515
-0.522
-0.519
-0.54
-0.596
-0.649
-0.651
-0.569
-0.46
-0.392
-0.349
-0.308
-0.281
-0.259
-0.24
-0.272
-0.318
-0.42
-0.549
-0.649
-0.728
-0.814
-0.923
-1.034
-1.082
-1.037
-0.921
-0.846
-0.846
-0.817
-0.689
-0.531
-0.454
-0.454
-0.463
-0.429
-0.401
-0.435
-0.517
-0.628
-0.733
-0.832
-0.873
-0.851
-0.807
-0.787
-0.787
-0.758
-0.687
-0.619
-0.558
-0.544
-0.571
-0.547
-0.465
-0.408
-0.397
-0.386
-0.356
-0.34
-0.324
-0.327
-0.39
-0.469
-0.503
-0.503
-0.483
-0.476
-0.481
-0.474
-0.435
-0.363
-0.313
-0.272
-0.22
-0.218
-0.247
-0.24
-0.238
-0.304
-0.401
-0.478
-0.503
-0.472
-0.442
-0.429
-0.37
-0.245
-0.132
-0.111
-0.15
-0.17
-0.188
-0.229
-0.268
-0.29
-0.324
-0.395
-0.454
-0.458
-0.474
-0.551
-0.615
-0.608
-0.583
-0.596
-0.603
-0.587
-0.596
-0.671
-0.785
-0.896
-0.966
-0.991
-1.016
-1.037
-1.03
-0.966
-0.885
-0.841
-0.846
-0.86
-0.871
-0.919
-0.991
-1.066
-1.132
-1.191
-1.254
-1.275
-1.279
-1.304
-1.325
-1.334
-1.365
-1.413
-1.427
-1.415
-1.458
-1.508
-1.52
-1.492
-1.47
-1.445
-1.431
-1.413
-1.397
-1.368
-1.345
-1.368
-1.429
-1.477
-1.468
-1.47
-1.526
-1.592
-1.604
-1.599
-1.588
-1.561
-1.504
-1.458
-1.422
-1.377
-1.354
-1.359
-1.397
-1.443
-1.499
-1.604
-1.683
-1.722
-1.774
-1.794
-1.751
-1.667
-1.567
-1.458
-1.374
-1.329
-1.295
-1.266
-1.225
-1.195
-1.216
-1.263
-1.295
-1.347
-1.438
-1.499
-1.524
-1.533
-1.517
-1.409
-1.281
-1.232
-1.229
-1.229
-1.193
-1.175
-1.218
-1.309
-1.397
-1.443
-1.409
-1.336
-1.27
-1.232
-1.211
-1.161
-1.105
-1.105
-1.157
-1.182
-1.166
-1.157
-1.161
-1.111
-1.037
-0.971
-0.903
-0.841
-0.801
-0.773
-0.748
-0.798
-0.889
-0.919
-0.86
-0.83
-0.898
-0.991
-1.003
-0.925
-0.837
-0.78
-0.767
-0.762
-0.705
-0.637
-0.596
-0.59
-0.603
-0.606
-0.581
-0.567
-0.581
-0.571
-0.547
-0.558
-0.576
-0.583
-0.578
-0.556
-0.51
-0.49
-0.551
-0.585
-0.558
-0.585
-0.687
-0.755
-0.758
-0.762
-0.771
-0.787
-0.805
-0.83
-0.846
-0.835
-0.821
-0.857
-0.932
-1.025
-1.096
-1.114
-1.125
-1.132
-1.127
-1.093
-1.08
-1.086
-1.098
-1.093
-1.073
-1.055
-1.068
-1.116
-1.15
-1.188
-1.277
-1.359
-1.404
-1.472
-1.547
-1.556
-1.508
-1.463
-1.443
-1.415
-1.343
-1.259
-1.227
-1.225
-1.207
-1.209
-1.254
-1.338
-1.406
-1.374
-1.311
-1.309
-1.354
-1.374
-1.338
-1.284
-1.268
-1.302
-1.327
-1.288
-1.243
-1.188
-1.125
-1.12
-1.161
-1.134
-1.05
-1.018
-1.039
-1.057
-1.057
-1.052
-1.071
-1.125
-1.182
-1.22
-1.261
-1.288
-1.266
-1.177
-1.068
-1.03
-1.037
-0.948
-0.787
-0.728
-0.798
-0.896
-0.928
-0.919
-0.957
-1.021
-1.055
-1.034
-0.984
-0.885
-0.794
-0.792
-0.86
-0.88
-0.896
-0.925
-0.932
-0.935
-0.973
-0.978
-0.955
-0.916
-0.869
-0.828
-0.807
-0.787
-0.751
-0.683
-0.649
-0.708
-0.78
-0.782
-0.764
-0.812
-0.869
-0.887
-0.88
-0.837
-0.773
-0.728
-0.689
-0.619
-0.51
-0.408
-0.395
-0.392
-0.352
-0.345
-0.349
-0.327
-0.295
-0.318
-0.383
-0.449
-0.435
-0.388
-0.395
-0.454
-0.485
-0.501
-0.451
-0.324
-0.245
-0.254
-0.277
-0.24
-0.181
-0.134
-0.127
-0.15
-0.136
-0.041
0.009
-0.066
-0.156
-0.238
-0.331
-0.404
-0.429
-0.454
-0.483
-0.49
-0.454
-0.367
-0.265
-0.179
-0.077
0.02
0.063
0.122
0.222
0.231
0.132
0.027
-0.043
-0.088
-0.118
-0.163
-0.209
-0.186
-0.082
0.018
0.1
0.211
0.306
0.361
0.447
0.558
0.617
0.583
0.508
0.467
0.469
0.438
0.386
0.39
0.408
0.417
0.494
0.635
0.737
0.798
0.871
0.953
1.03
1.082
1.077
1.062
1.125
1.222
1.243
1.241
1.261
1.247
1.218
1.241
1.291
1.32
1.302
1.281
1.331
1.42
1.474
1.54
1.624
1.674
1.724
1.835
1.907
1.887
1.864
1.871
1.869
1.846
1.812
1.794
1.799
1.855
1.91
1.914
1.948
2.039
2.103
2.134
2.159
2.157
2.164
2.146
2.089
2.012
1.935
1.853
1.792
1.744
1.638
1.61
1.728
1.873
1.948
1.998
2.089
2.191
2.259
2.273
2.243
2.182
2.109
1.978
1.842
1.792
1.749
1.708
1.749
1.86
1.98
2.078
2.146
2.209
2.261
2.255
2.205
2.205
2.196
2.121
2.105
2.171
2.257
2.327
2.354
2.341
2.345
2.398
2.454
2.461
2.45
2.413
2.334
2.357
2.491
2.543
2.495
2.504
2.636
2.826
2.944
2.962
2.933
2.915
2.899
2.86
2.788
2.667
2.595
2.67
2.758
2.819
2.912
3.026
3.123
3.216
3.305
3.361
3.375
3.382
3.35
3.269
3.216
3.212
3.185
3.169
3.178
3.207
3.291
3.384
3.454
3.47
3.45
3.414
3.432
3.452
3.366
3.275
3.3
3.341
3.332
3.321
3.334
3.375
3.457
3.563
3.647
3.688
3.684
3.618
3.518
3.423
3.307
3.176
3.108
3.087
3.085
3.105
3.162
3.241
3.307
3.321
3.312
3.35
3.371
3.314
3.246
3.203
3.144
3.098
3.06
3.005
2.965
2.992
3.085
3.189
3.246
3.216
3.151
3.126
3.101
3.039
2.974
2.903
2.849
2.831
2.874
2.965
3.035
3.085
3.117
3.108
3.089
3.128
3.126
3.053
2.965
2.874
2.779
2.713
2.688
2.679
2.724
2.797
2.849
2.901
2.951
2.962
2.978
2.992
2.999
2.983
2.906
2.813
2.758
2.765
2.856
2.921
2.887
2.903
3.021
3.114
3.11
3.008
2.887
2.842
2.862
2.894
2.933
2.99
3.076
3.187
3.298
3.341
3.339
3.307
3.226
3.144
3.105
3.078
2.999
2.867
2.797
2.815
2.892
3.026
3.137
3.167
3.214
3.343
3.473
3.516
3.441
3.334
3.3
3.343
3.314
3.194
3.083
3.044
3.078
3.142
3.13
3.062
3.037
3.046
3.033
2.951
2.874
2.815
2.765
2.769
2.89
3.008
3.058
3.085
3.121
3.182
3.253
3.284
3.278
3.248
3.171
3.051
2.98
2.901
2.767
2.64
2.581
2.59
2.642
2.724
2.833
2.935
2.999
3.053
3.078
3.087
3.101
3.053
2.912
2.783
2.747
2.772
2.772
2.729
2.756
2.912
3.055
3.044
2.992
2.962
2.91
2.822
2.738
2.645
2.568
2.559
2.579
2.586
2.629
2.763
2.894
2.933
2.942
2.994
3.012
2.903
2.74
2.636
2.577
2.52
2.463
2.463
2.511
2.545
2.611
2.688
2.713
2.688
2.654
2.577
2.45
2.364
2.334
2.293
2.218
2.191
2.243
2.336
2.447
2.563
2.683
2.783
2.883
2.953
2.935
2.815
2.69
2.658
2.663
2.588
2.484
2.504
2.574
2.608
2.62
2.663
2.717
2.745
2.708
2.627
2.516
2.438
2.441
2.45
2.463
2.561
2.733
2.903
3.019
3.08
3.167
3.244
3.25
3.207
3.16
3.049
2.892
2.772
2.688
2.593
2.55
2.604
2.722
2.835
2.917
2.974
2.967
2.91
2.872
2.849
2.817
2.779
2.722
2.633
2.593
2.649
2.745
2.817
2.817
2.878
3.012
3.064
2.992
2.874
2.819
2.828
2.799
2.624
2.402
2.343
2.488
2.642
2.593
2.425
2.418
2.604
2.772
2.792
2.738
2.708
2.708
2.706
2.663
2.608
2.581
2.617
2.676
2.676
2.633
2.638
2.74
2.794
2.67
2.472
2.377
2.359
2.266
2.064
1.926
1.957
2.078
2.159
2.189
2.221
2.318
2.445
2.488
2.384
2.225
2.118
2.059
2.001
1.898
1.765
1.683
1.688
1.749
1.79
1.799
1.819
1.862
1.873
1.821
1.738
1.647
1.57
1.499
1.445
1.415
1.443
1.483
1.492
1.504
1.533
1.626
1.713
1.647
1.481
1.409
1.424
1.37
1.261
1.222
1.286
1.388
1.468
1.474
1.438
1.409
1.436
1.433
1.297
1.08
0.95
0.944
0.921
0.83
0.751
0.792
0.948
1.073
1.111
1.111
1.157
1.232
1.243
1.127
0.978
0.959
0.993
0.937
0.801
0.708
0.744
0.839
0.866
0.792
0.692
0.637
0.608
0.551
0.431
0.311
0.288
0.361
0.469
0.533
0.553
0.665
0.86
0.969
0.919
0.798
0.703
0.671
0.585
0.435
0.293
0.229
0.213
0.22
0.213
0.249
0.377
0.524
0.567
0.576
0.578
0.585
0.608
0.585
0.528
0.492
0.492
0.515
0.522
0.501
0.517
0.571
0.612
0.606
0.581
0.569
0.517
0.46
0.386
0.32
0.286
0.277
0.306
0.349
0.395
0.451
0.494
0.522
0.526
0.531
0.544
0.535
0.46
0.345
0.277
0.308
0.345
0.297
0.202
0.113
0.075
0.091
0.116
0.073
0.014
0
0.014
-0.041
-0.184
-0.27
-0.259
-0.284
-0.399
-0.512
-0.528
-0.46
-0.381
-0.338
-0.37
-0.429
-0.424
-0.354
-0.37
-0.503
-0.64
-0.692
-0.701
-0.755
-0.826
-0.862
-0.841
-0.798
-0.776
-0.785
-0.758
-0.653
-0.531
-0.54
-0.689
-0.801
-0.814
-0.812
-0.896
-0.991
-0.969
-0.837
-0.714
-0.676
-0.635
-0.565
-0.533
-0.581
-0.678
-0.823
-0.971
-1.039
-1
-0.962
-0.978
-0.937
-0.832
-0.717
-0.63
-0.603
-0.678
-0.801
-0.878
-0.925
-0.973
-0.998
-0.998
-0.996
-0.941
-0.801
-0.624
-0.508
-0.483
-0.49
-0.497
-0.567
-0.746
-0.989
-1.182
-1.284
-1.347
-1.399
-1.397
-1.277
-1.082
-0.932
-0.941
-1.037
-1.123
-1.2
-1.25
-1.318
-1.415
-1.438
-1.37
-1.286
-1.195
-1.098
-1.007
-0.907
-0.873
-0.957
-1.091
-1.193
-1.256
-1.334
-1.445
-1.531
-1.563
-1.556
-1.531
-1.47
-1.406
-1.374
-1.386
-1.427
-1.452
-1.44
-1.465
-1.504
-1.499
-1.445
-1.381
-1.306
-1.218
-1.143
-1.12
-1.143
-1.186
-1.236
-1.338
-1.47
-1.59
-1.665
-1.731
-1.792
-1.799
-1.774
-1.742
-1.688
-1.633
-1.606
-1.583
-1.579
-1.579
-1.572
-1.563
-1.545
-1.563
-1.626
-1.667
-1.606
-1.556
-1.617
-1.719
-1.747
-1.733
-1.767
-1.849
-1.907
-1.942
-1.976
-1.985
-1.964
-1.964
-2.041
-2.116
-2.109
-2.091
-2.134
-2.202
-2.241
-2.241
-2.232
-2.248
-2.25
-2.189
-2.103
-2.048
-2.037
-2.053
-2.107
-2.182
-2.223
-2.227
-2.232
-2.257
-2.311
-2.318
-2.271
-2.223
-2.243
-2.307
-2.345
-2.357
-2.402
-2.472
-2.506
-2.475
-2.423
-2.37
-2.309
-2.191
-2.062
-2.021
-2.035
-2.016
-1.994
-2.091
-2.32
-2.54
-2.674
-2.774
-2.881
-2.906
-2.819
-2.69
-2.561
-2.398
-2.193
-2.08
-2.137
-2.255
-2.32
-2.35
-2.425
-2.506
-2.545
-2.536
-2.479
-2.384
-2.309
-2.314
-2.411
-2.529
-2.597
-2.656
-2.742
-2.856
-2.915
-2.887
-2.813
-2.745
-2.656
-2.581
-2.509
-2.457
-2.491
-2.59
-2.674
-2.704
-2.785
-2.937
-3.071
-3.105
-3.051
-2.958
-2.833
-2.713
-2.608
-2.55
-2.527
-2.504
-2.559
-2.72
-2.899
-3.033
-3.139
-3.282
-3.4
-3.411
-3.352
-3.303
-3.305
-3.305
-3.293
-3.275
-3.219
-3.094
-2.971
-2.908
-2.842
-2.713
-2.586
-2.536
-2.556
-2.604
-2.69
-2.808
-2.917
-3.058
-3.25
-3.411
-3.516
-3.577
-3.577
-3.523
-3.439
-3.327
-3.151
-2.928
-2.783
-2.754
-2.745
-2.715
-2.688
-2.706
-2.769
-2.831
-2.851
-2.842
-2.867
-2.926
-2.978
-3.039
-3.142
-3.25
-3.314
-3.316
-3.293
-3.25
-3.16
-3.01
-2.828
-2.672
-2.572
-2.522
-2.581
-2.686
-2.726
-2.724
-2.847
-3.078
-3.219
-3.239
-3.271
-3.334
-3.38
-3.361
-3.359
-3.386
-3.407
-3.368
-3.33
-3.359
-3.434
-3.454
-3.432
-3.425
-3.382
-3.303
-3.278
-3.296
-3.323
-3.389
-3.552
-3.74
-3.879
-3.988
-4.103
-4.189
-4.235
-4.214
-4.105
-3.949
-3.854
-3.858
-3.867
-3.824
-3.831
-3.958
-4.11
-4.137
-4.087
-4.105
-4.183
-4.176
-4.09
-4.051
-4.096
-4.153
-4.178
-4.214
-4.28
-4.341
-4.373
-4.364
-4.289
-4.16
-4.04
-3.958
-3.788
-3.543
-3.373
-3.364
-3.457
-3.557
-3.627
-3.697
-3.793
-3.908
-4.024
-4.069
-4.04
-3.969
-3.922
-3.895
-3.838
-3.772
-3.729
-3.677
-3.604
-3.545
-3.452
-3.275
-3.067
-2.974
-2.967
-2.937
-2.885
-2.942
-3.089
-3.259
-3.414
-3.597
-3.824
-3.994
-4.074
-4.074
-4.022
-3.924
-3.802
-3.647
-3.418
-3.189
-3.08
-3.051
-3.015
-3.003
-3.058
-3.167
-3.298
-3.448
-3.591
-3.697
-3.788
-3.917
-4.099
-4.251
-4.348
-4.378
-4.362
-4.292
-4.192
-4.053
-3.842
-3.584
-3.346
-3.255
-3.262
-3.284
-3.316
-3.395
-3.568
-3.808
-4.049
-4.246
-4.407
-4.537
-4.636
-4.684
-4.67
-4.596
-4.523
-4.45
-4.292
-4.087
-3.967
-3.915
-3.847
-3.788
-3.768
-3.781
-3.793
-3.829
-3.899
-3.979
-4.042
-4.14
-4.289
-4.441
-4.521
-4.518
-4.478
-4.412
-4.31
-4.142
-3.92
-3.686
-3.538
-3.489
-3.473
-3.459
-3.529
-3.665
-3.781
-3.881
-3.958
-4.001
-4.044
-4.076
-4.078
-4.037
-3.994
-3.997
-4.049
-4.049
-3.899
-3.715
-3.654
-3.634
-3.489
-3.257
-3.089
-3.03
-3.005
-2.949
-2.931
-2.999
-3.128
-3.278
-3.416
-3.548
-3.659
-3.7
-3.677
-3.647
-3.631
-3.525
-3.337
-3.207
-3.203
-3.223
-3.194
-3.132
-3.098
-3.074
-3.015
-2.946
-2.883
-2.831
-2.797
-2.767
-2.79
-2.892
-3.015
-3.16
-3.361
-3.548
-3.616
-3.604
-3.593
-3.541
-3.4
-3.207
-3.03
-2.931
-2.915
-2.908
-2.91
-2.971
-3.083
-3.169
-3.187
-3.18
-3.201
-3.25
-3.262
-3.246
-3.289
-3.393
-3.448
-3.454
-3.498
-3.538
-3.498
-3.398
-3.309
-3.196
-3.008
-2.792
-2.631
-2.545
-2.482
-2.42
-2.413
-2.529
-2.747
-2.974
-3.169
-3.271
-3.291
-3.318
-3.327
-3.259
-3.11
-2.937
-2.785
-2.656
-2.543
-2.452
-2.364
-2.277
-2.205
-2.155
-2.084
-1.994
-1.932
-1.935
-1.978
-2.089
-2.243
-2.339
-2.377
-2.423
-2.472
-2.479
-2.409
-2.282
-2.171
-2.116
-2.019
-1.851
-1.717
-1.613
-1.545
-1.54
-1.561
-1.622
-1.713
-1.819
-1.901
-1.935
-1.982
-2.057
-2.084
-2.055
-2.044
-2.028
-1.964
-1.876
-1.774
-1.629
-1.458
-1.315
-1.238
-1.195
-1.132
-1.057
-1.057
-1.159
-1.306
-1.474
-1.631
-1.758
-1.878
-1.976
-2.005
-1.939
-1.812
-1.667
-1.506
-1.331
-1.202
-1.111
-1.028
-0.941
-0.866
-0.798
-0.769
-0.794
-0.853
-0.982
-1.154
-1.277
-1.393
-1.551
-1.699
-1.762
-1.722
-1.631
-1.626
-1.708
-1.683
-1.443
-1.141
-0.978
-0.914
-0.792
-0.526
-0.259
-0.166
-0.299
-0.501
-0.612
-0.676
-0.853
-1.145
-1.429
-1.547
-1.427
-1.263
-1.22
-1.166
-0.987
-0.776
-0.653
-0.642
-0.649
-0.547
-0.386
-0.29
-0.249
-0.181
-0.077
-0.027
-0.12
-0.293
-0.406
-0.44
-0.517
-0.655
-0.773
-0.805
-0.744
-0.637
-0.531
-0.386
-0.175
0.095
0.347
0.515
0.599
0.649
0.685
0.646
0.533
0.399
0.293
0.22
0.147
0.086
0.032
0.004
0.009
-0.014
-0.029
0.07
0.281
0.478
0.587
0.658
0.805
1.046
1.275
1.37
1.352
1.288
1.229
1.154
1.003
0.785
0.606
0.542
0.531
0.515
0.485
0.485
0.571
0.748
0.925
0.978
0.991
1.125
1.331
1.433
1.427
1.384
1.327
1.25
1.15
1.048
0.959
0.894
0.839
0.771
0.669
0.601
0.653
0.789
0.921
1.014
1.125
1.3
1.465
1.554
1.565
1.547
1.531
1.499
1.395
1.204
1.018
0.88
0.76
0.628
0.526
0.522
0.601
0.712
0.832
0.971
1.075
1.152
1.281
1.449
1.629
1.758
1.783
1.765
1.742
1.692
1.595
1.454
1.288
1.132
1.028
0.962
0.907
0.862
0.848
0.912
1.014
1.154
1.334
1.513
1.647
1.742
1.81
1.833
1.828
1.833
1.833
1.778
1.688
1.608
1.538
1.465
1.431
1.454
1.488
1.513
1.57
1.651
1.726
1.769
1.794
1.84
1.93
2.001
2.069
2.171
2.227
2.243
2.25
2.216
2.118
2.048
2.059
2.08
2.078
2.125
2.196
2.259
2.345
2.491
2.588
2.586
2.563
2.595
2.64
2.62
2.545
2.436
2.359
2.318
2.286
2.236
2.243
2.311
2.413
2.477
2.484
2.484
2.509
2.547
2.577
2.604
2.622
2.64
2.665
2.735
2.797
2.781
2.688
2.613
2.599
2.525
2.375
2.286
2.327
2.37
2.384
2.429
2.506
2.595
2.679
2.713
2.695
2.713
2.785
2.867
2.906
2.901
2.912
2.908
2.851
2.817
2.822
2.794
2.733
2.708
2.747
2.774
2.792
2.86
2.96
3.074
3.167
3.212
3.264
3.348
3.43
3.475
3.491
3.466
3.448
3.475
3.509
3.459
3.389
3.321
3.246
3.212
3.232
3.189
3.092
3.042
3.094
3.153
3.207
3.3
3.432
3.55
3.647
3.745
3.808
3.811
3.763
3.743
3.684
3.561
3.427
3.325
3.235
3.142
3.055
2.994
2.976
2.967
2.926
2.883
2.851
2.79
2.735
2.74
2.76
2.806
2.874
2.976
3.044
3.035
2.967
2.903
2.842
2.745
2.622
2.479
2.295
2.143
2.103
2.064
1.982
1.937
1.948
1.948
1.921
1.946
1.978
1.946
1.88
1.858
1.871
1.894
1.894
1.844
1.796
1.769
1.749
1.735
1.713
1.674
1.649
1.629
1.606
1.601
1.674
1.792
1.88
1.921
1.966
2.025
2.046
2.037
2.05
2.048
1.976
1.917
1.896
1.871
1.853
1.914
2.012
2.032
2.021
2.041
2.1
2.207
2.35
2.466
2.534
2.627
2.779
2.906
2.94
2.928
2.917
2.908
2.881
2.831
2.729
2.617
2.604
2.642
2.647
2.658
2.763
2.962
3.182
3.364
3.489
3.602
3.715
3.829
3.915
3.972
3.988
3.926
3.883
3.965
4.062
4.051
4.003
3.988
3.956
3.883
3.813
3.804
3.87
3.958
4.051
4.144
4.244
4.419
4.673
4.881
5.024
5.113
5.144
5.167
5.178
5.122
4.963
4.779
4.643
4.602
4.596
4.573
4.514
4.489
4.586
4.727
4.768
4.761
4.831
4.888
4.836
4.75
4.725
4.759
4.818
4.884
4.884
4.829
4.834
4.838
4.813
4.804
4.804
4.756
4.673
4.598
4.559
4.516
4.482
4.482
4.464
4.394
4.323
4.296
4.26
4.205
4.119
4.026
3.988
4.001
4.037
4.105
4.233
4.341
4.403
4.434
4.416
4.364
4.366
4.391
4.357
4.296
4.246
4.214
4.178
4.105
3.992
3.874
3.761
3.727
3.738
3.7
3.679
3.724
3.752
3.756
3.842
4.053
4.255
4.414
4.478
4.455
4.425
4.348
4.239
4.142
4.069
3.99
3.935
3.926
3.963
4.001
3.992
3.992
4.033
4.06
4.053
4.006
3.926
3.883
3.858
3.82
3.808
3.87
3.974
4.046
4.096
4.121
4.13
4.158
4.137
4.053
3.983
3.938
3.897
3.863
3.863
3.879
3.877
3.833
3.804
3.788
3.688
3.588
3.548
3.502
3.459
3.416
3.38
3.416
3.511
3.595
3.684
3.802
3.842
3.799
3.759
3.711
3.659
3.613
3.541
3.448
3.359
3.28
3.248
3.216
3.13
3.035
2.944
2.847
2.822
2.831
2.776
2.706
2.683
2.742
2.844
2.958
3.037
3.128
3.232
3.25
3.189
3.135
3.046
2.912
2.804
2.72
2.62
2.543
2.538
2.568
2.565
2.482
2.402
2.384
2.314
2.236
2.225
2.239
2.255
2.302
2.366
2.427
2.502
2.615
2.733
2.876
2.974
2.99
2.996
2.949
2.842
2.763
2.745
2.722
2.665
2.613
2.55
2.482
2.429
2.418
2.432
2.402
2.416
2.491
2.538
2.561
2.579
2.606
2.679
2.797
2.906
2.987
3.064
3.089
3.008
2.901
2.833
2.779
2.774
2.776
2.713
2.617
2.581
2.613
2.649
2.631
2.565
2.486
2.407
2.393
2.447
2.429
2.345
2.334
2.384
2.425
2.429
2.402
2.407
2.459
2.459
2.348
2.218
2.1
2.001
1.969
1.966
1.948
1.946
1.996
2.05
2.053
1.962
1.828
1.747
1.654
1.547
1.422
1.281
1.198
1.213
1.236
1.216
1.207
1.261
1.361
1.433
1.388
1.256
1.175
1.136
1.062
0.975
0.93
0.939
0.941
0.891
0.801
0.712
0.651
0.621
0.558
0.386
0.218
0.184
0.243
0.313
0.363
0.365
0.372
0.424
0.494
0.488
0.426
0.336
0.265
0.188
0.009
-0.168
-0.188
-0.118
-0.111
-0.163
-0.184
-0.17
-0.132
-0.104
-0.134
-0.213
-0.29
-0.356
-0.386
-0.381
-0.37
-0.372
-0.367
-0.363
-0.392
-0.472
-0.519
-0.497
-0.519
-0.606
-0.708
-0.776
-0.814
-0.823
-0.785
-0.705
-0.646
-0.61
-0.574
-0.562
-0.526
-0.488
-0.512
-0.64
-0.789
-0.853
-0.846
-0.841
-0.839
-0.841
-0.821
-0.782
-0.705
-0.633
-0.603
-0.626
-0.644
-0.658
-0.708
-0.803
-0.882
-0.873
-0.851
-0.939
-1.066
-1.084
-0.993
-0.88
-0.832
-0.828
-0.837
-0.869
-0.891
-0.86
-0.807
-0.771
-0.771
-0.778
-0.748
-0.685
-0.637
-0.621
-0.658
-0.717
-0.796
-0.891
-0.962
-0.984
-0.973
-0.982
-1.023
-1.071
-1.068
-1.016
-0.962
-0.925
-0.903
-0.894
-0.914
-0.916
-0.83
-0.753
-0.746
-0.735
-0.71
-0.726
-0.787
-0.828
-0.835
-0.871
-0.978
-1.084
-1.145
-1.159
-1.109
-1.018
-0.984
-0.971
-0.914
-0.848
-0.857
-0.907
-0.932
-0.978
-1.05
-1.102
-1.093
-1.055
-0.966
-0.873
-0.812
-0.796
-0.819
-0.869
-0.939
-1.046
-1.173
-1.322
-1.433
-1.463
-1.463
-1.438
-1.35
-1.204
-1.059
-0.984
-0.962
-0.957
-0.946
-0.98
-1.048
-1.148
-1.25
-1.291
-1.272
-1.27
-1.281
-1.281
-1.268
-1.288
-1.311
-1.297
-1.277
-1.295
-1.331
-1.359
-1.361
-1.34
-1.277
-1.216
-1.202
-1.207
-1.211
-1.243
-1.3
-1.388
-1.474
-1.499
-1.497
-1.517
-1.506
-1.411
-1.281
-1.186
-1.134
-1.111
-1.068
-0.991
-0.941
-0.975
-1.046
-1.096
-1.109
-1.107
-1.098
-1.093
-1.093
-1.102
-1.109
-1.086
-1.057
-1.052
-1.023
-0.937
-0.851
-0.794
-0.733
-0.637
-0.553
-0.508
-0.492
-0.524
-0.606
-0.728
-0.869
-0.966
-1.028
-1.096
-1.166
-1.202
-1.184
-1.118
-1.025
-0.966
-0.946
-0.907
-0.828
-0.739
-0.689
-0.66
-0.665
-0.712
-0.782
-0.853
-0.93
-1.023
-1.102
-1.154
-1.195
-1.252
-1.297
-1.293
-1.25
-1.218
-1.234
-1.272
-1.288
-1.277
-1.275
-1.297
-1.354
-1.411
-1.452
-1.492
-1.52
-1.536
-1.531
-1.497
-1.452
-1.411
-1.35
-1.293
-1.254
-1.238
-1.266
-1.359
-1.474
-1.563
-1.633
-1.724
-1.833
-1.923
-1.982
-1.996
-2.01
-2.01
-2.007
-1.994
-1.93
-1.796
-1.685
-1.649
-1.638
-1.599
-1.554
-1.533
-1.545
-1.585
-1.633
-1.642
-1.615
-1.638
-1.731
-1.862
-1.957
-2.007
-2.062
-2.107
-2.13
-2.075
-1.935
-1.776
-1.615
-1.443
-1.279
-1.166
-1.098
-1.107
-1.198
-1.343
-1.506
-1.667
-1.772
-1.81
-1.837
-1.835
-1.76
-1.613
-1.47
-1.361
-1.277
-1.204
-1.141
-1.082
-1.089
-1.159
-1.256
-1.313
-1.334
-1.347
-1.402
-1.513
-1.597
-1.613
-1.599
-1.563
-1.565
-1.567
-1.52
-1.424
-1.311
-1.222
-1.193
-1.216
-1.272
-1.318
-1.368
-1.479
-1.638
-1.769
-1.862
-1.957
-2.053
-2.132
-2.143
-2.091
-1.998
-1.93
-1.892
-1.86
-1.792
-1.667
-1.565
-1.551
-1.644
-1.776
-1.892
-1.978
-2.118
-2.334
-2.543
-2.651
-2.683
-2.69
-2.72
-2.715
-2.663
-2.57
-2.484
-2.386
-2.273
-2.175
-2.109
-2.023
-1.98
-2.087
-2.295
-2.522
-2.71
-2.881
-3.064
-3.226
-3.293
-3.282
-3.219
-3.096
-2.978
-2.899
-2.79
-2.672
-2.599
-2.54
-2.497
-2.52
-2.599
-2.667
-2.715
-2.819
-2.98
-3.11
-3.167
-3.153
-3.114
-3.062
-2.999
-2.899
-2.717
-2.536
-2.432
-2.402
-2.377
-2.339
-2.289
-2.293
-2.404
-2.543
-2.622
-2.672
-2.758
-2.892
-2.987
-2.951
-2.808
-2.665
-2.54
-2.418
-2.257
-2.098
-1.971
-1.896
-1.883
-1.942
-2.012
-2.05
-2.134
-2.305
-2.484
-2.599
-2.649
-2.697
-2.774
-2.813
-2.806
-2.774
-2.715
-2.613
-2.55
-2.531
-2.509
-2.441
-2.395
-2.398
-2.423
-2.497
-2.581
-2.613
-2.661
-2.819
-3.039
-3.212
-3.271
-3.266
-3.262
-3.212
-3.123
-3.035
-2.906
-2.751
-2.672
-2.672
-2.715
-2.772
-2.833
-2.935
-3.11
-3.298
-3.43
-3.477
-3.461
-3.445
-3.454
-3.423
-3.282
-3.089
-2.953
-2.86
-2.745
-2.645
-2.565
-2.5
-2.495
-2.588
-2.697
-2.726
-2.704
-2.729
-2.792
-2.828
-2.835
-2.824
-2.783
-2.74
-2.742
-2.74
-2.649
-2.516
-2.368
-2.23
-2.125
-2.048
-2.001
-1.985
-1.998
-2.078
-2.23
-2.35
-2.393
-2.432
-2.488
-2.468
-2.354
-2.252
-2.182
-2.105
-2.01
-1.873
-1.706
-1.556
-1.445
-1.406
-1.42
-1.418
-1.44
-1.563
-1.728
-1.887
-2.044
-2.184
-2.264
-2.28
-2.223
-2.096
-1.944
-1.796
-1.644
-1.465
-1.288
-1.168
-1.1
-1.084
-1.152
-1.281
-1.406
-1.513
-1.669
-1.864
-2.001
-2.08
-2.123
-2.084
-2.005
-1.928
-1.867
-1.79
-1.669
-1.529
-1.422
-1.39
-1.402
-1.44
-1.542
-1.644
-1.747
-1.919
-2.114
-2.216
-2.261
-2.309
-2.343
-2.311
-2.227
-2.125
-1.994
-1.828
-1.706
-1.679
-1.699
-1.735
-1.776
-1.812
-1.896
-2.082
-2.286
-2.42
-2.525
-2.64
-2.769
-2.865
-2.867
-2.758
-2.627
-2.5
-2.375
-2.243
-2.096
-1.951
-1.86
-1.851
-1.86
-1.864
-1.944
-2.116
-2.259
-2.352
-2.445
-2.54
-2.59
-2.593
-2.57
-2.543
-2.45
-2.28
-2.096
-1.955
-1.876
-1.794
-1.676
-1.581
-1.558
-1.574
-1.597
-1.676
-1.774
-1.837
-1.876
-1.898
-1.887
-1.851
-1.792
-1.726
-1.626
-1.474
-1.309
-1.179
-1.098
-1.032
-0.975
-0.998
-1.111
-1.241
-1.368
-1.495
-1.563
-1.588
-1.592
-1.579
-1.504
-1.399
-1.3
-1.154
-0.989
-0.919
-0.889
-0.794
-0.746
-0.828
-0.928
-0.957
-0.989
-1.089
-1.227
-1.338
-1.374
-1.397
-1.427
-1.42
-1.359
-1.247
-1.141
-1.066
-0.982
-0.86
-0.703
-0.592
-0.626
-0.703
-0.717
-0.728
-0.851
-1.041
-1.216
-1.336
-1.404
-1.433
-1.443
-1.445
-1.422
-1.35
-1.286
-1.232
-1.139
-1.021
-0.953
-0.962
-1.012
-1.08
-1.152
-1.241
-1.372
-1.522
-1.647
-1.71
-1.756
-1.801
-1.815
-1.767
-1.681
-1.629
-1.606
-1.529
-1.395
-1.365
-1.456
-1.54
-1.592
-1.667
-1.772
-1.837
-1.885
-1.957
-2.039
-2.073
-2.048
-1.969
-1.887
-1.808
-1.674
-1.472
-1.331
-1.327
-1.3
-1.216
-1.164
-1.211
-1.318
-1.39
-1.406
-1.456
-1.524
-1.551
-1.517
-1.44
-1.331
-1.195
-1.102
-1.048
-0.93
-0.723
-0.603
-0.594
-0.553
-0.458
-0.383
-0.381
-0.401
-0.413
-0.377
-0.297
-0.231
-0.225
-0.213
-0.177
-0.188
-0.225
-0.175
-0.095
-0.097
-0.127
-0.095
-0.038
-0.023
-0.061
-0.084
-0.073
-0.045
-0.036
-0.02
0.045
0.159
0.252
0.306
0.379
0.506
0.553
0.429
0.274
0.181
0.127
0.068
-0.011
-0.113
-0.184
-0.204
-0.2
-0.227
-0.245
-0.172
-0.097
-0.068
-0.036
-0.011
-0.018
-0.009
0.004
-0.018
-0.079
-0.132
-0.172
-0.231
-0.261
-0.27
-0.281
-0.234
-0.206
-0.272
-0.331
-0.295
-0.263
-0.284
-0.304
-0.279
-0.204
-0.127
-0.138
-0.222
-0.281
-0.279
-0.293
-0.356
-0.383
-0.34
-0.272
-0.19
-0.104
-0.034
0.038
0.129
0.204
0.247
0.274
0.245
0.168
0.141
0.145
0.079
-0.002
-0.041
-0.048
-0.027
0.018
0.118
0.265
0.377
0.438
0.474
0.517
0.599
0.696
0.737
0.733
0.773
0.814
0.839
0.821
0.773
0.708
0.687
0.705
0.703
0.692
0.73
0.805
0.932
1.062
1.114
1.166
1.291
1.39
1.415
1.409
1.393
1.347
1.275
1.173
1.057
0.95
0.941
1.043
1.086
1.084
1.161
1.281
1.359
1.359
1.3
1.266
1.266
1.227
1.109
0.978
0.862
0.748
0.66
0.612
0.528
0.429
0.392
0.381
0.377
0.358
0.318
0.27
0.281
0.322
0.311
0.254
0.229
0.245
0.177
0.011
-0.118
-0.204
-0.327
-0.469
-0.576
-0.63
-0.676
-0.733
-0.758
-0.721
-0.646
-0.621
-0.596
-0.547
-0.551
-0.606
-0.61
-0.608
-0.651
-0.689
-0.708
-0.748
-0.819
-0.855
-0.839
-0.841
-0.855
-0.817
-0.798
-0.812
-0.739
-0.61
-0.54
-0.526
-0.476
-0.372
-0.284
-0.302
-0.356
-0.322
-0.211
-0.143
-0.093
0.018
0.143
0.238
0.374
0.512
0.578
0.63
0.703
0.737
0.723
0.685
0.671
0.674
0.712
0.828
0.944
1.009
1.154
1.356
1.483
1.556
1.665
1.806
1.892
1.892
1.889
1.935
2.032
2.107
2.159
2.25
2.339
2.354
2.354
2.393
2.443
2.436
2.375
2.327
2.289
2.241
2.209
2.193
2.243
2.416
2.636
2.797
2.919
3.051
3.155
3.189
3.144
3.051
2.917
2.806
2.726
2.64
2.55
2.506
2.556
2.683
2.858
3.024
3.153
3.244
3.309
3.307
3.28
3.239
3.164
3.08
3.01
2.96
2.953
3.03
3.132
3.155
3.162
3.257
3.35
3.325
3.264
3.246
3.232
3.216
3.219
3.219
3.226
3.278
3.391
