Unnamed: 3
Value
8.261
8.333
8.395
8.359
8.161
7.907
7.771
7.789
7.844
7.941
8.086
8.238
8.37
8.438
8.404
8.254
8.057
7.844
7.648
7.533
7.46
7.406
7.458
7.628
7.787
7.857
7.937
8.075
8.193
8.304
8.395
8.465
8.511
8.549
8.526
8.368
8.141
7.952
7.812
7.637
7.422
7.24
7.17
7.217
7.415
7.701
7.871
7.866
7.909
7.975
7.873
7.664
7.537
7.46
7.354
7.259
7.24
7.195
7.011
6.861
6.846
6.791
6.587
6.322
5.995
5.616
5.326
5.206
5.156
5.099
5.095
5.212
5.36
5.412
5.367
5.167
4.743
4.267
3.899
3.573
3.257
3.026
2.978
3.221
3.702
4.258
4.741
4.988
5.038
4.983
4.841
4.555
4.117
3.64
3.321
3.237
3.291
3.441
3.706
4.126
4.634
5.054
5.276
5.285
5.058
4.625
4.151
3.738
3.371
3.171
3.218
3.429
3.72
4.108
4.566
5.001
5.296
5.398
5.355
5.292
5.289
5.351
5.419
5.507
5.7
6.063
6.551
7.063
7.472
7.764
7.993
8.107
8.03
7.814
7.515
7.211
7.002
6.991
7.136
7.415
7.807
8.272
8.778
9.284
9.633
9.713
9.574
9.345
9.1
8.944
8.914
9.005
9.216
9.57
10.007
10.448
10.829
11.101
11.194
11.14
11.028
10.865
10.625
10.373
10.153
9.999
9.937
9.878
9.683
9.47
9.407
9.393
9.277
9.107
8.953
8.808
8.694
8.64
8.581
8.535
8.649
8.994
9.397
9.672
9.776
9.767
9.688
9.597
9.438
9.123
8.769
8.613
8.631
8.658
8.681
8.665
8.683
8.812
8.93
8.885
8.644
8.32
8.096
7.987
7.93
7.95
8.03
8.086
8.05
7.941
7.814
7.646
7.406
7.183
7.075
7.068
7.193
7.406
7.567
7.594
7.619
7.671
7.644
7.533
7.315
6.954
6.524
6.208
5.981
5.766
5.628
5.702
5.882
5.963
5.918
5.879
5.891
5.863
5.691
5.387
5.085
4.927
4.906
4.945
4.983
5.115
5.423
5.761
5.922
5.823
5.507
5.167
4.967
4.836
4.677
4.58
4.682
4.947
5.226
5.382
5.391
5.271
5.017
4.677
4.269
3.799
3.425
3.364
3.568
3.822
3.967
4.015
4.04
3.983
3.777
3.534
3.377
3.318
3.341
3.386
3.411
3.454
3.466
3.425
3.457
3.672
3.949
4.085
4.06
3.956
3.758
3.432
2.985
2.599
2.452
2.549
2.742
2.94
3.146
3.379
3.577
3.627
3.47
3.225
2.976
2.767
2.649
2.556
2.318
2.082
2.098
2.257
2.279
2.123
2.007
2.073
2.255
2.42
2.484
2.357
1.989
1.529
1.122
0.757
0.456
0.383
0.524
0.685
0.832
1.03
1.211
1.207
0.918
0.404
-0.057
-0.32
-0.361
-0.233
-0.088
0.025
0.159
0.32
0.39
0.288
-0.009
-0.361
-0.574
-0.755
-1.061
-1.409
-1.622
-1.662
-1.606
-1.565
-1.506
-1.381
-1.25
-1.136
-1.003
-0.889
-0.891
-1.066
-1.392
-1.722
-1.86
-1.799
-1.644
-1.495
-1.409
-1.399
-1.336
-1.184
-1.168
-1.531
-2.137
-2.647
-2.94
-3.148
-3.314
-3.316
-3.087
-2.706
-2.307
-2.08
-2.118
-2.334
-2.599
-2.914
-3.277
-3.597
-3.824
-3.886
-3.74
-3.368
-2.865
-2.409
-2.137
-2.087
-2.212
-2.407
-2.572
-2.738
-2.999
-3.3
-3.513
-3.695
-3.851
-3.876
-3.797
-3.72
-3.672
-3.64
-3.704
-3.962
-4.373
-4.747
-4.902
-4.881
-4.763
-4.63
-4.5
-4.314
-4.08
-3.922
-3.831
-3.858
-4.04
-4.353
-4.738
-5.151
-5.491
-5.643
-5.6
-5.391
-5.092
-4.838
-4.718
-4.802
-5.133
-5.591
-5.936
-6.079
-6.185
-6.383
-6.617
-6.782
-6.787
-6.73
-6.757
-6.814
-6.762
-6.587
-6.347
-6.133
-6.04
-6.065
-6.099
-6.104
-6.147
-6.363
-6.716
-6.939
-6.913
-6.755
-6.557
-6.392
-6.326
-6.378
-6.537
-6.773
-6.984
-7.093
-7.129
-7.081
-6.902
-6.666
-6.501
-6.483
-6.6
-6.75
-6.904
-7.138
-7.478
-7.844
-8.098
-8.122
-7.896
-7.556
-7.276
-7.161
-7.165
-7.181
-7.172
-7.236
-7.424
-7.644
-7.803
-7.894
-7.937
-7.998
-8.105
-8.195
-8.231
-8.191
-8.182
-8.286
-8.388
-8.411
-8.49
-8.69
-8.98
-9.257
-9.413
-9.368
-9.15
-8.889
-8.683
-8.554
-8.438
-8.318
-8.297
-8.388
-8.485
-8.572
-8.651
-8.681
-8.613
-8.492
-8.404
-8.411
-8.511
-8.685
-8.932
-9.168
-9.282
-9.327
-9.343
-9.272
-9.096
-8.903
-8.787
-8.701
-8.522
-8.252
-8.02
-7.93
-7.873
-7.769
-7.714
-7.658
-7.515
-7.324
-7.168
-7.018
-6.809
-6.596
-6.444
-6.256
-6.004
-5.823
-5.893
-6.174
-6.417
-6.465
-6.36
-6.199
-6.011
-5.768
-5.423
-4.931
-4.38
-3.958
-3.736
-3.659
-3.718
-3.876
-4.051
-4.083
-3.829
-3.393
-2.999
-2.713
-2.506
-2.373
-2.345
-2.407
-2.545
-2.694
-2.797
-2.799
-2.708
-2.629
-2.527
-2.223
-1.728
-1.313
-1.136
-1.157
-1.293
-1.492
-1.658
-1.742
-1.837
-1.98
-2.021
-1.869
-1.64
-1.379
-0.964
-0.394
0.02
0.152
0.093
0.007
-0.097
-0.265
-0.444
-0.562
-0.639
-0.651
-0.463
-0.075
0.302
0.515
0.581
0.485
0.206
-0.134
-0.401
-0.533
-0.583
-0.517
-0.306
-0.059
0.107
0.206
0.256
0.37
0.633
0.932
1.066
0.982
0.88
0.837
0.739
0.483
0.165
-0.009
0.036
0.215
0.535
1
1.429
1.581
1.42
1.039
0.444
-0.22
-0.671
-0.862
-1
-1.059
-0.794
-0.292
-0.075
-0.302
-0.635
-0.83
-1.043
-1.363
-1.556
-1.542
-1.418
-1.238
-1.032
-0.948
-1.084
-1.409
-1.778
-2.1
-2.395
-2.599
-2.586
-2.466
-2.468
-2.647
-2.847
-2.969
-3.082
-3.2
-3.246
-3.166
-2.935
-2.667
-2.556
-2.67
-2.919
-3.184
-3.441
-3.693
-3.824
-3.704
-3.379
-3.021
-2.713
-2.479
-2.359
-2.379
-2.497
-2.608
-2.683
-2.724
-2.651
-2.472
-2.227
-1.928
-1.638
-1.481
-1.533
-1.792
-2.046
-2.118
-2.035
-1.862
-1.703
-1.624
-1.57
-1.567
-1.629
-1.644
-1.622
-1.533
-1.281
-0.928
-0.601
-0.41
-0.429
-0.558
-0.646
-0.717
-0.789
-0.805
-0.796
-0.794
-0.805
-0.805
-0.826
-0.982
-1.22
-1.309
-1.172
-0.998
-0.914
-0.875
-0.733
-0.499
-0.358
-0.351
-0.404
-0.496
-0.678
-0.971
-1.272
-1.461
-1.495
-1.37
-1.057
-0.646
-0.349
-0.236
-0.247
-0.338
-0.531
-0.739
-0.855
-0.878
-0.891
-0.966
-1.034
-0.916
-0.617
-0.372
-0.268
-0.206
-0.102
0.002
0.043
0.018
-0.02
-0.004
0.097
0.263
0.401
0.537
0.789
1.079
1.297
1.427
1.513
1.554
1.388
1.005
0.585
0.233
-0.018
-0.131
-0.097
0.063
0.408
0.882
1.243
1.327
1.243
1.145
1.064
0.921
0.809
0.789
0.753
0.676
0.685
0.83
1.034
1.25
1.429
1.463
1.284
1.018
0.807
0.581
0.283
0.066
0.07
0.315
0.683
1.025
1.268
1.399
1.495
1.608
1.588
1.29
0.832
0.51
0.399
0.288
0.174
0.259
0.581
1.025
1.433
1.724
1.835
1.765
1.608
1.392
1.136
0.968
0.964
1.041
1.1
1.222
1.392
1.517
1.558
1.635
1.715
1.615
1.272
0.921
0.735
0.662
0.599
0.612
0.776
1.073
1.415
1.692
1.81
1.778
1.662
1.411
0.966
0.474
0.122
-0.009
0.013
0.088
0.259
0.49
0.653
0.705
0.744
0.723
0.608
0.417
0.179
-0.109
-0.472
-0.859
-1.1
-1.186
-1.209
-1.139
-0.875
-0.546
-0.347
-0.338
-0.451
-0.608
-0.839
-1.182
-1.592
-1.971
-2.125
-1.987
-1.674
-1.333
-1.032
-0.803
-0.723
-0.878
-1.268
-1.781
-2.186
-2.445
-2.638
-2.855
-3.082
-3.137
-2.962
-2.758
-2.645
-2.533
-2.309
-2.012
-1.855
-1.862
-1.892
-1.939
-2.134
-2.431
-2.67
-2.824
-2.897
-2.769
-2.459
-2.209
-2.109
-2.014
-1.919
-2.014
-2.259
-2.395
-2.288
-2.112
-2.012
-1.876
-1.597
-1.333
-1.268
-1.386
-1.64
-1.953
-2.175
-2.234
-2.277
-2.341
-2.309
-2.121
-1.885
-1.733
-1.762
-1.873
-1.871
-1.781
-1.787
-1.867
-1.903
-1.926
-2.062
-2.343
-2.679
-2.935
-3.053
-3.178
-3.391
-3.554
-3.559
-3.491
-3.452
-3.432
-3.445
-3.407
-3.289
-3.189
-3.214
-3.341
-3.47
-3.57
-3.613
-3.611
-3.647
-3.727
-3.749
-3.788
-3.89
-3.956
-3.953
-3.978
-3.99
-3.897
-3.797
-3.806
-3.901
-3.978
-3.972
-3.903
-3.872
-3.892
-4.008
-4.173
-4.251
-4.246
-4.248
-4.371
-4.588
-4.761
-4.852
-4.938
-4.965
-4.863
-4.632
-4.312
-4.049
-3.951
-3.942
-3.999
-4.228
-4.521
-4.741
-4.933
-5.151
-5.312
-5.308
-5.206
-5.072
-4.858
-4.559
-4.305
-4.196
-4.192
-4.348
-4.682
-5.038
-5.28
-5.41
-5.498
-5.559
-5.514
-5.353
-5.23
-5.154
-5.031
-4.976
-5.029
-5.072
-5.128
-5.296
-5.514
-5.612
-5.537
-5.382
-5.299
-5.299
-5.296
-5.224
-5.051
-4.963
-5.097
-5.376
-5.661
-5.902
-6.07
-6.213
-6.347
-6.349
-6.104
-5.707
-5.321
-5.017
-4.818
-4.772
-4.863
-4.995
-5.151
-5.41
-5.707
-5.995
-6.217
-6.226
-5.984
-5.637
-5.36
-5.122
-4.902
-4.825
-4.931
-5.119
-5.346
-5.643
-5.893
-5.9
-5.759
-5.777
-5.9
-5.811
-5.473
-5.194
-5.104
-5.09
-5.045
-5.151
-5.471
-5.834
-6.115
-6.353
-6.48
-6.385
-6.129
-5.802
-5.448
-5.128
-4.99
-5.072
-5.335
-5.718
-6.095
-6.335
-6.426
-6.426
-6.408
-6.347
-6.231
-6.093
-5.938
-5.736
-5.514
-5.369
-5.391
-5.489
-5.578
-5.723
-6.02
-6.317
-6.433
-6.41
-6.38
-6.353
-6.195
-5.943
-5.704
-5.53
-5.398
-5.33
-5.455
-5.702
-5.979
-6.263
-6.449
-6.392
-6.106
-5.804
-5.607
-5.405
-5.276
-5.358
-5.573
-5.766
-5.909
-5.991
-5.952
-5.811
-5.709
-5.68
-5.602
-5.36
-5.147
-5.158
-5.296
-5.387
-5.451
-5.645
-5.972
-6.197
-6.217
-6.152
-6.113
-5.974
-5.691
-5.41
-5.183
-4.976
-4.847
-4.806
-4.765
-4.711
-4.754
-4.933
-5.128
-5.208
-5.219
-5.251
-5.262
-5.192
-5.083
-4.956
-4.799
-4.668
-4.691
-4.788
-4.763
-4.654
-4.636
-4.682
-4.618
-4.484
-4.521
-4.616
-4.541
-4.396
-4.409
-4.471
-4.423
-4.357
-4.38
-4.459
-4.505
-4.555
-4.602
-4.55
-4.43
-4.421
-4.53
-4.536
-4.423
-4.35
-4.366
-4.348
-4.328
-4.428
-4.53
-4.521
-4.484
-4.489
-4.38
-4.062
-3.695
-3.429
-3.207
-2.944
-2.797
-2.89
-3.112
-3.323
-3.466
-3.493
-3.418
-3.307
-3.171
-2.967
-2.686
-2.493
-2.513
-2.561
-2.397
-2.114
-1.932
-1.987
-2.207
-2.468
-2.638
-2.617
-2.427
-2.266
-2.25
-2.232
-2.057
-1.805
-1.71
-1.81
-2.073
-2.431
-2.822
-3.16
-3.386
-3.527
-3.618
-3.579
-3.4
-3.146
-2.951
-2.917
-3.035
-3.289
-3.563
-3.731
-3.79
-3.822
-3.82
-3.743
-3.602
-3.409
-3.227
-3.098
-3.01
-2.953
-2.933
-2.949
-3.062
-3.357
-3.679
-3.804
-3.718
-3.502
-3.171
-2.842
-2.613
-2.438
-2.225
-1.985
-1.912
-2.096
-2.393
-2.615
-2.71
-2.806
-2.91
-2.847
-2.502
-1.951
-1.354
-0.846
-0.542
-0.42
-0.465
-0.694
-1.073
-1.501
-1.889
-2.139
-2.189
-1.991
-1.481
-0.755
-0.109
0.281
0.449
0.526
0.592
0.533
0.215
-0.2
-0.376
-0.276
-0.093
0.066
0.24
0.569
1.109
1.681
2.059
2.107
1.819
1.447
1.236
1.159
1.043
0.939
1.003
1.288
1.688
2.066
2.402
2.638
2.69
2.525
2.257
2.051
1.951
1.912
1.966
2.205
2.663
3.23
3.736
3.994
3.879
3.45
2.996
2.647
2.325
2.066
2.021
2.261
2.697
3.227
3.795
4.398
4.988
5.426
5.639
5.593
5.321
4.967
4.666
4.521
4.623
4.999
5.476
5.795
6.081
6.632
7.349
7.841
7.9
7.648
7.308
6.984
6.8
6.896
7.202
7.542
7.875
8.338
8.957
9.459
9.52
9.264
8.93
8.529
8.116
7.848
7.744
7.771
7.955
8.356
8.914
9.343
9.483
9.488
9.443
9.268
8.91
8.409
7.848
7.372
7.072
7.032
7.286
7.685
8.089
8.511
8.992
9.372
9.388
9.073
8.674
8.213
7.621
7.093
6.923
7.124
7.417
7.642
7.848
8.111
8.277
8.172
7.794
7.243
6.678
6.188
5.809
5.503
5.305
5.317
5.593
6.017
6.374
6.541
6.517
6.378
6.14
5.711
5.099
4.448
3.91
3.47
3.121
2.987
3.203
3.702
4.319
4.874
5.221
5.317
5.165
4.743
4.121
3.466
2.946
2.629
2.44
2.391
2.572
2.999
3.454
3.734
3.79
3.618
3.312
3.021
2.756
2.477
2.239
2.127
2.17
2.318
2.522
2.785
3.098
3.318
3.293
3.039
2.633
2.182
1.794
1.438
1.061
0.789
0.809
1.193
1.826
2.488
2.935
3.132
3.112
2.905
2.518
1.916
1.204
0.628
0.304
0.229
0.406
0.785
1.222
1.646
2.001
2.177
2.114
1.844
1.42
0.971
0.635
0.506
0.553
0.674
0.859
1.191
1.642
2.003
2.18
2.214
2.103
1.848
1.544
1.279
1.141
1.177
1.316
1.511
1.808
2.184
2.558
2.847
3.037
3.119
3.028
2.679
2.15
1.692
1.324
0.991
0.794
0.903
1.222
1.599
1.953
2.239
2.452
2.568
2.522
2.293
2.005
1.74
1.515
1.363
1.372
1.61
2.005
2.264
2.298
2.286
2.214
1.939
1.57
1.213
0.844
0.503
0.392
0.551
0.796
1.02
1.243
1.427
1.492
1.429
1.277
1.093
0.828
0.453
0.088
-0.19
-0.449
-0.639
-0.648
-0.506
-0.342
-0.138
0.12
0.333
0.342
0.152
-0.095
-0.349
-0.66
-0.984
-1.288
-1.436
-1.365
-1.109
-0.814
-0.605
-0.503
-0.437
-0.453
-0.621
-0.835
-0.987
-1.12
-1.286
-1.452
-1.535
-1.549
-1.551
-1.535
-1.497
-1.411
-1.234
-1.005
-0.846
-0.859
-0.977
-1.02
-0.946
-0.887
-0.83
-0.692
-0.499
-0.311
-0.183
-0.17
-0.215
-0.276
-0.39
-0.581
-0.766
-0.882
-0.873
-0.726
-0.528
-0.379
-0.245
-0.095
-0.027
-0.113
-0.342
-0.635
-0.83
-0.875
-0.864
-0.85
-0.753
-0.465
-0.022
0.424
0.737
0.866
0.885
0.864
0.789
0.631
0.44
0.27
0.147
0.095
0.157
0.302
0.492
0.68
0.787
0.805
0.764
0.61
0.304
-0.029
-0.27
-0.42
-0.451
-0.347
-0.236
-0.188
-0.17
-0.109
0.027
0.165
0.163
0.061
0.013
0.011
-0.084
-0.302
-0.506
-0.615
-0.596
-0.465
-0.329
-0.306
-0.456
-0.717
-0.937
-1.102
-1.345
-1.649
-1.84
-1.842
-1.765
-1.678
-1.651
-1.744
-2.021
-2.436
-2.835
-3.094
-3.253
-3.473
-3.708
-3.727
-3.513
-3.2
-2.86
-2.529
-2.295
-2.139
-2.005
-1.887
-1.921
-2.132
-2.4
-2.604
-2.76
-2.93
-3.119
-3.189
-3.092
-2.919
-2.729
-2.502
-2.309
-2.261
-2.318
-2.456
-2.672
-2.842
-2.894
-2.89
-2.971
-3.125
-3.191
-3.026
-2.76
-2.611
-2.595
-2.565
-2.49
-2.447
-2.472
-2.509
-2.547
-2.511
-2.295
-1.982
-1.84
-1.951
-2.103
-2.109
-2.018
-1.957
-1.975
-2.084
-2.22
-2.314
-2.364
-2.397
-2.397
-2.364
-2.331
-2.309
-2.268
-2.153
-1.971
-1.833
-1.774
-1.705
-1.547
-1.388
-1.395
-1.547
-1.667
-1.672
-1.619
-1.579
-1.563
-1.54
-1.427
-1.193
-0.916
-0.771
-0.894
-1.179
-1.409
-1.542
-1.646
-1.817
-2.025
-2.196
-2.302
-2.364
-2.391
-2.42
-2.513
-2.672
-2.794
-2.842
-2.917
-3.096
-3.362
-3.652
-3.867
-3.958
-3.992
-4.019
-4.012
-3.942
-3.786
-3.559
-3.425
-3.454
-3.636
-3.949
-4.35
-4.743
-5.06
-5.308
-5.417
-5.346
-5.115
-4.861
-4.763
-4.856
-5.056
-5.224
-5.33
-5.448
-5.634
-5.839
-6.061
-6.301
-6.46
-6.483
-6.439
-6.387
-6.285
-6.065
-5.78
-5.559
-5.539
-5.716
-6.065
-6.478
-6.793
-6.891
-6.866
-6.904
-6.943
-6.741
-6.29
-5.793
-5.396
-5.212
-5.273
-5.48
-5.673
-5.854
-6.086
-6.326
-6.451
-6.358
-6.108
-5.854
-5.693
-5.526
-5.24
-4.933
-4.745
-4.709
-4.779
-4.906
-5.029
-5.101
-5.081
-5.017
-4.96
-4.899
-4.759
-4.471
-4.051
-3.606
-3.264
-3.139
-3.234
-3.416
-3.55
-3.67
-3.86
-4.033
-4.003
-3.743
-3.277
-2.753
-2.418
-2.329
-2.359
-2.447
-2.665
-2.98
-3.291
-3.513
-3.575
-3.448
-3.194
-2.858
-2.558
-2.404
-2.311
-2.153
-1.975
-1.871
-1.919
-2.134
-2.402
-2.617
-2.788
-2.974
-3.139
-3.123
-2.783
-2.22
-1.74
-1.52
-1.474
-1.583
-1.862
-2.209
-2.542
-2.801
-2.878
-2.742
-2.481
-2.173
-1.867
-1.626
-1.522
-1.613
-1.842
-2.057
-2.168
-2.248
-2.384
-2.502
-2.49
-2.329
-2.162
-2.159
-2.282
-2.307
-2.166
-1.955
-1.792
-1.672
-1.504
-1.284
-1.152
-1.227
-1.415
-1.635
-1.853
-1.939
-1.848
-1.726
-1.585
-1.399
-1.236
-1.164
-1.168
-1.17
-1.172
-1.266
-1.452
-1.522
-1.39
-1.216
-1.073
-0.941
-0.83
-0.751
-0.735
-0.798
-0.916
-1.1
-1.279
-1.275
-1.046
-0.766
-0.583
-0.463
-0.37
-0.318
-0.279
-0.247
-0.249
-0.283
-0.265
-0.218
-0.243
-0.367
-0.526
-0.619
-0.587
-0.451
-0.224
0.043
0.345
0.712
1.089
1.324
1.368
1.302
1.209
1.111
1.016
1.016
1.209
1.59
1.989
2.316
2.574
2.756
2.933
3.153
3.4
3.649
3.922
4.244
4.625
4.943
5.024
5.001
5.097
5.267
5.294
5.249
5.369
5.695
6.079
6.419
6.685
6.841
6.861
6.798
6.682
6.596
6.562
6.58
6.73
6.975
7.097
7.065
7.018
6.989
6.932
6.818
6.743
6.735
6.732
6.671
6.585
6.551
6.553
6.546
6.528
6.485
6.34
6.138
5.981
5.834
5.587
5.251
4.967
4.718
4.396
4.099
3.994
4.139
4.398
4.588
4.729
4.881
4.929
4.786
4.455
3.96
3.373
2.867
2.611
2.59
2.72
3.012
3.477
3.96
4.176
4.053
3.806
3.532
3.116
2.604
2.214
2.053
2.021
2.103
2.302
2.538
2.733
2.815
2.772
2.661
2.49
2.286
2.116
1.994
1.867
1.717
1.633
1.705
1.86
2.003
2.118
2.27
2.466
2.595
2.563
2.35
2.048
1.758
1.477
1.168
0.937
1.018
1.395
1.753
1.971
2.13
2.184
2.025
1.676
1.261
0.939
0.744
0.626
0.574
0.553
0.556
0.637
0.789
0.944
1.003
0.878
0.653
0.494
0.392
0.2
-0.038
-0.168
-0.222
-0.318
-0.394
-0.324
-0.131
0.022
0.086
0.081
-0.011
-0.15
-0.259
-0.399
-0.605
-0.792
-0.783
-0.637
-0.487
-0.406
-0.351
-0.224
-0.048
0.002
-0.193
-0.544
-0.778
-0.794
-0.73
-0.692
-0.637
-0.553
-0.456
-0.322
-0.211
-0.2
-0.218
-0.197
-0.165
-0.2
-0.229
-0.143
0.022
0.163
0.274
0.463
0.744
0.95
0.961
0.873
0.844
0.918
1.005
0.948
0.751
0.59
0.626
0.807
1
1.129
1.209
1.324
1.524
1.699
1.737
1.64
1.483
1.34
1.304
1.361
1.37
1.318
1.318
1.361
1.349
1.333
1.415
1.563
1.699
1.737
1.76
1.799
1.699
1.431
1.164
1.05
1.15
1.402
1.597
1.608
1.535
1.495
1.458
1.352
1.129
0.921
0.928
1.191
1.535
1.762
1.903
2.066
2.191
2.114
1.833
1.481
1.216
1.109
1.143
1.234
1.363
1.585
1.885
2.068
1.998
1.814
1.678
1.585
1.461
1.29
1.148
1.159
1.361
1.61
1.683
1.59
1.594
1.749
1.86
1.867
1.91
2.018
2.075
1.985
1.74
1.409
1.139
1.03
1.055
1.193
1.386
1.633
1.966
2.255
2.288
2.064
1.776
1.542
1.327
1.157
1.155
1.297
1.463
1.547
1.56
1.535
1.436
1.259
1.027
0.753
0.544
0.522
0.612
0.73
0.909
1.132
1.281
1.288
1.193
1.011
0.728
0.499
0.433
0.397
0.256
0.054
-0.122
-0.279
-0.433
-0.494
-0.358
-0.007
0.458
0.832
0.977
1.005
0.987
0.842
0.572
0.265
0.05
0.034
0.263
0.728
1.259
1.685
1.937
1.985
1.783
1.402
1.018
0.803
0.728
0.746
0.855
1.068
1.324
1.504
1.506
1.354
1.182
1.073
0.973
0.844
0.757
0.764
0.796
0.796
0.651
0.374
0.134
0.107
0.177
0.211
0.318
0.594
0.875
0.921
0.648
0.177
-0.27
-0.581
-0.771
-0.937
-1.084
-1.1
-0.987
-0.894
-0.88
-0.885
-0.921
-0.968
-0.907
-0.678
-0.458
-0.283
-0.057
0.12
0.113
0.027
-0.02
-0.052
-0.161
-0.281
-0.268
-0.102
0.104
0.252
0.329
0.342
0.313
0.272
0.231
0.218
0.238
0.308
0.492
0.78
1
1.025
0.894
0.819
0.871
0.966
1
1.025
1.107
1.207
1.338
1.515
1.615
1.603
1.629
1.765
2.021
2.384
2.765
3.085
3.316
3.493
3.625
3.672
3.575
3.395
3.293
3.362
3.67
4.123
4.548
4.87
5.23
5.664
5.972
6.008
5.832
5.569
5.337
5.219
5.24
5.36
5.521
5.734
6.072
6.519
6.95
7.206
7.29
7.249
7.102
6.891
6.73
6.752
6.948
7.195
7.449
7.787
8.116
8.222
8.084
7.914
7.855
7.748
7.422
6.954
6.578
6.465
6.657
7.032
7.431
7.8
8.161
8.533
8.862
8.989
8.839
8.529
8.182
7.83
7.408
6.961
6.739
6.898
7.283
7.655
7.946
8.191
8.409
8.499
8.397
8.172
7.9
7.651
7.437
7.165
6.834
6.639
6.766
7.124
7.451
7.619
7.664
7.705
7.73
7.648
7.406
7.054
6.723
6.505
6.412
6.437
6.598
6.913
7.322
7.655
7.796
7.717
7.51
7.265
6.954
6.614
6.367
6.222
6.122
6.117
6.317
6.678
7.127
7.605
8.02
8.261
8.338
8.313
8.182
7.885
7.472
7.048
6.755
6.621
6.623
6.787
7.102
7.453
7.705
7.755
7.642
7.467
7.308
7.134
6.991
6.939
6.939
6.945
6.961
6.948
6.909
6.857
6.689
6.412
6.133
5.92
5.761
5.609
5.523
5.559
5.68
5.829
6.045
6.287
6.419
6.421
6.396
6.315
6.14
5.906
5.684
5.432
5.151
4.897
4.725
4.652
4.702
4.802
4.841
4.858
4.922
4.963
4.893
4.825
4.865
4.952
5.042
5.101
5.067
4.976
4.872
4.693
4.502
4.38
4.314
4.325
4.475
4.668
4.799
4.913
5.092
5.305
5.437
5.448
5.432
5.444
5.451
5.421
5.344
5.335
5.494
5.68
5.795
5.906
6.052
6.231
6.446
6.578
6.567
6.571
6.739
6.968
7.124
7.247
7.451
7.789
8.207
8.524
8.622
8.565
8.504
8.383
8.134
7.809
7.624
7.737
8.163
8.728
9.207
9.592
10.073
10.563
10.822
10.786
10.538
10.196
9.921
9.756
9.595
9.527
9.636
9.831
10.037
10.293
10.586
10.883
11.142
11.296
11.275
11.051
10.797
10.57
10.314
10.082
10.028
10.139
10.366
10.616
10.722
10.661
10.581
10.5
10.312
9.992
9.608
9.338
9.316
9.447
9.577
9.76
10.101
10.414
10.5
10.327
9.985
9.572
9.189
8.792
8.374
8.084
8.041
8.184
8.361
8.547
8.762
8.959
9.048
8.969
8.683
8.238
7.807
7.496
7.209
6.861
6.532
6.417
6.553
6.748
6.832
6.843
6.902
6.979
6.882
6.564
6.108
5.691
5.478
5.469
5.537
5.661
5.909
6.244
6.524
6.607
6.458
6.072
5.491
4.886
4.425
4.196
4.232
4.475
4.732
4.865
4.949
5.113
5.294
5.344
5.171
4.902
4.734
4.67
4.595
4.436
4.289
4.28
4.425
4.645
4.849
4.947
4.947
4.913
4.822
4.518
4.062
3.695
3.559
3.677
3.931
4.192
4.416
4.586
4.62
4.473
4.173
3.831
3.504
3.169
2.847
2.674
2.806
3.223
3.765
4.178
4.305
4.214
4.049
3.876
3.634
3.26
2.855
2.629
2.667
2.84
2.99
3.03
3.066
3.187
3.275
3.221
3.046
2.79
2.495
2.288
2.241
2.284
2.266
2.175
2.177
2.318
2.538
2.715
2.772
2.701
2.531
2.298
2.071
1.876
1.626
1.309
1.12
1.22
1.542
1.812
1.885
1.88
1.896
1.821
1.501
1.093
0.757
0.485
0.218
0.043
0.066
0.238
0.413
0.501
0.474
0.356
0.209
0.027
-0.229
-0.499
-0.651
-0.639
-0.599
-0.631
-0.701
-0.766
-0.805
-0.783
-0.696
-0.698
-0.844
-0.993
-1.17
-1.468
-1.844
-2.164
-2.357
-2.379
-2.302
-2.18
-2.023
-1.821
-1.705
-1.79
-2.096
-2.47
-2.74
-2.89
-3.001
-3.076
-3.039
-2.86
-2.651
-2.586
-2.694
-2.79
-2.751
-2.724
-2.858
-3.094
-3.253
-3.232
-3.066
-2.928
-2.958
-3.11
-3.284
-3.409
-3.416
-3.371
-3.348
-3.307
-3.248
-3.243
-3.282
-3.316
-3.318
-3.287
-3.246
-3.241
-3.314
-3.389
-3.411
-3.497
-3.734
-4.01
-4.187
-4.291
-4.457
-4.697
-4.829
-4.756
-4.62
-4.541
-4.584
-4.754
-4.96
-5.122
-5.276
-5.405
-5.496
-5.569
-5.612
-5.628
-5.652
-5.727
-5.891
-6.124
-6.353
-6.498
-6.43
-6.206
-6.07
-6.072
-6.126
-6.204
-6.351
-6.562
-6.707
-6.741
-6.716
-6.68
-6.66
-6.714
-6.868
-7.045
-7.159
-7.229
-7.351
-7.535
-7.71
-7.816
-7.712
-7.401
-7.14
-7.113
-7.22
-7.331
-7.401
-7.494
-7.658
-7.748
-7.637
-7.376
-7.138
-7.093
-7.181
-7.281
-7.272
-7.183
-7.12
-7.124
-7.174
-7.231
-7.267
-7.265
-7.302
-7.367
-7.399
-7.433
-7.526
-7.601
-7.517
-7.304
-7.104
-7.009
-6.945
-6.902
-6.923
-6.968
-7.02
-7.075
-7.056
-6.952
-6.882
-6.846
-6.768
-6.657
-6.562
-6.571
-6.65
-6.639
-6.562
-6.603
-6.868
-7.197
-7.392
-7.428
-7.476
-7.635
-7.859
-8.027
-8.079
-8.068
-8.148
-8.349
-8.452
-8.377
-8.263
-8.322
-8.535
-8.708
-8.687
-8.531
-8.447
-8.508
-8.574
-8.567
-8.54
-8.617
-8.898
-9.236
-9.395
-9.334
-9.252
-9.35
-9.495
-9.452
-9.236
-9.039
-8.998
-9.087
-9.229
-9.298
-9.25
-9.193
-9.2
-9.211
-9.202
-9.255
-9.32
-9.27
-9.109
-8.944
-8.748
-8.397
-7.964
-7.603
-7.428
-7.467
-7.621
-7.773
-7.816
-7.721
-7.539
-7.308
-7.011
-6.587
-6.185
-6
-6.017
-6.131
-6.281
-6.478
-6.698
-6.771
-6.619
-6.301
-5.947
-5.664
-5.38
-5.01
-4.586
-4.298
-4.242
-4.28
-4.294
-4.312
-4.344
-4.334
-4.305
-4.235
-4.067
-3.817
-3.584
-3.373
-3.139
-2.942
-2.817
-2.701
-2.588
-2.558
-2.679
-2.853
-2.914
-2.84
-2.733
-2.71
-2.751
-2.699
-2.472
-2.17
-1.987
-2.009
-2.153
-2.241
-2.137
-1.88
-1.662
-1.556
-1.422
-1.046
-0.544
-0.276
-0.376
-0.585
-0.617
-0.549
-0.592
-0.726
-0.8
-0.739
-0.624
-0.546
-0.515
-0.503
-0.508
-0.444
-0.288
-0.209
-0.315
-0.399
-0.233
0.032
0.072
-0.102
-0.168
-0.029
0.127
0.213
0.333
0.496
0.635
0.71
0.658
0.417
0.045
-0.304
-0.519
-0.605
-0.583
-0.46
-0.222
0.045
0.204
0.22
0.15
0.016
-0.138
-0.315
-0.567
-0.866
-1.089
-1.243
-1.377
-1.465
-1.501
-1.458
-1.304
-1.139
-1.046
-1
-1.018
-1.12
-1.293
-1.522
-1.821
-2.132
-2.407
-2.599
-2.672
-2.583
-2.311
-1.957
-1.735
-1.651
-1.558
-1.56
-1.84
-2.316
-2.794
-3.166
-3.348
-3.339
-3.196
-2.944
-2.586
-2.177
-1.785
-1.542
-1.658
-1.969
-2.159
-2.2
-2.309
-2.499
-2.581
-2.407
-2.109
-1.939
-1.876
-1.726
-1.506
-1.336
-1.259
-1.254
-1.284
-1.333
-1.399
-1.508
-1.717
-1.932
-1.953
-1.808
-1.66
-1.583
-1.452
-1.218
-0.998
-0.955
-1.091
-1.254
-1.263
-1.166
-1.136
-1.191
-1.107
-0.889
-0.771
-0.844
-1.039
-1.243
-1.306
-1.213
-1.134
-1.143
-1.143
-0.998
-0.755
-0.674
-0.85
-1.059
-1.098
-1.005
-0.889
-0.783
-0.719
-0.655
-0.605
-0.635
-0.769
-0.95
-1.082
-1.059
-0.984
-0.975
-0.957
-0.885
-0.757
-0.601
-0.526
-0.531
-0.635
-0.846
-1.089
-1.186
-1.098
-0.941
-0.701
-0.34
0.009
0.193
0.152
-0.118
-0.463
-0.687
-0.707
-0.526
-0.211
0.045
0.109
0.093
0.043
-0.143
-0.413
-0.603
-0.605
-0.533
-0.451
-0.236
0.115
0.392
0.537
0.701
0.816
0.76
0.624
0.551
0.574
0.671
0.805
0.916
1
1.018
0.909
0.794
0.848
1.111
1.472
1.771
1.896
1.93
1.901
1.762
1.554
1.409
1.372
1.497
1.805
2.214
2.595
2.887
3.064
3.166
3.187
3.001
2.686
2.436
2.327
2.323
2.407
2.54
2.656
2.756
2.806
2.801
2.774
2.753
2.767
2.824
2.876
2.914
2.937
2.86
2.677
2.413
2.132
1.923
1.794
1.69
1.681
1.853
2.121
2.279
2.209
1.964
1.712
1.529
1.365
1.179
1.05
1.036
1.164
1.313
1.29
1.059
0.737
0.526
0.522
0.599
0.644
0.744
0.964
1.193
1.236
1.061
0.809
0.615
0.429
0.19
-0.075
-0.252
-0.286
-0.27
-0.263
-0.304
-0.437
-0.576
-0.54
-0.408
-0.37
-0.463
-0.474
-0.347
-0.22
-0.243
-0.32
-0.342
-0.345
-0.435
-0.667
-0.955
-1.177
-1.279
-1.311
-1.363
-1.39
-1.37
-1.245
-1.052
-0.898
-0.814
-0.748
-0.71
-0.717
-0.757
-0.862
-1.016
-1.195
-1.316
-1.286
-1.161
-1.064
-1.011
-0.984
-1.043
-1.216
-1.347
-1.39
-1.47
-1.626
-1.794
-1.914
-1.912
-1.79
-1.574
-1.324
-1.107
-0.869
-0.633
-0.531
-0.626
-0.894
-1.222
-1.508
-1.774
-2.073
-2.329
-2.407
-2.302
-2.005
-1.515
-0.982
-0.617
-0.531
-0.676
-0.88
-1.159
-1.549
-1.901
-2.125
-2.232
-2.257
-2.241
-2.139
-1.916
-1.626
-1.313
-1.064
-1
-1.193
-1.567
-1.989
-2.407
-2.772
-2.942
-2.842
-2.647
-2.538
-2.45
-2.291
-2.177
-2.223
-2.402
-2.686
-3.03
-3.393
-3.747
-4.099
-4.337
-4.26
-3.883
-3.441
-3.03
-2.611
-2.368
-2.466
-2.738
-2.978
-3.275
-3.727
-4.196
-4.473
-4.518
-4.45
-4.314
-4.076
-3.82
-3.604
-3.466
-3.436
-3.55
-3.772
-4.012
-4.208
-4.325
-4.36
-4.294
-4.149
-3.953
-3.734
-3.525
-3.371
-3.277
-3.289
-3.538
-4.006
-4.536
-4.915
-5.095
-5.101
-4.97
-4.725
-4.364
-3.935
-3.561
-3.398
-3.386
-3.473
-3.693
-4.001
-4.298
-4.602
-4.834
-4.893
-4.793
-4.618
-4.443
-4.255
-4.021
-3.858
-3.817
-3.863
-4.051
-4.419
-4.765
-4.952
-5.017
-5.024
-5.056
-5.065
-4.952
-4.745
-4.507
-4.307
-4.273
-4.4
-4.609
-4.913
-5.233
-5.435
-5.496
-5.453
-5.321
-5.185
-5.115
-5.14
-5.328
-5.628
-5.906
-6.063
-6.161
-6.278
-6.344
-6.353
-6.385
-6.399
-6.283
-6.081
-5.915
-5.823
-5.725
-5.523
-5.323
-5.235
-5.208
-5.221
-5.315
-5.439
-5.559
-5.675
-5.813
-5.981
-6.093
-6.072
-5.974
-5.882
-5.879
-5.902
-5.9
-5.879
-5.832
-5.748
-5.584
-5.428
-5.403
-5.423
-5.435
-5.543
-5.702
-5.75
-5.605
-5.301
-4.96
-4.691
-4.53
-4.5
-4.573
-4.636
-4.749
-5.035
-5.43
-5.714
-5.786
-5.698
-5.446
-5.076
-4.775
-4.641
-4.582
-4.509
-4.471
-4.552
-4.732
-5.026
-5.369
-5.589
-5.659
-5.673
-5.616
-5.38
-4.945
-4.525
-4.325
-4.38
-4.595
-4.943
-5.369
-5.748
-6.006
-6.215
-6.41
-6.451
-6.19
-5.661
-5.063
-4.63
-4.419
-4.305
-4.334
-4.614
-5.063
-5.489
-5.834
-6.122
-6.301
-6.201
-5.854
-5.514
-5.246
-4.945
-4.55
-4.282
-4.305
-4.595
-5.029
-5.41
-5.709
-5.961
-6.145
-6.181
-6.02
-5.652
-5.21
-4.863
-4.727
-4.806
-4.936
-5.065
-5.317
-5.634
-5.793
-5.791
-5.695
-5.51
-5.208
-4.827
-4.502
-4.275
-4.139
-4.169
-4.421
-4.861
-5.36
-5.802
-6.108
-6.12
-5.791
-5.24
-4.645
-4.151
-3.822
-3.684
-3.758
-4.074
-4.559
-5.063
-5.469
-5.707
-5.795
-5.682
-5.348
-4.906
-4.471
-4.099
-3.729
-3.341
-3.062
-3.037
-3.187
-3.386
-3.584
-3.777
-3.867
-3.786
-3.6
-3.368
-3.096
-2.799
-2.509
-2.277
-2.182
-2.27
-2.488
-2.704
-2.858
-2.985
-3.03
-2.933
-2.71
-2.377
-1.978
-1.61
-1.392
-1.415
-1.538
-1.583
-1.629
-1.79
-1.971
-2.062
-2.053
-1.987
-1.86
-1.726
-1.696
-1.812
-1.989
-2.121
-2.134
-2.177
-2.368
-2.631
-2.801
-2.803
-2.692
-2.608
-2.613
-2.72
-2.838
-2.914
-3.008
-3.23
-3.502
-3.643
-3.536
-3.327
-3.16
-3.01
-2.849
-2.774
-2.851
-2.969
-3.046
-3.116
-3.18
-3.318
-3.554
-3.749
-3.681
-3.293
-2.822
-2.522
-2.359
-2.157
-2.028
-2.259
-2.833
-3.411
-3.715
-3.711
-3.554
-3.382
-3.196
-2.855
-2.3
-1.692
-1.288
-1.195
-1.268
-1.39
-1.565
-1.767
-1.903
-1.844
-1.547
-1.118
-0.776
-0.553
-0.297
-0.057
0.054
0.034
-0.086
-0.263
-0.394
-0.442
-0.533
-0.631
-0.496
-0.122
0.29
0.608
0.907
1.288
1.715
2.012
2.066
1.84
1.461
1.159
1.114
1.302
1.594
1.942
2.368
2.853
3.253
3.366
3.207
2.942
2.722
2.592
2.533
2.425
2.345
2.484
2.867
3.298
3.699
4.101
4.353
4.305
4.076
3.938
3.935
3.901
3.831
3.808
3.96
4.353
4.924
5.405
5.675
5.882
6.192
6.576
6.848
6.857
6.541
6.079
5.802
5.764
5.87
6.058
6.274
6.51
6.809
7.14
7.399
7.503
7.431
7.222
7.013
7.016
7.186
7.317
7.367
7.533
7.871
8.161
8.179
7.907
7.483
7.211
7.231
7.388
7.549
7.741
7.918
8.014
8.136
8.338
8.476
8.409
8.182
7.905
7.639
7.39
7.152
6.916
6.678
6.487
6.401
6.458
6.589
6.687
6.802
7.05
7.299
7.267
6.925
6.519
6.24
6.072
5.952
5.943
5.997
6.09
6.24
6.376
6.451
6.408
6.14
5.655
5.131
4.736
4.564
4.582
4.693
4.761
4.759
4.754
4.727
4.591
4.226
3.675
3.155
2.817
2.611
2.4
2.186
2.084
2.223
2.563
2.901
3.121
3.23
3.273
3.314
3.327
3.23
2.996
2.64
2.225
1.885
1.787
1.916
2.157
2.336
2.329
2.162
1.901
1.651
1.481
1.311
1.105
0.991
1.086
1.352
1.615
1.846
2.098
2.314
2.379
2.239
1.939
1.576
1.29
1.168
1.236
1.383
1.452
1.429
1.544
1.846
2.159
2.343
2.429
2.409
2.18
1.794
1.422
1.17
1.034
0.968
0.975
1.034
1.188
1.54
1.907
1.987
1.708
1.261
0.912
0.73
0.628
0.54
0.528
0.71
1.093
1.581
1.973
2.107
2.071
2.028
2.014
1.869
1.549
1.254
1.127
1.102
1.157
1.349
1.653
1.905
2.071
2.252
2.409
2.359
2.041
1.635
1.254
0.853
0.567
0.515
0.601
0.624
0.628
0.805
1.107
1.306
1.331
1.25
1.114
0.964
0.905
0.885
0.866
0.887
1.005
1.236
1.431
1.409
1.225
1.064
0.918
0.796
0.737
0.637
0.442
0.218
0.07
0.154
0.517
0.961
1.229
1.257
1.161
0.998
0.726
0.313
-0.131
-0.449
-0.556
-0.517
-0.426
-0.279
-0.1
0.011
0.088
0.195
0.174
-0.138
-0.592
-0.989
-1.195
-1.204
-1.068
-0.896
-0.746
-0.617
-0.487
-0.324
-0.172
-0.206
-0.483
-0.878
-1.238
-1.544
-1.776
-1.966
-2.127
-2.214
-2.075
-1.626
-1.059
-0.674
-0.551
-0.581
-0.655
-0.794
-1.027
-1.392
-1.857
-2.212
-2.216
-1.824
-1.222
-0.642
-0.179
0.256
0.694
0.878
0.637
0.143
-0.37
-0.787
-1
-0.987
-0.878
-0.753
-0.556
-0.256
0.052
0.24
0.215
-0.007
-0.322
-0.605
-0.737
-0.696
-0.553
-0.422
-0.356
-0.243
0
0.286
0.494
0.662
0.839
0.971
1.025
0.993
0.757
0.315
-0.152
-0.399
-0.397
-0.206
0.113
0.492
0.837
1.145
1.363
1.306
0.896
0.302
-0.218
-0.528
-0.644
-0.667
-0.599
-0.374
-0.084
0.129
0.211
0.213
0.147
0.011
-0.154
-0.27
-0.326
-0.354
-0.392
-0.472
-0.572
-0.621
-0.651
-0.746
-0.819
-0.771
-0.608
-0.394
-0.276
-0.415
-0.821
-1.363
-1.896
-2.291
-2.509
-2.556
-2.425
-2.1
-1.74
-1.567
-1.592
-1.71
-1.91
-2.202
-2.529
-2.801
-2.996
-3.085
-2.937
-2.568
-2.164
-1.951
-1.937
-1.948
-1.953
-1.996
-2.014
-1.939
-1.835
-1.801
-1.935
-2.273
-2.677
-2.996
-3.194
-3.284
-3.327
-3.314
-3.096
-2.658
-2.229
-2.055
-2.114
-2.273
-2.484
-2.779
-3.125
-3.255
-3.005
-2.636
-2.386
-2.209
-2.048
-1.948
-1.996
-2.202
-2.386
-2.361
-2.288
-2.416
-2.633
-2.692
-2.568
-2.364
-2.146
-1.962
-1.776
-1.599
-1.506
-1.535
-1.653
-1.79
-1.919
-2.103
-2.452
-2.901
-3.164
-3.128
-2.937
-2.694
-2.397
-2.014
-1.606
-1.363
-1.431
-1.651
-1.878
-2.153
-2.409
-2.563
-2.624
-2.561
-2.277
-1.873
-1.529
-1.365
-1.402
-1.527
-1.681
-1.896
-2.191
-2.54
-2.874
-3.11
-3.203
-3.246
-3.314
-3.421
-3.518
-3.504
-3.371
-3.268
-3.375
-3.582
-3.647
-3.54
-3.488
-3.665
-3.926
-4.074
-4.064
-4.008
-4.006
-4.09
-4.176
-4.196
-4.167
-4.21
-4.366
-4.555
-4.677
-4.7
-4.625
-4.539
-4.455
-4.328
-4.26
-4.355
-4.575
-4.834
-5.065
-5.273
-5.467
-5.609
-5.695
-5.709
-5.621
-5.403
-5.138
-4.927
-4.765
-4.638
-4.661
-4.895
-5.185
-5.301
-5.235
-5.162
-5.228
-5.326
-5.339
-5.33
-5.31
-5.278
-5.301
-5.289
-5.167
-4.986
-4.825
-4.752
-4.706
-4.604
-4.471
-4.443
-4.604
-4.897
-5.19
-5.46
-5.736
-5.984
-5.988
-5.711
-5.348
-5.015
-4.693
-4.346
-4.13
-4.103
-4.099
-4.053
-4.008
-3.981
-4.01
-4.162
-4.419
-4.614
-4.6
-4.423
-4.185
-3.876
-3.402
-2.883
-2.504
-2.364
-2.484
-2.81
-3.268
-3.772
-4.244
-4.475
-4.371
-4.044
-3.566
-2.935
-2.32
-1.969
-1.887
-1.957
-2.164
-2.454
-2.638
-2.649
-2.554
-2.366
-2.055
-1.642
-1.252
-0.993
-0.864
-0.809
-0.789
-0.828
-0.916
-1.003
-1.079
-1.141
-1.161
-1.036
-0.76
-0.354
0.15
0.653
1.039
1.268
1.3
1.041
0.526
-0.075
-0.592
-0.955
-1.155
-1.136
-0.839
-0.27
0.485
1.306
1.96
2.141
1.755
1.091
0.429
-0.245
-0.959
-1.458
-1.452
-0.916
-0.209
0.404
0.9
1.297
1.549
1.646
1.579
1.327
0.932
0.506
0.131
-0.179
-0.401
-0.567
-0.689
-0.705
-0.578
-0.329
0.127
0.717
1.139
1.172
0.88
0.499
0.122
-0.392
-1.007
-1.268
-0.975
-0.415
0.109
0.531
0.916
1.164
1.127
0.844
0.437
0.048
-0.115
0.084
0.447
0.773
1.166
1.737
2.282
2.504
2.488
2.549
2.744
2.919
3.008
3.021
3.001
2.996
3.053
3.178
3.366
3.677
4.267
5.108
5.834
6.163
6.188
6.108
5.974
5.734
5.512
5.453
5.661
6.142
6.891
7.748
8.508
9.111
9.547
9.704
9.513
9.1
8.656
8.349
8.229
8.257
8.365
8.474
8.608
8.812
8.989
9.114
9.241
9.341
9.284
9.098
8.873
8.592
8.2
7.798
7.535
7.392
7.376
7.537
7.737
7.803
7.719
7.513
7.213
6.875
6.51
6.086
5.582
5.088
4.736
4.616
4.682
4.741
4.663
4.471
4.303
4.194
3.999
3.57
3.132
2.905
2.801
2.624
2.329
2.001
1.728
1.581
1.551
1.529
1.34
1.014
0.778
0.687
0.603
0.463
0.342
0.27
0.102
-0.14
-0.245
-0.19
-0.174
-0.256
-0.367
-0.42
-0.394
-0.399
-0.494
-0.608
-0.712
-0.828
-0.891
-0.928
-1.052
-1.213
-1.297
-1.295
-1.297
-1.259
-1.102
-0.864
-0.705
-0.766
-0.984
-1.222
-1.463
-1.69
-1.857
-1.946
-1.971
-1.876
-1.635
-1.365
-1.089
-0.723
-0.39
-0.27
-0.365
-0.47
-0.519
-0.605
-0.748
-0.857
-0.855
-0.757
-0.596
-0.37
-0.179
-0.016
0.24
0.565
0.733
0.698
0.689
0.871
1.116
1.29
1.352
1.322
1.309
1.413
1.52
1.508
1.515
1.644
1.851
1.994
1.978
1.837
1.755
1.83
1.975
2.084
2.148
2.234
2.411
2.663
2.881
3.012
3.101
3.144
3.107
2.992
2.81
2.579
2.379
2.266
2.148
2.023
2.005
2.123
2.241
2.259
2.216
2.2
2.248
2.277
2.17
1.942
1.753
1.742
1.885
2.016
2.055
2.114
2.198
2.227
2.143
1.966
1.681
1.327
1.036
0.835
0.703
0.66
0.705
0.8
0.83
0.773
0.637
0.397
0.05
-0.308
-0.54
-0.578
-0.453
-0.286
-0.204
-0.188
-0.202
-0.238
-0.256
-0.245
-0.252
-0.292
-0.372
-0.463
-0.567
-0.694
-0.771
-0.778
-0.719
-0.574
-0.397
-0.283
-0.313
-0.372
-0.299
-0.113
0.02
0.057
0.066
0.088
0.154
0.313
0.492
0.576
0.556
0.51
0.499
0.494
0.347
0.091
-0.036
0.036
0.245
0.496
0.737
0.993
1.227
1.413
1.554
1.617
1.544
1.368
1.198
1.12
1.098
1.091
1.125
1.222
1.368
1.465
1.567
1.778
1.998
2.073
2.041
2.08
2.193
2.186
2.021
1.871
1.871
1.971
2.073
2.202
2.348
2.384
2.316
2.229
2.08
1.755
1.304
0.95
0.853
0.993
1.29
1.705
2.048
2.186
2.148
2.012
1.86
1.615
1.218
0.792
0.496
0.354
0.27
0.188
0.152
0.17
0.247
0.383
0.553
0.572
0.29
-0.029
-0.066
0.088
0.172
0.007
-0.295
-0.494
-0.51
-0.426
-0.351
-0.39
-0.553
-0.714
-0.85
-1.046
-1.284
-1.449
-1.474
-1.406
-1.333
-1.288
-1.275
-1.263
-1.139
-0.9
-0.728
-0.694
-0.694
-0.796
-1.155
-1.565
-1.794
-1.869
-1.989
-2.282
-2.654
-2.93
-3.001
-2.817
-2.488
-2.218
-2.064
-1.942
-1.819
-1.758
-1.885
-2.209
-2.525
-2.636
-2.62
-2.694
-2.828
-2.824
-2.636
-2.388
-2.168
-1.946
-1.737
-1.638
-1.619
-1.554
-1.436
-1.365
-1.449
-1.674
-1.819
-1.703
-1.495
-1.297
-1.05
-0.796
-0.664
-0.567
-0.415
-0.349
-0.481
-0.687
-0.717
-0.508
-0.254
-0.12
0.002
0.222
0.467
0.733
0.975
1.093
1.05
0.944
0.846
0.733
0.569
0.449
0.42
0.51
0.826
1.25
1.588
1.776
1.885
2.001
2.134
2.112
1.862
1.47
1.043
0.68
0.517
0.603
0.898
1.297
1.672
1.907
2.032
2.139
2.214
2.205
2.112
1.914
1.601
1.322
1.252
1.39
1.594
1.846
2.223
2.62
2.853
2.944
2.94
2.955
2.937
2.824
2.667
2.525
2.375
2.282
2.425
2.865
3.457
3.967
4.341
4.607
4.786
4.897
4.915
4.827
4.666
4.471
4.325
4.33
4.509
4.849
5.249
5.675
6.149
6.492
6.623
6.657
6.716
6.728
6.587
6.458
6.562
6.859
7.259
7.689
8.082
8.413
8.603
8.565
8.359
8.118
7.937
7.791
7.707
7.68
7.685
7.71
7.832
8.136
8.529
8.907
9.205
9.443
9.565
9.515
9.331
9.062
8.64
8.075
7.585
7.381
7.481
7.791
8.304
9.014
9.812
10.477
10.842
10.865
10.577
10.125
9.679
9.284
8.937
8.619
8.415
8.433
8.728
9.148
9.497
9.667
9.74
9.774
9.74
9.606
9.393
9.121
8.826
8.583
8.476
8.549
8.681
8.769
8.944
9.264
9.413
9.168
8.748
8.209
7.533
6.975
6.698
6.632
6.705
6.957
7.317
7.753
8.102
8.118
7.816
7.338
6.712
6.008
5.344
4.765
4.469
4.407
4.421
4.5
4.743
5.042
5.183
5.283
5.351
5.194
4.82
4.63
4.575
4.258
3.826
3.64
3.677
3.665
3.675
3.774
4.028
4.262
4.337
4.312
4.062
3.622
3.241
3.064
2.822
2.683
2.894
3.266
3.622
3.949
4.212
4.291
4.278
4.137
3.822
3.375
3.094
3.078
3.162
3.305
3.554
3.978
4.432
4.82
5.081
5.187
5.203
5.246
5.382
5.398
5.249
5.167
5.228
5.199
5.081
5.022
5.108
5.419
5.886
6.281
6.478
6.703
6.982
7.122
7.113
7.027
6.957
6.991
7.27
7.689
8.05
8.27
8.388
8.461
8.476
8.354
8.127
7.991
7.937
7.946
8.105
8.426
8.762
9.037
9.279
9.513
9.776
9.949
9.931
9.855
9.765
9.59
9.393
9.261
9.118
8.946
8.833
8.835
8.912
9.094
9.379
9.599
9.713
9.733
9.642
9.341
8.971
8.683
8.431
8.286
8.304
8.435
8.583
8.717
8.812
8.935
9.035
8.978
8.796
8.587
8.409
8.3
8.272
8.259
8.32
8.44
8.535
8.619
8.615
8.508
8.395
8.381
8.438
8.418
8.272
8.098
7.921
7.701
7.483
7.417
7.526
7.646
7.701
7.744
7.837
7.955
8.02
7.968
7.778
7.583
7.451
7.329
7.156
6.966
6.873
6.918
7.022
7.172
7.347
7.469
7.56
7.626
7.619
7.442
7.113
6.773
6.462
6.154
5.947
6.034
6.365
6.714
6.973
7.163
7.329
7.453
7.388
7.068
6.591
6.147
5.902
5.789
5.682
5.614
5.704
5.977
6.335
6.585
6.628
6.551
6.396
6.165
5.875
5.526
5.224
5.013
4.822
4.684
4.634
4.695
4.877
5.047
5.076
5.006
4.983
4.974
4.765
4.287
3.749
3.464
3.452
3.577
3.736
3.886
4.103
4.441
4.777
4.967
4.924
4.657
4.291
3.981
3.727
3.432
3.227
3.212
3.291
3.364
3.389
3.416
3.5
3.561
3.495
3.362
3.173
2.887
2.563
2.304
2.059
1.885
1.982
2.293
2.506
2.502
2.429
2.425
2.479
2.506
2.425
2.191
1.857
1.646
1.646
1.694
1.626
1.603
1.86
2.293
2.554
2.488
2.182
1.79
1.477
1.268
1.1
0.941
0.814
0.721
0.687
0.733
0.844
0.991
1.175
1.324
1.333
1.234
1.2
1.22
1.168
1.005
0.835
0.792
0.816
0.769
0.633
0.594
0.748
1.009
1.234
1.216
0.823
0.313
0.043
0.007
-0.043
-0.202
-0.306
-0.222
-0.036
0.113
0.145
-0.007
-0.288
-0.549
-0.78
-1.068
-1.347
-1.431
-1.329
-1.25
-1.27
-1.295
-1.216
-1.093
-1.12
-1.288
-1.379
-1.302
-1.218
-1.347
-1.59
-1.717
-1.696
-1.667
-1.762
-2.03
-2.352
-2.495
-2.477
-2.452
-2.484
-2.549
-2.558
-2.536
-2.679
-2.958
-3.141
-3.196
-3.266
-3.343
-3.364
-3.407
-3.588
-3.799
-3.842
-3.684
-3.482
-3.339
-3.305
-3.382
-3.482
-3.568
-3.704
-3.933
-4.269
-4.634
-4.895
-5.063
-5.169
-5.158
-5.038
-4.795
-4.423
-4.101
-4.056
-4.296
-4.625
-4.911
-5.154
-5.412
-5.643
-5.7
-5.553
-5.33
-5.165
-4.995
-4.713
-4.462
-4.48
-4.768
-5.201
-5.695
-6.095
-6.283
-6.272
-6.086
-5.73
-5.332
-5.056
-4.899
-4.795
-4.811
-5.063
-5.482
-5.882
-6.163
-6.347
-6.465
-6.483
-6.363
-6.117
-5.748
-5.389
-5.21
-5.199
-5.249
-5.33
-5.55
-5.981
-6.514
-6.986
-7.324
-7.474
-7.39
-7.032
-6.462
-5.85
-5.371
-5.154
-5.201
-5.471
-5.925
-6.521
-7.134
-7.603
-7.723
-7.533
-7.252
-6.986
-6.632
-6.228
-6.031
-6.108
-6.274
-6.449
-6.714
-7.086
-7.499
-7.9
-8.177
-8.247
-8.134
-7.95
-7.739
-7.456
-7.102
-6.809
-6.78
-7.093
-7.624
-8.284
-9.03
-9.697
-10.064
-10.019
-9.601
-9.018
-8.42
-7.905
-7.546
-7.349
-7.345
-7.723
-8.515
-9.393
-9.967
-10.123
-10.042
-9.826
-9.388
-8.744
-8.113
-7.719
-7.608
-7.696
-7.907
-8.177
-8.497
-8.885
-9.223
-9.388
-9.311
-8.957
-8.435
-7.905
-7.383
-6.88
-6.589
-6.628
-6.814
-6.991
-7.195
-7.472
-7.694
-7.714
-7.531
-7.193
-6.712
-6.083
-5.351
-4.607
-4.024
-3.804
-4.033
-4.532
-4.997
-5.253
-5.444
-5.634
-5.641
-5.319
-4.677
-3.972
-3.495
-3.257
-3.055
-2.901
-2.921
-3.08
-3.271
-3.382
-3.35
-3.212
-3.103
-3.042
-2.905
-2.636
-2.395
-2.329
-2.338
-2.325
-2.302
-2.327
-2.434
-2.554
-2.549
-2.411
-2.234
-1.98
-1.644
-1.261
-0.916
-0.737
-0.828
-1.15
-1.579
-1.973
-2.212
-2.316
-2.307
-2.141
-1.862
-1.531
-1.218
-1.039
-0.982
-0.968
-1.014
-1.161
-1.3
-1.275
-1.107
-0.878
-0.76
-0.794
-0.816
-0.809
-0.891
-1.018
-1.093
-1.068
-0.944
-0.816
-0.778
-0.789
-0.703
-0.513
-0.37
-0.426
-0.61
-0.676
-0.553
-0.388
-0.256
-0.165
-0.107
-0.12
-0.247
-0.463
-0.581
-0.546
-0.496
-0.431
-0.331
-0.265
-0.218
-0.165
-0.172
-0.213
-0.174
-0.091
-0.07
-0.129
-0.193
-0.179
-0.127
-0.213
-0.485
-0.821
-1.096
-1.29
-1.477
-1.676
-1.746
-1.576
-1.227
-0.882
-0.728
-0.798
-0.928
-1.014
-1.139
-1.447
-1.901
-2.291
-2.431
-2.368
-2.309
-2.325
-2.323
-2.177
-2.016
-2.071
-2.364
-2.67
-2.783
-2.792
-2.878
-3.03
-3.08
-2.933
-2.665
-2.422
-2.273
-2.214
-2.182
-2.166
-2.298
-2.656
-3.08
-3.334
-3.393
-3.434
-3.523
-3.513
-3.298
-2.946
-2.629
-2.425
-2.284
-2.182
-2.15
-2.212
-2.354
-2.481
-2.499
-2.354
-2.064
-1.765
-1.574
-1.361
-1.03
-0.789
-0.871
-1.127
-1.304
-1.345
-1.379
-1.501
-1.56
-1.32
-0.882
-0.567
-0.492
-0.49
-0.397
-0.261
-0.272
-0.524
-0.792
-0.889
-0.85
-0.848
-0.959
-1.046
-0.921
-0.596
-0.281
-0.134
-0.138
-0.159
-0.097
-0.102
-0.302
-0.537
-0.624
-0.631
-0.626
-0.587
-0.513
-0.397
-0.224
-0.127
-0.172
-0.268
-0.39
-0.553
-0.726
-0.835
-0.814
-0.667
-0.483
-0.326
-0.17
-0.043
0.022
-0.029
-0.233
-0.47
-0.551
-0.456
-0.29
-0.12
0.05
0.292
0.596
0.769
0.726
0.585
0.424
0.288
0.129
-0.138
-0.426
-0.472
-0.259
0.018
0.243
0.342
0.349
0.281
0.104
-0.143
-0.381
-0.515
-0.492
-0.356
-0.218
-0.107
-0.016
0.063
0.222
0.531
0.853
1.089
1.204
1.155
0.955
0.744
0.594
0.51
0.524
0.585
0.703
0.855
0.916
0.9
0.932
1.009
1.055
1.05
1.039
1.007
0.878
0.721
0.667
0.683
0.778
0.977
1.272
1.603
1.873
1.982
1.964
1.892
1.755
1.492
1.148
0.823
0.619
0.603
0.773
1.02
1.295
1.588
1.86
2.064
2.15
2.109
1.96
1.744
1.504
1.234
0.944
0.764
0.805
0.968
1.127
1.216
1.257
1.286
1.281
1.125
0.796
0.437
0.124
-0.134
-0.279
-0.215
0.111
0.601
1.018
1.247
1.261
1.079
0.717
0.224
-0.27
-0.719
-1.1
-1.37
-1.513
-1.574
-1.535
-1.363
-1.122
-0.912
-0.855
-0.944
-1.048
-1.12
-1.238
-1.488
-1.828
-2.103
-2.284
-2.461
-2.57
-2.475
-2.184
-1.923
-1.787
-1.649
-1.492
-1.431
-1.551
-1.821
-2.168
-2.572
-2.955
-3.171
-3.055
-2.772
-2.574
-2.45
-2.259
-2.089
-2.078
-2.227
-2.357
-2.361
-2.384
-2.495
-2.59
-2.615
-2.592
-2.518
-2.395
-2.245
-2.112
-2.014
-1.903
-1.737
-1.54
-1.411
-1.479
-1.712
-1.926
-2.071
-2.207
-2.32
-2.4
-2.42
-2.348
-2.214
-2.037
-1.916
-1.951
-1.978
-1.769
-1.495
-1.377
-1.379
-1.347
-1.275
-1.329
-1.572
-1.835
-1.944
-2.073
-2.252
-2.277
-2.08
-1.869
-1.724
-1.581
-1.572
-1.781
-1.96
-1.916
-1.81
-1.842
-1.985
-2.107
-2.096
-2.053
-2.137
-2.409
-2.769
-3.119
-3.3
-3.284
-3.253
-3.26
-3.198
-3.085
-2.976
-2.885
-2.844
-2.914
-3.06
-3.287
-3.525
-3.706
-3.917
-4.185
-4.371
-4.353
-4.217
-4.06
-3.931
-3.931
-4.067
-4.269
-4.446
-4.582
-4.675
-4.822
-5.024
-5.215
-5.369
-5.441
-5.396
-5.289
-5.135
-4.933
-4.825
-4.888
-5.038
-5.226
-5.367
-5.365
-5.335
-5.419
-5.519
-5.51
-5.414
-5.249
-4.997
-4.782
-4.734
-4.802
-4.893
-5.001
-5.203
-5.507
-5.804
-6.031
-6.154
-6.106
-5.954
-5.847
-5.764
-5.589
-5.321
-4.992
-4.684
-4.575
-4.725
-5.008
-5.317
-5.652
-5.95
-6.054
-5.836
-5.382
-4.931
-4.627
-4.48
-4.484
-4.666
-4.981
-5.305
-5.602
-5.834
-5.956
-6.034
-6.056
-5.918
-5.569
-5.119
-4.759
-4.58
-4.496
-4.391
-4.344
-4.482
-4.759
-5.013
-5.215
-5.478
-5.795
-5.963
-5.809
-5.353
-4.82
-4.405
-4.112
-3.958
-4.047
-4.43
-5.045
-5.645
-6.043
-6.224
-6.265
-6.122
-5.693
-5.038
-4.419
-4.164
-4.321
-4.625
-4.947
-5.339
-5.811
-6.308
-6.637
-6.691
-6.598
-6.467
-6.301
-6.083
-5.893
-5.748
-5.609
-5.439
-5.358
-5.5
-5.841
-6.29
-6.775
-7.079
-7.068
-6.87
-6.666
-6.417
-5.995
-5.521
-5.317
-5.446
-5.675
-5.854
-6.034
-6.294
-6.582
-6.791
-6.827
-6.648
-6.392
-6.208
-6.099
-6.002
-5.943
-5.963
-5.997
-5.97
-5.877
-5.764
-5.675
-5.698
-5.809
-5.882
-5.859
-5.836
-5.813
-5.645
-5.308
-5.024
-4.922
-4.931
-4.965
-4.963
-4.965
-5.069
-5.285
-5.391
-5.265
-5.047
-4.888
-4.825
-4.795
-4.797
-4.852
-4.893
-4.917
-4.965
-4.947
-4.856
-4.815
-4.854
-4.893
-4.811
-4.661
-4.557
-4.534
-4.527
-4.493
-4.464
-4.53
-4.718
-4.852
-4.841
-4.782
-4.82
-4.911
-4.888
-4.732
-4.552
-4.412
-4.248
-4.074
-3.978
-4.112
-4.507
-4.906
-5.115
-5.242
-5.376
-5.43
-5.346
-5.147
-4.868
-4.602
-4.391
-4.258
-4.146
-4.056
-4.101
-4.346
-4.666
-4.904
-5.013
-5.058
-4.986
-4.752
-4.432
-4.101
-3.767
-3.411
-3.137
-3.058
-3.203
-3.577
-4.026
-4.31
-4.396
-4.316
-4.099
-3.765
-3.318
-2.794
-2.375
-2.177
-2.107
-2.059
-2.078
-2.295
-2.69
-3.053
-3.214
-3.162
-2.969
-2.783
-2.69
-2.556
-2.273
-1.926
-1.662
-1.52
-1.436
-1.422
-1.581
-1.937
-2.357
-2.697
-2.887
-2.958
-3.008
-3.01
-2.94
-2.853
-2.84
-2.946
-3.046
-3.082
-3.139
-3.255
-3.382
-3.488
-3.516
-3.416
-3.291
-3.268
-3.309
-3.316
-3.339
-3.448
-3.584
-3.618
-3.556
-3.511
-3.466
-3.366
-3.144
-2.833
-2.538
-2.298
-2.15
-2.057
-2.062
-2.268
-2.74
-3.341
-3.736
-3.82
-3.856
-3.881
-3.724
-3.289
-2.629
-1.919
-1.413
-1.218
-1.225
-1.316
-1.47
-1.74
-2.078
-2.25
-2.118
-1.776
-1.447
-1.222
-1.018
-0.828
-0.703
-0.644
-0.596
-0.49
-0.272
-0.048
0.025
-0.068
-0.183
-0.195
-0.109
-0.036
-0.022
0.022
0.165
0.41
0.678
0.93
1.105
1.102
1.018
1.082
1.306
1.472
1.458
1.331
1.311
1.549
1.901
2.041
1.916
1.785
1.814
2.007
2.307
2.615
2.794
2.876
2.978
3.076
3.08
2.912
2.636
2.413
2.375
2.499
2.627
2.629
2.638
2.835
3.166
3.488
3.69
3.697
3.559
3.45
3.554
3.826
4.067
4.151
4.169
4.364
4.77
5.128
5.353
5.53
5.789
6.113
6.367
6.553
6.762
6.959
7.118
7.299
7.576
7.809
7.898
7.98
8.172
8.415
8.574
8.579
8.435
8.191
8.016
8.089
8.313
8.533
8.758
8.969
9.134
9.3
9.429
9.364
9.107
8.835
8.665
8.565
8.526
8.535
8.563
8.622
8.812
9.148
9.413
9.416
9.284
9.189
9.068
8.889
8.708
8.513
8.274
8.093
8.098
8.281
8.522
8.699
8.712
8.646
8.649
8.708
8.572
8.093
7.506
7.043
6.757
6.594
6.521
6.458
6.415
6.496
6.648
6.678
6.557
6.467
6.471
6.41
6.208
5.991
5.804
5.569
5.237
4.979
4.933
5.035
5.085
4.99
4.777
4.566
4.416
4.287
4.085
3.84
3.606
3.445
3.423
3.55
3.638
3.582
3.466
3.318
3.026
2.645
2.304
2.068
1.905
1.783
1.74
1.814
1.953
2.118
2.266
2.336
2.341
2.284
2.15
1.903
1.626
1.347
1.016
0.719
0.51
0.385
0.345
0.379
0.515
0.676
0.798
0.903
1.059
1.2
1.191
1.034
0.837
0.664
0.578
0.596
0.712
0.857
1.003
1.166
1.345
1.427
1.338
1.2
1.198
1.313
1.449
1.544
1.56
1.635
1.864
2.121
2.288
2.407
2.461
2.407
2.252
2.035
1.808
1.692
1.774
1.903
1.951
1.966
2.048
2.27
2.552
2.776
2.901
2.933
2.89
2.806
2.694
2.588
2.561
2.672
2.851
2.946
2.862
2.708
2.663
2.667
2.579
2.404
2.2
1.971
1.755
1.588
1.542
1.678
1.887
1.989
1.883
1.651
1.513
1.47
1.436
1.365
1.227
1.014
0.796
0.642
0.549
0.569
0.689
0.814
0.896
0.955
1.02
1.025
0.887
0.603
0.333
0.215
0.183
0.124
0.043
-0.048
-0.124
-0.143
-0.17
-0.281
-0.426
-0.517
-0.51
-0.453
-0.385
-0.392
-0.496
-0.592
-0.583
-0.556
-0.601
-0.683
-0.717
-0.723
-0.794
-0.885
-0.912
-0.871
-0.889
-0.975
-1.009
-0.959
-0.819
-0.644
-0.581
-0.66
-0.733
-0.719
-0.737
-0.857
-1.007
-1.007
-0.882
-0.766
-0.771
-0.907
-1.064
-1.145
-1.152
-1.179
-1.254
-1.333
-1.397
-1.343
-1.043
-0.642
-0.345
-0.163
-0.07
-0.084
-0.17
-0.338
-0.556
-0.707
-0.696
-0.551
-0.383
-0.252
-0.163
-0.113
-0.104
-0.129
-0.188
-0.34
-0.553
-0.662
-0.615
-0.51
-0.508
-0.642
-0.798
-0.923
-0.987
-0.905
-0.587
-0.157
0.209
0.444
0.574
0.596
0.494
0.276
-0.043
-0.447
-0.796
-0.812
-0.481
-0.134
-0.022
-0.097
-0.183
-0.263
-0.513
-0.912
-1.2
-1.231
-1.166
-1.068
-0.88
-0.71
-0.674
-0.66
-0.501
-0.311
-0.374
-0.762
-1.109
-1.168
-1.091
-1.05
-1.066
-1.152
-1.32
-1.506
-1.592
-1.506
-1.304
-1.025
-0.696
-0.574
-0.773
-1.057
-1.268
-1.483
-1.712
-1.878
-2.018
-2.134
-2.207
-2.225
-2.164
-2.098
-2.191
-2.47
-2.833
-3.162
-3.325
-3.296
-3.114
-2.79
-2.418
-2.225
-2.245
-2.341
-2.422
-2.579
-2.86
-3.173
-3.368
-3.529
-3.684
-3.654
-3.441
-3.275
-3.234
-3.205
-3.123
-2.976
-2.824
-2.733
-2.681
-2.672
-2.788
-2.987
-3.205
-3.414
-3.582
-3.668
-3.616
-3.432
-3.223
-3.033
-2.815
-2.631
-2.527
-2.52
-2.62
-2.774
-2.851
-2.713
-2.341
-1.894
-1.594
-1.517
-1.624
-1.878
-2.255
-2.674
-3.044
-3.271
-3.275
-3.141
-2.969
-2.742
-2.459
-2.17
-1.883
-1.674
-1.622
-1.722
-1.869
-1.88
-1.744
-1.585
-1.556
-1.656
-1.835
-2.023
-2.177
-2.327
-2.42
-2.42
-2.407
-2.495
-2.677
-2.726
-2.57
-2.379
-2.298
-2.243
-2.137
-1.978
-1.808
-1.785
-2.021
-2.454
-2.935
-3.411
-3.863
-4.23
-4.396
-4.251
-3.826
-3.348
-3.026
-2.914
-2.924
-2.976
-3.058
-3.155
-3.325
-3.588
-3.881
-4.139
-4.248
-4.144
-4.028
-4.099
-4.291
-4.421
-4.498
-4.539
-4.571
-4.684
-4.841
-4.799
-4.484
-4.071
-3.783
-3.656
-3.575
-3.457
-3.391
-3.586
-4.049
-4.593
-5.09
-5.48
-5.793
-6.002
-6.05
-5.872
-5.487
-5.051
-4.668
-4.369
-4.248
-4.373
-4.67
-5.081
-5.482
-5.736
-5.882
-6.063
-6.222
-6.179
-5.895
-5.526
-5.292
-5.237
-5.242
-5.201
-5.192
-5.36
-5.73
-6.138
-6.394
-6.442
-6.319
-6.12
-5.854
-5.43
-4.963
-4.638
-4.582
-4.809
-5.215
-5.643
-6.017
-6.281
-6.36
-6.24
-5.984
-5.618
-5.151
-4.668
-4.316
-4.219
-4.45
-4.902
-5.258
-5.328
-5.21
-5.085
-4.943
-4.704
-4.491
-4.419
-4.405
-4.378
-4.325
-4.328
-4.419
-4.548
-4.756
-5.022
-5.185
-5.097
-4.811
-4.441
-4.053
-3.636
-3.246
-3.049
-3.039
-3.194
-3.525
-4.035
-4.584
-4.945
-5.063
-4.976
-4.654
-4.108
-3.502
-2.967
-2.529
-2.177
-1.942
-1.928
-2.13
-2.416
-2.62
-2.744
-2.783
-2.724
-2.651
-2.622
-2.613
-2.577
-2.513
-2.461
-2.422
-2.298
-2.037
-1.785
-1.71
-1.76
-1.753
-1.669
-1.662
-1.696
-1.646
-1.624
-1.728
-1.84
-1.869
-1.93
-2.094
-2.293
-2.32
-2.094
-1.728
-1.29
-0.773
-0.313
-0.025
0.14
0.111
-0.22
-0.717
-1.141
-1.345
-1.354
-1.193
-0.835
-0.349
0.124
0.435
0.526
0.483
0.404
0.274
0.129
0.077
0.134
0.226
0.259
0.22
0.231
0.381
0.565
0.726
0.83
0.753
0.501
0.247
0.034
-0.22
-0.437
-0.456
-0.288
0.007
0.324
0.483
0.524
0.569
0.537
0.249
-0.247
-0.73
-1.03
-1.061
-0.907
-0.637
-0.252
0.161
0.413
0.408
0.195
-0.079
-0.231
-0.304
-0.456
-0.651
-0.698
-0.519
-0.2
0.159
0.519
0.891
1.304
1.696
1.912
1.826
1.56
1.361
1.302
1.34
1.415
1.594
1.987
2.629
3.352
3.903
4.18
4.287
4.314
4.239
4.049
3.908
3.901
3.999
4.189
4.489
4.89
5.287
5.607
5.882
6.169
6.363
6.376
6.278
6.215
6.131
5.981
5.947
6.124
6.417
6.784
7.283
7.864
8.313
8.34
7.991
7.567
7.174
6.725
6.347
6.254
6.399
6.532
6.56
6.662
6.975
7.308
7.428
7.32
7.041
6.621
6.192
5.845
5.6
5.423
5.326
5.371
5.437
5.408
5.373
5.43
5.428
5.256
4.992
4.732
4.559
4.5
4.457
4.436
4.419
4.316
4.187
4.049
3.863
3.688
3.563
3.391
3.078
2.677
2.354
2.32
2.518
2.638
2.59
2.502
2.475
2.447
2.359
2.259
2.257
2.318
2.345
2.2
1.819
1.336
0.991
0.88
0.9
0.916
0.894
0.925
1.036
1.2
1.347
1.34
1.182
1.014
0.835
0.615
0.422
0.333
0.297
0.168
-0.059
-0.268
-0.381
-0.483
-0.646
-0.798
-0.816
-0.674
-0.429
-0.229
-0.179
-0.143
0
0.177
0.204
-0.041
-0.483
-0.905
-1.109
-1.148
-1.161
-1.172
-1.061
-0.783
-0.513
-0.365
-0.329
-0.342
-0.276
-0.172
-0.161
-0.335
-0.587
-0.73
-0.696
-0.583
-0.433
-0.152
0.206
0.503
0.683
0.771
0.733
0.633
0.542
0.476
0.453
0.587
0.846
1.052
1.048
0.932
0.953
1.202
1.422
1.395
1.079
0.655
0.467
0.624
0.914
1.179
1.442
1.774
2.116
2.375
2.486
2.466
2.291
2.039
1.83
1.626
1.386
1.254
1.241
1.347
1.699
2.284
2.828
3.046
2.94
2.803
2.797
2.736
2.411
1.905
1.442
1.243
1.3
1.468
1.646
1.855
2.109
2.388
2.581
2.577
2.427
2.175
1.781
1.365
1.077
0.941
1.007
1.218
1.445
1.669
1.896
2.023
1.887
1.454
0.907
0.503
0.324
0.286
0.315
0.406
0.628
0.984
1.322
1.529
1.542
1.288
0.871
0.549
0.361
0.188
-0.025
-0.2
-0.222
-0.095
0.093
0.338
0.653
0.937
1.093
1.136
1.093
1.005
0.864
0.599
0.252
0.009
-0.007
0.17
0.381
0.587
0.984
1.592
2.15
2.331
2.075
1.642
1.29
1.073
0.921
0.88
0.964
1.204
1.565
1.887
2.139
2.395
2.577
2.597
2.497
2.338
2.153
2.023
1.996
2.041
2.109
2.202
2.343
2.525
2.665
2.717
2.722
2.781
2.831
2.661
2.241
1.81
1.658
1.814
2.073
2.229
2.282
2.431
2.692
2.801
2.606
2.232
1.914
1.742
1.556
1.254
1.041
1.15
1.57
2.023
2.291
2.379
2.375
2.284
2.053
1.735
1.483
1.372
1.329
1.218
1.125
1.241
1.495
1.685
1.642
1.368
1.048
0.869
0.807
0.721
0.551
0.335
0.159
0.009
-0.172
-0.374
-0.54
-0.612
-0.569
-0.519
-0.621
-0.828
-1.018
-1.161
-1.245
-1.229
-1.132
-1.107
-1.254
-1.345
-1.168
-0.85
-0.574
-0.447
-0.56
-0.898
-1.277
-1.485
-1.483
-1.397
-1.184
-0.739
-0.161
0.233
0.333
0.32
0.265
0.124
-0.02
-0.045
-0.032
-0.011
0.091
0.361
0.76
1.132
1.386
1.49
1.485
1.504
1.59
1.703
1.812
1.951
2.1
2.223
2.288
2.329
2.377
2.488
2.667
2.792
2.849
2.91
3.03
3.078
2.935
2.701
2.52
2.429
2.502
2.79
3.268
3.903
4.469
4.727
4.602
4.291
4.096
4.035
3.942
3.754
3.627
3.708
4.024
4.471
4.827
4.904
4.779
4.741
4.822
4.913
5.031
5.237
5.546
5.841
5.92
5.716
5.371
5.083
4.972
5.031
5.217
5.46
5.625
5.637
5.598
5.723
5.95
6.015
5.895
5.777
5.807
5.997
6.342
6.773
7.147
7.374
7.431
7.254
6.909
6.594
6.528
6.771
7.156
7.476
7.655
7.832
8.068
8.25
8.27
8.145
8.052
8.061
8.084
8.046
8.073
8.227
8.399
8.442
8.227
7.796
7.428
7.304
7.272
7.183
7.104
7.243
7.558
7.783
7.794
7.789
7.948
8.143
8.186
8.034
7.766
7.49
7.304
7.195
6.975
6.603
6.281
6.147
6.181
6.417
6.837
7.238
7.413
7.361
7.163
6.927
6.752
6.614
6.428
6.222
6.197
6.383
6.676
6.95
7.143
7.315
7.485
7.574
7.474
7.261
7.106
7.193
7.576
7.975
8.12
8.063
8.005
8.043
8.216
8.354
8.286
8.027
7.75
7.506
7.217
6.875
6.664
6.669
6.766
6.916
7.095
7.259
7.449
7.642
7.712
7.522
7.106
6.691
6.385
6.095
5.843
5.847
6.115
6.356
6.449
6.43
6.399
6.392
6.419
6.408
6.247
6.031
5.918
5.895
5.87
5.82
5.804
5.75
5.58
5.31
5.008
4.809
4.761
4.743
4.706
4.654
4.636
4.675
4.768
4.924
5.176
5.514
5.791
5.839
5.645
5.323
5.042
4.924
4.874
4.77
4.623
4.584
4.818
5.215
5.587
5.807
5.861
5.827
5.766
5.668
5.512
5.355
5.346
5.541
5.793
5.981
6.133
6.322
6.574
6.834
7.002
7.027
6.952
6.875
6.893
7.05
7.32
7.621
7.875
8.1
8.329
8.556
8.783
8.987
9.123
9.118
9.021
8.898
8.731
8.558
8.463
8.499
8.653
8.853
9.046
9.245
9.468
9.685
9.862
9.976
9.96
9.878
9.878
9.962
9.953
9.801
9.717
9.819
9.937
9.942
9.885
9.899
9.99
10.098
10.132
10.096
10.076
10.137
10.16
10.03
9.835
9.615
9.407
9.311
9.305
9.3
9.322
9.397
9.488
9.556
9.513
9.291
9.057
9
9.082
9.15
9.13
9.125
9.25
9.463
9.583
9.506
9.334
9.218
9.177
9.116
8.962
8.765
8.617
8.533
8.379
8.098
7.916
7.991
8.25
8.522
8.731
8.871
8.966
8.973
8.828
8.445
7.941
7.456
7.009
6.639
6.48
6.582
6.843
7.213
7.558
7.696
7.581
7.263
6.889
6.503
6.14
5.841
5.591
5.382
5.233
5.154
5.138
5.194
5.326
5.489
5.564
5.478
5.246
4.915
4.58
4.278
3.926
3.547
3.325
3.375
3.609
3.854
4.078
4.319
4.493
4.539
4.448
4.114
3.582
3.121
2.842
2.627
2.445
2.481
2.855
3.336
3.656
3.845
4.031
4.183
4.201
4.031
3.711
3.375
3.164
3.053
2.951
2.831
2.847
3.089
3.438
3.715
3.897
4.026
4.103
4.092
3.949
3.69
3.418
3.223
3.049
2.887
2.869
3.101
3.436
3.702
3.833
3.874
3.831
3.708
3.477
3.103
2.697
2.477
2.525
2.704
2.806
2.806
2.865
3.055
3.221
3.243
3.175
3.035
2.776
2.461
2.225
2.053
1.867
1.672
1.479
1.29
1.161
1.12
1.039
0.905
0.819
0.812
0.832
0.809
0.689
0.456
0.172
-0.066
-0.247
-0.367
-0.408
-0.342
-0.15
0.013
-0.034
-0.22
-0.426
-0.703
-1.039
-1.231
-1.191
-1.102
-1.182
-1.397
-1.622
-1.765
-1.81
-1.83
-1.889
-1.942
-1.878
-1.744
-1.719
-1.814
-1.901
-1.862
-1.762
-1.781
-1.973
-2.236
-2.44
-2.497
-2.429
-2.357
-2.359
-2.386
-2.404
-2.493
-2.672
-2.835
-2.867
-2.835
-2.842
-2.919
-3.039
-3.094
-3.055
-3.046
-3.184
-3.445
-3.695
-3.808
-3.815
-3.831
-3.867
-3.824
-3.767
-3.779
-3.804
-3.797
-3.806
-3.801
-3.767
-3.801
-3.84
-3.831
-3.883
-4.049
-4.253
-4.419
-4.536
-4.539
-4.403
-4.273
-4.187
-4.026
-3.829
-3.804
-4.037
-4.398
-4.704
-4.89
-4.999
-5.174
-5.453
-5.632
-5.534
-5.226
-4.902
-4.732
-4.82
-4.99
-5.04
-5.101
-5.305
-5.571
-5.764
-5.888
-5.925
-5.854
-5.768
-5.689
-5.48
-5.122
-4.856
-4.933
-5.31
-5.813
-6.356
-6.823
-7.097
-7.252
-7.342
-7.286
-7.027
-6.637
-6.238
-5.947
-5.891
-6.04
-6.297
-6.628
-7.007
-7.358
-7.642
-7.809
-7.723
-7.356
-6.943
-6.725
-6.716
-6.837
-6.989
-7.131
-7.358
-7.719
-8.082
-8.29
-8.336
-8.379
-8.479
-8.476
-8.257
-7.896
-7.587
-7.449
-7.442
-7.463
-7.558
-7.866
-8.32
-8.79
-9.196
-9.391
-9.243
-8.901
-8.524
-8.129
-7.733
-7.435
-7.324
-7.345
-7.481
-7.762
-8.091
-8.356
-8.547
-8.685
-8.712
-8.629
-8.476
-8.318
-8.122
-7.894
-7.773
-7.83
-7.912
-7.937
-8.016
-8.284
-8.692
-9.075
-9.316
-9.386
-9.282
-8.998
-8.563
-8.105
-7.753
-7.605
-7.735
-8.102
-8.646
-9.331
-9.931
-10.196
-10.073
-9.665
-9.121
-8.538
-8.059
-7.778
-7.737
-7.923
-8.268
-8.676
-9.012
-9.146
-9.121
-9
-8.855
-8.742
-8.646
-8.506
-8.352
-8.302
-8.304
-8.236
-8.109
-8.005
-7.973
-8.023
-8.118
-8.25
-8.313
-8.254
-8.143
-8.014
-7.8
-7.447
-7.063
-6.78
-6.596
-6.594
-6.755
-6.907
-6.893
-6.721
-6.537
-6.401
-6.24
-6.027
-5.886
-5.995
-6.319
-6.614
-6.728
-6.657
-6.442
-6.117
-5.766
-5.426
-5.104
-4.827
-4.625
-4.53
-4.486
-4.457
-4.436
-4.278
-3.922
-3.602
-3.479
-3.448
-3.366
-3.214
-3.11
-3.096
-3.033
-2.792
-2.37
-1.907
-1.588
-1.442
-1.356
-1.316
-1.397
-1.574
-1.735
-1.84
-1.835
-1.737
-1.653
-1.633
-1.583
-1.415
-1.195
-1.003
-0.776
-0.447
-0.054
0.254
0.349
0.229
0.059
-0.059
-0.17
-0.281
-0.394
-0.397
-0.129
0.311
0.667
0.832
0.889
0.826
0.56
0.154
-0.238
-0.49
-0.574
-0.526
-0.356
-0.032
0.399
0.764
0.934
0.934
0.85
0.698
0.47
0.159
-0.15
-0.347
-0.39
-0.286
-0.124
0
0.177
0.494
0.88
1.188
1.295
1.241
1.061
0.726
0.224
-0.335
-0.832
-1.118
-1.155
-1.057
-0.855
-0.51
-0.107
0.204
0.383
0.44
0.29
-0.079
-0.565
-1.096
-1.54
-1.824
-1.964
-1.896
-1.619
-1.159
-0.664
-0.315
-0.186
-0.254
-0.542
-1.064
-1.769
-2.506
-3.169
-3.543
-3.477
-3.103
-2.617
-2.035
-1.343
-0.696
-0.358
-0.444
-0.916
-1.61
-2.309
-2.926
-3.436
-3.747
-3.715
-3.371
-2.851
-2.288
-1.812
-1.513
-1.397
-1.392
-1.479
-1.667
-1.955
-2.309
-2.665
-2.897
-2.951
-2.835
-2.504
-2.051
-1.644
-1.354
-1.155
-1.1
-1.209
-1.504
-1.898
-2.295
-2.629
-2.774
-2.592
-2.132
-1.504
-0.869
-0.338
0.022
0.107
-0.174
-0.735
-1.359
-1.84
-2.107
-2.182
-2.118
-1.876
-1.399
-0.773
-0.177
0.209
0.349
0.335
0.215
0.02
-0.279
-0.642
-0.946
-1.2
-1.359
-1.32
-1.068
-0.653
-0.102
0.494
0.993
1.25
1.259
1.003
0.474
-0.19
-0.73
-0.953
-0.898
-0.698
-0.39
0.032
0.483
0.8
0.878
0.696
0.401
0.177
0.072
0
-0.032
0.034
0.222
0.503
0.733
0.816
0.882
1.05
1.195
1.172
1.003
0.789
0.605
0.429
0.229
0.036
-0.016
0.195
0.61
1.073
1.504
1.824
2.037
2.143
1.991
1.511
0.921
0.56
0.47
0.506
0.674
1.023
1.472
1.814
1.973
2.068
2.17
2.139
1.966
1.824
1.66
1.395
1.159
1.059
0.968
0.914
1.07
1.449
1.862
2.137
2.268
2.388
2.556
2.656
2.631
2.547
2.522
2.592
2.679
2.701
2.601
2.452
2.381
2.393
2.447
2.527
2.649
2.847
3.039
3.028
2.838
2.715
2.692
2.577
2.411
2.366
2.357
2.279
2.25
2.373
2.502
2.568
2.62
2.654
2.529
2.223
1.857
1.601
1.452
1.311
1.231
1.343
1.622
1.898
2.087
2.202
2.205
2.018
1.644
1.164
0.742
0.424
0.204
0.084
0.081
0.22
0.429
0.544
0.515
0.42
0.299
0.122
-0.115
-0.338
-0.531
-0.717
-0.842
-0.846
-0.805
-0.807
-0.769
-0.639
-0.494
-0.392
-0.383
-0.54
-0.787
-0.961
-1.093
-1.275
-1.49
-1.615
-1.558
-1.329
-0.903
-0.37
0.041
0.136
-0.079
-0.435
-0.769
-1.118
-1.506
-1.86
-2.157
-2.348
-2.343
-2.125
-1.715
-1.191
-0.689
-0.27
0.057
0.204
0.045
-0.47
-1.234
-1.935
-2.343
-2.493
-2.542
-2.438
-1.996
-1.213
-0.329
0.263
0.333
-0.004
-0.596
-1.263
-1.844
-2.354
-2.803
-2.937
-2.599
-1.955
-1.336
-0.896
-0.569
-0.342
-0.358
-0.698
-1.247
-1.833
-2.343
-2.749
-3.023
-3.069
-2.903
-2.586
-2.162
-1.688
-1.275
-1.025
-0.946
-1.003
-1.324
-1.914
-2.533
-3.017
-3.352
-3.52
-3.411
-3.046
-2.624
-2.307
-2.1
-2.037
-2.202
-2.638
-3.205
-3.638
-3.865
-3.978
-3.926
-3.672
-3.291
-2.917
-2.647
-2.533
-2.633
-2.969
-3.348
-3.649
-3.926
-4.223
-4.462
-4.507
-4.405
-4.35
-4.341
-4.205
-3.91
-3.595
-3.429
-3.45
-3.577
-3.736
-3.917
-4.153
-4.452
-4.668
-4.675
-4.548
-4.441
-4.403
-4.387
-4.341
-4.298
-4.28
-4.271
-4.353
-4.527
-4.625
-4.602
-4.58
-4.663
-4.754
-4.745
-4.729
-4.874
-5.029
-5.026
-4.967
-4.981
-5.006
-4.995
-4.958
-4.908
-4.861
-4.899
-4.976
-4.938
-4.802
-4.754
-4.858
-4.976
-4.986
-4.908
-4.809
-4.793
-4.911
-5.024
-4.947
-4.763
-4.722
-4.877
-4.999
-4.954
-4.872
-4.92
-5.031
-5.085
-5.004
-4.845
-4.754
-4.791
-4.897
-5.029
-5.21
-5.473
-5.736
-5.92
-6.081
-6.208
-6.165
-5.938
-5.661
-5.453
-5.315
-5.271
-5.285
-5.303
-5.371
-5.55
-5.714
-5.736
-5.643
-5.505
-5.41
-5.398
-5.41
-5.478
-5.625
-5.82
-5.993
-6.047
-5.97
-5.904
-5.934
-5.977
-5.836
-5.523
-5.299
-5.273
-5.292
-5.269
-5.301
-5.46
-5.761
-6.05
-6.226
-6.33
-6.353
-6.29
-6.179
-6.013
-5.75
-5.423
-5.165
-5.165
-5.371
-5.607
-5.882
-6.224
-6.519
-6.639
-6.541
-6.308
-6.008
-5.637
-5.246
-4.96
-4.884
-4.992
-5.162
-5.36
-5.593
-5.891
-6.147
-6.206
-6.074
-5.877
-5.637
-5.405
-5.244
-5.09
-4.902
-4.836
-5.017
-5.328
-5.655
-5.995
-6.317
-6.501
-6.512
-6.403
-6.179
-5.904
-5.693
-5.573
-5.516
-5.519
-5.666
-5.995
-6.31
-6.53
-6.703
-6.846
-6.832
-6.582
-6.263
-6.031
-5.931
-5.963
-6.122
-6.408
-6.707
-6.9
-7.016
-7.048
-6.887
-6.553
-6.165
-5.836
-5.628
-5.528
-5.451
-5.453
-5.546
-5.625
-5.675
-5.795
-5.954
-6.074
-6.161
-6.183
-6.065
-5.827
-5.537
-5.233
-4.992
-4.906
-4.963
-5.095
-5.289
-5.507
-5.718
-5.877
-5.943
-5.863
-5.632
-5.301
-5.001
-4.809
-4.634
-4.471
-4.439
-4.555
-4.679
-4.741
-4.788
-4.761
-4.602
-4.409
-4.271
-4.21
-4.235
-4.339
-4.416
-4.35
-4.142
-3.938
-3.836
-3.688
-3.414
-3.184
-3.06
-2.962
-2.901
-2.914
-2.976
-3.028
-3.042
-2.999
-2.912
-2.81
-2.663
-2.479
-2.314
-2.173
-2.091
-2.078
-2.051
-1.982
-1.957
-2.041
-2.137
-2.087
-1.876
-1.572
-1.32
-1.202
-1.168
-1.175
-1.22
-1.343
-1.57
-1.801
-1.873
-1.867
-1.973
-2.15
-2.22
-2.184
-2.168
-2.241
-2.397
-2.606
-2.897
-3.3
-3.67
-3.781
-3.67
-3.464
-3.25
-3.13
-3.082
-3.021
-3.017
-3.146
-3.355
-3.67
-4.076
-4.375
-4.498
-4.645
-4.847
-4.813
-4.496
-4.176
-3.985
-3.81
-3.57
-3.368
-3.309
-3.414
-3.638
-3.994
-4.421
-4.77
-4.913
-4.815
-4.534
-4.173
-3.813
-3.495
-3.225
-2.964
-2.69
-2.554
-2.658
-2.853
-2.924
-2.855
-2.763
-2.651
-2.468
-2.162
-1.726
-1.333
-1.216
-1.336
-1.472
-1.431
-1.275
-1.17
-1.148
-1.066
-0.882
-0.615
-0.249
0.204
0.667
0.998
1.127
1.114
0.996
0.742
0.456
0.163
-0.088
-0.038
0.447
1.073
1.54
1.869
2.15
2.411
2.658
2.806
2.751
2.497
2.159
1.946
1.928
2.048
2.311
2.613
2.842
3.069
3.291
3.373
3.293
3.076
2.797
2.604
2.581
2.67
2.776
2.894
2.999
3.098
3.253
3.45
3.559
3.532
3.527
3.636
3.751
3.767
3.736
3.704
3.681
3.774
4.028
4.312
4.559
4.793
5.063
5.391
5.655
5.75
5.686
5.519
5.355
5.326
5.476
5.686
5.891
6.106
6.363
6.6
6.771
6.918
7.036
7.068
7.115
7.263
7.41
7.492
7.549
7.603
7.671
7.726
7.757
7.687
7.483
7.351
7.537
7.905
8.12
8.061
7.835
7.567
7.39
7.349
7.378
7.32
7.122
7.007
7.072
7.165
7.093
6.909
6.793
6.78
6.739
6.614
6.428
6.222
6.058
6.022
6.131
6.294
6.399
6.426
6.371
6.274
6.158
6.063
5.956
5.739
5.382
5.024
4.818
4.761
4.663
4.43
4.262
4.369
4.706
5.031
5.126
4.949
4.598
4.194
3.838
3.577
3.341
3.069
2.858
2.815
2.853
2.91
3.037
3.198
3.312
3.427
3.511
3.477
3.284
2.958
2.661
2.509
2.45
2.429
2.375
2.27
2.264
2.47
2.817
3.021
2.824
2.282
1.705
1.318
1.148
1.12
1.207
1.372
1.588
1.885
2.279
2.538
2.45
2.148
1.821
1.504
1.157
0.821
0.592
0.562
0.773
1.172
1.574
1.817
1.928
2.005
2.048
2.001
1.794
1.442
1.011
0.626
0.39
0.299
0.361
0.556
0.835
1.204
1.61
1.864
1.912
1.799
1.477
0.971
0.508
0.311
0.322
0.429
0.624
0.885
1.166
1.501
1.862
2.071
2.007
1.733
1.452
1.245
1.096
0.998
0.987
1.082
1.268
1.497
1.603
1.49
1.277
1.184
1.295
1.456
1.445
1.204
0.83
0.546
0.479
0.603
0.771
0.909
1.052
1.241
1.436
1.613
1.722
1.703
1.551
1.318
1.086
0.859
0.599
0.363
0.27
0.404
0.678
0.968
1.139
1.132
1.055
0.966
0.816
0.583
0.302
0.048
-0.115
-0.202
-0.138
0.104
0.374
0.56
0.662
0.685
0.608
0.496
0.372
0.181
-0.063
-0.276
-0.435
-0.542
-0.619
-0.601
-0.553
-0.513
-0.442
-0.333
-0.226
-0.186
-0.299
-0.567
-0.837
-1.036
-1.234
-1.392
-1.32
-0.996
-0.576
-0.209
-0.016
-0.066
-0.299
-0.535
-0.646
-0.68
-0.8
-0.966
-1.039
-0.968
-0.753
-0.433
-0.157
0.057
0.233
0.268
0.1
-0.1
-0.179
-0.131
-0.063
-0.072
-0.093
-0.013
0.072
0.104
0.254
0.572
0.873
1.003
0.894
0.576
0.224
0.034
-0.038
-0.12
-0.206
-0.209
-0.077
0.165
0.429
0.596
0.658
0.667
0.624
0.513
0.356
0.245
0.226
0.265
0.286
0.218
0.095
-0.02
-0.102
-0.168
-0.22
-0.195
-0.079
-0.007
-0.1
-0.206
-0.2
-0.143
-0.154
-0.204
-0.283
-0.39
-0.422
-0.299
-0.115
-0.048
-0.12
-0.252
-0.39
-0.508
-0.624
-0.776
-0.914
-0.987
-1.036
-1.052
-1
-0.923
-0.855
-0.776
-0.631
-0.574
-0.78
-1.161
-1.515
-1.801
-2.055
-2.264
-2.413
-2.497
-2.418
-2.17
-1.86
-1.579
-1.347
-1.207
-1.275
-1.649
-2.166
-2.545
-2.661
-2.649
-2.677
-2.672
-2.515
-2.279
-2.055
-1.889
-1.826
-1.776
-1.694
-1.667
-1.753
-1.932
-2.116
-2.207
-2.205
-2.193
-2.22
-2.18
-1.98
-1.724
-1.56
-1.479
-1.411
-1.37
-1.497
-1.783
-1.989
-1.951
-1.796
-1.699
-1.622
-1.409
-1.009
-0.601
-0.401
-0.394
-0.474
-0.61
-0.792
-0.996
-1.195
-1.316
-1.313
-1.155
-0.946
-0.862
-0.95
-1.055
-1.046
-1.064
-1.229
-1.477
-1.64
-1.724
-1.878
-2.073
-2.177
-2.216
-2.227
-2.216
-2.146
-1.991
-1.787
-1.533
-1.286
-1.191
-1.288
-1.485
-1.674
-1.907
-2.186
-2.327
-2.255
-2.137
-2.168
-2.261
-2.327
-2.411
-2.572
-2.833
-3.125
-3.359
-3.448
-3.436
-3.423
-3.379
-3.266
-3.103
-2.969
-2.93
-2.999
-3.062
-3.121
-3.21
-3.336
-3.468
-3.638
-3.897
-4.167
-4.446
-4.675
-4.711
-4.443
-3.967
-3.529
-3.191
-2.93
-2.86
-3.101
-3.57
-4.149
-4.686
-5.065
-5.194
-5.14
-4.986
-4.779
-4.53
-4.212
-3.933
-3.813
-3.879
-4.103
-4.434
-4.743
-4.913
-4.956
-4.986
-4.981
-4.899
-4.763
-4.577
-4.341
-4.099
-3.851
-3.622
-3.491
-3.441
-3.566
-3.933
-4.332
-4.586
-4.725
-4.684
-4.412
-3.997
-3.668
-3.491
-3.4
-3.409
-3.606
-3.997
-4.484
-4.895
-5.095
-5.119
-5.026
-4.779
-4.439
-4.04
-3.611
-3.246
-3.035
-3.003
-3.173
-3.509
-3.922
-4.275
-4.489
-4.643
-4.811
-4.922
-4.841
-4.491
-3.953
-3.47
-3.164
-2.935
-2.79
-2.887
-3.23
-3.693
-4.112
-4.346
-4.301
-4.031
-3.62
-3.18
-2.792
-2.549
-2.477
-2.545
-2.797
-3.232
-3.756
-4.146
-4.239
-3.981
-3.464
-2.874
-2.395
-2.051
-1.688
-1.27
-0.993
-0.964
-1.093
-1.218
-1.32
-1.513
-1.862
-2.202
-2.288
-2.082
-1.696
-1.231
-0.789
-0.379
-0.032
0.197
0.24
0.007
-0.451
-0.866
-1.12
-1.211
-1.064
-0.581
0.068
0.56
0.871
1.139
1.263
1.107
0.773
0.479
0.286
0.134
0.075
0.179
0.37
0.569
0.873
1.34
1.771
2.005
2.037
1.975
1.79
1.374
0.812
0.281
-0.165
-0.528
-0.674
-0.453
0.025
0.531
0.941
1.184
1.272
1.236
1.041
0.662
0.22
-0.161
-0.356
-0.281
0.034
0.429
0.792
1.172
1.583
1.862
1.853
1.624
1.327
1.055
0.853
0.705
0.685
0.842
1.132
1.508
2.023
2.624
3.107
3.373
3.493
3.534
3.468
3.26
2.987
2.756
2.549
2.434
2.627
3.241
4.031
4.727
5.305
5.859
6.265
6.376
6.33
6.33
6.308
6.199
6.211
6.469
6.857
7.195
7.535
7.921
8.234
8.338
8.329
8.356
8.397
8.368
8.288
8.218
8.096
7.932
7.898
8.02
8.188
8.409
8.771
9.13
9.288
9.252
9.155
9.044
8.824
8.511
8.231
8.043
7.939
7.846
7.698
7.542
7.437
7.335
7.174
6.993
6.793
6.551
6.292
6
5.607
5.104
4.661
4.477
4.443
4.371
4.271
4.282
4.316
4.199
3.953
3.713
3.445
3.044
2.509
1.973
1.485
1.159
1.148
1.302
1.411
1.529
1.694
1.792
1.658
1.336
0.934
0.522
0.168
-0.093
-0.283
-0.415
-0.322
0.066
0.479
0.637
0.605
0.556
0.513
0.345
0.077
-0.181
-0.435
-0.701
-0.912
-1.02
-1.048
-0.961
-0.744
-0.528
-0.401
-0.322
-0.265
-0.279
-0.358
-0.451
-0.562
-0.703
-0.816
-0.941
-1.129
-1.333
-1.345
-1.136
-0.971
-1.039
-1.191
-1.2
-1.059
-0.93
-0.828
-0.694
-0.551
-0.449
-0.406
-0.372
-0.383
-0.422
-0.406
-0.324
-0.233
-0.157
-0.068
0.038
0.152
0.2
0.209
0.29
0.483
0.735
1.009
1.231
1.331
1.347
1.338
1.354
1.345
1.279
1.204
1.175
1.213
1.316
1.508
1.771
1.971
2.041
2.037
2.055
2.114
2.091
2.014
1.946
1.912
1.848
1.76
1.696
1.613
1.517
1.524
1.644
1.783
1.846
1.828
1.833
1.835
1.803
1.701
1.631
1.642
1.715
1.842
1.962
1.957
1.824
1.606
1.422
1.333
1.304
1.281
1.29
1.336
1.374
1.322
1.225
1.159
1.157
1.179
1.209
1.252
1.29
1.286
1.236
1.102
0.887
0.599
0.204
-0.233
-0.513
-0.501
-0.283
0.016
0.32
0.501
0.485
0.311
0.029
-0.292
-0.615
-0.844
-0.948
-1
-0.966
-0.821
-0.619
-0.422
-0.281
-0.236
-0.318
-0.51
-0.766
-0.971
-1.027
-0.928
-0.692
-0.399
-0.186
-0.102
-0.05
0.097
0.256
0.304
0.315
0.306
0.193
-0.045
-0.272
-0.351
-0.313
-0.168
0.12
0.472
0.714
0.878
1.052
1.164
1.105
0.937
0.783
0.662
0.515
0.358
0.385
0.605
0.855
1.014
1.164
1.392
1.646
1.814
1.801
1.594
1.281
1.014
0.88
0.866
0.846
0.823
1
1.44
1.857
2.037
2.098
2.212
2.395
2.479
2.323
1.989
1.658
1.431
1.3
1.204
1.129
1.186
1.442
1.817
2.153
2.331
2.366
2.323
2.212
1.96
1.579
1.216
0.987
0.88
0.921
1.061
1.161
1.198
1.272
1.372
1.377
1.275
1.114
0.88
0.556
0.206
-0.041
-0.181
-0.256
-0.215
-0.036
0.154
0.247
0.259
0.263
0.265
0.183
-0.029
-0.34
-0.692
-1.048
-1.306
-1.356
-1.168
-0.882
-0.678
-0.553
-0.526
-0.671
-0.916
-1.036
-1.032
-1.091
-1.306
-1.574
-1.767
-1.755
-1.549
-1.247
-0.996
-0.909
-0.93
-0.977
-1.109
-1.402
-1.758
-1.962
-2.073
-2.264
-2.513
-2.599
-2.409
-2.098
-1.83
-1.594
-1.433
-1.427
-1.542
-1.688
-1.873
-2.105
-2.325
-2.463
-2.484
-2.418
-2.352
-2.293
-2.182
-2.014
-1.781
-1.542
-1.359
-1.204
-1.114
-1.1
-1.093
-1.102
-1.254
-1.585
-1.903
-2.082
-2.109
-1.957
-1.642
-1.252
-0.789
-0.259
0.188
0.401
0.363
0.183
0.004
-0.061
-0.025
-0.02
-0.15
-0.335
-0.365
-0.218
-0.063
0.072
0.231
0.406
0.578
0.733
0.837
0.835
0.746
0.68
0.733
0.832
0.778
0.572
0.492
0.71
1.03
1.243
1.359
1.331
1.122
0.853
0.683
0.701
0.937
1.354
1.76
2.075
2.35
2.549
2.613
2.525
2.334
2.121
1.926
1.898
2.112
2.463
2.819
3.171
3.547
3.786
3.736
3.525
3.384
3.346
3.391
3.527
3.622
3.695
3.919
4.337
4.809
5.149
5.215
5.081
4.983
5.078
5.253
5.289
5.167
5.069
5.151
5.36
5.589
5.823
6.052
6.254
6.503
6.811
6.982
6.943
6.884
6.95
7.081
7.2
7.209
7.081
6.993
7.095
7.306
7.519
7.68
7.68
7.481
7.311
7.44
7.819
8.191
8.422
8.574
8.728
8.839
8.889
8.953
8.998
8.939
8.839
8.819
8.898
9.03
9.189
9.375
9.57
9.706
9.697
9.583
9.499
9.538
9.661
9.772
9.855
9.901
9.844
9.715
9.581
9.429
9.236
9.012
8.878
8.81
8.687
8.556
8.579
8.733
8.848
8.892
8.953
9.039
9.08
9.016
8.88
8.683
8.406
8.077
7.794
7.612
7.556
7.621
7.735
7.816
7.735
7.492
7.381
7.494
7.567
7.42
7.093
6.696
6.335
6.099
6.006
6.015
5.954
5.802
5.709
5.664
5.589
5.507
5.5
5.548
5.498
5.321
5.069
4.861
4.686
4.518
4.432
4.425
4.346
4.133
3.838
3.568
3.461
3.513
3.504
3.268
2.96
2.822
2.819
2.858
2.851
2.819
2.944
3.23
3.484
3.672
3.867
4.083
4.248
4.244
3.999
3.573
3.141
2.937
2.955
3.085
3.293
3.652
4.192
4.765
5.206
5.507
5.711
5.741
5.553
5.21
4.793
4.407
4.178
4.187
4.375
4.784
5.278
5.709
6.077
6.396
6.626
6.691
6.623
6.498
6.317
6.136
6.099
6.219
6.435
6.768
7.159
7.485
7.712
7.912
8.066
8.075
7.932
7.678
7.335
7.027
6.927
7.05
7.292
7.676
8.186
8.656
8.989
9.232
9.316
9.196
8.935
8.626
8.343
8.168
8.127
8.266
8.622
9.035
9.318
9.402
9.361
9.252
9.103
9.007
9.059
9.202
9.295
9.25
9.161
9.143
9.186
9.168
9.023
8.869
8.805
8.724
8.57
8.472
8.492
8.579
8.608
8.531
8.485
8.572
8.619
8.565
8.597
8.744
8.83
8.753
8.672
8.681
8.626
8.44
8.293
8.25
8.241
8.225
8.195
8.218
8.27
8.222
8.041
7.993
8.2
8.472
8.617
8.631
8.656
8.622
8.404
7.977
7.465
7.059
6.841
6.796
6.854
7.016
7.247
7.526
7.791
7.955
7.934
7.739
7.501
7.297
7.075
6.807
6.569
6.442
6.403
6.371
6.285
6.206
6.213
6.272
6.308
6.231
6.024
5.87
5.884
5.968
5.927
5.789
5.745
5.809
5.861
5.829
5.754
5.7
5.695
5.63
5.432
5.131
4.752
4.469
4.412
4.471
4.5
4.514
4.582
4.752
4.886
4.845
4.663
4.403
4.146
3.953
3.774
3.586
3.445
3.309
3.146
3.064
3.101
3.2
3.268
3.341
3.454
3.511
3.357
3.125
3.026
3.021
2.901
2.627
2.393
2.286
2.273
2.357
2.522
2.749
2.944
2.974
2.867
2.667
2.364
2.012
1.787
1.76
1.907
2.046
2.055
2.078
2.18
2.275
2.368
2.431
2.402
2.225
1.946
1.771
1.812
1.919
1.914
1.878
1.969
2.168
2.295
2.286
2.302
2.377
2.377
2.245
2.007
1.635
1.209
0.923
0.885
1.007
1.164
1.386
1.681
1.905
1.892
1.649
1.322
0.961
0.655
0.513
0.485
0.492
0.542
0.712
0.989
1.127
1.041
0.887
0.735
0.599
0.474
0.335
0.181
0.025
-0.043
-0.029
-0.059
-0.157
-0.254
-0.376
-0.596
-0.837
-0.955
-1.007
-1.091
-1.252
-1.527
-1.835
-2.096
-2.225
-2.216
-2.164
-2.141
-2.087
-1.946
-1.892
-2.118
-2.506
-2.74
-2.72
-2.597
-2.57
-2.729
-3.021
-3.26
-3.303
-3.25
-3.243
-3.282
-3.371
-3.466
-3.55
-3.611
-3.631
-3.634
-3.629
-3.584
-3.559
-3.663
-3.903
-4.169
-4.373
-4.512
-4.557
-4.457
-4.273
-4.203
-4.31
-4.346
-4.121
-3.751
-3.495
-3.479
-3.672
-3.879
-3.917
-3.829
-3.874
-4.151
-4.353
-4.341
-4.271
-4.38
-4.607
-4.765
-4.782
-4.752
-4.775
-4.843
-4.899
-4.915
-4.806
-4.602
-4.452
-4.455
-4.582
-4.704
-4.772
-4.865
-5.008
-5.138
-5.235
-5.319
-5.335
-5.233
-5.047
-4.89
-4.92
-5.063
-5.11
-5.049
-5.09
-5.362
-5.689
-5.818
-5.793
-5.798
-5.82
-5.802
-5.775
-5.786
-5.802
-5.768
-5.723
-5.823
-6.052
-6.233
-6.326
-6.376
-6.369
-6.285
-6.154
-5.991
-5.859
-5.843
-5.904
-6.029
-6.201
-6.363
-6.408
-6.376
-6.406
-6.535
-6.623
-6.532
-6.439
-6.557
-6.8
-6.92
-6.802
-6.551
-6.326
-6.281
-6.417
-6.61
-6.837
-7.122
-7.424
-7.696
-7.891
-7.928
-7.823
-7.68
-7.549
-7.451
-7.406
-7.374
-7.428
-7.63
-7.871
-8.122
-8.349
-8.456
-8.424
-8.345
-8.286
-8.306
-8.413
-8.49
-8.513
-8.556
-8.656
-8.796
-8.905
-8.905
-8.867
-8.883
-8.921
-8.889
-8.794
-8.737
-8.801
-8.855
-8.744
-8.551
-8.418
-8.349
-8.386
-8.583
-8.812
-8.937
-8.987
-8.975
-8.876
-8.694
-8.499
-8.318
-8.177
-8.148
-8.254
-8.433
-8.624
-8.722
-8.606
-8.304
-7.921
-7.567
-7.281
-6.968
-6.614
-6.417
-6.471
-6.544
-6.451
-6.301
-6.222
-6.211
-6.185
-6.133
-6.083
-6.02
-5.938
-5.807
-5.578
-5.253
-4.96
-4.831
-4.843
-4.877
-4.825
-4.741
-4.677
-4.493
-4.044
-3.438
-2.935
-2.642
-2.52
-2.509
-2.677
-3.051
-3.547
-3.895
-3.888
-3.523
-2.958
-2.316
-1.694
-1.114
-0.662
-0.531
-0.769
-1.222
-1.676
-2.03
-2.284
-2.425
-2.35
-2.023
-1.556
-1.12
-0.776
-0.515
-0.358
-0.299
-0.361
-0.467
-0.542
-0.599
-0.707
-0.869
-0.971
-0.894
-0.655
-0.383
-0.129
0.077
0.188
0.236
0.245
0.193
-0.016
-0.349
-0.608
-0.733
-0.828
-0.875
-0.73
-0.37
0.079
0.404
0.456
0.297
0.027
-0.349
-0.753
-1.064
-1.263
-1.3
-1.086
-0.692
-0.326
-0.168
-0.12
0.025
0.224
0.224
-0.025
-0.313
-0.458
-0.431
-0.435
-0.61
-0.855
-0.973
-0.961
-0.898
-0.805
-0.723
-0.653
-0.587
-0.628
-0.839
-1.155
-1.445
-1.606
-1.61
-1.599
-1.667
-1.615
-1.343
-1.027
-0.875
-0.916
-1.046
-1.17
-1.313
-1.522
-1.722
-1.851
-1.948
-2.001
-1.996
-2.005
-2.03
-2.025
-2.014
-1.998
-1.962
-1.883
-1.769
-1.753
-1.93
-2.209
-2.436
-2.538
-2.563
-2.547
-2.429
-2.198
-1.896
-1.59
-1.37
-1.286
-1.279
-1.286
-1.324
-1.388
-1.436
-1.477
-1.452
-1.374
-1.381
-1.479
-1.581
-1.662
-1.76
-1.878
-1.964
-1.955
-1.951
-1.966
-1.921
-1.81
-1.662
-1.508
-1.404
-1.37
-1.352
-1.309
-1.293
-1.293
-1.263
-1.209
-1.141
-1.048
-0.971
-0.98
-1
-0.959
-0.944
-1.039
-1.159
-1.155
-0.98
-0.764
-0.694
-0.705
-0.635
-0.526
-0.551
-0.735
-0.982
-1.213
-1.359
-1.39
-1.372
-1.311
-1.116
-0.762
-0.385
-0.206
-0.283
-0.458
-0.572
-0.592
-0.612
-0.687
-0.698
-0.578
-0.442
-0.329
-0.174
-0.022
0.029
0.029
0.011
-0.063
-0.202
-0.354
-0.546
-0.805
-0.996
-1.007
-0.88
-0.707
-0.479
-0.172
0.165
0.447
0.637
0.676
0.542
0.34
0.068
-0.288
-0.621
-0.766
-0.596
-0.1
0.437
0.844
1.202
1.492
1.527
1.268
0.83
0.354
-0.011
-0.179
-0.186
-0.081
0.202
0.76
1.456
2.051
2.375
2.49
2.486
2.484
2.418
2.139
1.74
1.511
1.554
1.744
1.966
2.22
2.475
2.706
2.881
3.001
3.073
3.087
2.999
2.797
2.502
2.168
1.921
1.83
1.889
2.071
2.316
2.572
2.738
2.742
2.651
2.529
2.329
2.114
1.987
1.896
1.821
1.894
2.057
2.123
2.003
1.824
1.762
1.801
1.83
1.801
1.744
1.719
1.635
1.409
1.109
0.948
0.918
0.914
0.885
0.835
0.809
0.916
1.125
1.238
1.145
0.959
0.792
0.601
0.347
0.102
-0.038
-0.022
0.172
0.406
0.531
0.533
0.542
0.565
0.522
0.335
0.07
-0.152
-0.263
-0.29
-0.292
-0.392
-0.626
-0.864
-0.959
-0.898
-0.735
-0.524
-0.367
-0.374
-0.513
-0.685
-0.846
-0.989
-1.134
-1.231
-1.222
-1.036
-0.68
-0.424
-0.447
-0.617
-0.648
-0.422
-0.159
-0.057
-0.097
-0.188
-0.261
-0.372
-0.56
-0.864
-1.195
-1.354
-1.259
-0.984
-0.764
-0.662
-0.51
-0.272
-0.147
-0.206
-0.39
-0.71
-1.075
-1.372
-1.544
-1.542
-1.311
-0.989
-0.848
-0.937
-1.046
-1.07
-1.152
-1.379
-1.674
-1.93
-2.13
-2.286
-2.386
-2.388
-2.286
-2.028
-1.531
-1.07
-1.034
-1.354
-1.64
-1.808
-2.014
-2.257
-2.381
-2.391
-2.373
-2.298
-2.073
-1.758
-1.447
-1.2
-1.082
-1.184
-1.492
-1.86
-2.153
-2.456
-2.908
-3.327
-3.405
-3.112
-2.69
-2.279
-1.919
-1.674
-1.635
-1.778
-2.107
-2.599
-3.096
-3.454
-3.656
-3.745
-3.715
-3.527
-3.227
-2.881
-2.511
-2.2
-2.096
-2.275
-2.64
-3.076
-3.504
-3.874
-4.128
-4.26
-4.312
-4.221
-3.892
-3.507
-3.268
-3.162
-3.078
-3.089
-3.318
-3.702
-4.123
-4.464
-4.609
-4.614
-4.6
-4.541
-4.337
-4.083
-3.976
-4.083
-4.217
-4.246
-4.267
-4.396
-4.577
-4.713
-4.654
-4.434
-4.267
-4.255
-4.323
-4.355
-4.321
-4.334
-4.507
-4.741
-4.829
-4.852
-4.983
-5.237
-5.512
-5.643
-5.51
-5.256
-5.122
-5.045
-4.865
-4.604
-4.419
-4.414
-4.591
-4.809
-4.929
-5.035
-5.235
-5.419
-5.414
-5.265
-5.142
-5.078
-5.076
-5.178
-5.24
-5.101
-4.945
-4.945
-4.945
-4.877
-4.954
-5.237
-5.573
-5.784
-5.832
-5.811
-5.78
-5.645
-5.362
-5.047
-4.863
-4.856
-5.029
-5.301
-5.559
-5.75
-5.906
-6.022
-5.984
-5.736
-5.41
-5.135
-4.999
-4.99
-4.949
-4.895
-5.019
-5.315
-5.6
-5.809
-6.015
-6.213
-6.283
-6.197
-5.958
-5.614
-5.228
-4.888
-4.58
-4.344
-4.334
-4.598
-5.013
-5.419
-5.734
-5.993
-6.215
-6.335
-6.215
-5.832
-5.348
-4.949
-4.729
-4.602
-4.482
-4.48
-4.782
-5.328
-5.782
-5.929
-5.868
-5.825
-5.847
-5.7
-5.233
-4.675
-4.412
-4.523
-4.727
-4.886
-5.16
-5.652
-6.251
-6.705
-6.816
-6.639
-6.367
-6.081
-5.664
-5.101
-4.584
-4.339
-4.428
-4.709
-5.033
-5.435
-5.965
-6.519
-6.87
-6.852
-6.537
-6.126
-5.704
-5.187
-4.643
-4.362
-4.502
-4.972
-5.559
-6.081
-6.478
-6.762
-6.88
-6.707
-6.185
-5.471
-4.863
-4.469
-4.21
-4.096
-4.255
-4.657
-5.171
-5.655
-6.034
-6.292
-6.392
-6.276
-5.945
-5.448
-4.884
-4.471
-4.378
-4.425
-4.482
-4.691
-5.165
-5.739
-6.219
-6.485
-6.478
-6.235
-5.725
-5.001
-4.31
-3.863
-3.663
-3.675
-3.881
-4.251
-4.765
-5.296
-5.648
-5.716
-5.534
-5.249
-4.972
-4.679
-4.314
-3.981
-3.938
-4.169
-4.443
-4.588
-4.668
-4.77
-4.858
-4.745
-4.425
-4.044
-3.722
-3.527
-3.4
-3.266
-3.225
-3.425
-3.756
-3.994
-4.021
-3.951
-3.949
-4.008
-3.94
-3.672
-3.355
-3.207
-3.194
-3.137
-2.96
-2.808
-2.86
-3.035
-3.157
-3.16
-3.114
-3.125
-3.166
-3.096
-2.912
-2.744
-2.747
-2.892
-3.033
-3.101
-3.182
-3.325
-3.475
-3.445
-3.175
-2.899
-2.79
-2.767
-2.724
-2.751
-2.926
-3.253
-3.625
-3.836
-3.831
-3.738
-3.645
-3.54
-3.364
-3.191
-3.218
-3.45
-3.688
-3.883
-4.003
-4.053
-4.126
-4.212
-4.242
-4.167
-4.049
-3.96
-3.888
-3.69
-3.359
-3.08
-2.999
-3.035
-3.042
-3.014
-3.001
-3.001
-2.992
-2.928
-2.751
-2.515
-2.37
-2.309
-2.277
-2.273
-2.331
-2.502
-2.72
-2.794
-2.661
-2.468
-2.288
-2.035
-1.69
-1.388
-1.279
-1.345
-1.44
-1.52
-1.667
-1.812
-1.848
-1.821
-1.665
-1.345
-0.946
-0.587
-0.326
-0.136
0.029
0.086
-0.088
-0.404
-0.712
-0.918
-1.023
-1.089
-1.059
-0.814
-0.358
0.179
0.61
0.875
1.025
1.036
0.944
0.764
0.558
0.326
0.136
0.163
0.456
0.862
1.279
1.69
2.075
2.359
2.497
2.497
2.366
2.143
1.901
1.744
1.76
1.923
2.2
2.583
3.055
3.538
3.851
3.947
3.874
3.681
3.366
3.017
2.819
2.826
2.955
3.141
3.429
3.883
4.38
4.809
5.151
5.346
5.323
5.154
4.949
4.799
4.788
4.96
5.294
5.759
6.313
6.837
7.283
7.553
7.553
7.415
7.302
7.197
7.063
6.893
6.746
6.798
7.124
7.617
8.122
8.488
8.708
8.812
8.808
8.672
8.359
7.932
7.562
7.392
7.442
7.655
8.009
8.463
8.844
8.998
8.916
8.798
8.667
8.383
7.941
7.474
7.222
7.283
7.513
7.737
7.9
8.111
8.395
8.576
8.435
8.02
7.519
7.07
6.746
6.562
6.433
6.415
6.639
7.002
7.308
7.476
7.594
7.621
7.351
6.832
6.301
5.843
5.382
4.983
4.709
4.55
4.55
4.752
4.979
5.078
5.049
5.001
4.988
4.845
4.423
3.858
3.464
3.393
3.513
3.625
3.631
3.656
3.792
3.922
3.917
3.668
3.178
2.563
1.987
1.497
1.129
1.009
1.134
1.338
1.565
1.842
2.15
2.291
2.143
1.898
1.778
1.703
1.513
1.141
0.719
0.492
0.594
0.953
1.352
1.683
1.923
2.064
2.035
1.755
1.327
0.939
0.676
0.47
0.249
0.075
0.063
0.136
0.238
0.356
0.59
0.961
1.259
1.247
0.939
0.542
0.313
0.37
0.578
0.735
0.809
0.903
1.066
1.277
1.44
1.499
1.461
1.395
1.284
1.089
0.859
0.792
1.084
1.617
2.112
2.409
2.479
2.381
2.209
2.146
2.225
2.241
2.046
1.751
1.542
1.511
1.613
1.842
2.13
2.27
2.134
1.916
1.914
2.143
2.395
2.556
2.636
2.624
2.486
2.232
2.009
1.987
2.184
2.434
2.486
2.232
1.794
1.399
1.188
1.168
1.211
1.129
0.918
0.766
0.746
0.737
0.714
0.678
0.535
0.243
-0.038
-0.172
-0.134
0.081
0.408
0.714
0.932
1.016
0.916
0.619
0.229
-0.081
-0.279
-0.417
-0.501
-0.526
-0.542
-0.565
-0.517
-0.385
-0.342
-0.479
-0.696
-0.898
-1.1
-1.245
-1.331
-1.436
-1.535
-1.579
-1.563
-1.461
-1.279
-1.184
-1.313
-1.565
-1.805
-2.016
-2.205
-2.32
-2.331
-2.227
-2.014
-1.694
-1.349
-1.107
-0.937
-0.698
-0.458
-0.444
-0.771
-1.297
-1.79
-2.068
-2.1
-2.082
-2.137
-2.109
-1.946
-1.733
-1.527
-1.32
-1.166
-1.109
-1.134
-1.202
-1.229
-1.164
-1.018
-0.771
-0.442
-0.195
-0.115
-0.138
-0.165
-0.104
-0.009
-0.045
-0.172
-0.245
-0.268
-0.238
-0.118
0.072
0.236
0.422
0.667
0.853
0.887
0.83
0.737
0.526
0.177
-0.197
-0.442
-0.447
-0.243
0.075
0.404
0.705
0.875
0.812
0.601
0.479
0.467
0.422
0.349
0.322
0.385
0.542
0.837
1.231
1.492
1.47
1.25
0.998
0.796
0.617
0.444
0.306
0.22
0.138
0.034
-0.091
-0.124
-0.007
0.193
0.322
0.297
0.104
-0.254
-0.744
-1.2
-1.488
-1.669
-1.787
-1.726
-1.495
-1.177
-0.857
-0.599
-0.458
-0.528
-0.875
-1.42
-2.032
-2.629
-3.116
-3.384
-3.375
-3.11
-2.797
-2.52
-2.175
-1.837
-1.724
-1.905
-2.177
-2.45
-2.81
-3.273
-3.672
-3.935
-4.067
-4.133
-4.146
-4.042
-3.847
-3.695
-3.593
-3.54
-3.577
-3.715
-3.86
-3.863
-3.786
-3.795
-3.856
-3.806
-3.556
-3.207
-2.96
-2.831
-2.717
-2.729
-2.967
-3.352
-3.799
-4.226
-4.527
-4.602
-4.428
-4.121
-3.792
-3.427
-3.085
-2.822
-2.651
-2.59
-2.71
-2.905
-3.03
-2.985
-2.858
-2.783
-2.763
-2.751
-2.71
-2.606
-2.472
-2.341
-2.157
-1.901
-1.669
-1.558
-1.522
-1.495
-1.474
-1.461
-1.427
-1.354
-1.254
-1.172
-1.046
-0.869
-0.837
-0.996
-1.168
-1.293
-1.454
-1.669
-1.814
-1.715
-1.42
-1.179
-1.114
-1.186
-1.327
-1.517
-1.674
-1.762
-1.778
-1.753
-1.699
-1.563
-1.404
-1.379
-1.522
-1.724
-1.84
-1.885
-1.971
-2.084
-2.098
-2.005
-1.937
-1.989
-2.207
-2.586
-3.101
-3.618
-4.008
-4.267
-4.448
-4.604
-4.711
-4.679
-4.486
-4.246
-4.103
-4.069
-3.992
-3.86
-3.82
-3.945
-4.23
-4.6
-4.949
-5.219
-5.391
-5.467
-5.457
-5.287
-4.967
-4.632
-4.357
-4.235
-4.4
-4.749
-5.135
-5.548
-6.013
-6.428
-6.637
-6.6
-6.453
-6.272
-6.029
-5.802
-5.678
-5.652
-5.684
-5.759
-5.952
-6.285
-6.61
-6.857
-7.052
-7.152
-7.109
-6.861
-6.478
-6.161
-5.986
-5.872
-5.766
-5.75
-5.859
-5.972
-5.981
-5.877
-5.752
-5.655
-5.566
-5.41
-5.206
-5.069
-5.104
-5.296
-5.543
-5.734
-5.832
-5.859
-5.748
-5.526
-5.203
-4.858
-4.577
-4.373
-4.242
-4.151
-4.044
-3.976
-4.026
-4.153
-4.321
-4.466
-4.502
-4.439
-4.228
-3.797
-3.28
-2.865
-2.549
-2.307
-2.173
-2.245
-2.504
-2.799
-3.03
-3.182
-3.216
-3.187
-3.094
-2.903
-2.67
-2.472
-2.291
-2.021
-1.674
-1.388
-1.15
-0.862
-0.528
-0.349
-0.383
-0.451
-0.42
-0.39
-0.442
-0.44
-0.397
-0.372
-0.34
-0.276
-0.211
-0.174
-0.19
-0.218
-0.259
-0.381
-0.531
-0.546
-0.363
-0.159
-0.115
-0.165
-0.186
-0.179
-0.247
-0.435
-0.635
-0.712
-0.692
-0.683
-0.646
-0.496
-0.274
-0.075
0.032
-0.027
-0.268
-0.59
-0.864
-1.027
-1.198
-1.411
-1.472
-1.247
-0.921
-0.744
-0.664
-0.54
-0.385
-0.356
-0.476
-0.576
-0.637
-0.848
-1.311
-1.853
-2.307
-2.629
-2.713
-2.522
-2.186
-1.803
-1.383
-0.909
-0.476
-0.383
-0.664
-0.987
-1.12
-1.2
-1.397
-1.642
-1.726
-1.613
-1.445
-1.318
-1.25
-1.193
-1.079
-0.948
-0.907
-1.027
-1.216
-1.29
-1.179
-1.1
-1.257
-1.492
-1.538
-1.275
-0.882
-0.535
-0.168
0.349
0.928
1.377
1.558
1.52
1.513
1.626
1.817
2.051
2.3
2.552
2.855
3.232
3.611
3.84
3.876
3.84
3.826
3.901
4.112
4.48
4.911
5.36
5.777
6.083
6.195
6.24
6.349
6.465
6.623
6.966
7.478
7.941
8.204
8.311
8.386
8.39
8.22
8.02
8.014
8.202
8.472
8.753
9.039
9.234
9.275
9.245
9.205
9.098
8.946
8.86
8.81
8.662
8.447
8.202
7.934
7.653
7.388
7.252
7.274
7.338
7.34
7.272
7.052
6.653
6.265
6.07
6.006
5.904
5.727
5.607
5.607
5.587
5.437
5.203
4.952
4.595
4.053
3.438
2.944
2.654
2.525
2.486
2.527
2.638
2.803
2.953
2.949
2.736
2.402
2.114
1.914
1.662
1.343
1.089
0.98
1.023
1.175
1.268
1.216
1.073
0.937
0.862
0.789
0.689
0.628
0.617
0.537
0.431
0.381
0.388
0.37
0.32
0.281
0.329
0.492
0.626
0.621
0.59
0.599
0.553
0.361
0.075
-0.124
-0.088
0.195
0.698
1.284
1.66
1.715
1.551
1.193
0.653
0.179
-0.079
-0.152
-0.127
-0.034
0.15
0.406
0.646
0.805
0.88
0.821
0.621
0.349
0.093
-0.097
-0.077
0.213
0.578
0.826
0.971
1.105
1.209
1.331
1.504
1.678
1.694
1.485
1.127
0.714
0.34
0.154
0.259
0.567
0.903
1.243
1.585
1.817
1.926
2.003
2.018
1.916
1.692
1.411
1.222
1.234
1.365
1.508
1.69
1.889
2.059
2.207
2.282
2.25
2.107
1.966
1.928
1.937
1.892
1.819
1.792
1.781
1.751
1.722
1.708
1.681
1.699
1.79
1.878
1.885
1.812
1.699
1.551
1.395
1.229
1.032
0.8
0.619
0.624
0.783
0.932
0.966
0.973
1.048
1.15
1.164
1.052
0.996
1.145
1.293
1.241
1.082
0.937
0.796
0.669
0.633
0.694
0.751
0.794
0.887
1.009
1.023
0.835
0.56
0.347
0.183
0.048
0.022
0.172
0.433
0.733
1.073
1.431
1.746
1.862
1.742
1.517
1.263
1.018
0.837
0.776
0.823
0.955
1.132
1.404
1.767
2.044
2.094
2.007
1.964
1.946
1.799
1.501
1.222
1.118
1.125
1.175
1.306
1.556
1.935
2.404
2.79
2.985
2.946
2.686
2.331
2.018
1.742
1.501
1.327
1.316
1.442
1.567
1.753
2.082
2.416
2.545
2.454
2.261
1.923
1.477
1.105
0.896
0.809
0.894
1.222
1.724
2.153
2.431
2.624
2.74
2.647
2.257
1.692
1.164
0.803
0.696
0.769
0.987
1.383
1.912
2.397
2.694
2.72
2.499
2.141
1.74
1.306
0.816
0.444
0.306
0.361
0.528
0.787
1.198
1.676
2.007
2.1
2.021
1.857
1.64
1.309
0.83
0.356
0.131
0.19
0.379
0.628
0.971
1.322
1.558
1.594
1.397
0.968
0.483
0.059
-0.37
-0.823
-1.05
-0.912
-0.608
-0.401
-0.345
-0.374
-0.442
-0.546
-0.776
-1.157
-1.431
-1.399
-1.218
-1.114
-1
-0.742
-0.429
-0.22
-0.102
-0.107
-0.297
-0.608
-0.869
-1.02
-1.166
-1.304
-1.383
-1.422
-1.392
-1.227
-0.98
-0.685
-0.288
0.091
0.138
-0.177
-0.592
-0.928
-1.17
-1.252
-1.068
-0.701
-0.179
0.524
1.293
1.842
2.007
1.91
1.667
1.281
0.85
0.558
0.537
0.751
1.111
1.495
1.83
2.125
2.3
2.214
1.898
1.633
1.501
1.431
1.504
1.792
2.139
2.338
2.456
2.583
2.62
2.475
2.288
2.22
2.277
2.402
2.595
2.849
3.035
3.16
3.386
3.686
3.842
3.804
3.677
3.588
3.638
3.781
3.815
3.656
3.45
3.395
3.552
3.895
4.398
4.972
5.462
5.734
5.682
5.358
4.92
4.507
4.251
4.273
4.502
4.829
5.278
5.839
6.408
6.911
7.267
7.39
7.233
6.832
6.353
6.017
6
6.238
6.589
6.979
7.37
7.707
7.941
8.093
8.179
8.175
8.096
7.952
7.717
7.424
7.143
6.959
7.043
7.299
7.526
7.787
8.288
8.964
9.45
9.488
9.118
8.52
7.864
7.274
6.911
6.893
7.22
7.776
8.429
9.066
9.654
9.999
9.871
9.255
8.372
7.492
6.796
6.322
6.113
6.199
6.607
7.288
8.02
8.524
8.69
8.606
8.349
7.961
7.431
6.752
6.065
5.526
5.271
5.396
5.813
6.337
6.841
7.288
7.628
7.875
7.991
7.846
7.394
6.685
5.95
5.476
5.362
5.494
5.877
6.589
7.481
8.172
8.495
8.558
8.413
8.041
7.567
7.106
6.617
6.169
5.97
6.079
6.374
6.714
7.036
7.276
7.381
7.256
6.882
6.317
5.691
5.142
4.749
4.571
4.668
5.001
5.369
5.657
5.902
6.115
6.152
5.893
5.512
5.192
4.908
4.673
4.58
4.582
4.6
4.727
5.024
5.269
5.269
5.054
4.704
4.267
3.87
3.668
3.672
3.729
3.731
3.715
3.74
3.847
4.033
4.278
4.45
4.393
4.221
4.117
4.078
4.064
4.114
4.289
4.518
4.749
4.979
5.074
4.979
4.97
5.154
5.249
5.117
4.904
4.786
4.861
5.101
5.414
5.725
5.909
5.915
5.888
5.891
5.875
5.929
6.158
6.453
6.662
6.846
7.17
7.603
7.966
8.2
8.354
8.359
8.184
8.061
8.127
8.284
8.433
8.599
8.805
9.016
9.184
9.352
9.518
9.613
9.658
9.683
9.542
9.243
8.951
8.762
8.699
8.742
8.821
8.894
8.951
9.078
9.302
9.518
9.527
9.391
9.257
9.032
8.703
8.538
8.669
8.935
9.189
9.459
9.651
9.665
9.622
9.552
9.27
8.774
8.354
8.163
8.07
8.009
8.109
8.379
8.608
8.66
8.626
8.585
8.513
8.433
8.495
8.615
8.64
8.615
8.626
8.633
8.61
8.649
8.753
8.805
8.798
8.753
8.667
8.587
8.608
8.703
8.762
8.703
8.506
8.225
7.957
7.75
7.603
7.608
7.744
7.835
7.771
7.585
7.392
7.204
6.943
6.646
6.426
6.363
6.467
6.635
6.809
6.961
7.07
7.077
6.97
6.857
6.703
6.41
6.067
5.754
5.473
5.33
5.394
5.587
5.809
6.072
6.383
6.612
6.587
6.299
5.85
5.351
4.915
4.525
4.153
3.938
4.031
4.443
5.024
5.498
5.68
5.63
5.394
4.97
4.384
3.797
3.398
3.223
3.212
3.405
3.779
4.246
4.727
5.088
5.162
4.922
4.516
3.96
3.282
2.636
2.193
2.046
2.114
2.348
2.756
3.232
3.627
3.926
4.09
3.949
3.52
3.023
2.595
2.264
2.051
2.009
2.155
2.393
2.665
2.99
3.284
3.395
3.26
2.98
2.624
2.196
1.81
1.551
1.517
1.64
1.805
1.951
2.071
2.198
2.325
2.348
2.227
1.996
1.678
1.304
0.982
0.805
0.785
0.905
1.129
1.409
1.658
1.771
1.762
1.705
1.511
1.159
0.832
0.617
0.404
0.22
0.202
0.342
0.496
0.506
0.342
0.161
0.032
-0.057
-0.081
-0.022
0.057
0.145
0.186
0.097
-0.095
-0.138
0.007
0.045
-0.159
-0.399
-0.496
-0.494
-0.492
-0.535
-0.61
-0.655
-0.626
-0.631
-0.733
-0.878
-1.007
-1.111
-1.263
-1.594
-2.005
-2.2
-2.107
-1.898
-1.744
-1.631
-1.488
-1.313
-1.27
-1.463
-1.848
-2.279
-2.645
-2.937
-3.18
-3.23
-2.992
-2.601
-2.304
-2.209
-2.261
-2.395
-2.631
-2.983
-3.364
-3.654
-3.788
-3.767
-3.688
-3.629
-3.525
-3.327
-3.178
-3.26
-3.627
-4.064
-4.346
-4.471
-4.555
-4.623
-4.604
-4.502
-4.348
-4.167
-3.994
-3.849
-3.699
-3.516
-3.45
-3.67
-4.092
-4.571
-5.013
-5.301
-5.38
-5.271
-5.049
-4.822
-4.718
-4.759
-4.868
-5.001
-5.199
-5.432
-5.65
-5.872
-6.133
-6.328
-6.319
-6.199
-6.09
-5.925
-5.684
-5.464
-5.382
-5.455
-5.605
-5.723
-5.798
-5.913
-6.104
-6.267
-6.31
-6.206
-6.056
-5.902
-5.825
-5.843
-5.839
-5.804
-5.97
-6.401
-6.875
-7.181
-7.41
-7.589
-7.587
-7.453
-7.315
-7.095
-6.741
-6.424
-6.306
-6.33
-6.458
-6.728
-7.022
-7.195
-7.259
-7.263
-7.188
-6.927
-6.51
-6.12
-5.945
-6.05
-6.335
-6.619
-6.841
-7.095
-7.433
-7.696
-7.739
-7.658
-7.565
-7.437
-7.206
-6.984
-6.882
-6.843
-6.787
-6.839
-7.136
-7.572
-7.939
-8.231
-8.47
-8.513
-8.274
-7.821
-7.34
-7.025
-6.811
-6.703
-6.9
-7.356
-7.809
-8.143
-8.431
-8.653
-8.683
-8.472
-8.134
-7.846
-7.748
-7.873
-8.102
-8.3
-8.468
-8.705
-8.964
-9.139
-9.257
-9.293
-9.184
-8.982
-8.746
-8.47
-8.172
-7.932
-7.828
-7.93
-8.177
-8.395
-8.524
-8.581
-8.599
-8.653
-8.774
-8.835
-8.694
-8.402
-8.172
-8.116
-8.204
-8.392
-8.549
-8.565
-8.411
-8.122
-7.823
-7.653
-7.63
-7.721
-7.93
-8.184
-8.297
-8.152
-7.887
-7.68
-7.458
-7.138
-6.775
-6.412
-6.067
-5.868
-5.909
-6.161
-6.485
-6.687
-6.725
-6.691
-6.546
-6.249
-5.893
-5.573
-5.299
-5.04
-4.811
-4.657
-4.611
-4.611
-4.611
-4.67
-4.756
-4.65
-4.267
-3.833
-3.538
-3.198
-2.651
-2.082
-1.765
-1.805
-2.141
-2.617
-3.071
-3.357
-3.386
-3.112
-2.497
-1.617
-0.771
-0.193
0.136
0.304
0.283
-0.025
-0.567
-1.222
-1.762
-1.978
-1.853
-1.508
-1.025
-0.49
0.022
0.433
0.631
0.608
0.47
0.306
0.061
-0.259
-0.603
-0.859
-0.878
-0.596
-0.097
0.435
0.875
1.238
1.411
1.29
0.918
0.363
-0.261
-0.809
-1.134
-1.148
-0.898
-0.453
0.15
0.846
1.452
1.74
1.644
1.302
0.862
0.388
-0.163
-0.603
-0.723
-0.581
-0.326
-0.022
0.338
0.733
1.039
1.193
1.211
1.05
0.626
0.034
-0.47
-0.842
-1.086
-1.118
-0.882
-0.572
-0.39
-0.302
-0.138
0.013
-0.109
-0.503
-0.93
-1.2
-1.304
-1.327
-1.245
-0.989
-0.626
-0.209
0.211
0.51
0.556
0.326
-0.041
-0.501
-1.129
-1.851
-2.452
-2.738
-2.733
-2.608
-2.461
-2.207
-1.871
-1.597
-1.411
-1.338
-1.424
-1.597
-1.769
-1.994
-2.4
-2.86
-3.157
-3.184
-2.994
-2.699
-2.4
-2.13
-1.878
-1.651
-1.504
-1.579
-1.889
-2.298
-2.613
-2.788
-2.883
-2.835
-2.558
-2.057
-1.461
-0.971
-0.705
-0.662
-0.85
-1.148
-1.477
-1.819
-2.118
-2.184
-1.987
-1.694
-1.424
-1.109
-0.689
-0.281
-0.038
0.07
0.093
0.002
-0.163
-0.338
-0.506
-0.692
-0.807
-0.746
-0.501
-0.222
-0.025
0.095
0.143
0.134
0.054
-0.084
-0.2
-0.195
-0.15
-0.174
-0.268
-0.363
-0.408
-0.404
-0.34
-0.29
-0.22
-0.07
0.07
0.159
0.195
0.245
0.333
0.356
0.179
-0.129
-0.392
-0.483
-0.376
-0.252
-0.183
-0.107
0.029
0.14
0.181
0.138
0.068
0.061
0.093
0.057
-0.075
-0.197
-0.236
-0.188
-0.102
0
0.111
0.313
0.635
0.941
1.122
1.193
1.136
0.862
0.388
-0.059
-0.318
-0.326
-0.091
0.363
0.934
1.499
1.93
2.123
2.057
1.833
1.615
1.427
1.261
1.05
0.839
0.837
1.143
1.649
2.2
2.615
2.817
2.844
2.744
2.529
2.223
1.824
1.418
1.155
1.148
1.324
1.542
1.835
2.234
2.697
3.128
3.355
3.253
2.794
2.123
1.508
1.136
0.966
0.977
1.177
1.508
1.982
2.547
2.985
3.094
2.883
2.549
2.229
1.935
1.631
1.365
1.222
1.263
1.483
1.833
2.17
2.361
2.268
1.939
1.544
1.309
1.243
1.188
1.059
0.975
1.027
1.155
1.331
1.547
1.758
1.966
2.184
2.268
2.059
1.619
1.159
0.903
0.921
1.025
1.007
0.905
0.873
0.996
1.306
1.649
1.81
1.765
1.567
1.345
1.155
0.98
0.816
0.712
0.739
0.76
0.633
0.435
0.326
0.243
0.147
0.093
0.025
-0.154
-0.41
-0.689
-0.939
-1.068
-1.048
-0.989
-1.007
-1.068
-1.075
-1.014
-0.968
-0.989
-1.15
-1.488
-1.837
-1.985
-1.962
-1.948
-2.075
-2.239
-2.293
-2.248
-2.2
-2.227
-2.395
-2.67
-2.926
-3.062
-3.105
-3.101
-3.012
-2.826
-2.556
-2.205
-1.835
-1.615
-1.588
-1.617
-1.535
-1.415
-1.506
-1.837
-2.218
-2.538
-2.708
-2.715
-2.656
-2.67
-2.738
-2.69
-2.493
-2.234
-1.953
-1.728
-1.676
-1.778
-1.857
-1.812
-1.662
-1.488
-1.381
-1.368
-1.409
-1.477
-1.538
-1.676
-1.885
-1.942
-1.833
-1.742
-1.76
-1.769
-1.708
-1.615
-1.386
-0.98
-0.703
-0.787
-1.043
-1.213
-1.302
-1.406
-1.499
-1.601
-1.785
-1.996
-2.123
-2.157
-2.227
-2.352
-2.468
-2.579
-2.733
-2.903
-3.064
-3.241
-3.357
-3.323
-3.101
-2.84
-2.742
-2.772
-2.847
-3.008
-3.293
-3.713
-4.248
-4.802
-5.21
-5.371
-5.332
-5.226
-5.147
-5.078
-4.972
-4.874
-4.825
-4.788
-4.727
-4.632
-4.614
-4.722
-4.888
-5.026
-5.092
-5.072
-5.126
-5.317
-5.519
-5.625
-5.596
-5.482
-5.387
-5.414
-5.491
-5.494
-5.428
-5.362
-5.319
-5.237
-5.135
-5.099
-5.149
-5.328
-5.68
-6.065
-6.233
-6.138
-5.988
-5.943
-5.936
-5.786
-5.471
-5.16
-5.008
-5.072
-5.244
-5.346
-5.265
-5.122
-5.099
-5.101
-5.019
-4.963
-5.078
-5.315
-5.589
-5.95
-6.326
-6.508
-6.378
-6.077
-5.754
-5.491
-5.332
-5.203
-4.974
-4.727
-4.679
-4.847
-5.026
-5.022
-4.845
-4.752
-4.92
-5.256
-5.526
-5.573
-5.455
-5.344
-5.332
-5.367
-5.385
-5.432
-5.469
-5.482
-5.591
-5.682
-5.539
-5.221
-4.967
-4.806
-4.598
-4.396
-4.366
-4.527
-4.802
-5.228
-5.745
-6.138
-6.272
-6.176
-5.968
-5.709
-5.455
-5.276
-5.135
-4.899
-4.659
-4.634
-4.856
-5.147
-5.437
-5.637
-5.668
-5.675
-5.811
-5.95
-5.909
-5.739
-5.628
-5.559
-5.494
-5.593
-5.798
-5.929
-6.036
-6.158
-6.206
-6.147
-5.97
-5.675
-5.382
-5.287
-5.38
-5.532
-5.689
-5.836
-6.045
-6.365
-6.637
-6.691
-6.555
-6.33
-6.031
-5.78
-5.695
-5.693
-5.652
-5.668
-5.804
-6.027
-6.263
-6.526
-6.848
-7.195
-7.478
-7.583
-7.519
-7.356
-7.045
-6.603
-6.249
-6.097
-6.054
-6.024
-6.031
-6.122
-6.369
-6.705
-6.92
-6.887
-6.632
-6.222
-5.704
-5.271
-5.101
-5.104
-5.144
-5.269
-5.575
-6.002
-6.387
-6.607
-6.612
-6.39
-5.965
-5.48
-5.081
-4.777
-4.509
-4.387
-4.496
-4.761
-5.051
-5.305
-5.464
-5.537
-5.537
-5.391
-5.013
-4.48
-4.04
-3.792
-3.631
-3.493
-3.5
-3.704
-3.972
-4.199
-4.452
-4.77
-4.967
-4.881
-4.609
-4.28
-3.94
-3.684
-3.618
-3.675
-3.777
-3.933
-4.16
-4.391
-4.475
-4.396
-4.178
-3.906
-3.661
-3.441
-3.171
-2.903
-2.781
-2.883
-3.128
-3.373
-3.573
-3.763
-3.967
-4.103
-4.028
-3.718
-3.355
-3.076
-2.844
-2.656
-2.554
-2.586
-2.838
-3.255
-3.652
-3.913
-4.071
-4.149
-4.106
-3.958
-3.724
-3.55
-3.488
-3.482
-3.504
-3.511
-3.543
-3.665
-3.822
-3.886
-3.81
-3.688
-3.695
-3.806
-3.863
-3.935
-4.053
-4.058
-3.876
-3.67
-3.579
-3.622
-3.659
-3.659
-3.693
-3.745
-3.804
-3.908
-3.935
-3.786
-3.534
-3.402
-3.504
-3.697
-3.84
-4.019
-4.194
-4.201
-4.017
-3.758
-3.479
-3.203
-3.046
-3.066
-3.123
-3.03
-2.89
-2.86
-2.833
-2.742
-2.674
-2.679
-2.715
-2.74
-2.742
-2.747
-2.767
-2.701
-2.486
-2.186
-1.867
-1.583
-1.415
-1.361
-1.333
-1.333
-1.386
-1.447
-1.472
-1.392
-1.204
-0.987
-0.821
-0.717
-0.68
-0.751
-0.859
-0.878
-0.778
-0.646
-0.449
-0.174
0.048
0.134
0.109
0.05
0.013
0.041
0.174
0.404
0.68
0.894
0.932
0.878
0.826
0.68
0.354
-0.007
-0.14
-0.02
0.163
0.34
0.533
0.746
0.95
1.061
1.005
0.832
0.726
0.689
0.635
0.565
0.612
0.809
1.052
1.279
1.554
1.844
2.048
2.212
2.377
2.429
2.373
2.277
2.177
2.098
2.012
1.955
2.068
2.366
2.704
2.983
3.182
3.339
3.479
3.518
3.402
3.23
3.132
3.146
3.221
3.362
3.625
4.006
4.462
4.843
5.022
5.09
5.226
5.385
5.437
5.403
5.385
5.473
5.648
5.918
6.308
6.737
7.111
7.437
7.671
7.728
7.624
7.435
7.24
7.129
7.14
7.249
7.342
7.335
7.265
7.224
7.256
7.394
7.619
7.778
7.809
7.771
7.741
7.769
7.798
7.785
7.785
7.816
7.88
7.95
7.934
7.848
7.735
7.578
7.469
7.508
7.628
7.678
7.51
7.233
7.086
7.154
7.302
7.292
7.036
6.721
6.535
6.458
6.319
6.063
5.773
5.655
5.718
5.775
5.709
5.519
5.344
5.362
5.484
5.528
5.412
5.156
4.822
4.545
4.475
4.591
4.666
4.555
4.253
3.87
3.609
3.563
3.579
3.425
3.132
2.974
3.055
3.178
3.098
2.838
2.633
2.629
2.72
2.672
2.425
2.198
2.184
2.395
2.597
2.572
2.334
2.018
1.794
1.771
1.962
2.116
1.973
1.619
1.25
0.957
0.796
0.78
0.819
0.751
0.674
0.785
1.055
1.275
1.349
1.268
1.098
0.95
0.805
0.508
0.088
-0.206
-0.17
0.202
0.646
0.907
1.046
1.227
1.395
1.363
1.091
0.683
0.24
-0.157
-0.326
-0.179
0.088
0.354
0.655
0.928
1.152
1.413
1.644
1.633
1.381
0.989
0.605
0.385
0.276
0.165
0.134
0.326
0.757
1.309
1.79
2.066
2.132
2.082
1.989
1.733
1.207
0.635
0.385
0.54
0.916
1.322
1.624
1.808
1.955
1.985
1.878
1.744
1.585
1.275
0.937
0.789
0.873
1.175
1.644
2.051
2.255
2.384
2.52
2.592
2.506
2.212
1.781
1.365
1.107
0.939
0.707
0.544
0.707
1.252
1.937
2.454
2.515
2.212
1.869
1.576
1.188
0.687
0.177
-0.2
-0.281
-0.016
0.463
0.918
1.259
1.433
1.406
1.236
1.009
0.698
0.331
0.029
-0.15
-0.263
-0.392
-0.526
-0.556
-0.388
-0.095
0.086
0.038
-0.168
-0.456
-0.814
-1.204
-1.554
-1.814
-1.975
-2.018
-1.889
-1.554
-1.039
-0.596
-0.422
-0.444
-0.605
-0.923
-1.347
-1.728
-1.962
-2.073
-2.073
-1.957
-1.744
-1.422
-1.034
-0.617
-0.206
0.032
-0.043
-0.374
-0.792
-1.179
-1.517
-1.781
-1.953
-1.942
-1.758
-1.449
-1.064
-0.721
-0.506
-0.431
-0.517
-0.762
-1.109
-1.409
-1.601
-1.694
-1.672
-1.472
-1.02
-0.479
0.013
0.394
0.608
0.612
0.451
0.188
-0.168
-0.544
-0.805
-0.882
-0.826
-0.653
-0.318
0.159
0.626
0.977
1.225
1.306
1.129
0.748
0.295
-0.075
-0.259
-0.281
-0.193
-0.038
0.157
0.456
0.823
1.122
1.297
1.338
1.202
0.889
0.526
0.256
0.084
0.025
0.122
0.318
0.417
0.347
0.299
0.354
0.324
0.097
-0.218
-0.531
-0.844
-1.182
-1.499
-1.649
-1.619
-1.422
-1.086
-0.778
-0.68
-0.667
-0.626
-0.631
-0.76
-1.05
-1.49
-2.051
-2.631
-2.971
-2.937
-2.708
-2.509
-2.357
-2.159
-1.932
-1.857
-1.944
-2.071
-2.214
-2.429
-2.672
-2.842
-2.971
-3.035
-2.899
-2.606
-2.379
-2.364
-2.497
-2.601
-2.715
-2.901
-3.06
-3.112
-3.146
-3.264
-3.425
-3.586
-3.697
-3.697
-3.55
-3.305
-3.073
-2.912
-2.733
-2.552
-2.44
-2.334
-2.259
