Unnamed: 3
Value
-0.664
-0.2
0.156
0.351
0.546
0.766
0.839
0.664
0.395
0.281
0.442
0.766
1.071
1.263
1.352
1.456
1.656
1.862
1.912
1.765
1.442
1.086
0.893
0.957
1.177
1.42
1.635
1.812
1.987
2.168
2.266
2.189
2.01
1.894
1.948
2.107
2.2
2.152
2.13
2.288
2.579
2.844
2.976
2.949
2.794
2.647
2.572
2.449
2.107
1.635
1.293
1.136
1.068
0.973
0.825
0.662
0.562
0.531
0.49
0.374
0.211
0.043
-0.093
-0.179
-0.311
-0.467
-0.531
-0.476
-0.401
-0.447
-0.621
-0.769
-0.791
-0.739
-0.735
-0.723
-0.578
-0.431
-0.583
-1.032
-1.492
-1.756
-1.864
-1.962
-2.093
-2.218
-2.25
-2.134
-1.996
-1.966
-2.053
-2.23
-2.459
-2.71
-3.039
-3.371
-3.504
-3.389
-3.205
-3.066
-2.867
-2.586
-2.366
-2.23
-2.096
-1.976
-1.976
-2.18
-2.583
-3.091
-3.389
-3.273
-2.969
-2.754
-2.636
-2.466
-2.105
-1.622
-1.334
-1.397
-1.662
-1.946
-2.146
-2.295
-2.425
-2.479
-2.364
-2.064
-1.767
-1.61
-1.456
-1.134
-0.73
-0.472
-0.483
-0.735
-1.032
-1.127
-0.998
-0.798
-0.517
-0.045
0.472
0.791
0.944
1.057
1.1
1.014
0.839
0.644
0.431
0.177
-0.063
-0.07
0.254
0.735
1.184
1.599
2.048
2.447
2.704
2.81
2.69
2.288
1.719
1.225
0.975
0.975
1.143
1.417
1.842
2.402
2.881
3.085
3.037
2.869
2.611
2.293
2.069
1.885
1.608
1.336
1.243
1.388
1.696
1.998
2.109
2.044
1.946
1.91
1.917
1.837
1.554
1.17
0.878
0.707
0.553
0.379
0.254
0.224
0.322
0.465
0.519
0.39
0.104
-0.206
-0.558
-1.052
-1.538
-1.805
-1.883
-1.88
-1.733
-1.445
-1.222
-1.288
-1.574
-1.805
-1.896
-1.998
-2.166
-2.359
-2.62
-2.912
-3.078
-3.003
-2.881
-2.912
-3.014
-3.003
-2.93
-2.871
-2.876
-3.003
-3.291
-3.584
-3.786
-3.954
-4.135
-4.235
-4.142
-3.847
-3.468
-3.171
-3.019
-2.962
-2.908
-2.874
-2.878
-2.892
-2.937
-2.949
-2.844
-2.706
-2.649
-2.642
-2.633
-2.697
-2.774
-2.713
-2.52
-2.318
-2.225
-2.252
-2.284
-2.277
-2.279
-2.334
-2.461
-2.59
-2.602
-2.427
-2.173
-1.976
-1.867
-1.787
-1.73
-1.801
-1.955
-2.075
-2.091
-1.98
-1.758
-1.526
-1.388
-1.354
-1.424
-1.592
-1.801
-1.923
-1.93
-1.932
-1.998
-2.114
-2.232
-2.277
-2.218
-2.118
-1.957
-1.713
-1.429
-1.184
-1.068
-1.063
-1.125
-1.288
-1.586
-1.926
-2.186
-2.3
-2.318
-2.3
-2.239
-2.109
-1.944
-1.742
-1.558
-1.526
-1.608
-1.717
-1.864
-2.096
-2.386
-2.636
-2.763
-2.792
-2.799
-2.928
-3.162
-3.289
-3.244
-3.182
-3.18
-3.212
-3.132
-2.862
-2.572
-2.488
-2.549
-2.554
-2.497
-2.457
-2.522
-2.706
-2.933
-3.107
-3.132
-3.116
-3.201
-3.303
-3.271
-3.15
-3.112
-3.248
-3.396
-3.396
-3.357
-3.407
-3.396
-3.187
-2.937
-2.844
-2.84
-2.833
-2.84
-2.826
-2.683
-2.422
-2.114
-1.792
-1.549
-1.451
-1.474
-1.533
-1.531
-1.406
-1.218
-1.048
-0.878
-0.655
-0.419
-0.259
-0.136
0.077
0.353
0.571
0.728
0.857
0.971
1.061
1.057
1
0.927
0.789
0.687
0.857
1.325
1.862
2.356
2.856
3.318
3.631
3.826
4.015
4.18
4.176
4.01
3.831
3.736
3.74
3.731
3.715
3.86
4.219
4.573
4.736
4.761
4.763
4.759
4.747
4.684
4.523
4.319
4.18
4.108
3.983
3.74
3.475
3.348
3.427
3.591
3.731
3.869
4.081
4.35
4.534
4.496
4.35
4.269
4.244
4.208
4.174
4.201
4.282
4.391
4.552
4.659
4.505
4.178
4.005
4.001
3.829
3.536
3.622
4.26
5.113
5.861
6.544
7.122
7.458
7.533
7.469
7.322
7.165
7.118
7.229
7.394
7.535
7.762
8.179
8.715
9.238
9.71
10.148
10.511
10.754
10.844
10.781
10.581
10.373
10.221
10.066
10.032
10.237
10.656
11.151
11.6
11.854
11.784
11.489
11.158
10.878
10.543
10.146
9.93
10.024
10.25
10.461
10.604
10.69
10.699
10.45
9.876
9.288
8.91
8.583
8.247
8.057
8.046
8.104
8.2
8.302
8.338
8.27
8.116
7.962
7.784
7.456
7.05
6.83
6.696
6.301
5.718
5.289
5.045
4.872
4.795
4.902
5.126
5.389
5.634
5.625
5.187
4.509
3.951
3.579
3.3
3.055
2.849
2.828
3.026
3.235
3.271
3.176
3.132
3.25
3.382
3.282
2.971
2.656
2.429
2.202
1.93
1.615
1.395
1.454
1.758
2.143
2.479
2.683
2.779
2.751
2.536
2.057
1.395
0.751
0.299
0.034
-0.154
-0.181
0.05
0.44
0.866
1.159
1.209
1.097
0.873
0.562
0.247
-0.086
-0.349
-0.308
0.018
0.317
0.449
0.512
0.644
0.846
0.973
1.003
0.973
0.878
0.683
0.435
0.158
-0.084
-0.163
-0.011
0.419
1.093
1.812
2.388
2.788
2.998
2.944
2.629
2.191
1.751
1.422
1.361
1.599
2.012
2.531
3.123
3.736
4.305
4.695
4.836
4.786
4.632
4.353
3.917
3.359
2.871
2.674
2.767
3.069
3.638
4.45
5.294
6.052
6.616
6.782
6.485
5.94
5.337
4.652
3.892
3.307
3.155
3.38
3.81
4.4
5.119
5.723
6.043
6.092
5.87
5.382
4.766
4.205
3.742
3.432
3.352
3.466
3.659
3.892
4.094
4.155
4.044
3.799
3.47
3.032
2.504
2.032
1.751
1.656
1.713
1.962
2.347
2.692
2.892
2.964
2.849
2.413
1.756
1.086
0.542
0.195
0.075
0.161
0.379
0.669
1.003
1.261
1.415
1.406
1.204
0.873
0.574
0.306
0.016
-0.213
-0.288
-0.279
-0.24
-0.109
0.156
0.506
0.766
0.839
0.766
0.651
0.517
0.381
0.304
0.319
0.454
0.694
1
1.284
1.583
1.942
2.284
2.491
2.568
2.654
2.717
2.658
2.474
2.302
2.273
2.443
2.722
2.939
3.146
3.473
3.82
4.064
4.214
4.298
4.332
4.303
4.176
3.945
3.731
3.715
3.856
3.965
3.971
3.985
4.135
4.335
4.393
4.264
4.058
3.969
4.058
4.087
3.931
3.706
3.541
3.416
3.216
2.96
2.72
2.59
2.579
2.538
2.361
2.164
2.082
2.105
2.107
2.023
1.905
1.844
1.903
2.016
1.969
1.737
1.451
1.173
0.853
0.458
0.19
0.168
0.259
0.229
0.043
-0.136
-0.247
-0.408
-0.601
-0.746
-0.893
-0.961
-0.842
-0.687
-0.671
-0.719
-0.717
-0.746
-0.916
-1.277
-1.722
-2.03
-2.152
-2.22
-2.209
-2.003
-1.744
-1.606
-1.606
-1.66
-1.737
-1.771
-1.728
-1.654
-1.656
-1.781
-1.889
-1.867
-1.837
-1.892
-1.876
-1.753
-1.722
-1.749
-1.717
-1.708
-1.844
-1.982
-2.014
-2.032
-2.103
-2.125
-2.037
-1.812
-1.517
-1.198
-0.902
-0.696
-0.658
-0.741
-0.8
-0.76
-0.8
-0.982
-1.027
-0.859
-0.671
-0.531
-0.268
0.158
0.519
0.646
0.653
0.592
0.358
0.063
0.007
0.217
0.492
0.785
1.1
1.417
1.728
2.025
2.302
2.5
2.606
2.695
2.803
2.865
2.86
2.756
2.54
2.379
2.354
2.468
2.735
3.173
3.636
3.965
4.233
4.493
4.641
4.586
4.477
4.486
4.534
4.598
4.729
4.902
5.029
5.212
5.514
5.723
5.664
5.498
5.478
5.684
6.006
6.217
6.251
6.308
6.546
6.814
6.995
7.118
7.161
7.104
7.011
7.031
7.072
6.963
6.764
6.601
6.483
6.387
6.462
6.762
7.179
7.603
8.039
8.476
8.76
8.776
8.585
8.345
8.225
8.245
8.238
8.161
8.145
8.222
8.347
8.438
8.431
8.311
8.125
7.987
7.941
7.882
7.741
7.628
7.594
7.512
7.326
7.093
6.834
6.601
6.489
6.56
6.673
6.682
6.601
6.453
6.296
6.201
6.138
5.981
5.795
5.802
6.133
6.616
6.977
7.027
6.753
6.326
5.986
5.811
5.711
5.662
5.761
6.024
6.381
6.721
6.945
6.948
6.759
6.623
6.641
6.664
6.592
6.501
6.499
6.671
6.948
7.086
6.941
6.546
6.115
5.918
6.015
6.285
6.585
6.784
6.836
6.859
6.923
6.959
6.923
6.857
6.669
6.299
5.934
5.698
5.526
5.357
5.169
5.015
4.913
4.782
4.609
4.473
4.493
4.65
4.802
4.797
4.559
4.244
4.119
4.166
4.201
4.13
4.017
3.924
3.906
3.951
3.962
3.881
3.801
3.77
3.679
3.466
3.23
3.046
2.969
2.937
2.79
2.574
2.418
2.286
2.082
1.776
1.497
1.381
1.327
1.211
1.068
1.052
1.275
1.62
1.812
1.708
1.454
1.286
1.345
1.531
1.563
1.354
1.027
0.855
0.95
1.118
1.209
1.349
1.724
2.302
2.785
2.962
2.91
2.779
2.636
2.488
2.325
2.132
1.935
1.851
2.064
2.656
3.368
3.849
4.049
4.083
4.11
4.162
4.183
4.13
4.03
3.897
3.885
4.124
4.511
4.854
5.151
5.487
5.8
5.954
5.866
5.603
5.285
5.013
4.808
4.636
4.505
4.534
4.84
5.339
5.882
6.294
6.508
6.535
6.367
5.986
5.491
5.117
4.888
4.691
4.541
4.559
4.802
5.178
5.53
5.77
5.884
5.927
5.909
5.82
5.582
5.172
4.661
4.237
4.005
3.922
3.906
3.994
4.337
4.831
5.099
4.99
4.74
4.53
4.251
3.833
3.441
3.218
3.076
3.012
3.139
3.402
3.654
3.774
3.727
3.602
3.434
3.269
3.169
3.123
3.087
3.089
3.091
3.019
2.942
2.858
2.681
2.515
2.495
2.568
2.542
2.322
2.073
1.969
1.957
1.951
1.901
1.815
1.747
1.676
1.563
1.386
1.175
0.991
0.848
0.746
0.608
0.399
0.172
0.063
0.109
0.177
0.1
-0.181
-0.483
-0.646
-0.689
-0.705
-0.712
-0.662
-0.526
-0.431
-0.515
-0.773
-1.132
-1.524
-1.926
-2.361
-2.749
-2.969
-2.971
-2.785
-2.488
-2.186
-2
-1.926
-1.962
-2.13
-2.415
-2.749
-3.107
-3.473
-3.747
-3.94
-4.017
-3.81
-3.323
-2.869
-2.629
-2.449
-2.15
-1.908
-1.955
-2.232
-2.52
-2.776
-2.985
-3.026
-2.962
-2.896
-2.708
-2.327
-1.93
-1.696
-1.633
-1.692
-1.869
-2.155
-2.513
-2.867
-3.13
-3.21
-3.089
-2.794
-2.37
-1.844
-1.352
-1.084
-1.086
-1.288
-1.581
-1.957
-2.443
-2.98
-3.486
-3.86
-4.003
-3.801
-3.312
-2.797
-2.434
-2.189
-2.066
-2.164
-2.488
-2.985
-3.615
-4.276
-4.774
-5.015
-5.103
-5.135
-5.004
-4.636
-4.187
-3.813
-3.606
-3.652
-3.974
-4.423
-4.856
-5.251
-5.657
-6.079
-6.308
-6.138
-5.637
-5.049
-4.57
-4.183
-3.919
-4.019
-4.554
-5.296
-6.065
-6.734
-7.195
-7.351
-7.222
-6.859
-6.306
-5.65
-5.172
-5.038
-5.153
-5.457
-5.981
-6.616
-7.227
-7.651
-7.735
-7.528
-7.209
-6.895
-6.544
-6.083
-5.687
-5.571
-5.7
-5.929
-6.194
-6.508
-6.832
-7.002
-6.982
-6.839
-6.648
-6.471
-6.367
-6.274
-6.131
-6.038
-6.126
-6.319
-6.474
-6.601
-6.793
-6.989
-7.006
-6.8
-6.465
-6.14
-5.961
-5.97
-6.142
-6.365
-6.501
-6.571
-6.592
-6.458
-6.16
-5.834
-5.687
-5.711
-5.739
-5.62
-5.399
-5.294
-5.389
-5.623
-5.875
-6.106
-6.335
-6.517
-6.569
-6.428
-6.199
-6.09
-6.115
-6.113
-5.997
-5.832
-5.687
-5.603
-5.586
-5.614
-5.609
-5.573
-5.65
-5.848
-5.97
-5.972
-6.004
-6.124
-6.281
-6.349
-6.249
-6.022
-5.804
-5.709
-5.779
-5.986
-6.236
-6.453
-6.614
-6.646
-6.644
-6.8
-7.065
-7.277
-7.451
-7.601
-7.662
-7.574
-7.302
-7.009
-6.866
-6.923
-7.152
-7.417
-7.594
-7.701
-7.828
-8.021
-8.225
-8.363
-8.399
-8.347
-8.218
-8.061
-7.957
-7.885
-7.843
-7.945
-8.297
-8.765
-9.05
-9.082
-8.987
-8.839
-8.719
-8.744
-8.862
-8.926
-8.851
-8.617
-8.338
-8.22
-8.241
-8.25
-8.211
-8.218
-8.358
-8.524
-8.397
-7.866
-7.227
-6.784
-6.587
-6.582
-6.757
-7.07
-7.379
-7.569
-7.642
-7.655
-7.571
-7.399
-7.141
-6.73
-6.204
-5.689
-5.369
-5.33
-5.535
-5.836
-6.09
-6.215
-6.185
-5.968
-5.591
-5.185
-4.876
-4.621
-4.264
-3.742
-3.176
-2.876
-2.939
-3.135
-3.278
-3.284
-3.048
-2.583
-2.098
-1.742
-1.508
-1.311
-1.198
-1.123
-0.939
-0.626
-0.336
-0.163
-0.095
-0.059
0.088
0.447
0.953
1.51
2.055
2.459
2.627
2.586
2.495
2.422
2.341
2.282
2.381
2.697
3.15
3.661
4.228
4.816
5.221
5.269
5.142
5.013
4.852
4.643
4.477
4.439
4.618
4.988
5.33
5.543
5.684
5.723
5.609
5.407
5.194
5.065
5.04
5.147
5.448
5.936
6.421
6.639
6.548
6.401
6.349
6.262
6.031
5.671
5.23
4.831
4.668
4.768
4.983
5.196
5.353
5.503
5.707
5.85
5.852
5.732
5.496
5.085
4.423
3.604
2.937
2.595
2.604
2.91
3.318
3.581
3.663
3.649
3.538
3.314
3.071
2.831
2.549
2.241
1.942
1.739
1.735
1.905
2.148
2.366
2.504
2.559
2.495
2.309
2.037
1.726
1.386
1.012
0.646
0.465
0.535
0.769
1.118
1.531
1.862
2.034
2.082
2.059
1.955
1.773
1.547
1.275
1.012
0.782
0.683
0.76
0.973
1.256
1.492
1.603
1.633
1.654
1.594
1.458
1.29
1.111
0.959
0.882
0.848
0.794
0.857
1.141
1.522
1.81
1.964
1.976
1.824
1.599
1.386
1.188
0.973
0.862
0.993
1.32
1.762
2.248
2.658
2.921
3.021
2.976
2.792
2.517
2.275
2.155
2.171
2.295
2.452
2.583
2.695
2.835
3.078
3.402
3.749
4.044
4.255
4.348
4.323
4.221
4.019
3.745
3.584
3.693
3.988
4.264
4.443
4.647
4.94
5.228
5.357
5.274
5.14
5.065
4.979
4.842
4.72
4.638
4.564
4.607
4.827
5.011
4.949
4.77
4.759
4.981
5.219
5.289
5.24
5.206
5.172
5.151
5.138
5.058
4.999
5.06
5.215
5.355
5.365
5.165
4.895
4.711
4.489
4.158
3.831
3.697
3.747
3.845
3.96
4.217
4.57
4.786
4.808
4.757
4.677
4.532
4.321
4.115
3.906
3.697
3.602
3.702
3.911
4.06
4.115
4.174
4.307
4.384
4.35
4.325
4.325
4.223
4.022
3.813
3.69
3.588
3.513
3.62
3.951
4.366
4.804
5.221
5.471
5.407
5.11
4.711
4.226
3.74
3.464
3.568
3.947
4.398
4.825
5.122
5.283
5.319
5.203
4.952
4.595
4.155
3.765
3.493
3.312
3.203
3.132
3.125
3.176
3.232
3.235
3.205
3.167
3.035
2.842
2.642
2.343
1.83
1.204
0.678
0.46
0.628
1.066
1.606
2.091
2.418
2.474
2.239
1.739
1.029
0.331
-0.118
-0.277
-0.204
-0.038
0.181
0.499
0.812
0.868
0.669
0.472
0.415
0.293
-0.027
-0.429
-0.821
-1.105
-1.25
-1.329
-1.311
-1.136
-0.814
-0.299
0.288
0.637
0.687
0.624
0.379
-0.2
-0.95
-1.64
-2.107
-2.288
-2.166
-1.696
-0.995
-0.372
0.027
0.295
0.365
0.045
-0.585
-1.216
-1.667
-2.055
-2.391
-2.438
-2.112
-1.646
-1.229
-0.882
-0.565
-0.29
-0.19
-0.361
-0.739
-1.173
-1.533
-1.833
-2.177
-2.549
-2.779
-2.738
-2.375
-1.81
-1.304
-1.068
-1.091
-1.234
-1.51
-2.032
-2.674
-3.137
-3.441
-3.659
-3.674
-3.396
-2.91
-2.44
-2.189
-2.166
-2.195
-2.293
-2.615
-3.203
-3.867
-4.332
-4.452
-4.296
-4.015
-3.776
-3.674
-3.656
-3.693
-3.851
-4.166
-4.482
-4.627
-4.67
-4.8
-4.988
-5.11
-5.226
-5.467
-5.693
-5.671
-5.382
-5.101
-5.015
-5.051
-5.133
-5.274
-5.459
-5.691
-6.027
-6.403
-6.528
-6.274
-5.963
-5.916
-5.972
-5.807
-5.521
-5.496
-5.827
-6.238
-6.446
-6.406
-6.26
-6.169
-6.167
-6.238
-6.301
-6.34
-6.442
-6.628
-6.725
-6.732
-6.743
-6.766
-6.834
-6.968
-7.061
-7.129
-7.274
-7.401
-7.336
-7.159
-7.082
-7.15
-7.159
-6.948
-6.655
-6.56
-6.723
-7.052
-7.49
-7.898
-8.184
-8.329
-8.397
-8.347
-8.034
-7.639
-7.458
-7.406
-7.218
-6.934
-6.8
-6.818
-6.902
-7.052
-7.229
-7.419
-7.633
-7.782
-7.735
-7.449
-7.084
-6.848
-6.689
-6.451
-6.224
-6.242
-6.557
-6.952
-7.256
-7.497
-7.662
-7.719
-7.682
-7.467
-7.065
-6.691
-6.562
-6.637
-6.8
-7.023
-7.324
-7.73
-8.2
-8.642
-8.91
-8.821
-8.349
-7.719
-7.077
-6.451
-5.972
-5.793
-5.961
-6.372
-6.834
-7.333
-7.968
-8.581
-8.914
-8.867
-8.553
-8.172
-7.769
-7.272
-6.764
-6.478
-6.535
-6.911
-7.537
-8.245
-8.835
-9.182
-9.322
-9.314
-9.062
-8.563
-7.975
-7.447
-6.95
-6.523
-6.369
-6.639
-7.272
-8.036
-8.737
-9.254
-9.504
-9.447
-9.055
-8.426
-7.721
-7.141
-6.796
-6.718
-6.893
-7.308
-7.975
-8.765
-9.386
-9.647
-9.529
-9.168
-8.731
-8.229
-7.587
-6.959
-6.65
-6.7
-6.911
-7.218
-7.61
-8.014
-8.363
-8.606
-8.655
-8.524
-8.309
-8.014
-7.648
-7.304
-7.011
-6.827
-6.855
-7.086
-7.465
-7.98
-8.524
-8.839
-8.812
-8.59
-8.32
-8.046
-7.775
-7.605
-7.583
-7.69
-7.887
-8.182
-8.492
-8.687
-8.88
-9.091
-9.127
-8.844
-8.29
-7.655
-7.22
-7.02
-6.886
-6.852
-7.036
-7.308
-7.549
-7.671
-7.619
-7.442
-7.233
-7.07
-7.027
-7.074
-7.095
-7.084
-7.077
-6.95
-6.612
-6.211
-6.013
-6.156
-6.419
-6.598
-6.703
-6.807
-6.879
-6.816
-6.675
-6.603
-6.626
-6.589
-6.415
-6.197
-6.07
-6.033
-6.002
-5.927
-5.841
-5.795
-5.848
-5.956
-6.045
-6.101
-6.226
-6.362
-6.374
-6.194
-5.897
-5.687
-5.668
-5.782
-5.927
-6.111
-6.369
-6.707
-6.997
-7.125
-7.141
-7.074
-6.877
-6.605
-6.321
-6.124
-6.156
-6.412
-6.728
-6.882
-6.859
-6.884
-7.065
-7.199
-7.195
-7.147
-7.063
-6.855
-6.48
-6.086
-5.861
-5.845
-5.938
-6.056
-6.228
-6.415
-6.521
-6.517
-6.476
-6.465
-6.421
-6.27
-6.158
-6.138
-6.111
-6.129
-6.299
-6.582
-6.839
-6.873
-6.666
-6.421
-6.249
-6.018
-5.648
-5.287
-5.119
-5.128
-5.128
-5.133
-5.276
-5.535
-5.823
-6.024
-5.956
-5.578
-5.074
-4.575
-4.083
-3.584
-3.155
-2.964
-3.153
-3.586
-4.022
-4.396
-4.777
-5.024
-5.004
-4.7
-4.205
-3.647
-3.142
-2.749
-2.422
-2.173
-2.193
-2.497
-2.783
-2.794
-2.67
-2.586
-2.477
-2.277
-1.951
-1.61
-1.406
-1.37
-1.417
-1.501
-1.637
-1.889
-2.232
-2.481
-2.459
-2.23
-1.955
-1.671
-1.356
-1.08
-0.995
-1.182
-1.608
-2.175
-2.665
-2.994
-3.212
-3.305
-3.212
-2.788
-2.087
-1.32
-0.68
-0.183
0.19
0.338
0.145
-0.306
-0.842
-1.277
-1.524
-1.656
-1.669
-1.492
-1.148
-0.776
-0.506
-0.345
-0.24
-0.204
-0.272
-0.356
-0.413
-0.488
-0.512
-0.41
-0.29
-0.217
-0.12
0.075
0.358
0.617
0.798
0.998
1.322
1.717
2.021
2.2
2.334
2.529
2.783
3.014
3.248
3.513
3.808
4.064
4.217
4.298
4.393
4.496
4.607
4.738
4.915
5.135
5.394
5.607
5.68
5.598
5.412
5.271
5.31
5.484
5.68
5.902
6.197
6.528
6.898
7.306
7.558
7.438
7.043
6.725
6.762
7.02
7.197
7.238
7.249
7.367
7.535
7.58
7.422
7.122
6.777
6.489
6.306
6.154
5.931
5.705
5.596
5.562
5.48
5.414
5.444
5.507
5.507
5.453
5.312
5.106
4.845
4.477
4.081
3.799
3.711
3.788
3.911
3.96
3.976
4.01
3.94
3.622
3.114
2.556
1.98
1.465
1.091
0.816
0.571
0.417
0.494
0.669
0.723
0.635
0.522
0.365
0.084
-0.213
-0.429
-0.649
-0.946
-1.22
-1.359
-1.327
-1.211
-1.175
-1.259
-1.318
-1.252
-1.164
-1.186
-1.329
-1.522
-1.696
-1.83
-1.883
-1.817
-1.71
-1.696
-1.733
-1.669
-1.54
-1.515
-1.685
-1.964
-2.177
-2.168
-2
-1.807
-1.628
-1.374
-1.012
-0.635
-0.37
-0.322
-0.447
-0.558
-0.605
-0.667
-0.769
-0.805
-0.692
-0.522
-0.372
-0.204
0.09
0.442
0.669
0.757
0.834
1.007
1.232
1.393
1.402
1.29
1.252
1.429
1.71
1.878
1.885
1.903
2.059
2.284
2.338
2.155
1.917
1.846
1.964
2.103
2.168
2.232
2.347
2.52
2.713
2.844
2.856
2.763
2.627
2.522
2.461
2.5
2.697
2.924
2.998
2.987
3.105
3.337
3.448
3.293
3.017
2.792
2.708
2.751
2.781
2.74
2.645
2.565
2.542
2.508
2.291
1.921
1.59
1.447
1.415
1.268
0.959
0.703
0.63
0.601
0.54
0.492
0.404
0.236
0.068
-0.059
-0.188
-0.279
-0.306
-0.383
-0.512
-0.553
-0.438
-0.268
-0.181
-0.222
-0.406
-0.685
-0.905
-1.005
-1.123
-1.338
-1.522
-1.563
-1.615
-1.778
-1.926
-2.03
-2.205
-2.479
-2.722
-2.885
-3.032
-3.144
-3.112
-2.93
-2.765
-2.674
-2.586
-2.47
-2.445
-2.511
-2.534
-2.491
-2.483
-2.629
-2.844
-2.878
-2.667
-2.463
-2.404
-2.384
-2.311
-2.23
-2.211
-2.261
-2.338
-2.404
-2.495
-2.556
-2.488
-2.304
-2.08
-1.771
-1.354
-1.009
-0.921
-1.084
-1.259
-1.272
-1.193
-1.089
-0.902
-0.664
-0.478
-0.353
-0.202
0.029
0.317
0.565
0.73
0.866
1.007
1.141
1.297
1.476
1.572
1.529
1.44
1.454
1.644
1.951
2.173
2.264
2.332
2.379
2.322
2.209
2.146
2.116
2.157
2.343
2.593
2.756
2.842
2.967
3.205
3.491
3.64
3.529
3.173
2.69
2.264
2.048
2.039
2.114
2.22
2.318
2.356
2.318
2.214
2.141
2.098
1.989
1.869
1.853
1.921
1.937
1.778
1.472
1.188
1.118
1.136
1.007
0.748
0.415
0.016
-0.372
-0.685
-0.927
-1.141
-1.29
-1.32
-1.261
-1.261
-1.379
-1.497
-1.563
-1.683
-1.914
-2.116
-2.273
-2.506
-2.815
-3.076
-3.187
-3.144
-3.071
-3.091
-3.198
-3.271
-3.201
-3.023
-2.926
-3.076
-3.386
-3.55
-3.513
-3.423
-3.354
-3.286
-3.227
-3.184
-3.157
-3.246
-3.475
-3.638
-3.604
-3.43
-3.162
-2.799
-2.449
-2.209
-2.091
-2.021
-1.885
-1.722
-1.671
-1.696
-1.654
-1.558
-1.542
-1.554
-1.495
-1.47
-1.522
-1.563
-1.436
-1.095
-0.694
-0.46
-0.406
-0.417
-0.485
-0.601
-0.746
-0.939
-1.143
-1.279
-1.311
-1.254
-1.204
-1.213
-1.179
-1.059
-1.014
-1.168
-1.42
-1.644
-1.79
-1.785
-1.694
-1.572
-1.404
-1.232
-1.177
-1.252
-1.343
-1.424
-1.552
-1.685
-1.735
-1.708
-1.699
-1.733
-1.756
-1.803
-1.971
-2.232
-2.497
-2.652
-2.645
-2.542
-2.468
-2.447
-2.411
-2.377
-2.332
-2.288
-2.291
-2.282
-2.186
-2.041
-1.966
-2.071
-2.268
-2.398
-2.493
-2.735
-3.096
-3.284
-3.142
-2.781
-2.398
-2.041
-1.71
-1.458
-1.365
-1.454
-1.781
-2.284
-2.738
-3.023
-3.218
-3.282
-3.148
-2.815
-2.343
-1.883
-1.69
-1.783
-1.883
-1.819
-1.737
-1.747
-1.747
-1.751
-1.817
-1.887
-1.982
-2.107
-2.2
-2.184
-2.003
-1.724
-1.513
-1.39
-1.168
-0.825
-0.633
-0.807
-1.132
-1.284
-1.356
-1.458
-1.424
-1.105
-0.617
-0.141
0.145
0.154
0.007
-0.143
-0.206
-0.118
0.115
0.363
0.592
0.88
1.091
1.105
1.055
1.075
1.179
1.315
1.47
1.66
1.908
2.127
2.216
2.22
2.191
2.171
2.189
2.275
2.427
2.606
2.844
3.15
3.459
3.638
3.643
3.498
3.269
2.998
2.754
2.59
2.602
2.817
3.187
3.593
3.924
4.146
4.219
4.135
3.947
3.767
3.695
3.736
3.779
3.842
4.026
4.201
4.226
4.226
4.346
4.459
4.45
4.396
4.362
4.282
4.094
3.919
3.942
4.078
4.176
4.378
4.827
5.33
5.662
5.838
5.913
5.829
5.557
5.228
4.931
4.757
4.772
4.874
4.933
5.015
5.258
5.562
5.848
6.183
6.501
6.734
6.932
7.091
7.243
7.433
7.56
7.664
7.864
8.039
8.036
8.023
8.182
8.374
8.504
8.678
8.964
9.157
9.218
9.336
9.561
9.719
9.713
9.674
9.74
9.901
10.078
10.246
10.352
10.291
10.039
9.828
9.781
9.765
9.733
9.772
9.837
9.769
9.561
9.382
9.384
9.536
9.688
9.729
9.645
9.429
9.105
8.746
8.447
8.141
7.821
7.58
7.476
7.388
7.195
6.938
6.753
6.723
6.766
6.698
6.435
6.183
6.052
5.9
5.652
5.459
5.401
5.371
5.321
5.24
5.103
4.893
4.623
4.359
4.083
3.686
3.257
2.964
2.883
2.962
3.062
3.11
3.193
3.362
3.407
3.178
2.799
2.418
1.969
1.515
1.284
1.27
1.234
1.2
1.404
1.699
1.776
1.76
1.878
1.942
1.733
1.327
0.998
0.805
0.626
0.605
0.896
1.322
1.612
1.796
1.939
1.937
1.787
1.547
1.297
1.105
0.968
0.859
0.732
0.651
0.68
0.832
1.014
1.184
1.379
1.678
2.037
2.286
2.343
2.252
2.021
1.719
1.547
1.569
1.696
1.912
2.273
2.731
3.121
3.275
3.178
2.964
2.688
2.4
2.211
2.186
2.279
2.47
2.769
3.135
3.541
3.937
4.319
4.57
4.566
4.403
4.21
3.94
3.534
3.153
2.939
2.976
3.193
3.409
3.622
3.922
4.296
4.655
4.854
4.763
4.409
3.942
3.434
2.955
2.633
2.618
2.996
3.625
4.257
4.768
5.079
5.119
4.893
4.471
3.992
3.559
3.23
3.051
3.062
3.246
3.464
3.545
3.484
3.434
3.402
3.289
3.119
3.003
2.967
2.933
2.772
2.42
2.075
1.935
1.96
2.003
2.053
2.134
2.214
2.216
2.05
1.678
1.164
0.673
0.438
0.476
0.596
0.698
0.889
1.207
1.495
1.51
1.3
1.032
0.782
0.61
0.506
0.497
0.664
1.025
1.379
1.449
1.275
1.154
1.161
1.125
0.968
0.753
0.592
0.544
0.542
0.515
0.499
0.596
0.798
1.027
1.227
1.37
1.406
1.34
1.29
1.182
0.941
0.712
0.669
0.791
0.959
1.182
1.508
1.851
1.966
1.826
1.649
1.524
1.402
1.374
1.542
1.851
2.236
2.731
3.278
3.591
3.509
3.223
2.989
2.772
2.436
2.039
1.819
1.842
2.019
2.322
2.756
3.214
3.615
3.937
4.087
4.033
3.885
3.788
3.686
3.502
3.339
3.348
3.459
3.477
3.391
3.382
3.495
3.659
3.695
3.552
3.348
3.241
3.18
2.989
2.622
2.254
2.118
2.286
2.59
2.783
2.824
2.851
2.89
2.699
2.087
1.247
0.562
0.204
0.132
0.299
0.698
1.254
1.737
2.03
2.166
2.171
2.037
1.839
1.586
1.195
0.764
0.515
0.431
0.224
-0.204
-0.549
-0.556
-0.388
-0.288
-0.265
-0.315
-0.385
-0.454
-0.565
-0.823
-1.272
-1.833
-2.27
-2.413
-2.309
-2.089
-1.864
-1.785
-1.932
-2.205
-2.5
-2.867
-3.21
-3.357
-3.187
-2.71
-2.03
-1.34
-0.927
-0.912
-1.12
-1.37
-1.597
-1.91
-2.327
-2.622
-2.629
-2.454
-2.293
-2.112
-1.726
-1.159
-0.619
-0.243
-0.004
0.138
0.259
0.365
0.381
0.231
0.004
-0.132
-0.156
-0.086
0.17
0.667
1.329
1.971
2.459
2.763
2.93
2.996
2.881
2.572
2.248
2.18
2.474
3.019
3.566
3.867
3.947
4.083
4.307
4.341
4.132
3.947
3.881
3.876
3.931
4.04
4.18
4.416
4.836
5.299
5.543
5.668
5.965
6.338
6.453
6.36
6.431
6.673
6.85
6.902
7.052
7.392
7.737
7.905
7.83
7.576
7.367
7.428
7.664
7.86
7.962
8.059
8.261
8.549
8.858
8.987
8.903
8.824
8.944
9
8.703
8.236
8.021
8.186
8.44
8.506
8.356
8.281
8.431
8.674
8.794
8.687
8.465
8.279
8.102
7.923
7.812
7.784
7.732
7.599
7.394
7.163
6.945
6.823
6.798
6.755
6.589
6.383
6.301
6.347
6.347
6.242
6.199
6.274
6.349
6.217
5.877
5.56
5.394
5.328
5.287
5.233
5.169
5.199
5.38
5.605
5.764
5.807
5.718
5.605
5.448
5.203
4.915
4.686
4.634
4.816
5.14
5.376
5.412
5.387
5.405
5.373
5.219
4.956
4.7
4.625
4.784
5.072
5.391
5.618
5.612
5.428
5.321
5.459
5.673
5.764
5.73
5.687
5.671
5.739
5.938
6.088
5.997
5.761
5.607
5.632
5.809
6.043
6.253
6.408
6.499
6.526
6.408
6.067
5.65
5.437
5.484
5.575
5.453
5.092
4.663
4.298
4.076
4.037
4.098
4.117
4.094
4.183
4.414
4.584
4.589
4.373
3.985
3.509
3.012
2.656
2.572
2.722
2.971
3.334
3.697
3.933
3.931
3.652
3.203
2.822
2.613
2.411
2.13
1.842
1.878
2.254
2.663
2.881
2.885
2.738
2.534
2.418
2.429
2.538
2.597
2.586
2.638
2.708
2.692
2.667
2.749
2.887
3.026
3.119
3.187
3.278
3.366
3.318
3.169
2.989
2.783
2.593
2.495
2.599
2.894
3.266
3.5
3.482
3.28
3.091
3.089
3.167
3.13
2.98
2.933
2.98
3.121
3.362
3.665
3.915
4.087
4.255
4.389
4.418
4.257
4.124
4.21
4.441
4.604
4.577
4.43
4.325
4.423
4.623
4.831
4.958
5.015
5.074
5.074
4.933
4.734
4.505
4.192
3.931
3.781
3.749
3.881
4.255
4.713
5.031
5.206
5.335
5.403
5.206
4.757
4.364
4.149
4.015
3.956
4.042
4.221
4.466
4.784
5.026
4.97
4.663
4.305
4.033
3.84
3.638
3.493
3.443
3.493
3.541
3.561
3.588
3.615
3.674
3.684
3.457
3.051
2.717
2.593
2.581
2.627
2.74
2.867
2.926
2.892
2.785
2.618
2.404
2.218
2.03
1.708
1.293
0.946
0.748
0.685
0.617
0.447
0.263
0.17
0.127
0.045
-0.188
-0.535
-0.85
-1.08
-1.275
-1.481
-1.631
-1.574
-1.322
-1.145
-1.193
-1.388
-1.601
-1.817
-2.064
-2.245
-2.279
-2.23
-2.2
-2.207
-2.243
-2.277
-2.322
-2.415
-2.579
-2.781
-3.012
-3.227
-3.371
-3.459
-3.495
-3.409
-3.187
-2.944
-2.776
-2.726
-2.742
-2.733
-2.72
-2.744
-2.797
-2.905
-2.987
-2.912
-2.74
-2.622
-2.586
-2.572
-2.574
-2.549
-2.504
-2.477
-2.549
-2.701
-2.919
-3.176
-3.448
-3.702
-3.826
-3.729
-3.543
-3.425
-3.337
-3.244
-3.21
-3.255
-3.375
-3.609
-3.872
-4.001
-3.981
-3.917
-3.856
-3.62
-3.125
-2.613
-2.381
-2.436
-2.542
-2.633
-2.833
-3.221
-3.654
-3.958
-4.049
-3.985
-3.983
-4.106
-4.153
-4.013
-3.774
-3.613
-3.577
-3.654
-3.874
-4.289
-4.774
-5.16
-5.407
-5.571
-5.603
-5.473
-5.278
-5.045
-4.72
-4.414
-4.305
-4.446
-4.734
-5.11
-5.503
-5.888
-6.201
-6.304
-6.117
-5.777
-5.421
-5.128
-4.929
-4.865
-4.956
-5.235
-5.677
-6.231
-6.73
-7.043
-7.249
-7.354
-7.233
-6.9
-6.48
-6.056
-5.668
-5.423
-5.399
-5.532
-5.734
-5.968
-6.272
-6.598
-6.771
-6.773
-6.662
-6.403
-6.02
-5.662
-5.41
-5.294
-5.373
-5.655
-6.106
-6.619
-7.05
-7.338
-7.465
-7.408
-7.252
-7.113
-6.982
-6.834
-6.753
-6.841
-7.091
-7.329
-7.483
-7.612
-7.732
-7.862
-7.955
-7.93
-7.784
-7.583
-7.345
-7.05
-6.78
-6.741
-6.9
-7.127
-7.34
-7.483
-7.546
-7.589
-7.664
-7.703
-7.605
-7.408
-7.254
-7.161
-7.052
-6.986
-7.065
-7.283
-7.592
-7.789
-7.705
-7.449
-7.22
-7.061
-6.861
-6.684
-6.657
-6.773
-6.855
-6.728
-6.394
-6.036
-5.834
-5.766
-5.732
-5.757
-5.843
-5.954
-6.058
-6.197
-6.292
-6.285
-6.301
-6.505
-6.866
-7.143
-7.206
-7.111
-6.914
-6.614
-6.344
-6.274
-6.412
-6.675
-7.034
-7.397
-7.642
-7.721
-7.69
-7.571
-7.356
-7.138
-7.034
-7.027
-7.059
-7.082
-7.206
-7.478
-7.794
-8.002
-8.093
-8.107
-8.098
-8.129
-8.184
-8.152
-7.977
-7.76
-7.662
-7.685
-7.807
-7.973
-8.08
-8.12
-8.204
-8.406
-8.678
-8.907
-8.955
-8.876
-8.819
-8.86
-8.973
-9.023
-8.923
-8.858
-9.053
-9.368
-9.49
-9.343
-9.046
-8.635
-8.082
-7.51
-7.084
-6.771
-6.601
-6.843
-7.533
-8.275
-8.663
-8.658
-8.406
-8.07
-7.651
-7.059
-6.426
-5.879
-5.394
-5.06
-5.022
-5.219
-5.564
-6.095
-6.678
-7.023
-6.895
-6.378
-5.759
-5.131
-4.409
-3.718
-3.212
-2.912
-2.792
-2.785
-2.871
-3.103
-3.359
-3.495
-3.498
-3.32
-2.856
-2.189
-1.474
-0.78
-0.213
0.052
-0.041
-0.392
-0.803
-1.141
-1.413
-1.517
-1.236
-0.478
0.522
1.411
1.987
2.236
2.257
2.121
1.871
1.52
1.209
1.186
1.533
2.069
2.579
3.026
3.443
3.736
3.881
3.985
4.121
4.262
4.355
4.335
4.18
3.974
3.817
3.786
3.935
4.246
4.652
5.004
5.126
4.986
4.681
4.33
4.001
3.731
3.468
3.271
3.284
3.509
3.937
4.552
5.106
5.416
5.507
5.33
4.797
4.026
3.38
3.105
3.171
3.468
3.979
4.6
5.072
5.226
5.156
5.02
4.788
4.443
4.04
3.747
3.64
3.668
3.729
3.697
3.477
3.173
2.937
2.844
2.91
3.144
3.434
3.609
3.586
3.391
3.139
2.996
2.987
2.958
2.81
2.692
2.769
2.969
3.073
3.014
2.869
2.708
2.559
2.415
2.23
2.039
1.982
2.075
2.08
1.862
1.565
1.352
1.263
1.232
1.254
1.338
1.463
1.633
1.88
2.057
1.969
1.69
1.454
1.3
1.077
0.825
0.837
1.188
1.678
2.127
2.466
2.663
2.722
2.606
2.354
1.989
1.572
1.234
1.095
1.091
1.084
1.125
1.368
1.817
2.236
2.406
2.404
2.418
2.515
2.62
2.529
2.214
1.903
1.722
1.71
1.887
2.232
2.676
3.167
3.668
3.969
3.888
3.568
3.275
2.971
2.536
2.1
1.892
2.019
2.384
2.837
3.375
3.958
4.443
4.738
4.745
4.437
3.922
3.439
3.116
2.876
2.636
2.57
2.822
3.298
3.926
4.618
5.16
5.45
5.526
5.412
5.172
4.865
4.491
4.112
3.801
3.557
3.414
3.491
3.847
4.409
4.999
5.457
5.684
5.65
5.373
4.89
4.35
3.94
3.763
3.867
4.201
4.573
4.908
5.253
5.586
5.761
5.652
5.335
4.954
4.564
4.203
3.899
3.765
3.876
4.233
4.827
5.505
6.029
6.294
6.233
5.893
5.357
4.661
3.911
3.439
3.425
3.697
4.13
4.766
5.482
6.113
6.548
6.759
6.771
6.496
5.92
5.28
4.725
4.21
3.885
3.988
4.389
4.766
5.02
5.201
5.317
5.305
5.126
4.886
4.647
4.387
4.146
4.069
4.16
4.262
4.369
4.661
5.099
5.369
5.373
5.264
5.079
4.7
4.153
3.647
3.373
3.343
3.493
3.81
4.237
4.611
4.834
4.863
4.655
4.217
3.706
3.316
3.044
2.808
2.652
2.652
2.747
2.853
2.917
2.86
2.667
2.454
2.239
1.973
1.739
1.642
1.66
1.658
1.601
1.563
1.554
1.556
1.556
1.479
1.279
1.05
0.934
0.93
0.916
0.78
0.528
0.283
0.09
-0.093
-0.249
-0.315
-0.217
0.011
0.175
0.206
0.183
0.181
0.19
0.22
0.308
0.37
0.331
0.227
0.079
-0.093
-0.22
-0.247
-0.247
-0.222
-0.136
-0.016
0.163
0.363
0.546
0.694
0.701
0.546
0.254
-0.177
-0.667
-1.029
-1.177
-1.136
-0.914
-0.535
-0.081
0.311
0.569
0.707
0.68
0.44
0.047
-0.442
-0.946
-1.22
-1.173
-0.984
-0.846
-0.796
-0.689
-0.433
-0.231
-0.315
-0.603
-0.939
-1.306
-1.669
-2.023
-2.443
-2.828
-2.894
-2.574
-2.132
-1.81
-1.606
-1.513
-1.608
-1.939
-2.474
-3.096
-3.668
-4.09
-4.373
-4.525
-4.462
-4.194
-3.903
-3.652
-3.416
-3.282
-3.289
-3.405
-3.708
-4.255
-4.84
-5.244
-5.376
-5.303
-5.153
-4.958
-4.655
-4.31
-4.146
-4.233
-4.414
-4.634
-4.94
-5.296
-5.707
-6.169
-6.521
-6.594
-6.355
-5.868
-5.215
-4.6
-4.273
-4.214
-4.33
-4.613
-5.113
-5.761
-6.365
-6.816
-7.106
-7.218
-7.122
-6.868
-6.514
-6.113
-5.723
-5.441
-5.444
-5.7
-5.977
-6.222
-6.449
-6.623
-6.728
-6.782
-6.732
-6.596
-6.396
-6.108
-5.795
-5.564
-5.482
-5.532
-5.739
-6.138
-6.614
-7.014
-7.211
-7.188
-6.984
-6.714
-6.467
-6.301
-6.287
-6.415
-6.582
-6.741
-6.875
-7.011
-7.15
-7.24
-7.299
-7.342
-7.363
-7.34
-7.224
-6.995
-6.832
-6.873
-6.984
-7.052
-7.059
-7.027
-6.984
-7.068
-7.261
-7.449
-7.571
-7.605
-7.492
-7.213
-6.843
-6.56
-6.555
-6.879
-7.354
-7.739
-7.964
-8.075
-8.059
-7.855
-7.487
-7.097
-6.809
-6.671
-6.621
-6.616
-6.619
-6.66
-6.839
-7.141
-7.417
-7.535
-7.596
-7.707
-7.841
-7.909
-7.882
-7.775
-7.558
-7.227
-6.982
-6.895
-6.857
-6.877
-7.12
-7.487
-7.848
-8.145
-8.288
-8.154
-7.877
-7.714
-7.724
-7.794
-7.812
-7.835
-7.887
-7.848
-7.658
-7.41
-7.249
-7.272
-7.435
-7.61
-7.741
-7.782
-7.678
-7.444
-7.102
-6.689
-6.442
-6.526
-6.739
-6.884
-7.002
-7.195
-7.472
-7.764
-7.998
-8.027
-7.755
-7.345
-6.995
-6.73
-6.519
-6.46
-6.66
-7.036
-7.392
-7.696
-7.996
-8.138
-8.027
-7.821
-7.617
-7.326
-7.054
-6.957
-6.925
-6.848
-6.877
-7.181
-7.61
-7.911
-8.1
-8.295
-8.413
-8.404
-8.272
-7.891
-7.356
-7.025
-7.065
-7.274
-7.49
-7.809
-8.256
-8.592
-8.64
-8.538
-8.438
-8.25
-7.855
-7.381
-7.002
-6.796
-6.748
-6.811
-6.959
-7.233
-7.617
-7.975
-8.2
-8.202
-7.948
-7.551
-7.202
-6.938
-6.653
-6.381
-6.385
-6.687
-6.977
-7.091
-7.12
-7.097
-6.902
-6.548
-6.215
-6.029
-5.938
-5.947
-6.067
-6.201
-6.274
-6.358
-6.41
-6.265
-5.963
-5.732
-5.566
-5.335
-5.051
-4.888
-4.911
-5.106
-5.394
-5.725
-6.043
-6.292
-6.544
-6.753
-6.85
-6.755
-6.449
-6.074
-5.809
-5.664
-5.518
-5.48
-5.63
-5.872
-6.104
-6.465
-6.963
-7.304
-7.351
-7.236
-7.131
-7.029
-6.791
-6.408
-6.077
-5.895
-5.775
-5.711
-5.741
-5.902
-6.101
-6.274
-6.492
-6.789
-7.002
-6.997
-6.882
-6.743
-6.544
-6.222
-5.911
-5.816
-5.922
-6.018
-5.986
-5.882
-5.75
-5.607
-5.469
-5.276
-5.126
-5.194
-5.401
-5.512
-5.462
-5.344
-5.194
-5.035
-4.89
-4.822
-4.788
-4.75
-4.795
-4.954
-4.974
-4.709
-4.307
-3.954
-3.668
-3.364
-3.021
-2.772
-2.765
-2.953
-3.18
-3.298
-3.305
-3.266
-3.148
-2.942
-2.749
-2.563
-2.27
-1.96
-1.747
-1.61
-1.404
-1.157
-1.075
-1.288
-1.692
-2.062
-2.318
-2.545
-2.735
-2.708
-2.372
-1.903
-1.522
-1.354
-1.34
-1.424
-1.633
-2.025
-2.542
-3.001
-3.248
-3.223
-2.93
-2.517
-2.132
-1.815
-1.458
-1.046
-0.83
-0.884
-1.046
-1.204
-1.438
-1.778
-2.125
-2.318
-2.295
-2.123
-1.86
-1.533
-1.152
-0.755
-0.419
-0.285
-0.313
-0.404
-0.605
-0.968
-1.361
-1.567
-1.517
-1.22
-0.726
-0.122
0.501
1.048
1.408
1.61
1.724
1.705
1.563
1.504
1.628
1.842
2.066
2.429
2.967
3.482
3.84
4.106
4.307
4.348
4.194
3.992
3.951
4.078
4.23
4.439
4.766
5.11
5.371
5.609
5.838
5.977
6.002
5.956
5.897
5.802
5.664
5.58
5.662
5.829
5.925
6.004
6.201
6.442
6.614
6.65
6.607
6.514
6.369
6.169
5.916
5.705
5.675
5.836
6.099
6.333
6.403
6.394
6.349
6.163
5.789
5.326
4.899
4.525
4.28
4.255
4.416
4.7
5.011
5.14
5.008
4.745
4.466
4.132
3.74
3.4
3.189
3.08
2.998
2.912
2.867
2.874
2.91
2.964
2.987
2.901
2.645
2.264
1.88
1.578
1.306
0.884
0.315
-0.156
-0.426
-0.571
-0.655
-0.651
-0.621
-0.685
-0.88
-1.136
-1.422
-1.83
-2.288
-2.549
-2.606
-2.62
-2.642
-2.656
-2.606
-2.586
-2.735
-3.001
-3.212
-3.334
-3.393
-3.402
-3.32
-3.076
-2.735
-2.618
-2.815
-3.021
-3.035
-2.974
-2.994
-3.094
-3.066
-2.89
-2.747
-2.726
-2.76
-2.765
-2.688
-2.506
-2.298
-2.103
-1.953
-1.849
-1.674
-1.395
-1.186
-1.066
-0.975
-0.887
-0.762
-0.578
-0.333
-0.02
0.251
0.399
0.508
0.649
0.739
0.712
0.676
0.807
1.179
1.631
1.966
2.132
2.189
2.2
2.175
2.055
1.914
1.878
1.966
2.141
2.32
2.486
2.717
3.08
3.398
3.486
3.434
3.439
3.536
3.532
3.35
3.159
3.112
3.266
3.464
3.443
3.184
3.017
3.184
3.466
3.47
3.123
2.695
2.422
2.32
2.241
2.1
1.971
1.914
1.98
2.127
2.198
2.134
1.946
1.688
1.363
0.944
0.465
0.07
-0.136
-0.104
0.086
0.295
0.41
0.349
0.132
-0.145
-0.376
-0.599
-0.916
-1.368
-1.833
-2.053
-1.994
-1.844
-1.799
-1.939
-2.184
-2.354
-2.391
-2.379
-2.425
-2.572
-2.794
-3.008
-3.157
-3.312
-3.538
-3.724
-3.708
-3.52
-3.354
-3.261
-3.252
-3.384
-3.534
-3.559
-3.57
-3.756
-4.155
-4.598
-4.709
-4.414
-3.947
-3.588
-3.482
-3.536
-3.575
-3.611
-3.786
-4.008
-4.158
-4.153
-3.924
-3.575
-3.255
-3.03
-2.824
-2.579
-2.377
-2.32
-2.391
-2.477
-2.445
-2.3
-2.143
-1.948
-1.728
-1.542
-1.415
-1.259
-0.961
-0.556
-0.202
0.054
0.17
0.188
0.181
0.141
0.029
-0.079
-0.111
0.013
0.333
0.791
1.25
1.592
1.892
2.239
2.551
2.642
2.457
2.143
1.928
1.876
1.985
2.293
2.683
3.005
3.273
3.57
3.847
3.824
3.439
2.96
2.645
2.511
2.508
2.593
2.661
2.706
2.815
2.998
3.155
3.21
3.135
2.976
2.81
2.708
2.595
2.37
2.075
1.883
1.86
1.867
1.828
1.817
1.883
1.948
1.885
1.656
1.347
0.98
0.59
0.285
0.145
0.104
0.034
-0.059
-0.138
-0.259
-0.456
-0.651
-0.787
-0.971
-1.288
-1.594
-1.717
-1.762
-1.876
-2.025
-2.034
-1.948
-1.985
-2.236
-2.611
-2.985
-3.273
-3.468
-3.649
-3.831
-3.911
-3.804
-3.502
-3.218
-3.182
-3.307
-3.407
-3.402
-3.348
-3.43
-3.742
-4.03
-4.149
-4.282
-4.602
-4.915
-4.981
-4.75
-4.344
-3.908
-3.545
-3.307
-3.167
-3.085
-3.078
-3.125
-3.193
-3.223
-3.196
-3.148
-3.148
-3.162
-3.098
-3.017
-3.048
-3.135
-3.189
-3.167
-2.983
-2.726
-2.461
-2.069
-1.554
-1.184
-1.175
-1.404
-1.658
-1.892
-2.15
-2.386
-2.595
-2.792
-2.883
-2.749
-2.411
-1.926
-1.431
-1.057
-0.796
-0.619
-0.59
-0.78
-1.129
-1.479
-1.778
-1.989
-2.096
-2.195
-2.252
-2.15
-1.824
-1.393
-1.059
-0.964
-1.039
-1.095
-1.061
-1.059
-1.202
-1.458
-1.696
-1.901
-2.105
-2.322
-2.483
-2.477
-2.336
-2.134
-1.939
-1.778
-1.703
-1.676
-1.597
-1.52
-1.612
-1.796
-1.923
-2.019
-2.2
-2.472
-2.733
-2.91
-3.08
-3.28
-3.4
-3.241
-2.742
-2.014
-1.381
-1.145
-1.238
-1.422
-1.685
-2.123
-2.708
-3.235
-3.593
-3.783
-3.801
-3.665
-3.466
-3.25
-3.005
-2.799
-2.695
-2.611
-2.466
-2.304
-2.327
-2.513
-2.674
-2.813
-3.071
-3.325
-3.377
-3.176
-2.849
-2.429
-1.942
-1.572
-1.381
-1.279
-1.218
-1.225
-1.327
-1.424
-1.474
-1.476
-1.445
-1.359
-1.2
-1.029
-0.953
-0.9
-0.807
-0.683
-0.522
-0.265
0.136
0.569
0.814
0.842
0.721
0.528
0.365
0.331
0.363
0.413
0.66
1.168
1.719
2.164
2.474
2.67
2.844
3.017
3.189
3.38
3.581
3.758
3.911
4.026
4.003
3.835
3.695
3.652
3.586
3.423
3.334
3.513
3.858
4.128
4.212
4.26
4.421
4.621
4.675
4.491
4.219
4.085
4.11
4.189
4.239
4.169
4.042
3.965
3.858
3.615
3.357
3.414
3.81
4.296
4.659
4.904
5.115
5.283
5.351
5.308
5.203
5.108
5.06
4.952
4.743
4.679
5.029
5.671
6.279
6.757
7.184
7.637
8.043
8.218
8.104
7.877
7.782
7.803
7.707
7.512
7.567
7.975
8.463
8.946
9.549
10.232
10.772
11.108
11.325
11.368
11.155
10.815
10.42
9.946
9.574
9.495
9.824
10.468
11.146
11.627
11.893
11.956
11.806
11.452
10.965
10.547
10.373
10.386
10.377
10.282
10.21
10.16
10.058
9.948
9.928
9.967
9.99
9.955
9.833
9.57
9.22
8.951
8.719
8.44
8.195
8.082
8.034
7.937
7.694
7.34
7.009
6.753
6.551
6.281
5.868
5.469
5.267
5.215
5.149
4.99
4.861
4.911
4.915
4.548
3.901
3.35
3.055
2.828
2.636
2.62
2.801
3.073
3.309
3.396
3.298
3.184
3.252
3.461
3.516
3.218
2.735
2.393
2.243
2.103
1.901
1.737
1.724
1.862
2.028
2.146
2.2
2.202
2.241
2.313
2.345
2.268
2.125
2.01
1.835
1.606
1.51
1.622
1.742
1.708
1.628
1.717
1.962
2.173
2.148
1.93
1.681
1.483
1.361
1.311
1.377
1.572
1.803
1.93
1.937
1.855
1.705
1.552
1.397
1.334
1.406
1.565
1.756
1.942
2
1.892
1.817
1.905
2.019
1.926
1.665
1.456
1.424
1.501
1.508
1.467
1.567
1.942
2.497
2.946
3.169
3.305
3.427
3.402
3.119
2.724
2.391
2.118
1.815
1.563
1.506
1.631
1.921
2.4
2.912
3.266
3.5
3.765
4.019
4.085
4.04
4.026
4.047
4.003
3.872
3.695
3.566
3.584
3.704
3.767
3.677
3.568
3.604
3.817
4.121
4.396
4.579
4.718
4.772
4.627
4.285
3.901
3.654
3.64
3.668
3.52
3.382
3.509
3.736
3.81
3.74
3.738
3.845
3.833
3.566
3.221
2.98
2.799
2.627
2.513
2.493
2.549
2.661
2.851
3.048
3.051
2.781
2.434
2.1
1.654
1.114
0.719
0.662
0.88
1.188
1.479
1.783
2.069
2.171
1.987
1.586
1.143
0.816
0.658
0.592
0.574
0.735
1.141
1.642
1.946
1.966
1.858
1.771
1.665
1.411
1.107
0.927
0.876
0.832
0.796
0.839
1.012
1.3
1.649
1.987
2.293
2.565
2.695
2.599
2.322
1.991
1.749
1.694
1.833
2.062
2.334
2.763
3.33
3.752
3.801
3.613
3.42
3.273
3.048
2.797
2.67
2.704
2.831
3.053
3.312
3.468
3.47
3.423
3.371
3.248
3.091
3.051
3.146
3.286
3.357
3.339
3.296
3.289
3.327
3.248
3.003
2.801
2.797
2.844
2.817
2.731
2.618
2.427
2.132
1.805
1.606
1.608
1.671
1.692
1.735
1.762
1.594
1.17
0.646
0.145
-0.227
-0.356
-0.229
-0.079
0.047
0.347
0.791
1.08
1.034
0.769
0.474
0.259
0.011
-0.324
-0.63
-0.842
-0.939
-0.878
-0.773
-0.846
-1.05
-1.1
-0.948
-0.773
-0.669
-0.63
-0.646
-0.698
-0.814
-1.082
-1.456
-1.69
-1.696
-1.626
-1.488
-1.195
-0.834
-0.574
-0.485
-0.592
-0.796
-0.964
-1.075
-1.097
-0.993
-0.85
-0.762
-0.687
-0.63
-0.703
-0.941
-1.277
-1.499
-1.445
-1.134
-0.794
-0.608
-0.565
-0.535
-0.522
-0.66
-0.857
-0.916
-0.857
-0.726
-0.472
-0.106
0.256
0.528
0.707
0.803
0.771
0.508
0.12
-0.102
-0.068
0.07
0.322
0.778
1.27
1.497
1.552
1.644
1.631
1.447
1.343
1.485
1.683
1.733
1.669
1.651
1.735
1.876
2.064
2.341
2.704
3.103
3.502
3.795
3.858
3.738
3.557
3.366
3.225
3.176
3.189
3.286
3.611
4.098
4.48
4.686
4.85
4.961
4.945
4.816
4.679
4.643
4.718
4.852
5.001
5.165
5.403
5.7
5.981
6.253
6.539
6.827
7.036
7.152
7.177
7.177
7.165
7.127
7.063
7.029
7.045
7.159
7.435
7.887
8.388
8.76
8.944
8.905
8.724
8.515
8.368
8.265
8.225
8.309
8.515
8.728
8.771
8.728
8.79
8.903
8.948
8.978
8.973
8.878
8.749
8.735
8.794
8.665
8.27
7.934
7.875
7.898
7.841
7.755
7.739
7.784
7.814
7.719
7.472
7.167
6.929
6.787
6.671
6.514
6.338
6.31
6.458
6.65
6.825
6.993
7.109
7.099
7.025
6.961
6.961
6.984
6.932
6.755
6.487
6.294
6.27
6.267
6.167
6.04
6.097
6.41
6.787
6.982
6.914
6.632
6.31
6.074
5.793
5.41
5.079
4.908
4.899
4.995
5.117
5.255
5.416
5.509
5.512
5.512
5.464
5.23
4.915
4.675
4.545
4.552
4.652
4.709
4.691
4.679
4.813
5.038
5.11
4.931
4.634
4.407
4.264
4.137
3.969
3.761
3.6
3.613
3.799
3.96
3.928
3.74
3.602
3.563
3.498
3.298
2.969
2.654
2.554
2.769
3.064
3.155
3.069
2.983
3.026
3.116
3.08
2.84
2.409
1.942
1.654
1.606
1.633
1.622
1.637
1.783
2.032
2.241
2.334
2.388
2.398
2.322
2.205
2.084
1.955
1.821
1.637
1.51
1.667
2.155
2.667
2.881
2.853
2.885
3.076
3.293
3.337
3.223
3.107
3.273
3.783
4.341
4.679
4.734
4.607
4.45
4.307
4.074
3.808
3.697
3.815
4.015
4.323
4.727
4.906
4.813
4.74
4.922
5.092
4.942
4.625
4.132
3.81
3.906
4.083
4.198
4.171
4.219
4.33
4.709
5.128
5.14
4.936
4.84
4.979
4.927
4.545
4.178
4.294
4.459
4.509
4.723
4.886
4.893
4.811
4.981
4.915
4.452
4.076
4.085
4.223
4.16
4.13
4.301
4.643
4.8
4.736
4.448
4.289
4.291
4.214
4.033
3.584
3.237
3.062
3.012
2.912
2.887
2.871
2.799
3.105
3.491
3.575
3.504
3.659
3.733
3.668
3.507
3.235
2.917
2.595
2.54
2.624
2.842
2.935
2.747
2.517
2.627
2.917
2.842
2.568
2.268
2.114
2.182
2.425
2.618
2.608
2.481
2.631
3.012
3.008
2.645
2.236
1.973
1.733
1.449
1.037
0.635
0.662
0.993
1.325
1.417
1.524
1.742
1.799
1.662
1.415
1.084
0.712
0.454
0.293
0.111
-0.158
-0.311
-0.302
-0.324
-0.528
-0.866
-1.114
-1.343
-1.569
-1.724
-1.785
-1.769
-1.654
-1.574
-1.719
-1.79
-1.612
-1.395
-1.463
-1.812
-2.141
-2.288
-2.393
-2.627
-2.883
-3.162
-3.232
-3.026
-2.79
-2.754
-2.867
-2.776
-2.463
-2.311
-2.62
-2.933
-3.035
-3.085
-3.252
-3.586
-3.971
-4.208
-4.221
-4.149
-4.087
-4.058
-3.876
-3.609
-3.468
-3.523
-3.715
-3.774
-3.545
-3.187
-3.057
-3.114
-3.11
-2.951
-2.903
-3.227
-3.724
-4.13
-4.291
-4.273
-4.169
-4.178
-4.106
-3.833
-3.579
-3.43
-3.407
-3.475
-3.622
-3.797
-3.908
-3.772
-3.554
-3.439
-3.368
-3.327
-3.454
-3.772
-4.008
-4.128
-4.296
-4.496
-4.43
-4.09
-3.693
-3.427
-3.354
-3.334
-3.35
-3.396
-3.509
-3.779
-4.208
-4.636
-4.983
-5.319
-5.682
-6.047
-6.296
-6.219
-5.841
-5.473
-5.264
-5.097
-4.872
-4.706
-4.888
-5.267
-5.603
-5.87
-6.027
-6.027
-5.859
-5.607
-5.276
-4.915
-4.718
-4.861
-5.196
-5.448
-5.548
-5.75
-6.133
-6.469
-6.548
-6.313
-6.018
-5.852
-5.798
-5.702
-5.501
-5.453
-5.666
-5.943
-6.169
-6.437
-6.814
-7.243
-7.555
-7.565
-7.329
-6.886
-6.29
-5.775
-5.487
-5.38
-5.496
-5.795
-6.104
-6.34
-6.544
-6.771
-6.993
-7.084
-7
-6.773
-6.514
-6.313
-6.158
-6.131
-6.383
-6.907
-7.435
-7.764
-7.866
-7.769
-7.585
-7.36
-7.143
-6.977
-6.759
-6.424
-6.138
-6.006
-5.995
-6.106
-6.335
-6.612
-6.85
-7.059
-7.145
-6.977
-6.637
-6.317
-6.015
-5.727
-5.603
-5.63
-5.714
-5.952
-6.455
-7.063
-7.585
-7.957
-8.1
-8.05
-7.864
-7.553
-7.199
-6.9
-6.7
-6.678
-6.834
-7.074
-7.356
-7.635
-7.805
-7.766
-7.589
-7.444
-7.435
-7.585
-7.71
-7.655
-7.46
-7.356
-7.451
-7.589
-7.692
-7.914
-8.277
-8.542
-8.492
-8.039
-7.44
-7.011
-6.886
-7.014
-7.211
-7.399
-7.658
-7.943
-8.066
-8.102
-8.17
-8.207
-8.179
-8.12
-7.921
-7.542
-7.213
-7.111
-7.127
-7.163
-7.313
-7.596
-7.823
-7.891
-7.83
-7.792
-7.823
-7.862
-7.828
-7.66
-7.415
-7.154
-6.879
-6.66
-6.548
-6.514
-6.533
-6.603
-6.666
-6.605
-6.44
-6.33
-6.347
-6.283
-5.959
-5.548
-5.26
-5.153
-5.079
-4.965
-4.881
-4.927
-4.911
-4.609
-4.174
-3.865
-3.715
-3.545
-3.303
-3.057
-2.763
-2.372
-1.953
-1.624
-1.359
-1.139
-1.043
-1.188
-1.359
-1.145
-0.578
-0.045
0.247
0.433
0.673
0.878
0.973
1.182
1.59
1.971
2.18
2.277
2.332
2.404
2.495
2.525
2.579
2.738
2.881
2.935
2.964
2.998
3.042
3.08
3.21
3.498
3.865
4.246
4.625
4.847
4.84
4.77
4.859
5.074
5.19
5.156
5.067
5.015
4.956
4.845
4.786
4.888
5.172
5.55
5.866
6.027
6.077
6.122
6.177
6.194
6.015
5.541
4.834
4.176
3.776
3.606
3.645
3.911
4.198
4.217
4.024
3.931
4.069
4.273
4.366
4.305
4.067
3.588
3.001
2.534
2.198
1.926
1.776
1.756
1.785
1.742
1.662
1.787
2.152
2.495
2.595
2.504
2.27
1.923
1.542
1.161
0.907
0.902
1.091
1.361
1.608
1.662
1.581
1.436
1.241
0.914
0.494
0.285
0.449
0.735
0.871
0.871
0.882
0.893
0.81
0.68
0.605
0.651
0.832
0.927
0.796
0.533
0.406
0.458
0.574
0.785
1.107
1.433
1.608
1.615
1.488
1.188
0.751
0.435
0.274
0.095
-0.027
0.209
0.85
1.556
2.023
2.232
2.307
2.216
1.905
1.569
1.34
1.213
1.193
1.284
1.422
1.617
1.976
2.459
2.967
3.337
3.509
3.557
3.459
3.191
2.912
2.726
2.517
2.239
1.998
1.946
2.093
2.377
2.772
3.237
3.64
3.869
3.881
3.613
3.142
2.704
2.422
2.282
2.286
2.422
2.674
2.983
3.332
3.718
4.076
4.303
4.337
4.226
4.06
3.913
3.831
3.858
4.062
4.366
4.532
4.566
4.686
4.865
4.924
4.886
4.874
4.854
4.804
4.729
4.67
4.618
4.52
4.418
4.375
4.298
4.13
4.056
4.219
4.545
4.92
5.224
5.317
5.167
4.786
4.251
3.765
3.391
3.132
3.071
3.246
3.561
3.899
4.201
4.446
4.477
4.119
3.613
3.257
3.008
2.776
2.649
2.676
2.842
3.055
3.203
3.407
3.752
4.144
4.523
4.75
4.657
4.285
3.752
3.153
2.642
2.406
2.506
2.883
3.457
4.169
4.845
5.264
5.489
5.532
5.253
4.782
4.387
4.126
3.876
3.659
3.541
3.518
3.622
3.867
4.151
4.359
4.412
4.387
4.346
4.244
4.098
4.024
3.928
3.727
3.525
3.423
3.343
3.282
3.354
3.536
3.645
3.611
3.493
3.309
2.933
2.443
2.114
2.046
2.155
2.268
2.375
2.568
2.751
2.656
2.182
1.558
1.057
0.739
0.49
0.251
0.122
0.197
0.336
0.429
0.451
0.381
0.213
0.063
0.047
0.022
-0.231
-0.599
-0.8
-0.88
-1.109
-1.42
-1.467
-1.229
-1.034
-0.961
-0.814
-0.649
-0.68
-0.862
-1.023
-1.211
-1.508
-1.751
-1.88
-1.969
-2.019
-1.853
-1.492
-1.179
-1.048
-0.98
-0.868
-0.844
-1.009
-1.211
-1.256
-1.198
-1.211
-1.315
-1.481
-1.683
-1.728
-1.544
-1.311
-1.157
-1.037
-0.916
-0.896
-1.005
-1.25
-1.583
-1.842
-1.91
-1.858
-1.828
-1.787
-1.631
-1.408
-1.222
-1.139
-1.125
-1.175
-1.297
-1.578
-2.037
-2.515
-2.84
-2.942
-2.851
-2.683
-2.508
-2.309
-2.1
-1.955
-1.937
-2.105
-2.422
-2.79
-3.094
-3.33
-3.488
-3.543
-3.498
-3.373
-3.225
-3.053
-2.817
-2.604
-2.583
-2.717
-2.946
-3.214
-3.509
-3.792
-4.047
-4.198
-4.185
-4.13
-4.103
-4.026
-3.826
-3.6
-3.473
-3.495
-3.686
-3.967
-4.219
-4.496
-4.836
-5.14
-5.355
-5.518
-5.582
-5.578
-5.598
-5.668
-5.77
-5.925
-6.142
-6.333
-6.449
-6.512
-6.612
-6.793
-7.063
-7.388
-7.658
-7.762
-7.696
-7.571
-7.506
-7.494
-7.483
-7.578
-7.819
-8.021
-8.08
-8.152
-8.275
-8.306
-8.256
-8.252
-8.275
-8.288
-8.347
-8.436
-8.406
-8.207
-7.953
-7.782
-7.828
-8.041
-8.15
-8.064
-7.959
-7.95
-7.911
-7.696
-7.365
-7.118
-7.048
-7.077
-7.131
-7.188
-7.165
-7.072
-6.997
-6.986
-6.941
-6.811
-6.653
-6.567
-6.632
-6.728
-6.782
-6.882
-6.993
-6.995
-6.873
-6.682
-6.528
-6.476
-6.435
-6.385
-6.435
-6.533
-6.485
-6.253
-6.015
-5.857
-5.807
-5.929
-6.19
-6.374
-6.383
-6.319
-6.226
-6.065
-5.888
-5.786
-5.793
-5.882
-6.031
-6.172
-6.362
-6.703
-7.018
-7.063
-6.938
-6.791
-6.587
-6.315
-6.079
-6.054
-6.265
-6.612
-6.868
-6.895
-6.821
-6.796
-6.796
-6.775
-6.768
-6.879
-7.167
-7.521
-7.762
-7.857
-7.843
-7.83
-7.894
-7.998
-8.046
-8.002
-7.948
-7.998
-8.157
-8.299
-8.395
-8.481
-8.533
-8.538
-8.599
-8.717
-8.771
-8.79
-8.901
-9.019
-8.98
-8.894
-8.876
-8.794
-8.56
-8.422
-8.533
-8.631
-8.492
-8.299
-8.388
-8.692
-8.885
-8.882
-8.844
-8.853
-8.887
-8.962
-9.121
-9.243
-9.238
-9.1
-8.833
-8.417
-7.948
-7.735
-7.828
-7.998
-8.182
-8.468
-8.799
-9.068
-9.212
-9.261
-9.207
-8.975
-8.635
-8.288
-7.894
-7.413
-7.125
-7.222
-7.476
-7.608
-7.608
-7.669
-7.789
-7.76
-7.546
-7.308
-7.057
-6.791
-6.644
-6.576
-6.421
-6.245
-6.14
-6.074
-5.968
-5.807
-5.641
-5.535
-5.405
-5.287
-5.262
-5.262
-5.203
-5.14
-5.085
-4.997
-4.995
-5.083
-5.108
-5.051
-5.022
-5.072
-5.076
-4.938
-4.672
-4.396
-4.214
-4.26
-4.448
-4.554
-4.575
-4.736
-4.986
-5.085
-5.083
-5.072
-5.06
-4.999
-4.897
-4.8
-4.772
-4.836
-4.938
-5.079
-5.333
-5.614
-5.836
-5.961
-5.993
-5.984
-6.029
-6.179
-6.394
-6.533
-6.56
-6.569
-6.567
-6.514
-6.433
-6.369
-6.381
-6.526
-6.768
-7.074
-7.413
-7.719
-7.866
-7.775
-7.485
-7.127
-6.789
-6.494
-6.281
-6.238
-6.428
-6.753
-7.065
-7.299
-7.46
-7.594
-7.762
-7.905
-7.88
-7.716
-7.592
-7.472
-7.188
-6.721
-6.292
-6.061
-6.013
-6.14
-6.362
-6.546
-6.614
-6.68
-6.823
-6.845
-6.51
-5.952
-5.543
-5.344
-5.158
-4.965
-4.929
-5.117
-5.357
-5.471
-5.425
-5.185
-4.75
-4.328
-4.062
-3.945
-3.922
-4.056
-4.319
-4.579
-4.757
-4.825
-4.74
-4.477
-4.074
-3.563
-2.985
-2.434
-2.098
-2.041
-2.069
-2.021
-1.973
-2.08
-2.3
-2.531
-2.638
-2.602
-2.486
-2.282
-1.935
-1.488
-1.034
-0.639
-0.417
-0.374
-0.456
-0.676
-0.984
-1.3
-1.569
-1.742
-1.696
-1.474
-1.17
-0.782
-0.351
0.025
0.245
0.179
-0.156
-0.463
-0.531
-0.501
-0.472
-0.338
0.041
0.587
1.055
1.293
1.325
1.198
0.893
0.549
0.204
-0.154
-0.424
-0.433
-0.19
0.143
0.353
0.463
0.705
1.034
1.182
1.034
0.73
0.395
0.104
-0.136
-0.349
-0.397
-0.124
0.433
1.066
1.66
2.205
2.747
3.203
3.411
3.325
3.105
2.939
2.876
2.899
3.026
3.343
3.906
4.659
5.446
6.065
6.355
6.258
5.934
5.537
5.015
4.378
3.967
4.06
4.57
5.162
5.664
6.215
6.936
7.56
7.805
7.648
7.277
6.911
6.639
6.392
6.115
5.968
6.065
6.34
6.669
6.968
7.302
7.694
7.914
7.782
7.431
7.038
6.612
6.163
5.755
5.414
5.269
5.407
5.677
5.925
6.052
6.047
5.954
5.673
5.088
4.341
3.74
3.409
3.303
3.346
3.588
4.04
4.473
4.657
4.539
4.237
3.845
3.357
2.756
2.189
1.805
1.635
1.642
1.737
1.807
1.849
1.871
1.944
1.946
1.651
1.125
0.569
0.154
-0.158
-0.551
-1.005
-1.186
-1.016
-0.814
-0.771
-0.798
-0.782
-0.76
-0.778
-0.848
-1.063
-1.458
-1.776
-1.751
-1.531
-1.404
-1.388
-1.247
-0.866
-0.481
-0.413
-0.612
-0.866
-1.027
-1.127
-1.17
-1.161
-1.157
-1.139
-1.041
-0.821
-0.54
-0.288
-0.224
-0.381
-0.698
-1.007
-1.175
-1.188
-1.175
-1.281
-1.293
-0.862
-0.129
0.345
0.406
0.431
0.639
0.887
0.91
0.671
0.379
0.206
0.211
0.338
0.458
0.553
0.726
1.029
1.379
1.612
1.735
1.794
1.753
1.603
1.481
1.522
1.703
1.88
1.987
2.037
2.166
2.415
2.602
2.554
2.318
2.105
2.087
2.164
2.139
1.989
1.908
2.012
2.261
2.463
2.445
2.345
2.336
2.304
2.146
2.007
2.075
2.309
2.463
2.459
2.483
2.618
2.565
2.186
1.676
1.318
1.211
1.243
1.216
0.939
0.506
0.22
0.152
0.047
-0.302
-0.635
-0.56
-0.168
0.115
0.098
-0.072
-0.2
-0.27
-0.342
-0.488
-0.751
-0.959
-0.984
-0.964
-1.063
-1.168
-1.084
-0.837
-0.649
-0.673
-0.794
-0.862
-1.029
-1.481
-2.089
-2.547
-2.735
-2.758
-2.701
-2.64
-2.69
-2.781
-2.704
-2.459
-2.307
-2.436
-2.665
-2.751
-2.715
-2.717
-2.763
-2.733
-2.545
-2.189
-1.739
-1.374
-1.193
-1.17
-1.29
-1.554
-1.79
-1.876
-1.926
-2.053
-2.177
-2.143
-1.867
-1.488
-1.232
-1.204
-1.325
-1.474
-1.538
-1.531
-1.578
-1.758
-1.883
-1.787
-1.515
-1.125
-0.619
-0.016
0.637
1.188
1.454
1.442
1.29
1.086
0.912
0.798
0.735
0.698
0.769
1.05
1.42
1.66
1.796
1.917
1.964
1.873
1.678
1.497
1.329
1.097
0.839
0.671
0.603
0.669
0.953
1.427
1.905
2.193
2.252
2.166
2.01
1.805
1.608
1.488
1.474
1.449
1.415
1.488
1.69
1.91
2
2.014
1.996
1.86
1.586
1.29
1.029
0.807
0.603
0.383
0.2
0.109
0.17
0.413
0.746
1.014
1.143
1.066
0.68
0.041
-0.54
-0.934
-1.202
-1.338
-1.29
-1.1
-0.771
-0.308
0.129
0.356
0.281
-0.127
-0.685
-1.241
-1.824
-2.388
-2.776
-2.93
-2.976
-2.96
-2.826
-2.613
-2.404
-2.295
-2.361
-2.593
-2.937
-3.407
-3.967
-4.45
-4.681
-4.634
-4.439
-4.187
-3.826
-3.296
-2.656
-2.121
-1.812
-1.719
-1.828
-2.121
-2.504
-2.84
-3.051
-3.096
-3.005
-2.817
-2.556
-2.277
-1.905
-1.442
-1.032
-0.837
-0.907
-1.161
-1.526
-1.978
-2.398
-2.661
-2.697
-2.536
-2.286
-1.978
-1.542
-0.934
-0.363
-0.143
-0.353
-0.705
-0.93
-0.984
-1
-1.023
-0.973
-0.785
-0.583
-0.433
-0.327
-0.274
-0.297
-0.376
-0.483
-0.692
-1.057
-1.449
-1.703
-1.826
-1.923
-1.942
-1.696
-1.238
-0.871
-0.71
-0.542
-0.302
-0.251
-0.592
-1.186
-1.762
-2.209
-2.504
-2.599
-2.511
-2.318
-2.059
-1.778
-1.533
-1.413
-1.556
-1.812
-2.021
-2.311
-2.819
-3.409
-3.874
-4.064
-4.049
-4.019
-4.005
-3.949
-3.849
-3.649
-3.359
-3.135
-3.089
-3.178
-3.33
-3.55
-3.894
-4.208
-4.312
-4.307
-4.251
-4.069
-3.749
-3.454
-3.296
-3.237
-3.244
-3.384
-3.643
-3.879
-4.005
-4.064
-4.024
-3.801
-3.405
-2.962
-2.645
-2.42
-2.202
-2.062
-2.105
-2.4
-2.837
-3.235
-3.486
-3.618
-3.618
-3.525
-3.327
-2.98
-2.602
-2.341
-2.146
-1.901
-1.606
-1.433
-1.522
-1.762
-1.928
-2.007
-2.089
-2.193
-2.234
-2.034
-1.533
-0.932
-0.44
-0.045
0.277
0.397
0.254
0.018
-0.1
-0.066
0.136
0.549
1.007
1.32
1.513
1.696
1.805
1.705
1.513
1.454
1.526
1.644
1.821
2.125
2.529
2.921
3.235
3.484
3.663
3.77
3.829
3.874
3.915
3.917
3.806
3.563
3.289
3.03
2.822
2.706
2.772
3.026
3.414
3.89
4.389
4.729
4.772
4.577
4.291
3.979
3.661
3.368
3.214
3.257
3.414
3.561
3.722
3.881
3.971
3.942
3.84
3.763
3.715
3.618
3.436
3.218
2.962
2.72
2.672
2.858
3.035
3.071
3.119
3.35
3.729
3.947
3.833
3.509
3.137
2.813
2.599
2.513
2.47
2.54
2.919
3.552
4.142
4.502
4.65
4.702
4.672
4.518
4.35
4.291
4.325
4.466
4.786
5.21
5.573
5.875
6.208
6.58
6.92
7.17
7.322
7.39
7.358
7.222
7.138
7.197
7.313
7.506
7.911
8.381
8.689
8.896
9.173
9.477
9.599
9.5
9.334
9.236
9.084
8.885
8.896
9.189
9.583
9.996
10.477
10.924
11.13
11.06
10.824
10.425
9.783
9.064
8.597
8.422
8.327
8.309
8.522
8.873
9.134
9.175
9.089
9.007
8.926
8.703
8.281
7.753
7.202
6.696
6.392
6.226
6.101
6.163
6.487
6.907
7.152
7.179
7.199
7.256
7.102
6.567
5.813
5.169
4.754
4.509
4.35
4.276
4.31
4.369
4.335
4.149
3.806
3.4
3.08
2.849
2.64
2.449
2.322
2.345
2.486
2.549
2.457
2.313
2.191
2.003
1.703
1.54
1.606
1.696
1.563
1.256
0.957
0.719
0.51
0.417
0.501
0.73
0.98
1.132
1.129
0.973
0.687
0.322
0.038
-0.1
-0.138
-0.134
-0.045
0.17
0.417
0.624
0.842
1.157
1.406
1.463
1.424
1.445
1.422
1.236
1.066
1.029
0.998
0.961
1.086
1.318
1.533
1.805
2.189
2.583
2.831
2.858
2.708
2.461
2.189
2.032
2.044
2.161
2.368
2.704
3.107
3.493
3.824
3.99
3.933
3.747
3.559
3.366
3.121
2.962
2.987
3.184
3.479
3.795
4.09
4.366
4.514
4.473
4.375
4.262
4.051
3.733
3.461
3.318
3.235
3.223
3.375
3.702
4.115
4.507
4.825
5.049
5.09
4.84
4.319
3.774
3.414
3.244
3.201
3.216
3.327
3.534
3.749
3.888
3.928
3.867
3.706
3.498
3.25
2.894
2.427
2.053
1.871
1.805
1.778
1.79
1.849
1.966
2.139
2.218
2.064
1.747
1.447
1.198
0.914
0.587
0.333
0.299
0.501
0.753
0.889
0.834
0.667
0.524
0.451
0.454
0.472
0.476
0.531
0.653
0.635
0.374
0.118
0.129
0.293
0.358
0.34
0.381
0.431
0.451
0.537
0.689
0.789
0.884
1.095
1.256
1.234
1.157
1.125
1.213
1.456
1.683
1.753
1.747
1.83
1.837
1.517
1.021
0.719
0.639
0.587
0.692
1.091
1.624
2.016
2.311
2.686
2.96
2.935
2.72
2.542
2.486
2.477
2.352
2.107
1.969
2.037
2.284
2.763
3.357
3.752
3.897
4.151
4.57
4.761
4.505
4.092
3.77
3.448
3.112
2.958
3.098
3.536
4.198
4.913
5.362
5.403
5.251
5.054
4.627
3.992
3.488
3.278
3.205
3.15
3.114
3.173
3.375
3.64
3.736
3.47
3.044
2.86
2.91
2.869
2.588
2.209
1.839
1.52
1.241
1.012
0.932
1.12
1.501
1.889
2.112
2.103
1.883
1.492
1.041
0.556
0.009
-0.465
-0.696
-0.762
-0.816
-0.769
-0.565
-0.442
-0.615
-0.918
-1.091
-1.188
-1.336
-1.492
-1.581
-1.646
-1.66
-1.599
-1.615
-1.842
-2.159
-2.368
-2.472
-2.599
-2.785
-2.837
-2.663
-2.481
-2.404
-2.415
-2.325
-2.048
-1.781
-1.617
-1.442
-1.284
-1.3
-1.465
-1.576
-1.626
-1.749
-1.883
-1.83
-1.601
-1.281
-0.721
0.134
0.959
1.479
1.728
1.756
1.576
1.211
0.794
0.494
0.406
0.549
0.837
1.202
1.671
2.291
2.955
3.427
3.557
3.477
3.468
3.602
3.756
3.756
3.64
3.661
3.822
3.872
3.665
3.457
3.509
3.851
4.273
4.586
4.802
5.013
5.308
5.628
5.736
5.526
5.333
5.378
5.509
5.596
5.643
5.748
5.956
6.169
6.151
5.911
5.748
5.784
5.909
6.011
6.115
6.315
6.594
6.807
6.902
6.875
6.768
6.68
6.65
6.619
6.637
6.814
7.143
7.438
7.406
7.061
6.728
6.598
6.553
6.512
6.535
6.734
7.131
7.551
7.784
7.739
7.596
7.546
7.519
7.345
7.038
6.793
6.725
6.868
7.099
7.272
7.36
7.465
7.574
7.551
7.442
7.413
7.415
7.292
7.036
6.759
6.587
6.607
6.753
6.916
7.036
7.072
7.077
7.125
7.063
6.748
6.367
6.106
5.879
5.62
5.407
5.448
5.857
6.476
7.063
7.544
7.894
8.03
7.9
7.499
6.877
6.138
5.407
4.87
4.636
4.729
5.147
5.795
6.437
6.859
7.048
7.072
6.961
6.675
6.197
5.662
5.337
5.314
5.369
5.371
5.419
5.62
5.974
6.321
6.503
6.462
6.26
6.043
5.936
5.87
5.682
5.399
5.108
4.888
4.854
5.06
5.387
5.711
5.97
6.061
5.925
5.614
5.233
4.791
4.373
4.11
4.04
4.098
4.28
4.554
4.82
5.011
5.088
5.011
4.745
4.403
4.124
3.899
3.767
3.758
3.824
3.894
3.949
3.999
4.042
4.04
3.956
3.849
3.724
3.484
3.248
3.114
3.039
2.983
2.949
2.937
2.93
2.98
3.076
3.119
3.193
3.348
3.384
3.221
2.955
2.72
2.599
2.62
2.713
2.842
2.98
3.153
3.373
3.513
3.457
3.269
3.057
2.874
2.851
2.983
3.039
2.953
2.924
3.073
3.264
3.303
3.178
2.998
2.86
2.844
2.989
3.264
3.57
3.849
4.074
4.233
4.296
4.246
4.026
3.736
3.591
3.72
3.94
4.013
3.937
3.865
3.858
3.945
4.151
4.43
4.677
4.813
4.911
5.067
5.206
5.158
4.97
4.763
4.627
4.623
4.689
4.777
4.87
5.013
5.094
4.936
4.627
4.298
4.076
4.11
4.387
4.72
4.999
5.21
5.342
5.414
5.498
5.496
5.246
4.795
4.344
4.058
3.919
3.928
4.04
4.264
4.604
4.97
5.174
5.115
4.87
4.625
4.428
4.178
3.838
3.525
3.407
3.434
3.5
3.577
3.649
3.69
3.661
3.593
3.498
3.32
3.08
2.803
2.508
2.275
2.191
2.286
2.5
2.713
2.799
2.647
2.35
2.064
1.785
1.42
0.989
0.592
0.381
0.358
0.376
0.374
0.431
0.635
0.887
1.018
0.953
0.626
0.098
-0.424
-0.787
-1.061
-1.275
-1.406
-1.408
-1.177
-0.771
-0.522
-0.599
-0.884
-1.229
-1.576
-1.93
-2.3
-2.538
-2.497
-2.261
-2
-1.756
-1.465
-1.261
-1.359
-1.692
-2.025
-2.32
-2.62
-2.944
-3.235
-3.427
-3.386
-3.082
-2.69
-2.318
-1.991
-1.662
-1.338
-1.2
-1.372
-1.744
-2.143
-2.52
-2.803
-2.915
-2.899
-2.794
-2.559
-2.295
-2.114
-1.987
-1.849
-1.826
-2.084
-2.574
-3.035
-3.278
-3.368
-3.339
-3.146
-2.783
-2.386
-2.082
-1.937
-1.973
-2.232
-2.64
-3.13
-3.763
-4.482
-5.001
-5.117
-4.863
-4.382
-3.801
-3.184
-2.652
-2.291
-2.161
-2.345
-2.84
-3.441
-3.958
-4.414
-4.831
-5.103
-5.099
-4.757
-4.244
-3.754
-3.354
-3.171
-3.316
-3.668
-4.067
-4.468
-4.779
-4.918
-4.981
-5.017
-4.936
-4.782
-4.623
-4.482
-4.434
-4.623
-4.911
-5.101
-5.251
-5.573
-6.056
-6.403
-6.442
-6.236
-5.936
-5.578
-5.196
-4.884
-4.697
-4.679
-4.927
-5.453
-6.027
-6.34
-6.358
-6.33
-6.328
-6.222
-6.09
-6.067
-6.158
-6.287
-6.381
-6.449
-6.519
-6.548
-6.551
-6.601
-6.7
-6.73
-6.698
-6.716
-6.73
-6.614
-6.455
-6.46
-6.666
-6.882
-6.961
-6.925
-6.857
-6.839
-6.848
-6.746
-6.433
-6.147
-6.16
-6.417
-6.675
-6.827
-6.932
-7.04
-7.154
-7.243
-7.209
-7.025
-6.834
-6.848
-7.113
-7.408
-7.524
-7.526
-7.472
-7.376
-7.29
-7.167
-6.904
-6.505
-6.167
-5.965
-5.789
-5.693
-5.818
-6.231
-6.796
-7.231
-7.449
-7.508
-7.428
-7.231
-6.982
-6.68
-6.272
-5.85
-5.564
-5.501
-5.625
-5.872
-6.236
-6.623
-6.909
-7.05
-6.95
-6.573
-6.135
-5.823
-5.603
-5.478
-5.555
-5.802
-6.065
-6.281
-6.469
-6.562
-6.455
-6.192
-5.895
-5.725
-5.702
-5.698
-5.575
-5.414
-5.344
-5.428
-5.687
-6.024
-6.437
-6.991
-7.655
-8.163
-8.191
-7.71
-6.977
-6.213
-5.541
-5.115
-5.085
-5.494
-6.226
-7.072
-7.903
-8.531
-8.819
-8.769
-8.488
-8.1
-7.714
-7.376
-7.159
-7.141
-7.317
-7.744
-8.365
-8.948
-9.341
-9.538
-9.545
-9.438
-9.348
-9.28
-9.152
-8.951
-8.824
-8.835
-8.846
-8.785
-8.969
-9.509
-10.098
-10.486
-10.6
-10.386
-9.749
-8.837
-8.036
-7.535
-7.39
-7.639
-8.195
-8.749
-9.091
-9.195
-9.068
-8.699
-8.184
-7.703
-7.36
-7.068
-6.773
-6.571
-6.537
-6.567
-6.53
-6.421
-6.287
-6.133
-5.947
-5.734
-5.496
-5.208
-4.888
-4.623
-4.452
-4.289
-4.085
-3.869
-3.668
-3.459
-3.266
-3.103
-2.912
-2.613
-2.152
-1.624
-1.209
-0.905
-0.671
-0.492
-0.347
-0.306
-0.442
-0.615
-0.576
-0.356
-0.109
0.183
0.649
1.259
1.855
2.254
2.381
2.279
2.08
1.985
2.093
2.316
2.563
2.815
3.064
3.239
3.257
3.11
2.935
2.896
2.983
3.15
3.352
3.545
3.697
3.831
4.01
4.253
4.536
4.734
4.691
4.452
4.23
4.103
3.981
3.829
3.763
3.899
4.187
4.498
4.643
4.659
4.782
5.149
5.616
5.945
5.95
5.641
5.181
4.718
4.323
4.04
4.019
4.396
5.038
5.687
6.149
6.317
6.027
5.326
4.564
4.015
3.684
3.561
3.693
4.033
4.4
4.697
5.031
5.401
5.564
5.373
4.99
4.564
4.062
3.536
3.198
3.051
2.89
2.67
2.513
2.508
2.658
2.939
3.33
3.724
3.845
3.459
2.701
1.858
1.166
0.746
0.719
0.973
1.311
1.646
1.957
2.137
2.066
1.787
1.343
0.785
0.229
-0.197
-0.365
-0.217
0.175
0.655
1.016
1.139
1.018
0.653
0.158
-0.231
-0.388
-0.347
-0.217
0.013
0.353
0.703
0.959
1.114
1.109
0.927
0.76
0.739
0.794
0.787
0.751
0.746
0.864
1.145
1.458
1.64
1.719
1.846
2.134
2.379
2.264
1.867
1.544
1.438
1.542
1.917
2.54
3.198
3.742
4.083
4.169
4.022
3.649
3.212
2.96
2.858
2.772
2.785
3.055
3.475
3.822
4.035
4.228
4.421
4.543
4.575
4.57
4.552
4.484
4.373
4.166
3.82
3.484
3.411
3.661
4.074
4.409
4.545
4.543
4.471
4.357
4.205
4.074
3.979
3.942
3.983
4.078
4.185
4.319
4.473
4.627
4.738
4.727
4.586
4.434
4.432
4.566
4.718
4.808
4.829
4.818
4.745
4.627
4.502
4.403
4.412
4.595
4.806
4.908
4.999
5.158
5.314
5.323
5.167
4.956
4.829
4.795
4.791
4.872
4.99
5.035
5.072
5.119
5.113
5.11
5.237
5.435
5.618
5.628
5.459
5.255
5.092
4.936
4.861
4.97
5.217
5.435
5.594
5.668
5.63
5.462
5.183
4.845
4.53
4.335
4.301
4.371
4.475
4.568
4.632
4.663
4.645
4.595
4.502
4.414
4.448
4.52
4.496
4.43
4.378
4.298
4.169
4.019
3.915
3.899
3.883
3.733
3.498
3.393
3.468
3.52
3.448
3.35
3.316
3.312
3.189
2.935
2.729
2.674
2.729
2.808
2.826
2.722
2.561
2.386
2.134
1.807
1.544
1.449
1.554
1.751
1.885
1.914
1.889
1.878
1.935
1.964
1.839
1.683
1.644
1.594
1.427
1.263
1.17
1.161
1.229
1.313
1.318
1.222
1.043
0.889
0.8
0.685
0.535
0.424
0.349
0.281
0.297
0.415
0.463
0.431
0.474
0.549
0.469
0.115
-0.347
-0.689
-0.88
-0.987
-1.025
-0.893
-0.617
-0.336
-0.134
-0.066
-0.172
-0.497
-0.982
-1.393
-1.628
-1.769
-1.817
-1.676
-1.436
-1.29
-1.284
-1.32
-1.313
-1.325
-1.368
-1.397
-1.415
-1.52
-1.726
-1.998
-2.25
-2.368
-2.359
-2.25
-2.053
-1.776
-1.513
-1.356
-1.402
-1.633
-1.987
-2.379
-2.765
-3.066
-3.248
-3.28
-3.13
-2.878
-2.674
-2.627
-2.713
-2.826
-2.985
-3.284
-3.702
-4.001
-3.981
-3.756
-3.597
-3.613
-3.679
-3.688
-3.659
-3.609
-3.625
-3.665
-3.647
-3.618
-3.631
-3.702
-3.84
-4.03
-4.212
-4.276
-4.201
-4.103
-4.033
-3.942
-3.874
-3.892
-4.037
-4.307
-4.604
-4.75
-4.693
-4.564
-4.428
-4.291
-4.214
-4.251
-4.412
-4.629
-4.834
-5.026
-5.233
-5.367
-5.337
-5.242
-5.292
-5.526
-5.759
-5.947
-6.177
-6.426
-6.598
-6.655
-6.619
-6.517
-6.367
-6.242
-6.24
-6.358
-6.623
-7.043
-7.515
-7.877
-8.111
-8.288
-8.275
-8.023
-7.728
-7.517
-7.433
-7.469
-7.612
-7.76
-7.75
-7.646
-7.673
-7.905
-8.17
-8.318
-8.327
-8.229
-8.095
-7.993
-7.914
-7.848
-7.821
-7.826
-7.873
-7.989
-8.143
-8.252
-8.25
-8.175
-8.077
-7.916
-7.68
-7.467
-7.304
-7.152
-7.156
-7.381
-7.73
-7.98
-8.08
-8.227
-8.47
-8.542
-8.231
-7.651
-7.063
-6.569
-6.256
-6.183
-6.274
-6.362
-6.458
-6.669
-6.95
-7.129
-7.154
-7.05
-6.841
-6.51
-6.113
-5.764
-5.543
-5.455
-5.484
-5.632
-5.884
-6.151
-6.342
-6.442
-6.483
-6.553
-6.707
-6.866
-6.832
-6.596
-6.296
-6.101
-6.027
-5.963
-5.931
-6.013
-6.226
-6.535
-6.861
-7.059
-7.15
-7.274
-7.374
-7.351
-7.277
-7.209
-7.147
-7.136
-7.249
-7.44
-7.574
-7.592
-7.599
-7.574
-7.512
-7.528
-7.653
-7.71
-7.655
-7.628
-7.741
-7.955
-7.998
-7.812
-7.682
-7.857
-8.227
-8.565
-8.724
-8.749
-8.742
-8.726
-8.708
-8.669
-8.451
-8.127
-8.007
-8.123
-8.272
-8.324
-8.463
-8.814
-9.164
-9.286
-9.246
-9.098
-8.844
-8.606
-8.479
-8.417
-8.392
-8.465
-8.633
-8.787
-8.873
-8.985
-9.173
-9.3
-9.234
-9.007
-8.803
-8.744
-8.833
-9.005
-9.114
-9.039
-8.871
-8.787
-8.742
-8.587
-8.336
-8.172
-8.172
-8.15
-7.989
-7.826
-7.814
-7.819
-7.642
-7.322
-7.043
-6.882
-6.764
-6.682
-6.759
-6.948
-7.079
-7.025
-6.836
-6.589
-6.292
-6.04
-5.922
-5.848
-5.741
-5.736
-5.936
-6.122
-6.131
-6.038
-5.954
-5.927
-5.845
-5.623
-5.333
-5.119
-5.04
-5.058
-5.094
-5.135
-5.267
-5.453
-5.56
-5.526
-5.433
-5.367
-5.351
-5.249
-5.035
-4.838
-4.786
-4.804
-4.709
-4.5
-4.43
-4.636
-5.02
-5.353
-5.491
-5.475
-5.462
-5.512
-5.482
-5.33
-5.274
-5.475
-5.834
-6.126
-6.276
-6.399
-6.601
-6.845
-6.982
-6.948
-6.796
-6.641
-6.542
-6.503
-6.555
-6.653
-6.723
-6.818
-6.925
-6.941
-6.832
-6.741
-6.83
-7.048
-7.186
-7.218
-7.279
-7.408
-7.503
-7.506
-7.472
-7.453
-7.506
-7.569
-7.558
-7.544
-7.642
-7.703
-7.549
-7.24
-6.989
-6.893
-6.818
-6.641
-6.465
-6.465
-6.716
-6.955
-6.909
-6.587
-6.145
-5.668
-5.267
-5.015
-4.865
-4.782
-4.752
-4.811
-4.933
-5.076
-5.165
-5.099
-4.952
-4.804
-4.681
-4.613
-4.598
-4.586
-4.589
-4.593
-4.5
-4.223
-3.77
-3.261
-2.883
-2.708
-2.663
-2.636
-2.581
-2.459
-2.23
-1.948
-1.726
-1.506
-1.191
-0.868
-0.687
-0.626
-0.558
-0.485
-0.456
-0.408
-0.247
-0.054
0.084
0.104
0.022
-0.154
-0.478
-0.891
-1.238
-1.377
-1.27
-0.948
-0.551
-0.181
0.168
0.465
0.612
0.574
0.472
0.404
0.336
0.299
0.376
0.533
0.676
0.741
0.678
0.528
0.451
0.488
0.522
0.481
0.422
0.481
0.644
0.717
0.571
0.279
0.036
0.086
0.365
0.576
0.59
0.599
0.789
1.012
1.037
0.857
0.735
0.857
1.168
1.531
1.919
2.388
2.951
3.457
3.765
3.865
3.906
3.937
3.899
3.842
3.888
4.183
4.666
5.115
5.367
5.369
5.196
5.06
5.031
4.927
4.75
4.752
5.02
5.348
5.56
5.687
5.852
6.033
6.124
6.09
5.999
5.931
5.931
5.988
6.043
6.092
6.167
6.219
6.183
6.067
5.984
6.135
6.501
6.848
6.991
6.834
6.471
6.054
5.662
5.19
4.623
4.13
3.838
3.733
3.713
3.758
3.922
4.096
4.128
3.958
3.659
3.298
2.928
2.661
2.536
2.495
2.504
2.527
2.495
2.332
2.134
2.014
1.96
1.883
1.728
1.506
1.252
0.998
0.757
0.497
0.192
-0.154
-0.51
-0.842
-1.202
-1.581
-1.862
-1.98
-2.039
-2.193
-2.42
-2.568
-2.613
-2.622
-2.595
-2.579
-2.595
-2.57
-2.47
-2.354
-2.259
-2.161
-1.987
-1.717
-1.436
-1.213
-1.082
-1.046
-1.007
-0.905
-0.825
-0.864
-0.984
-1.164
-1.327
-1.454
-1.554
-1.583
-1.488
-1.3
-1.2
-1.263
-1.424
-1.556
-1.574
-1.599
-1.671
-1.622
-1.395
-1.086
-0.76
-0.444
-0.202
-0.009
0.22
0.413
0.463
0.372
0.308
0.494
0.889
1.236
1.451
1.651
1.855
1.982
2.005
1.921
1.703
1.445
1.334
1.429
1.524
1.458
1.349
1.352
1.411
1.472
1.624
1.88
2.132
2.336
2.531
2.647
2.611
2.393
2.019
1.581
1.27
1.27
1.612
2.22
2.89
3.475
3.842
3.937
3.724
3.18
2.531
2.028
1.742
1.654
1.656
1.631
1.66
1.835
2.014
1.919
1.499
0.936
0.41
-0.054
-0.372
-0.469
-0.422
-0.358
-0.302
-0.243
-0.224
-0.238
-0.152
0.09
0.277
0.22
-0.013
-0.213
-0.399
-0.707
-1.039
-1.216
-1.213
-1.082
-0.825
-0.499
-0.181
0.079
0.234
0.149
-0.313
-1.123
-1.962
-2.561
-2.887
-2.996
-2.958
-2.883
-2.817
-2.749
-2.645
-2.57
-2.57
-2.581
-2.563
-2.602
-2.726
-2.813
-2.847
-2.912
-2.994
-2.915
-2.654
-2.406
-2.286
-2.121
-1.749
-1.361
-1.247
-1.433
-1.671
-1.824
-1.978
-2.18
-2.327
-2.354
-2.295
-2.093
-1.747
-1.397
-1.08
-0.764
-0.569
-0.596
-0.794
-0.998
-1.025
-0.902
-0.737
-0.542
-0.213
0.268
0.726
1.007
1.116
1.25
1.447
1.608
1.651
1.544
1.44
1.465
1.581
1.71
1.803
1.837
1.867
2.062
2.391
2.563
2.447
2.177
1.903
1.685
1.549
1.538
1.583
1.54
1.447
1.542
1.917
2.334
2.536
2.551
2.522
2.474
2.404
2.304
2.177
1.994
1.799
1.744
1.855
1.898
1.79
1.742
1.858
1.957
1.839
1.538
1.238
1.073
1.061
1.129
1.161
1
0.703
0.454
0.313
0.17
0.007
-0.095
-0.147
-0.249
-0.422
-0.646
-0.873
-1.046
-1.182
-1.345
-1.504
-1.542
-1.449
-1.306
-1.186
-1.077
-1.012
-1.018
-1.127
-1.354
-1.649
-1.948
-2.216
-2.497
-2.808
-3.105
-3.298
-3.316
-3.148
-2.896
-2.658
-2.454
-2.18
-1.937
-1.944
-2.22
-2.538
-2.76
-2.955
-3.178
-3.354
-3.332
-3.112
-2.822
-2.511
-2.127
-1.747
-1.463
-1.275
-1.143
-1.111
-1.202
-1.402
-1.642
-1.844
-1.953
-1.946
-1.781
-1.456
-1.1
-0.882
-0.925
-1.161
-1.383
-1.533
-1.703
-1.878
-1.928
-1.781
-1.522
-1.241
-1.073
-1.048
-1.095
-1.161
-1.281
-1.47
-1.665
-1.737
-1.581
-1.309
-1.039
-0.714
-0.426
-0.345
-0.447
-0.533
-0.478
-0.429
-0.649
-1.12
-1.54
-1.747
-1.901
-2.091
-2.189
-2.121
-1.869
-1.508
-1.184
-1.009
-0.939
-0.95
-1.086
-1.383
-1.912
-2.583
-3.046
-3.128
-3.01
-2.871
-2.692
-2.35
-1.919
-1.637
-1.567
-1.617
-1.724
-1.919
-2.195
-2.502
-2.849
-3.212
-3.509
-3.656
-3.702
-3.804
-3.951
-3.919
-3.636
-3.364
-3.269
-3.212
-3.089
-3.039
-3.13
-3.259
-3.33
-3.375
-3.457
-3.454
-3.33
-3.252
-3.309
-3.318
-3.15
-2.953
-2.899
-2.853
-2.62
-2.343
-2.218
-2.127
-1.96
-1.796
-1.749
-1.742
-1.724
-1.828
-2.089
-2.277
-2.193
-1.957
-1.749
-1.515
-1.198
-0.912
-0.741
-0.601
-0.39
-0.141
0.036
0.217
0.44
0.583
0.594
0.571
0.624
0.707
0.737
0.842
1.2
1.692
2.046
2.3
2.67
3.157
3.509
3.527
3.35
3.259
3.261
3.23
3.116
2.969
2.806
2.717
2.785
2.86
2.865
2.962
3.391
4.035
4.498
4.602
4.611
4.67
4.691
4.468
4.035
3.64
3.461
3.488
3.611
3.711
3.901
4.348
4.936
5.323
5.428
5.448
5.514
5.526
5.296
4.899
4.509
4.166
3.86
3.672
3.552
3.464
3.536
3.763
3.962
3.967
3.881
3.876
3.969
4.015
3.969
3.94
3.958
4.098
4.346
4.611
4.85
4.99
4.967
4.806
4.638
4.523
4.482
4.511
4.686
5.074
5.639
6.306
6.986
7.485
7.703
7.73
7.68
7.535
7.236
6.886
6.768
6.966
7.215
7.426
7.809
8.468
9.204
9.767
10.117
10.325
10.359
10.139
9.722
9.273
8.892
8.692
8.796
9.173
9.667
10.194
10.847
11.605
12.14
12.244
12.081
11.804
11.382
10.87
10.377
9.948
9.688
9.688
9.964
10.382
10.688
10.813
10.858
10.842
10.663
10.309
9.944
9.661
9.45
9.327
9.252
9.082
8.799
8.522
8.32
8.182
8.091
7.975
7.721
7.322
6.895
6.578
6.369
6.122
5.861
5.725
5.732
5.707
5.571
5.412
5.199
4.804
4.269
3.702
3.148
2.661
2.352
2.254
2.295
2.404
2.618
2.892
2.987
2.751
2.398
2.132
1.871
1.451
0.857
0.27
-0.132
-0.34
-0.454
-0.492
-0.41
-0.195
0.17
0.587
0.898
0.991
0.912
0.728
0.454
0.061
-0.488
-1.05
-1.356
-1.331
-1.107
-0.748
-0.299
0.172
0.456
0.474
0.283
-0.061
-0.431
-0.673
-0.741
-0.592
-0.299
0.07
0.451
0.753
0.837
0.764
0.789
1.021
1.22
1.225
1.109
1.043
1.109
1.209
1.313
1.526
1.873
2.298
2.71
2.946
2.903
2.783
2.785
2.831
2.869
2.958
3.082
3.218
3.318
3.407
3.627
4.033
4.457
4.693
4.693
4.573
4.418
4.21
3.942
3.736
3.695
3.788
3.933
4.083
4.255
4.491
4.782
5.058
5.235
5.264
5.237
5.224
5.169
5.04
4.981
5.024
5.081
5.085
4.995
4.888
4.933
5.16
5.351
5.369
5.287
5.235
5.174
5.006
4.689
4.339
4.14
4.171
4.28
4.269
4.153
4.11
4.176
4.242
4.26
4.16
3.903
3.536
3.207
2.942
2.706
2.554
2.595
2.763
2.908
2.937
2.865
2.686
2.356
1.908
1.506
1.288
1.225
1.243
1.334
1.433
1.474
1.47
1.406
1.241
1.027
0.868
0.807
0.73
0.474
0.115
-0.2
-0.463
-0.617
-0.658
-0.635
-0.535
-0.277
0.063
0.288
0.417
0.553
0.56
0.24
-0.34
-0.916
-1.27
-1.345
-1.193
-0.923
-0.626
-0.27
0.152
0.565
0.964
1.327
1.544
1.622
1.637
1.524
1.202
0.834
0.637
0.721
1.037
1.415
1.728
1.962
2.109
2.239
2.454
2.763
2.985
2.926
2.599
2.25
2.066
2.059
2.193
2.436
2.744
3.094
3.377
3.557
3.613
3.448
3.125
2.86
2.688
2.561
2.5
2.574
2.831
3.212
3.593
3.915
4.164
4.262
4.174
3.99
3.752
3.43
3.032
2.645
2.313
2.152
2.268
2.531
2.758
2.919
3.008
3.078
3.159
3.112
2.878
2.551
2.295
2.18
2.053
1.794
1.554
1.581
1.758
1.88
1.91
1.86
1.694
1.368
0.916
0.419
-0.011
-0.265
-0.324
-0.285
-0.141
0.104
0.331
0.327
-0.045
-0.696
-1.325
-1.773
-2.071
-2.386
-2.731
-2.869
-2.649
-2.225
-1.944
-1.894
-1.871
-1.778
-1.696
-1.751
-2
-2.381
-2.813
-3.246
-3.588
-3.776
-3.845
-3.858
-3.752
-3.452
-3.08
-2.808
-2.618
-2.468
-2.415
-2.504
-2.606
-2.568
-2.527
-2.62
-2.654
-2.436
-2.084
-1.817
-1.608
-1.377
-1.2
-1.105
-0.921
-0.669
-0.535
-0.535
-0.497
-0.338
-0.1
0.177
0.465
0.721
0.973
1.259
1.606
1.878
1.966
1.939
1.864
1.744
1.608
1.531
1.538
1.662
1.935
2.364
2.905
3.45
3.908
4.183
4.192
3.976
3.729
3.538
3.384
3.221
3.139
3.223
3.43
3.74
4.092
4.391
4.593
4.861
5.267
5.586
5.589
5.342
5.092
4.936
4.836
4.715
4.74
5.081
5.662
6.233
6.66
6.943
7.061
7.088
6.952
6.535
5.916
5.387
5.156
5.228
5.498
5.938
6.632
7.419
8.034
8.329
8.343
8.177
7.957
7.653
7.258
6.855
6.555
6.567
6.8
7.118
7.544
8.129
8.771
9.189
9.204
8.901
8.508
8.159
7.828
7.526
7.358
7.331
7.413
7.596
7.803
7.914
7.855
7.73
7.521
7.095
6.605
6.272
6.156
6.185
6.313
6.492
6.755
6.934
6.98
6.995
6.991
6.864
6.578
6.285
6.135
6.142
6.245
6.431
6.623
6.732
6.75
6.698
6.562
6.347
6.115
6.008
6.111
6.258
6.267
6.247
6.335
6.476
6.505
6.378
6.199
6.083
5.94
5.673
5.423
5.382
5.55
5.802
6.079
6.317
6.424
6.44
6.442
6.367
6.169
5.918
5.659
5.453
5.299
5.185
5.126
5.208
5.444
5.63
5.657
5.591
5.507
5.339
5.013
4.67
4.459
4.237
3.924
3.774
3.962
4.325
4.548
4.582
4.493
4.31
4.035
3.699
3.298
2.876
2.642
2.763
3.098
3.391
3.541
3.652
3.824
4.028
4.072
3.815
3.264
2.631
2.137
1.807
1.556
1.388
1.34
1.39
1.576
1.912
2.22
2.273
2.114
1.921
1.792
1.758
1.783
1.76
1.683
1.554
1.47
1.574
1.824
2.034
2.125
2.175
2.261
2.429
2.624
2.667
2.556
2.529
2.747
3.098
3.382
3.591
3.804
4.053
4.321
4.475
4.355
4.035
3.711
3.577
3.672
3.913
4.164
4.323
4.416
4.518
4.657
4.795
4.861
4.854
4.845
4.876
4.97
5.063
5.092
5.026
4.897
4.822
4.768
4.591
4.33
4.235
4.486
4.906
5.199
5.212
5.124
5.051
4.992
4.979
4.977
4.884
4.725
4.557
4.425
4.396
4.452
4.534
4.561
4.452
4.285
4.248
4.387
4.545
4.595
4.53
4.418
4.291
4.096
3.79
3.441
3.246
3.346
3.488
3.416
3.169
2.964
2.942
3.048
3.105
3.028
2.937
2.958
3.066
3.239
3.414
3.473
3.409
3.284
3.119
2.89
2.645
2.517
2.538
2.568
2.534
2.547
2.676
2.729
2.504
2.209
2.184
2.422
2.513
2.302
2.069
2.044
2.175
2.243
2.1
1.773
1.479
1.458
1.644
1.783
1.796
1.807
1.976
2.248
2.404
2.295
1.942
1.531
1.127
0.689
0.311
0.09
0.047
0.106
0.149
0.141
0.138
0.068
-0.177
-0.542
-0.837
-0.998
-1.097
-1.218
-1.442
-1.642
-1.574
-1.288
-1.107
-1.164
-1.304
-1.479
-1.699
-1.926
-2.087
-2.211
-2.354
-2.432
-2.336
-2.134
-1.869
-1.531
-1.148
-0.866
-0.866
-1.175
-1.615
-2.127
-2.769
-3.357
-3.602
-3.475
-3.225
-2.992
-2.645
-2.13
-1.649
-1.547
-1.869
-2.311
-2.767
-3.348
-3.951
-4.291
-4.253
-3.881
-3.298
-2.654
-2.146
-1.896
-1.923
-2.164
-2.615
-3.216
-3.822
-4.291
-4.604
-4.813
-4.893
-4.74
-4.307
-3.77
-3.38
-3.193
-3.085
-2.974
-3.057
-3.518
-4.221
-4.786
-5.008
-5.004
-4.999
-4.979
-4.768
-4.285
-3.704
-3.307
-3.286
-3.566
-3.922
-4.21
-4.491
-4.818
-5.099
-5.192
-5.079
-4.822
-4.493
-4.219
-4.033
-4.013
-4.194
-4.552
-5.04
-5.586
-6.108
-6.53
-6.746
-6.614
-6.124
-5.532
-5.103
-4.836
-4.629
-4.428
-4.384
-4.632
-5.079
-5.562
-5.884
-6.004
-5.954
-5.807
-5.655
-5.526
-5.285
-4.961
-4.757
-4.842
-5.024
-5.099
-5.16
-5.296
-5.455
-5.548
-5.575
-5.623
-5.637
-5.6
-5.668
-5.909
-6.169
-6.344
-6.483
-6.589
-6.582
-6.424
-6.226
-6.117
-5.977
-5.675
-5.389
-5.308
-5.425
-5.557
-5.62
-5.752
-6.081
-6.546
-6.997
-7.197
-7.068
-6.818
-6.691
-6.68
-6.614
-6.431
-6.224
-6.14
-6.163
-6.222
-6.385
-6.648
-6.934
-7.218
-7.41
-7.519
-7.549
-7.456
-7.195
-6.859
-6.555
-6.319
-6.201
-6.204
-6.274
-6.394
-6.514
-6.61
-6.58
-6.308
-5.934
-5.714
-5.691
-5.761
-5.85
-5.938
-6.038
-6.226
-6.501
-6.811
-7.104
-7.283
-7.304
-7.231
-7.109
-6.961
-6.775
-6.594
-6.537
-6.666
-6.884
-7.102
-7.299
-7.469
-7.599
-7.714
-7.796
-7.809
-7.724
-7.621
-7.589
-7.637
-7.671
-7.612
-7.574
-7.726
-7.968
-8.082
-8.132
-8.297
-8.524
-8.592
-8.517
-8.468
-8.458
-8.434
-8.302
-8.08
-7.987
-8.084
-8.172
-8.161
-8.148
-8.209
-8.309
-8.449
-8.565
-8.506
-8.263
-7.993
-7.835
-7.696
-7.535
-7.413
-7.376
-7.419
-7.56
-7.762
-7.896
-7.964
-8.03
-8.034
-7.975
-7.885
-7.671
-7.263
-6.857
-6.582
-6.369
-6.149
-5.934
-5.775
-5.716
-5.854
-6.181
-6.528
-6.764
-6.848
-6.777
-6.542
-6.147
-5.578
-4.888
-4.319
-4.044
-4.015
-4.013
-4.04
-4.239
-4.482
-4.541
-4.414
-4.262
-4.151
-4.015
-3.693
-3.114
-2.409
-1.796
-1.381
-1.211
-1.327
-1.71
-2.2
-2.542
-2.583
-2.214
-1.51
-0.728
-0.086
0.365
0.585
0.558
0.424
0.331
0.308
0.336
0.435
0.587
0.755
0.975
1.209
1.467
1.862
2.436
3.071
3.529
3.688
3.559
3.305
3.082
2.915
2.79
2.776
2.962
3.334
3.879
4.523
5.122
5.543
5.789
5.92
5.773
5.201
4.457
3.89
3.618
3.627
3.833
4.098
4.409
4.886
5.464
5.888
6.006
5.866
5.575
5.226
4.85
4.53
4.325
4.158
3.996
3.917
3.979
4.124
4.255
4.373
4.543
4.709
4.72
4.484
3.985
3.278
2.586
2.134
2.005
2.141
2.432
2.871
3.407
3.806
3.845
3.511
3.026
2.622
2.291
1.908
1.56
1.34
1.207
1.141
1.263
1.624
2.114
2.568
2.892
3.03
2.856
2.425
1.937
1.438
0.896
0.419
0.238
0.442
0.966
1.574
1.994
2.234
2.429
2.561
2.377
1.696
0.701
-0.206
-0.842
-1.17
-1.152
-0.744
-0.011
0.878
1.656
2.071
2.125
1.957
1.599
1.046
0.397
-0.183
-0.578
-0.689
-0.481
-0.029
0.683
1.612
2.398
2.71
2.656
2.483
2.273
2.007
1.703
1.413
1.188
1.061
1.15
1.481
1.928
2.42
3.01
3.595
3.883
3.756
3.407
3.057
2.756
2.559
2.461
2.356
2.245
2.275
2.468
2.679
2.881
3.069
3.28
3.439
3.425
3.248
3.01
2.701
2.354
2.1
1.969
2.034
2.318
2.661
3.017
3.507
4.033
4.409
4.589
4.559
4.459
4.364
4.062
3.518
3.078
2.939
2.974
3.184
3.674
4.373
5.099
5.569
5.639
5.344
4.8
4.158
3.591
3.159
2.751
2.486
2.67
3.339
4.069
4.557
4.908
5.219
5.394
5.376
5.208
4.924
4.593
4.176
3.715
3.334
2.998
2.767
2.962
3.693
4.584
5.294
5.652
5.641
5.319
4.774
4.074
3.357
2.835
2.62
2.822
3.343
3.967
4.625
5.317
5.836
6.015
5.94
5.662
5.153
4.564
4.203
4.142
4.162
4.201
4.33
4.589
5.033
5.671
6.279
6.592
6.571
6.304
5.934
5.523
5.011
4.443
4.056
3.922
4.062
4.398
4.743
5.049
5.389
5.657
5.664
5.394
4.872
4.205
3.645
3.362
3.275
3.269
3.377
3.557
3.67
3.661
3.652
3.79
3.99
4.115
4.064
3.813
3.396
2.994
2.645
2.245
1.812
1.556
1.597
1.837
2.159
2.47
2.652
2.706
2.629
2.268
1.59
0.816
0.277
0.095
0.179
0.338
0.524
0.769
1.023
1.232
1.433
1.563
1.531
1.306
0.978
0.571
0.038
-0.562
-0.993
-1.089
-0.902
-0.565
-0.177
0.129
0.268
0.261
0.274
0.324
0.098
-0.528
-1.136
-1.417
-1.51
-1.624
-1.64
-1.322
-0.728
-0.115
0.297
0.372
0.156
-0.229
-0.698
-1.213
-1.733
-2.053
-1.953
-1.431
-0.766
-0.224
0.095
0.283
0.388
0.245
-0.215
-0.744
-1.129
-1.395
-1.646
-1.837
-1.885
-1.767
-1.508
-1.2
-0.889
-0.556
-0.274
-0.129
-0.156
-0.435
-0.944
-1.495
-1.914
-2.214
-2.452
-2.545
-2.37
-1.991
-1.646
-1.476
-1.363
-1.2
-1.154
-1.522
-2.18
-2.69
-2.93
-3.035
-3.005
-2.844
-2.654
-2.556
-2.547
-2.642
-2.903
-3.191
-3.259
-3.089
-2.937
-3.001
-3.146
-3.232
-3.364
-3.659
-3.983
-4.166
-4.164
-4.033
-3.89
-3.79
-3.663
-3.545
-3.581
-3.856
-4.262
-4.706
-5.156
-5.53
-5.734
-5.777
-5.757
-5.687
-5.501
-5.301
-5.333
-5.512
-5.614
-5.684
-5.868
-6.131
-6.296
-6.358
-6.501
-6.839
-7.267
-7.546
-7.537
-7.281
-6.9
-6.521
-6.253
-6.185
-6.287
-6.564
-7.084
-7.68
-8.061
-8.041
-7.764
-7.515
-7.252
-6.886
-6.567
-6.458
-6.499
-6.603
-6.811
-7.097
-7.315
-7.474
-7.601
-7.601
-7.431
-7.156
-6.92
-6.762
-6.641
-6.512
-6.355
-6.279
-6.369
-6.564
-6.764
-7.023
-7.363
-7.623
-7.639
-7.34
-6.793
-6.208
-5.779
-5.526
-5.301
-5.133
-5.24
-5.684
-6.231
-6.669
-6.98
-7.206
-7.209
-6.811
-6.183
-5.646
-5.276
-5.013
-4.811
-4.718
-4.777
-5.069
-5.475
-5.761
-5.868
-5.959
-6.138
-6.313
-6.253
-5.859
-5.305
-4.924
-4.872
-5.006
-5.142
-5.351
-5.809
-6.435
-6.955
-7.254
-7.313
-7.077
-6.694
-6.353
-6.104
-5.913
-5.823
-5.886
-6.131
-6.523
-7.018
-7.685
-8.34
-8.663
-8.647
-8.479
-8.211
-7.807
-7.349
-6.948
-6.714
-6.766
-7.156
-7.762
-8.297
-8.556
-8.689
-8.869
-9.043
-9.019
-8.687
-8.216
-7.846
-7.678
-7.66
-7.719
-7.875
-8.157
-8.522
-8.787
-8.846
-8.828
-8.83
-8.706
-8.413
-8.157
-8.061
-8.009
-7.934
-7.925
-8.102
-8.538
-9.1
-9.45
-9.388
-9.021
-8.689
-8.522
-8.318
-7.955
-7.521
-7.315
-7.478
-7.88
-8.299
-8.633
-8.916
-9.25
-9.563
-9.676
-9.452
-9.003
-8.619
-8.399
-8.22
-8
-7.782
-7.648
-7.571
-7.492
-7.388
-7.349
-7.401
-7.422
-7.302
-7.218
-7.297
-7.329
-7.111
-6.775
-6.526
-6.412
-6.27
-6.036
-5.843
-5.745
-5.711
-5.784
-5.859
-5.734
-5.489
-5.371
-5.371
-5.321
-5.167
-5.042
-5.187
-5.514
-5.693
-5.643
-5.659
-5.807
-5.893
-5.752
-5.505
-5.346
-5.26
-5.051
-4.689
-4.33
-4.158
-4.239
-4.616
-5.054
-5.346
-5.586
-5.925
-6.347
-6.644
-6.61
-6.279
-5.911
-5.65
-5.387
-5.088
-4.949
-5.126
-5.528
-5.959
-6.376
-6.852
-7.222
-7.279
-7.19
-7.079
-6.914
-6.696
-6.512
-6.31
-6.097
-6.135
-6.478
-6.857
-7.086
-7.227
-7.399
-7.603
-7.703
-7.619
-7.41
-7.204
-7.07
-6.993
-6.889
-6.755
-6.739
-6.966
-7.333
-7.623
-7.748
-7.753
-7.698
-7.644
-7.512
-7.227
-6.895
-6.698
-6.641
-6.644
-6.691
-6.814
-6.972
-7.082
-7.068
-6.936
-6.684
-6.301
-5.861
-5.464
-5.19
-5.094
-5.162
-5.287
-5.419
-5.53
-5.584
-5.555
-5.437
-5.276
-5.094
-4.936
-4.782
-4.602
-4.416
-4.271
-4.183
-4.155
-4.21
-4.366
-4.534
-4.554
-4.493
-4.464
-4.33
-3.928
-3.316
-2.76
-2.406
-2.191
-2.03
-2
-2.139
-2.404
-2.686
-2.833
-2.717
-2.386
-2
-1.69
-1.427
-1.157
-0.925
-0.746
-0.608
-0.578
-0.66
-0.778
-0.953
-1.182
-1.325
-1.381
-1.506
-1.715
-1.887
-1.878
-1.728
-1.529
-1.322
-1.084
-0.812
-0.601
-0.571
-0.687
-0.766
-0.726
-0.68
-0.73
-0.812
-0.842
-0.81
-0.723
-0.553
-0.429
-0.442
-0.451
-0.435
-0.465
-0.526
-0.503
-0.336
-0.088
0.079
0.127
0.183
0.299
0.463
0.63
0.769
0.907
1.05
1.116
1.1
1.129
1.311
1.594
1.86
2.118
2.472
2.885
3.237
3.486
3.704
3.954
4.226
4.475
4.691
4.802
4.802
4.829
4.945
5.079
5.165
5.224
5.399
5.748
6.065
6.188
6.276
6.485
6.694
6.737
6.616
6.483
6.433
6.433
6.501
6.66
6.861
7.063
7.256
7.383
7.383
7.277
7.099
6.889
6.691
6.517
6.39
6.374
6.512
6.687
6.793
6.809
6.696
6.465
6.138
5.718
5.258
4.845
4.4
3.901
3.484
3.286
3.296
3.402
3.47
3.473
3.457
3.396
3.216
2.915
2.477
1.978
1.572
1.302
1.102
0.932
0.873
1.014
1.266
1.422
1.424
1.281
0.971
0.508
-0.043
-0.599
-1.023
-1.256
-1.415
-1.592
-1.676
-1.588
-1.49
-1.594
-1.855
-2.137
-2.352
-2.468
-2.506
-2.511
-2.447
-2.288
-2.078
-1.846
-1.654
-1.533
-1.472
-1.427
-1.381
-1.445
-1.637
-1.853
-2.03
-2.152
-2.214
-2.218
-2.107
-1.896
-1.617
-1.243
-0.889
-0.712
-0.769
-0.941
-1.175
-1.404
-1.554
-1.631
-1.66
-1.594
-1.379
-1.037
-0.692
-0.451
-0.313
-0.272
-0.319
-0.374
-0.388
-0.356
-0.304
-0.172
0.104
0.392
0.51
0.485
0.463
0.58
0.853
1.107
1.161
1.061
0.925
0.787
0.732
0.739
0.719
0.707
0.828
1.071
1.325
1.431
1.393
1.338
1.386
1.47
1.517
1.51
1.556
1.776
2.087
2.393
2.597
2.568
2.388
2.327
2.472
2.633
2.656
2.556
2.5
2.506
2.422
2.209
2.016
1.928
1.991
2.189
2.32
2.241
2.014
1.724
1.517
1.431
1.327
1.17
1.063
0.989
0.941
0.907
0.828
0.687
0.503
0.327
0.215
0.213
0.236
0.111
-0.113
-0.192
-0.075
-0.034
-0.263
-0.735
-1.227
-1.508
-1.524
-1.431
-1.402
-1.483
-1.572
-1.646
-1.771
-1.996
-2.332
-2.808
-3.314
-3.659
-3.81
-3.863
-3.901
-3.888
-3.706
-3.354
-3.014
-2.892
-3.039
-3.323
-3.591
-3.754
-3.881
-4.064
-4.373
-4.689
-4.723
-4.341
-3.797
-3.346
-3.003
-2.704
-2.432
-2.309
-2.422
-2.749
-3.173
-3.538
-3.745
-3.813
-3.733
-3.366
-2.731
-1.966
-1.263
-0.825
-0.791
-1.095
-1.576
-2
-2.207
-2.139
-1.905
-1.617
-1.288
-0.859
-0.333
0.177
0.576
0.857
0.973
0.93
0.798
0.628
0.478
0.41
0.476
0.71
1.114
1.56
1.864
1.998
2.116
2.254
2.302
2.177
1.842
1.345
0.864
0.544
0.517
0.787
1.132
1.427
1.742
2.091
2.406
2.583
2.483
2.055
1.479
0.998
0.764
0.764
0.871
1.125
1.578
2.105
2.52
2.747
2.717
2.4
1.987
1.713
1.549
1.27
0.796
0.27
-0.047
-0.084
0.043
0.168
0.261
0.397
0.619
0.857
0.946
0.726
0.261
-0.206
-0.531
-0.705
-0.787
-0.805
-0.714
-0.494
-0.254
-0.115
-0.118
-0.302
-0.739
-1.334
-1.821
-2.114
-2.311
-2.495
-2.547
-2.359
-2.014
-1.717
-1.656
-1.873
-2.171
-2.409
-2.624
-2.887
-3.196
-3.47
-3.602
-3.62
-3.638
-3.711
-3.742
-3.645
-3.432
-3.176
-2.903
-2.663
-2.42
-2.195
-2.191
-2.44
-2.722
-2.887
-2.964
-3.03
-3.06
-3.005
-2.785
-2.4
-2.112
-2.114
-2.216
-2.202
-2.141
-2.121
-2.091
-1.939
-1.756
-1.667
-1.699
-1.773
-1.839
-1.887
-1.88
-1.781
-1.617
-1.458
-1.29
-1.091
-0.891
-0.794
-0.837
-0.944
-1.046
-1.077
-1.016
-0.878
-0.721
-0.658
-0.667
-0.63
-0.54
-0.551
-0.8
-1.152
-1.429
-1.642
-1.869
-2.016
-1.964
-1.762
-1.461
-1.109
-0.794
-0.567
-0.451
-0.444
-0.578
-0.864
-1.325
-1.896
-2.418
-2.756
-2.878
-2.79
-2.488
-2.007
-1.472
-1.043
-0.832
-0.842
-1.034
-1.411
-1.937
-2.47
-2.924
-3.235
-3.38
-3.348
-3.173
-2.917
-2.663
-2.427
-2.257
-2.202
-2.282
-2.483
-2.788
-3.203
-3.595
-3.822
-3.951
-4.064
-4.04
-3.745
-3.266
-2.803
-2.529
-2.452
-2.534
-2.822
-3.273
-3.724
-4.115
-4.416
-4.459
-4.226
-3.897
-3.586
-3.275
-3.001
-2.878
-2.962
-3.164
-3.439
-3.776
-4.017
-4.008
-3.783
-3.42
-3.001
-2.642
-2.404
-2.33
-2.415
-2.602
-2.731
-2.756
-2.79
-2.856
-2.847
-2.751
-2.629
-2.474
-2.245
-1.966
-1.694
-1.465
-1.241
-0.987
-0.789
-0.753
-0.882
-1.059
-1.127
-1.097
-1.075
-0.978
-0.617
-0.02
0.562
1.05
1.481
1.739
1.773
1.733
1.749
1.796
1.737
1.601
1.51
1.454
1.37
1.306
1.32
1.415
1.705
2.275
2.976
3.588
4.019
4.307
4.493
4.45
4.074
3.588
3.237
3.053
3.003
3.164
3.504
3.847
4.11
4.287
4.396
4.441
4.45
4.482
4.559
4.616
4.686
4.806
4.931
4.963
4.924
4.884
4.808
4.668
4.455
4.217
3.942
3.593
3.225
2.896
2.642
2.52
2.593
2.86
3.221
3.706
4.353
4.908
5.113
5.008
4.766
4.412
3.924
3.402
2.98
2.74
2.758
3.039
3.43
3.754
4.047
4.45
4.927
5.308
5.496
5.55
5.571
5.541
5.433
5.269
5.187
5.244
5.45
5.854
6.428
6.966
7.331
7.574
7.741
7.755
7.571
7.27
7.077
7.175
7.519
8
8.59
9.246
9.878
10.414
10.808
10.933
10.831
10.692
10.563
10.361
10.173
10.071
10.08
10.189
10.334
10.527
10.838
11.196
11.457
11.609
11.729
11.797
11.732
11.563
11.214
10.634
10.075
9.783
9.692
9.667
9.758
9.978
10.173
10.171
9.908
9.452
8.928
8.476
8.163
7.993
7.911
7.919
8.014
8.159
8.227
8.177
8.055
7.853
7.512
6.98
6.27
5.614
5.14
4.774
4.462
4.303
4.323
4.403
4.407
4.269
4.019
3.806
3.806
3.956
3.958
3.681
3.282
2.91
2.479
1.889
1.313
0.989
1.041
1.325
1.558
1.61
1.538
1.542
1.699
1.803
1.762
1.667
1.563
1.42
1.166
0.803
0.474
0.268
0.072
-0.134
-0.254
-0.195
0.052
0.319
0.44
0.415
0.306
0.179
0.07
-0.098
-0.261
-0.213
0.07
0.442
0.712
0.814
0.787
0.721
0.61
0.365
-0.007
-0.388
-0.61
-0.524
-0.166
0.465
1.245
1.837
2.139
2.345
2.472
2.449
2.379
2.368
2.402
2.425
2.434
2.483
2.62
2.674
2.629
2.695
2.994
3.454
3.911
4.273
4.573
4.831
4.938
4.8
4.434
3.976
3.711
3.892
4.414
4.854
4.954
4.845
4.808
4.831
4.729
4.523
4.425
4.473
4.57
4.711
4.847
4.906
4.893
4.908
5.049
5.237
5.226
5.026
4.84
4.736
4.659
4.643
4.715
4.745
4.552
4.226
4.028
4.044
4.14
4.201
4.189
4.101
3.994
3.901
3.731
3.445
3.173
3.064
3.15
3.275
3.248
3.01
2.701
2.466
2.307
2.22
2.134
1.971
1.737
1.552
1.492
1.594
1.724
1.694
1.442
1.082
0.842
0.737
0.544
0.249
0.093
0.19
0.333
0.308
0.175
0.063
-0.018
-0.036
0.041
0.197
0.331
0.324
0.285
0.331
0.37
0.322
0.308
0.406
0.549
0.635
0.669
0.81
1.021
1.003
0.798
0.785
1.034
1.241
1.256
1.311
1.522
1.758
1.987
2.277
2.52
2.595
2.672
2.835
2.81
2.449
2.064
1.966
2.159
2.327
2.454
2.826
3.425
3.899
4.14
4.267
4.269
4.169
4.01
3.772
3.52
3.405
3.525
3.835
4.142
4.248
4.196
4.166
4.178
4.106
3.933
3.845
3.937
4.132
4.226
4.142
4.04
4.098
4.212
4.187
3.992
3.749
3.575
3.43
3.264
3.085
3.019
3.082
3.062
2.813
2.42
2.071
1.912
1.971
2.048
2.005
1.982
2.118
2.257
2.089
1.597
1.116
0.914
0.796
0.469
0.075
-0.098
-0.041
0.077
0.136
0.009
-0.163
-0.152
0.052
0.204
0.045
-0.361
-0.741
-0.95
-1.159
-1.547
-1.962
-2.125
-2.023
-1.824
-1.654
-1.506
-1.245
-0.971
-0.932
-1.211
-1.624
-2.028
-2.354
-2.565
-2.679
-2.636
-2.404
-2.007
-1.569
-1.261
-1.188
-1.343
-1.637
-2.021
-2.447
-2.788
-2.849
-2.608
-2.22
-1.842
-1.492
-1.093
-0.755
-0.585
-0.546
-0.587
-0.649
-0.717
-0.83
-0.955
-1.005
-1.041
-1.095
-1.068
-0.914
-0.592
-0.124
0.406
0.914
1.259
1.415
1.506
1.544
1.447
1.213
1.084
1.295
1.737
2.191
2.559
2.915
3.346
3.756
3.974
3.983
3.919
3.913
3.979
4.101
4.264
4.484
4.818
5.174
5.399
5.498
5.603
5.7
5.7
5.655
5.634
5.689
5.807
5.879
5.863
5.811
5.82
6.036
6.496
6.945
7.227
7.467
7.707
7.787
7.612
7.231
6.87
6.707
6.694
6.75
6.982
7.428
7.916
8.209
8.331
8.42
8.508
8.483
8.32
8.077
7.855
7.796
7.889
7.989
8.077
8.209
8.397
8.581
8.658
8.649
8.621
8.583
8.517
8.411
8.247
7.991
7.771
7.748
7.832
7.875
7.907
7.932
7.887
7.794
7.628
7.406
7.199
7.004
6.714
6.347
6.099
6.047
6.043
6.013
5.997
6.049
6.106
6.09
6.002
5.852
5.616
5.419
5.453
5.648
5.798
5.893
6.092
6.39
6.58
6.526
6.392
6.342
6.29
6.179
6.156
6.24
6.355
6.485
6.596
6.61
6.514
6.344
6.135
5.945
5.811
5.906
6.283
6.644
6.759
6.673
6.494
6.267
6.008
5.752
5.548
5.433
5.473
5.668
5.929
6.14
6.167
6.027
5.877
5.755
5.562
5.344
5.151
4.952
4.752
4.72
4.897
5.067
5.128
5.158
5.212
5.221
5.126
4.931
4.643
4.237
3.795
3.479
3.359
3.346
3.293
3.289
3.52
3.937
4.375
4.686
4.715
4.418
3.931
3.434
2.978
2.556
2.209
2.082
2.218
2.54
2.869
3.112
3.289
3.364
3.291
3.073
2.726
2.316
2.021
1.923
1.937
1.892
1.824
1.914
2.141
2.359
2.525
2.577
2.495
2.343
2.205
2.1
2.044
2.007
2.037
2.191
2.409
2.538
2.629
2.797
3.053
3.307
3.482
3.529
3.457
3.323
3.207
3.182
3.207
3.201
3.203
3.377
3.742
4.146
4.466
4.704
4.863
4.899
4.766
4.396
3.931
3.668
3.659
3.765
3.908
4.076
4.31
4.645
4.999
5.221
5.246
5.162
5.06
4.918
4.702
4.48
4.305
4.21
4.246
4.319
4.355
4.464
4.745
5.124
5.48
5.671
5.58
5.283
4.952
4.695
4.502
4.325
4.196
4.237
4.452
4.702
4.915
5.056
5.067
4.94
4.677
4.248
3.792
3.452
3.377
3.563
3.786
3.96
4.119
4.235
4.312
4.378
4.328
4.076
3.634
3.13
2.792
2.661
2.627
2.604
2.572
2.54
2.583
2.695
2.744
2.754
2.697
2.574
2.406
2.114
1.683
1.304
1.046
0.923
1.023
1.232
1.325
1.288
1.277
1.408
1.628
1.769
1.785
1.753
1.724
1.696
1.617
1.393
1.043
0.694
0.353
0.079
0.011
0.183
0.46
0.667
0.723
0.714
0.701
0.592
0.259
-0.217
-0.59
-0.8
-1.007
-1.281
-1.454
-1.436
-1.318
-1.166
-1.032
-0.982
-1.032
-1.209
-1.492
-1.778
-2.012
-2.261
-2.529
-2.699
-2.679
-2.425
-2.039
-1.792
-1.799
-1.962
-2.139
-2.436
-2.926
-3.439
-3.792
-3.979
-4.024
-3.885
-3.647
-3.389
-3.119
-2.833
-2.59
-2.522
-2.724
-3.103
-3.434
-3.572
-3.534
-3.47
-3.495
-3.593
-3.686
-3.677
-3.473
-3.148
-2.903
-2.817
-2.772
-2.731
-2.828
-3.125
-3.5
-3.826
-4.04
-4.022
-3.795
-3.536
-3.38
-3.389
-3.536
-3.684
-3.752
-3.847
-4.069
-4.273
-4.251
-4.067
-3.956
-3.947
-3.954
-3.96
-4.013
-3.942
-3.649
-3.373
-3.312
-3.384
-3.47
-3.593
-3.783
-4.067
-4.437
-4.836
-5.074
-4.995
-4.655
-4.285
-4.049
-3.951
-3.881
-3.851
-3.974
-4.319
-4.738
-5.033
-5.192
-5.301
-5.43
-5.548
-5.526
-5.328
-5.054
-4.791
-4.729
-4.911
-5.142
-5.264
-5.373
-5.603
-5.965
-6.335
-6.539
-6.437
-6.126
-5.827
-5.6
-5.453
-5.382
-5.428
-5.648
-6.061
-6.589
-7.004
-7.177
-7.236
-7.277
-7.29
-7.24
-7.061
-6.768
-6.501
-6.315
-6.177
-6.185
-6.301
-6.342
-6.313
-6.342
-6.535
-6.882
-7.209
-7.313
-7.249
-7.161
-7.052
-6.941
-6.861
-6.764
-6.623
-6.585
-6.743
-6.957
-7.011
-6.916
-6.816
-6.709
-6.585
-6.465
-6.387
-6.419
-6.562
-6.741
-6.891
-6.986
-6.986
-6.841
-6.605
-6.387
-6.256
-6.208
-6.236
-6.315
-6.378
-6.408
-6.521
-6.669
-6.703
-6.614
-6.526
-6.521
-6.601
-6.678
-6.68
-6.635
-6.582
-6.582
-6.616
-6.519
-6.169
-5.75
-5.471
-5.362
-5.382
-5.487
-5.632
-5.779
-5.956
-6.213
-6.442
-6.626
-6.855
-7.154
-7.419
-7.614
-7.823
-7.989
-8
-7.828
-7.583
-7.322
-7.043
-6.902
-7.05
-7.442
-7.991
-8.565
-9.021
-9.178
-9.019
-8.794
-8.599
-8.406
-8.256
-8.265
-8.447
-8.71
-8.969
-9.134
-9.164
-9.046
-8.805
-8.538
-8.32
-8.247
-8.333
-8.497
-8.615
-8.692
-8.799
-8.901
-8.892
-8.767
-8.683
-8.703
-8.737
-8.701
-8.476
-8.03
-7.531
-7.068
-6.698
-6.53
-6.587
-6.816
-7.213
-7.758
-8.27
-8.581
-8.604
-8.295
-7.687
-6.916
-6.213
-5.748
-5.518
-5.437
-5.516
-5.807
-6.158
-6.33
-6.272
-6.14
-6.074
-6.047
-5.954
-5.734
-5.385
-5.022
-4.757
-4.52
-4.205
-3.892
-3.718
-3.724
-3.797
-3.754
-3.557
-3.307
-3.064
-2.76
-2.302
-1.694
-1.12
-0.805
-0.739
-0.723
-0.644
-0.533
-0.456
-0.41
-0.288
0.056
0.585
1.17
1.667
2.059
2.354
2.486
2.398
2.195
2.071
2.069
2.127
2.193
2.252
2.366
2.554
2.842
3.241
3.713
4.153
4.498
4.754
4.856
4.754
4.516
4.26
4.072
4.001
4.001
4.024
4.094
4.221
4.348
4.457
4.573
4.695
4.816
4.915
4.942
4.743
4.323
3.947
3.849
3.976
4.264
4.677
5.029
5.194
5.255
5.233
5.045
4.668
4.341
4.323
4.491
4.498
4.235
3.928
3.79
3.774
3.824
4.008
4.33
4.636
4.836
4.881
4.632
4.183
3.738
3.33
2.944
2.656
2.57
2.697
2.942
3.132
3.223
3.255
3.218
3.142
3.026
2.783
2.477
2.295
2.248
2.141
1.844
1.52
1.395
1.488
1.667
1.817
1.935
2.075
2.173
2.139
1.957
1.608
1.191
0.876
0.719
0.649
0.644
0.803
1.207
1.705
2.062
2.173
2.107
1.828
1.284
0.615
0.106
-0.12
-0.172
-0.07
0.213
0.601
0.946
1.188
1.343
1.415
1.483
1.662
1.901
1.973
1.742
1.272
0.744
0.358
0.206
0.345
0.864
1.669
2.443
3.044
3.427
3.445
3.026
2.309
1.615
1.225
1.193
1.492
2.012
2.597
3.066
3.414
3.627
3.699
3.561
3.25
2.987
2.876
2.853
2.883
3.005
3.227
3.518
3.81
4.078
4.298
4.468
4.657
4.791
4.788
4.679
4.443
4.051
3.638
3.402
3.402
3.647
4.092
4.468
4.632
4.786
5.049
5.215
5.085
4.657
4.151
3.82
3.74
3.756
3.792
4.024
4.498
5.008
5.346
5.462
5.433
5.353
5.328
5.342
5.249
5.072
4.931
4.861
4.808
4.788
4.865
5.088
5.437
5.823
6.158
6.442
6.63
6.539
6.052
5.382
4.75
4.248
4.047
4.162
4.428
4.768
5.169
5.58
5.902
5.984
5.73
5.365
5.108
4.827
4.382
3.913
3.688
3.749
3.992
4.355
4.827
5.289
5.521
5.403
5.088
4.75
4.398
4.028
3.702
3.457
3.332
3.339
3.457
3.647
3.845
4.022
4.26
4.564
4.802
4.795
4.607
4.493
4.505
4.339
3.863
3.368
3.193
3.384
3.781
4.192
4.545
4.852
4.99
4.825
4.466
4.047
3.663
3.375
3.212
3.076
2.915
2.912
3.132
3.352
3.362
3.318
3.448
3.665
3.697
3.432
3.08
2.783
2.488
2.114
1.696
1.492
1.654
2.1
2.608
2.937
3.003
2.935
2.808
2.502
1.957
1.386
0.946
0.54
0.095
-0.215
-0.172
0.197
0.687
1.032
1.097
1.037
0.925
0.651
0.236
-0.213
-0.621
-0.871
-0.862
-0.8
-0.927
-1.089
-0.993
-0.667
-0.399
-0.265
-0.192
-0.186
-0.297
-0.549
-0.934
-1.406
-1.817
-1.962
-1.88
-1.717
-1.531
-1.381
-1.29
-1.241
-1.275
-1.359
-1.413
-1.476
-1.658
-1.953
-2.105
-2.03
-1.892
-1.83
-1.801
-1.694
-1.433
-1.063
-0.785
-0.782
-1.007
-1.216
-1.417
-1.803
-2.325
-2.681
-2.695
-2.504
-2.295
-2.107
-1.839
-1.485
-1.241
-1.202
-1.315
-1.517
-1.765
-2.118
-2.629
-3.189
-3.572
-3.584
-3.296
-2.942
-2.654
-2.352
-1.944
-1.588
-1.574
-2.066
-2.797
-3.343
-3.595
-3.84
-4.208
-4.414
-4.269
-3.951
-3.695
-3.5
-3.341
-3.348
-3.615
-4.09
-4.663
-5.174
-5.491
-5.618
-5.541
-5.208
-4.743
-4.362
-4.178
-4.228
-4.428
-4.609
-4.695
-4.845
-5.192
-5.62
-5.9
-5.9
-5.752
-5.639
-5.582
-5.503
-5.373
-5.278
-5.337
-5.643
-6.14
-6.605
-6.857
-6.864
-6.762
-6.68
-6.555
-6.333
-6.135
-6.138
-6.308
-6.533
-6.798
-7.077
-7.213
-7.125
-6.968
-6.955
-7.011
-6.929
-6.757
-6.621
-6.553
-6.616
-6.893
-7.175
-7.227
-7.181
-7.272
-7.465
-7.485
-7.238
-6.991
-6.975
-7.082
-7.141
-7.181
-7.227
-7.277
-7.304
-7.308
-7.322
-7.342
-7.383
-7.515
-7.617
-7.553
-7.462
-7.537
-7.703
-7.753
-7.646
-7.537
-7.481
-7.474
-7.435
-7.277
-7.118
-7.156
-7.385
-7.669
-7.873
-7.959
-7.991
-8.009
-7.916
-7.687
-7.462
-7.424
-7.483
-7.528
-7.585
-7.658
-7.626
-7.467
-7.324
-7.281
-7.274
-7.263
-7.308
-7.326
-7.222
-7.048
-6.936
-6.882
-6.802
-6.739
-6.832
-7.125
-7.399
-7.533
-7.569
-7.605
-7.623
-7.535
-7.351
-7.118
-6.882
-6.748
-6.762
-6.859
-7.004
-7.213
-7.497
-7.792
-7.914
-7.764
-7.528
-7.438
-7.535
-7.758
-7.957
-8.034
-8.064
-8.166
-8.302
-8.352
-8.295
-8.213
-8.188
-8.259
-8.29
-8.295
-8.333
-8.34
-8.277
-8.168
-8.066
-8.014
-7.934
-7.773
-7.692
-7.841
-8.145
-8.363
-8.361
-8.211
-8.046
-7.957
-7.943
-7.923
-7.864
-7.839
-8.011
-8.386
-8.851
-9.22
-9.368
-9.445
-9.665
-9.894
-9.837
-9.475
-9.098
-8.921
-8.973
-9.134
-9.277
-9.386
-9.54
-9.744
-9.896
-9.935
-9.858
-9.731
-9.624
-9.581
-9.524
-9.363
-9.125
-8.887
-8.663
-8.392
-8.157
-8.095
-8.123
-8.027
-7.821
-7.712
-7.762
-7.841
-7.769
-7.589
-7.483
-7.56
-7.741
-7.739
-7.356
-6.857
-6.623
-6.505
-6.145
-5.507
-4.874
-4.486
-4.423
-4.627
-4.895
-5.119
-5.344
-5.555
-5.564
-5.326
-5.011
-4.681
-4.298
-3.926
-3.788
-3.954
-4.244
-4.45
-4.464
-4.446
-4.591
-4.838
-4.945
-4.802
-4.575
-4.539
-4.706
-4.845
-4.89
-4.947
-5.124
-5.437
-5.696
-5.668
-5.448
-5.23
-5.045
-4.868
-4.736
-4.702
-4.834
-5.065
-5.342
-5.761
-6.36
-7.004
-7.54
-7.816
-7.78
-7.526
-7.222
-6.991
-6.796
-6.567
-6.428
-6.544
-6.966
-7.565
-8.03
-8.204
-8.216
-8.191
-8.039
-7.63
-7.027
-6.512
-6.258
-6.249
-6.406
-6.716
-7.15
-7.576
-7.891
-8.086
-8.102
-7.853
-7.492
-7.143
-6.777
-6.446
-6.233
-6.179
-6.294
-6.623
-7.043
-7.338
-7.487
-7.608
-7.628
-7.453
-7.206
-6.986
-6.68
-6.208
-5.687
-5.321
-5.212
-5.208
-5.183
-5.21
-5.38
-5.616
-5.761
-5.725
-5.555
-5.289
-4.954
-4.589
-4.341
-4.269
-4.223
-4.14
-4.155
-4.278
-4.335
-4.226
-4.005
-3.699
-3.309
-2.962
-2.785
-2.751
-2.751
-2.758
-2.842
-2.994
-3.048
-2.862
-2.488
-2.075
-1.69
-1.293
-0.862
-0.456
-0.166
-0.02
0.043
0.022
-0.149
-0.478
-0.816
-1.097
-1.345
-1.524
-1.556
-1.422
-1.093
-0.651
-0.274
-0.027
0.118
0.141
0.063
-0.061
-0.243
-0.431
-0.524
-0.458
-0.277
-0.098
0.022
0.138
0.277
0.372
0.263
-0.007
-0.249
-0.444
-0.601
-0.651
-0.558
-0.351
-0.075
0.217
0.444
0.574
0.569
0.388
0.104
-0.217
-0.596
-0.939
-1.057
-0.918
-0.639
-0.306
0.141
0.721
1.263
1.646
1.871
2.053
2.277
2.536
2.715
2.81
2.887
2.978
3.087
3.221
3.386
3.584
3.84
4.201
4.52
4.672
4.759
4.8
4.734
4.566
4.35
4.228
4.312
4.523
4.702
4.825
5.011
5.258
5.369
5.244
5.033
4.94
5.038
5.258
5.507
5.82
6.172
6.421
6.487
6.449
6.374
6.253
6.129
6.129
6.217
6.206
6.061
5.902
5.743
5.58
5.376
5.135
4.965
4.884
4.804
4.661
4.552
4.53
4.548
4.493
4.35
4.128
3.949
3.951
4.153
4.371
4.398
4.176
3.911
3.704
3.332
2.763
2.218
1.919
1.896
2.032
2.239
2.479
2.656
2.681
2.547
2.193
1.69
1.243
0.857
0.404
-0.066
-0.336
-0.338
-0.19
-0.079
-0.088
-0.145
-0.195
-0.342
-0.619
-0.934
-1.218
-1.402
-1.411
-1.345
-1.359
-1.483
-1.556
-1.454
-1.315
-1.315
-1.451
-1.501
-1.431
-1.413
-1.524
-1.699
-1.851
-1.93
-1.901
-1.776
-1.554
-1.182
-0.646
-0.143
0.066
-0.154
-0.644
-1.17
-1.654
-2.062
-2.313
-2.325
-2.123
-1.792
-1.415
-1.082
-0.855
-0.717
-0.574
-0.317
-0.029
0.118
0.113
0.07
0.07
0.149
0.249
0.288
0.236
0.179
0.249
0.537
0.939
1.232
1.368
1.406
1.397
1.37
1.329
1.304
1.318
1.377
1.499
1.658
1.787
1.846
1.799
1.665
1.558
1.526
1.533
1.476
1.42
1.574
1.982
2.425
2.742
2.912
2.964
2.921
2.865
2.824
2.756
2.676
2.64
2.64
2.604
2.463
2.243
2.105
2.118
2.13
2.048
1.923
1.837
1.722
1.479
1.157
0.868
0.712
0.658
0.617
0.621
0.762
0.944
0.984
0.864
0.678
0.485
0.274
0.061
-0.063
-0.093
-0.061
0.043
0.168
0.204
0.118
-0.009
-0.007
0.088
0.068
-0.111
-0.329
-0.544
-0.821
-1.204
-1.662
-2.03
-2.205
-2.198
-2.048
-1.833
-1.701
-1.667
-1.671
-1.722
-1.876
-2.1
-2.254
-2.291
-2.322
-2.398
-2.422
-2.379
-2.322
-2.218
-2.025
-1.821
-1.708
-1.71
-1.76
-1.739
-1.658
-1.592
-1.565
-1.565
-1.567
-1.552
-1.483
-1.349
-1.22
-1.154
-1.164
-1.288
-1.445
-1.524
-1.62
-1.756
-1.778
-1.61
-1.304
-0.944
-0.569
-0.256
0.063
0.499
0.946
1.143
1.018
0.762
0.599
0.553
0.526
0.478
0.508
0.61
0.714
0.812
0.902
1.021
1.152
1.32
1.447
1.427
1.29
1.059
0.805
0.596
0.483
0.463
0.551
0.746
0.989
1.218
1.39
1.479
1.542
1.601
1.631
1.662
1.656
1.533
1.37
1.309
1.32
1.354
1.467
1.699
2.007
2.234
