Unnamed: 3
Value
-0.948
-0.984
-0.984
-0.941
-0.928
-0.93
-0.878
-0.844
-0.882
-0.885
-0.851
-0.871
-0.934
-0.987
-0.991
-0.966
-0.946
-0.95
-0.978
-1.003
-1.021
-0.982
-0.914
-0.946
-1.018
-1.005
-0.941
-0.907
-0.894
-0.851
-0.83
-0.83
-0.812
-0.794
-0.794
-0.83
-0.871
-0.896
-0.887
-0.864
-0.923
-1.041
-1.08
-1.043
-1.014
-0.944
-0.851
-0.817
-0.826
-0.798
-0.767
-0.798
-0.88
-0.98
-1.048
-1.046
-0.998
-0.912
-0.826
-0.828
-0.851
-0.783
-0.737
-0.785
-0.862
-0.941
-0.989
-0.968
-0.9
-0.844
-0.819
-0.807
-0.758
-0.66
-0.538
-0.501
-0.617
-0.746
-0.796
-0.862
-0.937
-0.987
-1.005
-0.989
-0.919
-0.812
-0.721
-0.687
-0.714
-0.714
-0.687
-0.712
-0.821
-0.953
-1.055
-1.109
-1.096
-1.016
-0.978
-1.039
-1.109
-1.107
-1.073
-1.064
-1.132
-1.245
-1.35
-1.386
-1.375
-1.331
-1.241
-1.166
-1.173
-1.15
-1.096
-1.127
-1.236
-1.345
-1.427
-1.517
-1.59
-1.633
-1.642
-1.631
-1.613
-1.574
-1.54
-1.542
-1.588
-1.631
-1.685
-1.756
-1.765
-1.692
-1.674
-1.713
-1.728
-1.749
-1.792
-1.842
-1.905
-1.98
-2.066
-2.123
-2.119
-2.087
-2.041
-2.037
-2.105
-2.13
-2.094
-2.082
-2.103
-2.094
-2.096
-2.137
-2.15
-2.157
-2.225
-2.352
-2.493
-2.554
-2.538
-2.531
-2.554
-2.556
-2.565
-2.613
-2.611
-2.577
-2.584
-2.618
-2.627
-2.615
-2.613
-2.62
-2.647
-2.699
-2.774
-2.847
-2.881
-2.86
-2.804
-2.79
-2.824
-2.749
-2.615
-2.595
-2.649
-2.686
-2.713
-2.751
-2.77
-2.774
-2.797
-2.833
-2.847
-2.817
-2.772
-2.751
-2.742
-2.763
-2.797
-2.779
-2.699
-2.652
-2.663
-2.674
-2.688
-2.686
-2.656
-2.615
-2.604
-2.638
-2.649
-2.581
-2.472
-2.379
-2.37
-2.461
-2.525
-2.525
-2.525
-2.563
-2.588
-2.595
-2.579
-2.554
-2.534
-2.513
-2.522
-2.565
-2.609
-2.631
-2.656
-2.652
-2.615
-2.661
-2.692
-2.633
-2.545
-2.52
-2.529
-2.54
-2.552
-2.565
-2.57
-2.624
-2.722
-2.831
-2.924
-2.946
-2.888
-2.822
-2.819
-2.819
-2.745
-2.652
-2.618
-2.62
-2.636
-2.69
-2.77
-2.849
-2.91
-2.965
-3.042
-3.103
-3.128
-3.119
-3.044
-2.933
-2.883
-2.906
-2.912
-2.867
-2.854
-2.899
-2.956
-2.983
-2.971
-2.937
-2.883
-2.851
-2.899
-2.99
-3.06
-3.055
-3.028
-3.062
-3.151
-3.196
-3.164
-3.135
-3.114
-3.101
-3.092
-3.092
-3.085
-3.071
-3.078
-3.133
-3.232
-3.346
-3.432
-3.473
-3.484
-3.504
-3.554
-3.536
-3.43
-3.328
-3.303
-3.337
-3.368
-3.38
-3.357
-3.337
-3.325
-3.325
-3.35
-3.377
-3.398
-3.373
-3.377
-3.466
-3.536
-3.527
-3.486
-3.464
-3.461
-3.439
-3.393
-3.368
-3.377
-3.393
-3.405
-3.457
-3.534
-3.611
-3.656
-3.618
-3.543
-3.534
-3.554
-3.516
-3.43
-3.355
-3.316
-3.33
-3.35
-3.362
-3.384
-3.418
-3.47
-3.529
-3.566
-3.557
-3.504
-3.434
-3.377
-3.368
-3.368
-3.368
-3.375
-3.382
-3.373
-3.373
-3.357
-3.332
-3.328
-3.305
-3.264
-3.282
-3.364
-3.459
-3.482
-3.448
-3.445
-3.466
-3.436
-3.352
-3.246
-3.137
-3.08
-3.069
-3.087
-3.112
-3.101
-3.073
-3.089
-3.189
-3.3
-3.346
-3.323
-3.3
-3.294
-3.259
-3.198
-3.133
-3.067
-3.012
-2.994
-3.035
-3.089
-3.128
-3.151
-3.162
-3.207
-3.278
-3.352
-3.38
-3.332
-3.269
-3.253
-3.262
-3.253
-3.214
-3.135
-3.062
-3.044
-3.064
-3.062
-3.037
-3.005
-3.008
-3.071
-3.141
-3.157
-3.153
-3.173
-3.205
-3.232
-3.259
-3.257
-3.21
-3.144
-3.08
-3.035
-3.028
-3.044
-3.03
-3.001
-3.039
-3.164
-3.291
-3.359
-3.362
-3.334
-3.262
-3.214
-3.228
-3.228
-3.146
-3.021
-2.958
-2.974
-3.01
-3.003
-2.928
-2.878
-2.903
-2.978
-3.039
-3.064
-3.094
-3.114
-3.103
-3.078
-3.026
-2.933
-2.835
-2.77
-2.726
-2.729
-2.765
-2.797
-2.735
-2.64
-2.611
-2.638
-2.658
-2.64
-2.599
-2.574
-2.579
-2.618
-2.638
-2.57
-2.432
-2.316
-2.282
-2.282
-2.261
-2.205
-2.137
-2.123
-2.189
-2.284
-2.316
-2.284
-2.264
-2.25
-2.252
-2.252
-2.237
-2.196
-2.143
-2.107
-2.087
-2.105
-2.141
-2.15
-2.114
-2.071
-2.094
-2.164
-2.196
-2.173
-2.107
-2.037
-2.028
-2.069
-2.082
-2.019
-1.96
-1.962
-2.005
-2.057
-2.075
-2.057
-1.996
-1.976
-2.023
-2.055
-2.032
-2.019
-2.078
-2.155
-2.198
-2.234
-2.264
-2.277
-2.248
-2.182
-2.139
-2.137
-2.146
-2.137
-2.13
-2.162
-2.218
-2.271
-2.277
-2.248
-2.207
-2.168
-2.15
-2.148
-2.109
-2.05
-2.057
-2.148
-2.209
-2.237
-2.257
-2.252
-2.241
-2.248
-2.268
-2.221
-2.121
-2.046
-1.989
-1.944
-1.905
-1.887
-1.885
-1.896
-1.935
-1.978
-2.005
-2.044
-2.053
-1.987
-1.855
-1.74
-1.681
-1.644
-1.574
-1.495
-1.454
-1.456
-1.497
-1.526
-1.513
-1.511
-1.522
-1.524
-1.504
-1.483
-1.477
-1.458
-1.406
-1.365
-1.372
-1.399
-1.379
-1.302
-1.254
-1.218
-1.152
-1.089
-1.055
-1.028
-0.998
-1.012
-1.034
-1.046
-1.057
-1.05
-0.982
-0.944
-0.964
-0.975
-0.932
-0.848
-0.751
-0.674
-0.646
-0.624
-0.578
-0.556
-0.581
-0.61
-0.633
-0.651
-0.685
-0.71
-0.708
-0.676
-0.664
-0.64
-0.553
-0.481
-0.449
-0.438
-0.463
-0.485
-0.479
-0.44
-0.422
-0.465
-0.497
-0.522
-0.535
-0.508
-0.465
-0.492
-0.585
-0.649
-0.637
-0.587
-0.562
-0.617
-0.708
-0.78
-0.789
-0.714
-0.649
-0.66
-0.683
-0.683
-0.676
-0.658
-0.608
-0.583
-0.621
-0.703
-0.778
-0.81
-0.814
-0.828
-0.828
-0.796
-0.699
-0.585
-0.492
-0.431
-0.456
-0.524
-0.513
-0.442
-0.406
-0.433
-0.479
-0.494
-0.445
-0.399
-0.399
-0.445
-0.451
-0.395
-0.365
-0.333
-0.27
-0.236
-0.227
-0.141
-0.002
0.113
0.152
0.152
0.172
0.209
0.22
0.193
0.168
0.129
0.088
0.082
0.107
0.17
0.24
0.263
0.254
0.281
0.356
0.399
0.343
0.268
0.27
0.29
0.338
0.397
0.397
0.32
0.272
0.299
0.333
0.336
0.302
0.247
0.193
0.168
0.218
0.345
0.415
0.381
0.354
0.42
0.508
0.508
0.415
0.313
0.259
0.227
0.172
0.095
0.009
-0.025
-0.011
0.048
0.125
0.17
0.188
0.227
0.286
0.356
0.401
0.381
0.306
0.288
0.329
0.343
0.313
0.227
0.111
0.043
0.054
0.095
0.111
0.116
0.152
0.209
0.281
0.358
0.379
0.338
0.347
0.354
0.32
0.304
0.274
0.202
0.111
0.088
0.156
0.24
0.268
0.265
0.274
0.297
0.295
0.333
0.372
0.322
0.261
0.265
0.315
0.377
0.415
0.381
0.308
0.293
0.317
0.283
0.215
0.249
0.351
0.372
0.377
0.411
0.426
0.392
0.327
0.311
0.381
0.49
0.562
0.617
0.68
0.717
0.744
0.746
0.664
0.578
0.558
0.562
0.556
0.56
0.56
0.56
0.594
0.63
0.608
0.567
0.635
0.783
0.841
0.864
0.923
0.941
0.885
0.794
0.68
0.581
0.501
0.476
0.479
0.51
0.54
0.617
0.755
0.801
0.737
0.69
0.714
0.769
0.792
0.78
0.714
0.64
0.578
0.528
0.46
0.415
0.422
0.401
0.401
0.451
0.492
0.56
0.628
0.66
0.68
0.712
0.73
0.717
0.685
0.624
0.601
0.633
0.592
0.506
0.438
0.408
0.411
0.445
0.492
0.547
0.612
0.678
0.708
0.669
0.635
0.637
0.578
0.494
0.479
0.499
0.533
0.599
0.653
0.687
0.714
0.733
0.714
0.671
0.603
0.538
0.551
0.567
0.522
0.49
0.535
0.642
0.758
0.828
0.814
0.785
0.803
0.832
0.758
0.64
0.592
0.544
0.449
0.397
0.413
0.46
0.565
0.701
0.857
0.991
1.077
1.082
1.032
0.993
0.925
0.798
0.701
0.685
0.662
0.569
0.547
0.651
0.769
0.783
0.742
0.762
0.826
0.851
0.835
0.826
0.841
0.81
0.703
0.637
0.701
0.753
0.73
0.758
0.857
0.9
0.855
0.787
0.737
0.656
0.56
0.492
0.435
0.408
0.451
0.59
0.807
0.966
0.98
0.955
0.962
0.873
0.696
0.572
0.479
0.395
0.306
0.249
0.259
0.329
0.367
0.399
0.528
0.717
0.835
0.848
0.857
0.894
0.841
0.694
0.592
0.526
0.422
0.327
0.306
0.367
0.46
0.535
0.569
0.628
0.733
0.832
0.916
0.941
0.871
0.803
0.798
0.789
0.712
0.658
0.653
0.656
0.658
0.674
0.694
0.724
0.762
0.803
0.814
0.769
0.69
0.578
0.519
0.601
0.714
0.773
0.83
0.882
0.909
0.95
0.984
0.975
0.898
0.785
0.644
0.497
0.406
0.406
0.472
0.574
0.658
0.746
0.891
1.021
1.005
0.944
0.928
0.882
0.785
0.646
0.463
0.302
0.2
0.177
0.227
0.322
0.395
0.406
0.431
0.565
0.721
0.739
0.656
0.562
0.456
0.356
0.302
0.288
0.295
0.349
0.435
0.504
0.542
0.547
0.528
0.54
0.56
0.519
0.472
0.433
0.333
0.231
0.231
0.327
0.422
0.485
0.531
0.528
0.472
0.433
0.424
0.372
0.259
0.098
-0.075
-0.107
-0.016
0.023
0.036
0.154
0.299
0.37
0.381
0.39
0.408
0.392
0.333
0.259
0.145
0.007
-0.132
-0.215
-0.202
-0.166
-0.113
-0.039
-0.007
-0.057
-0.082
-0.016
0.045
0.039
-0.041
-0.181
-0.304
-0.347
-0.347
-0.356
-0.372
-0.345
-0.329
-0.306
-0.184
-0.041
0.041
0.093
0.138
0.113
0.034
-0.079
-0.181
-0.249
-0.274
-0.256
-0.179
-0.07
0.041
0.138
0.243
0.329
0.397
0.433
0.361
0.138
-0.066
-0.152
-0.172
-0.159
-0.082
0.043
0.147
0.22
0.324
0.474
0.583
0.581
0.488
0.363
0.279
0.209
0.102
0.029
0.066
0.143
0.179
0.22
0.315
0.451
0.59
0.703
0.771
0.742
0.628
0.483
0.311
0.211
0.186
0.161
0.147
0.197
0.283
0.404
0.565
0.708
0.81
0.851
0.81
0.683
0.547
0.467
0.379
0.293
0.254
0.245
0.281
0.34
0.415
0.528
0.678
0.812
0.896
0.869
0.76
0.692
0.61
0.463
0.388
0.449
0.54
0.585
0.592
0.64
0.719
0.78
0.76
0.69
0.68
0.705
0.687
0.676
0.678
0.685
0.692
0.699
0.712
0.753
0.83
0.905
0.991
1.034
1.028
1.003
0.925
0.835
0.783
0.742
0.71
0.69
0.66
0.615
0.615
0.651
0.667
0.705
0.78
0.787
0.728
0.674
0.63
0.621
0.624
0.61
0.612
0.637
0.669
0.714
0.783
0.891
1.037
1.071
0.962
0.835
0.739
0.653
0.583
0.547
0.553
0.608
0.696
0.776
0.846
0.982
1.145
1.232
1.252
1.238
1.184
1.1
1.016
0.973
0.968
0.962
0.968
1.028
1.111
1.236
1.422
1.565
1.604
1.579
1.522
1.447
1.386
1.338
1.307
1.32
1.365
1.388
1.409
1.52
1.649
1.756
1.86
1.926
1.901
1.833
1.778
1.753
1.742
1.715
1.722
1.81
1.917
2.016
2.1
2.143
2.196
2.243
2.216
2.128
2.06
2.037
2.026
1.994
1.948
1.933
1.992
2.162
2.37
2.561
2.686
2.695
2.656
2.618
2.584
2.511
2.373
2.245
2.23
2.266
2.3
2.348
2.443
2.552
2.636
2.717
2.806
2.849
2.824
2.74
2.672
2.613
2.547
2.452
2.402
2.422
2.488
2.62
2.754
2.804
2.817
2.847
2.924
3.005
3.01
2.937
2.856
2.817
2.842
2.906
2.956
2.987
2.99
2.965
2.962
2.994
2.953
2.833
2.733
2.692
2.713
2.758
2.856
2.969
3.067
3.155
3.225
3.239
3.164
3.044
2.951
2.892
2.854
2.854
2.865
2.822
2.779
2.824
2.937
3.092
3.21
3.248
3.273
3.312
3.303
3.198
3.015
2.794
2.615
2.57
2.631
2.76
2.906
3.046
3.164
3.237
3.264
3.255
3.162
2.992
2.854
2.838
2.844
2.828
2.878
2.974
3.078
3.178
3.237
3.264
3.257
3.191
3.06
2.91
2.745
2.561
2.434
2.447
2.545
2.67
2.842
3.03
3.169
3.237
3.248
3.228
3.121
2.894
2.645
2.477
2.373
2.302
2.323
2.484
2.701
2.838
2.924
3.008
3.051
3.001
2.874
2.724
2.563
2.445
2.402
2.413
2.45
2.538
2.683
2.779
2.779
2.758
2.772
2.772
2.72
2.588
2.472
2.42
2.377
2.37
2.515
2.756
2.926
3.005
3.076
3.13
3.112
3.001
2.826
2.665
2.547
2.49
2.531
2.661
2.831
3.019
3.173
3.282
3.316
3.275
3.205
3.11
2.962
2.833
2.765
2.701
2.645
2.674
2.867
3.071
3.157
3.178
3.248
3.348
3.366
3.3
3.203
3.08
2.949
2.869
2.876
2.928
3.017
3.133
3.223
3.239
3.182
3.114
3.092
3.046
2.956
2.878
2.847
2.847
2.883
2.958
3.051
3.089
3.089
3.089
3.067
2.965
2.824
2.722
2.652
2.599
2.615
2.692
2.758
2.815
2.924
3.026
3.051
2.985
2.883
2.813
2.724
2.602
2.518
2.461
2.434
2.452
2.531
2.688
2.858
2.926
2.91
2.901
2.901
2.856
2.77
2.656
2.547
2.502
2.497
2.538
2.649
2.788
2.858
2.854
2.808
2.72
2.604
2.506
2.45
2.427
2.443
2.486
2.554
2.62
2.672
2.754
2.788
2.699
2.57
2.456
2.375
2.32
2.298
2.325
2.368
2.411
2.479
2.579
2.663
2.711
2.785
2.842
2.785
2.627
2.463
2.343
2.225
2.087
2.032
2.091
2.205
2.35
2.536
2.654
2.67
2.602
2.522
2.434
2.28
2.084
1.933
1.883
1.921
1.996
2.105
2.232
2.339
2.395
2.388
2.309
2.182
2.044
1.953
1.889
1.844
1.812
1.808
1.824
1.901
2.082
2.264
2.3
2.221
2.143
2.112
1.969
1.703
1.474
1.354
1.304
1.32
1.431
1.576
1.694
1.819
1.953
2.01
1.937
1.753
1.542
1.404
1.322
1.193
1.057
1.025
1.132
1.3
1.427
1.488
1.52
1.554
1.581
1.554
1.483
1.402
1.293
1.161
1.059
1.071
1.173
1.263
1.313
1.379
1.474
1.486
1.384
1.322
1.343
1.343
1.27
1.159
1.091
1.071
1.096
1.191
1.307
1.365
1.341
1.293
1.27
1.236
1.125
1.034
1.043
1.064
1.028
0.98
0.996
1.089
1.22
1.361
1.44
1.397
1.286
1.189
1.159
1.143
1.064
0.928
0.835
0.828
0.851
0.891
0.95
1.028
1.139
1.247
1.293
1.25
1.143
0.993
0.814
0.678
0.581
0.465
0.411
0.474
0.596
0.73
0.862
0.941
0.968
0.978
0.955
0.878
0.769
0.674
0.608
0.565
0.56
0.606
0.626
0.612
0.651
0.701
0.694
0.642
0.612
0.59
0.519
0.411
0.279
0.172
0.143
0.161
0.238
0.401
0.533
0.569
0.576
0.556
0.497
0.39
0.243
0.093
-0.025
-0.1
-0.093
-0.027
0.084
0.274
0.447
0.497
0.476
0.447
0.386
0.243
0.057
-0.061
-0.125
-0.209
-0.281
-0.268
-0.166
-0.082
-0.009
0.12
0.215
0.195
0.088
-0.066
-0.247
-0.363
-0.401
-0.426
-0.46
-0.413
-0.234
-0.066
0.011
0.109
0.175
0.113
-0.045
-0.234
-0.411
-0.556
-0.667
-0.692
-0.578
-0.388
-0.236
-0.159
-0.077
-0.045
-0.102
-0.17
-0.222
-0.338
-0.506
-0.651
-0.696
-0.624
-0.506
-0.367
-0.236
-0.098
0.011
-0.004
-0.138
-0.243
-0.322
-0.485
-0.662
-0.776
-0.81
-0.753
-0.637
-0.504
-0.365
-0.249
-0.204
-0.247
-0.329
-0.504
-0.764
-0.923
-0.941
-0.941
-0.968
-0.968
-0.903
-0.755
-0.569
-0.447
-0.479
-0.617
-0.728
-0.848
-1.055
-1.184
-1.186
-1.202
-1.204
-1.082
-0.909
-0.835
-0.878
-0.957
-0.993
-1.037
-1.191
-1.427
-1.567
-1.61
-1.674
-1.663
-1.497
-1.315
-1.227
-1.191
-1.13
-1.107
-1.195
-1.363
-1.522
-1.622
-1.656
-1.708
-1.817
-1.874
-1.781
-1.644
-1.54
-1.468
-1.399
-1.372
-1.429
-1.558
-1.658
-1.733
-1.81
-1.905
-1.937
-1.876
-1.796
-1.717
-1.595
-1.481
-1.431
-1.49
-1.61
-1.719
-1.776
-1.839
-1.912
-1.903
-1.769
-1.608
-1.542
-1.522
-1.458
-1.413
-1.454
-1.524
-1.581
-1.631
-1.722
-1.835
-1.878
-1.849
-1.801
-1.776
-1.715
-1.601
-1.533
-1.522
-1.481
-1.47
-1.531
-1.624
-1.713
-1.765
-1.771
-1.767
-1.771
-1.733
-1.622
-1.495
-1.413
-1.418
-1.538
-1.685
-1.76
-1.805
-1.853
-1.88
-1.889
-1.851
-1.751
-1.647
-1.624
-1.658
-1.694
-1.719
-1.785
-1.889
-2.01
-2.114
-2.141
-2.114
-2.128
-2.15
-2.055
-1.942
-1.93
-1.98
-2.021
-2.055
-2.091
-2.123
-2.175
-2.214
-2.205
-2.205
-2.221
-2.221
-2.18
-2.13
-2.159
-2.216
-2.266
-2.364
-2.468
-2.525
-2.531
-2.495
-2.461
-2.461
-2.447
-2.388
-2.314
-2.275
-2.298
-2.361
-2.456
-2.57
-2.633
-2.667
-2.731
-2.749
-2.606
-2.393
-2.277
-2.227
-2.221
-2.225
-2.232
-2.234
-2.257
-2.345
-2.452
-2.518
-2.52
-2.484
-2.379
-2.268
-2.245
-2.248
-2.239
-2.277
-2.325
-2.343
-2.329
-2.309
-2.323
-2.368
-2.407
-2.386
-2.3
-2.2
-2.134
-2.087
-2.053
-2.06
-2.078
-2.132
-2.271
-2.359
-2.289
-2.243
-2.305
-2.357
-2.332
-2.289
-2.225
-2.119
-2.023
-2.012
-2.073
-2.143
-2.177
-2.177
-2.166
-2.223
-2.357
-2.416
-2.359
-2.339
-2.364
-2.379
-2.379
-2.341
-2.293
-2.277
-2.323
-2.395
-2.427
-2.359
-2.286
-2.339
-2.5
-2.627
-2.633
-2.663
-2.79
-2.844
-2.77
-2.69
-2.677
-2.665
-2.654
-2.667
-2.683
-2.704
-2.745
-2.833
-2.919
-2.962
-2.99
-2.98
-2.926
-2.906
-2.942
-2.944
-2.906
-2.94
-3.033
-3.058
-3.017
-3.015
-3.098
-3.194
-3.216
-3.214
-3.244
-3.235
-3.16
-3.089
-3.101
-3.128
-3.114
-3.146
-3.278
-3.38
-3.402
-3.445
-3.507
-3.52
-3.47
-3.366
-3.221
-3.073
-2.98
-2.942
-2.933
-2.965
-3.035
-3.062
-3.035
-3.105
-3.248
-3.282
-3.187
-3.101
-3.085
-3.064
-3.005
-2.926
-2.878
-2.869
-2.901
-2.937
-2.965
-2.99
-2.992
-3.008
-3.064
-3.126
-3.096
-3.021
-2.951
-2.849
-2.738
-2.708
-2.76
-2.849
-2.926
-2.96
-2.956
-2.962
-2.967
-2.935
-2.858
-2.756
-2.656
-2.568
-2.529
-2.597
-2.722
-2.772
-2.833
-2.971
-3.121
-3.173
-3.133
-3.067
-3.015
-3.001
-2.974
-2.928
-2.89
-2.858
-2.833
-2.858
-2.937
-2.99
-3.008
-3.067
-3.153
-3.175
-3.189
-3.244
-3.284
-3.294
-3.287
-3.273
-3.25
-3.239
-3.225
-3.205
-3.187
-3.155
-3.16
-3.212
-3.214
-3.194
-3.262
-3.348
-3.409
-3.459
-3.5
-3.55
-3.579
-3.554
-3.52
-3.457
-3.359
-3.339
-3.368
-3.328
-3.269
-3.262
-3.273
-3.309
-3.357
-3.382
-3.368
-3.343
-3.316
-3.287
-3.318
-3.396
-3.42
-3.411
-3.407
-3.364
-3.303
-3.253
-3.189
-3.13
-3.128
-3.167
-3.223
-3.248
-3.241
-3.235
-3.194
-3.133
-3.119
-3.153
-3.157
-3.141
-3.133
-3.155
-3.196
-3.212
-3.146
-3.046
-2.996
-2.942
-2.892
-2.901
-2.933
-2.917
-2.888
-2.903
-2.985
-3.073
-3.123
-3.151
-3.212
-3.25
-3.275
-3.278
-3.196
-3.06
-2.944
-2.883
-2.874
-2.869
-2.817
-2.758
-2.77
-2.808
-2.808
-2.835
-2.953
-3.039
-3.071
-3.103
-3.117
-3.153
-3.219
-3.275
-3.298
-3.305
-3.3
-3.269
-3.173
-3.035
-2.974
-2.96
-2.915
-2.899
-2.958
-3.06
-3.178
-3.305
-3.411
-3.484
-3.509
-3.439
-3.305
-3.198
-3.128
-3.06
-3.03
-3.005
-2.924
-2.858
-2.867
-2.96
-3.067
-3.167
-3.253
-3.328
-3.35
-3.377
-3.407
-3.341
-3.235
-3.219
-3.235
-3.173
-3.058
-2.967
-2.906
-2.878
-2.856
-2.813
-2.783
-2.779
-2.788
-2.833
-2.912
-3.01
-3.105
-3.169
-3.139
-3.035
-2.951
-2.944
-2.951
-2.919
-2.869
-2.865
-2.847
-2.749
-2.677
-2.699
-2.74
-2.76
-2.77
-2.758
-2.724
-2.708
-2.665
-2.581
-2.565
-2.629
-2.652
-2.62
-2.586
-2.561
-2.563
-2.568
-2.54
-2.495
-2.422
-2.364
-2.327
-2.316
-2.359
-2.481
-2.586
-2.581
-2.561
-2.584
-2.597
-2.574
-2.536
-2.495
-2.436
-2.316
-2.162
-2.055
-2.069
-2.132
-2.159
-2.218
-2.289
-2.364
-2.429
-2.447
-2.45
-2.47
-2.484
-2.463
-2.407
-2.345
-2.336
-2.357
-2.32
-2.284
-2.318
-2.368
-2.382
-2.361
-2.341
-2.298
-2.211
-2.089
-1.994
-1.96
-1.994
-2.057
-2.153
-2.234
-2.277
-2.309
-2.314
-2.259
-2.153
-2.039
-1.955
-1.937
-1.948
-1.93
-1.946
-1.976
-1.996
-2.035
-2.098
-2.159
-2.184
-2.171
-2.139
-2.08
-1.958
-1.787
-1.66
-1.615
-1.629
-1.644
-1.681
-1.76
-1.871
-1.951
-1.996
-1.994
-1.905
-1.742
-1.57
-1.429
-1.375
-1.415
-1.481
-1.513
-1.513
-1.52
-1.549
-1.542
-1.506
-1.499
-1.465
-1.359
-1.277
-1.273
-1.286
-1.27
-1.209
-1.17
-1.177
-1.186
-1.182
-1.211
-1.236
-1.204
-1.109
-1
-0.887
-0.812
-0.787
-0.801
-0.819
-0.828
-0.871
-0.939
-1.012
-1.052
-1.032
-1.007
-0.953
-0.851
-0.758
-0.687
-0.692
-0.751
-0.823
-0.866
-0.875
-0.885
-0.896
-0.88
-0.855
-0.844
-0.823
-0.719
-0.621
-0.578
-0.569
-0.596
-0.606
-0.576
-0.565
-0.61
-0.644
-0.621
-0.562
-0.494
-0.429
-0.372
-0.329
-0.29
-0.283
-0.315
-0.365
-0.424
-0.483
-0.533
-0.567
-0.574
-0.506
-0.408
-0.308
-0.186
-0.082
-0.061
-0.102
-0.154
-0.193
-0.234
-0.295
-0.392
-0.465
-0.483
-0.417
-0.279
-0.113
0.059
0.195
0.256
0.261
0.229
0.206
0.188
0.122
0.016
-0.073
-0.084
-0.032
0.086
0.272
0.497
0.676
0.76
0.773
0.739
0.726
0.717
0.64
0.501
0.401
0.388
0.467
0.669
0.923
1.148
1.291
1.325
1.25
1.12
0.978
0.853
0.735
0.628
0.553
0.567
0.717
0.978
1.234
1.424
1.54
1.601
1.581
1.44
1.223
1.025
0.866
0.762
0.708
0.726
0.817
0.996
1.304
1.676
1.939
2.005
1.933
1.758
1.522
1.277
1.057
0.846
0.748
0.826
1.034
1.343
1.649
1.858
1.964
1.944
1.817
1.635
1.431
1.204
0.987
0.891
0.959
1.152
1.388
1.624
1.801
1.905
1.944
1.887
1.744
1.565
1.341
1.145
1.023
0.934
0.928
1.028
1.281
1.626
1.919
2.096
2.166
2.134
1.996
1.787
1.54
1.331
1.232
1.204
1.266
1.468
1.776
2.105
2.345
2.413
2.343
2.205
2.007
1.83
1.713
1.631
1.56
1.579
1.713
1.903
2.125
2.357
2.545
2.643
2.638
2.556
2.463
2.366
2.211
2.078
2.046
2.1
2.214
2.334
2.466
2.656
2.817
2.892
2.869
2.751
2.579
2.429
2.357
2.352
2.427
2.545
2.656
2.84
3.119
3.321
3.368
3.284
3.119
2.912
2.686
2.452
2.298
2.259
2.307
2.441
2.654
2.874
3.053
3.171
3.207
3.153
3.035
2.91
2.799
2.711
2.597
2.531
2.602
2.72
2.824
2.931
3.019
3.021
2.965
2.872
2.754
2.611
2.5
2.443
2.447
2.49
2.552
2.663
2.815
2.928
3.003
3.053
3.028
2.912
2.726
2.547
2.411
2.327
2.245
2.214
2.257
2.402
2.59
2.747
2.833
2.885
2.924
2.931
2.894
2.838
2.799
2.794
2.79
2.779
2.799
2.819
2.81
2.826
2.86
2.833
2.781
2.754
2.749
2.785
2.828
2.824
2.813
2.835
2.865
2.863
2.885
3.008
3.153
3.171
3.146
3.121
3.06
2.969
2.897
2.842
2.774
2.717
2.695
2.708
2.715
2.706
2.708
2.79
2.881
2.928
2.983
3.058
3.141
3.196
3.144
3.017
2.912
2.838
2.713
2.536
2.4
2.398
2.461
2.504
2.574
2.674
2.726
2.756
2.808
2.863
2.878
2.863
2.815
2.763
2.724
2.674
2.658
2.729
2.763
2.72
2.704
2.715
2.706
2.663
2.609
2.579
2.584
2.593
2.586
2.572
2.618
2.747
2.872
2.937
2.99
3.003
2.912
2.776
2.697
2.663
2.595
2.509
2.456
2.461
2.502
2.554
2.654
2.763
2.783
2.783
2.856
2.928
2.89
2.804
2.72
2.656
2.615
2.611
2.57
2.5
2.479
2.534
2.552
2.509
2.479
2.466
2.429
2.402
2.427
2.495
2.55
2.561
2.577
2.645
2.695
2.645
2.588
2.574
2.502
2.373
2.311
2.291
2.245
2.187
2.175
2.205
2.248
2.266
2.259
2.25
2.277
2.352
2.359
2.332
2.327
2.291
2.205
2.146
2.137
2.134
2.134
2.15
2.216
2.284
2.271
2.189
2.143
2.132
2.057
1.989
2.007
2.046
2.041
1.994
1.948
1.953
1.976
2.012
2.003
1.919
1.876
1.88
1.837
1.801
1.833
1.833
1.801
1.812
1.858
1.821
1.76
1.776
1.867
1.953
1.917
1.778
1.706
1.676
1.586
1.517
1.538
1.536
1.49
1.465
1.477
1.502
1.538
1.558
1.547
1.508
1.504
1.481
1.393
1.386
1.472
1.536
1.529
1.531
1.581
1.615
1.581
1.567
1.66
1.731
1.669
1.59
1.583
1.515
1.438
1.454
1.515
1.526
1.513
1.551
1.635
1.731
1.776
1.762
1.783
1.851
1.833
1.737
1.679
1.654
1.649
1.656
1.654
1.692
1.742
1.735
1.697
1.751
1.867
1.948
1.919
1.796
1.715
1.688
1.658
1.667
1.719
1.737
1.701
1.635
1.581
1.529
1.513
1.522
1.506
1.508
1.497
1.406
1.315
1.318
1.365
1.386
1.422
1.477
1.483
1.393
1.288
1.354
1.461
1.415
1.281
1.173
1.091
1.034
0.996
0.996
1.028
1.032
0.953
0.887
0.975
1.068
1.082
1.132
1.209
1.218
1.139
1.012
0.934
0.928
0.953
0.953
0.975
0.973
0.921
0.857
0.78
0.728
0.76
0.796
0.792
0.81
0.844
0.862
0.889
0.93
0.916
0.851
0.819
0.807
0.796
0.801
0.821
0.857
0.93
0.98
0.968
0.898
0.817
0.828
0.919
1.005
1.082
1.168
1.175
1.086
1.082
1.179
1.302
1.359
1.343
1.307
1.286
1.268
1.193
1.13
1.148
1.114
1.018
1.009
1.089
1.15
1.202
1.311
1.438
1.515
1.538
1.565
1.617
1.613
1.613
1.654
1.629
1.524
1.434
1.368
1.365
1.422
1.495
1.508
1.474
1.44
1.413
1.458
1.554
1.601
1.604
1.617
1.615
1.608
1.624
1.622
1.622
1.681
1.781
1.862
1.885
1.842
1.824
1.826
1.767
1.71
1.717
1.728
1.719
1.749
1.849
1.994
2.116
2.164
2.153
2.173
2.191
2.128
2.026
1.951
1.876
1.796
1.767
1.819
1.892
1.939
2.014
2.18
2.345
2.407
2.429
2.409
2.311
2.23
2.211
2.196
2.143
2.114
2.132
2.191
2.307
2.416
2.45
2.481
2.511
2.518
2.529
2.5
2.407
2.354
2.352
2.345
2.364
2.42
2.513
2.64
2.754
2.874
2.983
2.978
2.851
2.749
2.681
2.609
2.568
2.581
2.624
2.677
2.751
2.826
2.922
3.055
3.144
3.171
3.185
3.178
3.128
3.042
2.96
2.91
2.942
3.008
3.069
3.18
3.294
3.362
3.473
3.584
3.561
3.48
3.416
3.377
3.368
3.393
3.43
3.457
3.482
3.525
3.579
3.684
3.808
3.845
3.818
3.777
3.738
3.72
3.734
3.738
3.743
3.786
3.836
3.867
3.888
3.917
3.942
3.992
4.024
3.976
3.899
3.847
3.822
3.831
3.845
3.833
3.795
3.745
3.672
3.609
3.618
3.686
3.724
3.7
3.672
3.665
3.663
3.679
3.659
3.597
3.529
3.457
3.38
3.341
3.343
3.366
3.402
3.373
3.257
3.153
3.096
3.073
3.053
3.012
2.937
2.856
2.742
2.62
2.547
2.552
2.604
2.615
2.597
2.602
2.595
2.55
2.504
2.466
2.357
2.196
2.026
1.914
1.889
1.862
1.844
1.928
2.005
1.976
1.953
1.982
1.989
1.93
1.796
1.615
1.454
1.35
1.27
1.195
1.189
1.273
1.318
1.352
1.424
1.497
1.513
1.479
1.395
1.268
1.118
1.003
0.957
0.968
0.978
0.959
1.012
1.123
1.157
1.168
1.195
1.193
1.114
0.964
0.805
0.714
0.703
0.735
0.728
0.751
0.894
1.055
1.157
1.22
1.216
1.098
0.914
0.735
0.583
0.485
0.458
0.522
0.651
0.769
0.814
0.896
1.025
1.089
1.075
1.028
0.914
0.78
0.653
0.538
0.469
0.472
0.517
0.562
0.635
0.794
0.973
1.089
1.114
1.007
0.823
0.612
0.449
0.343
0.283
0.283
0.374
0.562
0.751
0.864
0.955
1.021
0.984
0.857
0.669
0.447
0.236
0.109
0.118
0.218
0.331
0.422
0.472
0.522
0.651
0.764
0.739
0.621
0.426
0.19
0.011
-0.07
-0.095
-0.082
0.009
0.166
0.379
0.544
0.59
0.585
0.54
0.388
0.141
-0.095
-0.306
-0.458
-0.488
-0.395
-0.209
-0.002
0.159
0.249
0.302
0.343
0.315
0.184
0.007
-0.19
-0.386
-0.488
-0.463
-0.358
-0.247
-0.1
0.084
0.293
0.435
0.433
0.338
0.195
-0.007
-0.229
-0.363
-0.42
-0.429
-0.401
-0.261
-0.05
0.15
0.254
0.281
0.277
0.24
0.102
-0.082
-0.247
-0.388
-0.488
-0.46
-0.313
-0.129
0.036
0.179
0.288
0.406
0.49
0.429
0.261
0.073
-0.132
-0.333
-0.438
-0.424
-0.34
-0.245
-0.132
0.063
0.283
0.413
0.449
0.39
0.234
0.036
-0.156
-0.315
-0.417
-0.417
-0.306
-0.138
0.041
0.184
0.279
0.343
0.386
0.372
0.247
0.07
-0.095
-0.215
-0.313
-0.377
-0.331
-0.206
-0.116
-0.05
0.048
0.132
0.136
0.048
-0.098
-0.272
-0.49
-0.71
-0.814
-0.826
-0.796
-0.678
-0.492
-0.354
-0.299
-0.313
-0.34
-0.361
-0.431
-0.608
-0.83
-0.987
-1.093
-1.132
-1.096
-0.991
-0.896
-0.903
-0.93
-0.907
-0.885
-0.941
-1.052
-1.177
-1.32
-1.468
-1.592
-1.654
-1.629
-1.588
-1.542
-1.431
-1.291
-1.225
-1.279
-1.347
-1.377
-1.411
-1.499
-1.649
-1.787
-1.876
-1.923
-1.939
-1.885
-1.749
-1.663
-1.681
-1.669
-1.572
-1.504
-1.565
-1.717
-1.869
-2.005
-2.13
-2.207
-2.237
-2.277
-2.295
-2.207
-2.046
-1.871
-1.756
-1.731
-1.744
-1.762
-1.821
-1.948
-2.06
-2.125
-2.157
-2.132
-2.035
-1.942
-1.903
-1.867
-1.849
-1.851
-1.819
-1.783
-1.846
-1.987
-2.116
-2.18
-2.184
-2.148
-2.125
-2.139
-2.13
-2.007
-1.839
-1.749
-1.756
-1.774
-1.824
-1.942
-2.075
-2.155
-2.198
-2.227
-2.218
-2.128
-1.971
-1.819
-1.769
-1.749
-1.724
-1.724
-1.787
-1.896
-2.016
-2.155
-2.248
-2.248
-2.205
-2.184
-2.177
-2.15
-2.116
-2.055
-1.958
-1.901
-1.912
-1.946
-2.014
-2.087
-2.175
-2.293
-2.388
-2.393
-2.293
-2.175
-2.105
-2.019
-1.901
-1.824
-1.853
-1.935
-2.041
-2.191
-2.37
-2.522
-2.561
-2.506
-2.456
-2.459
-2.416
-2.295
-2.218
-2.243
-2.295
-2.293
-2.309
-2.382
-2.463
-2.513
-2.547
-2.597
-2.627
-2.572
-2.443
-2.343
-2.32
-2.311
-2.241
-2.191
-2.255
-2.382
-2.479
-2.593
-2.701
-2.699
-2.624
-2.565
-2.536
-2.502
-2.443
-2.368
-2.327
-2.354
-2.411
-2.452
-2.495
-2.563
-2.611
-2.604
-2.561
-2.527
-2.502
-2.454
-2.375
-2.336
-2.393
-2.456
-2.432
-2.379
-2.413
-2.538
-2.656
-2.704
-2.699
-2.67
-2.652
-2.654
-2.62
-2.57
-2.522
-2.477
-2.432
-2.411
-2.45
-2.513
-2.57
-2.64
-2.729
-2.774
-2.772
-2.729
-2.679
-2.661
-2.654
-2.613
-2.529
-2.45
-2.445
-2.49
-2.529
-2.563
-2.597
-2.599
-2.552
-2.522
-2.538
-2.59
-2.622
-2.611
-2.584
-2.554
-2.518
-2.466
-2.468
-2.52
-2.595
-2.67
-2.706
-2.697
-2.69
-2.677
-2.624
-2.588
-2.581
-2.513
-2.407
-2.364
-2.432
-2.563
-2.643
-2.652
-2.647
-2.631
-2.534
-2.427
-2.418
-2.468
-2.504
-2.543
-2.586
-2.604
-2.586
-2.54
-2.459
-2.407
-2.391
-2.357
-2.277
-2.23
-2.284
-2.368
-2.384
-2.375
-2.42
-2.438
-2.35
-2.257
-2.255
-2.277
-2.234
-2.141
-2.082
-2.073
-2.06
-2.007
-1.955
-1.948
-2.005
-2.107
-2.23
-2.336
-2.395
-2.384
-2.314
-2.214
-2.123
-2.007
-1.887
-1.842
-1.901
-1.973
-2.01
-2.037
-2.112
-2.234
-2.291
-2.28
-2.25
-2.162
-1.996
-1.871
-1.844
-1.853
-1.901
-1.96
-2.005
-2.032
-2.073
-2.153
-2.223
-2.248
-2.23
-2.189
-2.134
-2.007
-1.839
-1.747
-1.749
-1.796
-1.901
-2.057
-2.196
-2.252
-2.261
-2.318
-2.45
-2.497
-2.379
-2.234
-2.098
-2.016
-2.005
-2.007
-2.016
-2.096
-2.239
-2.364
-2.456
-2.522
-2.556
-2.561
-2.506
-2.413
-2.316
-2.198
-2.053
-1.969
-2.035
-2.123
-2.157
-2.225
-2.327
-2.361
-2.361
-2.393
-2.418
-2.368
-2.248
-2.084
-1.969
-1.933
-1.944
-2.046
-2.171
-2.275
-2.366
-2.436
-2.42
-2.373
-2.343
-2.311
-2.243
-2.157
-2.071
-2.019
-1.985
-1.969
-1.985
-2.016
-2.014
-1.978
-2.01
-2.062
-2.066
-2.091
-2.137
-2.13
-2.107
-2.089
-2.039
-1.958
-1.871
-1.833
-1.846
-1.896
-1.951
-2.032
-2.069
-2.057
-2.035
-1.973
-1.851
-1.76
-1.762
-1.801
-1.824
-1.821
-1.803
-1.801
-1.76
-1.685
-1.635
-1.622
-1.581
-1.533
-1.554
-1.604
-1.64
-1.719
-1.799
-1.812
-1.783
-1.758
-1.744
-1.708
-1.651
-1.624
-1.592
-1.551
-1.542
-1.604
-1.658
-1.676
-1.724
-1.776
-1.753
-1.719
-1.74
-1.803
-1.835
-1.792
-1.717
-1.654
-1.599
-1.526
-1.465
-1.449
-1.474
-1.526
-1.581
-1.563
-1.506
-1.52
-1.629
-1.681
-1.665
-1.679
-1.694
-1.635
-1.556
-1.517
-1.492
-1.456
-1.434
-1.481
-1.538
-1.524
-1.511
-1.522
-1.497
-1.483
-1.508
-1.506
-1.431
-1.336
-1.266
-1.261
-1.311
-1.334
-1.284
-1.191
-1.191
-1.263
-1.281
-1.261
-1.234
-1.207
-1.216
-1.241
-1.218
-1.182
-1.204
-1.279
-1.354
-1.372
-1.313
-1.273
-1.175
-1.066
-1.028
-1.012
-0.955
-0.896
-0.88
-0.891
-0.923
-0.912
-0.835
-0.787
-0.805
-0.819
-0.817
-0.785
-0.744
-0.751
-0.783
-0.769
-0.748
-0.776
-0.796
-0.794
-0.776
-0.778
-0.787
-0.717
-0.626
-0.603
-0.626
-0.633
-0.621
-0.644
-0.69
-0.742
-0.76
-0.71
-0.678
-0.674
-0.608
-0.538
-0.558
-0.592
-0.581
-0.558
-0.56
-0.581
-0.581
-0.608
-0.712
-0.821
-0.898
-0.95
-0.875
-0.708
-0.596
-0.574
-0.592
-0.603
-0.626
-0.683
-0.755
-0.785
-0.76
-0.776
-0.821
-0.783
-0.751
-0.753
-0.726
-0.667
-0.615
-0.633
-0.733
-0.835
-0.909
-0.973
-0.991
-1.016
-1.089
-1.077
-0.987
-0.932
-0.891
-0.828
-0.755
-0.676
-0.603
-0.535
-0.497
-0.497
-0.592
-0.739
-0.817
-0.871
-0.939
-0.957
-0.905
-0.814
-0.69
-0.576
-0.499
-0.479
-0.497
-0.46
-0.42
-0.44
-0.435
-0.381
-0.347
-0.333
-0.313
-0.295
-0.263
-0.202
-0.127
-0.068
0.009
0.039
0.009
0.009
0.048
0.084
0.113
0.143
0.184
0.272
0.406
0.528
0.583
0.567
0.542
0.513
0.472
0.474
0.533
0.567
0.583
0.617
0.653
0.671
0.719
0.773
0.814
0.846
0.853
0.83
0.83
0.803
0.742
0.728
0.78
0.837
0.832
0.801
0.794
0.817
0.798
0.778
0.755
0.69
0.671
0.694
0.66
0.599
0.547
0.508
0.522
0.596
0.653
0.635
0.61
0.535
0.377
0.252
0.163
0.077
0.068
0.129
0.2
0.259
0.277
0.249
0.177
0.068
-0.048
-0.147
-0.286
-0.401
-0.411
-0.381
-0.32
-0.22
-0.152
-0.125
-0.102
-0.073
-0.084
-0.134
-0.249
-0.422
-0.542
-0.635
-0.733
-0.753
-0.676
-0.569
-0.479
-0.404
-0.331
-0.265
-0.254
-0.274
-0.293
-0.392
-0.485
-0.508
-0.519
-0.499
-0.426
-0.351
-0.263
-0.15
-0.018
0.093
0.163
0.211
0.261
0.272
0.188
0.143
0.177
0.209
0.213
0.206
0.238
0.317
0.435
0.578
0.701
0.803
0.878
0.925
0.953
0.991
1.034
1.084
1.123
1.084
1.014
1.082
1.232
1.302
1.322
1.404
1.529
1.61
1.649
1.697
1.747
1.769
1.785
1.81
1.849
1.896
1.901
1.855
1.883
1.971
1.973
1.908
1.917
2.016
2.105
2.15
2.13
2.039
1.96
1.921
1.919
1.923
1.896
1.855
1.871
1.914
1.923
1.894
1.894
1.864
1.767
1.676
1.626
1.572
1.513
1.499
1.517
1.536
1.542
1.542
1.517
1.506
1.495
1.399
1.252
1.125
1.014
0.907
0.837
0.814
0.78
0.755
0.762
0.817
0.909
0.964
0.914
0.778
0.624
0.485
0.361
0.293
0.234
0.154
0.17
0.286
0.381
0.442
0.469
0.454
0.406
0.338
0.272
0.218
0.152
0.118
0.134
0.161
0.177
0.186
0.179
0.213
0.304
0.374
0.392
0.395
0.381
0.345
0.351
0.388
0.413
0.406
0.417
0.483
0.583
0.649
0.692
0.755
0.828
0.83
0.769
0.796
0.862
0.891
0.921
1.003
1.12
1.236
1.341
1.427
1.52
1.615
1.672
1.69
1.715
1.808
1.921
1.967
1.996
2.062
2.094
2.069
2.073
2.15
2.245
2.316
2.357
2.413
2.486
2.559
2.633
2.661
2.652
2.661
2.735
2.842
2.833
2.742
2.745
2.838
2.899
2.922
2.98
3.037
3.076
3.114
3.178
3.235
3.175
3.039
2.901
2.84
2.838
2.774
2.654
2.611
2.681
2.79
2.881
2.949
2.98
2.96
2.901
2.788
2.633
2.481
2.366
2.275
2.184
2.105
2.1
2.198
2.286
2.314
2.314
2.305
2.243
2.103
1.935
1.774
1.62
1.47
1.379
1.39
1.443
1.474
1.515
1.581
1.681
1.722
1.604
1.365
1.15
1.016
0.894
0.787
0.737
0.735
0.778
0.848
0.968
1.096
1.127
1.028
0.894
0.769
0.608
0.447
0.361
0.327
0.324
0.415
0.576
0.73
0.805
0.807
0.787
0.755
0.662
0.531
0.422
0.351
0.274
0.195
0.204
0.377
0.628
0.807
0.909
1.016
1.093
1.059
0.984
0.919
0.855
0.792
0.735
0.705
0.708
0.746
0.832
0.946
1.082
1.2
1.293
1.388
1.461
1.522
1.608
1.672
1.692
1.676
1.656
1.676
1.76
1.844
1.883
1.892
1.905
1.962
2.044
2.134
2.257
2.427
2.577
2.67
2.72
2.765
2.826
2.84
2.779
2.738
2.729
2.692
2.679
2.717
2.776
2.849
2.908
2.98
3.067
3.171
3.223
3.198
3.121
3.058
3.039
3.019
2.974
2.91
2.869
2.89
2.942
3.008
3.067
3.087
3.035
2.933
2.824
2.767
2.776
2.742
2.661
2.613
2.609
2.565
2.502
2.461
2.468
2.45
2.364
2.271
2.182
2.062
1.935
1.824
1.74
1.663
1.601
1.536
1.499
1.492
1.495
1.456
1.347
1.202
1.071
0.968
0.866
0.819
0.801
0.739
0.69
0.64
0.547
0.424
0.336
0.268
0.181
0.086
0.029
0.018
0.036
0.079
0.152
0.197
0.168
0.093
0.052
0.063
0.011
-0.12
-0.224
-0.288
-0.322
-0.304
-0.286
-0.224
-0.059
0.12
0.222
0.274
0.306
0.283
0.181
0.063
0.009
-0.002
0.007
0.045
0.113
0.186
0.315
0.515
0.678
0.724
0.678
0.633
0.642
0.642
0.621
0.687
0.823
0.95
1.064
1.207
1.341
1.368
1.32
1.311
1.322
1.279
1.211
1.191
1.195
1.27
1.393
1.513
1.64
1.728
1.771
1.817
1.86
1.844
1.737
1.576
1.404
1.22
1.075
1.039
1.154
1.356
1.531
1.665
1.778
1.855
1.86
1.774
1.635
1.454
1.218
1.018
0.912
0.86
0.86
0.939
1.08
1.216
1.261
1.223
1.17
1.118
1.059
0.966
0.853
0.762
0.726
0.687
0.624
0.626
0.658
0.653
0.635
0.615
0.569
0.451
0.338
0.322
0.349
0.347
0.322
0.338
0.435
0.549
0.642
0.728
0.792
0.737
0.585
0.426
0.261
0.127
0.113
0.197
0.308
0.395
0.481
0.644
0.853
0.975
0.964
0.907
0.871
0.839
0.796
0.764
0.76
0.78
0.857
1.005
1.127
1.096
1.028
1.096
1.275
1.411
1.449
1.452
1.454
1.436
1.427
1.454
1.49
1.499
1.497
1.517
1.531
1.549
1.595
1.62
1.599
1.542
1.468
1.402
1.449
1.624
1.747
1.799
1.867
1.935
1.926
1.835
1.749
1.744
1.756
1.722
1.669
1.633
1.601
1.588
1.604
1.635
1.688
1.701
1.644
1.599
1.656
1.753
1.81
1.853
1.855
1.771
1.649
1.567
1.524
1.472
1.434
1.447
1.506
1.576
1.624
1.66
1.722
1.794
1.844
1.887
1.908
1.889
1.892
1.962
2.039
2.053
2.012
1.935
1.91
1.978
2.075
2.15
2.209
2.223
2.196
2.207
2.23
2.209
2.216
2.329
2.484
2.577
2.629
2.681
2.749
2.799
2.828
2.815
2.76
2.67
2.606
2.658
2.76
2.824
2.89
2.99
3.06
3.126
3.173
3.235
3.323
3.391
3.371
3.282
3.155
2.983
2.801
2.733
2.754
2.781
2.851
2.976
3.119
3.264
3.389
3.434
3.398
3.3
3.155
2.978
2.849
2.779
2.76
2.788
2.779
2.738
2.735
2.738
2.724
2.701
2.661
2.604
2.543
2.456
2.35
2.286
2.293
2.298
2.277
2.277
2.223
2.089
1.992
1.973
1.96
1.898
1.81
1.717
1.685
1.665
1.631
1.651
1.672
1.631
1.604
1.576
1.449
1.247
1.023
0.819
0.646
0.553
0.524
0.517
0.583
0.717
0.801
0.812
0.776
0.66
0.492
0.333
0.197
0.073
-0.05
-0.17
-0.265
-0.313
-0.34
-0.372
-0.399
-0.474
-0.551
-0.549
-0.526
-0.524
-0.538
-0.585
-0.667
-0.751
-0.832
-0.934
-1.037
-1.055
-1.032
-1.043
-1.075
-1.139
-1.268
-1.395
-1.465
-1.461
-1.399
-1.338
-1.277
-1.168
-1.025
-0.903
-0.819
-0.837
-0.98
-1.127
-1.189
-1.2
-1.245
-1.322
-1.352
-1.318
-1.247
-1.179
-1.145
-1.141
-1.086
-1.032
-0.996
-0.937
-0.871
-0.871
-0.905
-0.88
-0.853
-0.83
-0.819
-0.798
-0.735
-0.649
-0.531
-0.392
-0.347
-0.431
-0.513
-0.517
-0.506
-0.515
-0.531
-0.519
-0.479
-0.417
-0.34
-0.263
-0.181
-0.111
-0.116
-0.163
-0.206
-0.279
-0.363
-0.415
-0.422
-0.388
-0.324
-0.277
-0.215
-0.129
-0.061
-0.048
-0.068
-0.161
-0.34
-0.499
-0.612
-0.728
-0.803
-0.826
-0.805
-0.717
-0.553
-0.406
-0.361
-0.367
-0.349
-0.392
-0.621
-0.928
-1.166
-1.354
-1.531
-1.626
-1.588
-1.47
-1.368
-1.315
-1.268
-1.207
-1.195
-1.288
-1.381
-1.452
-1.624
-1.824
-1.935
-1.994
-2.071
-2.128
-2.139
-2.134
-2.159
-2.193
-2.232
-2.302
-2.407
-2.468
-2.531
-2.638
-2.724
-2.776
-2.792
-2.729
-2.629
-2.561
-2.529
-2.452
-2.407
-2.481
-2.615
-2.738
-2.84
-2.894
-2.96
-3.067
-3.112
-3.064
-2.971
-2.84
-2.708
-2.64
-2.627
-2.624
-2.586
-2.593
-2.72
-2.813
-2.792
-2.785
-2.794
-2.742
-2.652
-2.563
-2.475
-2.37
-2.241
-2.153
-2.191
-2.266
-2.268
-2.241
-2.298
-2.359
-2.309
-2.239
-2.234
-2.187
-2.041
-1.885
-1.778
-1.703
-1.64
-1.613
-1.638
-1.688
-1.76
-1.801
-1.756
-1.697
-1.647
-1.54
-1.452
-1.427
-1.365
-1.254
-1.186
-1.154
-1.077
-1.021
-1.005
-1.005
-0.991
-1.009
-1.021
-0.959
-0.889
-0.837
-0.83
-0.862
-0.903
-0.921
-0.959
-1.007
-0.991
-0.95
-0.953
-1.023
-1.03
-0.937
-0.903
-0.919
-0.891
-0.882
-0.937
-1.041
-1.114
-1.134
-1.116
-1.157
-1.218
-1.207
-1.13
-1.125
-1.2
-1.216
-1.245
-1.388
-1.495
-1.511
-1.538
-1.61
-1.672
-1.703
-1.74
-1.796
-1.905
-2.032
-2.08
-2.035
-2.014
-2.064
-2.089
-2.119
-2.182
-2.196
-2.171
-2.166
-2.211
-2.259
-2.268
-2.259
-2.28
-2.343
-2.407
-2.413
-2.438
-2.538
-2.624
-2.638
-2.629
-2.586
-2.488
-2.393
-2.375
-2.379
-2.352
-2.343
-2.402
-2.409
-2.357
-2.395
-2.5
-2.534
-2.493
-2.454
-2.441
-2.413
-2.307
-2.134
-1.978
-1.901
-1.817
-1.694
-1.656
-1.654
-1.579
-1.542
-1.617
-1.692
-1.665
-1.551
-1.434
-1.388
-1.359
-1.3
-1.268
-1.291
-1.334
-1.327
-1.261
-1.227
-1.202
-1.08
-0.905
-0.789
-0.692
-0.553
-0.463
-0.469
-0.515
-0.556
-0.61
-0.649
-0.678
-0.708
-0.68
-0.642
-0.676
-0.664
-0.538
-0.401
-0.302
-0.236
-0.206
-0.2
-0.24
-0.331
-0.463
-0.624
-0.719
-0.721
-0.721
-0.699
-0.619
-0.558
-0.538
-0.528
-0.549
-0.596
-0.642
-0.69
-0.78
-0.9
-0.944
-0.93
-0.95
-0.95
-0.855
-0.805
-0.873
-0.916
-0.907
-0.921
-0.996
-1.13
-1.273
-1.411
-1.545
-1.665
-1.731
-1.767
-1.808
-1.769
-1.649
-1.617
-1.66
-1.649
-1.642
-1.713
-1.815
-1.93
-2.048
-2.157
-2.216
-2.187
-2.098
-2.005
-1.93
-1.923
-1.948
-1.939
-1.905
-1.946
-2.046
-2.098
-2.134
-2.18
-2.198
-2.203
-2.18
-2.091
-1.96
-1.824
-1.749
-1.783
-1.871
-1.894
-1.855
-1.878
-1.93
-1.923
-1.896
-1.878
-1.833
-1.735
-1.617
-1.497
-1.402
-1.336
-1.286
-1.25
-1.189
-1.154
-1.191
-1.193
-1.13
-1.139
-1.216
-1.236
-1.173
-1.064
-0.957
-0.871
-0.801
-0.769
-0.783
-0.762
-0.685
-0.667
-0.739
-0.762
-0.71
-0.687
-0.699
-0.669
-0.585
-0.488
-0.417
-0.379
-0.365
-0.343
-0.336
-0.354
-0.37
-0.388
-0.424
-0.476
-0.544
-0.562
-0.544
-0.567
-0.576
-0.515
-0.429
-0.39
-0.411
-0.438
-0.445
-0.465
-0.558
-0.669
-0.742
-0.807
-0.919
-0.987
-0.962
-0.928
-0.866
-0.814
-0.857
-0.964
-1.062
-1.12
-1.161
-1.182
-1.207
-1.232
-1.223
-1.227
-1.259
-1.32
-1.341
-1.3
-1.275
-1.365
-1.499
-1.599
-1.674
-1.728
-1.751
-1.767
-1.783
-1.787
-1.778
-1.771
-1.735
-1.692
-1.667
-1.654
-1.649
-1.74
-1.844
-1.88
-1.914
-1.944
-1.944
-1.903
-1.878
-1.892
-1.937
-1.982
-1.976
-1.917
-1.867
-1.878
-1.88
-1.783
-1.681
-1.647
-1.62
-1.583
-1.572
-1.574
-1.588
-1.633
-1.703
-1.719
-1.647
-1.531
-1.465
-1.465
-1.477
-1.384
-1.241
-1.17
-1.1
-0.993
-0.932
-0.923
-0.962
-0.996
-0.987
-0.984
-0.989
-0.95
-0.855
-0.717
-0.538
-0.383
-0.268
-0.2
-0.236
-0.324
-0.381
-0.413
-0.44
-0.422
-0.315
-0.159
-0.034
0.025
0.043
0.068
0.1
0.084
0.045
0.039
0.016
-0.043
-0.061
-0.011
0.034
0.068
0.113
0.193
0.277
0.306
0.295
0.283
0.32
0.356
0.331
0.234
0.111
0.007
-0.098
-0.154
-0.098
0.041
0.172
0.259
0.327
0.365
0.322
0.206
0.034
-0.136
-0.247
-0.361
-0.456
-0.492
-0.474
-0.458
-0.422
-0.381
-0.392
-0.472
-0.567
-0.606
-0.583
-0.576
-0.644
-0.733
-0.748
-0.737
-0.769
-0.835
-0.909
-0.991
-1.048
-1.064
-1.075
-1.102
-1.166
-1.259
-1.322
-1.334
-1.37
-1.468
-1.588
-1.57
-1.456
-1.35
-1.288
-1.275
-1.279
-1.336
-1.404
-1.429
-1.429
-1.429
-1.422
-1.345
-1.223
-1.173
-1.195
-1.243
-1.25
-1.218
-1.13
-1.062
-1.028
-0.975
-0.921
-0.885
-0.846
-0.835
-0.869
-0.891
-0.855
-0.801
-0.724
-0.637
-0.596
-0.565
-0.472
-0.404
-0.413
-0.433
-0.395
-0.308
-0.206
-0.107
-0.016
0.016
-0.009
0.023
0.129
0.19
0.161
0.132
0.17
0.236
0.293
0.322
0.297
0.272
0.286
0.324
0.358
0.415
0.472
0.513
0.574
0.669
0.767
0.771
0.667
0.574
0.558
0.574
0.581
0.585
0.587
0.59
0.61
0.667
0.721
0.712
0.669
0.674
0.712
0.674
0.531
0.37
0.29
0.265
0.249
0.238
0.261
0.311
0.317
0.304
0.354
0.404
0.381
0.288
0.2
0.166
0.138
0.041
-0.068
-0.102
-0.102
-0.102
-0.086
-0.041
0.018
0.007
-0.075
-0.109
-0.136
-0.261
-0.424
-0.474
-0.422
-0.388
-0.37
-0.336
-0.327
-0.333
-0.354
-0.383
-0.433
-0.51
-0.615
-0.674
-0.64
-0.599
-0.592
-0.587
-0.547
-0.479
-0.417
-0.408
-0.447
-0.465
-0.44
-0.438
-0.469
-0.522
-0.592
-0.642
-0.628
-0.56
-0.499
-0.463
-0.42
-0.333
-0.238
-0.213
-0.263
-0.32
-0.356
-0.374
-0.367
-0.331
-0.259
-0.156
-0.059
-0.016
0.011
0.068
0.093
0.093
0.088
0.136
0.193
0.193
0.141
0.125
0.168
0.222
0.245
0.283
0.349
0.429
0.451
0.449
0.465
0.463
0.44
0.451
0.522
0.601
0.612
0.565
0.535
0.526
0.49
0.454
0.454
0.438
0.381
0.343
0.327
0.331
0.331
0.315
0.322
0.372
0.397
0.333
0.261
0.238
0.215
0.15
0.068
0.011
-0.02
-0.045
-0.093
-0.104
-0.073
-0.07
-0.102
-0.118
-0.147
-0.204
-0.227
-0.222
-0.259
-0.356
-0.474
-0.506
-0.501
-0.549
-0.624
-0.644
-0.603
-0.553
-0.526
-0.497
-0.488
-0.492
-0.515
-0.572
-0.664
-0.783
-0.86
-0.878
-0.851
-0.848
-0.887
-0.871
-0.801
-0.73
-0.674
-0.626
-0.567
-0.49
-0.417
-0.381
-0.39
-0.454
-0.556
-0.615
-0.635
-0.624
-0.542
-0.431
-0.315
-0.2
-0.052
0.145
0.322
0.429
0.49
0.565
0.608
0.587
0.547
0.501
0.51
0.603
0.705
0.778
0.853
0.957
1.084
1.195
1.293
1.379
1.413
1.463
1.581
1.706
1.726
1.724
1.781
1.894
1.96
2.001
2.089
2.232
2.32
2.311
2.286
2.275
2.243
2.25
2.35
2.506
2.656
2.799
2.928
3.003
3.028
2.983
2.869
2.788
2.758
2.731
2.699
2.713
2.765
2.828
2.935
3.08
3.232
3.357
3.416
3.402
3.373
3.291
3.153
3.058
3.003
2.912
2.819
2.815
2.874
2.933
2.983
3.087
3.191
3.257
3.312
3.362
3.352
3.273
3.187
3.107
3.019
2.937
2.917
3.028
3.126
3.105
3.069
3.135
3.232
3.259
3.244
3.287
3.364
3.334
3.214
3.117
3.003
2.874
2.779
2.783
2.883
2.994
3.03
3.101
3.223
3.303
3.28
3.232
3.228
3.194
3.085
2.962
2.908
2.847
2.754
2.765
2.899
3.046
3.112
3.123
3.153
3.169
3.073
2.892
2.713
2.54
2.425
2.402
2.416
2.411
2.366
2.307
2.336
2.436
2.488
2.495
2.531
2.534
2.42
2.275
2.166
2.123
2.114
2.082
2.094
2.155
2.196
2.175
2.184
2.225
2.209
2.096
1.985
1.921
1.826
1.722
1.703
1.79
1.892
1.962
2.039
2.162
2.293
2.318
2.193
2.01
1.824
1.685
1.663
1.706
1.71
1.701
1.708
1.808
1.951
2.039
2.037
1.973
1.978
2.032
1.996
1.867
1.719
1.565
1.465
1.517
1.651
1.719
1.765
1.894
2.046
2.116
2.035
1.885
1.765
1.667
1.604
1.574
1.549
1.488
1.406
1.413
1.549
1.665
1.699
1.758
1.844
1.896
1.878
1.794
1.713
1.669
1.663
1.688
1.765
1.855
1.835
1.79
1.844
1.967
2.062
2.055
2.001
2.003
2.041
2.014
1.933
1.858
1.824
1.833
1.901
2.084
2.284
2.368
2.411
2.484
2.543
2.54
2.472
2.382
2.289
2.216
2.273
2.443
2.595
2.647
2.699
2.833
2.931
2.906
2.847
2.797
2.749
2.717
2.711
2.704
2.713
2.774
2.876
2.962
3.015
3.03
2.999
2.99
3.042
3.051
2.98
2.928
2.926
2.897
2.872
2.919
3.046
3.153
3.198
3.232
3.28
3.284
3.207
3.08
2.958
2.865
2.794
2.724
2.704
2.79
2.922
3.003
3.046
3.037
2.969
2.872
2.754
2.629
2.559
2.556
2.534
2.461
2.429
2.479
2.531
2.545
2.556
2.527
2.402
2.323
2.382
2.42
2.323
2.196
2.141
2.132
2.13
2.137
2.134
2.143
2.2
2.232
2.164
2.053
2.019
2.01
1.914
1.812
1.79
1.783
1.737
1.737
1.81
1.914
1.946
1.867
1.767
1.708
1.688
1.663
1.644
1.642
1.608
1.547
1.529
1.54
1.495
1.443
1.517
1.574
1.515
1.468
1.495
1.52
1.536
1.57
1.583
1.531
1.47
1.47
1.483
1.452
1.474
1.558
1.56
1.513
1.549
1.631
1.633
1.586
1.556
1.517
1.468
1.388
1.336
1.315
1.315
1.361
1.438
1.506
1.558
1.59
1.615
1.622
1.563
1.42
1.279
1.184
1.123
1.1
1.109
1.159
1.266
1.372
1.418
1.44
1.461
1.434
1.345
1.236
1.175
1.161
1.118
1.039
1.086
1.245
1.325
1.313
1.334
1.39
1.406
1.377
1.3
1.184
1.062
0.975
0.982
1.057
1.182
1.322
1.427
1.504
1.54
1.472
1.356
1.318
1.277
1.134
0.964
0.889
0.934
1.052
1.195
1.359
1.533
1.606
1.572
1.508
1.431
1.329
1.213
1.071
0.959
0.939
0.987
1.084
1.254
1.413
1.495
1.556
1.565
1.502
1.372
1.252
1.132
0.993
0.914
0.921
0.982
1.066
1.202
1.302
1.309
1.281
1.259
1.195
1.066
0.946
0.862
0.789
0.748
0.778
0.88
1.032
1.193
1.318
1.338
1.284
1.22
1.089
0.864
0.685
0.656
0.669
0.662
0.719
0.871
1.052
1.175
1.213
1.193
1.1
0.95
0.785
0.649
0.556
0.499
0.49
0.601
0.76
0.835
0.889
1.034
1.15
1.175
1.127
0.998
0.801
0.644
0.565
0.497
0.49
0.583
0.719
0.832
0.932
1.018
1.084
1.055
0.894
0.68
0.549
0.485
0.422
0.372
0.383
0.456
0.54
0.587
0.585
0.572
0.54
0.501
0.433
0.356
0.29
0.24
0.206
0.202
0.213
0.243
0.283
0.279
0.227
0.218
0.263
0.236
0.111
-0.034
-0.132
-0.163
-0.179
-0.156
-0.084
0.025
0.12
0.206
0.249
0.224
0.125
0.052
0.023
-0.061
-0.234
-0.333
-0.311
-0.261
-0.236
-0.213
-0.161
-0.079
-0.004
0.036
-0.002
-0.079
-0.147
-0.206
-0.265
-0.345
-0.417
-0.456
-0.442
-0.424
-0.386
-0.299
-0.256
-0.343
-0.46
-0.522
-0.572
-0.667
-0.735
-0.78
-0.832
-0.857
-0.857
-0.851
-0.817
-0.751
-0.696
-0.696
-0.733
-0.783
-0.826
-0.837
-0.873
-0.991
-1.125
-1.168
-1.134
-1.1
-1.116
-1.114
-1.052
-0.971
-0.912
-0.907
-0.925
-0.973
-1.055
-1.157
-1.261
-1.347
-1.384
-1.37
-1.356
-1.365
-1.32
-1.223
-1.179
-1.218
-1.223
-1.157
-1.109
-1.13
-1.136
-1.134
-1.159
-1.189
-1.211
-1.204
-1.168
-1.132
-1.096
-1.052
-1.028
-1.012
-0.991
-0.962
-0.984
-1.08
-1.168
-1.161
-1.107
-1.084
-1.018
-0.9
-0.773
-0.696
-0.667
-0.71
-0.817
-0.907
-0.971
-1.043
-1.1
-1.118
-1.071
-0.982
-0.891
-0.807
-0.758
-0.753
-0.789
-0.844
-0.891
-0.973
-1.107
-1.243
-1.325
-1.336
-1.3
-1.22
-1.091
-0.975
-0.889
-0.805
-0.737
-0.733
-0.826
-0.996
-1.157
-1.257
-1.325
-1.372
-1.39
-1.329
-1.232
-1.145
-1.066
-1.021
-1.041
-1.134
-1.273
-1.372
-1.418
-1.47
-1.536
-1.56
-1.506
-1.422
-1.322
-1.252
-1.266
-1.338
-1.44
-1.597
-1.785
-1.91
-1.962
-2.007
-2.026
-1.989
-1.898
-1.781
-1.681
-1.62
-1.617
-1.651
-1.735
-1.869
-2.032
-2.173
-2.225
-2.23
-2.218
-2.216
-2.237
-2.234
-2.203
-2.148
-2.171
-2.273
-2.359
-2.384
-2.377
-2.382
-2.391
-2.402
-2.407
-2.382
-2.336
-2.348
-2.407
-2.493
-2.554
-2.609
-2.688
-2.74
-2.733
-2.715
-2.683
-2.618
-2.522
-2.466
-2.468
-2.484
-2.504
-2.545
-2.604
-2.645
-2.674
-2.72
-2.733
-2.686
-2.609
-2.538
-2.49
-2.479
-2.55
-2.683
-2.819
-2.888
-2.885
-2.888
-2.892
-2.817
-2.69
-2.59
-2.565
-2.624
-2.731
-2.84
-2.917
-3.01
-3.096
-3.135
-3.107
-3.046
-2.951
-2.833
-2.749
-2.747
-2.772
-2.77
-2.801
-2.935
-3.094
-3.198
-3.239
-3.253
-3.235
-3.198
-3.121
-2.983
-2.833
-2.724
-2.683
-2.704
-2.726
-2.742
-2.815
-2.953
-3.103
-3.191
-3.18
-3.126
-3.055
-2.942
-2.844
-2.797
-2.81
-2.878
-2.971
-3.064
-3.162
-3.198
-3.139
-3.033
-2.915
-2.815
-2.738
-2.652
-2.606
-2.681
-2.817
-2.962
-3.096
-3.207
-3.309
-3.364
-3.339
-3.219
-3.046
-2.885
-2.724
-2.574
-2.47
-2.447
-2.495
-2.597
-2.74
-2.897
-3.021
-3.087
-3.126
-3.135
-3.144
-3.169
-3.133
-3.042
-2.985
-2.969
-2.969
-2.953
-2.942
-2.956
-2.965
-2.946
-2.926
-2.867
-2.774
-2.708
-2.738
-2.824
-2.912
-2.994
-3.098
-3.253
-3.398
-3.445
-3.411
-3.337
-3.271
-3.191
-3.083
-2.976
-2.881
-2.842
-2.849
-2.89
-2.94
-2.976
-2.99
-3.024
-3.087
-3.137
-3.18
-3.212
-3.269
-3.377
-3.439
-3.45
-3.441
-3.4
-3.355
-3.296
-3.228
-3.141
-3.067
-3.044
-3.055
-3.062
-3.071
-3.103
-3.151
-3.23
-3.35
-3.439
-3.502
-3.541
-3.536
-3.495
-3.455
-3.409
-3.362
-3.343
-3.366
-3.402
-3.405
-3.355
-3.303
-3.307
-3.309
-3.244
-3.13
-3.08
-3.101
-3.153
-3.223
-3.273
-3.312
-3.389
-3.473
-3.541
-3.552
-3.507
-3.402
-3.284
-3.182
-3.112
-3.078
-3.073
-3.08
-3.121
-3.212
-3.291
-3.28
-3.223
-3.169
-3.112
-3.085
-3.087
-3.089
-3.096
-3.137
-3.205
-3.278
-3.332
-3.375
-3.382
-3.321
-3.196
-3.046
-2.937
-2.894
-2.867
-2.844
-2.856
-2.86
-2.885
-2.974
-3.067
-3.139
-3.212
-3.273
-3.312
-3.312
-3.28
-3.219
-3.148
-3.092
-3.085
-3.098
-3.069
-3.015
-2.983
-3.039
-3.117
-3.144
-3.103
-3.01
-2.915
-2.906
-2.937
-2.971
-3.003
-3.037
-3.103
-3.207
-3.312
-3.393
-3.425
-3.35
-3.232
-3.08
-2.892
-2.692
-2.543
-2.497
-2.54
-2.588
-2.652
-2.731
-2.826
-2.91
-2.99
-3.069
-3.133
-3.128
-3.055
-2.983
-2.949
-2.922
-2.888
-2.878
-2.874
-2.815
-2.756
-2.763
-2.792
-2.779
-2.688
-2.565
-2.475
-2.452
-2.488
-2.554
-2.633
-2.717
-2.776
-2.84
-2.946
-3.071
-3.135
-3.112
-3.008
-2.863
-2.706
-2.54
-2.377
-2.277
-2.275
-2.336
-2.4
-2.452
-2.481
-2.488
-2.509
-2.563
-2.581
-2.525
-2.466
-2.472
-2.509
-2.538
-2.529
-2.497
-2.443
-2.377
-2.332
-2.332
-2.35
-2.336
-2.268
-2.177
-2.066
-2.001
-1.985
-1.994
-2.026
-2.096
-2.184
-2.245
-2.277
-2.275
-2.257
-2.218
-2.18
-2.159
-2.105
-2.007
-1.942
-1.939
-1.946
-1.919
-1.894
-1.876
-1.855
-1.819
-1.801
-1.821
-1.835
-1.796
-1.774
-1.771
-1.778
-1.837
-1.91
-1.928
-1.874
-1.821
-1.805
-1.805
-1.783
-1.781
-1.805
-1.778
-1.708
-1.638
-1.572
-1.492
-1.472
-1.54
-1.624
-1.681
-1.713
-1.744
-1.774
-1.776
-1.815
-1.876
-1.839
-1.751
-1.715
-1.71
-1.654
-1.536
-1.424
-1.354
-1.286
-1.277
-1.341
-1.404
-1.438
-1.456
-1.456
-1.449
-1.458
-1.474
-1.479
-1.492
-1.526
-1.586
-1.629
-1.62
-1.581
-1.556
-1.547
-1.504
-1.411
-1.259
-1.066
-0.882
-0.792
-0.826
-0.896
-0.975
-1.134
-1.295
-1.393
-1.458
-1.522
-1.529
-1.481
-1.431
-1.424
-1.42
-1.354
-1.229
-1.17
-1.145
-1.105
-1.102
-1.132
-1.109
-1.073
-1.062
-1.05
-1.007
-0.955
-0.928
-0.898
-0.894
-0.987
-1.132
-1.218
-1.284
-1.327
-1.284
-1.17
-1.016
-0.826
-0.594
-0.367
-0.202
-0.181
-0.268
-0.356
-0.465
-0.596
-0.696
-0.744
-0.742
-0.705
-0.56
-0.317
-0.15
-0.125
-0.116
-0.102
-0.168
-0.224
-0.227
-0.236
-0.229
-0.161
-0.075
-0.02
0.014
0.048
0.107
0.154
0.15
0.109
0.004
-0.202
-0.406
-0.531
-0.583
-0.574
-0.479
-0.293
-0.054
0.141
0.32
0.451
0.397
0.227
0.039
-0.186
-0.392
-0.535
-0.612
-0.601
-0.513
-0.386
-0.206
-0.011
0.082
0.093
0.059
-0.057
-0.209
-0.299
-0.367
-0.451
-0.492
-0.424
-0.311
-0.179
-0.039
0.104
0.222
0.274
0.218
0.104
-0.066
-0.247
-0.383
-0.431
-0.424
-0.349
-0.184
0.002
0.152
0.245
0.315
0.354
0.259
0.05
-0.107
-0.222
-0.313
-0.311
-0.215
-0.07
0.12
0.338
0.515
0.624
0.676
0.619
0.431
0.213
0.054
-0.098
-0.202
-0.156
0.009
0.211
0.386
0.551
0.714
0.78
0.714
0.603
0.476
0.313
0.168
0.093
0.091
0.154
0.281
0.438
0.59
0.705
0.751
0.721
0.642
0.506
0.351
0.215
0.098
0.048
0.161
0.404
0.624
0.764
0.921
1.05
1.034
0.909
0.73
0.535
0.322
0.188
0.179
0.224
0.256
0.422
0.735
0.939
0.987
1.005
0.955
0.796
0.637
0.522
0.429
0.379
0.411
0.517
0.678
0.828
0.916
0.987
1.034
0.928
0.669
0.429
0.283
0.179
0.136
0.175
0.272
0.417
0.567
0.703
0.787
0.794
0.733
0.59
0.377
0.186
0.12
0.111
0.127
0.209
0.343
0.497
0.63
0.714
0.726
0.653
0.551
0.449
0.293
0.172
0.152
0.168
0.245
0.411
0.606
0.76
0.828
0.823
0.792
0.671
0.501
0.336
0.17
0.039
0.084
0.256
0.44
0.633
0.844
1
1.062
0.989
0.844
0.676
0.472
0.27
0.168
0.243
0.442
0.635
0.823
1.052
1.211
1.243
1.193
1.064
0.871
0.653
0.451
0.329
0.336
0.44
0.576
0.69
0.792
0.98
1.17
1.175
1.021
0.866
0.699
0.515
0.379
0.327
0.372
0.531
0.748
0.975
1.143
1.238
1.223
1.089
0.937
0.739
0.46
0.202
0.079
0.104
0.277
0.538
0.78
1.005
1.211
1.318
1.234
0.948
0.674
0.501
0.299
0.073
0.007
0.088
0.227
0.433
0.683
0.909
1.064
1.077
0.971
0.814
0.628
0.431
0.259
0.222
0.29
0.347
0.451
0.669
0.896
1.032
1.062
0.959
0.767
0.526
0.327
0.22
0.152
0.127
0.279
0.528
0.728
0.912
1.082
1.152
1.082
0.934
0.726
0.488
0.263
0.125
0.116
0.243
0.447
0.71
0.95
1.034
1.016
0.971
0.912
0.812
0.671
0.501
0.379
0.349
0.401
0.528
0.769
0.996
1.086
1.102
1.037
0.817
0.542
0.34
0.209
0.145
0.181
0.338
0.601
0.848
1.062
1.277
1.341
1.202
0.987
0.753
0.481
0.19
-0.027
-0.084
0.02
0.181
0.401
0.708
0.984
1.1
1.091
1.014
0.839
0.621
0.381
0.145
-0.027
-0.086
-0.004
0.204
0.438
0.651
0.853
0.941
0.898
0.778
0.599
0.383
0.163
-0.02
-0.107
-0.068
0.032
0.15
0.377
0.658
0.841
0.923
0.916
0.771
0.533
0.313
0.159
0.086
0.084
0.152
0.261
0.379
0.469
0.576
0.626
0.61
0.574
0.513
0.426
0.374
0.363
0.408
0.474
0.513
0.492
0.508
0.517
0.431
0.302
0.179
0.079
0.043
0.059
0.088
0.163
0.297
0.429
0.535
0.601
0.63
0.626
0.469
0.231
0.052
-0.084
-0.184
-0.204
-0.125
0.023
0.163
0.265
0.295
0.299
0.281
0.209
0.136
0.054
-0.075
-0.202
-0.265
-0.252
-0.107
0.147
0.417
0.612
0.685
0.674
0.594
0.367
0.111
-0.045
-0.147
-0.24
-0.272
-0.222
-0.118
0.02
0.154
0.229
0.283
0.311
0.259
0.179
0.098
0.02
-0.034
-0.079
-0.12
-0.098
0.016
0.172
0.308
0.408
0.508
0.553
0.404
0.12
-0.088
-0.179
-0.206
-0.19
-0.109
0.036
0.17
0.247
0.229
0.213
0.22
0.17
0.079
-0.048
-0.202
-0.311
-0.349
-0.336
-0.274
-0.154
-0.009
0.077
0.052
-0.016
-0.098
-0.295
-0.499
-0.531
-0.449
-0.379
-0.324
-0.229
-0.088
0.009
0.025
-0.041
-0.116
-0.222
-0.431
-0.651
-0.792
-0.817
-0.699
-0.524
-0.363
-0.227
-0.079
0.059
0.143
0.122
0.048
-0.063
-0.297
-0.574
-0.719
-0.708
-0.63
-0.483
-0.206
0.109
0.302
0.313
0.188
0.043
-0.113
-0.347
-0.608
-0.78
-0.787
-0.667
-0.492
-0.295
-0.054
0.211
0.42
0.497
0.408
0.204
-0.043
-0.336
-0.606
-0.739
-0.73
-0.596
-0.381
-0.116
0.161
0.397
0.528
0.56
0.515
0.379
0.125
-0.147
-0.297
-0.297
-0.204
-0.045
0.15
0.386
0.651
0.855
0.932
0.9
0.812
0.635
0.361
0.098
-0.014
0.039
0.211
0.46
0.762
1.059
1.284
1.406
1.402
1.284
1.093
0.871
0.699
0.615
0.633
0.726
0.846
1.009
1.275
1.526
1.59
1.508
1.415
1.341
1.223
1.048
0.871
0.814
0.921
1.12
1.325
1.497
1.604
1.651
1.658
1.61
1.456
1.238
1.037
0.857
0.733
0.739
0.914
1.17
1.402
1.62
1.771
1.765
1.583
1.325
1.068
0.81
0.578
0.433
0.411
0.519
0.771
1.114
1.413
1.586
1.654
1.601
1.388
1.068
0.753
0.501
0.338
0.268
0.343
0.569
0.869
1.157
1.413
1.656
1.785
1.676
1.431
1.184
0.855
0.501
0.302
0.333
0.526
0.826
1.195
1.554
1.821
1.973
1.98
1.849
1.615
1.313
0.966
0.642
0.467
0.56
0.889
1.263
1.595
1.923
2.218
2.361
2.307
2.114
1.871
1.629
1.393
1.179
1.057
1.093
1.327
1.706
2.125
2.422
2.545
2.593
2.572
2.422
2.189
1.919
1.715
1.626
1.692
1.855
2.05
2.282
2.563
2.819
2.974
2.965
2.84
2.649
2.409
2.177
2.05
2.014
2.039
2.2
2.513
2.806
2.978
3.058
3.087
3.06
2.983
2.84
2.681
2.543
2.45
2.427
2.515
2.665
2.828
3.017
3.175
3.228
3.151
2.978
2.763
2.572
2.475
2.425
2.402
2.429
2.552
2.715
2.865
2.956
2.974
2.931
2.831
2.679
2.495
2.348
2.25
2.214
2.293
2.454
2.593
2.699
2.826
2.944
2.987
2.912
2.756
2.609
2.497
2.395
2.311
2.295
2.375
2.536
2.749
2.96
3.117
3.157
3.103
3.021
2.942
2.844
2.726
2.627
2.59
2.609
2.62
2.645
2.742
2.917
3.06
3.105
3.101
3.094
3.071
3.028
2.992
3.003
3.046
3.076
3.076
3.087
3.178
3.321
3.416
3.414
3.348
3.257
3.167
3.135
3.164
3.191
3.216
3.282
3.386
3.5
3.561
3.523
3.445
3.409
3.405
3.391
3.348
3.328
3.348
3.362
3.377
3.393
3.42
3.443
3.448
3.459
3.493
3.504
3.459
3.42
3.441
3.482
3.484
3.475
3.484
3.507
3.532
3.552
3.541
3.457
3.305
3.194
3.167
3.155
3.114
3.08
3.117
3.173
3.21
3.219
3.253
3.289
3.325
3.3
3.205
3.13
3.119
3.137
3.13
3.112
3.128
3.089
2.944
2.804
2.776
2.797
2.765
2.731
2.758
2.838
2.906
2.969
3.083
3.18
3.173
3.092
2.999
2.897
2.765
2.636
2.543
2.52
2.577
2.661
2.74
2.865
3.001
3.055
2.983
2.844
2.738
2.649
2.527
2.436
2.409
2.459
2.593
2.79
3.017
3.198
3.282
3.246
3.105
2.912
2.699
2.477
2.323
2.302
2.382
2.525
2.742
3.049
3.35
3.57
3.636
3.545
3.368
3.101
2.785
2.559
2.472
2.475
2.556
2.722
2.958
3.191
3.341
3.384
3.337
3.228
3.049
2.849
2.656
2.497
2.384
2.343
2.432
2.636
2.863
3.015
3.114
3.178
3.13
2.949
2.715
2.522
2.364
2.237
2.125
2.103
2.239
2.434
2.631
2.813
2.931
2.906
2.724
2.488
2.241
2.012
1.83
1.747
1.771
1.921
2.15
2.348
2.481
2.627
2.747
2.729
2.568
2.32
2.066
1.855
1.719
1.703
1.787
1.908
2.035
2.198
2.391
2.547
2.584
2.531
2.427
2.273
2.084
1.901
1.792
1.803
1.912
2.05
2.191
2.295
2.388
2.432
2.4
2.316
2.189
2.01
1.853
1.776
1.749
1.726
1.794
1.958
2.189
2.418
2.572
2.615
2.561
2.416
2.248
2.123
2.039
1.917
1.785
1.735
1.801
1.946
2.137
2.291
2.402
2.488
2.488
2.327
2.078
1.887
1.769
1.651
1.574
1.669
1.876
2.044
2.164
2.268
2.273
2.146
2.012
1.908
1.769
1.615
1.522
1.551
1.681
1.815
1.919
2.005
2.075
2.062
1.989
1.835
1.601
1.42
1.313
1.227
1.189
1.254
1.338
1.424
1.558
1.726
1.842
1.762
1.579
1.463
1.379
1.213
1.037
0.941
0.937
0.98
1.096
1.273
1.445
1.54
1.556
1.517
1.424
1.193
0.907
0.753
0.733
0.753
0.83
0.919
0.984
1.073
1.141
1.143
1.136
1.105
0.966
0.746
0.587
0.574
0.61
0.624
0.712
0.912
1.098
1.177
1.179
1.157
1.098
0.971
0.803
0.651
0.56
0.54
0.608
0.748
0.916
1.005
1.025
1.068
1.136
1.148
1.071
0.946
0.805
0.696
0.646
0.664
0.724
0.821
0.909
0.944
0.978
1.003
0.905
0.778
0.719
0.619
0.435
0.347
0.399
0.49
0.601
0.758
0.9
0.959
0.932
0.864
0.755
0.587
0.381
0.213
0.122
0.116
0.145
0.184
0.27
0.413
0.515
0.54
0.49
0.406
0.297
0.154
-0.032
-0.193
-0.254
-0.256
-0.272
-0.252
-0.179
-0.088
-0.016
0.048
0.023
-0.095
-0.172
-0.213
-0.295
-0.395
-0.447
-0.431
-0.388
-0.336
-0.288
-0.204
-0.129
-0.138
-0.172
-0.197
-0.24
-0.343
-0.467
-0.506
-0.447
-0.37
-0.311
-0.245
-0.209
-0.193
-0.166
-0.177
-0.295
-0.422
-0.49
-0.544
-0.612
-0.642
-0.635
-0.612
-0.535
-0.445
-0.386
-0.338
-0.329
-0.381
-0.456
-0.54
-0.603
-0.626
-0.628
-0.64
-0.585
-0.458
-0.381
-0.388
-0.406
-0.374
-0.397
-0.533
-0.653
-0.708
-0.792
-0.866
-0.83
-0.737
-0.667
-0.596
-0.528
-0.504
-0.531
-0.599
-0.719
-0.896
-1.03
-1.084
-1.071
-1.046
-1.05
-1.025
-0.898
-0.76
-0.69
-0.633
-0.651
-0.769
-0.846
-0.891
-0.996
-1.143
-1.232
-1.22
-1.148
-1.066
-0.955
-0.937
-1.034
-1.077
-1.05
-1.134
-1.302
-1.365
-1.352
-1.365
-1.343
-1.252
-1.159
-1.111
-1.064
-1
-1.023
-1.168
-1.345
-1.411
-1.427
-1.529
-1.626
-1.581
-1.461
-1.379
-1.288
-1.213
-1.216
-1.252
-1.252
-1.247
-1.286
-1.372
-1.495
-1.649
-1.735
-1.656
-1.556
-1.601
-1.633
-1.54
-1.486
-1.502
-1.511
-1.533
-1.624
-1.733
-1.76
-1.726
-1.726
-1.751
-1.728
-1.651
-1.626
-1.654
-1.635
-1.601
-1.694
-1.885
-1.939
-1.885
-1.905
-1.985
-1.996
-1.955
-1.889
-1.805
-1.758
-1.765
-1.79
-1.801
-1.839
-1.896
-1.887
-1.885
-1.987
-2.087
-2.084
-2.082
-2.116
-2.078
-1.967
-1.876
-1.874
-1.892
-1.908
-1.958
-2.069
-2.155
-2.2
-2.255
-2.295
-2.257
-2.196
-2.203
-2.264
-2.23
-2.128
-2.1
-2.162
-2.245
-2.341
-2.429
-2.475
-2.47
-2.463
-2.454
-2.404
-2.323
-2.232
-2.241
-2.289
-2.302
-2.343
-2.432
-2.47
-2.472
-2.5
-2.522
-2.509
-2.484
-2.468
-2.422
-2.352
-2.323
-2.325
-2.402
-2.525
-2.543
-2.484
-2.479
-2.561
-2.665
-2.695
-2.624
-2.545
-2.527
-2.543
-2.554
-2.534
-2.522
-2.563
-2.584
-2.606
-2.606
-2.554
-2.509
-2.506
-2.509
-2.479
-2.447
-2.456
-2.493
-2.554
-2.64
-2.726
-2.751
-2.726
-2.67
-2.584
-2.538
-2.547
-2.595
-2.606
-2.579
-2.54
-2.556
-2.597
-2.597
-2.54
-2.515
-2.561
-2.572
-2.52
-2.459
-2.443
-2.484
-2.547
-2.593
-2.636
-2.72
-2.779
-2.77
-2.754
-2.749
-2.683
-2.604
-2.629
-2.665
-2.62
-2.57
-2.597
-2.672
-2.724
-2.715
-2.711
-2.735
-2.765
-2.742
-2.704
-2.711
-2.779
-2.781
-2.745
-2.735
-2.726
-2.733
-2.742
-2.731
-2.729
-2.749
-2.774
-2.776
-2.804
-2.867
-2.883
-2.86
-2.935
-2.992
-2.944
-2.928
-2.994
-3.051
-2.994
-2.888
-2.806
-2.742
-2.686
-2.658
-2.638
-2.638
-2.738
-2.842
-2.876
-2.933
-3.015
-3.062
-3.076
-3.033
-2.946
-2.901
-2.899
-2.883
-2.899
-2.949
-2.942
-2.901
-2.908
-2.903
-2.858
-2.869
-2.965
-3.026
-2.992
-2.928
-2.919
-2.967
-3.01
-3.019
-2.958
-2.878
-2.899
-2.983
-3.017
-3.001
-2.983
-2.98
-2.98
-2.94
-2.874
-2.844
-2.883
-2.969
-3.096
-3.21
-3.264
-3.271
-3.341
-3.362
-3.244
-3.167
-3.173
-3.151
-3.089
-3.033
-3.012
-3.033
-3.069
-3.105
-3.137
-3.164
-3.244
-3.373
-3.445
-3.47
-3.489
-3.5
-3.507
-3.464
-3.359
-3.257
-3.221
-3.269
-3.337
-3.398
-3.455
-3.484
-3.536
-3.582
-3.561
-3.55
-3.6
-3.627
-3.611
-3.584
-3.557
-3.566
-3.613
-3.67
-3.661
-3.559
-3.461
-3.464
-3.441
-3.377
-3.352
-3.396
-3.468
-3.539
-3.57
-3.588
-3.611
-3.638
-3.62
-3.57
-3.523
-3.482
-3.461
-3.423
-3.346
-3.287
-3.303
-3.337
-3.332
-3.312
-3.307
-3.296
-3.294
-3.343
-3.391
-3.386
-3.373
-3.368
-3.371
-3.321
-3.207
-3.155
-3.182
-3.189
-3.141
-3.071
-3.042
-3.096
-3.187
-3.257
-3.314
-3.389
-3.43
-3.425
-3.38
-3.305
-3.255
-3.25
-3.203
-3.105
-3.044
-3.06
-3.137
-3.25
-3.328
-3.362
-3.416
-3.432
-3.355
-3.259
-3.178
-3.094
-3.073
-3.157
-3.235
-3.212
-3.198
-3.298
-3.396
-3.407
-3.398
-3.396
-3.357
-3.291
-3.235
-3.205
-3.203
-3.248
-3.339
-3.441
-3.482
-3.491
-3.539
-3.554
-3.511
-3.484
-3.473
-3.407
-3.305
-3.219
-3.173
-3.194
-3.284
-3.398
-3.455
-3.425
-3.38
-3.382
-3.396
-3.391
-3.396
-3.382
-3.366
-3.343
-3.334
-3.35
-3.373
-3.393
-3.411
-3.414
-3.38
-3.35
-3.341
-3.325
-3.341
-3.375
-3.359
-3.33
-3.321
-3.282
-3.219
-3.191
-3.246
-3.332
-3.352
-3.275
-3.173
-3.137
-3.119
-3.087
-3.098
-3.135
-3.133
-3.083
-3.06
-3.087
-3.105
-3.117
-3.128
-3.096
-3.042
-2.987
-2.956
-2.937
-2.926
-2.958
-3.005
-3.044
-3.055
-3.005
-2.917
-2.835
-2.824
-2.903
-2.965
-2.894
-2.776
-2.772
-2.844
-2.883
-2.908
-2.937
-2.903
-2.808
-2.747
-2.699
-2.649
-2.615
-2.579
-2.554
-2.581
-2.638
-2.672
-2.708
-2.801
-2.922
-3.001
-2.999
-2.926
-2.806
-2.679
-2.599
-2.602
-2.647
-2.69
-2.701
-2.695
-2.701
-2.794
-2.933
-3.003
-2.99
-2.978
-2.971
-2.91
-2.813
-2.751
-2.774
-2.826
-2.854
-2.849
-2.815
-2.765
-2.692
-2.649
-2.69
-2.772
-2.781
-2.717
-2.656
-2.649
-2.674
-2.688
-2.663
-2.602
-2.547
-2.522
-2.515
-2.522
-2.513
-2.456
-2.4
-2.334
-2.295
-2.277
-2.239
-2.187
-2.175
-2.23
-2.277
-2.248
-2.162
-2.057
-1.967
-1.917
-1.883
-1.869
-1.869
-1.844
-1.787
-1.767
-1.771
-1.776
-1.753
-1.719
-1.679
-1.622
-1.599
-1.608
-1.604
-1.574
-1.572
-1.592
-1.61
-1.624
-1.599
-1.547
-1.499
-1.472
-1.479
-1.454
-1.397
-1.322
-1.275
-1.291
-1.354
-1.424
-1.454
-1.422
-1.397
-1.393
-1.377
-1.354
-1.304
-1.2
-1.066
-1.003
-1.048
-1.136
-1.186
-1.232
-1.318
-1.379
-1.381
-1.315
-1.204
-1.125
-1.1
-1.123
-1.154
-1.177
-1.191
-1.22
-1.241
-1.27
-1.318
-1.315
-1.232
-1.12
-1.041
-1.018
-1
-0.982
-0.989
-1.014
-1.039
-1.105
-1.182
-1.186
-1.086
-0.946
-0.862
-0.821
-0.769
-0.701
-0.633
-0.626
-0.69
-0.796
-0.855
-0.857
-0.837
-0.812
-0.805
-0.796
-0.755
-0.708
-0.667
-0.606
-0.535
-0.542
-0.585
-0.608
-0.633
-0.644
-0.608
-0.562
-0.515
-0.395
-0.243
-0.163
-0.175
-0.247
-0.34
-0.408
-0.408
-0.367
-0.356
-0.372
-0.347
-0.245
-0.116
-0.018
0.007
-0.002
0.014
0.05
0.039
-0.032
-0.1
-0.127
-0.073
0.039
0.175
0.304
0.388
0.429
0.499
0.606
0.669
0.633
0.533
0.44
0.374
0.351
0.42
0.544
0.619
0.646
0.717
0.805
0.853
0.828
0.735
0.646
0.624
0.646
0.671
0.68
0.676
0.69
0.751
0.851
0.95
1.003
0.989
0.928
0.848
0.814
0.83
0.837
0.832
0.837
0.83
0.855
0.957
1.052
1.055
0.996
0.959
0.953
0.939
0.846
0.708
0.615
0.653
0.826
1.009
1.111
1.161
1.186
1.195
1.22
1.241
1.189
1.048
0.957
0.955
1.039
1.154
1.229
1.268
1.304
1.32
1.343
1.413
1.463
1.434
1.352
1.309
1.311
1.304
1.284
1.288
1.331
1.427
1.554
1.638
1.674
1.665
1.622
1.606
1.631
1.654
1.606
1.554
1.613
1.762
1.933
2.041
2.066
2.069
2.062
2.007
1.942
1.923
1.91
1.851
1.819
1.889
2.026
2.141
2.209
2.237
2.264
2.327
2.409
2.418
2.341
2.237
2.159
2.121
2.103
2.08
2.016
1.96
2.03
2.232
2.4
2.432
2.411
2.425
2.441
2.373
2.309
2.295
2.255
2.15
2.075
2.089
2.159
2.207
2.203
2.148
2.109
2.119
2.148
2.148
2.128
2.175
2.239
2.289
2.37
2.425
2.37
2.271
2.273
2.339
2.361
2.291
2.184
2.171
2.252
2.3
2.332
2.393
2.432
2.429
2.454
2.497
2.513
2.49
2.452
2.42
2.445
2.534
2.604
2.593
2.522
2.454
2.388
2.354
2.398
2.452
2.438
2.432
2.538
2.72
2.881
2.928
2.899
2.928
2.969
2.912
2.815
2.774
2.76
2.72
2.711
2.747
2.785
2.808
2.86
2.962
3.06
3.114
3.133
3.073
2.992
2.967
2.992
3.035
3.089
3.114
3.067
3.06
3.157
3.307
3.38
3.348
3.282
3.21
3.169
3.151
3.105
3.092
3.123
3.175
3.237
3.316
3.375
3.362
3.316
3.307
3.269
3.092
2.851
2.74
2.749
2.799
2.878
2.978
3.037
3.01
2.922
2.881
2.951
3.019
2.974
2.84
2.747
2.695
2.645
2.679
2.77
2.779
2.711
2.645
2.624
2.611
2.559
2.456
2.388
2.422
2.49
2.468
2.391
2.413
2.561
2.667
2.701
2.745
2.717
2.565
2.366
2.232
2.196
2.205
2.2
2.193
2.243
2.348
2.422
2.477
2.574
2.595
2.456
2.302
2.237
2.243
2.259
2.23
2.232
2.298
2.382
2.411
2.35
2.252
2.248
2.325
2.35
2.339
2.323
2.286
2.237
2.257
2.373
2.481
2.481
2.436
2.447
2.481
2.463
2.398
2.404
2.447
2.357
2.221
2.218
2.314
2.379
2.422
2.525
2.672
2.783
2.774
2.674
2.545
2.45
2.466
2.495
2.432
2.361
2.329
2.316
2.377
2.525
2.667
2.701
2.681
2.677
2.672
2.631
2.55
2.475
2.477
2.497
2.411
2.314
2.332
2.398
2.461
2.547
2.631
2.656
2.593
2.486
2.384
2.275
2.23
2.3
2.366
2.323
2.277
2.282
2.295
2.352
2.407
2.375
2.277
2.2
2.157
2.125
2.1
2.105
2.105
2.15
2.207
2.168
2.064
1.989
1.962
1.951
1.973
1.962
1.91
1.835
1.744
1.694
1.685
1.71
1.742
1.658
1.488
1.406
1.431
1.468
1.508
1.549
1.572
1.583
1.56
1.526
1.488
1.452
1.395
1.307
1.297
1.311
1.225
1.159
1.254
1.443
1.586
1.665
1.663
1.581
1.472
1.363
1.291
1.238
1.184
1.15
1.105
1.13
1.284
1.436
1.526
1.613
1.708
1.765
1.751
1.658
1.54
1.431
1.35
1.257
1.225
1.336
1.422
1.386
1.438
1.656
1.835
1.896
1.867
1.799
1.708
1.583
1.472
1.424
1.395
1.402
1.458
1.531
1.635
1.747
1.765
1.708
1.703
1.744
1.731
1.669
1.61
1.601
1.64
1.681
1.769
1.894
1.878
1.737
1.676
1.688
1.685
1.654
1.617
1.597
1.595
1.545
1.481
1.517
1.622
1.663
1.701
1.756
1.79
1.76
1.642
1.52
1.472
1.472
1.454
1.411
1.35
1.347
1.384
1.379
1.386
1.402
1.363
1.281
1.257
1.275
1.295
1.286
1.229
1.179
1.186
1.175
1.075
0.996
0.946
0.909
0.878
0.875
0.916
0.957
0.966
0.998
1.075
1.145
1.202
1.173
1.046
0.93
0.878
0.828
0.796
0.798
0.785
0.724
0.685
0.701
0.748
0.814
0.835
0.885
1
1.062
1.034
0.975
0.912
0.841
0.771
0.753
0.789
0.805
0.78
0.835
0.93
0.971
0.971
0.957
0.944
0.941
0.934
0.919
0.916
0.921
0.878
0.86
0.934
1.034
1.111
1.159
1.17
1.209
1.261
1.281
1.261
1.211
1.182
1.207
1.238
1.293
1.395
1.418
1.318
1.281
1.336
1.399
1.418
1.436
1.458
1.468
1.44
1.368
1.347
1.388
1.424
1.47
1.513
1.531
1.533
1.54
1.531
1.52
1.551
1.592
1.572
1.508
1.474
1.477
1.443
1.415
1.449
1.47
1.454
1.454
1.474
1.486
1.458
1.39
1.327
1.345
1.375
1.352
1.32
1.275
1.216
1.2
1.218
1.241
1.268
1.338
1.461
1.588
1.651
1.717
1.744
1.656
1.545
1.479
1.429
1.406
1.438
1.463
1.472
1.502
1.524
1.56
1.656
1.731
1.776
1.833
1.871
1.867
1.844
1.81
1.787
1.79
1.828
1.885
1.903
1.885
1.928
1.996
2.012
2.014
2.057
2.109
2.153
2.173
2.191
2.232
2.266
2.232
2.193
2.218
2.268
2.325
2.402
2.447
2.475
2.506
2.55
2.536
2.538
2.586
2.64
2.649
2.661
2.738
2.819
2.867
2.926
2.987
3.046
3.092
3.078
3.042
3.01
2.965
2.863
2.801
2.847
2.917
3.015
3.135
3.239
3.355
3.441
3.45
3.43
3.427
3.414
3.334
3.207
3.128
3.117
3.151
3.232
3.382
3.523
3.577
3.584
3.62
3.681
3.672
3.595
3.504
3.45
3.418
3.42
3.473
3.554
3.636
3.704
3.72
3.672
3.634
3.686
3.758
3.722
3.627
3.6
3.634
3.661
3.69
3.754
3.808
3.849
3.872
3.886
3.888
3.879
3.87
3.838
3.784
3.731
3.688
3.697
3.774
3.867
3.904
3.879
3.838
3.786
3.743
3.718
3.668
3.582
3.502
3.484
3.525
3.604
3.677
3.693
3.65
3.55
3.423
3.33
3.259
3.164
3.092
3.094
3.135
3.21
3.312
3.375
3.375
3.339
3.271
3.169
2.98
2.799
2.674
2.604
2.556
2.543
2.572
2.663
2.788
2.849
2.817
2.747
2.654
2.488
2.271
2.041
1.86
1.76
1.708
1.731
1.858
1.996
2.094
2.182
2.257
2.227
2.055
1.853
1.708
1.54
1.32
1.15
1.096
1.132
1.247
1.404
1.549
1.624
1.631
1.595
1.524
1.388
1.2
0.991
0.826
0.755
0.746
0.785
0.919
1.082
1.198
1.266
1.281
1.268
1.209
1.077
0.912
0.746
0.603
0.51
0.497
0.578
0.733
0.882
0.996
1.043
1.018
0.95
0.862
0.737
0.576
0.469
0.388
0.315
0.329
0.447
0.615
0.726
0.735
0.728
0.755
0.751
0.669
0.574
0.506
0.422
0.333
0.308
0.408
0.553
0.646
0.705
0.771
0.828
0.848
0.776
0.608
0.408
0.259
0.19
0.204
0.286
0.388
0.501
0.63
0.737
0.767
0.699
0.574
0.44
0.315
0.249
0.231
0.222
0.259
0.392
0.576
0.71
0.758
0.705
0.615
0.506
0.383
0.283
0.229
0.215
0.193
0.184
0.268
0.422
0.531
0.587
0.612
0.628
0.569
0.44
0.279
0.125
-0.011
-0.122
-0.138
-0.082
0
0.093
0.202
0.327
0.406
0.411
0.308
0.179
0.057
-0.043
-0.111
-0.17
-0.177
-0.095
0.018
0.102
0.122
0.077
0.025
-0.011
-0.075
-0.147
-0.202
-0.19
-0.188
-0.197
-0.127
-0.009
0.059
0.059
0.032
0.027
0.016
-0.052
-0.166
-0.252
-0.315
-0.381
-0.422
-0.392
-0.315
-0.252
-0.15
-0.018
0.104
0.154
0.125
0.068
0
-0.068
-0.129
-0.206
-0.281
-0.297
-0.238
-0.152
-0.063
0.016
0.093
0.152
0.154
0.118
0.113
0.122
0.093
0.048
0.027
0.057
0.084
0.116
0.197
0.283
0.313
0.259
0.175
0.091
0.009
-0.045
-0.084
-0.102
-0.1
-0.082
-0.032
0.05
0.15
0.206
0.179
0.107
0.036
-0.025
-0.118
-0.224
-0.317
-0.331
-0.288
-0.234
-0.224
-0.229
-0.215
-0.181
-0.193
-0.245
-0.304
-0.358
-0.458
-0.576
-0.633
-0.626
-0.635
-0.651
-0.656
-0.644
-0.651
-0.728
-0.844
-0.944
-1.032
-1.082
-1.107
-1.118
-1.12
-1.102
-1.057
-0.996
-0.95
-0.95
-1.009
-1.077
-1.111
-1.12
-1.173
-1.281
-1.39
-1.454
-1.481
-1.52
-1.551
-1.554
-1.508
-1.454
-1.44
-1.445
-1.449
-1.468
-1.52
-1.622
-1.71
-1.715
-1.722
-1.744
-1.742
-1.692
-1.642
-1.631
-1.681
-1.767
-1.819
-1.835
-1.853
-1.88
-1.876
-1.817
-1.731
-1.663
-1.626
-1.599
-1.595
-1.617
-1.649
-1.683
-1.728
-1.824
-1.937
-1.992
-2.005
-2.035
-2.071
-2.084
-2.066
-1.992
-1.883
-1.799
-1.781
-1.771
-1.737
-1.719
-1.751
-1.799
-1.853
-1.903
-1.926
-1.898
-1.901
-1.989
-2.107
-2.15
-2.105
-2.066
-2.05
-2.019
-1.96
-1.905
-1.844
-1.828
-1.876
-1.917
-1.937
-1.96
-1.978
-2.005
-2.041
-2.109
-2.211
-2.291
-2.325
-2.341
-2.329
-2.286
-2.203
-2.094
-2.016
-2.003
-1.998
-1.998
-1.985
-1.958
-1.958
-1.998
-2.044
-2.053
-2.053
-2.057
-2.073
-2.141
-2.275
-2.429
-2.481
-2.441
-2.398
-2.364
-2.3
-2.177
-2.001
-1.885
-1.898
-1.987
-2.053
-2.075
-2.13
-2.239
-2.343
-2.422
-2.502
-2.538
-2.531
-2.538
-2.559
-2.54
-2.481
-2.386
-2.302
-2.277
-2.289
-2.293
-2.282
-2.282
-2.305
-2.375
-2.468
-2.513
-2.5
-2.486
-2.536
-2.643
-2.767
-2.86
-2.876
-2.835
-2.792
-2.772
-2.711
-2.577
-2.436
-2.343
-2.282
-2.28
-2.352
-2.452
-2.543
-2.667
-2.815
-2.933
-2.99
-2.969
-2.901
-2.774
-2.661
-2.613
-2.579
-2.497
-2.391
-2.413
-2.525
-2.611
-2.647
-2.667
-2.663
-2.645
-2.647
-2.613
-2.497
-2.373
-2.357
-2.427
-2.515
-2.611
-2.67
-2.636
-2.57
-2.547
-2.525
-2.45
-2.332
-2.225
-2.15
-2.13
-2.143
-2.148
-2.148
-2.182
-2.323
-2.515
-2.584
-2.565
-2.581
-2.568
-2.479
-2.382
-2.32
-2.243
-2.123
-2.032
-2.053
-2.139
-2.211
-2.268
-2.325
-2.402
-2.466
-2.452
-2.42
-2.416
-2.382
-2.354
-2.398
-2.463
-2.493
-2.5
-2.504
-2.497
-2.45
-2.398
-2.366
-2.311
-2.273
-2.295
-2.316
-2.316
-2.318
-2.336
-2.402
-2.536
-2.67
-2.706
-2.686
-2.679
-2.633
-2.543
-2.461
-2.368
-2.239
-2.148
-2.175
-2.277
-2.42
-2.534
-2.584
-2.627
-2.649
-2.631
-2.527
-2.361
-2.268
-2.282
-2.28
-2.273
-2.32
-2.364
-2.386
-2.407
-2.425
-2.413
-2.413
-2.409
-2.366
-2.32
-2.305
-2.282
-2.243
-2.223
-2.23
-2.257
-2.327
-2.416
-2.47
-2.456
-2.388
-2.311
-2.234
-2.123
-1.998
-1.912
-1.874
-1.933
-2.028
-2.087
-2.157
-2.275
-2.364
-2.425
-2.445
-2.384
-2.277
-2.166
-2.071
-2.016
-2.003
-2.001
-1.996
-2.01
-2.094
-2.148
-2.134
-2.148
-2.198
-2.23
-2.223
-2.218
-2.221
-2.216
-2.241
-2.286
-2.275
-2.211
-2.214
-2.264
-2.248
-2.225
-2.252
-2.268
-2.221
-2.148
-2.13
-2.141
-2.123
-2.084
-2.103
-2.196
-2.295
-2.334
-2.373
-2.413
-2.361
-2.23
-2.132
-2.039
-1.908
-1.83
-1.826
-1.835
-1.871
-1.926
-2.001
-2.046
-2.082
-2.164
-2.173
-2.055
-1.992
-2.003
-1.944
-1.862
-1.844
-1.858
-1.835
-1.83
-1.88
-1.944
-1.987
-2.019
-2.053
-2.107
-2.143
-2.107
-2.01
-1.901
-1.862
-1.889
-1.93
-1.944
-1.987
-2.055
-2.107
-2.148
-2.146
-2.112
-2.103
-2.094
-2.014
-1.908
-1.803
-1.728
-1.715
-1.767
-1.844
-1.935
-1.973
-1.958
-1.948
-1.996
-2.05
-2.003
-1.933
-1.905
-1.828
-1.74
-1.735
-1.771
-1.774
-1.762
-1.744
-1.71
-1.676
-1.658
-1.635
-1.563
-1.513
-1.579
-1.647
-1.606
-1.563
-1.606
-1.679
-1.685
-1.667
-1.654
-1.581
-1.436
-1.3
-1.247
-1.216
-1.166
-1.139
-1.229
-1.368
-1.418
-1.483
-1.61
-1.674
-1.667
-1.59
-1.445
-1.284
-1.175
-1.093
-0.964
-0.862
-0.941
-1.066
-1.123
-1.202
-1.325
-1.44
-1.542
-1.624
-1.629
-1.549
-1.434
-1.347
-1.266
-1.218
-1.22
-1.204
-1.159
-1.17
-1.268
-1.395
-1.479
-1.531
-1.595
-1.608
-1.511
-1.359
-1.277
-1.227
-1.159
-1.179
-1.284
-1.379
-1.429
-1.449
-1.488
-1.526
-1.542
-1.581
-1.604
-1.556
-1.483
-1.406
-1.281
-1.175
-1.157
-1.191
-1.259
-1.363
-1.461
-1.508
-1.492
-1.422
-1.427
-1.483
-1.431
-1.268
-1.132
-1.071
-1.055
-1.068
-1.098
-1.109
-1.123
-1.175
-1.229
-1.227
-1.227
-1.273
-1.27
-1.195
-1.157
-1.139
-1.089
-0.998
-0.907
-0.837
-0.762
-0.642
-0.558
-0.606
-0.687
-0.767
-0.887
-0.978
-0.98
-0.932
-0.871
-0.821
-0.771
-0.739
-0.71
-0.658
-0.63
-0.615
-0.524
-0.39
-0.372
-0.431
-0.467
-0.483
-0.526
-0.547
-0.513
-0.431
-0.374
-0.388
-0.39
-0.29
-0.215
-0.236
-0.268
-0.299
-0.347
-0.424
-0.526
-0.628
-0.676
-0.651
-0.594
-0.615
-0.644
-0.553
-0.447
-0.406
-0.367
-0.317
-0.356
-0.451
-0.524
-0.562
-0.569
-0.601
-0.637
-0.603
-0.528
-0.467
-0.42
-0.374
-0.374
-0.365
-0.354
-0.397
-0.51
-0.646
-0.753
-0.885
-0.98
-0.907
-0.742
-0.649
-0.583
-0.483
-0.372
-0.281
-0.211
-0.175
-0.141
-0.134
-0.24
-0.397
-0.515
-0.619
-0.685
-0.628
-0.451
-0.243
-0.102
-0.027
0.007
0.02
0.018
-0.018
-0.109
-0.168
-0.193
-0.261
-0.336
-0.349
-0.259
-0.102
0.048
0.159
0.263
0.377
0.415
0.354
0.293
0.227
0.132
0.041
-0.036
-0.07
-0.054
0.016
0.179
0.358
0.49
0.585
0.601
0.587
0.61
0.603
0.488
0.338
0.206
0.141
0.15
0.184
0.263
0.454
0.63
0.669
0.678
0.667
0.596
0.531
0.469
0.415
0.386
0.343
0.263
0.181
0.163
0.22
0.272
0.288
0.361
0.469
0.467
0.381
0.317
0.268
0.22
0.175
0.147
0.197
0.27
0.261
0.247
0.293
0.343
0.343
0.288
0.172
0.034
-0.063
-0.109
-0.138
-0.141
-0.098
-0.061
-0.091
-0.066
0.068
0.125
0.068
0.023
0.027
0.034
0.032
0.02
0.027
0.093
0.118
0.061
0.004
-0.05
-0.113
-0.113
-0.054
-0.02
0.025
0.079
0.127
0.161
0.138
0.118
0.113
0.077
0.093
0.188
0.24
0.27
0.361
0.469
0.504
0.519
0.578
0.644
0.708
0.717
0.671
0.635
0.626
0.619
0.635
0.671
0.71
0.801
0.925
1.037
1.116
1.166
1.184
1.152
1.055
0.962
0.925
0.88
0.873
0.966
1.116
1.27
1.427
1.558
1.644
1.679
1.656
1.549
1.395
1.245
1.093
0.982
0.966
1.048
1.213
1.399
1.556
1.676
1.701
1.624
1.511
1.377
1.236
1.143
1.077
1.021
0.987
0.987
1.05
1.179
1.325
1.418
1.481
1.526
1.474
1.325
1.177
1.037
0.914
0.871
0.909
0.946
0.968
1.034
1.114
1.139
1.086
1.021
0.932
0.776
0.642
0.628
0.667
0.714
0.796
0.898
1.012
1.073
1.016
0.925
0.891
0.83
0.692
0.596
0.547
0.535
0.596
0.719
0.851
0.934
0.966
0.95
0.851
0.683
0.54
0.454
0.386
0.383
0.469
0.578
0.69
0.792
0.93
1.089
1.2
1.184
1.107
1.043
0.964
0.853
0.758
0.717
0.726
0.853
1.048
1.223
1.379
1.54
1.669
1.701
1.635
1.533
1.404
1.241
1.125
1.125
1.225
1.395
1.617
1.844
2.035
2.173
2.237
2.227
2.182
2.109
1.978
1.842
1.781
1.79
1.889
2.037
2.193
2.343
2.466
2.538
2.563
2.527
2.436
2.341
2.255
2.182
2.162
2.173
2.239
2.32
2.377
2.427
2.506
2.572
2.584
2.593
2.595
2.502
2.332
2.168
2.06
2.053
2.116
2.184
2.23
2.259
2.271
2.259
2.175
2.014
1.887
1.819
1.749
1.706
1.724
1.803
1.878
1.894
1.864
1.839
1.771
1.654
1.549
1.474
1.368
1.25
1.173
1.125
1.1
1.157
1.245
1.247
1.2
1.186
1.2
1.145
1.021
0.932
0.905
0.848
0.789
0.78
0.819
0.878
0.923
0.944
0.95
0.941
0.916
0.896
0.903
0.887
0.798
0.728
0.735
0.832
0.982
1.086
1.077
1.057
1.059
1.039
0.955
0.844
0.794
0.83
0.914
1.048
1.236
1.431
1.583
1.674
1.685
1.642
1.556
1.454
1.368
1.356
1.39
1.422
1.447
1.536
1.708
1.871
1.946
1.976
2.014
2.023
1.996
1.946
1.896
1.88
1.903
1.939
1.946
1.946
2.066
2.225
2.305
2.343
2.377
2.382
2.332
2.28
2.232
2.175
2.146
2.171
2.252
2.359
2.432
2.49
2.538
2.525
2.475
2.42
2.357
2.257
2.182
2.193
2.248
2.257
2.25
2.298
2.343
2.348
2.3
2.225
2.109
1.998
1.969
1.944
1.905
1.905
1.958
2.014
2.055
2.066
2.032
1.926
1.79
1.697
1.64
1.538
1.422
1.397
1.422
1.431
1.422
1.39
1.35
1.295
1.243
1.186
1.096
0.971
0.851
0.769
0.728
0.708
0.701
0.692
0.653
0.624
0.626
0.608
0.531
0.46
0.435
0.406
0.354
0.311
0.297
0.331
0.406
0.49
0.494
0.401
0.322
0.322
0.304
0.224
0.143
0.086
0.073
0.109
0.2
0.32
0.408
0.458
0.522
0.585
0.583
0.497
0.406
0.379
0.367
0.367
0.399
0.456
0.583
0.771
0.939
1.012
1
0.971
0.948
0.937
0.934
0.928
0.912
0.889
0.932
1.034
1.123
1.182
1.238
1.291
1.338
1.35
1.304
1.223
1.207
1.247
1.291
1.291
1.27
1.327
1.44
1.515
1.511
1.452
1.377
1.331
1.338
1.359
1.307
1.227
1.223
1.313
1.406
1.468
1.504
1.526
1.52
1.486
1.431
1.331
1.202
1.114
1.15
1.227
1.234
1.22
1.273
1.354
1.402
1.381
1.281
1.141
0.998
0.912
0.864
0.783
0.699
0.746
0.93
1.089
1.164
1.227
1.247
1.157
1.003
0.835
0.676
0.56
0.551
0.649
0.783
0.907
1.037
1.182
1.279
1.313
1.295
1.189
1.023
0.871
0.778
0.717
0.726
0.819
0.975
1.132
1.261
1.365
1.411
1.347
1.227
1.173
1.141
1.034
0.932
0.959
1.062
1.154
1.241
1.365
1.511
1.647
1.749
1.781
1.685
1.499
1.37
1.315
1.322
1.352
1.368
1.406
1.531
1.701
1.824
1.846
1.815
1.796
1.742
1.626
1.513
1.481
1.508
1.504
1.506
1.574
1.633
1.62
1.665
1.753
1.765
1.676
1.59
1.558
1.592
1.665
1.751
1.828
1.826
1.812
1.887
1.955
1.93
1.871
1.851
1.821
1.74
1.676
1.697
1.753
1.849
2.016
2.207
2.327
2.341
2.309
2.275
2.248
2.175
2.084
2.044
2.057
2.155
2.364
2.586
2.715
2.783
2.856
2.899
2.892
2.858
2.779
2.692
2.686
2.801
2.985
3.133
3.212
3.348
3.489
3.507
3.432
3.339
3.266
3.237
3.255
3.271
3.25
3.264
3.339
3.45
3.561
3.631
3.645
3.636
3.668
3.67
3.575
3.455
3.359
3.287
3.262
3.278
3.343
3.448
3.529
3.575
3.607
3.595
3.498
3.362
3.266
3.164
3.024
2.937
2.908
2.874
2.867
2.956
3.069
3.121
3.098
3.033
2.949
2.826
2.665
2.522
2.429
2.314
2.214
2.257
2.384
2.395
2.329
2.336
2.354
2.261
2.166
2.13
2.041
1.91
1.844
1.837
1.805
1.751
1.76
1.801
1.751
1.613
1.522
1.47
1.372
1.291
1.297
1.307
1.25
1.234
1.288
1.273
1.157
1.075
1.014
0.903
0.746
0.617
0.547
0.535
0.533
0.524
0.556
0.617
0.656
0.66
0.592
0.465
0.331
0.247
0.143
0.007
-0.084
-0.122
-0.118
-0.061
0.009
0.048
0.075
0.079
0.039
-0.027
-0.129
-0.256
-0.365
-0.447
-0.515
-0.558
-0.576
-0.551
-0.454
-0.313
-0.252
-0.288
-0.311
-0.302
-0.37
-0.499
-0.578
-0.63
-0.712
-0.742
-0.656
-0.544
-0.492
-0.417
-0.313
-0.261
-0.261
-0.234
-0.195
-0.249
-0.338
-0.322
-0.254
-0.345
-0.506
-0.517
-0.413
-0.336
-0.263
-0.193
-0.19
-0.238
-0.256
-0.245
-0.288
-0.377
-0.46
-0.447
-0.358
-0.302
-0.293
-0.317
-0.356
-0.363
-0.315
-0.345
-0.46
-0.56
-0.585
-0.612
-0.671
-0.69
-0.66
-0.637
-0.624
-0.603
-0.59
-0.617
-0.744
-0.909
-1.037
-1.143
-1.209
-1.238
-1.275
-1.311
-1.313
-1.307
-1.315
-1.347
-1.361
-1.365
-1.402
-1.39
-1.354
-1.438
-1.574
-1.617
-1.613
-1.638
-1.679
-1.726
-1.794
-1.855
-1.883
-1.889
-1.903
-1.908
-1.801
-1.631
-1.576
-1.654
-1.676
-1.679
-1.81
-1.973
-2.046
-2.087
-2.13
-2.105
-2.03
-1.962
-1.919
-1.858
-1.815
-1.83
-1.894
-1.917
-1.83
-1.762
-1.815
-1.867
-1.889
-1.933
-1.93
-1.871
-1.824
-1.792
-1.74
-1.674
-1.622
-1.595
-1.597
-1.565
-1.533
-1.515
-1.468
-1.465
-1.574
-1.665
-1.638
-1.576
-1.554
-1.56
-1.565
-1.574
-1.54
-1.477
-1.436
-1.454
-1.499
-1.506
-1.427
-1.359
-1.356
-1.359
-1.372
-1.449
-1.497
-1.465
-1.438
-1.415
-1.399
-1.384
-1.341
-1.254
-1.159
-1.123
-1.17
-1.223
-1.198
-1.218
-1.356
-1.468
-1.452
-1.381
-1.322
-1.257
-1.195
-1.161
-1.141
-1.105
-1.096
-1.157
-1.273
-1.384
-1.386
-1.363
-1.37
-1.325
-1.254
-1.243
-1.25
-1.259
-1.273
-1.238
-1.175
-1.195
-1.295
-1.381
-1.409
-1.411
-1.472
-1.515
-1.47
-1.447
-1.513
-1.542
-1.511
-1.517
-1.586
-1.649
-1.676
-1.708
-1.771
-1.849
-1.876
-1.849
-1.846
-1.849
-1.805
-1.801
-1.889
-1.93
-1.896
-1.93
-2.035
-2.128
-2.139
-2.105
-2.096
-2.094
-2.073
-2.057
-2.066
-2.08
-2.08
-2.091
-2.084
-2.082
-2.109
-2.107
-2.064
-2.05
-2.053
-2.035
-2.019
-2.016
-2.005
-1.985
-1.967
-1.976
-2.032
-2.064
-1.989
-1.914
-1.933
-1.919
-1.815
-1.713
-1.649
-1.601
-1.565
-1.531
-1.545
-1.595
-1.601
-1.563
-1.531
-1.52
-1.483
-1.384
-1.25
-1.182
-1.207
-1.227
-1.218
-1.211
-1.186
-1.12
-1.066
-1.018
-0.916
-0.778
-0.699
-0.721
-0.81
-0.882
-0.885
-0.875
-0.898
-0.914
-0.903
-0.905
-0.885
-0.783
-0.637
-0.481
-0.379
-0.329
-0.304
-0.313
-0.374
-0.447
-0.522
-0.583
-0.585
-0.562
-0.599
-0.601
-0.504
-0.388
-0.302
-0.249
-0.243
-0.281
-0.365
-0.433
-0.458
-0.488
-0.565
-0.626
-0.558
-0.445
-0.397
-0.365
-0.331
-0.395
-0.531
-0.64
-0.703
-0.771
-0.848
-0.909
-0.889
-0.805
-0.708
-0.635
-0.628
-0.664
-0.662
-0.683
-0.814
-1.003
-1.136
-1.241
-1.338
-1.395
-1.422
-1.415
-1.393
-1.354
-1.311
-1.281
-1.347
-1.497
-1.592
-1.626
-1.724
-1.842
-1.901
-1.944
-1.985
-1.992
-1.926
-1.846
-1.876
-1.987
-2.075
-2.094
-2.089
-2.141
-2.193
-2.184
-2.193
-2.239
-2.214
-2.139
-2.114
-2.15
-2.171
-2.132
-2.089
-2.107
-2.187
-2.259
-2.227
-2.139
-2.096
-2.089
-2.057
-1.998
-1.901
-1.828
-1.81
-1.819
-1.835
-1.828
-1.726
-1.556
-1.483
-1.49
-1.465
-1.427
-1.377
-1.32
-1.302
-1.286
-1.273
-1.275
-1.273
-1.218
-1.17
-1.193
-1.198
-1.039
-0.841
-0.764
-0.773
-0.771
-0.721
-0.635
-0.565
-0.549
-0.558
-0.565
-0.538
-0.483
-0.447
-0.488
-0.526
-0.506
-0.447
-0.333
-0.247
-0.259
-0.304
-0.29
-0.243
-0.243
-0.29
-0.363
-0.479
-0.553
-0.494
-0.422
-0.433
-0.467
-0.492
-0.506
-0.506
-0.524
-0.601
-0.696
-0.742
-0.68
-0.585
-0.601
-0.687
-0.744
-0.821
-0.968
-1.086
-1.189
-1.327
-1.436
-1.418
-1.313
-1.268
-1.35
-1.506
-1.633
-1.663
-1.656
-1.728
-1.83
-1.912
-1.992
-2.021
-1.987
-1.958
-2.007
-2.071
-2.078
-2.023
-2.003
-2.109
-2.211
-2.23
-2.239
-2.271
-2.307
-2.336
-2.364
-2.379
-2.379
-2.32
-2.234
-2.175
-2.225
-2.295
-2.293
-2.293
-2.395
-2.475
-2.443
-2.348
-2.25
-2.141
-2.007
-1.896
-1.862
-1.894
-1.905
-1.889
-1.908
-1.926
-1.923
-1.869
-1.778
-1.688
-1.617
-1.504
-1.359
-1.257
-1.245
-1.286
-1.338
-1.379
-1.379
-1.295
-1.207
-1.139
-1.046
-0.907
-0.771
-0.676
-0.667
-0.674
-0.633
-0.54
-0.46
-0.42
-0.429
-0.465
-0.479
-0.463
-0.424
-0.345
-0.209
-0.079
0.036
0.147
0.211
0.141
-0.007
-0.129
-0.181
-0.152
-0.098
-0.066
-0.004
0.1
0.197
0.234
0.229
0.159
0.045
-0.014
0.029
0.1
0.113
0.066
0.063
0.127
0.161
0.143
0.127
0.091
0.025
-0.039
-0.066
-0.107
-0.209
-0.327
-0.397
-0.406
-0.367
-0.383
-0.465
-0.472
-0.39
-0.313
-0.274
-0.302
-0.395
-0.522
-0.664
-0.783
-0.846
-0.923
-1.018
-1.007
-0.928
-0.923
-0.971
-1.021
-1.068
-1.125
-1.179
-1.245
-1.334
-1.418
-1.472
-1.531
-1.597
-1.59
-1.56
-1.579
-1.608
-1.635
-1.69
-1.808
-1.91
-1.948
-1.951
-1.948
-1.928
-1.889
-1.853
-1.835
-1.844
-1.878
-1.896
-1.91
-1.951
-1.98
-1.982
-1.937
-1.849
-1.751
-1.71
-1.703
-1.688
-1.669
-1.672
-1.676
-1.685
-1.681
-1.658
-1.633
-1.574
-1.477
-1.352
-1.193
-1.077
-0.996
-0.946
-0.93
-0.921
-0.896
-0.896
-0.887
-0.846
-0.807
-0.753
-0.667
-0.542
-0.379
-0.202
-0.057
0.007
0.07
0.122
0.084
0.023
0.016
0.059
0.132
0.243
0.401
0.533
0.594
0.633
0.687
0.696
0.619
0.556
0.553
0.547
0.538
0.61
0.753
0.887
0.948
0.996
1.111
1.173
1.105
0.998
0.891
0.801
0.724
0.64
0.587
0.617
0.68
0.724
0.783
0.871
0.909
0.891
0.857
0.787
0.674
0.469
0.222
0.075
0.018
-0.025
-0.016
0.077
0.181
0.229
0.204
0.138
0.043
-0.1
-0.293
-0.476
-0.628
-0.753
-0.826
-0.787
-0.703
-0.628
-0.56
-0.562
-0.646
-0.812
-0.982
-1.073
-1.118
-1.189
-1.279
-1.315
-1.313
-1.338
-1.338
-1.27
-1.22
-1.273
-1.363
-1.399
-1.388
-1.422
-1.524
-1.572
-1.601
-1.676
-1.742
-1.724
-1.66
-1.599
-1.531
-1.424
-1.304
-1.261
-1.345
-1.44
-1.436
-1.434
-1.479
-1.517
-1.488
-1.393
-1.304
-1.22
-1.102
-1.014
-0.987
-0.921
-0.771
-0.626
-0.51
-0.413
-0.329
-0.274
-0.274
-0.306
-0.308
-0.297
-0.27
-0.161
0.073
0.313
0.438
0.483
0.549
0.658
0.726
0.705
0.662
0.669
0.68
0.678
0.742
0.848
0.903
0.912
0.984
1.082
1.148
1.191
1.218
1.259
1.257
1.207
1.157
1.13
1.118
1.084
1.068
1.15
1.293
1.356
1.297
1.22
1.186
1.139
1.014
0.821
0.628
0.54
0.544
0.576
0.594
0.587
0.567
0.587
0.621
0.596
0.501
0.367
0.227
0.073
-0.111
-0.315
-0.524
-0.676
-0.735
-0.68
-0.565
-0.504
-0.519
-0.549
-0.592
-0.703
-0.896
-1.109
-1.279
-1.427
-1.531
-1.551
-1.506
-1.477
-1.463
-1.39
-1.266
-1.202
-1.275
-1.44
-1.572
-1.699
-1.871
-2.046
-2.153
-2.171
-2.128
-2.03
-1.853
-1.642
-1.486
-1.411
-1.356
-1.307
-1.334
-1.47
-1.642
-1.762
-1.839
-1.844
-1.735
-1.545
-1.37
-1.209
-1.062
-0.966
-0.891
-0.812
-0.748
-0.714
-0.699
-0.664
-0.572
-0.449
-0.336
-0.247
-0.141
-0.009
0.102
0.193
0.288
0.367
0.413
0.456
0.51
0.551
0.569
0.646
0.817
1.064
1.343
1.56
1.685
1.769
1.801
1.79
1.785
1.815
1.846
1.88
1.908
1.935
2.007
2.121
2.189
2.25
2.359
2.466
2.518
2.547
2.613
2.679
2.683
2.629
2.561
2.484
2.459
2.513
2.611
2.695
2.729
2.674
2.595
2.581
2.62
2.67
2.708
2.726
2.724
2.751
2.79
2.858
2.928
2.974
2.98
2.958
2.858
2.708
2.584
2.445
2.348
2.323
2.329
2.354
2.384
2.436
2.556
2.733
2.878
2.971
3.021
2.996
2.937
2.892
2.828
2.706
2.597
2.513
2.484
2.534
2.606
2.652
2.688
2.776
2.903
3.003
3.064
3.133
3.18
3.205
3.266
3.328
3.305
3.228
3.157
3.137
3.175
3.21
3.198
3.182
3.201
3.239
3.291
3.339
3.312
3.296
3.382
3.482
3.529
3.543
3.534
3.484
3.368
3.219
3.112
3.015
2.928
2.906
2.953
3.01
3.026
3.015
3.037
3.092
3.126
3.162
3.223
3.191
3.01
2.856
2.79
2.692
2.574
2.484
2.427
2.384
2.388
2.432
2.454
2.386
2.286
2.232
2.193
2.159
2.125
2.055
2.003
2.01
2.069
2.084
2.048
2.035
2.1
2.196
2.191
2.062
1.937
1.835
1.708
1.588
1.454
1.304
1.223
1.268
1.368
1.436
1.443
1.47
1.52
1.545
1.597
1.624
1.531
1.368
1.245
1.193
1.164
1.12
1.091
1.15
1.225
1.209
1.2
1.284
1.32
1.286
1.291
1.32
1.295
1.252
1.238
1.268
1.291
1.277
1.279
1.261
1.25
1.307
1.365
1.347
1.293
1.257
1.245
1.281
1.368
1.495
1.64
1.735
1.753
1.781
1.849
1.86
1.815
1.756
1.683
1.62
1.624
1.656
1.685
1.719
1.796
1.91
1.969
2.016
2.123
2.193
2.173
2.139
2.121
2.082
2.026
2.053
2.18
2.329
2.443
2.495
2.49
2.536
2.615
2.643
2.633
2.595
2.556
2.577
2.658
2.74
2.806
2.869
2.919
2.949
3.005
3.037
2.942
2.817
2.835
2.883
2.828
2.79
2.858
2.98
3.094
3.167
3.21
3.225
3.239
3.246
3.191
3.073
2.958
2.876
2.835
2.863
2.962
3.069
3.157
3.21
3.244
3.273
3.246
3.135
2.971
2.831
2.772
2.704
2.674
2.801
2.946
2.994
3.03
3.094
3.123
3.105
3.028
2.908
2.785
2.665
2.611
2.586
2.565
2.627
2.763
2.838
2.849
2.847
2.819
2.735
2.631
2.518
2.391
2.28
2.196
2.157
2.187
2.282
2.32
2.316
2.384
2.472
2.481
2.422
2.32
2.175
2.019
1.91
1.835
1.787
1.803
1.937
2.075
2.132
2.166
2.18
2.107
1.992
1.889
1.808
1.724
1.615
1.574
1.62
1.733
1.803
1.799
1.815
1.876
1.867
1.792
1.756
1.703
1.595
1.517
1.483
1.468
1.486
1.524
1.556
1.601
1.667
1.747
1.765
1.663
1.588
1.554
1.468
1.361
1.329
1.341
1.365
1.406
1.443
1.44
1.418
1.395
1.331
1.263
1.22
1.177
1.159
1.229
1.331
1.379
1.39
1.37
1.338
1.313
1.259
1.164
1.073
1.037
1.082
1.143
1.141
1.202
1.325
1.395
1.372
1.329
1.291
1.229
1.148
1.032
0.88
0.755
0.699
0.742
0.878
1.052
1.125
1.159
1.263
1.341
1.286
1.166
1.064
0.989
0.964
0.971
0.971
1.009
1.145
1.377
1.545
1.56
1.536
1.522
1.449
1.343
1.25
1.168
1.105
1.089
1.15
1.252
1.386
1.515
1.601
1.642
1.649
1.576
1.468
1.427
1.393
1.334
1.347
1.427
1.538
1.69
1.853
1.964
1.996
1.962
1.917
1.833
1.676
1.558
1.506
1.47
1.506
1.622
1.781
1.939
2.05
2.1
2.087
2.003
1.839
1.626
1.436
1.291
1.168
1.114
1.229
1.449
1.64
1.783
1.876
1.935
1.905
1.762
1.556
1.372
1.259
1.204
1.177
1.159
1.223
1.386
1.531
1.649
1.742
1.762
1.719
1.624
1.452
1.204
0.989
0.862
0.785
0.764
0.835
0.909
0.989
1.182
1.399
1.486
1.443
1.293
1.107
0.912
0.708
0.535
0.451
0.454
0.547
0.712
0.814
0.823
0.855
0.923
0.9
0.801
0.66
0.51
0.426
0.401
0.397
0.365
0.345
0.34
0.308
0.238
0.186
0.193
0.152
0.075
0.077
0.12
0.098
0.036
0.011
0.016
0.052
0.111
0.152
0.15
0.159
0.179
0.166
0.107
0.004
-0.113
-0.175
-0.204
-0.245
-0.234
-0.172
-0.116
-0.086
-0.048
-0.041
-0.061
-0.077
-0.084
-0.127
-0.213
-0.274
-0.288
-0.322
-0.379
-0.401
-0.426
-0.479
-0.494
-0.467
-0.424
-0.413
-0.424
-0.408
-0.372
-0.347
-0.34
-0.302
-0.265
-0.34
-0.449
-0.504
-0.574
-0.685
-0.748
-0.76
-0.762
-0.758
-0.762
-0.748
-0.699
-0.646
-0.646
-0.71
-0.821
-0.914
-0.968
-1.05
-1.125
-1.062
-0.957
-0.934
-0.968
-1.003
-1.052
-1.098
-1.132
-1.116
-1.08
-1.055
-1.039
-0.987
-0.894
-0.832
-0.819
-0.769
-0.746
-0.773
-0.835
-0.925
-1.012
-1.052
-1.055
-1.018
-0.98
-0.955
-0.905
-0.846
-0.787
-0.728
-0.71
-0.744
-0.748
-0.73
-0.801
-0.928
-1.003
-1.043
-1.037
-0.962
-0.839
-0.705
-0.601
-0.508
-0.411
-0.361
-0.42
-0.578
-0.724
-0.832
-0.946
-1.025
-1.012
-0.921
-0.805
-0.653
-0.499
-0.404
-0.426
-0.508
-0.61
-0.737
-0.896
-1.021
-1.093
-1.17
-1.195
-1.111
-0.973
-0.853
-0.746
-0.649
-0.578
-0.551
-0.572
-0.667
-0.812
-0.937
-1.021
-1.064
-1.082
-1.084
-1.023
-0.946
-0.921
-0.871
-0.785
-0.789
-0.903
-1.003
-1.062
-1.161
-1.293
-1.334
-1.288
-1.263
-1.257
-1.211
-1.213
-1.307
-1.418
-1.49
-1.538
-1.57
-1.592
-1.606
-1.604
-1.588
-1.604
-1.64
-1.676
-1.699
-1.685
-1.654
-1.658
-1.733
-1.815
-1.889
-1.971
-1.996
-1.978
-2.01
-2.057
-2.071
-2.078
-2.103
-2.134
-2.153
-2.168
-2.205
-2.252
-2.266
-2.314
-2.348
-2.295
-2.241
-2.252
-2.277
-2.275
-2.327
-2.441
-2.536
-2.57
-2.554
-2.518
-2.468
-2.384
-2.293
-2.271
-2.309
-2.375
-2.445
-2.531
-2.572
-2.538
-2.518
-2.509
-2.495
-2.454
-2.425
-2.443
-2.477
-2.522
-2.57
-2.593
-2.565
-2.556
-2.547
-2.49
-2.418
-2.377
-2.352
-2.314
-2.293
-2.295
-2.305
-2.314
-2.345
-2.411
-2.425
-2.4
-2.416
-2.479
-2.47
-2.404
-2.361
-2.343
-2.286
-2.239
-2.28
-2.388
-2.481
-2.561
-2.654
-2.749
-2.801
-2.77
-2.681
-2.613
-2.584
-2.547
-2.52
-2.54
-2.595
-2.656
-2.747
-2.824
-2.874
-2.888
-2.847
-2.781
-2.711
-2.627
-2.545
-2.488
-2.488
-2.574
-2.695
-2.801
-2.897
-3.001
-3.085
-3.153
-3.187
-3.13
-2.967
-2.792
-2.708
-2.674
-2.604
-2.543
-2.561
-2.627
-2.74
-2.924
-3.073
-3.133
-3.144
-3.126
-3.019
-2.872
-2.76
-2.688
-2.624
-2.602
-2.674
-2.779
-2.817
-2.819
-2.863
-2.874
-2.815
-2.776
-2.792
-2.779
-2.699
-2.679
-2.77
-2.892
-2.962
-2.996
-3.001
-2.992
-2.98
-2.899
-2.731
-2.581
-2.488
-2.468
-2.5
-2.565
-2.652
-2.738
-2.819
-2.91
-3.028
-3.071
-3.003
-2.894
-2.815
-2.763
-2.658
-2.518
-2.479
-2.556
-2.67
-2.815
-2.967
-3.044
-3.062
-3.096
-3.117
-3.092
-3.028
-2.953
-2.888
-2.842
-2.854
-2.928
-3.005
-3.08
-3.171
-3.273
-3.312
-3.307
-3.262
-3.139
-2.985
-2.899
-2.935
-2.999
-3.08
-3.194
-3.312
-3.391
-3.457
-3.541
-3.584
-3.534
-3.402
-3.307
-3.28
-3.275
-3.225
-3.185
-3.266
-3.416
-3.475
-3.439
-3.423
-3.457
-3.491
-3.459
-3.366
-3.287
-3.259
-3.244
-3.248
-3.305
-3.418
-3.482
-3.461
-3.47
-3.539
-3.543
-3.443
-3.33
-3.278
-3.255
-3.232
-3.21
-3.228
-3.337
-3.491
-3.618
-3.665
-3.675
-3.675
-3.643
-3.541
-3.436
-3.362
-3.257
-3.141
-3.062
-3.042
-3.067
-3.139
-3.232
-3.294
-3.296
-3.3
-3.3
-3.239
-3.126
-3.046
-3.033
-3.012
-2.98
-2.994
-3.089
-3.194
-3.228
-3.246
-3.269
-3.257
-3.178
-3.051
-2.965
-2.937
-2.903
-2.833
-2.854
-2.962
-3.039
-3.062
-3.064
-3.078
-3.107
-3.092
-2.999
-2.883
-2.84
-2.84
-2.779
-2.72
-2.745
-2.831
-2.838
-2.788
-2.79
-2.881
-2.999
-3.046
-3.049
-3.062
-3.107
-3.151
-3.153
-3.058
-2.935
-2.856
-2.815
-2.758
-2.697
-2.683
-2.677
-2.67
-2.722
-2.874
-3.044
-3.096
-3.019
-2.944
-2.935
-2.885
-2.781
-2.72
-2.706
-2.681
-2.667
-2.674
-2.681
-2.692
-2.726
-2.779
-2.838
-2.91
-2.96
-2.91
-2.815
-2.785
-2.813
-2.758
-2.688
-2.697
-2.765
-2.808
-2.79
-2.726
-2.686
-2.681
-2.661
-2.604
-2.529
-2.441
-2.411
-2.477
-2.534
-2.538
-2.531
-2.522
-2.534
-2.563
-2.581
-2.561
-2.477
-2.364
-2.307
-2.3
-2.293
-2.252
-2.207
-2.207
-2.261
-2.293
-2.28
-2.237
-2.218
-2.216
-2.141
-1.992
-1.889
-1.896
-1.908
-1.903
-1.958
-2.1
-2.214
-2.209
-2.166
-2.107
-2.01
-1.887
-1.792
-1.744
-1.744
-1.771
-1.81
-1.835
-1.923
-2.071
-2.159
-2.207
-2.271
-2.282
-2.166
-1.989
-1.858
-1.801
-1.751
-1.66
-1.629
-1.697
-1.819
-1.939
-2.062
-2.153
-2.182
-2.191
-2.177
-2.094
-1.994
-1.921
-1.83
-1.787
-1.853
-2.001
-2.105
-2.134
-2.166
-2.184
-2.173
-2.155
-2.123
-2.073
-2.039
-2.01
-1.953
-1.896
-1.883
-1.91
-1.958
-2.028
-2.039
-2.007
-2.032
-2.064
-2.003
-1.912
-1.883
-1.88
-1.869
-1.878
-1.912
-1.944
-1.971
-2.005
-1.985
-1.894
-1.833
-1.778
-1.706
-1.735
-1.815
-1.826
-1.799
-1.81
-1.835
-1.76
-1.595
-1.47
-1.458
-1.447
-1.345
-1.286
-1.338
-1.368
-1.343
-1.377
-1.465
-1.506
-1.468
-1.381
-1.309
-1.273
-1.232
-1.157
-1.059
-1.003
-1.005
-0.978
-0.948
-1
-1.082
-1.084
-1.041
-1.037
-1.071
-1.037
-0.941
-0.823
-0.771
-0.776
-0.733
-0.708
-0.742
-0.739
-0.667
-0.63
-0.676
-0.712
-0.678
-0.651
-0.692
-0.789
-0.912
-0.989
-0.941
-0.871
-0.86
-0.835
-0.785
-0.753
-0.758
-0.758
-0.733
-0.73
-0.762
-0.787
-0.785
-0.785
-0.807
-0.803
-0.769
-0.792
-0.857
-0.885
-0.898
-0.912
-0.898
-0.855
-0.805
-0.794
-0.869
-1.007
-1.127
-1.127
-1.039
-1.025
-1.025
-0.907
-0.798
-0.798
-0.832
-0.862
-0.889
-0.921
-0.964
-1.018
-1.05
-1.059
-1.055
-0.98
-0.875
-0.789
-0.699
-0.617
-0.56
-0.54
-0.576
-0.583
-0.54
-0.531
-0.621
-0.728
-0.728
-0.651
-0.569
-0.474
-0.383
-0.306
-0.24
-0.209
-0.218
-0.224
-0.256
-0.308
-0.349
-0.363
-0.304
-0.243
-0.268
-0.259
-0.138
0.009
0.129
0.159
0.073
-0.048
-0.143
-0.22
-0.245
-0.188
-0.188
-0.265
-0.243
-0.1
0.014
0.095
0.161
0.195
0.186
0.147
0.118
0.082
0.014
-0.036
-0.029
-0.073
-0.145
-0.206
-0.222
-0.184
-0.12
-0.073
-0.066
-0.077
-0.138
-0.238
-0.252
-0.166
-0.104
-0.118
-0.166
-0.218
-0.238
-0.254
-0.295
-0.338
-0.329
-0.297
-0.265
-0.259
-0.238
-0.154
-0.116
-0.168
-0.197
-0.197
-0.27
-0.42
-0.524
-0.538
-0.506
-0.499
-0.538
-0.517
-0.406
-0.354
-0.331
-0.229
-0.143
-0.195
-0.329
-0.429
-0.465
-0.46
-0.479
-0.472
-0.404
-0.286
-0.109
0.023
0.025
-0.018
-0.004
-0.016
-0.095
-0.195
-0.308
-0.454
-0.51
-0.422
-0.263
-0.07
0.088
0.193
0.306
0.413
0.435
0.377
0.263
0.111
-0.05
-0.166
-0.175
-0.077
0.057
0.227
0.424
0.517
0.538
0.592
0.615
0.54
0.433
0.356
0.288
0.179
0.016
-0.079
0.036
0.302
0.492
0.624
0.748
0.801
0.78
0.737
0.692
0.637
0.535
0.411
0.322
0.329
0.42
0.567
0.653
0.705
0.821
0.912
0.894
0.832
0.787
0.748
0.678
0.551
0.367
0.234
0.215
0.24
0.349
0.574
0.796
0.894
0.896
0.837
0.76
0.712
0.651
0.538
0.408
0.281
0.213
0.188
0.206
0.317
0.467
0.544
0.551
0.531
0.497
0.442
0.37
0.263
0.145
0.113
0.075
-0.048
-0.109
-0.007
0.161
0.283
0.34
0.356
0.374
0.372
0.363
0.374
0.338
0.24
0.132
0.007
-0.043
0.045
0.166
0.252
0.32
0.408
0.456
0.401
0.304
0.256
0.297
0.333
0.297
0.283
0.354
0.374
0.324
0.32
0.406
0.515
0.578
0.601
0.635
0.662
0.699
0.771
0.744
0.617
0.551
0.565
0.562
0.587
0.662
0.71
0.744
0.778
0.746
0.674
0.683
0.742
0.832
0.978
1.075
1.064
0.98
0.873
0.81
0.783
0.712
0.626
0.601
0.644
0.712
0.789
0.948
1.211
1.379
1.295
1.145
1.039
0.925
0.803
0.696
0.603
0.553
0.535
0.531
0.558
0.68
0.889
1.073
1.105
1.089
1.091
1
0.792
0.599
0.445
0.324
0.254
0.252
0.34
0.54
0.805
1.023
1.143
1.141
1.048
0.887
0.66
0.379
0.107
-0.029
-0.054
-0.029
0.141
0.449
0.753
0.955
1.055
1.062
0.975
0.807
0.54
0.245
-0.002
-0.172
-0.277
-0.304
-0.15
0.24
0.619
0.812
0.925
1.055
1.064
0.907
0.687
0.442
0.163
-0.066
-0.147
-0.054
0.161
0.469
0.803
1.073
1.216
1.25
1.211
1.077
0.817
0.492
0.213
0.048
0.025
0.193
0.506
0.857
1.173
1.379
1.472
1.452
1.343
1.152
0.869
0.556
0.361
0.297
0.293
0.401
0.685
1.018
1.273
1.452
1.54
1.52
1.381
1.202
1.007
0.794
0.592
0.465
0.467
0.64
0.919
1.168
1.377
1.542
1.56
1.411
1.211
0.998
0.778
0.592
0.479
0.474
0.603
0.826
1.03
1.204
1.315
1.286
1.093
0.853
0.705
0.562
0.361
0.206
0.209
0.297
0.42
0.61
0.826
0.962
0.989
0.923
0.792
0.601
0.411
0.247
0.118
0.025
-0.029
-0.002
0.181
0.422
0.596
0.703
0.758
0.721
0.576
0.363
0.129
-0.073
-0.209
-0.265
-0.247
-0.127
0.086
0.283
0.361
0.363
0.354
0.288
0.129
-0.027
-0.143
-0.256
-0.351
-0.365
-0.283
-0.147
0.02
0.2
0.367
0.465
0.469
0.386
0.247
0.052
-0.161
-0.299
-0.367
-0.413
-0.408
-0.238
0.07
0.349
0.506
0.542
0.494
0.372
0.2
0.034
-0.118
-0.247
-0.343
-0.406
-0.406
-0.265
-0.023
0.161
0.247
0.302
0.345
0.329
0.272
0.193
0.102
0
-0.098
-0.129
-0.077
0.032
0.197
0.415
0.596
0.674
0.683
0.658
0.553
0.374
0.213
0.141
0.111
0.127
0.222
0.343
0.445
0.533
0.581
0.59
0.59
0.601
0.578
0.481
0.347
0.238
0.218
0.249
0.338
0.469
0.594
0.66
0.696
0.719
0.705
0.671
0.658
0.653
0.624
0.59
0.603
0.653
0.692
0.703
0.696
0.726
0.764
0.773
0.751
0.685
0.612
0.596
0.592
0.515
0.415
0.386
0.49
0.671
0.83
0.887
0.866
0.814
0.755
0.699
0.633
0.526
0.424
0.358
0.338
0.429
0.585
0.696
0.751
0.801
0.869
0.925
0.944
0.941
0.95
0.9
0.771
0.626
0.542
0.506
0.479
0.51
0.621
0.778
0.905
0.989
1.043
1.023
0.962
0.896
0.844
0.792
0.753
0.755
0.798
0.878
1.016
1.173
1.266
1.268
1.241
1.189
1.139
1.084
1.018
0.978
0.984
1.073
1.213
1.329
1.44
1.597
1.76
1.853
1.833
1.749
1.635
1.468
1.279
1.168
1.148
1.143
1.186
1.336
1.565
1.776
1.935
2.053
2.119
2.096
1.973
1.774
1.513
1.286
1.204
1.261
1.377
1.511
1.665
1.842
2.005
2.091
2.021
1.812
1.583
1.438
1.384
1.32
1.288
1.409
1.622
1.812
1.971
2.13
2.255
2.275
2.214
2.075
1.867
1.606
1.372
1.227
1.182
1.245
1.427
1.74
2.112
2.438
2.686
2.747
2.59
2.345
2.082
1.769
1.436
1.218
1.204
1.352
1.604
1.919
2.248
2.497
2.615
2.606
2.45
2.193
1.973
1.855
1.781
1.71
1.765
1.944
2.121
2.307
2.556
2.806
2.906
2.854
2.754
2.606
2.352
2.046
1.885
1.958
2.155
2.409
2.711
3.012
3.273
3.495
3.641
3.539
3.201
2.813
2.479
2.241
2.121
2.159
2.3
2.502
2.806
3.167
3.45
3.6
3.618
3.527
3.33
3.083
2.851
2.656
2.493
2.438
2.595
2.844
3.015
3.153
3.332
3.455
3.368
3.21
3.112
3.01
2.84
2.686
2.704
2.854
3.042
3.207
3.364
3.475
3.514
3.532
3.432
3.198
2.94
2.756
2.636
2.599
2.629
2.717
2.863
3.085
3.38
3.638
3.749
3.7
3.514
3.214
2.924
2.733
2.631
2.563
2.5
2.565
2.819
3.092
3.246
3.323
3.346
3.316
3.223
3.105
2.992
2.828
2.631
2.556
2.656
2.835
2.962
3.005
3.015
3.044
3.119
3.135
2.969
2.731
2.629
2.638
2.677
2.754
2.903
3.064
3.175
3.298
3.434
3.484
3.346
3.092
2.844
2.667
2.574
2.545
2.59
2.656
2.758
2.969
3.23
3.416
3.47
3.427
3.33
3.203
3.085
3.003
2.885
2.747
2.72
2.865
3.073
3.241
3.328
3.298
3.221
3.207
3.244
3.182
3.005
2.867
2.844
2.894
2.946
3.001
3.069
3.117
3.123
3.157
3.253
3.237
2.999
2.729
2.627
2.661
2.726
2.804
2.901
3.015
3.178
3.375
3.457
3.398
3.237
3.005
2.781
2.647
2.622
2.615
2.574
2.59
2.756
2.953
3.049
3.06
3.019
2.922
2.847
2.863
2.831
2.656
2.45
2.384
2.456
2.54
2.627
2.747
2.819
2.835
2.872
2.949
2.992
2.899
2.697
2.554
2.55
2.586
2.606
2.643
2.706
2.751
2.781
2.783
2.758
2.67
2.536
2.456
2.504
2.649
2.783
2.874
2.899
2.91
2.992
3.087
3.098
3.01
2.89
2.781
2.733
2.774
2.783
2.654
2.527
2.565
2.677
2.754
2.819
2.894
2.94
2.919
2.908
2.967
3.026
2.933
2.79
2.785
2.86
2.833
2.72
2.624
2.545
2.515
2.581
2.679
2.726
2.735
2.749
2.772
2.847
2.953
2.949
2.835
2.765
2.794
2.808
2.726
2.59
2.441
2.332
2.3
2.373
2.488
2.504
2.452
2.502
2.613
2.665
2.643
2.597
