Unnamed: 3
Value
-2.343
-2.5
-2.631
-2.794
-2.96
-3.076
-3.155
-3.228
-3.332
-3.439
-3.514
-3.588
-3.684
-3.724
-3.695
-3.654
-3.615
-3.568
-3.536
-3.525
-3.495
-3.43
-3.343
-3.248
-3.141
-3.046
-2.971
-2.84
-2.642
-2.49
-2.427
-2.366
-2.273
-2.25
-2.298
-2.345
-2.357
-2.407
-2.52
-2.676
-2.817
-2.937
-3.019
-3.055
-3.06
-3.089
-3.103
-3.03
-2.976
-3.03
-3.121
-3.196
-3.28
-3.382
-3.518
-3.695
-3.856
-3.942
-3.974
-4.062
-4.162
-4.149
-4.053
-4.001
-4.051
-4.144
-4.244
-4.369
-4.493
-4.598
-4.691
-4.768
-4.8
-4.784
-4.777
-4.806
-4.82
-4.747
-4.657
-4.639
-4.639
-4.62
-4.627
-4.643
-4.611
-4.518
-4.393
-4.271
-4.174
-4.096
-4.038
-3.983
-3.988
-4.056
-4.09
-4.026
-3.924
-3.822
-3.681
-3.498
-3.332
-3.196
-3.06
-2.958
-2.915
-2.892
-2.86
-2.84
-2.865
-2.924
-2.924
-2.844
-2.779
-2.769
-2.742
-2.667
-2.615
-2.579
-2.529
-2.504
-2.527
-2.606
-2.683
-2.724
-2.724
-2.692
-2.679
-2.713
-2.701
-2.638
-2.62
-2.679
-2.797
-2.926
-3.107
-3.33
-3.518
-3.674
-3.767
-3.802
-3.774
-3.742
-3.747
-3.752
-3.706
-3.659
-3.72
-3.863
-3.965
-4.019
-4.135
-4.266
-4.332
-4.335
-4.287
-4.187
-4.078
-3.988
-3.874
-3.749
-3.67
-3.661
-3.654
-3.627
-3.586
-3.534
-3.432
-3.303
-3.203
-3.121
-3.005
-2.867
-2.731
-2.617
-2.5
-2.404
-2.359
-2.329
-2.284
-2.218
-2.164
-2.057
-1.871
-1.733
-1.703
-1.688
-1.642
-1.617
-1.649
-1.756
-1.935
-2.114
-2.209
-2.234
-2.245
-2.212
-2.112
-1.973
-1.842
-1.728
-1.692
-1.699
-1.769
-1.896
-2.028
-2.143
-2.261
-2.359
-2.434
-2.493
-2.518
-2.509
-2.497
-2.479
-2.418
-2.316
-2.277
-2.345
-2.438
-2.495
-2.527
-2.527
-2.509
-2.484
-2.42
-2.329
-2.25
-2.187
-2.118
-2.028
-1.955
-1.93
-1.91
-1.796
-1.667
-1.594
-1.563
-1.515
-1.447
-1.372
-1.293
-1.222
-1.202
-1.218
-1.22
-1.204
-1.204
-1.252
-1.288
-1.234
-1.123
-1.021
-0.93
-0.848
-0.758
-0.585
-0.44
-0.438
-0.481
-0.479
-0.454
-0.411
-0.354
-0.32
-0.29
-0.215
-0.057
0.129
0.195
0.116
0.057
0.036
-0.011
-0.093
-0.175
-0.168
-0.061
0.027
0.097
0.175
0.238
0.311
0.363
0.383
0.381
0.358
0.34
0.383
0.399
0.37
0.358
0.34
0.335
0.349
0.322
0.288
0.315
0.358
0.363
0.381
0.431
0.481
0.474
0.419
0.392
0.388
0.347
0.304
0.234
0.159
0.136
0.111
0.059
-0.002
-0.077
-0.12
-0.086
-0.016
0.038
0.034
-0.007
-0.027
-0.061
-0.159
-0.295
-0.46
-0.606
-0.669
-0.685
-0.692
-0.683
-0.701
-0.746
-0.791
-0.837
-0.891
-0.953
-1.011
-1.052
-1.091
-1.1
-1.05
-0.973
-0.95
-0.95
-0.986
-1.048
-1.105
-1.154
-1.184
-1.154
-1.082
-0.993
-0.882
-0.785
-0.703
-0.603
-0.469
-0.354
-0.297
-0.274
-0.193
-0.07
0.02
0.107
0.156
0.188
0.227
0.24
0.222
0.202
0.206
0.247
0.327
0.411
0.44
0.456
0.551
0.712
0.81
0.801
0.812
0.894
0.975
0.971
0.912
0.91
0.918
0.871
0.81
0.803
0.812
0.78
0.703
0.615
0.567
0.519
0.435
0.372
0.297
0.136
-0.032
-0.122
-0.177
-0.245
-0.356
-0.44
-0.479
-0.535
-0.608
-0.637
-0.599
-0.571
-0.578
-0.542
-0.417
-0.295
-0.247
-0.265
-0.279
-0.211
-0.147
-0.161
-0.177
-0.156
-0.122
-0.057
0.038
0.095
0.107
0.129
0.211
0.306
0.311
0.234
0.197
0.24
0.254
0.231
0.22
0.247
0.27
0.24
0.177
0.138
0.138
0.186
0.302
0.494
0.667
0.771
0.871
1.014
1.15
1.207
1.247
1.311
1.338
1.3
1.245
1.2
1.152
1.068
1
1.046
1.152
1.111
0.928
0.787
0.703
0.621
0.583
0.644
0.773
0.855
0.821
0.694
0.542
0.386
0.249
0.14
0.084
0.027
-0.107
-0.24
-0.267
-0.267
-0.34
-0.356
-0.224
-0.077
-0.082
-0.186
-0.281
-0.349
-0.442
-0.581
-0.646
-0.578
-0.51
-0.499
-0.411
-0.286
-0.204
-0.116
0.045
0.234
0.354
0.392
0.465
0.644
0.864
1.066
1.252
1.486
1.756
1.964
2.112
2.27
2.454
2.602
2.726
2.899
3.135
3.38
3.579
3.747
3.94
4.167
4.325
4.369
4.339
4.221
4.01
3.829
3.679
3.514
3.355
3.268
3.21
3.078
2.894
2.774
2.708
2.631
2.584
2.608
2.588
2.477
2.359
2.239
2.069
1.824
1.517
1.252
1.043
0.839
0.592
0.36
0.19
0.079
0.029
0.036
0.038
0.032
0.007
-0.052
-0.145
-0.229
-0.259
-0.243
-0.213
-0.234
-0.397
-0.703
-0.925
-0.993
-1.039
-1.089
-1.059
-0.932
-0.714
-0.431
-0.145
0.082
0.234
0.327
0.376
0.386
0.331
0.231
0.193
0.265
0.333
0.358
0.424
0.569
0.723
0.857
0.984
1.123
1.227
1.279
1.225
1.059
0.905
0.814
0.719
0.619
0.594
0.606
0.576
0.487
0.333
0.125
-0.075
-0.224
-0.335
-0.367
-0.304
-0.215
-0.122
0.018
0.129
0.175
0.231
0.279
0.224
0.093
-0.072
-0.238
-0.363
-0.408
-0.395
-0.392
-0.383
-0.292
-0.183
-0.111
-0.061
-0.004
0.082
0.211
0.37
0.528
0.687
0.83
0.955
1.077
1.202
1.252
1.302
1.477
1.708
1.837
1.894
1.982
2.085
2.139
2.171
2.234
2.325
2.425
2.536
2.574
2.556
2.563
2.552
2.502
2.47
2.436
2.382
2.359
2.379
2.37
2.354
2.345
2.323
2.295
2.268
2.189
2.066
2.041
2.046
1.951
1.837
1.789
1.76
1.685
1.569
1.395
1.207
1.068
1.021
1.034
0.928
0.687
0.501
0.447
0.37
0.195
0.023
-0.129
-0.252
-0.331
-0.347
-0.311
-0.2
-0.045
0.102
0.19
0.218
0.311
0.499
0.606
0.537
0.501
0.667
0.953
1.236
1.481
1.64
1.733
1.814
1.871
1.867
1.805
1.71
1.658
1.735
1.862
1.851
1.796
1.855
1.973
1.996
1.928
1.873
1.853
1.837
1.778
1.69
1.617
1.601
1.59
1.52
1.379
1.238
1.218
1.275
1.29
1.252
1.241
1.232
1.166
1.116
1.068
0.975
0.81
0.649
0.542
0.483
0.408
0.349
0.379
0.438
0.404
0.297
0.274
0.351
0.447
0.526
0.637
0.801
0.973
1.152
1.318
1.488
1.653
1.805
1.955
2.114
2.259
2.377
2.504
2.606
2.624
2.645
2.783
2.937
2.962
2.924
2.888
2.869
2.871
2.899
2.964
3.039
3.023
2.899
2.765
2.663
2.543
2.429
2.395
2.372
2.295
2.202
2.1
1.985
1.858
1.783
1.783
1.803
1.812
1.814
1.824
1.826
1.787
1.717
1.637
1.536
1.429
1.397
1.399
1.325
1.207
1.125
1.068
1.046
1.018
1.009
1.011
1.034
1.077
1.13
1.191
1.218
1.218
1.241
1.35
1.454
1.497
1.517
1.54
1.565
1.608
1.647
1.685
1.74
1.814
1.896
1.971
2.039
2.146
2.3
2.409
2.395
2.343
2.348
2.334
2.286
2.241
2.202
2.148
2.118
2.175
2.275
2.345
2.397
2.47
2.577
2.676
2.706
2.72
2.844
2.992
3.03
2.999
2.99
2.971
2.901
2.785
2.656
2.543
2.452
2.416
2.429
2.438
2.393
2.329
2.302
2.205
2.048
1.921
1.814
1.69
1.581
1.495
1.452
1.445
1.411
1.32
1.191
1.068
0.953
0.887
0.93
1.027
1.098
1.148
1.236
1.327
1.381
1.442
1.502
1.554
1.642
1.746
1.783
1.765
1.726
1.724
1.767
1.83
1.898
2.012
2.132
2.257
2.432
2.642
2.842
3.017
3.144
3.203
3.185
3.089
2.999
2.974
2.999
3.051
3.139
3.298
3.509
3.643
3.618
3.511
3.432
3.366
3.296
3.255
3.264
3.305
3.355
3.352
3.273
3.132
2.996
2.883
2.767
2.667
2.64
2.652
2.647
2.661
2.738
2.826
2.856
2.806
2.747
2.717
2.724
2.756
2.826
2.869
2.869
2.896
2.951
2.949
2.878
2.842
2.863
2.867
2.888
2.962
3.062
3.153
3.237
3.275
3.235
3.141
3.008
2.888
2.826
2.769
2.717
2.772
2.912
3.046
3.13
3.157
3.119
3.098
3.101
3.091
3.103
3.173
3.278
3.309
3.239
3.146
3.103
3.076
3.042
3.026
3.028
3.001
2.964
2.908
2.815
2.715
2.631
2.581
2.552
2.484
2.395
2.345
2.327
2.28
2.164
2.025
1.903
1.805
1.751
1.756
1.819
1.923
2.053
2.155
2.22
2.3
2.343
2.284
2.196
2.18
2.216
2.25
2.284
2.316
2.309
2.27
2.241
2.261
2.28
2.264
2.255
2.309
2.402
2.511
2.599
2.679
2.749
2.81
2.844
2.831
2.769
2.72
2.701
2.731
2.817
2.939
3.051
3.087
3.046
3.026
3.037
3.062
3.096
3.162
3.212
3.198
3.153
3.062
2.969
2.871
2.81
2.792
2.783
2.701
2.572
2.432
2.282
2.139
2.05
2.032
2.025
2.012
2.025
2.032
1.98
1.885
1.785
1.688
1.613
1.563
1.526
1.524
1.542
1.545
1.547
1.579
1.597
1.574
1.499
1.395
1.315
1.259
1.259
1.306
1.374
1.418
1.431
1.438
1.458
1.499
1.531
1.561
1.594
1.588
1.554
1.533
1.572
1.637
1.708
1.749
1.733
1.688
1.622
1.531
1.44
1.395
1.411
1.449
1.474
1.465
1.413
1.35
1.32
1.306
1.279
1.238
1.2
1.173
1.141
1.05
0.939
0.914
0.971
1.005
0.968
0.88
0.832
0.791
0.762
0.746
0.755
0.801
0.841
0.826
0.719
0.542
0.345
0.186
0.102
0.091
0.118
0.181
0.288
0.383
0.444
0.481
0.501
0.526
0.542
0.542
0.537
0.587
0.644
0.671
0.653
0.628
0.617
0.617
0.631
0.669
0.76
0.905
1.05
1.154
1.186
1.211
1.254
1.3
1.347
1.447
1.574
1.662
1.692
1.676
1.647
1.592
1.517
1.449
1.413
1.379
1.379
1.481
1.653
1.771
1.812
1.799
1.771
1.721
1.622
1.492
1.404
1.34
1.263
1.161
1.086
1.041
0.989
0.86
0.696
0.646
0.68
0.685
0.685
0.73
0.767
0.73
0.61
0.422
0.227
0.048
-0.12
-0.274
-0.347
-0.376
-0.401
-0.376
-0.311
-0.256
-0.265
-0.313
-0.36
-0.383
-0.413
-0.46
-0.487
-0.481
-0.515
-0.612
-0.717
-0.735
-0.664
-0.612
-0.633
-0.596
-0.487
-0.395
-0.354
-0.311
-0.234
-0.2
-0.229
-0.281
-0.306
-0.349
-0.435
-0.526
-0.556
-0.603
-0.717
-0.848
-0.88
-0.812
-0.744
-0.723
-0.73
-0.755
-0.801
-0.882
-0.966
-0.996
-0.959
-0.93
-1.011
-1.132
-1.184
-1.243
-1.352
-1.429
-1.463
-1.495
-1.522
-1.554
-1.576
-1.547
-1.504
-1.477
-1.379
-1.247
-1.202
-1.252
-1.3
-1.325
-1.363
-1.438
-1.481
-1.488
-1.511
-1.549
-1.556
-1.526
-1.499
-1.429
-1.331
-1.277
-1.263
-1.279
-1.365
-1.492
-1.581
-1.622
-1.629
-1.619
-1.599
-1.567
-1.531
-1.522
-1.563
-1.574
-1.542
-1.524
-1.513
-1.452
-1.388
-1.377
-1.395
-1.427
-1.467
-1.531
-1.581
-1.583
-1.563
-1.533
-1.481
-1.434
-1.418
-1.413
-1.438
-1.504
-1.563
-1.622
-1.662
-1.688
-1.697
-1.703
-1.715
-1.728
-1.756
-1.828
-1.923
-2.005
-2.105
-2.191
-2.252
-2.366
-2.518
-2.606
-2.649
-2.733
-2.81
-2.81
-2.74
-2.72
-2.744
-2.731
-2.731
-2.785
-2.835
-2.896
-2.994
-3.071
-3.116
-3.141
-3.146
-3.139
-3.121
-3.103
-3.103
-3.185
-3.316
-3.371
-3.38
-3.407
-3.42
-3.389
-3.334
-3.266
-3.173
-3.123
-3.128
-3.121
-3.064
-2.999
-2.985
-2.939
-2.81
-2.699
-2.692
-2.706
-2.715
-2.76
-2.822
-2.844
-2.828
-2.801
-2.774
-2.765
-2.756
-2.747
-2.813
-2.921
-2.955
-2.983
-3.107
-3.232
-3.309
-3.398
-3.466
-3.486
-3.522
-3.572
-3.563
-3.525
-3.552
-3.636
-3.654
-3.6
-3.588
-3.618
-3.647
-3.715
-3.833
-3.942
-4.035
-4.094
-4.126
-4.126
-4.128
-4.106
-4.081
-4.11
-4.126
-4.067
-4.046
-4.13
-4.219
-4.246
-4.219
-4.165
-4.124
-4.09
-4.049
-3.956
-3.84
-3.799
-3.811
-3.731
-3.584
-3.489
-3.457
-3.45
-3.489
-3.507
-3.473
-3.427
-3.414
-3.4
-3.352
-3.273
-3.266
-3.359
-3.423
-3.387
-3.409
-3.534
-3.659
-3.709
-3.702
-3.659
-3.634
-3.641
-3.647
-3.704
-3.763
-3.792
-3.87
-4.001
-4.069
-4.049
-4.049
-4.11
-4.205
-4.301
-4.337
-4.319
-4.303
-4.319
-4.362
-4.371
-4.364
-4.466
-4.586
-4.6
-4.589
-4.645
-4.784
-4.922
-5.008
-5.056
-5.097
-5.067
-4.913
-4.743
-4.629
-4.532
-4.484
-4.523
-4.559
-4.507
-4.437
-4.421
-4.462
-4.512
-4.53
-4.498
-4.396
-4.292
-4.26
-4.26
-4.251
-4.289
-4.348
-4.33
-4.223
-4.11
-4.112
-4.26
-4.348
-4.292
-4.255
-4.271
-4.253
-4.208
-4.155
-4.06
-3.988
-3.983
-3.994
-3.929
-3.767
-3.634
-3.588
-3.559
-3.572
-3.663
-3.729
-3.777
-3.849
-3.926
-3.985
-4.065
-4.165
-4.271
-4.337
-4.255
-4.117
-4.115
-4.187
-4.233
-4.235
-4.221
-4.214
-4.233
-4.262
-4.301
-4.353
-4.416
-4.514
-4.561
-4.489
-4.38
-4.317
-4.257
-4.18
-4.126
-4.14
-4.135
-4.096
-4.081
-4.158
-4.289
-4.366
-4.453
-4.559
-4.534
-4.407
-4.328
-4.364
-4.471
-4.566
-4.561
-4.453
-4.298
-4.162
-4.106
-4.053
-3.976
-3.972
-4.015
-3.978
-3.881
-3.795
-3.774
-3.811
-3.849
-3.865
-3.908
-3.969
-3.89
-3.772
-3.686
-3.622
-3.582
-3.536
-3.47
-3.337
-3.191
-3.083
-3.042
-3.005
-3.005
-3.058
-3.06
-2.99
-2.91
-2.794
-2.64
-2.556
-2.572
-2.561
-2.5
-2.438
-2.445
-2.565
-2.695
-2.738
-2.831
-3.037
-3.2
-3.28
-3.362
-3.511
-3.72
-3.933
-4.06
-4.046
-3.972
-3.938
-3.99
-4.081
-4.226
-4.407
-4.5
-4.509
-4.507
-4.498
-4.502
-4.55
-4.634
-4.75
-4.886
-4.94
-4.911
-4.997
-5.156
-5.246
-5.292
-5.324
-5.315
-5.271
-5.208
-5.131
-5.033
-4.965
-4.983
-5.051
-5.036
-4.976
-4.899
-4.761
-4.593
-4.453
-4.323
-4.165
-3.942
-3.709
-3.545
-3.464
-3.352
-3.239
-3.212
-3.139
-2.964
-2.776
-2.636
-2.509
-2.372
-2.252
-2.159
-2.1
-2.046
-1.964
-1.903
-1.944
-2.1
-2.22
-2.209
-2.15
-2.168
-2.27
-2.336
-2.354
-2.352
-2.348
-2.329
-2.354
-2.465
-2.627
-2.774
-2.863
-2.937
-3.021
-3.078
-3.103
-3.105
-3.078
-3.085
-3.139
-3.171
-3.18
-3.219
-3.303
-3.371
-3.391
-3.38
-3.334
-3.259
-3.194
-3.16
-3.153
-3.178
-3.253
-3.387
-3.568
-3.709
-3.686
-3.518
-3.337
-3.216
-3.167
-3.119
-3.069
-3.042
-3.035
-3.035
-3.035
-3.058
-3.089
-3.067
-2.996
-2.883
-2.72
-2.54
-2.388
-2.239
-2.062
-1.937
-1.885
-1.88
-1.876
-1.914
-2.01
-2.114
-2.155
-2.107
-2.005
-1.901
-1.808
-1.703
-1.613
-1.576
-1.619
-1.708
-1.812
-1.946
-2.055
-2.093
-2.066
-1.991
-1.871
-1.756
-1.69
-1.701
-1.781
-1.912
-2.035
-2.155
-2.323
-2.511
-2.665
-2.729
-2.701
-2.656
-2.602
-2.536
-2.407
-2.248
-2.196
-2.275
-2.339
-2.368
-2.47
-2.658
-2.847
-2.969
-3.015
-3.019
-3.03
-3.015
-2.935
-2.813
-2.665
-2.518
-2.42
-2.427
-2.461
-2.416
-2.343
-2.293
-2.209
-2.048
-1.873
-1.774
-1.71
-1.637
-1.574
-1.563
-1.594
-1.633
-1.674
-1.692
-1.651
-1.601
-1.556
-1.461
-1.325
-1.218
-1.209
-1.266
-1.293
-1.3
-1.379
-1.561
-1.783
-1.976
-2.085
-2.112
-2.093
-2.044
-1.905
-1.721
-1.586
-1.533
-1.536
-1.561
-1.554
-1.531
-1.545
-1.561
-1.551
-1.526
-1.458
-1.377
-1.334
-1.309
-1.277
-1.236
-1.202
-1.161
-1.127
-1.111
-1.13
-1.143
-1.086
-0.953
-0.812
-0.696
-0.66
-0.719
-0.769
-0.723
-0.667
-0.683
-0.739
-0.794
-0.828
-0.826
-0.773
-0.658
-0.479
-0.286
-0.17
-0.111
-0.02
0.075
0.12
0.15
0.113
0.052
0.018
0.018
0.034
0.043
0.034
0.023
0.013
0.02
0.009
-0.036
-0.129
-0.202
-0.222
-0.229
-0.234
-0.224
-0.234
-0.313
-0.438
-0.608
-0.789
-0.898
-0.946
-0.966
-0.978
-0.986
-0.989
-0.98
-0.939
-0.837
-0.678
-0.528
-0.435
-0.37
-0.259
-0.138
-0.079
-0.086
-0.175
-0.288
-0.381
-0.46
-0.501
-0.463
-0.365
-0.215
-0.007
0.204
0.338
0.408
0.417
0.392
0.386
0.39
0.397
0.469
0.653
0.857
1.032
1.148
1.202
1.293
1.447
1.558
1.606
1.622
1.647
1.737
1.878
1.996
2.064
2.116
2.216
2.318
2.35
2.354
2.357
2.352
2.341
2.277
2.137
1.98
1.828
1.721
1.728
1.805
1.885
1.955
2.035
2.078
2.103
2.159
2.18
2.143
2.087
2.055
2.08
2.137
2.212
2.288
2.364
2.468
2.602
2.729
2.813
2.853
2.824
2.729
2.602
2.486
2.395
2.339
2.259
2.198
2.196
2.225
2.282
2.411
2.545
2.586
2.506
2.352
2.157
1.939
1.799
1.781
1.849
1.948
2.078
2.284
2.54
2.756
2.903
2.994
3.021
2.971
2.896
2.865
2.844
2.815
2.792
2.817
2.899
3.01
3.155
3.296
3.364
3.352
3.262
3.162
3.071
2.996
2.935
2.901
2.915
2.994
3.132
3.332
3.55
3.672
3.684
3.645
3.57
3.455
3.312
3.214
3.223
3.293
3.38
3.529
3.786
4.09
4.362
4.53
4.586
4.559
4.505
4.482
4.466
4.416
4.385
4.423
4.534
4.686
4.843
4.992
5.088
5.076
4.995
4.897
4.791
4.713
4.661
4.589
4.532
4.564
4.7
4.852
4.947
5.031
5.153
5.294
5.38
5.373
5.337
5.33
5.335
5.315
5.251
5.172
5.153
5.228
5.28
5.28
5.271
5.256
5.215
5.174
5.135
5.106
5.081
5.056
5.02
4.972
4.943
4.968
4.986
4.956
4.938
4.956
4.943
4.881
4.845
4.852
4.888
4.963
5.076
5.206
5.292
5.346
5.432
5.539
5.58
5.582
5.584
5.566
5.487
5.36
5.271
5.244
5.265
5.324
5.439
5.634
5.811
5.911
5.925
5.92
5.934
5.904
5.789
5.687
5.671
5.687
5.684
5.673
5.689
5.727
5.773
5.814
5.784
5.718
5.698
5.759
5.85
5.922
5.981
6.093
6.233
6.29
6.303
6.353
6.399
6.374
6.276
6.156
6.077
6.038
6.004
5.934
5.891
5.947
6.029
6.029
6.024
6.07
6.068
5.968
5.852
5.773
5.657
5.5
5.401
5.396
5.473
5.582
5.739
5.952
6.145
6.263
6.371
6.528
6.666
6.757
6.825
6.855
6.868
6.88
6.911
6.964
7.045
7.131
7.177
7.165
7.179
7.188
7.043
6.839
6.775
6.845
6.857
6.766
6.682
6.671
6.737
6.818
6.882
6.893
6.9
6.952
6.984
6.896
6.753
6.739
6.848
6.921
6.923
6.916
6.966
7.032
7.02
6.993
7.034
7.079
7.054
6.964
6.889
6.857
6.773
6.628
6.521
6.471
6.446
6.403
6.274
6.104
5.961
5.854
5.775
5.673
5.559
5.417
5.21
5.065
5.04
5.038
5.015
5.131
5.38
5.589
5.639
5.616
5.568
5.5
5.432
5.38
5.367
5.442
5.532
5.562
5.637
5.825
6.024
6.147
6.235
6.297
6.346
6.371
6.34
6.249
6.208
6.315
6.512
6.621
6.628
6.662
6.755
6.866
6.997
7.095
7.134
7.204
7.288
7.313
7.288
7.268
7.243
7.243
7.299
7.311
7.186
7.054
7.02
6.959
6.862
6.802
6.746
6.657
6.578
6.485
6.308
6.061
5.841
5.682
5.487
5.319
5.233
5.094
4.849
4.614
4.48
4.416
4.341
4.214
4.092
4.003
3.886
3.772
3.738
3.758
3.711
3.579
3.55
3.613
3.62
3.55
3.509
3.55
3.681
3.808
3.851
3.863
3.919
4.051
4.185
4.23
4.239
4.332
4.446
4.516
4.575
4.602
4.607
4.686
4.831
4.947
5.017
5.101
5.188
5.226
5.219
5.169
5.092
5.101
5.144
5.113
5.079
5.104
5.158
5.194
5.192
5.206
5.251
5.287
5.269
5.147
4.933
4.781
4.736
4.666
4.527
4.403
4.357
4.341
4.317
4.228
4.16
4.165
4.196
4.165
4.137
4.162
4.112
3.958
3.886
3.888
3.822
3.668
3.52
3.402
3.316
3.223
3.151
3.151
3.191
3.257
3.259
3.189
3.146
3.173
3.18
3.171
3.185
3.155
3.026
2.863
2.742
2.674
2.638
2.62
2.595
2.633
2.749
2.817
2.838
2.933
2.994
2.931
2.849
2.774
2.638
2.484
2.416
2.443
2.475
2.502
2.559
2.565
2.493
2.436
2.418
2.348
2.275
2.252
2.22
2.18
2.112
2.048
2.007
1.987
1.957
1.914
1.923
1.953
1.898
1.785
1.733
1.717
1.669
1.556
1.39
1.234
1.136
1.091
1.082
1.102
1.166
1.182
1.059
0.941
0.86
0.748
0.646
0.615
0.628
0.631
0.608
0.59
0.587
0.601
0.637
0.671
0.669
0.753
0.928
1.068
1.148
1.261
1.381
1.461
1.524
1.588
1.685
1.751
1.694
1.588
1.542
1.483
1.413
1.39
1.368
1.315
1.247
1.214
1.184
1.116
1.064
1.048
0.975
0.855
0.771
0.639
0.426
0.24
0.136
0.093
0.048
-0.038
-0.12
-0.113
-0.156
-0.286
-0.401
-0.503
-0.592
-0.617
-0.646
-0.794
-1.002
-1.161
-1.279
-1.388
-1.463
-1.461
-1.465
-1.511
-1.513
-1.506
-1.574
-1.642
-1.644
-1.642
-1.674
-1.751
-1.789
-1.703
-1.574
-1.531
-1.474
-1.345
-1.252
-1.25
-1.29
-1.354
-1.393
-1.399
-1.393
-1.374
-1.368
-1.325
-1.288
-1.313
-1.288
-1.198
-1.15
-1.107
-1.027
-1.002
-1.089
-1.2
-1.227
-1.177
-1.116
-1.093
-1.057
-0.986
-0.986
-1.082
-1.159
-1.232
-1.297
-1.311
-1.293
-1.315
-1.374
-1.365
-1.3
-1.295
-1.343
-1.381
-1.474
-1.662
-1.883
-2.091
-2.252
-2.357
-2.388
-2.391
-2.402
-2.465
-2.579
-2.683
-2.824
-3.023
-3.203
-3.357
-3.507
-3.615
-3.69
-3.774
-3.876
-3.938
-3.904
-3.865
-3.865
-3.781
-3.647
-3.559
-3.532
-3.507
-3.466
-3.414
-3.377
-3.316
-3.248
-3.194
-3.157
-3.053
-2.888
-2.765
-2.69
-2.636
-2.613
-2.627
-2.658
-2.717
-2.831
-2.958
-2.992
-2.953
-2.939
-2.896
-2.751
-2.599
-2.522
-2.518
-2.561
-2.577
-2.568
-2.574
-2.54
-2.472
-2.436
-2.42
-2.35
-2.28
-2.25
-2.23
-2.239
-2.318
-2.438
-2.545
-2.661
-2.804
-2.939
-3.039
-3.137
-3.23
-3.278
-3.366
-3.539
-3.736
-3.917
-4.042
-4.126
-4.221
-4.33
-4.423
-4.516
-4.618
-4.691
-4.727
-4.768
-4.797
-4.795
-4.802
-4.836
-4.895
-4.929
-4.97
-5.049
-5.131
-5.203
-5.233
-5.181
-5.063
-4.988
-4.968
-4.947
-4.938
-4.929
-4.924
-4.972
-5.063
-5.156
-5.217
-5.231
-5.215
-5.237
-5.237
-5.174
-5.085
-5.008
-4.922
-4.8
-4.684
-4.639
-4.648
-4.664
-4.643
-4.57
-4.491
-4.421
-4.341
-4.239
-4.126
-3.992
-3.867
-3.806
-3.804
-3.847
-3.94
-4.071
-4.228
-4.391
-4.55
-4.666
-4.741
-4.831
-4.958
-5.113
-5.315
-5.573
-5.875
-6.145
-6.322
-6.446
-6.523
-6.537
-6.51
-6.498
-6.526
-6.548
-6.582
-6.623
-6.689
-6.757
-6.791
-6.818
-6.848
-6.859
-6.834
-6.827
-6.805
-6.741
-6.666
-6.607
-6.598
-6.63
-6.687
-6.773
-6.823
-6.812
-6.778
-6.732
-6.628
-6.453
-6.276
-6.154
-6.077
-6.034
-6.034
-6.074
-6.122
-6.145
-6.111
-6.047
-5.972
-5.886
-5.823
-5.743
-5.648
-5.557
-5.492
-5.485
-5.566
-5.705
-5.852
-5.968
-6.013
-6.015
-5.984
-5.922
-5.882
-5.852
-5.809
-5.757
-5.718
-5.693
-5.691
-5.671
-5.603
-5.532
-5.478
-5.394
-5.274
-5.165
-5.049
-4.906
-4.761
-4.618
-4.493
-4.409
-4.378
-4.33
-4.221
-4.042
-3.842
-3.681
-3.545
-3.407
-3.28
-3.18
-3.119
-3.101
-3.116
-3.153
-3.185
-3.167
-3.098
-3.021
-2.944
-2.883
-2.91
-3.003
-3.085
-3.137
-3.191
-3.3
-3.507
-3.758
-3.974
-4.121
-4.214
-4.294
-4.382
-4.466
-4.516
-4.589
-4.707
-4.804
-4.879
-4.965
-5.063
-5.144
-5.181
-5.188
-5.19
-5.19
-5.181
-5.253
-5.337
-5.317
-5.244
-5.217
-5.226
-5.233
-5.24
-5.274
-5.324
-5.317
-5.219
-5.092
-5.017
-4.965
-4.874
-4.761
-4.65
-4.595
-4.57
-4.559
-4.557
-4.512
-4.423
-4.355
-4.269
-4.14
-4.026
-3.96
-3.874
-3.761
-3.674
-3.636
-3.597
-3.532
-3.448
-3.371
-3.241
-3.035
-2.856
-2.774
-2.754
-2.701
-2.665
-2.683
-2.751
-2.851
-2.924
-2.933
-2.838
-2.674
-2.545
-2.454
-2.359
-2.32
-2.359
-2.395
-2.409
-2.438
-2.504
-2.568
-2.656
-2.774
-2.84
-2.826
-2.785
-2.799
-2.899
-2.994
-3.005
-3.039
-3.171
-3.334
-3.511
-3.672
-3.813
-3.91
-3.967
-4.028
-4.092
-4.144
-4.21
-4.323
-4.462
-4.573
-4.675
-4.797
-4.947
-5.097
-5.203
-5.221
-5.163
-5.09
-5.024
-4.986
-4.945
-4.834
-4.743
-4.736
-4.777
-4.831
-4.884
-4.895
-4.852
-4.736
-4.589
-4.416
-4.241
-4.117
-4.11
-4.158
-4.155
-4.103
-4.083
-4.14
-4.248
-4.323
-4.266
-4.14
-4.001
-3.87
-3.772
-3.711
-3.631
-3.561
-3.563
-3.611
-3.659
-3.702
-3.695
-3.625
-3.507
-3.398
-3.298
-3.198
-3.101
-3.051
-3.089
-3.187
-3.266
-3.362
-3.539
-3.731
-3.822
-3.79
-3.693
-3.563
-3.461
-3.407
-3.405
-3.42
-3.393
-3.332
-3.303
-3.373
-3.418
-3.375
-3.293
-3.157
-2.951
-2.665
-2.318
-2.041
-1.944
-1.939
-1.871
-1.728
-1.665
-1.74
-1.805
-1.783
-1.731
-1.688
-1.583
-1.474
-1.418
-1.368
-1.35
-1.424
-1.569
-1.715
-1.839
-1.969
-2.096
-2.182
-2.153
-2.039
-1.948
-1.912
-1.926
-2.016
-2.153
-2.28
-2.397
-2.522
-2.663
-2.799
-2.91
-2.978
-2.949
-2.822
-2.706
-2.697
-2.706
-2.692
-2.729
-2.813
-2.878
-2.915
-2.987
-3.067
-3.101
-3.089
-3.044
-2.935
-2.792
-2.695
-2.695
-2.751
-2.776
-2.788
-2.847
-2.912
-2.942
-2.964
-2.962
-2.876
-2.697
-2.509
-2.359
-2.28
-2.255
-2.22
-2.196
-2.22
-2.309
-2.377
-2.325
-2.212
-2.18
-2.155
-2.032
-1.858
-1.726
-1.665
-1.66
-1.674
-1.669
-1.676
-1.765
-1.917
-2.128
-2.25
-2.177
-2.003
-1.86
-1.721
-1.567
-1.438
-1.32
-1.268
-1.275
-1.288
-1.297
-1.352
-1.431
-1.488
-1.449
-1.329
-1.179
-1.025
-0.873
-0.823
-0.907
-1.021
-1.068
-1.089
-1.168
-1.322
-1.47
-1.522
-1.474
-1.402
-1.35
-1.331
-1.334
-1.284
-1.277
-1.413
-1.579
-1.662
-1.719
-1.785
-1.819
-1.781
-1.653
-1.479
-1.297
-1.173
-1.154
-1.177
-1.148
-1.091
-1.132
-1.236
-1.315
-1.384
-1.447
-1.402
-1.241
-1.066
-0.921
-0.794
-0.737
-0.78
-0.873
-0.946
-1.002
-1.086
-1.154
-1.132
-1.089
-1.05
-0.905
-0.662
-0.442
-0.327
-0.311
-0.365
-0.417
-0.476
-0.587
-0.728
-0.848
-0.898
-0.853
-0.753
-0.667
-0.558
-0.44
-0.433
-0.528
-0.617
-0.664
-0.708
-0.771
-0.848
-0.905
-0.905
-0.871
-0.778
-0.644
-0.551
-0.542
-0.544
-0.569
-0.644
-0.683
-0.651
-0.639
-0.658
-0.669
-0.642
-0.547
-0.395
-0.252
-0.118
-0.011
0.032
-0.004
-0.079
-0.104
-0.023
0.068
0.111
0.181
0.324
0.54
0.748
0.921
1.025
1.08
1.1
1.125
1.148
1.152
1.145
1.209
1.327
1.374
1.406
1.561
1.776
1.955
2.087
2.171
2.171
2.114
2.053
2.019
1.998
1.973
1.953
1.923
1.901
1.971
2.146
2.304
2.327
2.334
2.42
2.488
2.479
2.429
2.352
2.284
2.245
2.237
2.255
2.288
2.327
2.386
2.502
2.586
2.579
2.574
2.658
2.747
2.722
2.627
2.57
2.536
2.493
2.488
2.5
2.486
2.461
2.438
2.407
2.295
2.132
2.044
2.075
2.093
2.073
2.116
2.225
2.364
2.513
2.638
2.667
2.642
2.608
2.608
2.62
2.599
2.559
2.572
2.756
2.962
3.08
3.189
3.359
3.534
3.677
3.761
3.772
3.738
3.718
3.72
3.695
3.663
3.661
3.713
3.774
3.836
3.96
4.18
4.346
4.344
4.321
4.375
4.434
4.441
4.385
4.292
4.219
4.198
4.212
4.205
4.196
4.196
4.201
4.253
4.31
4.246
4.126
4.028
3.926
3.815
3.69
3.579
3.518
3.561
3.65
3.722
3.786
3.822
3.861
3.933
4.003
4.04
4.11
4.208
4.248
4.253
4.364
4.57
4.768
4.922
5.09
5.258
5.387
5.453
5.505
5.584
5.65
5.634
5.612
5.711
5.875
5.956
5.961
5.947
5.938
5.945
5.952
5.938
5.857
5.709
5.548
5.43
5.346
5.271
5.249
5.324
5.414
5.469
5.5
5.498
5.439
5.328
5.183
4.983
4.829
4.813
4.888
4.949
4.981
5.044
5.151
5.221
5.19
5.06
4.995
5.02
4.992
4.861
4.738
4.684
4.666
4.677
4.677
4.691
4.75
4.899
5.067
5.147
5.169
5.208
5.271
5.28
5.203
5.149
5.183
5.251
5.303
5.371
5.46
5.568
5.675
5.718
5.662
5.532
5.423
5.378
5.376
5.376
5.376
5.46
5.666
5.857
5.888
5.836
5.816
5.814
5.752
5.646
5.5
5.38
5.367
5.444
5.537
5.584
5.632
5.748
5.872
5.916
5.902
5.857
5.752
5.596
5.439
5.337
5.29
5.267
5.274
5.296
5.31
5.301
5.26
5.176
5.074
4.929
4.757
4.559
4.407
4.271
4.158
4.135
4.228
4.35
4.428
4.416
4.298
4.133
3.994
3.874
3.77
3.709
3.772
3.942
4.119
4.251
4.398
4.557
4.702
4.829
4.911
4.933
4.961
5.054
5.16
5.217
5.246
5.305
5.435
5.612
5.75
5.814
5.861
5.891
5.845
5.773
5.723
5.662
5.587
5.543
5.482
5.396
5.385
5.446
5.516
5.505
5.455
5.38
5.285
5.188
5.074
4.958
4.847
4.745
4.686
4.666
4.657
4.65
4.65
4.643
4.602
4.527
4.443
4.387
4.371
4.357
4.312
4.262
4.219
4.219
4.269
4.33
4.355
4.378
4.405
4.434
4.446
4.443
4.439
4.437
4.448
4.418
4.348
4.312
4.325
4.337
4.321
4.292
4.269
4.233
4.155
4.06
3.985
3.94
3.917
3.913
3.938
3.981
4.033
4.101
4.144
4.13
4.062
3.999
3.972
3.935
3.872
3.822
3.79
3.788
3.799
3.811
3.829
3.831
3.836
3.886
3.967
4.022
4.017
3.985
3.926
3.863
3.838
3.829
3.813
3.808
3.874
4.003
4.13
4.176
4.133
4.056
4.001
3.978
3.938
3.908
3.924
3.997
4.085
4.115
4.124
4.171
4.201
4.135
3.963
3.767
3.622
3.572
3.577
3.57
3.541
3.525
3.509
3.459
3.373
3.248
3.121
3.012
2.894
2.749
2.613
2.54
2.531
2.531
2.49
2.422
2.372
2.354
2.3
2.22
2.187
2.218
2.311
2.397
2.434
2.468
2.486
2.461
2.397
2.323
2.277
2.277
2.334
2.407
2.4
2.354
2.325
2.332
2.339
2.3
2.261
2.255
2.25
2.25
2.255
2.243
2.23
2.223
2.237
2.264
2.28
2.316
2.368
2.432
2.511
2.586
2.649
2.701
2.754
2.781
2.747
2.654
2.536
2.427
2.357
2.304
2.264
2.218
2.146
2.066
1.987
1.957
1.976
1.982
1.991
2.06
2.1
2.053
1.982
1.917
1.858
1.778
1.685
1.615
1.615
1.658
1.653
1.592
1.567
1.561
1.538
1.452
1.35
1.311
1.311
1.252
1.132
1.039
1.005
0.986
0.964
0.885
0.762
0.658
0.635
0.692
0.767
0.814
0.862
0.896
0.914
0.914
0.912
0.948
1.057
1.143
1.136
1.046
0.975
1.037
1.12
1.082
1.039
1.089
1.166
1.179
1.118
1.066
1.064
1.075
1.064
1.039
1.025
1.055
1.1
1.048
0.823
0.547
0.335
0.154
0.004
-0.12
-0.24
-0.372
-0.479
-0.581
-0.694
-0.83
-0.957
-1.057
-1.191
-1.393
-1.604
-1.724
-1.765
-1.737
-1.701
-1.683
-1.669
-1.647
-1.599
-1.536
-1.47
-1.434
-1.424
-1.402
-1.338
-1.247
-1.182
-1.089
-0.953
-0.835
-0.717
-0.583
-0.458
-0.37
-0.302
-0.218
-0.122
-0.052
0.011
0.165
0.383
0.547
0.626
0.692
0.791
0.873
0.921
1.014
1.157
1.277
1.327
1.266
1.182
1.2
1.29
1.352
1.372
1.379
1.424
1.488
1.492
1.415
1.272
1.102
0.939
0.778
0.535
0.274
0.179
0.193
0.122
-0.077
-0.313
-0.519
-0.696
-0.907
-1.2
-1.52
-1.769
-1.944
-2.153
-2.364
-2.504
-2.624
-2.736
-2.826
-2.933
-3.055
-3.128
-3.189
-3.307
-3.479
-3.674
-3.79
-3.879
-4.058
-4.271
-4.355
-4.393
-4.462
-4.534
-4.609
-4.718
-4.809
-4.845
-4.859
-4.884
-4.888
-4.902
-4.938
-4.911
-4.856
-4.881
-4.854
-4.736
-4.625
-4.582
-4.566
-4.514
-4.385
-4.23
-4.065
-3.815
-3.543
-3.368
-3.248
-3.076
-2.915
-2.844
-2.822
-2.801
-2.751
-2.672
-2.59
-2.511
-2.395
-2.291
-2.27
-2.243
-2.139
-2.032
-1.969
-1.887
-1.789
-1.751
-1.753
-1.769
-1.808
-1.833
-1.855
-1.876
-1.867
-1.921
-2.007
-1.948
-1.833
-1.828
-1.937
-2.053
-2.13
-2.177
-2.252
-2.37
-2.463
-2.511
-2.581
-2.747
-2.888
-2.937
-3.019
-3.203
-3.362
-3.473
-3.602
-3.772
-3.883
-3.906
-3.949
-4.081
-4.21
-4.253
-4.305
-4.421
-4.496
-4.548
-4.657
-4.781
-4.87
-4.856
-4.791
-4.766
-4.754
-4.661
-4.507
-4.453
-4.502
-4.475
-4.385
-4.414
-4.523
-4.577
-4.573
-4.561
-4.534
-4.453
-4.312
-4.185
-4.155
-4.117
-4.042
-4.049
-4.092
-4.078
-4.076
-4.142
-4.239
-4.325
-4.357
-4.378
-4.462
-4.498
-4.412
-4.292
-4.301
-4.355
-4.278
-4.167
-4.248
-4.405
-4.471
-4.523
-4.616
-4.72
-4.775
-4.793
-4.82
-4.87
-4.861
-4.813
-4.831
-4.865
-4.863
-4.89
-4.976
-5.083
-5.176
-5.178
-5.131
-5.12
-5.158
-5.19
-5.206
-5.221
-5.274
-5.389
-5.55
-5.666
-5.698
-5.668
-5.643
-5.655
-5.673
-5.634
-5.514
-5.405
-5.367
-5.355
-5.324
-5.303
-5.305
-5.351
-5.401
-5.448
-5.437
-5.346
-5.258
-5.251
-5.196
-4.963
-4.707
-4.602
-4.614
-4.623
-4.598
-4.623
-4.745
-4.884
-4.952
-4.945
-4.913
-4.87
-4.759
-4.568
-4.391
-4.298
-4.187
-4.01
-3.829
-3.69
-3.597
-3.511
-3.484
-3.536
-3.597
-3.622
-3.641
-3.672
-3.634
-3.514
-3.434
-3.448
-3.491
-3.475
-3.468
-3.554
-3.74
-3.908
-3.944
-3.91
-3.913
-3.881
-3.774
-3.661
-3.566
-3.489
-3.464
-3.516
-3.606
-3.684
-3.734
-3.781
-3.797
-3.745
-3.713
-3.681
-3.59
-3.486
-3.455
-3.511
-3.575
-3.602
-3.654
-3.779
-3.874
-3.89
-3.861
-3.847
-3.845
-3.799
-3.715
-3.668
-3.695
-3.679
-3.593
-3.502
-3.448
-3.405
-3.321
-3.271
-3.289
-3.33
-3.382
-3.43
-3.436
-3.387
-3.293
-3.221
-3.164
-3.085
-2.985
-2.917
-2.869
-2.869
-2.944
-2.974
-2.892
-2.804
-2.767
-2.747
-2.686
-2.606
-2.565
-2.559
-2.522
-2.447
-2.393
-2.386
-2.402
-2.411
-2.438
-2.493
-2.52
-2.479
-2.432
-2.447
-2.488
-2.463
-2.37
-2.334
-2.361
-2.432
-2.543
-2.645
-2.731
-2.801
-2.874
-2.949
-3.023
-3.114
-3.157
-3.089
-2.987
-3.019
-3.114
-3.151
-3.096
-3.048
-3.087
-3.155
-3.216
-3.282
-3.341
-3.355
-3.35
-3.35
-3.298
-3.2
-3.13
-3.128
-3.16
-3.164
-3.101
-3.008
-3.01
-3.06
-3.026
-2.878
-2.758
-2.708
-2.674
-2.604
-2.518
-2.456
-2.404
-2.352
-2.275
-2.205
-2.162
-2.121
-2.039
-1.869
-1.692
-1.613
-1.547
-1.404
-1.227
-1.118
-1.082
-1.082
-1.107
-1.161
-1.241
-1.359
-1.479
-1.592
-1.676
-1.713
-1.71
-1.674
-1.637
-1.565
-1.445
-1.32
-1.277
-1.302
-1.35
-1.418
-1.563
-1.746
-1.912
-2.062
-2.184
-2.241
-2.216
-2.171
-2.125
-2.064
-1.973
-1.905
-1.876
-1.842
-1.844
-1.892
-1.914
-1.871
-1.871
-1.951
-2.012
-2.05
-2.053
-2.032
-2.01
-2.019
-2.03
-2.014
-2.001
-1.998
-1.973
-1.944
-1.903
-1.787
-1.617
-1.477
-1.39
-1.329
-1.218
-1.1
-1.075
-1.148
-1.241
-1.336
-1.404
-1.406
-1.338
-1.209
-1.025
-0.778
-0.526
-0.351
-0.254
-0.147
-0.048
0.016
0.079
0.122
0.084
-0.018
-0.134
-0.222
-0.29
-0.32
-0.274
-0.247
-0.234
-0.154
-0.05
-0.018
-0.027
-0.07
-0.181
-0.374
-0.61
-0.83
-0.962
-1.023
-1.098
-1.143
-1.168
-1.218
-1.288
-1.356
-1.44
-1.572
-1.721
-1.839
-1.898
-1.937
-1.905
-1.803
-1.694
-1.592
-1.472
-1.384
-1.327
-1.302
-1.32
-1.388
-1.447
-1.438
-1.345
-1.204
-1.089
-0.998
-0.841
-0.624
-0.465
-0.333
-0.154
0.068
0.295
0.492
0.651
0.785
0.894
0.998
1.066
1.075
1.111
1.222
1.365
1.495
1.61
1.717
1.828
1.948
2.035
2.109
2.173
2.189
2.173
2.168
2.143
2.118
2.118
2.112
2.062
1.996
1.903
1.803
1.697
1.569
1.454
1.368
1.277
1.191
1.107
0.957
0.767
0.61
0.515
0.497
0.531
0.569
0.592
0.599
0.517
0.363
0.202
0.045
-0.036
-0.02
0
-0.032
-0.054
-0.016
0.05
0.1
0.134
0.179
0.231
0.277
0.331
0.376
0.381
0.376
0.372
0.36
0.354
0.399
0.506
0.649
0.767
0.869
1.009
1.191
1.359
1.481
1.549
1.619
1.703
1.808
1.912
1.982
2.001
2.035
2.075
2.118
2.202
2.352
2.49
2.584
2.661
2.736
2.797
2.858
2.926
2.992
3.085
3.196
3.298
3.373
3.414
3.42
3.443
3.5
3.495
3.416
3.28
3.13
2.999
2.908
2.842
2.806
2.833
2.921
3.019
3.037
3.03
3.058
3.055
3.005
2.915
2.801
2.697
2.638
2.636
2.633
2.57
2.497
2.509
2.579
2.636
2.624
2.556
2.468
2.372
2.234
2.08
1.962
1.91
1.914
1.969
2.05
2.15
2.25
2.379
2.518
2.599
2.624
2.642
2.683
2.749
2.783
2.733
2.642
2.559
2.54
2.597
2.695
2.783
2.835
2.881
2.944
3.005
3.008
2.955
2.878
2.813
2.774
2.74
2.715
2.754
2.815
2.824
2.826
2.824
2.767
2.686
2.611
2.513
2.409
2.334
2.291
2.28
2.316
2.388
2.438
2.44
2.427
2.438
2.452
2.425
2.282
2.073
1.935
1.855
1.76
1.697
1.742
1.871
1.991
2.109
2.227
2.323
2.345
2.316
2.225
2.087
1.962
1.885
1.867
1.917
1.973
1.998
2.025
2.112
2.212
2.214
2.114
2.012
1.973
1.978
1.93
1.801
1.694
1.717
1.81
1.853
1.851
1.885
1.994
2.091
2.125
2.098
2.028
1.998
2.012
2.023
2.041
2.109
2.259
2.44
2.627
2.788
2.883
2.876
2.828
2.813
2.799
2.697
2.54
2.459
2.475
2.538
2.599
2.67
2.767
2.874
2.896
2.831
2.744
2.665
2.547
2.434
2.407
2.434
2.447
2.456
2.511
2.592
2.654
2.606
2.434
2.245
2.082
1.865
1.583
1.352
1.266
1.318
1.447
1.604
1.756
1.878
1.96
2.012
2.041
2.023
1.966
1.923
1.887
1.851
1.885
1.987
2.166
2.461
2.781
3.008
3.13
3.191
3.248
3.284
3.207
3.03
2.912
2.953
3.046
3.112
3.182
3.307
3.47
3.622
3.699
3.677
3.554
3.384
3.21
3.042
2.888
2.813
2.869
2.983
3.135
3.309
3.405
3.387
3.314
3.241
3.114
2.91
2.692
2.545
2.495
2.506
2.538
2.663
2.901
3.128
3.284
3.418
3.495
3.486
3.427
3.334
3.207
3.067
2.937
2.896
2.962
3.094
3.271
3.441
3.479
3.475
3.527
3.529
3.395
3.207
3.028
2.885
2.792
2.749
2.76
2.838
2.974
3.101
3.189
3.223
3.148
3.005
2.919
2.896
2.863
2.79
2.738
2.774
2.903
3.053
3.139
3.155
3.162
3.219
3.266
3.18
3.067
3.039
3.021
2.969
2.935
2.962
3.069
3.214
3.375
3.552
3.709
3.818
3.867
3.901
3.929
3.863
3.742
3.749
3.883
4.015
4.106
4.201
4.307
4.398
4.453
4.475
4.453
4.391
4.364
4.307
4.119
3.913
3.758
3.6
3.432
3.273
3.121
2.96
2.797
2.656
2.543
2.42
2.241
1.969
1.685
1.47
1.272
1.057
0.889
0.778
0.687
0.644
0.608
0.549
0.528
0.574
0.628
0.626
0.583
0.571
0.569
0.519
0.469
0.501
0.542
0.576
0.574
0.517
0.463
0.454
0.447
0.379
0.306
0.295
0.322
0.333
0.324
0.333
0.34
0.386
0.503
0.633
0.728
0.846
0.993
1.105
1.166
1.254
1.429
1.683
1.969
2.22
2.538
2.892
3.157
3.341
3.486
3.561
3.554
3.572
3.65
3.736
3.79
3.84
4.006
4.276
4.548
4.775
4.936
5.049
5.172
5.294
5.276
5.196
5.221
5.33
5.389
5.364
5.346
5.371
5.398
5.346
5.221
5.067
4.899
4.734
4.634
4.564
4.455
4.289
4.149
4.031
3.87
3.686
3.516
3.343
3.151
2.903
2.62
2.366
2.166
1.944
1.656
1.381
1.27
1.282
1.222
1.1
1
0.941
0.866
0.755
0.563
0.356
0.259
0.311
0.397
0.485
0.576
0.712
0.894
1.021
1.037
1.002
0.984
0.957
0.957
1.034
1.12
1.157
1.15
1.166
1.193
1.159
1.025
0.846
0.694
0.556
0.415
0.236
0
-0.165
-0.267
-0.408
-0.587
-0.719
-0.816
-0.948
-1.057
-1.095
-1.127
-1.268
-1.536
-1.794
-1.948
-2.093
-2.264
-2.368
-2.366
-2.327
-2.273
-2.209
-2.159
-2.155
-2.243
-2.364
-2.427
-2.463
-2.511
-2.563
-2.577
-2.493
-2.293
-2.143
-2.128
-2.071
-1.912
-1.781
-1.703
-1.599
-1.42
-1.211
-1.089
-1.039
-0.982
-0.891
-0.783
-0.594
-0.327
-0.066
0.143
0.327
0.499
0.655
0.773
0.841
0.857
0.905
1.034
1.175
1.295
1.445
1.667
1.855
1.948
2.016
2.123
2.166
2.075
1.969
1.941
1.969
2.019
2.093
2.166
2.22
2.22
2.148
2.057
1.987
1.926
1.892
1.846
1.717
1.626
1.608
1.506
1.25
1.016
0.853
0.703
0.494
0.227
-0.048
-0.311
-0.563
-0.81
-1.114
-1.458
-1.758
-1.978
-2.189
-2.402
-2.568
-2.736
-2.928
-3.103
-3.293
-3.545
-3.856
-4.149
-4.389
-4.58
-4.754
-4.847
-4.747
-4.545
-4.425
-4.353
-4.266
-4.201
-4.221
-4.276
-4.312
-4.319
-4.301
-4.246
-4.133
-3.969
-3.742
-3.498
-3.33
-3.212
-3.035
-2.835
-2.736
-2.713
-2.647
-2.563
-2.552
-2.595
-2.606
-2.572
-2.565
-2.604
-2.611
-2.608
-2.683
-2.808
-2.89
-2.951
-3.089
-3.25
-3.375
-3.507
-3.636
-3.702
-3.711
-3.736
-3.772
-3.82
-3.915
-4.038
-4.135
-4.214
-4.305
-4.335
-4.271
-4.198
-4.174
-4.149
-4.128
-4.124
-4.11
-4.124
-4.183
-4.248
-4.264
-4.237
-4.23
-4.233
-4.185
-4.096
-4.049
-3.976
-3.802
-3.582
-3.418
-3.291
-3.144
-2.96
-2.774
-2.636
-2.52
-2.377
-2.2
-2.039
-1.905
-1.678
-1.372
-1.179
-1.111
-1.043
-0.941
-0.889
-0.957
-1.086
-1.198
-1.232
-1.243
-1.25
-1.275
-1.254
-1.13
-1.021
-1.011
-1.027
-1.037
-1.08
-1.136
-1.154
-1.202
-1.286
-1.334
-1.293
-1.186
-1.068
-1.059
-1.138
-1.118
-0.989
-0.948
-1.091
-1.277
-1.39
-1.467
-1.599
-1.792
-2.014
-2.182
-2.273
-2.364
-2.518
-2.72
-2.858
-2.883
-2.939
-3.114
-3.309
-3.434
-3.541
-3.65
-3.702
-3.681
-3.627
-3.59
-3.554
-3.502
-3.43
-3.373
-3.35
-3.298
-3.207
-3.146
-3.121
-3.08
-3.015
-2.955
-2.926
-2.91
-2.899
-2.896
-2.917
-2.969
-3.055
-3.126
-3.146
-3.123
-3.128
-3.205
-3.271
-3.298
-3.278
-3.196
-3.071
-2.951
-2.849
-2.774
-2.74
-2.742
-2.736
-2.756
-2.785
-2.76
-2.706
-2.697
-2.726
-2.774
-2.842
-2.921
-3.037
-3.205
-3.418
-3.622
-3.799
-3.988
-4.214
-4.418
-4.552
-4.648
-4.797
-4.94
-5.004
-5.036
-5.074
-5.031
-4.904
-4.772
-4.702
-4.711
-4.754
-4.759
-4.693
-4.573
-4.466
-4.38
-4.301
-4.212
-4.155
-4.117
-4.056
-3.947
-3.824
-3.752
-3.742
-3.772
-3.806
-3.863
-3.91
-3.924
-3.94
-3.992
-4.081
-4.126
-4.085
-4.051
-4.074
-4.092
-4.069
-4.026
-4.022
-4.087
-4.18
-4.235
-4.21
-4.146
-4.049
-3.935
-3.908
-4.013
-4.16
-4.289
-4.396
-4.498
-4.57
-4.605
-4.582
-4.512
-4.421
-4.38
-4.344
-4.303
-4.271
-4.289
-4.341
-4.335
-4.269
-4.167
-4.013
-3.861
-3.742
-3.625
-3.511
-3.42
-3.343
-3.25
-3.114
-2.935
-2.742
-2.572
-2.468
-2.42
-2.411
-2.384
-2.366
-2.357
-2.377
-2.377
-2.327
-2.245
-2.18
-2.15
-2.096
-2.062
-2.055
-2.093
-2.116
-2.073
-2.005
-1.982
-2.016
-2.057
-2.114
-2.225
-2.375
-2.518
-2.617
-2.695
-2.744
-2.776
-2.831
-2.919
-3.023
-3.105
-3.173
-3.23
-3.309
-3.398
-3.504
-3.597
-3.668
-3.706
-3.745
-3.786
-3.799
-3.818
-3.888
-3.963
-4.019
-4.056
-4.031
-3.96
-3.888
-3.829
-3.777
-3.724
-3.699
-3.738
-3.783
-3.754
-3.634
-3.529
-3.493
-3.445
-3.337
-3.235
-3.167
-3.132
-3.098
-3.058
-3.017
-2.992
-2.944
-2.844
-2.681
-2.484
-2.28
-2.093
-1.957
-1.849
-1.735
-1.635
-1.52
-1.361
-1.175
-0.962
-0.773
-0.603
-0.481
-0.374
-0.24
-0.14
-0.107
-0.052
0.066
0.183
0.27
0.34
0.438
0.565
0.683
0.712
0.699
0.671
0.676
0.699
0.689
0.653
0.619
0.626
0.66
0.664
0.646
0.658
0.714
0.78
0.801
0.739
0.596
0.476
0.401
0.29
0.165
0.136
0.177
0.209
0.19
0.145
0.111
0.091
0.018
-0.107
-0.183
-0.243
-0.32
-0.342
-0.288
-0.172
-0.048
0.027
0.05
0.066
0.063
0.045
0.029
0.066
0.102
0.059
-0.057
-0.156
-0.22
-0.286
-0.292
-0.222
-0.15
-0.111
-0.091
-0.075
-0.057
-0.1
-0.254
-0.386
-0.429
-0.476
-0.558
-0.628
-0.653
-0.655
-0.664
-0.687
-0.748
-0.839
-0.946
-1.068
-1.157
-1.159
-1.141
-1.159
-1.188
-1.236
-1.356
-1.529
-1.685
-1.778
-1.839
-1.908
-1.926
-1.862
-1.713
-1.561
-1.467
-1.354
-1.209
-1.08
-0.914
-0.708
-0.551
-0.458
-0.381
-0.322
-0.27
-0.213
-0.19
-0.211
-0.227
-0.15
-0.05
-0.007
0.034
0.165
0.304
0.372
0.426
0.483
0.506
0.524
0.574
0.612
0.626
0.655
0.701
0.737
0.746
0.728
0.751
0.848
0.935
0.95
0.957
1.011
1.08
1.132
1.177
1.225
1.306
1.34
1.27
1.175
1.168
1.245
1.293
1.284
1.257
1.277
1.279
1.225
1.195
1.218
1.245
1.17
1.064
1.023
0.989
0.923
0.903
0.973
1.023
0.962
0.83
0.723
0.687
0.653
0.553
0.449
0.397
0.363
0.252
0.102
0.009
-0.052
-0.17
-0.335
-0.465
-0.522
-0.558
-0.655
-0.816
-0.932
-0.959
-0.962
-1.011
-1.068
-1.03
-0.984
-1.039
-1.089
-1.034
-0.928
-0.816
-0.755
-0.735
-0.71
-0.667
-0.606
-0.476
-0.313
-0.247
-0.256
-0.24
-0.245
-0.306
-0.374
-0.392
-0.342
-0.297
-0.322
-0.347
-0.347
-0.34
-0.27
-0.163
-0.136
-0.195
-0.247
-0.272
-0.281
-0.272
-0.29
-0.304
-0.195
-0.029
0.072
0.193
0.372
0.522
0.635
0.708
0.733
0.739
0.739
0.685
0.603
0.544
0.549
0.624
0.701
0.844
1.136
1.427
1.597
1.703
1.799
1.885
1.928
1.969
2.05
2.177
2.284
2.291
2.298
2.364
2.422
2.502
2.642
2.758
2.774
2.758
2.801
2.876
2.822
2.654
2.545
2.488
2.393
2.325
2.288
2.202
2.13
2.098
2.082
2.019
1.923
1.805
1.731
1.724
1.69
1.624
1.599
1.563
1.477
1.379
1.277
1.225
1.293
1.399
1.456
1.461
1.49
1.61
1.69
1.624
1.563
1.637
1.731
1.74
1.66
1.554
1.465
1.458
1.54
1.694
1.876
1.914
1.744
1.565
1.454
1.365
1.338
1.372
1.431
1.456
1.422
1.393
1.37
1.329
1.304
1.293
1.225
1.145
1.138
1.098
0.962
0.826
0.753
0.717
0.68
0.621
0.556
0.528
0.447
0.249
0.07
0.023
0
-0.054
-0.125
-0.22
-0.32
-0.36
-0.34
-0.308
-0.265
-0.229
-0.179
-0.179
-0.24
-0.22
-0.111
0.029
0.172
0.274
0.333
0.388
0.442
0.506
0.642
0.814
0.912
0.957
1.05
1.118
1.102
1.062
1.018
0.978
0.937
0.896
0.821
0.694
0.549
0.479
0.49
0.492
0.542
0.642
0.687
0.651
0.547
0.397
0.274
0.281
0.379
0.497
0.594
0.585
0.483
0.449
0.494
0.553
0.651
0.719
0.683
0.565
0.451
0.358
0.317
0.367
0.503
0.674
0.719
0.696
0.801
1.002
1.186
1.325
1.409
1.406
1.365
1.306
1.306
1.399
1.458
1.406
1.377
1.442
1.499
1.547
1.599
1.629
1.597
1.565
1.524
1.502
1.483
1.472
1.486
1.447
1.368
1.422
1.597
1.753
1.851
1.876
1.819
1.771
1.789
1.858
1.914
1.928
1.957
2.016
2.037
2.062
2.218
2.438
2.549
2.522
2.429
2.288
2.085
1.919
1.883
1.935
1.937
1.876
1.858
1.903
1.978
2.019
2.048
2.023
1.91
1.776
1.767
1.887
1.98
1.957
1.865
1.744
1.622
1.574
1.604
1.635
1.601
1.492
1.345
1.216
1.227
1.313
1.302
1.222
1.152
1.077
0.971
0.896
0.891
0.907
0.896
0.864
0.846
0.83
0.81
0.776
0.717
0.651
0.612
0.644
0.812
1.032
1.173
1.222
1.261
1.293
1.25
1.204
1.222
1.3
1.386
1.431
1.477
1.561
1.706
1.858
1.962
2.003
1.985
1.853
1.674
1.576
1.549
1.526
1.474
1.481
1.517
1.531
1.561
1.604
1.631
1.622
1.545
1.413
1.304
1.243
1.229
1.259
1.282
1.232
1.161
1.198
1.359
1.536
1.624
1.642
1.633
1.617
1.592
1.558
1.579
1.624
1.651
1.649
1.651
1.746
1.939
2.091
2.137
2.116
2.053
1.939
1.844
1.826
1.83
1.846
1.889
1.939
2.023
2.137
2.316
2.475
2.513
2.384
2.166
1.987
1.858
1.724
1.615
1.604
1.674
1.758
1.833
1.928
1.966
1.883
1.731
1.561
1.424
1.352
1.318
1.345
1.42
1.529
1.631
1.713
1.783
1.894
1.96
1.887
1.769
1.685
1.594
1.486
1.409
1.415
1.458
1.513
1.597
1.728
1.876
2.014
2.134
2.214
2.196
2.1
2.046
2.109
2.205
2.218
2.182
2.153
2.128
2.123
2.191
2.352
2.511
2.549
2.445
2.293
2.164
2.098
2.078
2.071
2.089
2.125
2.128
2.109
2.128
2.139
2.105
2.03
1.937
1.853
1.776
1.706
1.665
1.635
1.594
1.569
1.624
1.744
1.824
1.86
1.898
1.948
1.973
1.944
1.883
1.828
1.787
1.708
1.597
1.506
1.474
1.536
1.662
1.826
1.971
2.044
2.041
1.989
1.948
1.973
1.964
1.903
1.858
1.871
1.96
2.116
2.27
2.359
2.313
2.166
1.998
1.844
1.708
1.692
1.865
2.093
2.268
2.438
2.658
2.878
3.008
2.996
2.901
2.792
2.697
2.642
2.667
2.74
2.788
2.794
2.781
2.788
2.826
2.863
2.844
2.81
2.788
2.813
2.865
2.912
2.985
3.098
3.151
3.132
3.08
3.015
2.99
3.048
3.137
3.175
3.164
3.13
3.071
2.999
3.008
3.096
3.157
3.203
3.259
3.303
3.321
3.298
3.2
3.08
2.944
2.772
2.615
2.516
2.47
2.475
2.5
2.493
2.481
2.549
2.663
2.749
2.804
2.817
2.799
2.797
2.81
2.824
2.838
2.828
2.813
2.851
2.89
2.851
2.779
2.731
2.717
2.733
2.717
2.679
2.629
2.679
2.86
2.999
3.028
3.008
2.985
3.008
3.085
3.078
2.953
2.772
2.611
2.477
2.368
2.304
2.298
2.327
2.35
2.359
2.37
2.375
2.37
2.368
2.379
2.288
2.114
1.966
1.839
1.731
1.653
1.604
1.586
1.644
1.749
1.862
1.971
2.044
2.012
1.928
1.833
1.74
1.649
1.604
1.59
1.599
1.692
1.787
1.839
1.914
1.998
2.028
2.037
2.032
2.041
2.096
2.207
2.343
2.488
2.633
2.797
2.978
3.173
3.314
3.314
3.287
3.314
3.307
3.264
3.191
3.116
3.098
3.169
3.241
3.293
3.33
3.393
3.527
3.709
3.781
3.67
3.498
3.391
3.337
3.268
3.182
3.091
3.046
3.048
3.026
2.992
2.96
2.871
2.724
2.568
2.377
2.166
1.978
1.885
1.865
1.885
1.837
1.717
1.604
1.49
1.272
0.953
0.685
0.501
0.358
0.263
0.159
0.011
-0.156
-0.311
-0.408
-0.429
-0.411
-0.395
-0.388
-0.408
-0.494
-0.631
-0.771
-0.907
-1.011
-1.075
-1.127
-1.15
-1.125
-1.086
-1.021
-0.821
-0.59
-0.472
-0.46
-0.469
-0.454
-0.458
-0.467
-0.417
-0.259
-0.036
0.152
0.272
0.363
0.429
0.44
0.487
0.628
0.748
0.837
1.002
1.191
1.356
1.488
1.626
1.801
1.957
2.053
2.114
2.182
2.216
2.191
2.168
2.198
2.223
2.191
2.143
2.132
2.166
2.177
2.148
2.162
2.237
2.266
2.241
2.237
2.252
2.237
2.2
2.205
2.237
2.168
2.046
1.944
1.898
1.853
1.697
1.481
1.356
1.329
1.279
1.175
1.021
0.882
0.785
0.705
0.626
0.524
0.399
0.274
0.202
0.111
-0.07
-0.302
-0.458
-0.542
-0.624
-0.71
-0.728
-0.617
-0.415
-0.274
-0.22
-0.136
-0.061
-0.086
-0.179
-0.292
-0.411
-0.517
-0.583
-0.549
-0.476
-0.449
-0.469
-0.44
-0.395
-0.365
-0.392
-0.517
-0.639
-0.676
-0.633
-0.563
-0.479
-0.44
-0.424
-0.36
-0.263
-0.229
-0.252
-0.222
-0.175
-0.181
-0.181
-0.104
0.036
0.159
0.22
0.267
0.388
0.56
0.714
0.803
0.864
0.889
0.857
0.769
0.565
0.315
0.122
0.002
-0.07
-0.086
-0.043
0.023
0.127
0.22
0.213
0.116
0.063
0.063
0.048
0.023
0.02
0.023
0.034
0.045
-0.013
-0.136
-0.243
-0.302
-0.34
-0.406
-0.547
-0.671
-0.723
-0.767
-0.866
-0.998
-1.123
-1.218
-1.279
-1.356
-1.472
-1.563
-1.599
-1.642
-1.742
-1.835
-1.923
-2.062
-2.202
-2.28
-2.3
-2.298
-2.227
-2.118
-1.991
-1.896
-1.842
-1.771
-1.699
-1.71
-1.746
-1.644
-1.497
-1.413
-1.329
-1.186
-1.016
-0.871
-0.791
-0.76
-0.723
-0.708
-0.803
-0.962
-1.034
-1.005
-1.034
-1.136
-1.195
-1.241
-1.327
-1.399
-1.393
-1.302
-1.204
-1.163
-1.102
-0.993
-0.973
-1.041
-1.052
-1.03
-1.066
-1.114
-1.141
-1.132
-1.163
-1.252
-1.377
-1.486
-1.597
-1.762
-1.944
-2.003
-1.962
-1.998
-2.066
-2.06
-2.03
-2.03
-2.053
-2.073
-2.128
-2.255
-2.411
-2.506
-2.529
-2.602
-2.713
-2.711
-2.661
-2.733
-2.876
-2.967
-2.964
-2.892
-2.813
-2.776
-2.738
-2.676
-2.665
-2.717
-2.688
-2.597
-2.633
-2.751
-2.797
-2.788
-2.813
-2.878
-2.903
-2.867
-2.844
-2.844
-2.813
-2.74
-2.722
-2.767
-2.717
-2.629
-2.636
-2.724
-2.758
-2.72
-2.665
-2.688
-2.758
-2.81
-2.847
-2.894
-2.967
-2.987
-2.955
-3.012
-3.11
-3.055
-2.896
-2.79
-2.722
-2.633
-2.518
-2.461
-2.49
-2.547
-2.579
-2.654
-2.806
-2.917
-2.964
-3.051
-3.169
-3.205
-3.198
-3.225
-3.309
-3.395
-3.43
-3.416
-3.42
-3.457
-3.398
-3.239
-3.167
-3.216
-3.253
-3.293
-3.389
-3.518
-3.636
-3.736
-3.797
-3.845
-3.861
-3.815
-3.808
-3.931
-4.04
-4.033
-4.074
-4.203
-4.287
-4.257
-4.194
-4.158
-4.165
-4.21
-4.251
-4.257
-4.269
-4.33
-4.337
-4.287
-4.214
-4.06
-3.883
-3.84
-3.87
-3.879
-3.849
-3.829
-3.858
-3.874
-3.82
-3.674
-3.495
-3.355
-3.225
-3.148
-3.243
-3.427
-3.539
-3.622
-3.715
-3.765
-3.729
-3.681
-3.668
-3.661
-3.627
-3.529
-3.38
-3.28
-3.268
-3.289
-3.321
-3.389
-3.459
-3.493
-3.545
-3.636
-3.702
-3.699
-3.67
-3.645
-3.672
-3.711
-3.704
-3.745
-3.935
-4.149
-4.276
-4.36
-4.4
-4.369
-4.296
-4.219
-4.135
-4.044
-4.033
-4.137
-4.282
-4.457
-4.643
-4.732
-4.743
-4.77
-4.816
-4.795
-4.684
-4.527
-4.366
-4.278
-4.228
-4.153
-4.099
-4.108
-4.169
-4.332
-4.557
-4.673
-4.668
-4.659
-4.648
-4.611
-4.543
-4.459
-4.385
-4.378
-4.471
-4.545
-4.45
-4.346
-4.414
-4.537
-4.507
-4.289
-4.015
-3.79
-3.663
-3.575
-3.525
-3.52
-3.536
-3.575
-3.67
-3.756
-3.77
-3.77
-3.795
-3.756
-3.656
-3.547
-3.459
-3.411
-3.418
-3.468
-3.539
-3.679
-3.888
-4.028
-4.058
-4.076
-4.137
-4.13
-4.053
-3.994
-3.992
-3.972
-3.863
-3.709
-3.625
-3.654
-3.754
-3.929
-4.176
-4.4
-4.493
-4.534
-4.586
-4.573
-4.487
-4.421
-4.448
-4.586
-4.775
-4.915
-5.006
-5.188
-5.396
-5.421
-5.246
-5.088
-4.968
-4.784
-4.561
-4.355
-4.196
-4.11
-4.092
-4.09
-4.026
-3.892
-3.754
-3.72
-3.797
-3.811
-3.702
-3.684
-3.818
-3.922
-3.849
-3.666
-3.52
-3.491
-3.543
-3.611
-3.724
-3.917
-4.149
-4.294
-4.344
-4.344
-4.244
-4.081
-3.969
-3.908
-3.813
-3.695
-3.672
-3.786
-3.926
-3.972
-3.976
-4.074
-4.273
-4.387
-4.296
-4.169
-4.176
-4.285
-4.403
-4.48
-4.548
-4.645
-4.761
-4.843
-4.874
-4.884
-4.908
-4.89
-4.806
-4.684
-4.493
-4.239
-4.065
-3.994
-3.924
-3.818
-3.713
-3.597
-3.443
-3.239
-3.048
-2.978
-2.994
-2.951
-2.867
-2.84
-2.84
-2.822
-2.726
-2.52
-2.266
-2.089
-2.028
-1.998
-1.976
-2.055
-2.25
-2.445
-2.572
-2.645
-2.611
-2.5
-2.42
-2.288
-2.071
-1.896
-1.851
-1.935
-2.08
-2.155
-2.162
-2.227
-2.357
-2.488
-2.592
-2.649
-2.674
-2.767
-2.91
-2.999
-3.023
-3.046
-3.107
-3.248
-3.445
-3.629
-3.799
-4.035
-4.262
-4.355
-4.321
-4.248
-4.135
-4.006
-3.89
-3.804
-3.774
-3.829
-3.956
-4.062
-4.099
-4.115
-4.155
-4.112
-3.944
-3.736
-3.579
-3.448
-3.341
-3.271
-3.257
-3.309
-3.4
-3.45
-3.527
-3.656
-3.704
-3.679
-3.622
-3.547
-3.443
-3.337
-3.271
-3.223
-3.107
-2.903
-2.74
-2.638
-2.547
-2.47
-2.459
-2.495
-2.536
-2.497
-2.35
-2.162
-1.991
-1.858
-1.735
-1.669
-1.662
-1.66
-1.706
-1.828
-1.969
-2.098
-2.218
-2.313
-2.366
-2.375
-2.336
-2.264
-2.198
-2.209
-2.255
-2.28
-2.309
-2.436
-2.581
-2.615
-2.597
-2.62
-2.64
-2.611
-2.586
-2.602
-2.649
-2.72
-2.783
-2.86
-2.983
-3.114
-3.221
-3.321
-3.423
-3.511
-3.566
-3.543
-3.4
-3.139
-2.853
-2.654
-2.543
-2.445
-2.395
-2.488
-2.688
-2.935
-3.13
-3.212
-3.223
-3.221
-3.13
-2.931
-2.683
-2.438
-2.22
-2.053
-1.939
-1.871
-1.883
-2.025
-2.216
-2.352
-2.379
-2.375
-2.404
-2.438
-2.422
-2.339
-2.209
-2.073
-1.98
-1.946
-1.921
-1.889
-1.908
-2.01
-2.123
-2.18
-2.2
-2.284
-2.368
-2.304
-2.164
-2.062
-1.971
-1.88
-1.821
-1.799
-1.787
-1.805
-1.862
-1.878
-1.796
-1.656
-1.499
-1.363
-1.216
-1.055
-0.941
-0.921
-0.962
-0.996
-0.959
-0.925
-1.005
-1.177
-1.331
-1.445
-1.492
-1.497
-1.406
-1.214
-0.975
-0.812
-0.787
-0.823
-0.832
-0.832
-0.894
-1.009
-1.136
-1.241
-1.29
-1.313
-1.329
-1.284
-1.166
-0.968
-0.717
-0.54
-0.51
-0.558
-0.59
-0.637
-0.764
-0.948
-1.102
-1.159
-1.136
-1.064
-0.941
-0.835
-0.776
-0.726
-0.676
-0.66
-0.719
-0.805
-0.855
-0.912
-0.989
-1.025
-0.962
-0.841
-0.717
-0.567
-0.395
-0.238
-0.127
-0.066
-0.052
-0.093
-0.206
-0.306
-0.329
-0.295
-0.202
-0.097
-0.009
0.034
0.061
0.082
0.1
0.116
0.122
0.102
0.061
0.041
0.004
-0.034
-0.066
-0.043
0.023
0.095
0.202
0.367
0.537
0.692
0.866
0.998
1.018
0.95
0.914
0.953
1.021
1.077
1.107
1.186
1.381
1.642
1.821
1.88
1.905
1.93
1.939
1.878
1.737
1.583
1.495
1.463
1.424
1.368
1.34
1.422
1.574
1.719
1.849
1.973
2.053
2.053
2.001
1.894
1.753
1.601
1.495
1.427
1.411
1.504
1.631
1.735
1.819
1.926
2.005
2.03
1.966
1.817
1.681
1.608
1.601
1.617
1.649
1.744
1.905
2.069
2.2
2.325
2.44
2.565
2.733
2.915
3.008
2.983
2.942
2.953
3.005
3.069
3.132
3.185
3.232
3.312
3.393
3.395
3.368
3.377
3.371
3.287
3.146
2.992
2.869
2.808
2.808
2.867
2.962
3.035
3.083
3.096
3.067
3.003
2.955
2.915
2.815
2.701
2.62
2.545
2.454
2.386
2.388
2.488
2.62
2.708
2.736
2.772
2.808
2.779
2.688
2.606
2.522
2.434
2.407
2.493
2.683
2.896
3.11
3.355
3.625
3.854
4.017
4.117
4.18
4.201
4.185
4.11
4.04
4.026
4.126
4.31
4.532
4.747
4.924
5.049
5.094
5.06
4.974
4.915
4.89
4.813
4.75
4.811
4.968
5.113
5.212
5.296
5.412
5.51
5.543
5.53
5.5
5.469
5.451
5.464
5.473
5.469
5.507
5.621
5.734
5.811
5.888
5.947
5.981
5.968
5.891
5.745
5.573
5.428
5.305
5.224
5.201
5.199
5.181
5.196
5.285
5.355
5.333
5.256
5.185
5.11
5.026
4.936
4.847
4.802
4.834
4.924
5.042
5.122
5.169
5.253
5.324
5.367
5.444
5.546
5.607
5.643
5.723
5.798
5.82
5.807
5.784
5.791
5.857
5.956
5.999
5.999
6.054
6.143
6.174
6.186
6.251
6.333
6.376
6.378
6.374
6.367
6.371
6.381
6.381
6.328
6.26
6.247
6.219
6.113
6.029
6.015
6.036
6.054
6.052
6.038
6.013
5.945
5.87
5.782
5.716
5.684
5.625
5.541
5.539
5.614
5.655
5.687
5.766
5.839
5.882
5.891
5.882
5.904
5.943
5.988
6.083
6.172
6.201
6.285
6.392
6.437
6.426
6.444
6.492
6.544
6.617
6.687
6.7
6.691
6.719
6.809
6.943
7.086
7.231
7.351
7.413
7.49
7.565
7.551
7.496
7.474
7.456
7.404
7.351
7.354
7.424
7.544
7.673
7.8
7.88
7.796
7.583
7.406
7.265
7.109
6.975
6.916
6.961
7.063
7.156
7.213
7.254
7.299
7.297
7.172
6.964
6.789
6.662
6.508
6.392
6.426
6.546
6.685
6.841
6.964
7.02
7.022
6.986
6.898
6.75
6.578
6.458
6.34
6.127
5.888
5.791
5.802
5.82
5.882
6.002
6.09
6.081
5.97
5.779
5.571
5.396
5.269
5.147
5.033
5.036
5.144
5.237
5.315
5.498
5.745
5.913
6.002
6.015
5.986
5.945
5.884
5.836
5.829
5.875
5.981
6.131
6.233
6.292
6.412
6.58
6.664
6.639
6.598
6.598
6.571
6.494
6.403
6.383
6.46
6.601
6.739
6.834
6.907
6.966
6.943
6.852
6.857
6.939
6.905
6.755
6.612
6.521
6.474
6.458
6.455
6.49
6.523
6.505
6.417
6.267
6.059
5.852
5.714
5.589
5.48
5.46
5.505
5.519
5.55
5.627
5.691
5.705
5.639
5.525
5.342
5.138
4.979
4.879
4.836
4.908
5.117
5.294
5.394
5.469
5.512
5.482
5.387
5.231
5.074
4.915
4.747
4.623
4.573
4.525
4.509
4.598
4.752
4.877
4.954
4.949
4.892
4.822
4.768
4.695
4.55
4.407
4.337
4.271
4.194
4.18
4.239
4.248
4.21
4.201
4.174
4.081
3.969
3.854
3.749
3.674
3.641
3.638
3.654
3.663
3.674
3.765
3.845
3.842
3.854
3.938
4.008
4.028
4.006
3.972
3.983
4.081
4.214
4.307
4.355
4.369
4.307
4.178
4.067
4.062
4.038
3.94
3.897
3.947
3.956
3.91
3.876
3.826
3.749
3.627
3.443
3.214
3.03
2.935
2.915
2.91
2.876
2.917
3.071
3.191
3.207
3.221
3.264
3.259
3.219
3.155
3.08
2.987
2.876
2.736
2.561
2.452
2.497
2.565
2.549
2.556
2.629
2.67
2.608
2.477
2.348
2.243
2.182
2.139
2.1
2.096
2.153
2.277
2.418
2.5
2.513
2.543
2.577
2.536
2.436
2.384
2.359
2.341
2.329
2.32
2.336
2.352
2.345
2.345
2.327
2.309
2.307
2.218
2.055
1.941
1.898
1.828
1.681
1.561
1.502
1.477
1.447
1.415
1.372
1.35
1.336
1.32
1.32
1.32
1.275
1.247
1.302
1.352
1.365
1.372
1.345
1.293
1.25
1.175
1.048
0.912
0.812
0.73
0.637
0.535
0.492
0.474
0.44
0.431
0.463
0.44
0.356
0.234
0.045
-0.183
-0.404
-0.576
-0.703
-0.807
-0.871
-0.83
-0.701
-0.606
-0.587
-0.56
-0.49
-0.479
-0.565
-0.664
-0.714
-0.728
-0.748
-0.778
-0.769
-0.692
-0.608
-0.558
-0.549
-0.535
-0.465
-0.433
-0.483
-0.522
-0.494
-0.44
-0.442
-0.497
-0.547
-0.551
-0.526
-0.469
-0.395
-0.333
-0.302
-0.279
-0.22
-0.152
-0.12
-0.122
-0.12
-0.152
-0.227
-0.272
-0.29
-0.317
-0.367
-0.408
-0.46
-0.574
-0.767
-0.982
-1.157
-1.272
-1.368
-1.499
-1.653
-1.742
-1.796
-1.889
-2.053
-2.234
-2.354
-2.427
-2.486
-2.554
-2.606
-2.661
-2.726
-2.776
-2.788
-2.779
-2.794
-2.838
-2.831
-2.781
-2.765
-2.751
-2.722
-2.686
-2.665
-2.661
-2.701
-2.756
-2.781
-2.781
-2.806
-2.851
-2.838
-2.833
-2.896
-2.974
-3.01
-3.044
-3.132
-3.259
-3.359
-3.393
-3.359
-3.323
-3.327
-3.325
-3.271
-3.151
-3.017
-2.98
-3.044
-3.128
-3.089
-2.978
-2.906
-2.869
-2.797
-2.672
-2.554
-2.518
-2.52
-2.522
-2.497
-2.45
-2.475
-2.581
-2.665
-2.704
-2.744
-2.776
-2.792
-2.799
-2.853
-2.939
-3.015
-3.107
-3.257
-3.418
-3.495
-3.477
-3.484
-3.543
-3.545
-3.473
-3.423
-3.468
-3.532
-3.509
-3.443
-3.416
-3.402
-3.382
-3.341
-3.278
-3.239
-3.237
-3.259
-3.243
-3.216
-3.219
-3.216
-3.203
-3.185
-3.135
-3.085
-3.098
-3.164
-3.25
-3.282
-3.278
-3.289
-3.321
-3.305
-3.25
-3.257
-3.33
-3.389
-3.45
-3.559
-3.697
-3.813
-3.908
-4.035
-4.185
-4.257
-4.262
-4.285
-4.348
-4.448
-4.602
-4.829
-5.088
-5.308
-5.494
-5.657
-5.802
-5.945
-6.024
-6.022
-5.999
-6.02
-6.106
-6.129
-6.068
-6.015
-6.027
-6.038
-6.006
-5.966
-5.929
-5.847
-5.695
-5.516
-5.337
-5.133
-4.902
-4.636
-4.357
-4.201
-4.153
-4.121
-4.094
-4.115
-4.203
-4.323
-4.38
-4.325
-4.237
-4.246
-4.36
-4.457
-4.491
-4.498
-4.605
-4.791
-4.952
-5.026
-5.051
-5.097
-5.185
-5.274
-5.303
-5.299
-5.346
-5.448
-5.559
-5.652
-5.748
-5.843
-5.961
-6.12
-6.301
-6.508
-6.678
-6.782
-6.87
-6.959
-7.068
-7.184
-7.261
-7.308
-7.399
-7.533
-7.689
-7.792
-7.807
-7.769
-7.687
-7.574
-7.488
-7.481
-7.478
-7.42
-7.333
-7.238
-7.165
-7.131
-7.02
-6.818
-6.612
-6.469
-6.317
-6.12
-5.922
-5.802
-5.773
-5.782
-5.745
-5.666
-5.594
-5.541
-5.512
-5.469
-5.36
-5.267
-5.24
-5.24
-5.233
-5.156
-5.001
-4.872
-4.804
-4.75
-4.7
-4.652
-4.634
-4.611
-4.507
-4.355
-4.241
-4.18
-4.14
-4.09
-3.999
-3.935
-3.974
-4.008
-3.942
-3.831
-3.763
-3.779
-3.811
-3.788
-3.745
-3.792
-3.976
-4.208
-4.389
-4.482
-4.541
-4.659
-4.806
-4.884
-4.854
-4.829
-4.904
-5.069
-5.219
-5.278
-5.308
-5.335
-5.353
-5.305
-5.21
-5.151
-5.174
-5.224
-5.249
-5.267
-5.315
-5.364
-5.337
-5.226
-5.122
-5.106
-5.113
-5.047
-4.952
-4.902
-4.89
-4.845
-4.707
-4.516
-4.362
-4.287
-4.276
-4.237
-4.135
-4.049
-4.035
-4.092
-4.149
-4.115
-4.042
-4.01
-3.99
-3.926
-3.842
-3.756
-3.718
-3.738
-3.788
-3.813
-3.833
-3.888
-3.933
-3.958
-4.033
-4.214
-4.389
-4.507
-4.593
-4.67
-4.779
-4.92
-4.981
-4.988
-5.02
-5.033
-4.997
-4.945
-4.822
-4.659
-4.541
-4.489
-4.432
-4.271
-4.033
-3.813
-3.706
-3.711
-3.745
-3.754
-3.799
-3.922
-4.013
-3.94
-3.736
-3.489
-3.239
-3.019
-2.853
-2.769
-2.731
-2.724
-2.742
-2.76
-2.794
-2.883
-3.015
-3.116
-3.101
-3.046
-3.083
-3.141
-3.151
-3.153
-3.155
-3.101
-3.019
-2.987
-3.01
-3.083
-3.191
-3.366
-3.588
-3.783
-3.938
-4.06
-4.233
-4.425
-4.573
-4.697
-4.881
-5.074
-5.192
-5.233
-5.242
-5.174
-5.115
-5.144
-5.235
-5.296
-5.303
-5.296
-5.303
-5.305
-5.276
-5.224
-5.131
-4.976
-4.802
-4.654
-4.487
-4.276
-4.087
-3.919
-3.724
-3.475
-3.246
-3.098
-2.994
-2.955
-3.017
-3.173
-3.339
-3.459
-3.516
-3.557
-3.57
-3.534
-3.466
-3.398
-3.327
-3.259
-3.225
-3.214
-3.187
-3.112
-3.026
-2.976
-2.944
-2.903
-2.835
-2.801
-2.84
-2.915
-2.983
-3.019
-2.99
-2.894
-2.874
-2.926
-2.942
-2.883
-2.828
-2.856
-2.901
-2.91
-2.885
-2.871
-2.892
-2.955
-3.026
-3.051
-3.076
-3.11
-3.107
-3.107
-3.148
-3.164
-3.114
-3.028
-2.962
-2.924
-2.892
-2.901
-2.953
-3.015
-3.064
-3.096
-3.11
-3.11
-3.11
-3.094
-3.053
-3.021
-3.033
-3.091
-3.13
-3.105
-3.087
-3.135
-3.182
-3.135
-3.037
-2.96
-2.858
-2.708
-2.563
-2.447
-2.336
-2.241
-2.164
-2.066
-1.917
-1.737
-1.536
-1.39
-1.37
-1.427
-1.456
-1.418
-1.374
-1.384
-1.37
-1.311
-1.232
-1.195
-1.229
-1.311
-1.402
-1.502
-1.624
-1.733
-1.81
-1.867
-1.948
-2.105
-2.284
-2.372
-2.45
-2.556
-2.681
-2.751
-2.72
-2.599
-2.45
-2.295
-2.2
-2.171
-2.187
-2.237
-2.329
-2.438
-2.504
-2.484
-2.364
-2.241
-2.202
-2.225
-2.216
-2.15
-2.132
-2.225
-2.268
-2.175
-2.05
-1.928
-1.783
-1.642
-1.542
-1.506
-1.551
-1.61
-1.622
-1.594
-1.549
-1.524
-1.458
-1.263
-1.095
-1.025
-1.018
-1.03
-1.041
-1.021
-0.971
-0.905
-0.862
-0.848
-0.853
-0.871
-0.885
-0.875
-0.862
-0.828
-0.764
-0.739
-0.823
-0.943
-0.978
-0.946
-0.968
-1.123
-1.282
-1.338
-1.331
-1.313
-1.245
-1.127
-1.005
-0.93
-0.912
-0.878
-0.857
-0.869
-0.916
-0.968
-1.011
-0.984
-0.916
-0.91
-1
-1.1
-1.159
-1.186
-1.195
-1.193
-1.173
-1.159
-1.163
-1.17
-1.163
-1.143
-1.127
-1.107
-1.084
-1.07
-1.123
-1.227
-1.313
-1.329
-1.334
-1.415
-1.49
-1.488
-1.431
-1.334
-1.2
-1.064
-0.971
-0.889
-0.801
-0.717
-0.655
-0.612
-0.567
-0.547
-0.569
-0.563
-0.492
-0.424
-0.383
-0.327
-0.19
-0.007
0.163
0.333
0.483
0.565
0.626
0.689
0.73
0.753
0.805
0.873
0.966
1.007
0.962
0.898
0.873
0.841
0.764
0.726
0.739
0.771
0.835
0.95
1.075
1.148
1.141
1.12
1.123
1.132
1.1
1.007
1.009
1.098
1.091
0.943
0.78
0.696
0.671
0.701
0.798
0.962
1.145
1.35
1.54
1.703
1.789
1.81
1.824
1.855
1.887
1.955
2.107
2.223
2.205
2.175
2.189
2.234
2.298
2.379
2.452
2.522
2.649
2.819
2.951
3.008
3.008
2.98
3.001
3.015
2.96
2.903
2.896
2.915
2.869
2.763
2.617
2.456
2.323
2.266
2.25
2.234
2.25
2.334
2.463
2.531
2.486
2.386
2.282
2.132
1.955
1.851
1.812
1.803
1.824
1.835
1.846
1.885
1.951
1.98
1.989
1.996
2.003
2.055
2.207
2.395
2.536
2.629
2.742
2.851
2.91
2.935
2.951
2.983
3.055
3.144
3.25
3.368
3.518
3.672
3.804
3.867
3.926
4.065
4.237
4.335
4.366
4.371
4.373
4.38
4.393
4.409
4.418
4.405
4.403
4.396
4.398
4.423
4.459
4.514
4.614
4.722
4.741
4.736
4.804
4.892
4.931
4.958
4.965
4.943
4.917
4.888
4.868
4.87
4.892
4.924
4.954
4.956
5.001
5.124
5.237
5.276
5.312
5.389
5.476
5.525
5.51
5.453
5.392
5.315
5.244
5.215
5.19
5.092
4.945
4.836
4.818
4.834
4.806
4.788
4.838
4.897
4.906
4.847
4.757
4.689
4.661
4.629
4.591
4.575
4.57
4.609
4.697
4.779
4.838
4.913
4.97
4.99
5.013
5.085
5.196
5.319
5.439
5.541
5.619
5.632
5.623
5.612
5.621
5.625
5.587
5.555
5.564
5.564
5.519
5.446
5.417
5.389
5.346
5.328
5.328
5.31
5.274
5.185
5.067
4.954
4.863
4.802
4.727
4.636
4.598
4.614
4.627
4.639
4.691
4.777
4.859
4.87
4.868
4.868
4.892
4.958
5.067
5.192
5.312
5.362
5.348
5.351
5.364
5.348
5.305
5.28
5.305
5.348
5.383
5.412
5.469
5.523
5.584
5.643
5.677
5.716
5.761
5.807
5.814
5.791
5.768
5.73
5.648
5.548
5.482
5.446
5.439
5.471
5.528
5.58
5.596
5.559
5.514
5.464
5.396
5.31
5.26
5.256
5.262
5.24
5.156
5.051
4.988
4.902
4.791
4.695
4.632
4.598
4.584
4.577
4.595
4.664
4.772
4.865
4.911
4.922
4.924
4.87
4.791
4.711
4.645
4.623
4.639
4.634
4.623
4.614
4.614
4.623
4.673
4.763
4.845
4.913
4.995
5.058
5.092
5.092
5.076
5.069
5.031
4.917
4.813
4.72
4.618
4.505
4.412
4.33
4.26
4.221
4.212
4.203
4.208
4.26
4.298
4.298
4.28
4.276
4.285
4.28
4.266
4.257
4.253
4.26
4.266
4.264
4.289
4.328
4.362
4.428
4.543
4.693
4.847
4.963
5.058
5.126
5.14
5.128
5.138
5.11
5.038
4.929
4.809
4.693
4.6
4.559
4.543
4.521
4.509
4.466
4.409
4.387
4.357
4.33
4.321
4.298
4.271
4.26
4.251
4.23
4.18
4.112
4.056
3.994
3.91
3.84
3.797
3.765
3.754
3.772
3.82
3.876
3.933
3.992
4.044
4.065
4.065
4.035
3.965
3.892
3.824
3.781
3.745
3.706
3.654
3.597
3.577
3.559
3.559
3.611
3.668
3.702
3.736
3.77
3.788
3.786
3.79
3.829
3.876
3.897
3.906
3.879
3.788
3.672
3.547
3.432
3.321
3.196
3.083
3.028
3.033
3.039
3.039
2.994
2.896
2.792
2.726
2.674
2.633
2.62
2.627
2.67
2.676
2.638
2.629
2.622
2.568
2.481
2.427
2.454
2.522
2.592
2.674
2.781
2.899
3.008
3.048
3.028
3.015
3.048
3.107
3.128
3.101
3.046
2.964
2.867
2.767
2.652
2.547
2.465
2.4
2.375
2.361
2.329
2.252
2.153
2.096
2.044
1.948
1.889
1.885
1.865
1.794
1.708
1.633
1.579
1.526
1.472
1.406
1.336
1.295
1.304
1.336
1.413
1.531
1.633
1.685
1.699
1.683
1.635
1.592
1.54
1.481
1.463
1.479
1.47
1.418
1.345
1.259
1.2
1.143
1.13
1.15
1.105
1.057
1.059
1.05
1.021
0.986
0.966
0.946
0.948
0.968
0.959
0.907
0.871
0.894
0.914
0.914
0.971
1.075
1.143
1.143
1.123
1.148
1.207
1.27
1.315
1.343
1.35
1.325
1.29
1.275
1.261
1.218
1.209
1.241
1.252
1.234
1.241
1.275
1.331
1.384
1.384
1.35
1.295
1.229
1.148
1.102
1.105
1.089
1.009
0.921
0.891
0.86
0.798
0.751
0.717
0.687
0.642
0.565
0.481
0.39
0.306
0.272
0.254
0.122
-0.052
-0.156
-0.247
-0.351
-0.424
-0.451
-0.481
-0.54
-0.644
-0.762
-0.869
-0.943
-1.009
-1.041
-1.021
-0.984
-0.973
-0.955
-0.9
-0.835
-0.805
-0.785
-0.73
-0.626
-0.503
-0.408
-0.335
-0.281
-0.218
-0.118
-0.041
-0.068
-0.113
-0.111
-0.138
-0.256
-0.349
-0.376
-0.392
-0.44
-0.492
-0.558
-0.624
-0.639
-0.642
-0.676
-0.705
-0.758
-0.896
-1.068
-1.186
-1.245
-1.288
-1.334
-1.365
-1.374
-1.363
-1.347
-1.354
-1.388
-1.434
-1.477
-1.499
-1.579
-1.685
-1.74
-1.76
-1.792
-1.803
-1.81
-1.835
-1.88
-1.908
-1.88
-1.828
-1.814
-1.855
-1.923
-1.962
-1.946
-1.928
-1.944
-1.849
-1.69
-1.619
-1.651
-1.69
-1.692
-1.672
-1.653
-1.674
-1.697
-1.688
-1.665
-1.662
-1.728
-1.805
-1.801
-1.758
-1.794
-1.883
-1.991
-2.096
-2.196
-2.25
-2.259
-2.23
-2.193
-2.22
-2.348
-2.516
-2.667
-2.826
-3.008
-3.137
-3.128
-3.096
-3.153
-3.264
-3.355
-3.409
-3.448
-3.457
-3.425
-3.393
-3.373
-3.339
-3.346
-3.477
-3.604
-3.629
-3.661
-3.774
-3.917
-4.067
-4.246
-4.382
-4.428
-4.393
-4.325
-4.262
-4.221
-4.187
-4.133
-4.119
-4.214
-4.298
-4.248
-4.169
-4.196
-4.26
-4.276
-4.221
-4.146
-4.065
-3.978
-3.915
-3.851
-3.736
-3.627
-3.643
-3.647
-3.539
-3.4
-3.305
-3.237
-3.198
-3.214
-3.262
-3.318
-3.373
-3.427
-3.473
-3.491
-3.511
-3.514
-3.495
-3.511
-3.498
-3.375
-3.237
-3.187
-3.203
-3.282
-3.418
-3.527
-3.588
-3.65
-3.749
-3.851
-3.933
-4.038
-4.21
-4.346
-4.364
-4.38
-4.496
-4.648
-4.754
-4.841
-4.945
-5.024
-5.063
-5.128
-5.256
-5.392
-5.512
-5.587
-5.6
-5.662
-5.779
-5.816
-5.741
-5.689
-5.668
-5.646
-5.598
-5.469
-5.292
-5.178
-5.12
-5.058
-4.933
-4.843
-4.843
-4.82
-4.729
-4.673
-4.684
-4.689
-4.682
-4.704
-4.697
-4.634
-4.532
-4.459
-4.439
-4.425
-4.416
-4.493
-4.643
-4.718
-4.718
-4.713
-4.716
-4.732
-4.777
-4.786
-4.743
-4.693
-4.686
-4.679
-4.682
-4.759
-4.852
-4.886
-4.906
-4.87
-4.772
-4.691
-4.639
-4.573
-4.509
-4.453
-4.414
-4.412
-4.457
-4.516
-4.62
-4.757
-4.788
-4.693
-4.595
-4.545
-4.496
-4.403
-4.273
-4.142
-4.015
-3.894
-3.763
-3.647
-3.6
-3.557
-3.473
-3.434
-3.477
-3.479
-3.427
-3.377
-3.343
-3.282
-3.146
-2.974
-2.831
-2.724
-2.602
-2.465
-2.413
-2.397
-2.393
-2.447
-2.54
-2.624
-2.74
-2.915
-3.101
-3.214
-3.273
-3.298
-3.312
-3.384
-3.45
-3.407
-3.318
-3.307
-3.307
-3.271
-3.271
-3.334
-3.427
-3.527
-3.622
-3.758
-3.954
-4.146
-4.312
-4.455
-4.471
-4.335
-4.217
-4.214
-4.266
-4.328
-4.38
-4.418
-4.462
-4.527
-4.586
-4.595
-4.657
-4.727
-4.677
-4.525
-4.414
-4.31
-4.146
-3.935
-3.74
-3.609
-3.502
-3.366
-3.196
-3.023
-2.851
-2.706
-2.652
-2.59
-2.465
-2.384
-2.366
-2.311
-2.207
-2.137
-2.153
-2.193
-2.146
-1.991
-1.817
-1.776
-1.849
-1.853
-1.814
-1.846
-1.894
-1.887
-1.81
-1.713
-1.665
-1.685
-1.735
-1.817
-1.896
-1.919
-1.894
-1.948
-2.014
-2.007
-2.037
-2.175
-2.35
-2.461
-2.518
-2.572
-2.658
-2.772
-2.892
-2.992
-3.171
-3.448
-3.713
-3.906
-4.09
-4.251
-4.35
-4.423
-4.469
-4.469
-4.453
-4.453
-4.475
-4.502
-4.475
-4.362
-4.266
-4.203
-4.076
-3.915
-3.811
-3.734
-3.652
-3.554
-3.443
-3.293
-3.112
-2.885
-2.661
-2.524
-2.549
-2.608
-2.647
-2.749
-2.851
-2.865
-2.81
-2.736
-2.624
-2.475
-2.298
-2.146
-2.098
-2.13
-2.134
-2.166
-2.295
-2.411
-2.429
-2.407
-2.386
-2.402
-2.486
-2.617
-2.747
-2.838
-2.876
-2.874
-2.858
-2.828
-2.76
-2.654
-2.672
-2.799
-2.86
-2.863
-2.919
-3.039
-3.123
-3.137
-3.123
-3.114
-3.098
-3.053
-2.992
-2.908
-2.763
-2.59
-2.463
-2.377
-2.28
-2.137
-1.994
-1.892
-1.794
-1.681
-1.549
-1.413
-1.268
-1.136
-1.066
-1.032
-0.935
-0.803
-0.694
-0.606
-0.528
-0.456
-0.383
-0.322
-0.302
-0.29
-0.286
-0.324
-0.386
-0.499
-0.624
-0.705
-0.753
-0.751
-0.66
-0.533
-0.422
-0.333
-0.279
-0.236
-0.215
-0.218
-0.218
-0.229
-0.261
-0.32
-0.367
-0.356
-0.259
-0.175
-0.161
-0.243
-0.354
-0.458
-0.583
-0.689
-0.742
-0.814
-0.948
-1.08
-1.204
-1.336
-1.44
-1.497
-1.492
-1.502
-1.558
-1.59
-1.567
-1.567
-1.608
-1.672
-1.701
-1.699
-1.694
-1.694
-1.703
-1.726
-1.701
-1.59
-1.404
-1.229
-1.127
-1.068
-0.964
-0.837
-0.78
-0.821
-0.878
-0.873
-0.837
-0.823
-0.789
-0.662
-0.467
-0.24
0
0.236
0.469
0.676
0.823
0.91
0.932
0.939
0.982
1.016
1.059
1.177
1.386
1.658
1.935
2.118
2.245
2.382
2.493
2.516
2.445
2.277
2.073
1.867
1.692
1.574
1.465
1.372
1.277
1.216
1.152
1.048
0.905
0.801
0.733
0.671
0.626
0.599
0.601
0.583
0.569
0.587
0.653
0.703
0.764
0.855
0.968
1.118
1.218
1.263
1.288
1.27
1.175
1.048
0.989
1.021
1.095
1.2
1.338
1.477
1.624
1.789
1.894
1.898
1.842
1.762
1.735
1.799
1.894
2.001
2.157
2.336
2.504
2.629
2.749
2.908
3.044
3.096
3.083
3.026
2.946
2.847
2.738
2.695
2.69
2.658
2.622
2.624
2.667
2.701
2.683
2.631
2.563
2.438
2.264
2.105
2.012
1.964
1.937
1.955
2.044
2.162
2.273
2.379
2.47
2.54
2.57
2.554
2.543
2.534
2.484
2.361
2.255
2.22
2.209
2.134
2.037
1.998
2.06
2.157
2.189
2.153
2.08
1.944
1.771
1.624
1.499
1.384
1.32
1.377
1.554
1.733
1.858
2.012
2.266
2.475
2.556
2.565
2.536
2.488
2.384
2.268
2.27
2.384
2.52
2.665
2.842
3.01
3.132
3.21
3.284
3.357
3.346
3.323
3.339
3.393
3.452
3.5
3.611
3.799
3.985
4.096
4.178
4.253
4.269
4.185
4.071
4.001
3.978
3.924
3.863
3.861
3.872
3.824
3.729
3.65
3.6
3.518
3.387
3.248
3.139
2.987
2.779
2.588
2.445
2.284
2.116
2.062
2.132
2.196
2.207
2.257
2.357
2.397
2.3
2.146
2.044
1.923
1.74
1.549
1.42
1.343
1.347
1.454
1.604
1.76
1.855
1.894
1.912
1.876
1.744
1.556
1.404
1.284
1.157
1.109
1.161
1.284
1.438
1.597
1.726
1.835
1.883
1.876
1.86
1.835
1.821
1.794
1.731
1.642
1.581
1.517
1.422
1.359
1.34
1.318
1.302
1.295
1.315
1.39
1.44
1.399
1.345
1.361
1.402
1.406
1.409
1.413
1.427
1.495
1.606
1.733
1.801
1.819
1.926
2.073
2.107
2.073
2.087
2.168
2.284
2.379
2.445
2.513
2.586
2.645
2.672
2.69
2.717
2.738
2.769
2.833
2.888
2.924
2.964
3.046
3.196
3.362
3.491
3.611
3.724
3.84
3.913
3.856
3.736
3.666
3.618
3.557
3.518
3.545
3.595
3.652
3.734
3.792
3.788
3.742
3.663
3.597
3.575
3.509
3.432
3.423
3.436
3.346
3.164
3.003
2.919
2.849
2.779
2.788
2.842
2.822
2.774
2.783
2.767
2.647
2.504
2.388
2.245
2.023
1.769
1.594
1.579
1.622
1.599
1.604
1.688
1.753
1.728
1.626
1.47
1.336
1.29
1.329
1.399
1.402
1.442
1.637
1.871
1.962
1.957
1.973
2.003
1.985
1.901
1.805
1.778
1.821
1.889
2.012
2.216
2.407
2.536
2.695
2.856
2.903
2.831
2.767
2.756
2.74
2.649
2.568
2.561
2.617
2.769
2.978
3.116
3.155
3.189
3.21
3.243
3.296
3.357
3.414
3.443
3.377
3.203
3.067
3.073
3.13
3.203
3.28
3.343
3.414
3.516
3.586
3.588
3.588
3.615
3.652
3.663
3.618
3.606
3.634
3.647
3.711
3.858
3.999
4.126
4.273
4.398
4.459
4.416
4.289
4.19
4.244
4.325
4.362
4.487
4.645
4.693
4.686
4.695
4.668
4.58
4.484
4.403
4.276
4.042
3.82
3.767
3.786
3.758
3.734
3.681
3.552
3.364
3.171
3.017
2.865
2.649
2.388
2.22
2.153
2.053
1.962
1.96
1.962
1.917
1.858
1.778
1.672
1.561
1.429
1.286
1.15
1.064
1.066
1.084
1.064
0.991
0.898
0.769
0.653
0.619
0.624
0.617
0.581
0.487
0.358
0.249
0.156
0.118
0.134
0.143
0.109
-0.011
-0.145
-0.17
-0.111
-0.059
-0.025
0.027
0.097
0.134
0.147
0.152
0.175
0.243
0.356
0.467
0.569
0.669
0.81
0.955
1.07
1.148
1.204
1.309
1.52
1.787
1.941
1.989
2.032
2.107
2.173
2.255
2.345
2.42
2.475
2.5
2.513
2.518
2.588
2.751
2.896
2.924
2.906
2.874
2.797
2.713
2.658
2.652
2.658
2.692
2.808
2.983
3.175
3.366
3.518
3.613
3.634
3.509
3.305
3.16
3.08
2.992
2.888
2.863
2.951
3.076
3.164
3.223
3.235
3.132
2.89
2.588
2.293
2.025
1.781
1.592
1.499
1.467
1.429
1.386
1.411
1.558
1.674
1.617
1.472
1.393
1.397
1.404
1.37
1.334
1.286
1.288
1.374
1.502
1.558
1.526
1.442
1.327
1.136
0.875
0.596
0.347
0.125
-0.095
-0.333
-0.533
-0.553
-0.456
-0.36
-0.333
-0.392
-0.51
-0.651
-0.812
-0.957
-1.08
-1.182
-1.241
-1.286
-1.295
-1.173
-0.975
-0.828
-0.726
-0.587
-0.465
-0.422
-0.417
-0.415
-0.442
-0.519
-0.612
-0.689
-0.721
-0.717
-0.669
-0.594
-0.499
-0.397
-0.351
-0.351
-0.338
-0.363
-0.508
-0.721
-0.873
-0.941
-0.943
-0.857
-0.669
-0.467
-0.342
-0.295
-0.315
-0.404
-0.528
-0.683
-0.898
-1.105
-1.211
-1.277
-1.388
-1.472
-1.429
-1.304
-1.245
-1.288
-1.354
-1.427
-1.483
-1.533
-1.599
-1.667
-1.699
-1.653
-1.513
-1.306
-1.127
-1.002
-0.841
-0.628
-0.479
-0.449
-0.451
-0.383
-0.277
-0.172
-0.034
0.136
0.354
0.624
0.882
1.052
1.098
1.086
1.064
0.991
0.885
0.816
0.744
0.596
0.433
0.379
0.435
0.492
0.544
0.608
0.658
0.667
0.637
0.571
0.456
0.284
0.1
-0.061
-0.222
-0.415
-0.646
-0.821
-0.9
-0.993
-1.157
-1.347
-1.499
-1.619
-1.721
-1.817
-1.951
-2.096
-2.239
-2.386
-2.572
-2.797
-3.035
-3.243
-3.436
-3.622
-3.731
-3.722
-3.688
-3.713
-3.722
-3.697
-3.656
-3.586
-3.495
-3.409
-3.3
-3.207
-3.164
-3.153
-3.171
-3.187
-3.173
-3.228
-3.282
-3.266
-3.239
-3.259
-3.243
-3.137
-3.037
-2.99
-2.994
-3.021
-3.064
-3.091
-3.123
-3.205
-3.307
-3.357
-3.377
-3.4
-3.371
-3.312
-3.305
-3.341
-3.352
-3.343
-3.323
-3.293
-3.284
-3.232
-3.121
-3.037
-2.974
-2.894
-2.858
-2.908
-3.001
-3.103
-3.21
-3.273
-3.312
-3.364
-3.414
-3.425
-3.445
-3.534
-3.615
-3.602
-3.534
-3.536
-3.595
-3.647
-3.67
-3.699
-3.77
-3.904
-4.085
-4.244
-4.341
-4.382
-4.38
-4.364
-4.337
-4.221
-4.058
-4.003
-4.049
-4.078
-4.051
-4.026
-4.017
-4.024
-3.976
-3.872
-3.738
-3.618
-3.529
-3.418
-3.255
-3.107
-2.974
-2.799
-2.615
-2.481
-2.35
-2.187
-1.998
-1.812
-1.604
-1.397
-1.204
-1.068
-0.986
-0.894
-0.769
-0.694
-0.696
-0.712
-0.721
-0.714
-0.68
-0.635
-0.578
-0.524
-0.499
-0.526
-0.574
-0.635
-0.739
-0.9
-1.052
-1.141
-1.243
-1.381
-1.529
-1.678
-1.826
-1.962
-2.071
-2.164
-2.218
-2.307
-2.461
-2.586
-2.667
-2.801
-2.96
-3.051
-3.085
-3.101
-3.114
-3.112
-3.114
-3.123
-3.132
-3.175
-3.23
-3.25
-3.259
-3.307
-3.38
-3.389
-3.339
-3.264
-3.139
-2.99
-2.894
-2.878
-2.892
-2.867
-2.842
-2.899
-3.039
-3.182
-3.289
-3.382
-3.434
-3.436
-3.393
-3.334
-3.275
-3.25
-3.275
-3.307
-3.355
-3.455
-3.629
-3.815
-3.981
-4.144
-4.298
-4.439
-4.559
-4.639
-4.634
-4.591
-4.568
-4.611
-4.693
-4.741
-4.754
-4.747
-4.768
-4.786
-4.768
-4.743
-4.727
-4.702
-4.673
-4.657
-4.643
-4.611
-4.559
-4.491
-4.439
-4.407
-4.362
-4.266
-4.149
-4.019
-3.872
-3.684
-3.495
-3.384
-3.28
-3.119
-2.99
-2.96
-2.955
-2.924
-2.878
-2.833
-2.763
-2.679
-2.592
-2.529
-2.495
-2.454
-2.382
-2.311
-2.264
-2.207
-2.123
-2.078
-2.093
-2.128
-2.148
-2.182
-2.234
-2.295
-2.343
-2.352
-2.372
-2.461
-2.577
-2.672
-2.79
-2.915
-2.996
-3.01
-3.01
-3.044
-3.069
-3.105
-3.196
-3.341
-3.534
-3.749
-3.942
-4.126
-4.319
-4.469
-4.552
-4.577
-4.589
-4.582
-4.527
-4.462
-4.443
-4.448
-4.437
-4.466
-4.559
-4.668
-4.743
-4.779
-4.768
-4.743
-4.636
-4.425
-4.235
-4.078
-3.924
-3.761
-3.586
-3.436
-3.327
-3.2
-3.01
-2.783
-2.538
-2.318
-2.075
-1.794
-1.581
-1.445
-1.302
-1.177
-1.116
-1.08
-1.037
-0.966
-0.875
-0.789
-0.674
-0.497
-0.345
-0.272
-0.249
-0.252
-0.263
-0.333
-0.494
-0.68
-0.828
-1.007
-1.243
-1.458
-1.617
-1.715
-1.812
-1.953
-2.069
-2.107
-2.132
-2.207
-2.32
-2.472
-2.622
-2.754
-2.896
-3.039
-3.21
-3.377
-3.52
-3.629
-3.674
-3.684
-3.684
-3.652
-3.588
-3.568
-3.561
-3.52
-3.393
-3.257
-3.169
-3.091
-2.944
-2.681
-2.432
-2.268
-2.128
-1.991
-1.892
-1.846
-1.844
-1.808
-1.713
-1.542
-1.293
-0.998
-0.703
-0.447
-0.224
-0.025
0.127
0.227
0.265
0.254
0.22
0.186
0.102
-0.018
-0.082
-0.05
0
0.007
0.029
0.111
0.209
0.254
0.27
0.279
0.272
0.211
0.118
0.072
0.02
-0.011
0.02
0.095
0.161
0.179
0.177
0.186
0.22
0.279
0.349
0.431
0.537
0.66
0.758
0.823
0.878
0.925
0.903
0.791
0.699
0.689
0.699
0.655
0.637
0.662
0.676
0.637
0.569
0.508
0.49
0.526
0.581
0.658
0.726
0.776
0.83
0.846
0.751
0.596
0.501
0.465
0.404
0.297
0.19
0.136
0.156
0.218
0.218
0.156
0.113
0.125
0.104
-0.011
-0.109
-0.107
-0.102
-0.127
-0.161
-0.204
-0.304
-0.422
-0.494
-0.551
-0.658
-0.807
-0.928
-0.971
-0.998
-1.046
-1.066
-1.005
-0.935
-0.907
-0.912
-0.957
-1.05
-1.15
-1.193
-1.232
-1.318
-1.406
-1.447
-1.445
-1.429
-1.386
-1.318
-1.188
-0.998
-0.821
-0.723
-0.671
-0.565
-0.429
-0.36
-0.351
-0.295
-0.222
-0.206
-0.213
-0.195
-0.181
-0.159
-0.057
0.095
0.272
0.469
0.714
0.986
1.202
1.359
1.477
1.563
1.551
1.436
1.309
1.259
1.266
1.222
1.152
1.089
1.021
0.928
0.841
0.805
0.828
0.905
0.996
1.073
1.084
1.034
1.032
1.043
0.964
0.807
0.649
0.535
0.494
0.456
0.36
0.277
0.27
0.333
0.44
0.492
0.465
0.463
0.469
0.456
0.429
0.356
0.247
0.159
0.129
0.091
0.052
0.059
0.082
0.127
0.224
0.302
0.313
0.36
0.451
0.537
0.581
0.581
0.587
0.615
0.664
0.73
0.769
0.692
0.574
0.494
0.381
0.19
-0.043
-0.265
-0.422
-0.465
-0.451
-0.426
-0.379
-0.37
-0.458
-0.544
-0.603
-0.703
-0.832
-0.916
-0.932
-0.932
-0.978
-1.062
-1.102
-1.1
-1.111
-1.141
-1.2
-1.214
-1.048
-0.81
-0.664
-0.563
-0.426
-0.281
-0.163
-0.097
-0.059
0.004
0.082
0.082
0.045
0.1
0.186
0.245
0.386
0.603
0.814
0.978
1.157
1.379
1.597
1.721
1.794
1.86
1.898
1.914
1.966
1.98
1.905
1.853
1.88
1.978
2.073
2.134
2.209
2.352
2.5
2.5
2.436
2.384
2.259
2.114
2.041
1.996
1.894
1.762
1.715
1.746
1.778
1.742
1.724
1.781
1.855
1.994
2.189
2.318
2.411
2.552
2.717
2.824
2.853
2.838
2.86
2.96
2.951
2.747
2.577
2.552
2.568
2.5
2.313
2.125
2.019
1.962
1.883
1.749
1.579
1.395
1.222
1.002
0.762
0.628
0.551
0.442
0.335
0.245
0.159
0.075
0.011
0.011
0.063
0.109
0.088
0.091
0.193
0.265
0.281
0.297
0.306
0.277
0.218
0.177
0.14
0.095
0.004
-0.072
-0.104
-0.179
-0.211
-0.143
-0.102
-0.118
-0.088
-0.007
0.079
0.193
0.386
0.626
0.864
0.98
0.941
0.932
1.034
1.127
1.159
1.157
1.161
1.195
1.247
1.27
1.247
1.202
1.17
1.179
1.177
1.1
1.041
0.978
0.823
0.583
0.311
0.091
0
0.029
0.125
0.231
0.306
0.281
0.202
0.2
0.245
0.247
0.19
0.156
0.147
0.145
0.136
0.14
0.17
0.188
0.195
0.15
0.004
-0.136
-0.102
0.016
0.075
0.072
0.061
0.045
0.036
0
-0.102
-0.204
-0.27
-0.279
-0.179
-0.018
0.048
0.016
-0.004
0.036
0.107
0.177
0.308
0.501
0.669
0.771
0.887
1.03
1.173
1.354
1.567
1.765
1.883
1.912
1.896
1.951
2.143
2.359
2.454
2.44
2.407
2.463
2.615
2.76
2.853
2.876
2.858
2.813
2.726
2.563
2.386
2.291
2.275
2.252
2.196
2.189
2.298
2.427
2.44
2.318
2.177
2.06
1.966
1.851
1.694
1.517
1.295
1.089
0.959
0.925
0.978
1.03
1.014
0.921
0.791
0.642
0.524
0.467
0.492
0.569
0.581
0.499
0.431
0.483
0.639
0.801
0.918
0.978
0.968
0.905
0.814
0.764
0.785
0.794
0.764
0.755
0.791
0.878
1.005
1.102
1.089
0.966
0.857
0.841
0.896
0.943
0.964
1.011
1.073
1.127
1.193
1.334
1.533
1.728
1.839
1.894
1.96
2.08
2.146
2.069
1.971
1.948
1.985
1.98
1.987
2.085
2.313
2.488
2.45
2.225
1.971
1.771
1.617
1.492
1.384
1.297
1.29
1.347
1.42
1.454
1.511
1.606
1.674
1.688
1.653
1.66
1.799
1.964
1.976
1.844
1.71
1.665
1.697
1.735
1.762
1.787
1.771
1.678
1.542
1.44
1.415
1.436
1.388
1.302
1.216
1.141
1.093
1.125
1.193
1.259
1.261
1.193
1.066
0.903
0.787
0.773
0.869
0.984
1.118
1.29
1.524
1.778
1.971
2.046
2.037
2.064
2.15
2.248
2.307
2.35
2.354
2.302
2.282
2.388
2.579
2.74
2.772
2.69
2.559
2.409
2.291
2.241
2.225
2.191
2.093
2.03
2.066
2.125
2.148
2.193
2.261
2.288
2.302
2.295
2.25
2.189
2.173
2.207
2.273
2.334
2.37
2.402
2.484
2.552
2.556
2.552
2.602
2.676
2.724
2.701
2.602
2.568
2.62
2.647
2.633
2.652
2.747
2.851
2.842
2.717
2.545
2.379
2.266
2.22
2.209
2.216
2.245
2.307
2.416
2.543
2.59
2.627
2.661
2.597
2.452
2.316
2.196
2.098
1.98
1.833
1.694
1.549
1.386
1.195
0.978
0.796
0.687
0.628
0.615
0.592
0.556
0.585
0.631
0.628
0.646
0.687
0.723
0.776
0.803
0.746
0.66
0.594
0.574
0.581
0.601
0.68
0.866
1.111
1.322
1.524
1.814
2.209
2.534
2.706
2.856
2.987
3.112
3.239
3.3
3.303
3.307
3.359
3.425
3.489
3.557
3.593
3.582
3.568
3.588
3.604
3.604
3.652
3.731
3.77
3.742
3.695
3.679
3.636
3.57
3.502
3.448
3.42
3.395
3.346
3.28
3.232
3.187
3.167
3.246
3.409
3.59
3.713
3.804
3.899
3.99
4.035
4.001
3.94
3.904
3.858
3.783
3.729
3.702
3.672
3.645
3.661
3.706
3.722
3.681
3.557
3.416
3.314
3.248
3.182
3.132
3.13
3.151
3.162
3.112
2.99
2.804
2.577
2.343
2.1
1.892
1.744
1.653
1.613
1.622
1.649
1.703
1.794
1.853
1.83
1.762
1.749
1.789
1.814
1.824
1.837
1.853
1.853
1.789
1.672
1.538
1.442
1.427
1.445
1.481
1.554
1.615
1.633
1.653
1.681
1.719
1.789
1.883
2.007
2.166
2.352
2.556
2.763
2.931
2.987
2.978
2.949
2.928
2.91
2.892
2.91
2.964
3.035
3.132
3.241
3.305
3.303
3.262
3.2
3.16
3.128
3.116
3.169
3.259
3.325
3.366
3.409
3.45
3.459
3.398
3.291
3.255
3.282
3.296
3.248
3.198
3.198
3.205
3.228
3.278
3.316
3.293
3.289
3.321
3.352
3.362
3.362
3.348
3.291
3.189
3.044
2.858
2.674
2.524
2.388
2.28
2.212
2.168
2.121
2.048
1.944
1.805
1.665
1.504
1.354
1.272
1.25
1.288
1.37
1.438
1.479
1.492
1.49
1.418
1.254
1.066
0.932
0.866
0.844
0.869
0.968
1.132
1.331
1.447
1.477
1.47
1.463
1.452
1.445
1.399
1.302
1.261
1.254
1.232
1.204
1.193
1.163
1.125
1.127
1.152
1.175
1.198
1.218
1.209
1.209
1.275
1.374
1.44
1.513
1.64
1.742
1.767
1.756
1.706
1.606
1.465
1.3
1.116
0.968
0.88
0.848
0.882
0.914
0.928
0.98
1.08
1.136
1.127
1.138
1.182
1.186
1.12
1.057
1.021
0.986
0.996
1.027
1.018
0.955
0.871
0.762
0.689
0.678
0.674
0.651
0.644
0.662
0.687
0.719
0.726
0.78
0.821
0.739
0.631
0.639
0.685
0.658
0.596
0.544
0.499
0.415
0.286
0.183
0.227
0.365
0.469
0.608
0.819
0.975
0.996
0.939
0.853
0.76
0.646
0.551
0.556
0.596
0.596
0.646
0.764
0.83
0.81
0.764
0.767
0.812
0.839
0.853
0.925
1.073
1.204
1.257
1.329
1.39
1.325
1.193
1.091
1.014
0.939
0.844
0.758
0.701
0.676
0.667
0.637
0.587
0.551
0.537
0.463
0.281
0.127
0.023
-0.068
-0.118
-0.136
-0.2
-0.299
-0.413
-0.503
-0.522
-0.456
-0.397
-0.415
-0.435
-0.485
-0.603
-0.73
-0.798
-0.839
-0.866
-0.869
-0.828
-0.742
-0.676
-0.596
-0.447
-0.374
-0.458
-0.556
-0.581
-0.587
-0.596
-0.596
-0.569
-0.508
-0.444
-0.429
-0.422
-0.333
-0.281
-0.329
-0.363
-0.386
-0.479
-0.603
-0.685
-0.696
-0.637
-0.544
-0.465
-0.406
-0.335
-0.236
-0.116
-0.116
-0.274
-0.479
-0.676
-0.875
-1.075
-1.293
-1.488
-1.624
-1.733
-1.849
-1.883
-1.814
-1.799
-1.812
-1.776
-1.706
-1.699
-1.753
-1.833
-1.903
-1.923
-1.901
-1.844
-1.762
-1.706
-1.622
-1.513
-1.526
-1.637
-1.701
-1.708
-1.753
-1.846
-1.944
-2.021
-2.057
-2.105
-2.155
-2.107
-1.948
-1.849
-1.849
-1.873
-1.917
-1.96
-1.976
-2.014
-2.093
-2.157
-2.175
-2.164
-2.125
-2.044
-1.876
-1.694
-1.662
-1.731
-1.76
-1.801
-1.885
-1.971
-2.078
-2.205
-2.35
-2.52
-2.658
-2.615
-2.504
-2.506
-2.518
-2.47
-2.45
-2.479
-2.493
-2.479
-2.502
-2.556
-2.588
-2.538
-2.486
-2.454
-2.35
-2.171
-2.046
-1.982
-1.928
-1.894
-1.926
-2.016
-2.134
-2.239
-2.332
-2.454
-2.552
-2.511
-2.404
-2.366
-2.348
-2.32
-2.298
-2.286
-2.316
-2.4
-2.511
-2.599
-2.608
-2.561
-2.547
-2.579
-2.527
-2.45
-2.459
-2.477
-2.45
-2.427
-2.427
-2.463
-2.534
-2.652
-2.801
-2.978
-3.058
-2.978
-2.901
-2.906
-2.851
-2.733
-2.663
-2.654
-2.686
-2.767
-2.881
-2.996
-3.105
-3.191
-3.278
-3.384
-3.425
-3.441
-3.55
-3.681
-3.736
-3.742
-3.77
-3.799
-3.804
-3.788
-3.788
-3.813
-3.879
-3.87
-3.82
-3.892
-4.028
-4.081
-4.067
-4.065
-4.101
-4.19
-4.294
-4.378
-4.453
-4.525
-4.566
-4.609
-4.625
-4.539
-4.439
-4.425
-4.398
-4.296
-4.208
-4.126
-4.04
-3.974
-3.933
-3.913
-3.894
-3.894
-3.883
-3.824
-3.783
-3.756
-3.702
-3.638
-3.582
-3.484
-3.364
-3.248
-3.137
-3.053
-2.962
-2.856
-2.804
-2.815
-2.81
-2.828
-2.949
-3.073
-3.141
-3.194
-3.207
-3.153
-3.067
-3.005
-2.985
-2.987
-3.03
-3.076
-3.087
-3.144
-3.255
-3.33
-3.4
-3.522
-3.615
-3.643
-3.634
-3.666
-3.754
-3.856
-3.949
-4.083
-4.251
-4.36
-4.477
-4.689
-4.856
-4.874
-4.829
-4.768
-4.707
-4.661
-4.618
-4.564
-4.539
-4.584
-4.641
-4.67
-4.784
-4.933
-4.995
-4.992
-5.004
-5.008
-4.999
-4.995
-4.988
-4.986
-4.972
-4.943
-4.954
-5.024
-5.074
-5.117
-5.235
-5.312
-5.242
-5.088
-4.954
-4.861
-4.779
-4.702
-4.618
-4.559
-4.557
-4.552
-4.514
-4.527
-4.559
-4.498
-4.369
-4.233
-4.09
-3.951
-3.872
-3.829
-3.763
-3.672
-3.588
-3.613
-3.742
-3.799
-3.792
-3.79
-3.77
-3.681
-3.597
-3.543
-3.482
-3.4
-3.334
-3.318
-3.35
-3.464
-3.588
-3.62
-3.645
-3.715
-3.729
-3.695
-3.666
-3.622
-3.595
-3.588
-3.577
-3.527
-3.514
-3.575
-3.758
-3.96
-4.042
-4.067
-4.153
-4.239
-4.255
-4.262
-4.271
-4.266
-4.257
-4.269
-4.305
-4.396
-4.566
-4.729
-4.761
-4.734
-4.7
-4.65
-4.629
-4.616
-4.573
-4.532
-4.521
-4.496
-4.493
-4.548
-4.607
-4.684
-4.759
-4.752
-4.697
-4.684
-4.677
-4.654
-4.65
-4.641
-4.6
-4.57
-4.577
-4.641
-4.702
-4.732
-4.711
-4.625
-4.552
-4.525
-4.457
-4.339
-4.244
-4.142
-4.013
-3.872
-3.761
-3.722
-3.715
-3.645
-3.495
-3.271
-2.999
-2.808
-2.774
-2.822
-2.871
-2.906
-2.924
-2.901
-2.878
-2.89
-2.949
-2.994
-2.946
-2.819
-2.695
-2.624
-2.586
-2.547
-2.529
-2.568
-2.647
-2.744
-2.824
-2.853
-2.856
-2.853
-2.833
-2.806
-2.783
-2.769
-2.815
-2.976
-3.178
-3.346
-3.498
-3.672
-3.845
-3.981
-4.085
-4.135
-4.101
-4.003
-3.904
-3.84
-3.822
-3.899
-4.081
-4.273
-4.389
-4.487
-4.627
-4.766
-4.793
-4.659
-4.462
-4.323
-4.223
-4.092
-3.967
-3.91
-3.917
-3.929
-3.938
-3.967
-4.024
-4.044
-4.024
-3.954
-3.811
-3.582
-3.303
-3.044
-2.876
-2.824
-2.844
-2.885
-2.942
-3.017
-3.087
-3.132
-3.155
-3.116
-3.015
-2.928
-2.867
-2.763
-2.611
-2.549
-2.613
-2.736
-2.881
-3.058
-3.293
-3.466
-3.423
-3.219
-3.005
-2.831
-2.572
-2.239
-2.023
-1.998
-2.055
-2.112
-2.2
-2.359
-2.561
-2.724
-2.801
-2.763
-2.581
-2.334
-2.175
-2.159
-2.196
-2.196
-2.205
-2.364
-2.631
-2.865
-3.026
-3.185
-3.348
-3.427
-3.371
-3.246
-3.103
-2.928
-2.744
-2.679
-2.801
-3.028
-3.239
-3.414
-3.584
-3.718
-3.749
-3.666
-3.543
-3.38
-3.169
-2.99
-2.919
-2.858
-2.772
-2.729
-2.833
-3.064
-3.264
-3.293
-3.178
-2.994
-2.742
-2.511
-2.359
-2.298
-2.225
-2.098
-2.003
-2.023
-2.096
-2.205
-2.37
-2.552
-2.688
-2.729
-2.633
-2.459
-2.268
-2.041
-1.778
-1.569
-1.461
-1.399
-1.413
-1.526
-1.694
-1.835
-1.933
-2.032
-2.13
-2.173
-2.157
-2.143
-2.212
-2.359
-2.513
-2.62
-2.695
-2.801
-2.939
-3.058
-3.112
-3.101
-3.035
-2.955
-2.849
-2.654
-2.445
-2.295
-2.243
-2.237
-2.261
-2.336
-2.42
-2.45
-2.382
-2.241
-2.166
-2.139
-2.075
-1.93
-1.783
-1.667
-1.572
-1.452
-1.397
-1.427
-1.467
-1.481
-1.479
-1.486
-1.458
-1.406
-1.386
-1.436
-1.49
-1.454
-1.354
-1.29
-1.261
-1.177
-1.07
-1.007
-1
-1.009
-1.046
-1.136
-1.245
-1.34
-1.397
-1.465
-1.592
-1.737
-1.855
-1.921
-1.955
-1.98
-1.982
-1.923
-1.883
-1.867
-1.871
-1.865
-1.842
-1.81
-1.781
-1.746
-1.692
-1.635
-1.551
-1.384
-1.157
-0.941
-0.787
-0.667
-0.524
-0.349
-0.183
-0.093
-0.093
-0.082
0.011
0.172
0.29
0.27
0.256
0.335
0.435
0.483
0.46
0.388
0.252
0.104
-0.034
-0.138
-0.183
-0.181
-0.154
-0.079
0.007
0.088
0.183
0.252
0.229
0.111
-0.088
-0.295
-0.456
-0.508
-0.522
-0.528
-0.503
-0.39
-0.267
-0.19
-0.15
-0.129
-0.159
-0.261
-0.426
-0.628
-0.855
-1.089
-1.252
-1.322
-1.304
-1.173
-0.918
-0.606
-0.347
-0.186
-0.034
0.1
0.097
0.004
-0.068
-0.07
-0.018
0.084
0.308
0.674
1.07
1.37
1.522
1.597
1.604
1.592
1.588
1.583
1.581
1.61
1.703
1.808
1.919
2.069
2.193
2.304
2.465
2.647
2.765
2.788
2.744
2.667
2.511
2.339
2.307
2.357
2.368
2.4
2.54
2.726
2.867
2.946
3.015
3.03
2.949
2.797
2.59
2.325
2.023
1.817
1.796
1.883
1.926
1.939
1.978
1.989
1.878
1.71
1.579
1.506
1.44
1.365
1.295
1.232
1.179
1.166
1.182
1.234
1.359
1.461
1.442
1.415
1.483
1.531
1.445
1.306
1.247
1.252
1.275
1.35
1.526
1.767
1.946
2.112
2.366
2.617
2.679
2.595
2.534
2.516
2.497
2.472
2.518
2.636
2.806
2.935
3.028
3.114
3.196
3.255
3.321
3.42
3.529
3.568
3.507
3.477
3.568
3.709
3.813
3.876
3.949
4.044
4.133
4.174
4.185
4.19
4.162
4.13
4.151
4.151
4.078
4.026
4.042
4.026
3.969
3.965
3.99
3.976
3.958
3.978
3.985
3.963
3.958
4.015
4.099
4.178
4.303
4.475
4.605
4.727
4.917
5.113
5.26
5.346
5.412
5.537
5.736
5.861
5.847
5.786
5.764
5.802
5.859
5.854
5.811
5.863
5.981
6.009
5.95
5.972
6.07
6.158
6.183
6.183
6.147
6.054
5.947
5.866
5.793
5.702
5.619
5.587
5.573
5.541
5.539
5.584
5.627
5.627
5.514
5.308
5.088
4.89
4.673
4.475
4.375
4.35
4.357
4.31
4.219
4.217
4.328
4.373
4.253
4.099
4.008
3.985
3.981
3.999
4.067
4.185
4.396
4.652
4.87
5.049
5.224
5.353
5.401
5.455
5.598
5.739
5.768
5.775
5.798
5.816
5.861
5.975
6.106
6.163
6.156
6.163
6.278
6.385
6.344
6.265
6.288
6.326
6.299
6.274
6.308
6.455
6.678
6.848
6.923
6.975
7.077
7.161
7.172
7.172
7.245
7.304
7.238
7.149
7.168
7.168
7.066
6.977
6.941
6.88
6.764
6.598
6.417
6.251
6.143
6.083
6.004
5.911
5.886
5.872
5.872
5.938
6.054
6.143
6.217
6.315
6.417
6.485
6.474
6.408
6.365
6.36
6.43
6.53
6.555
6.56
6.598
6.655
6.637
6.514
6.303
6.068
5.827
5.555
5.355
5.328
5.362
5.442
5.677
6.049
6.394
6.61
6.778
6.975
7.138
7.17
7.113
7.102
7.143
7.279
7.46
7.578
7.64
7.669
7.662
7.624
7.572
7.492
7.429
7.361
7.174
6.914
6.719
6.526
6.306
6.154
6.038
5.913
5.857
5.877
5.918
5.929
5.936
5.984
5.984
5.877
5.827
5.941
6.074
6.149
6.186
6.245
6.358
6.474
6.496
6.437
6.369
6.272
6.163
6.127
6.129
6.131
6.172
6.192
6.176
6.163
6.174
6.161
6.108
6.068
6.077
6.118
6.156
6.31
6.573
6.757
6.837
6.891
6.964
7.054
7.125
7.188
7.315
7.467
7.501
7.431
7.401
7.422
7.383
7.268
7.109
6.954
6.837
6.707
6.53
6.324
6.154
6.024
5.852
5.573
5.344
5.235
5.135
5.022
4.965
4.958
4.976
4.997
5.031
5.083
5.156
5.174
5.094
4.99
4.892
4.802
4.775
4.82
4.859
4.841
4.786
4.718
4.636
4.512
4.353
4.176
3.958
3.826
3.847
3.883
3.904
3.949
3.976
3.958
3.926
3.924
3.985
4.094
4.169
4.221
4.328
4.441
4.521
4.639
4.811
4.938
4.974
4.961
4.963
4.999
5.067
5.156
5.165
5.04
4.913
4.915
4.92
4.87
4.838
4.849
4.843
4.818
4.788
4.775
4.793
4.772
4.693
4.664
4.654
4.634
4.691
4.847
5.033
5.196
5.276
5.303
5.326
5.342
5.346
5.315
5.178
5.001
4.886
4.822
4.779
4.72
4.557
4.341
4.208
4.165
4.162
4.18
4.151
4.04
3.919
3.774
3.57
3.411
3.362
3.325
3.271
3.205
3.153
3.135
3.148
3.185
3.21
3.164
3.078
3.044
3.035
3.008
2.976
2.933
2.853
2.765
2.695
2.665
2.672
2.69
2.656
2.516
2.282
2.118
2.107
2.103
2.019
1.96
1.957
1.973
1.987
2.005
2.06
2.15
2.209
2.177
2.107
2.035
2.016
2.069
2.134
2.118
2.105
2.157
2.225
2.293
2.366
2.422
2.434
2.377
2.304
2.255
2.207
2.103
1.948
1.744
1.583
1.483
1.438
1.447
1.536
1.665
1.758
1.787
1.814
1.837
1.803
1.753
1.699
1.635
1.594
1.599
1.678
1.812
1.962
2.089
2.159
2.125
1.996
1.867
1.785
1.694
1.558
1.418
1.304
1.263
1.286
1.331
1.356
1.3
1.177
1.055
0.978
0.918
0.812
0.683
0.519
0.388
0.376
0.406
0.465
0.581
0.696
0.751
0.733
0.664
0.596
0.549
0.463
0.34
0.195
0.057
-0.002
0.032
0.072
0.082
0.048
-0.007
-0.072
-0.165
-0.317
-0.501
-0.683
-0.864
-1.032
-1.134
-1.159
-1.12
-1.059
-0.996
-1
-1.086
-1.222
-1.39
-1.508
-1.588
-1.708
-1.853
-1.944
-1.96
-1.883
-1.765
-1.662
-1.604
-1.586
-1.604
-1.678
-1.783
-1.889
-1.962
-2.044
-2.121
-2.116
-2.046
-1.964
-1.892
-1.821
-1.774
-1.787
-1.871
-1.928
-1.898
-1.826
-1.801
-1.796
-1.728
-1.59
-1.431
-1.304
-1.195
-1.141
-1.107
-1.073
-1.07
-1.105
-1.111
-1.102
-1.1
-1.136
-1.191
-1.225
-1.207
-1.148
-1.077
-1.043
-1.08
-1.177
-1.343
-1.551
-1.735
-1.901
-2.037
-2.143
-2.277
-2.382
-2.404
-2.366
-2.295
-2.266
-2.304
-2.402
-2.509
-2.584
-2.631
-2.722
-2.831
-2.896
-2.958
-2.994
-3.005
-2.971
-2.928
-2.951
-3.051
-3.146
-3.243
-3.359
-3.464
-3.566
-3.684
-3.774
-3.788
-3.693
-3.545
-3.452
-3.368
-3.303
-3.309
-3.377
-3.443
-3.484
-3.52
-3.547
-3.554
-3.511
-3.389
-3.239
-3.083
-2.919
-2.758
-2.672
-2.726
-2.817
-2.867
-2.935
-3.055
-3.205
-3.327
-3.405
-3.459
-3.493
-3.511
-3.511
-3.534
-3.597
-3.697
-3.818
-3.947
-4.083
-4.171
-4.21
-4.241
-4.241
-4.178
-4.051
-3.919
-3.865
-3.876
-3.913
-3.976
-4.092
-4.19
-4.228
-4.239
-4.248
-4.217
-4.094
-3.949
-3.865
-3.802
-3.724
-3.684
-3.711
-3.799
-3.899
-3.983
-4.051
-4.103
-4.155
-4.205
-4.251
-4.253
-4.235
-4.241
-4.266
-4.271
-4.214
-4.178
-4.167
-4.203
-4.314
-4.43
-4.514
-4.618
-4.704
-4.725
-4.7
-4.643
-4.568
-4.566
-4.697
-4.856
-4.961
-4.999
-4.992
-5.02
-5.106
-5.158
-5.14
-5.11
-5.106
-5.131
-5.215
-5.348
-5.478
-5.6
-5.73
-5.863
-5.988
-6.12
-6.256
-6.34
-6.335
-6.254
-6.165
-6.106
-6.088
-6.138
-6.274
-6.453
-6.623
-6.837
-7.125
-7.383
-7.519
-7.542
-7.481
-7.438
-7.424
-7.41
-7.381
-7.372
-7.404
-7.435
-7.41
-7.347
-7.29
-7.218
-7.086
-6.932
-6.818
-6.698
-6.562
-6.467
-6.44
-6.465
-6.483
-6.417
-6.27
-6.063
-5.845
-5.616
-5.412
-5.221
-5.063
-4.976
-4.954
-4.931
-4.906
-4.897
-4.915
-4.908
-4.87
-4.847
-4.906
-4.999
-4.988
-4.879
-4.745
-4.58
-4.414
-4.287
-4.273
-4.344
-4.409
-4.462
-4.534
-4.643
-4.768
-4.872
-4.922
-4.902
-4.879
-4.933
-4.979
-4.933
-4.825
-4.757
-4.772
-4.813
-4.843
-4.881
-4.963
-5.06
-5.142
-5.185
-5.188
-5.169
-5.138
-5.122
-5.158
-5.199
-5.199
-5.203
-5.201
-5.133
-4.961
-4.732
-4.537
-4.418
-4.287
-4.117
-3.99
-3.947
-3.96
-3.963
-3.972
-4.033
-4.16
-4.303
-4.407
-4.453
-4.443
-4.355
-4.201
-4.06
-4.026
-4.044
-4.019
-3.981
-4.017
-4.13
-4.253
-4.348
-4.412
-4.425
-4.385
-4.369
-4.403
-4.457
-4.498
-4.548
-4.577
-4.541
-4.457
-4.375
-4.355
-4.366
-4.312
-4.26
-4.28
-4.353
-4.403
-4.432
-4.493
-4.593
-4.707
-4.802
-4.859
-4.886
-4.865
-4.822
-4.793
-4.786
-4.781
-4.768
-4.759
-4.743
-4.666
-4.568
-4.514
-4.489
-4.473
-4.457
-4.541
-4.72
-4.87
-4.902
-4.834
-4.711
-4.552
-4.421
-4.321
-4.246
-4.165
-4.051
-3.944
-3.89
-3.897
-3.954
-4.019
-4.013
-3.886
-3.715
-3.586
-3.5
-3.411
-3.298
-3.185
-3.087
-2.971
-2.828
-2.729
-2.672
-2.592
-2.456
-2.334
-2.282
-2.284
-2.302
-2.332
-2.348
-2.379
-2.461
-2.552
-2.613
-2.577
-2.529
-2.559
-2.667
-2.79
-2.885
-2.962
-3.098
-3.284
-3.473
-3.618
-3.731
-3.894
-4.108
-4.307
-4.466
-4.623
-4.811
-4.988
-5.049
-5.038
-5.063
-5.147
-5.251
-5.328
-5.369
-5.385
-5.367
-5.337
-5.333
-5.337
-5.315
-5.269
-5.235
-5.224
-5.233
-5.233
-5.199
-5.117
-4.997
-4.943
-4.961
-4.917
-4.795
-4.695
-4.645
-4.598
-4.534
-4.477
-4.434
-4.425
-4.38
-4.201
-3.997
-3.894
-3.792
-3.613
-3.43
-3.289
-3.214
-3.16
-3.094
-3.01
-2.969
-2.974
-3.051
-3.194
-3.296
-3.368
-3.514
-3.67
-3.736
-3.752
-3.765
-3.695
-3.547
-3.398
-3.255
-3.101
-3.015
-2.953
-2.856
-2.776
-2.722
-2.617
-2.513
-2.472
-2.445
-2.384
-2.3
-2.255
-2.259
-2.275
-2.264
-2.237
-2.175
-2.023
-1.889
-1.865
-1.812
-1.685
-1.581
-1.592
-1.683
-1.796
-1.905
-2.046
-2.275
-2.554
-2.679
-2.672
-2.729
-2.828
-2.842
-2.801
-2.756
-2.726
-2.754
-2.772
-2.717
-2.62
-2.554
-2.592
-2.738
-2.847
-2.849
-2.888
-3.021
-3.146
-3.239
-3.273
-3.212
-3.155
-3.167
-3.2
-3.207
-3.225
-3.223
-3.135
-3.055
-3.044
-3.005
-2.926
-2.885
-2.865
-2.874
-2.888
-2.867
-2.828
-2.819
-2.799
-2.758
-2.701
-2.579
-2.463
-2.447
-2.427
-2.32
-2.207
-2.15
-2.116
-2.064
-1.996
-1.964
-1.998
-2.1
-2.125
-2.041
-1.973
-1.926
-1.865
-1.835
-1.853
-1.853
-1.812
-1.796
-1.812
-1.808
-1.737
-1.619
-1.513
-1.399
-1.184
-1.016
-0.978
-0.937
-0.855
-0.728
-0.599
-0.528
-0.515
-0.501
-0.474
-0.472
-0.49
-0.467
-0.49
-0.639
-0.767
-0.821
-0.898
-1.016
-1.118
-1.177
-1.225
-1.27
-1.306
-1.311
-1.338
-1.434
-1.52
-1.556
-1.662
-1.817
-1.892
-1.941
-2.041
-2.166
-2.261
-2.325
-2.368
-2.443
-2.554
-2.617
-2.565
-2.502
-2.493
-2.479
-2.447
-2.434
-2.434
-2.427
-2.388
-2.359
-2.32
-2.273
-2.248
-2.243
-2.243
-2.227
-2.264
-2.364
-2.379
-2.252
-2.08
-1.896
-1.692
-1.52
-1.411
-1.325
-1.254
-1.243
-1.2
-1.123
-1.105
-1.057
-0.91
-0.746
-0.637
-0.615
-0.651
-0.683
-0.689
-0.703
-0.699
-0.639
-0.549
-0.424
-0.195
0.025
0.079
0.061
0.075
0.095
0.079
0.072
0.102
0.163
0.227
0.297
0.351
0.395
0.481
0.587
0.61
0.596
0.664
0.789
0.955
1.17
1.345
1.449
1.506
1.551
1.565
1.569
1.551
1.467
1.42
1.427
1.415
1.372
1.331
1.3
1.272
1.266
1.261
1.27
1.268
1.257
1.275
1.309
1.334
1.372
1.365
1.275
1.177
1.12
1.05
0.973
0.889
0.835
0.789
0.751
0.742
0.801
0.855
0.819
0.73
0.728
0.81
0.891
0.941
0.993
1.055
1.093
1.086
1.068
1.077
1.098
1.123
1.127
1.134
1.214
1.3
1.293
1.25
1.247
1.22
1.168
1.216
1.368
1.511
1.586
1.637
1.713
1.778
1.785
1.735
1.694
1.678
1.653
1.624
1.642
1.685
1.71
1.787
1.914
2.021
2.023
1.969
1.914
1.914
1.964
2.08
2.243
2.395
2.549
2.692
2.828
2.999
3.196
3.366
3.473
3.543
3.593
3.609
3.645
3.702
3.742
3.79
3.833
3.865
3.931
3.992
4.017
4.051
4.115
4.155
4.162
4.142
4.106
4.069
4.035
4.06
4.16
4.282
4.371
4.473
4.577
4.629
4.634
4.618
4.609
4.598
4.55
4.491
4.509
4.609
4.734
4.895
5.072
5.233
5.369
5.48
5.559
5.557
5.51
5.478
5.48
5.471
5.446
5.423
5.401
5.403
5.469
5.559
5.648
5.752
5.836
5.802
5.68
5.539
5.394
5.294
5.292
5.348
5.394
5.446
5.525
5.6
5.639
5.641
5.648
5.662
5.591
5.419
5.237
5.126
5.056
4.974
4.872
4.781
4.697
4.6
4.521
4.502
4.493
4.443
4.407
4.387
4.335
4.214
4.042
3.901
3.824
3.786
3.79
3.854
3.967
4.049
4.076
4.096
4.155
4.221
4.235
4.235
4.246
4.282
4.33
4.35
4.387
4.466
4.527
4.518
4.45
4.353
4.208
4.04
3.942
3.949
4.01
4.067
4.087
4.092
4.128
4.203
4.314
4.464
4.652
4.836
4.979
5.076
5.133
5.142
5.14
5.188
5.301
5.451
5.603
5.786
6.015
6.226
6.353
6.39
6.369
6.365
6.376
6.36
6.29
6.267
6.306
6.369
6.412
6.419
6.417
6.428
6.446
6.446
6.465
6.546
6.637
6.68
6.691
6.723
6.778
6.773
6.682
6.558
6.462
6.46
6.512
6.519
6.49
6.465
6.453
6.462
6.446
6.399
6.344
6.272
6.197
6.131
6.065
5.968
5.827
5.659
5.5
5.315
5.14
5.038
5.015
5.004
4.972
5.011
5.128
5.215
5.178
5.058
4.97
4.929
4.913
4.954
4.99
4.981
4.922
4.811
4.673
4.564
4.482
4.409
4.33
4.31
4.348
4.385
4.416
4.434
4.455
4.457
4.423
4.366
4.298
4.212
4.126
4.087
4.067
4.042
3.988
3.922
3.87
3.826
3.813
3.861
4.003
4.144
4.214
4.246
4.246
4.271
4.348
4.398
4.371
4.294
4.23
4.176
4.108
4.042
3.994
3.949
3.931
3.963
4.042
4.083
4.049
4.006
4.046
4.142
4.228
4.266
4.266
4.255
4.289
4.357
4.441
4.543
4.632
4.709
4.754
4.725
4.677
4.648
4.636
4.645
4.718
4.836
4.958
5.067
5.16
5.242
5.287
5.324
5.355
5.355
5.319
5.256
5.228
5.256
5.301
5.364
5.43
5.476
5.476
5.473
5.496
5.528
5.53
5.489
5.437
5.351
5.231
5.172
5.097
4.968
4.906
4.938
4.954
4.954
4.97
4.976
4.917
4.784
4.639
4.518
4.348
4.158
3.99
3.829
3.718
3.674
3.656
3.62
3.545
3.459
3.375
3.278
3.182
3.11
3.044
2.985
2.939
2.924
2.903
2.831
2.722
2.608
2.475
2.348
2.275
2.239
2.207
2.187
2.189
2.196
2.191
2.189
2.202
2.209
2.237
2.28
2.307
2.295
2.295
2.295
2.284
2.264
2.28
2.32
2.323
2.3
2.268
2.227
2.191
2.212
2.295
2.361
2.339
2.225
2.137
2.177
2.264
2.332
2.402
2.459
2.484
2.524
2.554
2.572
2.574
2.588
2.622
2.636
2.584
2.538
2.502
2.429
2.372
2.348
2.277
2.15
2.062
2.06
2.073
2.062
2.032
2.05
2.087
2.109
2.121
2.137
2.091
2.016
2.062
2.223
2.341
2.357
2.375
2.391
2.393
2.343
2.27
2.245
2.3
2.359
2.345
2.28
2.261
2.345
2.393
2.352
2.286
2.264
2.207
2.116
2.041
1.989
1.946
1.887
1.771
1.576
1.381
1.322
1.347
1.284
1.091
0.925
0.821
0.726
0.639
0.565
0.544
0.594
0.674
0.685
0.637
0.592
0.587
0.626
0.587
0.476
0.454
0.519
0.524
0.433
0.358
0.329
0.354
0.438
0.537
0.574
0.553
0.499
0.413
0.392
0.438
0.467
0.512
0.61
0.687
0.742
0.783
0.821
0.855
0.83
0.762
0.73
0.764
0.733
0.651
0.685
0.837
0.959
1.014
1.039
1.057
1.043
0.986
0.935
0.903
0.88
0.787
0.639
0.587
0.619
0.639
0.635
0.615
0.596
0.574
0.558
0.522
0.442
0.311
0.175
0.077
-0.018
-0.172
-0.29
-0.284
-0.24
-0.249
-0.304
-0.411
-0.535
-0.615
-0.676
-0.773
-0.873
-0.948
-1.075
-1.229
-1.34
-1.44
-1.567
-1.617
-1.615
-1.676
-1.794
-1.867
-1.889
-1.91
-1.935
-1.944
-1.917
-1.912
-2.035
-2.132
-2.132
-2.146
-2.227
-2.307
-2.384
-2.479
-2.545
-2.547
-2.52
-2.456
-2.402
-2.391
-2.327
-2.23
-2.241
-2.313
-2.284
-2.168
-2.06
-2.041
-2.073
-2.082
-2.064
-2.035
-1.964
-1.839
-1.765
-1.742
-1.651
-1.558
-1.54
-1.563
-1.572
-1.567
-1.538
-1.522
-1.529
-1.531
-1.533
-1.631
-1.762
-1.801
-1.776
-1.769
-1.756
-1.694
-1.651
-1.678
-1.703
-1.674
-1.651
-1.713
-1.849
-1.946
-2.003
-2.069
-2.062
-1.921
-1.833
-1.876
-1.98
-2.082
-2.205
-2.313
-2.382
-2.425
-2.461
-2.52
-2.663
-2.853
-2.96
-3.028
-3.11
-3.144
-3.116
-3.089
-3.083
-3.083
-3.046
-2.978
-2.964
-3.026
-3.058
-3.073
-3.167
-3.253
-3.3
-3.4
-3.563
-3.677
-3.702
-3.686
-3.715
-3.774
-3.763
-3.638
-3.547
-3.615
-3.647
-3.575
-3.586
-3.754
-3.944
-4.108
-4.278
-4.432
-4.523
-4.525
-4.45
-4.337
-4.235
-4.165
-4.165
-4.187
-4.137
-4.092
-4.171
-4.325
-4.462
-4.502
-4.466
-4.464
-4.527
-4.512
-4.385
-4.294
-4.348
-4.362
-4.31
-4.325
-4.403
-4.477
-4.53
-4.577
-4.611
-4.643
-4.645
-4.673
-4.754
-4.797
-4.786
-4.813
-4.813
-4.693
-4.589
-4.561
-4.532
-4.487
-4.453
-4.448
-4.45
-4.409
-4.305
-4.253
-4.319
-4.407
-4.466
-4.541
-4.648
-4.757
-4.856
-4.922
-4.979
-5.022
-5.015
-4.945
-4.809
-4.711
-4.691
-4.611
-4.487
-4.453
-4.507
-4.589
-4.67
-4.732
-4.725
-4.677
-4.602
-4.518
-4.428
-4.253
-4.062
-4.008
-3.997
-3.924
-3.829
-3.818
-3.899
-3.992
-4.06
-4.101
-4.099
-4.085
-4.106
-4.071
-3.956
-3.881
-3.856
-3.829
-3.845
-3.913
-3.978
-4.04
-4.065
-4.044
-4.038
-4.035
-3.983
-3.944
-3.988
-4.026
-4.042
-4.074
-4.144
-4.221
-4.335
-4.514
-4.707
-4.856
-4.988
-5.099
-5.113
-5.076
-5.072
-5.117
-5.169
-5.21
-5.271
-5.394
-5.555
-5.693
-5.859
-6.054
-6.201
-6.308
-6.383
-6.367
-6.29
-6.249
-6.242
-6.215
-6.181
-6.176
-6.217
-6.276
-6.365
-6.412
-6.306
-6.118
-5.984
-5.845
-5.65
-5.457
-5.308
-5.181
-5.022
-4.829
-4.716
-4.75
-4.791
-4.732
-4.634
-4.532
-4.439
-4.328
-4.19
-4.026
-3.883
-3.77
-3.652
-3.486
-3.325
-3.259
-3.207
-3.13
-3.06
-2.996
-2.919
-2.847
-2.758
-2.661
-2.559
-2.427
-2.323
-2.302
-2.284
-2.209
-2.173
-2.198
-2.209
-2.207
-2.239
-2.293
-2.323
-2.361
-2.409
