Unnamed: 3
Value
1.039
1.039
1.039
1.048
1.073
1.157
1.318
1.493
1.608
1.712
1.865
2.109
2.402
2.62
2.754
2.908
3.121
3.307
3.455
3.504
3.42
3.268
3.146
3.096
2.969
2.672
2.32
2.075
1.921
1.737
1.511
1.336
1.322
1.427
1.531
1.635
1.81
1.971
2.041
2.137
2.3
2.454
2.504
2.416
2.264
2.216
2.372
2.638
2.819
2.874
2.94
3.103
3.307
3.441
3.45
3.441
3.468
3.516
3.547
3.5
3.398
3.278
3.103
2.817
2.443
2.127
1.982
1.992
2.007
1.955
1.937
2.059
2.284
2.461
2.529
2.595
2.767
3.03
3.21
3.191
3.141
3.25
3.529
3.885
4.214
4.423
4.503
4.611
4.77
4.82
4.663
4.428
4.23
4.208
4.241
4.067
3.695
3.4
3.271
3.11
2.826
2.604
2.563
2.549
2.504
2.529
2.708
3.014
3.359
3.722
4.087
4.366
4.586
4.793
4.836
4.679
4.575
4.704
4.911
4.922
4.691
4.407
4.239
4.108
3.827
3.409
3.135
3.128
3.155
3.017
2.851
2.924
3.141
3.196
3.053
2.912
2.901
2.992
3.042
2.962
2.903
3.039
3.284
3.434
3.491
3.627
3.829
3.963
4.04
4.101
4.083
3.967
3.804
3.579
3.248
2.94
2.826
2.851
2.797
2.636
2.613
2.781
2.871
2.708
2.438
2.275
2.27
2.257
2.073
1.815
1.59
1.461
1.445
1.461
1.336
1.066
0.855
0.882
1.071
1.175
1.129
1.079
1.229
1.526
1.758
1.796
1.69
1.511
1.356
1.3
1.259
1.134
0.946
0.676
0.34
0.066
-0.115
-0.365
-0.807
-1.236
-1.452
-1.468
-1.406
-1.388
-1.495
-1.667
-1.769
-1.758
-1.703
-1.73
-1.876
-2.021
-2.105
-2.202
-2.377
-2.568
-2.729
-2.842
-2.931
-2.978
-3.001
-3.037
-3.169
-3.334
-3.455
-3.536
-3.6
-3.722
-3.96
-4.214
-4.339
-4.405
-4.613
-4.99
-5.414
-5.782
-6.047
-6.242
-6.512
-6.882
-7.227
-7.379
-7.381
-7.429
-7.59
-7.696
-7.655
-7.585
-7.583
-7.631
-7.626
-7.56
-7.521
-7.496
-7.415
-7.276
-7.172
-7.202
-7.329
-7.376
-7.329
-7.333
-7.476
-7.653
-7.771
-7.825
-7.889
-8.057
-8.275
-8.406
-8.386
-8.311
-8.388
-8.601
-8.728
-8.617
-8.424
-8.352
-8.367
-8.297
-8.005
-7.571
-7.188
-6.898
-6.576
-6.161
-5.784
-5.564
-5.435
-5.301
-5.151
-5.09
-5.167
-5.226
-5.128
-4.949
-4.904
-5.022
-5.197
-5.346
-5.423
-5.496
-5.616
-5.741
-5.677
-5.274
-4.786
-4.611
-4.659
-4.464
-3.949
-3.597
-3.722
-4.083
-4.117
-3.663
-3.146
-3.017
-3.153
-2.953
-2.134
-1.2
-0.853
-1.132
-1.361
-1.089
-0.696
-0.739
-1.193
-1.526
-1.39
-1.061
-1.057
-1.399
-1.56
-1.225
-0.678
-0.385
-0.401
-0.431
-0.263
0.052
0.29
0.385
0.517
0.873
1.343
1.644
1.606
1.381
1.286
1.358
1.388
1.341
1.309
1.291
1.225
1.068
0.887
0.746
0.537
0.127
-0.381
-0.878
-1.331
-1.717
-2.105
-2.543
-2.926
-3.18
-3.359
-3.568
-3.72
-3.677
-3.543
-3.382
-3.11
-2.731
-2.327
-1.903
-1.547
-1.356
-1.213
-0.937
-0.581
-0.356
-0.424
-0.694
-0.884
-0.823
-0.76
-1.005
-1.531
-1.973
-2.148
-2.261
-2.572
-2.992
-3.259
-3.337
-3.398
-3.557
-3.763
-3.938
-3.99
-3.865
-3.665
-3.543
-3.414
-3.135
-2.736
-2.366
-2.143
-2.021
-1.855
-1.563
-1.272
-1.086
-0.934
-0.789
-0.696
-0.739
-0.957
-1.177
-1.261
-1.368
-1.567
-1.726
-1.755
-1.649
-1.57
-1.656
-1.851
-2.053
-2.209
-2.361
-2.481
-2.536
-2.543
-2.49
-2.182
-1.638
-1.163
-0.832
-0.458
0
0.431
0.778
1.011
1.107
1.157
1.182
1.148
1.014
0.782
0.544
0.283
-0.082
-0.599
-1.148
-1.676
-2.187
-2.679
-3.103
-3.409
-3.638
-3.788
-3.869
-3.897
-3.854
-3.729
-3.627
-3.559
-3.532
-3.618
-3.674
-3.545
-3.359
-3.33
-3.402
-3.348
-3.083
-2.822
-2.797
-2.992
-3.232
-3.337
-3.309
-3.389
-3.686
-3.958
-3.994
-3.917
-3.951
-4.121
-4.257
-4.291
-4.289
-4.382
-4.573
-4.79
-4.922
-4.87
-4.657
-4.478
-4.348
-4.119
-3.731
-3.278
-2.906
-2.647
-2.443
-2.237
-2.057
-1.969
-1.967
-1.975
-1.939
-1.939
-1.992
-2.055
-2.059
-1.996
-1.903
-1.871
-1.885
-1.889
-1.83
-1.66
-1.483
-1.381
-1.295
-1.111
-0.898
-0.753
-0.703
-0.717
-0.764
-0.757
-0.558
-0.229
0.05
0.247
0.476
0.778
1.05
1.209
1.145
1.034
1.136
1.415
1.59
1.61
1.663
1.873
2.089
2.073
1.805
1.427
1.132
0.991
0.869
0.637
0.381
0.292
0.413
0.524
0.451
0.295
0.222
0.367
0.762
1.145
1.159
0.95
1.061
1.601
2.098
1.998
1.377
1.03
1.445
1.905
1.415
0.385
0.172
0.971
1.493
0.782
-0.458
-0.807
-0.079
0.576
0.258
-0.851
-1.606
-1.114
-0.15
-0.227
-1.397
-2.118
-1.529
-0.506
-0.32
-1.107
-1.778
-1.483
-0.649
-0.501
-1.554
-2.651
-2.504
-1.644
-1.522
-2.237
-2.724
-2.42
-1.803
-1.771
-2.588
-3.52
-3.795
-3.45
-3.307
-3.949
-4.788
-4.863
-4.314
-4.044
-4.369
-4.945
-5.258
-5.006
-4.577
-4.539
-4.825
-4.845
-4.396
-3.963
-3.926
-3.956
-3.672
-3.296
-3.175
-3.352
-3.534
-3.47
-3.214
-2.985
-2.967
-3.085
-3.067
-2.778
-2.534
-2.552
-2.649
-2.515
-2.205
-1.91
-1.783
-1.91
-1.996
-1.794
-1.513
-1.408
-1.349
-1.161
-0.871
-0.578
-0.422
-0.36
-0.256
-0.07
0.05
0.09
0.225
0.578
0.991
1.182
1.177
1.229
1.454
1.613
1.429
1.075
0.953
1.03
0.946
0.73
0.671
0.778
0.869
0.821
0.694
0.63
0.769
1.002
1.041
0.896
0.878
1.236
1.769
2.048
1.921
1.619
1.497
1.585
1.601
1.25
0.714
0.508
0.801
1.268
1.495
1.395
1.286
1.406
1.601
1.565
1.145
0.626
0.435
0.517
0.537
0.356
0.023
-0.254
-0.222
-0.086
-0.154
-0.429
-0.63
-0.503
-0.052
0.299
0.376
0.444
0.639
0.898
1.071
1.005
0.762
0.651
0.687
0.719
0.63
0.485
0.499
0.605
0.592
0.354
0.018
-0.1
0.097
0.302
0.329
0.356
0.637
1.082
1.402
1.506
1.567
1.774
2.062
2.245
2.164
1.882
1.71
1.765
1.808
1.66
1.592
1.862
2.237
2.47
2.57
2.742
3.13
3.522
3.563
3.196
2.74
2.538
2.651
2.781
2.681
2.52
2.54
2.79
3.051
3.096
2.921
2.781
2.903
3.185
3.411
3.455
3.441
3.504
3.566
3.561
3.52
3.427
3.298
3.116
2.967
2.917
2.942
2.926
2.776
2.534
2.447
2.572
2.645
2.579
2.52
2.561
2.683
2.849
2.937
2.935
2.858
2.738
2.645
2.64
2.661
2.62
2.515
2.4
2.329
2.284
2.182
1.973
1.69
1.481
1.39
1.352
1.27
1.17
1.096
0.998
0.819
0.56
0.29
0.134
0.165
0.292
0.444
0.651
0.862
0.993
1.048
1.043
1.027
0.973
0.796
0.519
0.218
-0.027
-0.2
-0.327
-0.558
-0.919
-1.206
-1.266
-1.213
-1.243
-1.345
-1.388
-1.254
-1.043
-0.921
-0.966
-1.034
-0.921
-0.699
-0.622
-0.757
-0.887
-0.894
-0.834
-0.805
-0.907
-1.125
-1.331
-1.438
-1.501
-1.563
-1.517
-1.25
-0.932
-0.828
-0.932
-1.016
-0.975
-0.848
-0.773
-0.869
-1.121
-1.25
-1.086
-0.862
-0.841
-0.944
-0.944
-0.742
-0.417
-0.17
-0.145
-0.211
-0.073
0.295
0.549
0.499
0.252
0.023
-0.077
-0.041
0.032
0.048
0.1
0.286
0.583
0.882
1.109
1.247
1.309
1.345
1.388
1.447
1.483
1.545
1.651
1.74
1.676
1.506
1.463
1.511
1.449
1.277
1.195
1.272
1.399
1.406
1.306
1.268
1.445
1.801
2.01
1.994
1.989
2.148
2.341
2.375
2.245
2.028
1.808
1.669
1.554
1.304
0.957
0.753
0.894
1.206
1.415
1.535
1.69
1.801
1.787
1.837
2.053
2.157
2.032
1.808
1.595
1.454
1.402
1.336
1.046
0.667
0.531
0.646
0.748
0.792
0.914
1.071
1.186
1.286
1.411
1.57
1.64
1.465
1.2
1.163
1.32
1.424
1.338
1.15
1.096
1.191
1.136
0.837
0.585
0.617
0.769
0.807
0.809
0.957
1.275
1.608
1.715
1.542
1.322
1.397
1.705
1.805
1.386
0.821
0.662
0.928
1.073
0.809
0.483
0.54
0.944
1.252
1.22
1.121
1.338
1.692
1.746
1.517
1.32
1.281
1.272
1.136
0.941
0.989
1.297
1.456
1.275
1.055
1.134
1.465
1.688
1.54
1.297
1.374
1.785
2.18
2.137
1.746
1.572
1.78
1.901
1.59
1.104
0.959
1.234
1.445
1.286
1.021
1.071
1.383
1.603
1.574
1.474
1.567
1.91
2.243
2.339
2.223
2.073
1.937
1.792
1.57
1.227
0.887
0.63
0.444
0.322
0.36
0.569
0.857
1.059
1.157
1.318
1.656
2.066
2.279
2.259
2.227
2.318
2.4
2.302
2.021
1.681
1.44
1.372
1.42
1.458
1.365
1.241
1.168
1.154
1.227
1.418
1.608
1.794
1.987
2.077
2.098
2.137
2.127
2.021
1.862
1.638
1.365
1.107
0.903
0.762
0.587
0.297
0.048
0.032
0.211
0.306
0.086
-0.324
-0.512
-0.347
-0.143
-0.22
-0.524
-0.724
-0.694
-0.667
-0.828
-1.048
-1.127
-1.118
-1.161
-1.329
-1.551
-1.699
-1.751
-1.86
-2.148
-2.484
-2.654
-2.629
-2.606
-2.767
-2.958
-2.892
-2.606
-2.42
-2.434
-2.447
-2.241
-1.912
-1.799
-1.953
-2.107
-2.094
-2.075
-2.218
-2.495
-2.758
-2.747
-2.504
-2.343
-2.4
-2.47
-2.361
-2.114
-1.867
-1.724
-1.606
-1.399
-1.186
-1.014
-0.878
-0.821
-0.807
-0.787
-0.841
-0.993
-1.132
-1.173
-1.139
-1.118
-1.136
-1.136
-1.005
-0.812
-0.714
-0.662
-0.578
-0.417
-0.218
-0.041
0.09
0.227
0.34
0.352
0.36
0.406
0.392
0.327
0.302
0.338
0.41
0.42
0.272
0.073
-0.027
-0.027
-0.041
-0.088
-0.129
-0.131
-0.09
0.018
0.202
0.335
0.297
0.208
0.222
0.256
0.206
0.077
-0.027
-0.1
-0.186
-0.304
-0.431
-0.558
-0.794
-1.123
-1.356
-1.404
-1.365
-1.343
-1.327
-1.266
-1.184
-1.191
-1.261
-1.345
-1.449
-1.565
-1.667
-1.801
-1.955
-2.057
-2.137
-2.25
-2.393
-2.565
-2.724
-2.794
-2.772
-2.79
-2.91
-3.014
-3.019
-3.005
-3.06
-3.187
-3.232
-3.123
-2.983
-2.948
-2.96
-2.869
-2.706
-2.656
-2.767
-2.944
-3.094
-3.155
-3.137
-3.096
-3.051
-3.067
-3.148
-3.194
-3.155
-3.15
-3.273
-3.466
-3.62
-3.681
-3.656
-3.534
-3.343
-3.169
-3.01
-2.785
-2.543
-2.359
-2.298
-2.361
-2.386
-2.264
-2.125
-2.137
-2.229
-2.268
-2.237
-2.273
-2.397
-2.447
-2.402
-2.291
-2.137
-1.944
-1.799
-1.778
-1.812
-1.771
-1.635
-1.472
-1.388
-1.372
-1.293
-1.125
-0.953
-0.894
-0.95
-1.009
-0.975
-0.878
-0.798
-0.76
-0.744
-0.674
-0.483
-0.247
-0.109
-0.066
-0.032
0.102
0.277
0.311
0.218
0.138
0.134
0.168
0.181
0.15
0.1
0.079
0.136
0.233
0.297
0.354
0.429
0.431
0.342
0.254
0.206
0.118
-0.029
-0.111
-0.027
0.197
0.472
0.662
0.714
0.726
0.76
0.753
0.637
0.399
0.195
0.152
0.138
-0.073
-0.437
-0.658
-0.605
-0.483
-0.531
-0.685
-0.764
-0.71
-0.655
-0.73
-0.875
-0.921
-0.769
-0.565
-0.551
-0.737
-0.894
-0.914
-0.889
-0.891
-0.909
-0.869
-0.785
-0.773
-0.903
-1.014
-0.964
-0.873
-0.855
-0.891
-0.9
-0.894
-0.934
-1.1
-1.336
-1.483
-1.479
-1.424
-1.447
-1.529
-1.463
-1.209
-1.027
-1.039
-1.136
-1.175
-1.123
-1.064
-1.104
-1.191
-1.166
-1.032
-0.855
-0.751
-0.739
-0.739
-0.701
-0.699
-0.71
-0.726
-0.773
-0.855
-0.944
-0.955
-0.889
-0.814
-0.764
-0.748
-0.732
-0.68
-0.68
-0.789
-0.903
-0.944
-0.919
-0.857
-0.816
-0.796
-0.71
-0.415
0.05
0.449
0.646
0.755
0.841
0.898
0.851
0.626
0.34
0.111
-0.077
-0.252
-0.435
-0.646
-0.776
-0.76
-0.642
-0.497
-0.302
-0.097
0.059
0.165
0.195
0.168
0.177
0.218
0.195
0.127
0.068
0.007
-0.106
-0.261
-0.422
-0.54
-0.597
-0.635
-0.712
-0.801
-0.798
-0.737
-0.696
-0.635
-0.51
-0.408
-0.404
-0.451
-0.512
-0.601
-0.739
-0.882
-0.991
-1.064
-1.064
-0.982
-0.853
-0.773
-0.762
-0.767
-0.801
-0.891
-0.996
-1.089
-1.209
-1.37
-1.481
-1.547
-1.619
-1.708
-1.794
-1.842
-1.79
-1.676
-1.54
-1.404
-1.295
-1.236
-1.209
-1.161
-1.041
-0.846
-0.78
-0.991
-1.281
-1.295
-1.068
-1.05
-1.458
-1.903
-1.98
-1.771
-1.688
-1.887
-2.032
-1.758
-1.213
-0.905
-0.998
-1.111
-0.882
-0.51
-0.472
-0.878
-1.198
-0.93
-0.433
-0.413
-0.864
-1.071
-0.742
-0.37
-0.424
-0.757
-0.896
-0.664
-0.454
-0.639
-0.939
-0.794
-0.19
0.263
0.154
-0.263
-0.329
0.115
0.381
0.032
-0.383
-0.136
0.61
1.121
1.011
0.696
0.746
1.145
1.309
0.977
0.626
0.676
0.914
0.844
0.435
0.12
0.152
0.308
0.238
0
0.016
0.544
1.195
1.381
1.161
1.118
1.497
1.869
1.787
1.341
1.046
1.163
1.397
1.243
0.753
0.424
0.519
0.73
0.642
0.27
0.088
0.363
0.735
0.705
0.381
0.306
0.644
0.959
0.823
0.415
0.279
0.549
0.757
0.542
0.15
0.063
0.315
0.519
0.304
-0.159
-0.354
-0.106
0.184
0.197
0.102
0.274
0.678
0.903
0.792
0.603
0.597
0.669
0.567
0.227
-0.073
-0.057
0.093
0.025
-0.32
-0.608
-0.585
-0.354
-0.229
-0.304
-0.317
-0.038
0.29
0.385
0.32
0.304
0.365
0.376
0.208
-0.147
-0.465
-0.569
-0.583
-0.717
-0.934
-1.061
-0.982
-0.764
-0.61
-0.601
-0.547
-0.34
-0.17
-0.19
-0.322
-0.367
-0.311
-0.29
-0.36
-0.449
-0.451
-0.367
-0.401
-0.63
-0.866
-0.912
-0.855
-0.925
-1.173
-1.336
-1.206
-0.857
-0.535
-0.408
-0.331
-0.106
0.211
0.381
0.29
0.077
-0.029
-0.009
-0.061
-0.247
-0.395
-0.381
-0.261
-0.152
-0.097
-0.036
0.082
0.243
0.34
0.34
0.34
0.395
0.406
0.401
0.447
0.531
0.587
0.61
0.583
0.533
0.506
0.558
0.63
0.68
0.71
0.78
0.946
1.121
1.193
1.168
1.157
1.166
1.118
1.005
0.859
0.764
0.717
0.712
0.732
0.78
0.928
1.204
1.479
1.683
1.869
2.05
2.18
2.191
2.069
1.894
1.749
1.631
1.517
1.424
1.356
1.227
1.082
1.021
1.052
1.079
1.093
1.123
1.186
1.275
1.395
1.578
1.78
1.919
2.03
2.193
2.343
2.361
2.243
2.096
1.994
1.844
1.613
1.402
1.272
1.204
1.198
1.297
1.513
1.758
1.948
2.089
2.223
2.27
2.198
2.098
2.035
1.987
1.892
1.776
1.71
1.688
1.681
1.708
1.808
2
2.275
2.515
2.661
2.785
2.919
2.983
2.992
2.992
2.985
2.956
2.906
2.867
2.871
2.867
2.86
2.874
2.858
2.754
2.633
2.626
2.778
2.924
2.956
3.06
3.482
4.058
4.393
4.341
4.112
3.992
3.963
3.858
3.593
3.314
3.282
3.473
3.557
3.352
3.078
3.028
3.191
3.355
3.37
3.314
3.373
3.659
4.008
4.139
4.022
3.908
3.942
3.985
3.906
3.804
3.831
3.956
4.062
3.992
3.704
3.434
3.434
3.563
3.586
3.545
3.64
3.842
3.954
3.888
3.74
3.609
3.534
3.5
3.507
3.491
3.5
3.588
3.654
3.595
3.486
3.488
3.552
3.534
3.382
3.169
3.08
3.289
3.672
3.883
3.842
3.811
3.824
3.677
3.307
2.89
2.608
2.488
2.4
2.27
2.084
1.923
1.926
1.996
2.039
2.157
2.409
2.645
2.672
2.608
2.606
2.679
2.722
2.638
2.397
2.143
2.073
2.159
2.189
2.08
1.971
1.955
1.987
1.928
1.776
1.633
1.57
1.542
1.526
1.558
1.685
1.937
2.164
2.229
2.202
2.289
2.434
2.452
2.311
2.139
2.091
2.143
2.094
1.921
1.753
1.697
1.794
1.967
2.028
1.989
1.985
2.071
2.139
2.041
1.785
1.531
1.393
1.279
1.061
0.851
0.83
0.98
1.136
1.231
1.341
1.44
1.461
1.42
1.329
1.241
1.209
1.191
1.107
0.941
0.732
0.569
0.497
0.492
0.465
0.324
0.186
0.24
0.415
0.42
0.288
0.279
0.433
0.61
0.764
0.862
0.894
1.043
1.368
1.64
1.705
1.699
1.787
1.944
2.014
1.962
1.887
1.928
2.066
2.143
2.014
1.803
1.79
1.942
1.98
1.803
1.626
1.656
1.767
1.658
1.281
0.919
0.803
0.869
0.859
0.664
0.492
0.583
0.959
1.44
1.805
2.046
2.291
2.552
2.679
2.611
2.436
2.241
2.025
1.744
1.39
1.079
0.9
0.782
0.583
0.34
0.172
0.036
-0.152
-0.342
-0.429
-0.392
-0.335
-0.379
-0.497
-0.567
-0.51
-0.358
-0.24
-0.204
-0.181
-0.147
-0.125
-0.14
-0.231
-0.345
-0.408
-0.404
-0.376
-0.363
-0.299
-0.115
0.115
0.236
0.245
0.256
0.281
0.256
0.152
0.018
-0.061
-0.041
-0.025
-0.113
-0.254
-0.27
-0.106
0.082
0.172
0.238
0.433
0.755
1.096
1.356
1.556
1.744
1.912
1.992
1.992
1.967
1.951
1.985
2.053
2.116
2.196
2.307
2.4
2.456
2.497
2.572
2.722
2.887
2.994
3.053
3.087
3.085
3.035
2.921
2.772
2.658
2.615
2.615
2.613
2.622
2.665
2.769
2.926
3.112
3.377
3.684
3.901
3.976
4.028
4.135
4.266
4.362
4.33
4.201
4.078
3.949
3.765
3.534
3.264
3.046
2.951
2.956
2.94
2.901
2.896
2.956
3.069
3.139
3.13
3.207
3.427
3.572
3.513
3.341
3.2
3.101
2.935
2.686
2.481
2.42
2.438
2.479
2.452
2.339
2.268
2.311
2.339
2.237
1.987
1.678
1.474
1.399
1.304
1.127
0.975
0.914
0.889
0.782
0.572
0.415
0.413
0.451
0.345
0.125
-0.106
-0.295
-0.431
-0.558
-0.757
-0.998
-1.22
-1.39
-1.468
-1.526
-1.651
-1.746
-1.705
-1.578
-1.472
-1.402
-1.341
-1.225
-1.159
-1.245
-1.331
-1.345
-1.476
-1.787
-2.148
-2.468
-2.692
-2.876
-3.064
-3.166
-3.11
-3.026
-2.973
-2.937
-2.921
-2.901
-2.813
-2.667
-2.522
-2.468
-2.536
-2.638
-2.706
-2.81
-2.976
-3.098
-3.166
-3.185
-3.137
-3.051
-3.003
-2.985
-2.962
-2.883
-2.738
-2.552
-2.407
-2.329
-2.316
-2.286
-2.2
-2.146
-2.212
-2.302
-2.352
-2.443
-2.599
-2.756
-2.86
-2.883
-2.813
-2.699
-2.604
-2.534
-2.431
-2.214
-1.973
-1.828
-1.728
-1.597
-1.511
-1.517
-1.603
-1.74
-1.962
-2.216
-2.407
-2.552
-2.699
-2.876
-3.055
-3.15
-3.155
-3.123
-3.108
-3.128
-3.189
-3.241
-3.296
-3.395
-3.602
-3.876
-4.158
-4.473
-4.825
-5.133
-5.374
-5.525
-5.534
-5.437
-5.351
-5.28
-5.187
-5.11
-5.117
-5.181
-5.237
-5.267
-5.335
-5.496
-5.766
-6.12
-6.437
-6.664
-6.873
-7.12
-7.386
-7.615
-7.748
-7.805
-7.807
-7.764
-7.735
-7.728
-7.646
-7.519
-7.465
-7.501
-7.471
-7.361
-7.272
-7.272
-7.351
-7.453
-7.542
-7.644
-7.805
-7.953
-7.95
-7.798
-7.676
-7.658
-7.673
-7.617
-7.426
-7.165
-6.979
-6.895
-6.816
-6.673
-6.521
-6.485
-6.562
-6.546
-6.338
-6.104
-5.995
-5.956
-5.861
-5.68
-5.509
-5.385
-5.267
-5.063
-4.793
-4.661
-4.666
-4.638
-4.462
-4.189
-3.944
-3.736
-3.527
-3.28
-3.023
-2.822
-2.758
-2.774
-2.688
-2.488
-2.352
-2.377
-2.449
-2.431
-2.318
-2.227
-2.216
-2.218
-2.157
-2.023
-1.91
-1.912
-1.955
-1.887
-1.742
-1.631
-1.549
-1.422
-1.302
-1.223
-1.159
-1.102
-1.086
-1.118
-1.077
-0.932
-0.855
-0.905
-0.966
-1.007
-1.118
-1.22
-1.2
-1.116
-1.141
-1.279
-1.37
-1.304
-1.225
-1.304
-1.474
-1.658
-1.871
-2.037
-2.157
-2.35
-2.563
-2.651
-2.663
-2.742
-2.935
-3.11
-3.15
-3.15
-3.259
-3.393
-3.409
-3.35
-3.307
-3.257
-3.257
-3.337
-3.43
-3.547
-3.736
-3.958
-4.128
-4.137
-4.074
-4.04
-4.004
-3.963
-3.99
-4.103
-4.226
-4.269
-4.189
-4.065
-3.972
-3.876
-3.72
-3.557
-3.502
-3.547
-3.568
-3.5
-3.375
-3.275
-3.223
-3.175
-3.121
-3.028
-2.901
-2.763
-2.597
-2.379
-2.148
-1.962
-1.858
-1.778
-1.601
-1.32
-1.129
-1.166
-1.281
-1.241
-1.116
-1.148
-1.306
-1.241
-0.873
-0.531
-0.44
-0.478
-0.456
-0.295
-0.088
0.02
0.02
0.086
0.315
0.594
0.728
0.712
0.676
0.655
0.635
0.597
0.553
0.553
0.696
0.973
1.188
1.238
1.288
1.508
1.758
1.808
1.688
1.603
1.61
1.563
1.399
1.175
1.016
0.896
0.705
0.444
0.265
0.267
0.413
0.619
0.864
1.161
1.424
1.567
1.563
1.511
1.47
1.454
1.377
1.195
0.977
0.803
0.674
0.54
0.36
0.1
-0.236
-0.508
-0.68
-0.839
-0.991
-1.014
-0.939
-0.873
-0.857
-0.855
-0.851
-0.828
-0.789
-0.719
-0.635
-0.56
-0.542
-0.612
-0.703
-0.744
-0.816
-1
-1.272
-1.524
-1.71
-1.824
-1.96
-2.102
-2.234
-2.345
-2.42
-2.452
-2.474
-2.456
-2.345
-2.15
-1.907
-1.653
-1.381
-1.123
-0.973
-0.98
-1.052
-1.104
-1.132
-1.206
-1.341
-1.508
-1.663
-1.771
-1.844
-1.973
-2.132
-2.137
-1.998
-1.91
-1.903
-1.844
-1.608
-1.245
-0.928
-0.755
-0.592
-0.379
-0.152
0.045
0.175
0.208
0.2
0.233
0.225
0.095
-0.036
-0.02
0.054
0.095
0.136
0.2
0.304
0.444
0.574
0.585
0.576
0.649
0.771
0.834
0.834
0.796
0.757
0.789
0.871
0.919
0.873
0.789
0.778
0.912
1.145
1.363
1.572
1.796
2.021
2.223
2.372
2.361
2.202
2.023
1.844
1.551
1.163
0.792
0.422
0.057
-0.236
-0.429
-0.542
-0.519
-0.317
-0.068
0.154
0.397
0.689
0.966
1.211
1.402
1.538
1.622
1.638
1.522
1.261
0.941
0.553
0.079
-0.42
-0.891
-1.363
-1.815
-2.184
-2.425
-2.481
-2.359
-2.164
-1.951
-1.619
-1.191
-0.873
-0.726
-0.649
-0.619
-0.639
-0.703
-0.873
-1.111
-1.363
-1.633
-1.896
-2.127
-2.293
-2.407
-2.395
-2.243
-2.084
-1.964
-1.73
-1.368
-0.982
-0.619
-0.263
0.052
0.365
0.728
1.071
1.243
1.141
0.819
0.553
0.451
0.073
-0.803
-1.449
-1.198
-0.542
-0.345
-0.594
-0.528
0.111
0.646
0.433
-0.243
-0.605
-0.286
0.288
0.485
0.297
0.265
0.717
1.302
1.345
0.669
-0.104
-0.417
-0.367
-0.528
-1.068
-1.397
-0.964
-0.249
-0.136
-0.522
-0.481
0.181
0.646
0.492
0.27
0.458
0.809
0.898
0.599
0.129
-0.152
-0.218
-0.363
-0.687
-0.871
-0.719
-0.442
-0.324
-0.297
-0.125
0.292
0.737
0.914
0.971
1.286
1.901
2.49
2.736
2.597
2.436
2.536
2.565
2.091
1.356
1.016
1.25
1.581
1.547
1.374
1.628
2.273
2.688
2.629
2.597
3.039
3.731
4.178
4.291
4.371
4.623
4.915
4.918
4.509
3.981
3.786
4.04
4.351
4.33
4.13
4.153
4.516
4.811
4.734
4.496
4.516
4.829
5.09
5.16
5.296
5.671
6.097
6.233
5.981
5.65
5.541
5.612
5.598
5.435
5.362
5.582
5.954
6.238
6.408
6.555
6.727
6.932
7.156
7.365
7.562
7.762
7.975
8.182
8.329
8.395
8.422
8.404
8.331
8.232
8.195
8.252
8.322
8.315
8.302
8.424
8.651
8.869
9.023
9.168
9.404
9.642
9.726
9.638
9.511
9.463
9.393
9.171
8.978
9.057
9.348
9.606
9.704
9.722
9.842
9.983
9.937
9.66
9.336
9.121
9.068
9.078
9.014
8.855
8.676
8.622
8.619
8.415
7.909
7.279
6.798
6.539
6.358
6.192
6.106
6.154
6.374
6.712
7.111
7.544
7.844
7.973
8.032
8.07
7.962
7.585
6.966
6.283
5.682
5.124
4.593
4.076
3.588
3.232
3.128
3.135
3.062
2.865
2.788
2.956
3.169
3.289
3.362
3.547
3.829
4.053
4.101
3.994
3.806
3.529
3.141
2.67
2.314
2.196
2.214
2.191
2.057
1.932
1.964
2.084
2.094
1.982
1.882
1.912
2.021
2.053
1.951
1.717
1.531
1.486
1.393
1.161
0.966
0.957
1.123
1.291
1.413
1.617
1.994
2.386
2.649
2.788
2.98
3.259
3.38
3.2
2.915
2.715
2.581
2.416
2.18
1.917
1.735
1.767
2.019
2.282
2.409
2.529
2.713
2.865
2.851
2.719
2.613
2.561
2.479
2.334
2.25
2.289
2.32
2.157
1.844
1.574
1.372
1.148
0.839
0.51
0.302
0.211
0.122
-0.063
-0.345
-0.517
-0.413
-0.243
-0.27
-0.462
-0.662
-0.751
-0.841
-1.114
-1.556
-2.059
-2.499
-2.869
-3.271
-3.706
-4.019
-4.149
-4.212
-4.276
-4.332
-4.359
-4.371
-4.409
-4.464
-4.514
-4.493
-4.38
-4.362
-4.441
-4.423
-4.278
-4.155
-4.174
-4.282
-4.387
-4.475
-4.584
-4.775
-5.04
-5.292
-5.392
-5.344
-5.312
-5.349
-5.265
-4.985
-4.663
-4.498
-4.432
-4.305
-4.024
-3.672
-3.395
-3.257
-3.128
-2.84
-2.477
-2.216
-2.021
-1.746
-1.445
-1.229
-1.1
-0.977
-0.812
-0.624
-0.524
-0.569
-0.68
-0.737
-0.724
-0.714
-0.719
-0.678
-0.574
-0.388
-0.147
0.095
0.279
0.433
0.664
0.993
1.318
1.549
1.755
1.996
2.184
2.295
2.375
2.404
2.397
2.409
2.42
2.452
2.47
2.429
2.3
2.18
2.094
1.982
1.817
1.658
1.574
1.576
1.663
1.824
2.143
2.608
2.998
3.175
3.248
3.296
3.259
3.108
2.819
2.497
2.295
2.214
2.189
2.193
2.232
2.329
2.534
2.772
2.937
3.005
3.078
3.173
3.21
3.185
3.119
3.03
2.958
2.948
2.935
2.86
2.767
2.679
2.543
2.325
2.08
1.865
1.676
1.461
1.266
1.263
1.454
1.74
2.075
2.445
2.826
3.248
3.625
3.795
3.742
3.654
3.595
3.486
3.246
2.958
2.733
2.658
2.674
2.604
2.418
2.291
2.329
2.443
2.461
2.377
2.35
2.441
2.499
2.438
2.395
2.454
2.545
2.67
2.806
2.878
2.917
3.069
3.266
3.323
3.246
3.214
3.332
3.522
3.618
3.55
3.516
3.611
3.738
3.797
3.804
3.894
4.065
4.142
3.951
3.584
3.259
3.033
2.758
2.447
2.212
2.064
2.066
2.205
2.397
2.615
2.942
3.391
3.79
4.04
4.155
4.251
4.371
4.412
4.314
4.246
4.233
4.194
4.074
3.879
3.688
3.575
3.55
3.497
3.373
3.278
3.257
3.2
3.064
2.912
2.783
2.733
2.776
2.838
2.844
2.774
2.692
2.676
2.674
2.543
2.327
2.223
2.241
2.191
2.075
1.96
1.905
1.973
2.1
2.098
1.962
1.882
1.901
1.803
1.513
1.166
0.896
0.667
0.39
-0.025
-0.426
-0.619
-0.664
-0.719
-0.785
-0.792
-0.744
-0.669
-0.637
-0.753
-0.953
-1.173
-1.386
-1.524
-1.601
-1.785
-2.087
-2.243
-2.118
-1.967
-2.107
-2.497
-2.865
-3.051
-3.135
-3.293
-3.6
-3.899
-3.931
-3.618
-3.268
-3.264
-3.484
-3.522
-3.318
-3.214
-3.464
-3.892
-4.239
-4.38
-4.464
-4.752
-5.219
-5.566
-5.603
-5.528
-5.584
-5.741
-5.843
-5.768
-5.582
-5.507
-5.682
-5.943
-6.013
-5.922
-5.916
-6.083
-6.299
-6.424
-6.501
-6.641
-6.846
-6.986
-7.052
-7.102
-7.147
-7.186
-7.24
-7.338
-7.435
-7.51
-7.549
-7.59
-7.621
-7.558
-7.429
-7.361
-7.438
-7.542
-7.524
-7.415
-7.379
-7.506
-7.689
-7.789
-7.766
-7.639
-7.456
-7.351
-7.313
-7.082
-6.587
-6.083
-5.77
-5.625
-5.498
-5.285
-5.101
-5.201
-5.532
-5.732
-5.718
-5.721
-5.836
-5.952
-5.922
-5.795
-5.691
-5.573
-5.382
-5.242
-5.169
-5.07
-4.899
-4.613
-4.18
-3.767
-3.482
-3.178
-2.778
-2.357
-1.967
-1.66
-1.486
-1.463
-1.481
-1.395
-1.27
-1.286
-1.517
-1.787
-1.905
-1.835
-1.626
-1.449
-1.372
-1.272
-1.007
-0.556
-0.02
0.358
0.358
0.163
0.211
0.547
0.782
0.612
0.231
0.181
0.735
1.42
1.669
1.585
1.619
1.937
2.207
2.155
1.894
1.683
1.535
1.322
0.98
0.567
0.218
-0.018
-0.356
-0.909
-1.474
-1.821
-2.057
-2.454
-3.067
-3.575
-3.67
-3.477
-3.398
-3.491
-3.475
-3.148
-2.595
-2.141
-1.948
-1.742
-1.404
-1.168
-1.245
-1.511
-1.651
-1.635
-1.737
-2.073
-2.384
-2.497
-2.497
-2.536
-2.656
-2.792
-2.835
-2.853
-2.987
-3.293
-3.609
-3.817
-4.033
-4.33
-4.659
-4.904
-4.94
-4.861
-4.786
-4.659
-4.425
-4.124
-3.761
-3.389
-3.153
-3.085
-3.101
-2.989
-2.686
-2.472
-2.499
-2.545
-2.447
-2.209
-1.928
-1.753
-1.744
-1.824
-1.876
-1.93
-2.118
-2.452
-2.783
-3.071
-3.293
-3.339
-3.112
-2.776
-2.552
-2.345
-1.93
-1.406
-0.969
-0.653
-0.499
-0.487
-0.42
-0.129
0.286
0.622
0.798
0.973
1.325
1.751
2.05
2.114
1.951
1.737
1.554
1.327
1.021
0.653
0.243
-0.27
-0.805
-1.204
-1.483
-1.73
-1.989
-2.243
-2.395
-2.434
-2.468
-2.568
-2.674
-2.736
-2.704
-2.524
-2.295
-2.112
-1.962
-1.801
-1.608
-1.463
-1.513
-1.712
-1.969
-2.248
-2.574
-3.01
-3.502
-3.894
-4.151
-4.355
-4.546
-4.661
-4.702
-4.765
-4.911
-5.126
-5.303
-5.426
-5.557
-5.732
-5.886
-5.92
-5.768
-5.48
-5.124
-4.663
-4.126
-3.538
-2.924
-2.407
-2.059
-1.78
-1.479
-1.25
-1.293
-1.717
-2.411
-3.021
-3.232
-3.218
-3.405
-3.643
-3.334
-2.488
-1.855
-2.016
-2.622
-2.881
-2.584
-2.316
-2.617
-3.123
-2.996
-2.059
-1.021
-0.522
-0.388
-0.052
0.605
1.193
1.343
1.161
1.184
1.665
2.234
2.316
1.971
1.755
1.862
1.869
1.447
0.857
0.644
0.944
1.329
1.47
1.508
1.769
2.175
2.395
2.205
1.848
1.826
2.193
2.49
2.502
2.577
3.019
3.643
3.908
3.661
3.291
3.225
3.418
3.495
3.225
2.912
2.899
3.092
3.073
2.731
2.416
2.409
2.638
2.781
2.62
2.318
2.155
2.212
2.237
1.946
1.424
1.023
0.873
0.821
0.724
0.685
0.792
0.905
0.866
0.608
0.247
-0.034
-0.286
-0.676
-1.116
-1.388
-1.397
-1.293
-1.39
-1.703
-1.905
-1.894
-1.971
-2.393
-3.008
-3.445
-3.511
-3.4
-3.45
-3.756
-4.04
-4.087
-4.051
-4.23
-4.616
-4.868
-4.768
-4.539
-4.482
-4.591
-4.663
-4.611
-4.573
-4.738
-5.076
-5.244
-5.083
-4.8
-4.7
-4.795
-4.811
-4.577
-4.26
-4.119
-4.155
-4.153
-4.044
-3.94
-3.963
-4.067
-4.042
-3.761
-3.377
-3.146
-3.101
-3.017
-2.744
-2.379
-2.107
-1.944
-1.769
-1.565
-1.383
-1.241
-1.132
-1.064
-0.928
-0.717
-0.535
-0.401
-0.265
-0.115
-0.052
-0.097
-0.152
-0.09
0.068
0.175
0.238
0.413
0.712
1.039
1.372
1.699
1.967
2.127
2.187
2.139
1.935
1.649
1.463
1.408
1.383
1.37
1.343
1.291
1.261
1.354
1.526
1.649
1.665
1.676
1.771
1.858
1.844
1.71
1.549
1.463
1.483
1.574
1.601
1.452
1.177
1
0.964
0.982
0.916
0.717
0.526
0.492
0.556
0.558
0.408
0.222
0.184
0.258
0.32
0.29
0.177
0.045
-0.097
-0.236
-0.379
-0.565
-0.753
-0.871
-0.93
-1.002
-1.061
-1.057
-0.966
-0.83
-0.66
-0.472
-0.315
-0.256
-0.297
-0.338
-0.32
-0.292
-0.297
-0.32
-0.327
-0.261
-0.104
0.093
0.272
0.458
0.674
0.875
1.071
1.238
1.358
1.404
1.365
1.347
1.415
1.517
1.635
1.74
1.819
1.955
2.184
2.431
2.59
2.613
2.626
2.733
2.896
3.076
3.278
3.464
3.568
3.618
3.652
3.62
3.475
3.312
3.237
3.235
3.221
3.153
3.098
3.121
3.216
3.368
3.516
3.545
3.48
3.461
3.497
3.504
3.495
3.482
3.425
3.339
3.33
3.389
3.373
3.191
2.94
2.815
2.838
2.865
2.824
2.744
2.665
2.631
2.681
2.763
2.756
2.617
2.436
2.241
2.028
1.819
1.619
1.479
1.424
1.458
1.556
1.683
1.76
1.758
1.647
1.445
1.256
1.152
1.111
0.977
0.712
0.551
0.581
0.574
0.42
0.215
0.1
0.086
0.104
0.129
0.102
0.007
-0.113
-0.2
-0.225
-0.193
-0.204
-0.297
-0.437
-0.562
-0.605
-0.653
-0.832
-1.077
-1.277
-1.454
-1.558
-1.56
-1.433
-1.236
-1.021
-0.714
-0.345
-0.106
-0.111
-0.267
-0.34
-0.363
-0.535
-0.853
-1.168
-1.347
-1.388
-1.427
-1.538
-1.685
-1.78
-1.783
-1.678
-1.52
-1.343
-1.206
-1.089
-0.907
-0.724
-0.619
-0.583
-0.569
-0.544
-0.522
-0.469
-0.367
-0.263
-0.186
-0.154
-0.115
-0.025
-0.004
-0.129
-0.281
-0.329
-0.247
-0.115
-0.016
0.082
0.252
0.426
0.51
0.469
0.399
0.342
0.213
0.086
0.113
0.208
0.238
0.265
0.397
0.608
0.787
0.957
1.145
1.288
1.349
1.333
1.309
1.313
1.259
1.064
0.798
0.605
0.49
0.333
0.143
0.041
0.088
0.197
0.274
0.233
0.127
0.1
0.179
0.297
0.372
0.388
0.356
0.322
0.352
0.437
0.458
0.322
0.14
0.104
0.215
0.342
0.381
0.424
0.574
0.819
1.096
1.229
1.15
1.002
1.009
1.139
1.154
0.948
0.701
0.603
0.644
0.667
0.558
0.363
0.277
0.36
0.533
0.667
0.769
0.964
1.272
1.608
1.873
2.102
2.345
2.554
2.681
2.717
2.656
2.595
2.584
2.524
2.329
2.066
1.887
1.855
1.907
1.955
2.025
2.132
2.232
2.257
2.177
2.075
2.091
2.212
2.295
2.35
2.422
2.497
2.52
2.513
2.513
2.52
2.509
2.445
2.386
2.4
2.472
2.552
2.581
2.552
2.522
2.511
2.449
2.259
1.93
1.54
1.198
1.018
1.007
1.091
1.166
1.229
1.372
1.583
1.749
1.833
1.876
1.898
1.887
1.826
1.672
1.445
1.223
1.077
1
0.989
1.016
0.977
0.873
0.724
0.562
0.465
0.433
0.406
0.313
0.204
0.138
0.129
0.122
0.034
-0.07
-0.102
-0.088
-0.063
-0.057
-0.134
-0.254
-0.265
-0.136
0.007
0.038
-0.023
-0.086
-0.122
-0.109
-0.029
0.095
0.211
0.297
0.408
0.581
0.755
0.809
0.803
0.832
0.912
0.957
0.925
0.871
0.853
0.975
1.159
1.229
1.198
1.243
1.433
1.676
1.876
1.944
1.907
1.917
1.992
1.926
1.644
1.341
1.245
1.336
1.429
1.472
1.515
1.57
1.599
1.595
1.576
1.549
1.545
1.513
1.331
1.005
0.701
0.512
0.342
0.068
-0.252
-0.462
-0.544
-0.551
-0.519
-0.483
-0.401
-0.283
-0.215
-0.277
-0.36
-0.41
-0.551
-0.846
-1.136
-1.27
-1.349
-1.529
-1.769
-1.989
-2.173
-2.327
-2.468
-2.649
-2.788
-2.715
-2.388
-2.091
-2.091
-2.286
-2.334
-2.143
-2.019
-2.123
-2.37
-2.561
-2.654
-2.776
-2.958
-3.073
-3.021
-2.896
-2.792
-2.69
-2.502
-2.264
-2.08
-1.948
-1.862
-1.815
-1.794
-1.783
-1.81
-1.901
-1.944
-1.869
-1.819
-1.898
-1.978
-1.957
-1.887
-1.91
-2.053
-2.191
-2.155
-1.944
-1.719
-1.554
-1.411
-1.154
-0.798
-0.497
-0.335
-0.238
-0.145
-0.093
-0.14
-0.229
-0.215
-0.111
-0.027
-0.043
-0.168
-0.245
-0.181
-0.129
-0.211
-0.335
-0.408
-0.413
-0.46
-0.535
-0.522
-0.399
-0.272
-0.195
-0.127
-0.023
0.156
0.306
0.335
0.258
0.188
0.206
0.218
0.068
-0.19
-0.34
-0.299
-0.193
-0.263
-0.51
-0.664
-0.59
-0.519
-0.689
-1.041
-1.27
-1.236
-1.086
-1.005
-1.079
-1.218
-1.213
-1.089
-1.082
-1.279
-1.567
-1.749
-1.803
-1.898
-2.064
-2.202
-2.252
-2.25
-2.229
-2.239
-2.257
-2.27
-2.354
-2.563
-2.846
-3.051
-3.164
-3.264
-3.375
-3.409
-3.375
-3.357
-3.4
-3.468
-3.445
-3.323
-3.216
-3.291
-3.534
-3.79
-3.899
-3.874
-3.847
-3.84
-3.844
-3.836
-3.774
-3.609
-3.4
-3.264
-3.28
-3.43
-3.6
-3.663
-3.663
-3.672
-3.659
-3.55
-3.273
-2.908
-2.647
-2.524
-2.449
-2.416
-2.434
-2.497
-2.622
-2.765
-2.794
-2.654
-2.434
-2.25
-2.082
-1.801
-1.418
-1.129
-1.05
-1.023
-0.937
-0.83
-0.778
-0.841
-0.962
-0.975
-0.862
-0.812
-0.909
-1.002
-0.934
-0.742
-0.549
-0.447
-0.379
-0.247
-0.032
0.159
0.22
0.181
0.195
0.347
0.512
0.533
0.501
0.542
0.583
0.542
0.429
0.383
0.413
0.435
0.454
0.537
0.664
0.841
1.014
1.139
1.206
1.211
1.202
1.136
0.962
0.742
0.614
0.56
0.451
0.267
0.17
0.233
0.381
0.469
0.447
0.41
0.474
0.603
0.68
0.669
0.639
0.671
0.757
0.834
0.864
0.866
0.891
0.953
0.905
0.642
0.324
0.17
0.161
0.061
-0.154
-0.279
-0.143
0.147
0.295
0.093
-0.315
-0.669
-0.971
-1.413
-2.044
-2.561
-2.767
-2.708
-2.466
-2.146
-1.805
-1.452
-1.079
-0.714
-0.476
-0.469
-0.556
-0.608
-0.694
-0.851
-0.937
-0.934
-0.991
-1.234
-1.608
-1.939
-2.132
-2.225
-2.339
-2.407
-2.273
-1.951
-1.628
-1.399
-1.195
-0.857
-0.404
-0.05
0.038
-0.093
-0.306
-0.49
-0.637
-0.882
-1.3
-1.758
-1.969
-1.812
-1.474
-1.202
-1.018
-0.751
-0.324
0.095
0.254
0.152
-0.025
-0.165
-0.306
-0.442
-0.531
-0.578
-0.608
-0.592
-0.483
-0.349
-0.347
-0.46
-0.497
-0.408
-0.315
-0.225
-0.054
0.097
0.061
-0.077
-0.106
0.038
0.208
0.236
0.134
0.102
0.177
0.19
0.057
-0.193
-0.503
-0.805
-1.055
-1.204
-1.27
-1.311
-1.286
-1.163
-1.014
-0.884
-0.792
-0.787
-0.809
-0.753
-0.617
-0.517
-0.415
-0.236
0.023
0.156
-0.013
-0.354
-0.678
-0.944
-1.231
-1.547
-1.78
-1.882
-1.923
-1.919
-1.865
-1.799
-1.742
-1.722
-1.73
-1.683
-1.488
-1.227
-1.059
-1.064
-1.184
-1.263
-1.193
-1.127
-1.263
-1.556
-1.787
-1.869
-1.828
-1.76
-1.746
-1.769
-1.667
-1.447
-1.293
-1.268
-1.254
-1.216
-1.157
-1.077
-1.075
-1.209
-1.365
-1.504
-1.69
-1.912
-2.084
-2.157
-2.094
-1.901
-1.674
-1.445
-1.141
-0.76
-0.476
-0.413
-0.41
-0.279
-0.09
-0.1
-0.317
-0.451
-0.311
-0.079
-0.043
-0.15
-0.159
-0.002
0.113
0.095
0.023
-0.013
0.029
0.09
0.075
0.018
0.073
0.261
0.515
0.728
0.819
0.894
1.114
1.329
1.306
1.188
1.179
1.259
1.331
1.383
1.447
1.542
1.608
1.61
1.572
1.465
1.279
1.139
1.052
0.953
0.928
0.998
1.093
1.229
1.458
1.669
1.74
1.724
1.744
1.869
2.012
1.951
1.642
1.356
1.268
1.338
1.402
1.343
1.229
1.213
1.331
1.413
1.361
1.238
1.17
1.247
1.422
1.488
1.408
1.374
1.458
1.54
1.545
1.52
1.508
1.52
1.515
1.463
1.408
1.333
1.247
1.261
1.338
1.272
1.1
0.989
0.912
0.782
0.605
0.435
0.338
0.399
0.483
0.456
0.447
0.569
0.689
0.719
0.748
0.848
0.989
1.066
1.03
0.925
0.794
0.599
0.379
0.193
-0.027
-0.256
-0.329
-0.247
-0.138
-0.043
0.004
0.052
0.113
0.17
0.161
0.097
0.102
0.163
0.2
0.197
0.175
0.165
0.202
0.202
0.073
-0.095
-0.165
-0.143
-0.147
-0.249
-0.345
-0.265
-0.084
-0.038
-0.12
-0.2
-0.175
-0.106
-0.131
-0.331
-0.56
-0.617
-0.581
-0.669
-0.828
-0.837
-0.721
-0.585
-0.474
-0.42
-0.395
-0.327
-0.274
-0.327
-0.437
-0.515
-0.512
-0.474
-0.472
-0.46
-0.306
-0.063
0.129
0.179
0.175
0.2
0.277
0.297
0.147
-0.016
0.011
0.156
0.206
0.1
-0.007
0.032
0.15
0.177
0.07
-0.036
0.018
0.204
0.333
0.329
0.292
0.395
0.658
0.971
1.209
1.368
1.531
1.758
1.971
2.019
1.944
1.903
1.919
1.912
1.862
1.81
1.769
1.771
1.821
1.855
1.844
1.815
1.828
1.876
1.894
1.905
1.969
2.107
2.264
2.397
2.454
2.497
2.556
2.581
2.545
2.502
2.536
2.633
2.692
2.645
2.584
2.626
2.781
2.896
2.844
2.676
2.572
2.656
2.81
2.822
2.611
2.4
2.388
2.425
2.311
2.114
1.98
1.962
1.96
1.887
1.828
1.826
1.885
1.939
1.867
1.746
1.769
1.923
2.048
2.05
2.025
2.105
2.252
2.304
2.234
2.137
2.066
2.039
2.03
1.898
1.724
1.697
1.794
1.86
1.878
1.914
2.019
2.13
2.139
2.044
1.951
1.907
1.905
1.848
1.665
1.504
1.522
1.672
1.862
2.044
2.223
2.416
2.651
2.876
2.978
2.996
3.076
3.187
3.271
3.284
3.266
3.318
3.391
3.343
3.212
3.153
3.218
3.235
3.067
2.842
2.846
3.096
3.33
3.409
3.448
3.584
3.808
4.022
4.087
4.094
4.121
4.153
4.144
4.094
4.06
4.108
4.185
4.144
4.11
4.289
4.571
4.736
4.745
4.716
4.759
4.883
4.972
4.947
4.831
4.72
4.723
4.75
4.566
4.223
3.942
3.797
3.709
3.575
3.384
3.287
3.341
3.402
3.341
3.271
3.314
3.4
3.443
3.464
3.486
3.552
3.609
3.588
3.554
3.586
3.638
3.618
3.482
3.293
3.087
2.81
2.52
2.336
2.232
2.057
1.885
1.821
1.833
1.785
1.617
1.436
1.37
1.424
1.427
1.173
0.771
0.567
0.699
1.014
1.195
1.177
1.121
1.177
1.427
1.71
1.649
1.291
1.182
1.52
1.726
1.306
0.61
0.447
0.832
0.946
0.406
-0.236
-0.331
0.077
0.347
0.075
-0.313
-0.181
0.32
0.551
0.331
0.063
0.125
0.458
0.664
0.499
0.238
0.342
0.742
0.882
0.494
-0.009
-0.043
0.317
0.456
0.109
-0.304
-0.22
0.281
0.578
0.374
0.086
0.193
0.605
0.873
0.773
0.581
0.669
0.971
1.132
1.043
0.993
1.191
1.49
1.663
1.774
2.025
2.382
2.656
2.683
2.568
2.568
2.724
2.822
2.708
2.499
2.456
2.736
3.096
3.185
3.085
3.112
3.343
3.595
3.724
3.77
3.817
3.913
3.972
3.906
3.758
3.65
3.559
3.35
3.021
2.749
2.656
2.613
2.481
2.273
2.143
2.27
2.538
2.626
2.441
2.223
2.196
2.354
2.552
2.565
2.368
2.214
2.189
2.03
1.613
1.132
0.848
0.707
0.435
-0.016
-0.422
-0.612
-0.646
-0.707
-0.862
-1.009
-0.982
-0.785
-0.565
-0.431
-0.449
-0.54
-0.551
-0.547
-0.624
-0.751
-0.839
-0.828
-0.76
-0.71
-0.767
-0.832
-0.678
-0.388
-0.297
-0.435
-0.567
-0.644
-0.712
-0.764
-0.785
-0.782
-0.767
-0.732
-0.724
-0.828
-0.986
-1.025
-0.887
-0.68
-0.531
-0.417
-0.247
0.048
0.415
0.751
1.005
1.157
1.291
1.458
1.601
1.631
1.613
1.608
1.603
1.567
1.517
1.54
1.672
1.867
2.023
2.127
2.259
2.466
2.695
2.871
2.944
2.953
2.989
3.108
3.221
3.189
3.035
2.962
3.023
3.096
3.071
3.037
3.128
3.375
3.681
3.931
4.067
4.174
4.319
4.503
4.618
4.511
4.223
3.919
3.731
3.597
3.427
3.232
3.089
3.085
3.153
3.112
2.983
2.978
3.169
3.4
3.497
3.491
3.493
3.504
3.488
3.452
3.352
3.189
3.033
2.94
2.846
2.672
2.438
2.214
2.007
1.805
1.656
1.656
1.744
1.755
1.628
1.495
1.468
1.463
1.341
1.002
0.535
0.193
0.063
-0.077
-0.435
-0.891
-1.136
-1.118
-1.096
-1.234
-1.476
-1.712
-1.787
-1.728
-1.699
-1.753
-1.826
-1.93
-2.159
-2.509
-2.801
-2.96
-3.087
-3.248
-3.393
-3.402
-3.298
-3.216
-3.278
-3.466
-3.607
-3.582
-3.436
-3.395
-3.57
-3.734
-3.693
-3.563
-3.582
-3.804
-4.062
-4.183
-4.135
-4.033
-4.017
-4.076
-3.997
-3.738
-3.5
-3.491
-3.643
-3.688
-3.577
-3.455
-3.425
-3.443
-3.477
-3.538
-3.684
-3.842
-3.949
-3.985
-3.931
-3.836
-3.724
-3.563
-3.243
-2.785
-2.329
-2.055
-1.985
-1.824
-1.291
-0.735
-0.714
-1.102
-1.268
-1.098
-1.107
-1.501
-2.021
-2.427
-2.647
-2.69
-2.62
-2.522
-2.407
-2.166
-1.792
-1.538
-1.556
-1.619
-1.481
-1.121
-0.773
-0.662
-0.737
-0.755
-0.705
-0.989
-1.715
-2.304
-2.289
-2.032
-2.125
-2.481
-2.574
-2.298
-2.05
-2.286
-3.012
-3.749
-4.001
-3.892
-4.012
-4.516
-4.906
-4.838
-4.618
-4.707
-5.16
-5.668
-5.891
-5.741
-5.546
-5.659
-5.845
-5.553
-4.915
-4.666
-5.067
-5.644
-5.975
-6.19
-6.632
-7.304
-7.841
-8.025
-8.1
-8.39
-8.867
-9.121
-8.93
-8.617
-8.626
-8.817
-8.699
-8.191
-7.644
-7.356
-7.369
-7.517
-7.544
-7.488
-7.648
-8.036
-8.313
-8.318
-8.286
-8.408
-8.622
-8.721
-8.699
-8.678
-8.742
-8.801
-8.597
-8.016
-7.372
-6.943
-6.623
-6.297
-6.018
-5.873
-5.916
-6.049
-6.14
-6.147
-6.126
-6.016
-5.816
-5.539
-5.224
-5.054
-5.038
-4.963
-4.704
-4.384
-4.13
-3.938
-3.681
-3.316
-2.96
-2.831
-2.987
-3.187
-3.087
-2.686
-2.345
-2.243
-2.189
-2.007
-1.746
-1.49
-1.3
-1.206
-1.177
-1.032
-0.732
-0.501
-0.447
-0.449
-0.476
-0.549
-0.608
-0.646
-0.801
-1.118
-1.418
-1.567
-1.638
-1.769
-1.894
-1.93
-1.951
-1.96
-1.935
-1.846
-1.753
-1.699
-1.628
-1.474
-1.266
-1.114
-1.121
-1.352
-1.663
-1.846
-1.898
-1.973
-2.189
-2.452
-2.561
-2.536
-2.606
-2.851
-3.194
-3.482
-3.6
-3.609
-3.681
-3.885
-4.119
-4.192
-4.085
-4.046
-4.187
-4.316
-4.282
-4.149
-4.044
-3.967
-3.836
-3.634
-3.434
-3.339
-3.395
-3.525
-3.572
-3.597
-3.711
-3.917
-4.139
-4.291
-4.344
-4.344
-4.393
-4.491
-4.541
-4.462
-4.301
-4.187
-4.085
-3.894
-3.627
-3.343
-3.098
-2.91
-2.776
-2.656
-2.49
-2.25
-2
-1.846
-1.79
-1.78
-1.792
-1.851
-1.907
-1.935
-1.942
-1.91
-1.767
-1.529
-1.311
-1.152
-1.057
-1.016
-0.944
-0.728
-0.433
-0.261
-0.24
-0.195
0.018
0.297
0.524
0.653
0.732
0.805
0.878
0.928
0.862
0.696
0.581
0.646
0.721
0.671
0.549
0.522
0.63
0.782
0.866
0.887
0.996
1.191
1.331
1.341
1.309
1.354
1.431
1.486
1.481
1.436
1.377
1.27
1.05
0.814
0.669
0.61
0.556
0.456
0.374
0.415
0.556
0.703
0.809
0.853
0.828
0.837
0.919
0.9
0.676
0.442
0.356
0.288
0.057
-0.263
-0.533
-0.707
-0.857
-1.057
-1.281
-1.395
-1.377
-1.329
-1.306
-1.306
-1.259
-1.141
-1.046
-1.036
-1.009
-0.946
-0.932
-0.973
-1.075
-1.234
-1.368
-1.39
-1.372
-1.495
-1.73
-1.896
-1.91
-1.876
-1.953
-2.075
-2.037
-1.88
-1.794
-1.837
-1.894
-1.858
-1.746
-1.692
-1.796
-1.903
-1.835
-1.656
-1.47
-1.279
-1.048
-0.785
-0.533
-0.379
-0.299
-0.304
-0.388
-0.512
-0.635
-0.737
-0.814
-0.857
-0.919
-1.089
-1.247
-1.154
-0.882
-0.646
-0.524
-0.433
-0.247
0.057
0.295
0.34
0.358
0.494
0.703
0.873
0.946
1.009
1.157
1.32
1.368
1.281
1.159
1.132
1.154
1.077
0.925
0.862
0.941
1.109
1.241
1.259
1.247
1.275
1.349
1.406
1.386
1.336
1.454
1.653
1.658
1.481
1.361
1.424
1.542
1.556
1.433
1.361
1.402
1.463
1.381
1.143
0.909
0.785
0.658
0.447
0.243
0.09
-0.002
-0.05
-0.118
-0.179
-0.14
0
0.122
0.225
0.247
0.215
0.184
0.093
-0.134
-0.39
-0.549
-0.628
-0.76
-0.975
-1.084
-0.984
-0.773
-0.66
-0.762
-0.93
-0.982
-0.996
-1.121
-1.354
-1.52
-1.522
-1.465
-1.472
-1.493
-1.458
-1.404
-1.386
-1.406
-1.499
-1.615
-1.606
-1.468
-1.313
-1.206
-1.093
-0.887
-0.594
-0.292
-0.063
-0.007
-0.029
-0.018
-0.025
-0.147
-0.311
-0.442
-0.628
-0.855
-1.021
-1.096
-1.093
-0.986
-0.778
-0.515
-0.225
0.118
0.517
0.873
1.082
1.118
1.036
0.909
0.821
0.728
0.528
0.2
-0.066
-0.131
-0.159
-0.265
-0.333
-0.256
-0.093
0.068
0.122
0.068
0.009
0.05
0.118
0.048
-0.156
-0.313
-0.279
-0.175
-0.193
-0.345
-0.49
-0.553
-0.572
-0.662
-0.83
-0.971
-1.027
-0.996
-0.934
-0.832
-0.644
-0.401
-0.19
-0.041
0.07
0.159
0.247
0.338
0.429
0.472
0.467
0.485
0.562
0.676
0.78
0.887
1.002
1.141
1.327
1.61
1.944
2.214
2.409
2.577
2.713
2.769
2.799
2.874
3.055
3.309
3.57
3.804
4.026
4.312
4.7
5.049
5.228
5.369
5.634
5.993
6.326
6.576
6.771
6.891
6.909
6.916
6.925
6.85
6.655
6.455
6.396
6.487
6.578
6.551
6.474
6.569
6.848
7.004
6.961
7.029
7.422
7.905
8.188
8.347
8.66
9.057
9.352
9.515
9.602
9.565
9.357
9.132
9.032
8.953
8.712
8.379
8.207
8.252
8.25
8.091
7.987
8.011
7.998
7.846
7.746
7.862
8.059
8.204
8.413
8.764
9.118
9.318
9.425
9.547
9.602
9.44
9.014
8.606
8.427
8.349
8.175
7.966
7.912
7.953
7.957
7.968
8.043
8.068
7.993
7.982
8.109
8.17
8.03
7.796
7.556
7.336
7.127
6.95
6.814
6.714
6.648
6.578
6.496
6.505
6.585
6.533
6.294
6.102
6.104
6.151
5.981
5.634
5.417
5.36
5.26
5.042
4.788
4.546
4.398
4.45
4.498
4.362
4.158
4.153
4.378
4.564
4.516
4.316
4.221
4.307
4.355
4.205
3.976
3.892
3.922
3.836
3.554
3.225
3.008
2.953
2.951
2.983
3.164
3.468
3.758
3.883
3.856
3.879
4.008
4.024
3.869
3.758
3.824
3.963
4.035
3.956
3.734
3.536
3.522
3.572
3.504
3.382
3.352
3.473
3.618
3.64
3.593
3.577
3.518
3.38
3.28
3.314
3.436
3.532
3.495
3.423
3.491
3.64
3.634
3.452
3.282
3.232
3.157
2.958
2.69
2.474
2.35
2.275
2.209
2.102
2.012
2.03
2.139
2.166
1.985
1.642
1.343
1.1
0.769
0.302
-0.204
-0.567
-0.76
-0.941
-1.2
-1.395
-1.458
-1.542
-1.762
-2.057
-2.318
-2.529
-2.758
-3.053
-3.318
-3.5
-3.604
-3.654
-3.724
-3.824
-3.933
-4.096
-4.38
-4.686
-4.967
-5.233
-5.43
-5.528
-5.598
-5.684
-5.684
-5.58
-5.476
-5.498
-5.557
-5.498
-5.369
-5.374
-5.473
-5.521
-5.439
-5.269
-5.169
-5.128
-4.949
-4.623
-4.316
-4.078
-3.915
-3.74
-3.522
-3.341
-3.185
-3.035
-2.865
-2.611
-2.304
-2.075
-1.937
-1.801
-1.624
-1.456
-1.381
-1.358
-1.223
-0.921
-0.633
-0.472
-0.381
-0.245
-0.05
0.079
0.09
0.09
0.161
0.279
0.442
0.642
0.873
1.148
1.415
1.64
1.817
1.96
2.028
2.023
1.978
1.937
1.894
1.833
1.815
1.878
1.953
1.942
1.894
1.876
1.905
1.969
2.003
1.946
1.819
1.728
1.755
1.898
2.016
2.003
2.073
2.449
2.881
3.008
2.896
2.928
3.232
3.536
3.561
3.384
3.303
3.452
3.672
3.706
3.507
3.182
2.863
2.606
2.429
2.175
1.765
1.511
1.801
2.275
2.266
1.951
2.112
2.903
3.722
3.963
3.6
3.273
3.684
4.409
4.387
3.584
3.218
3.847
4.555
4.409
3.672
3.205
3.327
3.586
3.409
2.815
2.441
2.733
3.241
3.266
2.965
3.064
3.543
3.643
3.126
2.511
2.264
2.402
2.617
2.597
2.411
2.422
2.797
3.128
2.983
2.681
2.831
3.282
3.48
3.343
3.337
3.711
4.096
4.049
3.634
3.237
3.126
3.175
2.919
2.273
1.715
1.535
1.501
1.427
1.436
1.644
1.932
2.125
2.245
2.497
2.956
3.364
3.386
3.008
2.642
2.674
2.965
3.033
2.744
2.486
2.59
2.919
3.044
2.772
2.449
2.484
2.751
2.767
2.375
2.025
2.243
2.828
3.166
3.048
2.84
2.84
2.935
2.824
2.495
2.207
2.109
2.127
2.064
1.919
1.853
1.926
1.987
1.994
2.007
2.1
2.393
2.822
3.15
3.325
3.502
3.74
3.942
3.967
3.876
3.869
3.908
3.749
3.243
2.64
2.336
2.375
2.357
2.014
1.526
1.272
1.497
1.907
2.055
1.871
1.651
1.615
1.808
2.041
2.062
1.93
1.898
2.053
2.243
2.307
2.212
2.016
1.735
1.474
1.336
1.288
1.202
1.014
0.694
0.342
0.136
0.002
-0.313
-0.809
-1.266
-1.54
-1.715
-1.957
-2.279
-2.52
-2.561
-2.449
-2.429
-2.654
-3.01
-3.287
-3.455
-3.625
-3.844
-3.999
-3.99
-3.84
-3.763
-3.919
-4.155
-4.257
-4.262
-4.328
-4.489
-4.663
-4.843
-5.119
-5.537
-5.906
-6.054
-6.086
-6.256
-6.63
-7.027
-7.274
-7.451
-7.744
-8.145
-8.481
-8.656
-8.758
-8.876
-8.994
-9.023
-8.869
-8.581
-8.349
-8.261
-8.175
-7.98
-7.73
-7.637
-7.755
-7.885
-7.769
-7.51
-7.474
-7.705
-7.889
-7.801
-7.628
-7.637
-7.783
-7.896
-7.882
-7.733
-7.492
-7.304
-7.254
-7.204
-6.993
-6.68
-6.523
-6.63
-6.809
-6.787
-6.58
-6.392
-6.371
-6.399
-6.215
-5.775
-5.289
-4.899
-4.523
-4.126
-3.781
-3.568
-3.441
-3.271
-3.048
-2.876
-2.738
-2.529
-2.275
-2.094
-2.035
-2.016
-2.077
-2.27
-2.495
-2.636
-2.645
-2.665
-2.819
-2.969
-2.928
-2.719
-2.481
-2.207
-1.919
-1.705
-1.538
-1.263
-0.909
-0.655
-0.533
-0.356
-0.068
0.231
0.44
0.556
0.599
0.578
0.587
0.585
0.501
0.385
0.252
0.084
-0.136
-0.345
-0.492
-0.549
-0.458
-0.254
-0.068
0.013
0.02
0.016
0.073
0.215
0.358
0.451
0.59
0.848
1.098
1.114
0.939
0.746
0.528
0.236
-0.086
-0.447
-0.916
-1.429
-1.851
-2.157
-2.404
-2.622
-2.853
-3.092
-3.298
-3.488
-3.731
-4.015
-4.124
-4.058
-4.071
-4.185
-4.212
-4.11
-3.954
-3.77
-3.541
-3.271
-2.994
-2.629
-2.148
-1.758
-1.585
-1.549
-1.538
-1.542
-1.56
-1.588
-1.669
-1.837
-2.084
-2.397
-2.686
-2.951
-3.203
-3.452
-3.715
-3.942
-4.044
-4.04
-4.065
-4.114
-4.004
-3.693
-3.325
-2.98
-2.715
-2.502
-2.245
-1.91
-1.595
-1.399
-1.333
-1.32
-1.284
-1.195
-1.093
-1.007
-0.916
-0.769
-0.542
-0.308
-0.095
0.09
0.184
0.102
-0.122
-0.308
-0.417
-0.587
-0.869
-1.15
-1.329
-1.336
-1.209
-1.091
-1.046
-0.969
-0.71
-0.274
0.175
0.506
0.794
1.231
1.826
2.325
2.52
2.502
2.382
2.112
1.601
0.855
-0.004
-0.78
-1.381
-1.83
-2.175
-2.466
-2.667
-2.756
-2.838
-2.967
-3.112
-3.271
-3.416
-3.488
-3.434
-3.32
-3.323
-3.452
-3.527
-3.536
-3.636
-3.985
-4.53
-5.033
-5.362
-5.553
-5.637
-5.578
-5.398
-5.095
-4.748
-4.498
-4.455
-4.514
-4.428
-4.264
-4.314
-4.58
-4.868
-5.017
-5.165
-5.528
-6.09
-6.576
-6.83
-6.984
-7.145
-7.179
-6.932
-6.417
-5.891
-5.55
-5.326
-4.981
-4.489
-4.074
-3.842
-3.654
-3.391
-3.058
-2.701
-2.484
-2.577
-2.844
-3.037
-3.096
-3.173
-3.309
-3.253
-2.842
-2.232
-1.701
-1.386
-1.266
-1.218
-1.123
-1.014
-1.052
-1.238
-1.377
-1.358
-1.191
-0.88
-0.531
-0.254
-0.052
0.168
0.451
0.744
1.021
1.354
1.692
1.926
2.159
2.518
2.871
2.937
2.715
2.484
2.359
2.2
1.93
1.681
1.526
1.433
1.363
1.347
1.381
1.47
1.644
1.894
2.13
2.339
2.622
2.915
3.076
3.062
3.069
3.187
3.191
2.965
2.717
2.647
2.654
2.597
2.413
2.175
2.016
2.032
2.057
1.923
1.642
1.39
1.322
1.345
1.236
0.928
0.617
0.44
0.352
0.254
0.013
-0.327
-0.544
-0.535
-0.474
-0.574
-0.857
-1.154
-1.236
-1.191
-1.245
-1.44
-1.685
-1.878
-1.98
-2.189
-2.534
-2.815
-2.931
-3.026
-3.198
-3.432
-3.584
-3.561
-3.545
-3.72
-4.001
-4.257
-4.425
-4.484
-4.629
-4.963
-5.224
-5.228
-5.153
-5.201
-5.283
-5.183
-4.87
-4.573
-4.418
-4.396
-4.316
-4.035
-3.822
-4.004
-4.348
-4.273
-3.836
-3.527
-3.57
-3.74
-3.704
-3.405
-3.06
-3.008
-3.373
-3.765
-3.681
-3.164
-2.76
-2.679
-2.538
-2.005
-1.309
-0.9
-0.828
-0.884
-0.88
-0.794
-0.803
-1.027
-1.175
-1.014
-0.757
-0.694
-0.705
-0.506
-0.159
0.111
0.249
0.329
0.42
0.658
1.03
1.316
1.388
1.402
1.52
1.674
1.658
1.436
1.198
1.104
1.157
1.148
0.982
0.839
0.914
1.127
1.304
1.474
1.765
2.046
2.116
2.014
1.926
1.955
1.944
1.735
1.395
1.125
0.939
0.678
0.29
-0.036
-0.156
-0.156
-0.188
-0.261
-0.265
-0.179
0.011
0.238
0.352
0.29
0.186
0.14
0.097
-0.036
-0.274
-0.503
-0.687
-0.848
-1.066
-1.345
-1.526
-1.486
-1.347
-1.231
-1.059
-0.669
-0.115
0.331
0.517
0.535
0.537
0.587
0.633
0.519
0.211
-0.138
-0.34
-0.383
-0.435
-0.558
-0.576
-0.37
-0.041
0.243
0.487
0.846
1.427
2.109
2.654
2.948
3.112
3.314
3.45
3.312
2.983
2.688
2.513
2.379
2.141
1.749
1.331
1.116
1.223
1.504
1.737
1.978
2.438
3.116
3.727
4.069
4.192
4.185
4.099
4.04
4.004
3.824
3.455
3.141
3.023
2.94
2.817
2.672
2.518
2.429
2.499
2.719
2.976
3.191
3.393
3.625
3.84
3.974
4.049
4.019
3.827
3.541
3.312
3.178
2.996
2.676
2.295
1.985
1.746
1.545
1.468
1.547
1.765
2.091
2.397
2.658
2.971
3.323
3.527
3.475
3.223
2.962
2.756
2.493
2.152
1.824
1.606
1.431
1.204
0.914
0.576
0.286
0.2
0.302
0.401
0.395
0.433
0.601
0.773
0.807
0.744
0.726
0.78
0.816
0.739
0.567
0.404
0.292
0.154
-0.104
-0.415
-0.626
-0.735
-0.859
-1.064
-1.3
-1.418
-1.331
-1.245
-1.358
-1.549
-1.633
-1.572
-1.513
-1.603
-1.724
-1.61
-1.329
-1.154
-1.223
-1.493
-1.73
-1.744
-1.649
-1.603
-1.628
-1.701
-1.767
-1.744
-1.638
-1.495
-1.386
-1.424
-1.603
-1.722
-1.658
-1.531
-1.497
-1.578
-1.653
-1.578
-1.365
-1.175
-1.091
-1.107
-1.132
-1.114
-1.057
-1.025
-1.057
-1.05
-0.882
-0.603
-0.29
-0.011
0.172
0.27
0.331
0.363
0.338
0.225
0.002
-0.286
-0.476
-0.478
-0.356
-0.227
-0.17
-0.2
-0.24
-0.297
-0.36
-0.365
-0.254
-0.082
0.073
0.254
0.522
0.869
1.322
1.817
2.062
1.824
1.443
1.424
1.556
1.279
0.735
0.599
0.971
1.379
1.504
1.47
1.572
1.808
1.919
1.76
1.554
1.644
2.046
2.334
2.266
2.148
2.327
2.701
2.883
2.538
1.808
1.368
1.644
2.137
2.089
1.595
1.427
1.846
2.295
2.307
2.13
2.189
2.377
2.4
2.25
2.177
2.266
2.304
2.107
1.84
1.744
1.858
1.969
1.923
1.762
1.683
1.749
1.853
1.853
1.726
1.57
1.49
1.504
1.608
1.808
2.102
2.438
2.563
2.241
1.722
1.443
1.402
1.247
0.859
0.51
0.508
0.785
0.971
0.98
1.041
1.318
1.638
1.628
1.313
1.136
1.284
1.445
1.413
1.259
1.107
0.971
0.869
0.76
0.531
0.29
0.295
0.572
0.851
0.909
0.841
0.932
1.206
1.333
1.136
0.832
0.707
0.778
0.866
0.891
0.871
0.787
0.689
0.651
0.696
0.744
0.769
0.828
0.946
1.141
1.372
1.658
1.969
2.139
2.032
1.778
1.708
1.876
1.996
1.762
1.306
0.959
0.932
1.127
1.263
1.22
1.163
1.293
1.574
1.846
1.964
1.969
1.951
1.996
2.152
2.248
2.112
1.926
1.889
1.946
2.012
2.064
2.046
1.935
1.776
1.613
1.495
1.468
1.556
1.705
1.901
2.218
2.597
2.776
2.711
2.704
2.813
2.81
2.606
2.354
2.212
2.173
2.171
2.118
2.114
2.243
2.359
2.323
2.18
1.96
1.724
1.565
1.445
1.322
1.231
1.223
1.293
1.361
1.325
1.25
1.304
1.399
1.354
1.086
0.705
0.365
0.125
-0.097
-0.358
-0.581
-0.685
-0.717
-0.871
-1.184
-1.456
-1.581
-1.676
-1.821
-1.921
-1.917
-1.851
-1.819
-1.848
-1.844
-1.758
-1.701
-1.805
-2.073
-2.449
-2.826
-3.083
-3.207
-3.327
-3.502
-3.613
-3.482
-3.137
-2.867
-2.833
-2.908
-2.892
-2.815
-2.86
-3.092
-3.303
-3.33
-3.262
-3.21
-3.098
-2.899
-2.686
-2.515
-2.461
-2.534
-2.556
-2.459
-2.397
-2.429
-2.477
-2.418
-2.182
-1.837
-1.558
-1.393
-1.182
-0.859
-0.608
-0.639
-0.859
-0.984
-0.923
-0.864
-0.925
-1.021
-0.977
-0.764
-0.519
-0.367
-0.213
0.02
0.261
0.39
0.406
0.39
0.408
0.426
0.41
0.397
0.392
0.395
0.433
0.501
0.46
0.297
0.138
0.095
0.134
0.118
0.013
-0.068
-0.1
-0.138
-0.197
-0.213
-0.131
-0.018
0.029
-0.013
-0.077
-0.129
-0.197
-0.308
-0.447
-0.597
-0.732
-0.796
-0.787
-0.748
-0.744
-0.834
-0.939
-0.971
-0.996
-1.107
-1.281
-1.474
-1.653
-1.81
-1.892
-1.898
-1.912
-1.955
-1.989
-1.973
-1.951
-1.953
-1.975
-1.969
-1.967
-1.992
-1.998
-1.971
-1.967
-2.035
-2.091
-2.127
-2.232
-2.445
-2.672
-2.912
-3.148
-3.382
-3.609
-3.799
-3.94
-4.015
-4.012
-3.917
-3.717
-3.452
-3.266
-3.198
-3.191
-3.171
-3.133
-3.166
-3.3
-3.368
-3.291
-3.171
-3.16
-3.196
-3.191
-3.228
-3.345
-3.457
-3.547
-3.636
-3.727
-3.804
-3.824
-3.774
-3.656
-3.468
-3.235
-3.026
-2.828
-2.699
-2.617
-2.601
-2.572
-2.404
-2.155
-1.953
-1.765
-1.522
-1.275
-1.082
-0.93
-0.78
-0.707
-0.726
-0.782
-0.848
-0.898
-0.928
-0.925
-0.834
-0.601
-0.279
0.038
0.288
0.508
0.678
0.732
0.707
0.671
0.619
0.565
0.515
0.483
0.54
0.658
0.699
0.614
0.549
0.603
0.624
0.531
0.41
0.367
0.442
0.556
0.63
0.719
0.853
1.027
1.223
1.361
1.386
1.345
1.247
1.071
0.801
0.467
0.2
0.02
-0.115
-0.218
-0.222
-0.134
-0.002
0.156
0.329
0.476
0.572
0.592
0.599
0.635
0.624
0.528
0.494
0.576
0.639
0.601
0.56
0.574
0.603
0.597
0.51
0.429
0.413
0.404
0.304
0.159
0.106
0.186
0.315
0.352
0.236
0.054
-0.018
0.025
0.07
0.057
-0.02
-0.093
-0.086
-0.027
-0.027
-0.129
-0.211
-0.138
-0.007
-0.016
-0.181
-0.379
-0.46
-0.429
-0.422
-0.524
-0.628
-0.622
-0.531
-0.465
-0.544
-0.71
-0.807
-0.792
-0.823
-0.998
-1.236
-1.358
-1.331
-1.343
-1.542
-1.767
-1.828
-1.794
-1.771
-1.826
-1.91
-1.88
-1.71
-1.506
-1.341
-1.198
-1.055
-0.882
-0.724
-0.605
-0.56
-0.562
-0.572
-0.597
-0.685
-0.769
-0.789
-0.826
-0.959
-1.143
-1.27
-1.286
-1.256
-1.229
-1.173
-1.046
-0.948
-0.896
-0.834
-0.762
-0.637
-0.44
-0.297
-0.317
-0.374
-0.349
-0.274
-0.22
-0.188
-0.152
-0.195
-0.333
-0.431
-0.451
-0.512
-0.651
-0.714
-0.674
-0.61
-0.61
-0.724
-0.887
-0.977
-1.021
-1.102
-1.225
-1.286
-1.247
-1.225
-1.3
-1.424
-1.556
-1.74
-1.942
-2.071
-2.098
-2.048
-1.944
-1.848
-1.733
-1.486
-1.202
-1.15
-1.345
-1.493
-1.424
-1.331
-1.354
-1.358
-1.243
-1.046
-0.844
-0.753
-0.859
-1.03
-1.148
-1.341
-1.744
-2.25
-2.515
-2.452
-2.307
-2.237
-2.125
-1.885
-1.617
-1.456
-1.511
-1.685
-1.658
-1.343
-1.104
-1.161
-1.2
-0.941
-0.63
-0.678
-1.034
-1.286
-1.256
-1.159
-1.238
-1.463
-1.572
-1.479
-1.331
-1.266
-1.32
-1.411
-1.486
-1.567
-1.683
-1.785
-1.785
-1.656
-1.433
-1.238
-1.118
-0.984
-0.767
-0.528
-0.41
-0.397
-0.281
-0.034
0.161
0.193
0.206
0.304
0.431
0.492
0.435
0.322
0.277
0.327
0.308
0.208
0.22
0.42
0.63
0.742
0.798
0.871
1.023
1.266
1.433
1.427
1.361
1.374
1.465
1.461
1.281
1.052
0.998
1.218
1.49
1.565
1.526
1.688
2.064
2.347
2.37
2.307
2.379
2.474
2.429
2.298
2.245
2.273
2.245
2.105
1.907
1.751
1.622
1.483
1.39
1.306
1.204
1.202
1.363
1.558
1.701
1.767
1.855
2.025
2.15
2.094
1.903
1.701
1.554
1.422
1.243
1.071
0.959
0.919
0.896
0.801
0.605
0.417
0.324
0.347
0.401
0.399
0.401
0.442
0.54
0.705
0.823
0.751
0.578
0.492
0.451
0.231
-0.152
-0.437
-0.528
-0.603
-0.785
-0.948
-0.975
-0.909
-0.841
-0.873
-0.957
-0.948
-0.823
-0.685
-0.637
-0.664
-0.614
-0.478
-0.352
-0.333
-0.37
-0.322
-0.211
-0.208
-0.379
-0.56
-0.642
-0.687
-0.724
-0.76
-0.814
-0.855
-0.812
-0.696
-0.594
-0.549
-0.512
-0.481
-0.506
-0.544
-0.522
-0.494
-0.535
-0.608
-0.605
-0.562
-0.531
-0.535
-0.549
-0.535
-0.483
-0.41
-0.317
-0.243
-0.206
-0.19
-0.161
-0.084
0.02
0.111
0.163
0.218
0.317
0.392
0.374
0.352
0.39
0.426
0.379
0.302
0.231
0.109
0.048
0.159
0.292
0.308
0.292
0.358
0.474
0.553
0.592
0.614
0.61
0.626
0.73
0.859
0.964
1.041
1.098
1.116
1.148
1.295
1.493
1.547
1.458
1.379
1.422
1.468
1.393
1.272
1.261
1.368
1.495
1.583
1.581
1.61
1.769
1.951
1.998
1.926
1.894
1.926
1.935
1.93
1.987
2.037
2.041
2.016
1.987
1.989
2.075
2.173
2.121
1.969
1.948
2.171
2.479
2.588
2.484
2.427
2.552
2.661
2.545
2.27
2.035
1.882
1.774
1.574
1.261
0.996
0.944
0.894
0.54
0.054
0.038
0.694
1.345
1.404
1.297
1.862
2.928
3.37
2.654
1.719
1.746
2.472
2.672
1.953
1.354
1.751
2.584
2.713
2.077
1.565
1.649
1.848
1.603
1.17
1.066
1.506
2.166
2.413
2.132
1.998
2.484
3.026
2.896
2.273
2.041
2.626
3.445
3.734
3.45
3.225
3.511
3.938
3.772
3.033
2.47
2.463
2.629
2.499
2.162
2.102
2.445
2.726
2.642
2.447
2.511
2.833
3.144
3.253
3.257
3.384
3.65
3.799
3.699
3.495
3.43
3.607
3.799
3.668
3.271
3.048
3.16
3.169
2.742
2.304
2.386
2.858
3.2
3.255
3.334
3.693
4.146
4.278
3.969
3.572
3.402
3.362
3.162
2.792
2.504
2.484
2.67
2.776
2.617
2.384
2.434
2.667
2.758
2.686
2.774
3.241
3.838
4.158
4.128
4.044
4.099
4.189
4.008
3.491
3.055
2.965
3.021
2.851
2.438
2.168
2.239
2.375
2.323
2.193
2.298
2.733
3.237
3.497
3.445
3.318
3.323
3.398
3.28
2.908
2.524
2.366
2.379
2.341
2.164
1.998
1.935
1.942
1.964
2.019
2.134
2.3
2.441
2.588
2.808
3.008
3.001
2.733
2.375
2.162
2.048
1.799
1.372
0.939
0.63
0.429
0.252
0.102
-0.02
-0.106
-0.109
0.032
0.256
0.465
0.642
0.814
0.959
1.082
1.129
1.052
0.83
0.526
0.297
0.211
0.184
0.145
0.063
-0.034
-0.063
-0.011
0.068
0.118
0.093
0.016
0.023
0.163
0.288
0.218
0.02
-0.086
-0.059
-0.025
-0.045
-0.097
-0.115
-0.057
0.077
0.236
0.437
0.739
1.182
1.694
2.098
2.372
2.629
2.826
2.903
2.867
2.744
2.624
2.477
2.27
2.069
1.987
2.05
2.121
2.037
1.84
1.683
1.651
1.651
1.638
1.669
1.808
2.021
2.316
2.699
3.014
3.144
3.196
3.232
3.185
3.017
2.874
2.831
2.79
2.674
2.552
2.606
2.831
2.994
3.01
2.985
2.965
2.926
2.769
2.49
2.105
1.678
1.318
1.023
0.699
0.329
0.018
-0.093
0.036
0.152
0.011
-0.229
-0.288
-0.197
-0.177
-0.193
-0.093
0.1
0.304
0.437
0.517
0.549
0.501
0.36
0.14
-0.156
-0.437
-0.59
-0.614
-0.605
-0.608
-0.592
-0.481
-0.308
-0.261
-0.424
-0.633
-0.742
-0.778
-0.796
-0.859
-1.011
-1.177
-1.209
-1.064
-0.853
-0.719
-0.617
-0.304
0.247
0.773
1.093
1.252
1.411
1.669
1.982
2.166
2.164
2.137
2.264
2.47
2.559
2.452
2.234
2.082
2.087
2.1
1.978
1.815
1.78
1.903
2.094
2.293
2.529
2.758
2.867
2.899
2.98
3.139
3.345
3.55
3.679
3.722
3.756
3.885
4.139
4.326
4.287
4.18
4.223
4.355
4.393
4.251
4.033
3.872
3.774
3.67
3.545
3.459
3.468
3.57
3.72
3.881
3.972
3.931
3.82
3.736
3.713
3.731
3.688
3.563
3.368
3.203
3.203
3.314
3.334
3.121
2.858
2.772
2.906
3.046
3.035
2.894
2.801
2.885
3.01
2.973
2.751
2.586
2.52
2.37
2.025
1.567
1.145
0.846
0.63
0.406
0.152
-0.004
0.025
0.118
0.115
0.052
0.029
0.025
-0.077
-0.349
-0.646
-0.728
-0.592
-0.522
-0.746
-1.123
-1.281
-1.148
-1.036
-1.243
-1.642
-1.885
-1.901
-1.905
-2.073
-2.293
-2.357
-2.175
-1.996
-2.062
-2.282
-2.377
-2.318
-2.32
-2.524
-2.806
-2.978
-3.012
-3.067
-3.23
-3.389
-3.334
-3.067
-2.842
-2.853
-2.965
-2.91
-2.695
-2.545
-2.642
-2.883
-2.985
-2.876
-2.776
-2.84
-2.951
-2.951
-2.765
-2.531
-2.449
-2.504
-2.534
-2.479
-2.409
-2.35
-2.268
-2.159
-2.023
-1.91
-1.878
-1.898
-1.862
-1.753
-1.708
-1.826
-1.928
-1.853
-1.703
-1.638
-1.681
-1.792
-1.78
-1.595
-1.415
-1.374
-1.397
-1.388
-1.365
-1.341
-1.327
-1.377
-1.422
-1.427
-1.415
-1.42
-1.463
-1.497
-1.476
-1.504
-1.683
-1.93
-2.155
-2.309
-2.431
-2.615
-2.869
-3.064
-3.178
-3.268
-3.398
-3.536
-3.597
-3.6
-3.645
-3.738
-3.763
-3.752
-3.833
-4.035
-4.289
-4.534
-4.711
-4.87
-5.124
-5.442
-5.748
-6.045
-6.338
-6.628
-6.907
-7.106
-7.156
-7.082
-6.97
-6.97
-7.041
-7.009
-6.898
-6.862
-6.993
-7.276
-7.587
-7.88
-8.216
-8.558
-8.767
-8.83
-8.849
-8.903
-8.946
-8.935
-8.837
-8.694
-8.569
-8.461
-8.306
-8.093
-7.864
-7.733
-7.71
-7.621
-7.442
-7.329
-7.374
-7.501
-7.585
-7.562
-7.567
-7.635
-7.626
-7.438
-7.177
-6.975
-6.857
-6.703
-6.338
-5.789
-5.272
-4.924
-4.7
-4.48
-4.244
-4.169
-4.398
-4.711
-4.838
-4.797
-4.738
-4.695
-4.591
-4.298
-3.938
-3.756
-3.647
-3.271
-2.629
-2.229
-2.37
-2.552
-2.229
-1.735
-1.633
-1.817
-1.873
-1.715
-1.499
-1.39
-1.495
-1.712
-1.83
-1.792
-1.78
-1.937
-2.141
-2.121
-1.903
-1.817
-1.898
-1.871
-1.599
-1.3
-1.343
-1.742
-2
-1.771
-1.429
-1.506
-1.939
-2.121
-1.91
-1.726
-1.887
-2.202
-2.4
-2.481
-2.559
-2.665
-2.772
-2.826
-2.817
-2.781
-2.785
-2.826
-2.863
-2.892
-2.969
-3.153
-3.418
-3.561
-3.464
-3.298
-3.278
-3.389
-3.416
-3.28
-3.128
-3.15
-3.284
-3.364
-3.389
-3.559
-3.852
-4.058
-4.058
-3.985
-3.96
-3.881
-3.661
-3.488
-3.497
-3.545
-3.497
-3.405
-3.432
-3.636
-3.852
-3.906
-3.836
-3.672
-3.486
-3.368
-3.3
-3.21
-3.069
-3.008
-3.148
-3.327
-3.293
-3.03
-2.781
-2.713
-2.697
-2.561
-2.341
-2.152
-2.073
-2.044
-1.926
-1.765
-1.674
-1.635
-1.603
-1.599
-1.735
-1.93
-1.987
-1.91
-1.84
-1.787
-1.608
-1.259
-0.871
-0.528
-0.213
0
-0.009
-0.147
-0.206
-0.15
-0.113
-0.143
-0.143
-0.111
-0.079
-0.038
0.009
0.038
0.111
0.27
0.51
0.794
0.957
0.928
0.814
0.735
0.739
0.796
0.787
0.669
0.528
0.549
0.721
0.832
0.803
0.753
0.746
0.785
0.823
0.891
1.002
1.148
1.329
1.497
1.567
1.506
1.347
1.141
0.894
0.581
0.304
0.181
0.156
0.088
0.002
-0.016
0.068
0.175
0.211
0.222
0.286
0.36
0.333
0.263
0.243
0.204
0.036
-0.249
-0.551
-0.794
-0.962
-1.079
-1.157
-1.191
-1.191
-1.089
-0.848
-0.653
-0.676
-0.739
-0.667
-0.594
-0.742
-1.023
-1.25
-1.436
-1.658
-1.926
-2.143
-2.214
-2.134
-1.953
-1.73
-1.54
-1.3
-0.973
-0.696
-0.605
-0.61
-0.56
-0.51
-0.612
-0.787
-0.812
-0.739
-0.773
-0.941
-1.098
-1.229
-1.377
-1.499
-1.535
-1.533
-1.535
-1.395
-1.082
-0.776
-0.624
-0.487
-0.252
0.007
0.134
0.113
0.057
-0.038
-0.215
-0.472
-0.724
-0.887
-0.971
-1.034
-1.064
-0.982
-0.792
-0.565
-0.335
-0.138
0.011
0.127
0.179
0.147
0.125
0.129
0.118
0.093
0.059
0.002
0.016
0.068
0.086
0.05
-0.027
-0.086
-0.059
0.034
0.059
-0.009
-0.043
0.02
0.084
0.077
0.041
0.075
0.265
0.506
0.649
0.692
0.739
0.846
0.919
0.905
0.851
0.764
0.658
0.592
0.544
0.465
0.388
0.349
0.32
0.222
0.075
-0.007
0.013
0.052
0.036
-0.025
-0.045
0.029
0.068
-0.004
-0.104
-0.138
-0.136
-0.138
-0.156
-0.134
-0.068
-0.009
-0.034
-0.131
-0.233
-0.292
-0.272
-0.163
-0.061
-0.036
-0.034
0.007
0.029
-0.034
-0.14
-0.177
-0.066
0.113
0.143
0.036
-0.011
-0.048
-0.286
-0.587
-0.701
-0.703
-0.762
-0.807
-0.703
-0.492
-0.315
-0.1
0.256
0.59
0.66
0.581
0.674
0.857
0.792
0.506
0.29
0.385
0.714
0.944
0.796
0.404
0.095
0.007
0.036
-0.043
-0.279
-0.494
-0.499
-0.24
0.032
-0.011
-0.254
-0.202
0.249
0.66
0.739
0.717
0.826
1.007
0.957
0.542
0.057
-0.202
-0.306
-0.542
-0.866
-0.962
-0.778
-0.658
-0.782
-0.973
-1.05
-0.969
-0.744
-0.537
-0.478
-0.508
-0.474
-0.34
-0.245
-0.34
-0.526
-0.626
-0.635
-0.699
-0.873
-0.998
-0.932
-0.674
-0.417
-0.263
-0.034
0.222
0.295
0.245
0.286
0.449
0.594
0.646
0.667
0.76
0.903
1.091
1.322
1.465
1.468
1.513
1.708
2.003
2.357
2.647
2.792
2.869
3.014
3.257
3.522
3.745
3.901
4.13
4.475
4.881
5.235
5.442
5.478
5.491
5.598
5.746
5.848
5.866
5.834
5.859
5.931
5.995
6.016
6.016
6.074
6.201
6.342
6.537
6.78
6.973
7.088
7.252
7.492
7.648
7.66
7.623
7.685
7.823
7.907
7.875
7.823
7.769
7.687
7.626
7.608
7.603
7.601
7.639
7.801
8.016
8.073
7.982
8.032
8.236
8.365
8.268
8.091
8.109
8.293
8.347
8.204
8.048
8.08
8.29
8.427
8.325
8.188
8.322
8.685
8.973
9.012
8.896
8.801
8.799
8.826
8.721
8.431
8.116
7.978
7.941
7.737
7.388
7.213
7.329
7.494
7.463
7.308
7.288
7.447
7.626
7.723
7.698
7.578
7.438
7.324
7.165
6.973
6.832
6.766
6.748
6.755
6.78
6.796
6.757
6.655
6.467
6.245
6.074
5.959
5.739
5.342
4.913
4.682
4.607
4.507
4.276
4.015
3.86
3.804
3.783
3.74
3.647
3.525
3.414
3.398
3.527
3.74
3.917
3.976
3.974
4.01
4.078
4.008
3.713
3.327
2.994
2.717
2.472
2.298
2.175
2.105
2.132
2.261
2.377
2.375
2.273
2.216
2.241
2.229
2.143
2.123
2.232
2.316
2.284
2.243
2.323
2.436
2.436
2.386
2.459
2.724
3.003
3.126
3.116
3.15
3.312
3.436
3.362
3.11
2.896
2.813
2.824
2.833
2.788
2.704
2.629
2.513
2.361
2.3
2.35
2.339
2.237
2.191
2.27
2.407
2.49
2.556
2.633
2.772
2.992
3.148
3.133
2.987
2.89
2.838
2.667
2.282
1.771
1.268
0.841
0.467
0.063
-0.299
-0.503
-0.662
-0.898
-1.154
-1.447
-1.83
-2.261
-2.649
-2.944
-3.135
-3.298
-3.513
-3.709
-3.802
-3.79
-3.74
-3.754
-3.806
-3.844
-3.931
-4.101
-4.362
-4.67
-4.945
-5.174
-5.446
-5.705
-5.866
-5.941
-5.925
-5.827
-5.746
-5.732
-5.709
-5.659
-5.675
-5.795
-5.922
-5.97
-5.945
-5.888
-5.798
-5.659
-5.439
-5.165
-4.929
-4.775
-4.546
-4.171
-3.842
-3.661
-3.445
-3.108
-2.769
-2.463
-2.182
-1.917
-1.574
-1.132
-0.707
-0.41
-0.156
0.118
0.295
0.37
0.349
0.197
0.029
-0.02
-0.032
-0.061
-0.025
0.211
0.612
1
1.268
1.454
1.592
1.751
1.885
1.887
1.846
1.903
2.032
2.075
2.037
2.057
2.209
2.436
2.697
2.962
3.21
3.407
3.559
3.65
3.65
3.586
3.455
3.273
3.058
2.769
2.509
2.334
2.234
2.166
2.143
2.164
2.245
2.341
2.402
2.416
2.429
2.497
2.588
2.611
2.597
2.615
2.672
2.788
2.969
3.182
3.38
3.563
3.72
3.827
3.876
3.879
3.813
3.613
3.364
3.207
3.112
3.028
2.996
3.069
3.185
3.239
3.196
3.06
2.833
2.545
2.243
1.989
1.853
1.817
1.815
1.821
1.892
2.082
2.366
2.651
2.853
3.023
3.182
3.3
3.327
3.25
3.105
3.042
3.048
3.073
3.053
3.008
3.014
3.119
3.218
3.221
3.157
3.053
2.948
2.831
2.615
2.332
2.143
2.127
2.159
2.105
2.023
2.069
2.243
2.47
2.615
2.683
2.817
3.096
3.343
3.337
3.216
3.235
3.37
3.414
3.37
3.407
3.543
3.711
3.849
3.942
4.042
4.205
4.359
4.351
4.158
3.956
3.817
3.704
3.525
3.262
3.035
2.942
2.973
2.965
2.767
2.54
2.552
2.719
2.754
2.667
2.695
2.937
3.218
3.355
3.38
3.504
3.779
4.035
4.158
4.153
4.146
4.151
4.071
3.858
3.588
3.409
3.323
3.189
2.867
2.499
2.286
2.193
2.094
1.951
1.785
1.653
1.599
1.576
1.465
1.272
1.213
1.349
1.47
1.42
1.374
1.535
1.762
1.778
1.669
1.653
1.778
1.896
1.858
1.685
1.52
1.488
1.522
1.381
1.027
0.764
0.726
0.674
0.413
0.016
-0.281
-0.469
-0.696
-1.036
-1.468
-1.896
-2.214
-2.429
-2.651
-2.86
-2.926
-2.853
-2.851
-2.98
-3.058
-3.026
-2.944
-2.917
-3.01
-3.146
-3.243
-3.323
-3.423
-3.554
-3.652
-3.724
-3.874
-4.069
-4.257
-4.489
-4.736
-4.949
-5.185
-5.48
-5.698
-5.761
-5.866
-6.138
-6.437
-6.669
-6.841
-6.975
-7.116
-7.347
-7.683
-7.991
-8.143
-8.193
-8.263
-8.302
-8.22
-8.041
-7.88
-7.766
-7.653
-7.565
-7.431
-7.168
-6.993
-7.113
-7.256
-7.118
-6.875
-6.925
-7.204
-7.349
-7.279
-7.156
-7.195
-7.41
-7.581
-7.544
-7.424
-7.474
-7.712
-7.846
-7.705
-7.54
-7.565
-7.723
-7.726
-7.41
-6.92
-6.501
-6.224
-6.004
-5.661
-5.147
-4.629
-4.276
-4.089
-3.874
-3.579
-3.307
-3.175
-3.189
-3.25
-3.3
-3.337
-3.414
-3.584
-3.865
-4.146
-4.301
-4.339
-4.4
-4.552
-4.648
-4.571
-4.391
-4.203
-4.042
-3.892
-3.693
-3.364
-2.956
-2.638
-2.472
-2.304
-2.048
-1.722
-1.413
-1.216
-1.091
-0.953
-0.751
-0.553
-0.44
-0.333
-0.152
-0.032
-0.097
-0.263
-0.426
-0.572
-0.744
-0.903
-0.957
-0.925
-0.839
-0.633
-0.317
0.011
0.213
0.243
0.279
0.487
0.689
0.694
0.646
0.828
1.161
1.381
1.483
1.601
1.676
1.617
1.433
1.111
0.635
0.134
-0.261
-0.61
-1.05
-1.572
-2.102
-2.593
-3.044
-3.45
-3.838
-4.135
-4.219
-4.13
-4.024
-3.947
-3.734
-3.352
-2.965
-2.597
-2.171
-1.796
-1.578
-1.361
-1.066
-0.776
-0.574
-0.454
-0.435
-0.572
-0.837
-1.234
-1.755
-2.329
-2.808
-3.191
-3.597
-4.004
-4.276
-4.489
-4.756
-4.908
-4.822
-4.634
-4.489
-4.285
-3.931
-3.597
-3.457
-3.409
-3.278
-2.987
-2.717
-2.679
-2.733
-2.674
-2.515
-2.35
-2.327
-2.379
-2.318
-2.234
-2.325
-2.484
-2.536
-2.454
-2.284
-2.116
-2.057
-2.046
-1.892
-1.628
-1.517
-1.694
-1.969
-2.075
-2.084
-2.105
-2.08
-1.967
-1.776
-1.476
-1.107
-0.735
-0.279
0.327
0.896
1.304
1.613
1.889
2.087
2.125
2.025
1.858
1.642
1.309
0.859
0.431
0.136
-0.027
-0.159
-0.356
-0.594
-0.789
-1.014
-1.32
-1.663
-2.003
-2.336
-2.613
-2.817
-2.962
-3.064
-3.071
-2.951
-2.772
-2.624
-2.468
-2.284
-2.152
-2.094
-2.046
-2.187
-2.645
-3.062
-3.073
-2.928
-3.033
-3.327
-3.491
-3.455
-3.443
-3.652
-4.192
-4.861
-5.251
-5.326
-5.544
-6.09
-6.501
-6.331
-5.829
-5.63
-5.895
-6.174
-6.008
-5.462
-5.045
-5.167
-5.548
-5.496
-4.87
-4.223
-4.053
-4.162
-4.028
-3.484
-2.881
-2.656
-2.851
-3.055
-2.921
-2.626
-2.647
-3.046
-3.393
-3.407
-3.337
-3.416
-3.513
-3.466
-3.262
-3.001
-2.711
-2.279
-1.73
-1.281
-0.973
-0.578
0.097
0.803
1.093
0.966
0.914
1.179
1.515
1.613
1.449
1.352
1.556
1.835
1.846
1.626
1.508
1.665
1.901
1.944
1.796
1.676
1.817
2.155
2.347
2.279
2.266
2.554
2.924
2.994
2.713
2.42
2.474
2.674
2.606
2.273
2.048
2.187
2.477
2.572
2.486
2.559
2.937
3.464
3.72
3.473
3.051
2.899
2.967
2.803
2.264
1.653
1.293
1.145
0.996
0.755
0.512
0.435
0.574
0.782
0.771
0.619
0.646
0.857
0.984
0.896
0.676
0.447
0.215
-0.152
-0.655
-1.2
-1.676
-2.028
-2.25
-2.466
-2.729
-2.96
-3.062
-3.06
-2.996
-2.844
-2.606
-2.368
-2.275
-2.416
-2.647
-2.858
-3.112
-3.577
-4.289
-5.006
-5.507
-5.838
-6.151
-6.469
-6.619
-6.471
-6.136
-5.757
-5.444
-5.201
-4.911
-4.555
-4.273
-4.101
-3.924
-3.713
-3.541
-3.455
-3.416
-3.382
-3.352
-3.352
-3.389
-3.477
-3.534
-3.411
-3.173
-3.021
-2.96
-2.799
-2.438
-1.992
-1.638
-1.388
-1.086
-0.622
-0.122
0.204
0.286
0.254
0.308
0.447
0.572
0.639
0.717
0.855
1.079
1.318
1.472
1.57
1.735
2.035
2.279
2.336
2.307
2.343
2.436
2.447
2.339
2.205
2.15
2.159
2.191
2.227
2.295
2.429
2.633
2.874
3.146
3.386
3.497
3.497
3.436
3.287
3.083
2.851
2.554
2.264
1.989
1.69
1.436
1.266
1.139
1.059
1.123
1.275
1.418
1.445
1.413
1.47
1.601
1.717
1.742
1.663
1.576
1.558
1.463
1.173
0.785
0.395
-0.007
-0.395
-0.782
-1.139
-1.406
-1.549
-1.597
-1.465
-1.211
-1.055
-1
-0.837
-0.542
-0.333
-0.317
-0.385
-0.424
-0.447
-0.531
-0.737
-1.036
-1.349
-1.529
-1.576
-1.549
-1.465
-1.318
-1.161
-0.964
-0.748
-0.583
-0.46
-0.376
-0.292
-0.145
0.011
0.118
0.247
0.39
0.444
0.381
0.374
0.462
0.531
0.599
0.71
0.871
1.043
1.209
1.372
1.563
1.799
2.023
2.214
2.388
2.586
2.738
2.751
2.706
2.69
2.704
2.708
2.622
2.454
2.449
2.695
3.005
3.241
3.42
3.609
3.847
4.081
4.124
3.938
3.758
3.815
3.994
4.049
3.897
3.686
3.561
3.488
3.314
3.062
2.849
2.711
2.676
2.729
2.817
2.867
2.81
2.713
2.676
2.681
2.633
2.502
2.318
2.207
2.166
2.087
1.921
1.76
1.669
1.597
1.515
1.452
1.377
1.291
1.213
1.077
0.851
0.601
0.299
-0.057
-0.324
-0.413
-0.415
-0.41
-0.395
-0.358
-0.34
-0.388
-0.46
-0.49
-0.476
-0.474
-0.526
-0.653
-0.751
-0.769
-0.803
-0.986
-1.245
-1.422
-1.522
-1.619
-1.808
-2.025
-2.141
-2.071
-1.928
-1.835
-1.844
-1.926
-1.962
-1.919
-1.889
-1.91
-1.903
-1.851
-1.81
-1.817
-1.878
-1.937
-1.948
-1.858
-1.683
-1.517
-1.383
-1.209
-1.009
-0.871
-0.841
-0.859
-0.878
-0.841
-0.796
-0.869
-1.03
-1.132
-1.082
-1.014
-1.066
-1.15
-1.118
-1.007
-0.889
-0.809
-0.744
-0.567
-0.193
0.281
0.633
0.798
0.953
1.161
1.309
1.325
1.238
1.032
0.785
0.653
0.633
0.547
0.376
0.256
0.27
0.36
0.494
0.732
1.03
1.316
1.57
1.762
1.898
2.039
2.191
2.27
2.229
2.094
1.926
1.751
1.61
1.493
1.356
1.22
1.206
1.306
1.372
1.358
1.368
1.497
1.715
1.887
1.937
1.932
2
2.096
2.139
2.084
1.967
1.848
1.694
1.481
1.302
1.209
1.179
1.127
1.023
1.014
1.134
1.263
1.341
1.365
1.361
1.429
1.551
1.57
1.411
1.266
1.302
1.418
1.356
1.091
0.816
0.739
0.83
0.921
0.841
0.685
0.683
0.9
1.17
1.318
1.365
1.427
1.572
1.762
1.851
1.737
1.529
1.368
1.313
1.349
1.393
1.304
1.096
0.982
1.098
1.284
1.363
1.377
1.395
1.501
1.742
1.935
1.855
1.644
1.61
1.821
2.071
2.15
2.082
2.044
2.062
2.066
1.992
1.862
1.765
1.672
1.529
1.393
1.297
1.238
1.227
1.241
1.229
1.22
1.241
1.286
1.349
1.452
1.578
1.669
1.769
1.923
2.03
2.073
2.189
2.359
2.416
2.307
2.125
1.903
1.726
1.66
1.617
1.438
1.163
1.025
1.082
1.188
1.227
1.186
1.114
1.166
1.358
1.479
1.452
1.454
1.601
1.83
2.014
2.066
2.044
2.089
2.102
1.853
1.449
1.195
1.089
0.894
0.512
0.168
0.106
0.329
0.603
0.732
0.757
0.866
1.141
1.418
1.422
1.141
0.916
0.962
1.152
1.243
1.132
1.016
1.125
1.427
1.658
1.692
1.597
1.57
1.694
1.808
1.705
1.44
1.218
1.161
1.209
1.193
1.007
0.724
0.567
0.59
0.63
0.651
0.719
0.864
1.023
1.116
1.098
0.977
0.859
0.778
0.649
0.465
0.354
0.267
0.063
-0.229
-0.501
-0.624
-0.626
-0.626
-0.712
-0.834
-0.823
-0.639
-0.485
-0.59
-0.823
-0.921
-0.898
-0.946
-1.145
-1.468
-1.794
-2.053
-2.184
-2.264
-2.395
-2.563
-2.686
-2.738
-2.828
-2.878
-2.756
-2.497
-2.286
-2.193
-2.082
-1.858
-1.638
-1.576
-1.705
-1.919
-2.064
-2.112
-2.196
-2.402
-2.64
-2.778
-2.803
-2.776
-2.797
-2.826
-2.726
-2.47
-2.177
-2.005
-1.903
-1.801
-1.722
-1.703
-1.701
-1.771
-1.939
-2.035
-1.939
-1.86
-1.944
-2.016
-1.912
-1.688
-1.529
-1.506
-1.47
-1.345
-1.191
-1.068
-0.998
-0.973
-0.884
-0.703
-0.583
-0.667
-0.916
-1.079
-1.091
-1.15
-1.338
-1.524
-1.551
-1.438
-1.3
-1.263
-1.341
-1.316
-1.048
-0.699
-0.528
-0.585
-0.678
-0.717
-0.778
-0.875
-0.977
-1.057
-1.034
-0.859
-0.662
-0.633
-0.751
-0.764
-0.635
-0.578
-0.707
-0.866
-0.907
-0.859
-0.891
-0.991
-1.068
-1.089
-1.05
-1.052
-1.184
-1.356
-1.476
-1.497
-1.493
-1.501
-1.458
-1.313
-1.141
-1.021
-1.043
-1.204
-1.39
-1.433
-1.358
-1.458
-1.758
-2.016
-2.127
-2.237
-2.413
-2.559
-2.656
-2.715
-2.679
-2.579
-2.506
-2.495
-2.522
-2.574
-2.692
-2.885
-3.064
-3.216
-3.334
-3.382
-3.384
-3.391
-3.441
-3.513
-3.509
-3.497
-3.582
-3.672
-3.665
-3.59
-3.491
-3.352
-3.171
-3.033
-2.942
-2.867
-2.803
-2.763
-2.792
-2.908
-3.005
-3.008
-2.956
-2.903
-2.874
-2.851
-2.806
-2.726
-2.604
-2.531
-2.452
-2.254
-1.948
-1.644
-1.522
-1.581
-1.635
-1.549
-1.377
-1.302
-1.306
-1.234
-1.043
-0.844
-0.778
-0.812
-0.753
-0.576
-0.422
-0.385
-0.481
-0.574
-0.537
-0.426
-0.395
-0.429
-0.39
-0.258
-0.156
-0.134
-0.111
-0.023
0.131
0.306
0.515
0.714
0.823
0.803
0.73
0.717
0.805
0.928
0.986
0.989
0.982
1.027
1.1
1.104
0.986
0.853
0.894
1.123
1.379
1.517
1.576
1.66
1.74
1.653
1.511
1.511
1.572
1.511
1.42
1.545
1.799
1.799
1.386
0.782
0.379
0.218
-0.025
-0.487
-0.955
-1.036
-0.594
-0.038
0.138
-0.02
-0.113
-0.043
-0.029
-0.24
-0.583
-0.848
-0.896
-0.801
-0.735
-0.726
-0.707
-0.762
-1.025
-1.354
-1.429
-1.238
-1.143
-1.333
-1.56
-1.542
-1.379
-1.386
-1.658
-1.944
-1.962
-1.724
-1.497
-1.508
-1.608
-1.422
-0.95
-0.66
-0.812
-1.125
-1.2
-1.023
-0.948
-1.179
-1.495
-1.538
-1.216
-0.873
-0.88
-1.104
-1.125
-0.891
-0.826
-1.116
-1.436
-1.424
-1.245
-1.275
-1.483
-1.481
-1.136
-0.782
-0.655
-0.712
-0.676
-0.442
-0.277
-0.492
-0.986
-1.345
-1.284
-1.048
-1.132
-1.431
-1.397
-0.889
-0.306
-0.036
-0.043
-0.079
0.068
0.229
0.111
-0.229
-0.508
-0.562
-0.422
-0.297
-0.308
-0.324
-0.277
-0.261
-0.324
-0.381
-0.286
-0.027
0.159
0.106
-0.007
0.029
0.2
0.354
0.356
0.297
0.397
0.637
0.737
0.542
0.231
0.084
0.106
0.029
-0.283
-0.601
-0.712
-0.732
-0.801
-0.948
-1.068
-1.027
-0.882
-0.755
-0.676
-0.633
-0.562
-0.42
-0.304
-0.356
-0.533
-0.683
-0.776
-0.869
-1.1
-1.356
-1.395
-1.25
-1.195
-1.277
-1.368
-1.406
-1.438
-1.601
-1.951
-2.279
-2.431
-2.497
-2.584
-2.649
-2.565
-2.311
-2.041
-1.871
-1.712
-1.513
-1.377
-1.352
-1.331
-1.341
-1.431
-1.531
-1.622
-1.78
-1.987
-2.118
-2.084
-1.937
-1.833
-1.769
-1.59
-1.322
-1.125
-1.079
-1.109
-1.03
-0.878
-0.819
-0.841
-0.737
-0.51
-0.317
-0.197
-0.066
0.127
0.385
0.46
0.24
0.048
0.131
0.304
0.233
-0.016
-0.111
0.097
0.363
0.437
0.32
0.236
0.447
0.823
0.973
0.76
0.497
0.474
0.639
0.714
0.56
0.395
0.503
0.855
1.145
1.256
1.352
1.592
1.815
1.78
1.542
1.32
1.177
1.005
0.782
0.605
0.664
0.912
1.096
1.132
1.143
1.195
1.256
1.293
1.238
1.102
1.068
1.223
1.415
1.524
1.574
1.674
1.803
1.842
1.79
1.692
1.545
1.352
1.186
1.096
1.014
0.95
0.928
0.964
1.027
1.102
1.123
1.096
1.059
1.091
1.193
1.277
1.259
1.193
1.173
1.145
1.05
0.894
0.737
0.628
0.569
0.465
0.274
0.066
-0.1
-0.165
-0.134
-0.066
-0.034
0.036
0.245
0.531
0.678
0.674
0.712
0.78
0.739
0.592
0.481
0.44
0.44
0.465
0.422
0.261
0.129
0.168
0.218
0.057
-0.215
-0.383
-0.433
-0.44
-0.426
-0.435
-0.456
-0.44
-0.338
-0.225
-0.156
-0.048
0.029
0
-0.025
0.102
0.335
0.483
0.508
0.549
0.683
0.812
0.828
0.757
0.63
0.469
0.383
0.39
0.247
-0.079
-0.335
-0.431
-0.469
-0.476
-0.44
-0.431
-0.392
-0.286
-0.168
-0.079
0.002
0.079
0.147
0.186
0.245
0.324
0.41
0.508
0.614
0.728
0.809
0.805
0.751
0.683
0.66
0.639
0.54
0.354
0.177
0.097
0.14
0.204
0.186
0.19
0.295
0.444
0.574
0.581
0.447
0.34
0.365
0.401
0.302
0.204
0.311
0.526
0.653
0.724
0.819
0.959
1.134
1.247
1.231
1.161
1.141
1.111
1.027
0.959
1.009
1.132
1.238
1.291
1.322
1.358
1.461
1.551
1.454
1.25
1.168
1.227
1.3
1.295
1.263
1.333
1.578
1.776
1.735
1.601
1.574
1.626
1.592
1.37
1.057
0.937
1.139
1.438
1.606
1.699
1.862
2.102
2.341
2.466
2.431
2.304
2.193
2.148
2.075
1.957
1.937
1.994
1.998
1.928
1.837
1.821
1.878
1.889
1.84
1.835
1.865
1.865
1.907
2.125
2.391
2.552
2.611
2.672
2.76
2.794
2.742
2.617
2.527
2.468
2.404
2.304
2.273
2.404
2.611
2.724
2.729
2.788
2.924
2.948
2.788
2.515
2.257
2.057
1.907
1.81
1.808
1.903
2.012
2.069
2.082
2.082
2.134
2.191
2.173
2.187
2.359
2.57
2.674
2.751
2.881
3.021
3.112
3.08
2.906
2.649
2.427
2.257
2.05
1.803
1.674
1.708
1.869
2.075
2.277
2.495
2.76
3.028
3.191
3.241
3.275
3.373
3.441
3.384
3.225
3.13
3.182
3.334
3.455
3.425
3.298
3.187
3.157
3.157
3.053
2.881
2.788
2.797
2.86
2.971
3.15
3.382
3.595
3.758
3.906
4.051
4.146
4.101
3.915
3.647
3.4
3.241
3.164
3.094
3.051
3.076
3.18
3.355
3.507
3.563
3.543
3.543
3.48
3.273
2.998
2.819
2.797
2.896
3.083
3.325
3.545
3.652
3.67
3.602
3.461
3.23
2.921
2.57
2.261
2.132
2.191
2.232
2.157
2.094
2.189
2.391
2.427
2.241
2.046
2.025
2.141
2.13
1.901
1.685
1.683
1.848
1.96
1.926
1.892
1.955
2.071
2.13
2.08
1.937
1.726
1.52
1.381
1.318
1.395
1.565
1.642
1.597
1.533
1.522
1.481
1.336
1.098
0.898
0.88
1.055
1.227
1.245
1.225
1.311
1.431
1.422
1.247
1.036
0.923
0.809
0.614
0.406
0.286
0.256
0.229
0.143
0.029
-0.023
0.043
0.127
0.079
-0.036
-0.09
-0.025
0.127
0.286
0.37
0.422
0.642
1.009
1.304
1.465
1.61
1.765
1.862
1.865
1.833
1.787
1.726
1.717
1.819
2.016
2.261
2.59
2.912
3.037
2.998
2.978
2.921
2.708
2.499
2.518
2.67
2.774
2.826
2.876
2.894
2.878
2.924
3.048
3.148
3.157
3.185
3.259
3.293
3.316
3.468
3.761
4.049
4.246
4.376
4.423
4.355
4.187
3.94
3.643
3.375
3.087
2.729
2.372
2.141
2.057
2.059
2.102
2.105
2.028
1.88
1.71
1.506
1.25
0.923
0.583
0.34
0.258
0.306
0.365
0.331
0.218
0.115
-0.011
-0.159
-0.27
-0.322
-0.413
-0.603
-0.841
-1.03
-1.104
-1.057
-0.944
-0.871
-0.869
-0.941
-1.079
-1.223
-1.374
-1.54
-1.719
-1.815
-1.835
-1.901
-1.953
-1.844
-1.547
-1.216
-1.025
-0.986
-0.971
-0.909
-0.848
-0.826
-0.859
-0.909
-0.844
-0.664
-0.478
-0.311
-0.104
0.152
0.376
0.524
0.671
0.848
1.055
1.27
1.39
1.347
1.254
1.238
1.341
1.429
1.381
1.304
1.331
1.461
1.581
1.572
1.531
1.615
1.855
2.18
2.499
2.776
3.064
3.441
3.813
4.051
4.142
4.121
4.017
3.847
3.69
3.618
3.615
3.613
3.545
3.455
3.418
3.4
3.284
3.062
2.815
2.613
2.479
2.379
2.323
2.372
2.597
2.933
3.187
3.293
3.366
3.497
3.645
3.709
3.677
3.593
3.411
3.169
2.933
2.749
2.654
2.584
2.413
2.171
1.962
1.794
1.597
1.311
0.955
0.597
0.333
0.254
0.317
0.422
0.565
0.769
0.993
1.125
1.091
0.948
0.776
0.605
0.376
0.02
-0.422
-0.826
-1.068
-1.173
-1.231
-1.336
-1.511
-1.726
-1.973
-2.218
-2.391
-2.456
-2.441
-2.438
-2.531
-2.633
-2.629
-2.572
-2.545
-2.552
-2.613
-2.697
-2.719
-2.672
-2.565
-2.386
-2.091
-1.697
-1.372
-1.32
-1.42
-1.49
-1.715
-2.268
-2.846
-2.908
-2.427
-2.08
-2.352
-2.838
-3.001
-2.971
-3.216
-3.836
-4.432
-4.532
-3.974
-3.169
-2.729
-2.67
-2.474
-1.989
-1.592
-1.653
-2.168
-2.758
-3.021
-2.96
-2.958
-3.11
-3.067
-2.749
-2.629
-3.001
-3.391
-3.407
-3.293
-3.357
-3.486
-3.445
-3.13
-2.692
-2.449
-2.468
-2.59
-2.647
-2.631
-2.663
-2.774
-2.831
-2.74
-2.622
-2.633
-2.708
-2.697
-2.631
-2.529
-2.384
-2.225
-2.109
-2.025
-1.982
-2.107
-2.422
-2.758
-2.985
-3.185
-3.389
-3.391
-3.092
-2.681
-2.413
-2.42
-2.568
-2.622
-2.654
-2.937
-3.416
-3.724
-3.684
-3.488
-3.366
-3.393
-3.536
-3.704
-3.89
-4.164
-4.571
-4.981
-5.24
-5.296
-5.289
-5.346
-5.439
-5.5
-5.609
-5.816
-6.043
-6.176
-6.242
-6.356
-6.51
-6.551
-6.474
-6.455
-6.617
-6.934
-7.311
-7.567
-7.612
-7.581
-7.603
-7.662
-7.753
-7.905
-8.086
-8.229
-8.349
-8.452
-8.49
-8.479
-8.392
-8.238
-8.073
-7.95
-7.866
-7.866
-7.912
-7.864
-7.714
-7.628
-7.612
-7.521
-7.301
-7.122
-7.124
-7.245
-7.363
-7.392
-7.34
-7.311
-7.267
-7.045
-6.714
-6.515
-6.503
-6.478
-6.328
-6.133
-5.952
-5.766
-5.521
-5.206
-4.861
-4.514
-4.253
-4.128
-4.074
-3.976
-3.84
-3.774
-3.806
-3.822
-3.72
-3.461
-3.18
-3.03
-2.948
-2.838
-2.724
-2.701
-2.744
-2.754
-2.667
-2.538
-2.409
-2.279
-2.175
-2.046
-1.894
-1.765
-1.647
-1.465
-1.252
-1.123
-1.127
-1.204
-1.327
-1.465
-1.551
-1.578
-1.556
-1.445
-1.234
-1.066
-1.096
-1.272
-1.383
-1.377
-1.404
-1.619
-1.903
-2.037
-1.919
-1.663
-1.495
-1.493
-1.535
-1.497
-1.449
-1.581
-1.889
-2.198
-2.377
-2.375
-2.273
-2.214
-2.223
-2.205
-2.134
-2.084
-2.18
-2.343
-2.454
-2.581
-2.778
-2.906
-2.874
-2.769
-2.699
-2.688
-2.724
-2.769
-2.781
-2.815
-2.967
-3.235
-3.452
-3.541
-3.622
-3.786
-3.958
-4.006
-3.894
-3.672
-3.377
-3.078
-2.892
-2.794
-2.717
-2.67
-2.726
-2.846
-2.91
-2.951
-2.958
-2.883
-2.806
-2.835
-2.835
-2.715
-2.608
-2.59
-2.64
-2.715
-2.744
-2.645
-2.431
-2.189
-1.96
-1.778
-1.61
-1.461
-1.413
-1.481
-1.513
-1.44
-1.327
-1.231
-1.166
-1.086
-0.95
-0.776
-0.671
-0.635
-0.578
-0.478
-0.374
-0.274
-0.218
-0.184
-0.086
0.073
0.208
0.306
0.363
0.381
0.433
0.503
0.506
0.528
0.683
0.859
0.977
1.075
1.159
1.198
1.193
1.195
1.243
1.3
1.295
1.243
1.247
1.316
1.345
1.336
1.333
1.291
1.247
1.259
1.284
1.304
1.352
1.365
1.316
1.288
1.218
1.034
0.848
0.701
0.551
0.444
0.367
0.286
0.243
0.215
0.177
0.145
0.163
0.206
0.208
0.168
0.129
0.104
0.054
-0.073
-0.292
-0.485
-0.61
-0.712
-0.807
-0.866
-0.898
-0.866
-0.76
-0.705
-0.685
-0.703
-0.839
-1.059
-1.252
-1.338
-1.343
-1.349
-1.365
-1.3
-1.148
-1.075
-1.139
-1.22
-1.241
-1.213
-1.182
-1.177
-1.231
-1.322
-1.333
-1.22
-1.114
-1.132
-1.211
-1.236
-1.216
-1.247
-1.352
-1.427
-1.42
-1.354
-1.275
-1.141
-0.941
-0.744
-0.649
-0.685
-0.746
-0.719
-0.642
-0.687
-0.853
-0.955
-0.884
-0.753
-0.608
-0.444
-0.238
0.007
0.22
0.331
0.306
0.154
-0.002
-0.043
-0.023
0.007
0.082
0.188
0.279
0.345
0.415
0.478
0.526
0.526
0.508
0.522
0.66
0.869
0.98
0.925
0.882
0.984
1.175
1.263
1.202
1.152
1.186
1.236
1.173
0.998
0.828
0.694
0.601
0.528
0.503
0.542
0.624
0.696
0.771
0.869
0.986
1.102
1.118
1.021
0.964
0.996
0.991
0.848
0.651
0.506
0.485
0.476
0.317
0.063
-0.093
-0.079
0.027
0.057
-0.048
-0.125
-0.043
0.054
-0.023
-0.279
-0.462
-0.474
-0.447
-0.467
-0.497
-0.49
-0.447
-0.413
-0.437
-0.508
-0.535
-0.506
-0.46
-0.451
-0.458
-0.381
-0.322
-0.406
-0.567
-0.694
-0.687
-0.547
-0.431
-0.451
-0.499
-0.44
-0.247
-0.127
-0.215
-0.383
-0.454
-0.397
-0.265
-0.179
-0.122
0.025
0.265
0.474
0.556
0.565
0.576
0.544
0.429
0.261
0.131
0.061
-0.007
-0.041
-0.036
-0.034
-0.016
0.023
0.054
0.109
0.195
0.252
0.227
0.12
0.004
-0.057
-0.115
-0.245
-0.356
-0.36
-0.261
-0.079
0.082
0.09
-0.052
-0.14
-0.086
-0.052
-0.161
-0.354
-0.508
-0.565
-0.601
-0.712
-0.823
-0.787
-0.635
-0.503
-0.472
-0.474
-0.469
-0.499
-0.528
-0.433
-0.208
0.025
0.175
0.229
0.352
0.678
1.048
1.261
1.318
1.404
1.653
1.93
1.989
1.942
2.041
2.261
2.459
2.572
2.626
2.738
2.989
3.296
3.509
3.586
3.609
3.643
3.722
3.892
4.139
4.305
4.448
4.825
5.482
6.072
6.269
6.151
6.113
6.31
6.594
6.662
6.494
6.369
6.61
7.068
7.347
7.281
7.072
6.954
6.891
6.775
6.673
6.675
6.791
7.034
7.299
7.515
7.785
8.123
8.263
8.107
8.048
8.377
8.794
8.973
9.066
9.286
9.572
9.735
9.672
9.493
9.379
9.318
9.15
8.851
8.574
8.49
8.585
8.649
8.542
8.479
8.635
8.923
9.139
9.171
9.221
9.452
9.665
9.579
9.241
8.966
8.894
8.871
8.654
8.318
8.207
8.397
8.515
8.245
7.723
7.388
7.408
7.424
7.104
6.696
6.682
7.047
7.401
7.496
7.388
7.322
7.417
7.506
7.349
7.007
6.78
6.805
6.832
6.569
6.149
5.884
5.8
5.696
5.498
5.392
5.53
5.77
5.82
5.564
5.26
5.16
5.079
4.723
4.121
3.627
3.547
3.742
3.874
3.831
3.899
4.291
4.788
5.031
5.002
4.979
5.095
5.185
5.074
4.8
4.602
4.584
4.573
4.355
3.999
3.74
3.717
3.779
3.656
3.368
3.135
3.028
2.899
2.624
2.359
2.334
2.531
2.699
2.754
2.865
3.146
3.464
3.663
3.72
3.69
3.729
3.836
3.879
3.842
3.752
3.625
3.538
3.513
3.497
3.43
3.218
2.906
2.69
2.672
2.731
2.697
2.518
2.266
2.116
2.13
2.123
1.892
1.565
1.499
1.785
2.048
1.992
1.837
1.962
2.35
2.615
2.534
2.291
2.223
2.37
2.42
2.162
1.833
1.667
1.608
1.458
1.139
0.769
0.54
0.429
0.288
0.016
-0.404
-0.83
-1.152
-1.504
-1.994
-2.511
-2.826
-2.906
-2.956
-3.11
-3.293
-3.355
-3.291
-3.393
-3.779
-4.16
-4.255
-4.167
-4.194
-4.387
-4.486
-4.282
-3.922
-3.74
-3.827
-4.01
-4.142
-4.235
-4.378
-4.638
-4.933
-5.181
-5.371
-5.528
-5.657
-5.707
-5.686
-5.711
-5.795
-5.838
-5.8
-5.727
-5.689
-5.707
-5.673
-5.437
-4.931
-4.391
-4.015
-3.665
-3.114
-2.382
-1.744
-1.361
-1.086
-0.737
-0.356
-0.086
-0.02
-0.061
-0.023
0.077
0.106
0.036
-0.036
-0.061
-0.077
-0.115
-0.106
-0.048
0.011
0.129
0.352
0.542
0.658
0.848
1.111
1.336
1.578
1.932
2.388
2.817
3.098
3.246
3.368
3.504
3.572
3.5
3.389
3.382
3.443
3.468
3.493
3.568
3.659
3.736
3.829
3.974
4.108
3.994
3.464
2.865
2.715
2.933
2.86
2.418
2.316
2.953
3.618
3.393
2.57
2.237
2.719
3.078
2.554
1.676
1.415
1.91
2.536
2.674
2.366
2.198
2.506
2.908
2.899
2.466
2.089
2.225
2.683
2.824
2.561
2.422
2.595
2.59
2.096
1.479
1.293
1.44
1.336
0.851
0.651
1.159
1.824
1.84
1.316
1.023
1.345
1.755
1.71
1.341
1.259
1.776
2.445
2.633
2.407
2.452
2.983
3.477
3.507
3.407
3.572
3.786
3.638
3.092
2.502
2.261
2.413
2.52
2.295
1.998
2.123
2.64
2.924
2.695
2.445
2.622
2.935
2.948
2.724
2.672
3.042
3.627
4.049
4.16
4.189
4.344
4.552
4.598
4.371
4.101
4.019
4.067
4.024
3.824
3.65
3.607
3.538
3.325
2.992
2.806
2.863
2.921
2.756
2.484
2.413
2.604
2.772
2.656
2.407
2.354
2.59
2.831
2.876
2.903
3.146
3.484
3.654
3.563
3.366
3.255
3.284
3.348
3.323
3.185
3.062
3.046
3.064
2.969
2.778
2.629
2.543
2.436
2.259
2.016
1.787
1.638
1.497
1.316
1.148
1.109
1.166
1.173
1.114
1.209
1.463
1.667
1.792
1.944
2.155
2.329
2.354
2.314
2.264
2.187
2.132
2.082
1.901
1.558
1.173
0.846
0.515
0.095
-0.342
-0.614
-0.642
-0.558
-0.556
-0.617
-0.614
-0.522
-0.462
-0.537
-0.714
-0.878
-1.041
-1.286
-1.592
-1.821
-1.88
-1.801
-1.742
-1.796
-1.903
-1.907
-1.865
-1.871
-1.962
-2.094
-2.148
-2.134
-2.123
-2.248
-2.49
-2.711
-2.853
-3.071
-3.452
-3.89
-4.212
-4.455
-4.793
-5.178
-5.392
-5.417
-5.303
-5.133
-5.004
-4.906
-4.813
-4.779
-4.858
-4.967
-5.081
-5.235
-5.426
-5.63
-5.766
-5.861
-6.036
-6.283
-6.551
-6.83
-7.088
-7.263
-7.381
-7.517
-7.689
-7.812
-7.769
-7.54
-7.329
-7.372
-7.61
-7.796
-7.866
-7.993
-8.257
-8.585
-8.86
-9.021
-9.039
-8.912
-8.735
-8.54
-8.263
-7.855
-7.453
-7.188
-7
-6.834
-6.721
-6.732
-6.807
-6.875
-6.868
-6.852
-6.916
-7.016
-7.027
-6.943
-6.936
-7.061
-7.165
-7.075
-6.802
-6.49
-6.231
-5.95
-5.584
-5.128
-4.638
-4.212
-3.888
-3.672
-3.552
-3.488
-3.4
-3.289
-3.221
-3.257
-3.368
-3.418
-3.33
-3.216
-3.246
-3.33
-3.078
-2.293
-1.542
-1.567
-1.865
-1.259
-0.143
0.225
-0.29
-0.875
-0.859
-0.243
0.299
-0.172
-1.272
-1.576
-0.714
0.106
-0.168
-0.948
-1.059
-0.331
0.46
0.485
-0.163
-0.515
0.02
0.837
0.864
0.292
0.281
0.998
1.622
1.603
1.281
1.075
1.247
1.551
1.479
0.955
0.549
0.819
1.227
0.869
0.045
-0.354
-0.426
-0.746
-1.449
-2.282
-2.769
-2.887
-3.037
-3.355
-3.663
-3.761
-3.561
-3.386
-3.522
-3.638
-3.464
-3.189
-2.96
-2.822
-2.647
-2.275
-1.889
-1.658
-1.583
-1.472
-1.184
-1.014
-1.266
-1.613
-1.647
-1.585
-1.649
-1.921
-2.254
-2.347
-2.248
-2.191
-2.493
-3.133
-3.554
-3.507
-3.566
-4.121
-4.834
-5.16
-4.952
-4.657
-4.627
-4.727
-4.634
-4.137
-3.362
-2.822
-2.74
-2.672
-2.302
-1.74
-1.281
-1.075
-0.95
-0.751
-0.537
-0.465
-0.646
-0.919
-0.98
-1.059
-1.349
-1.633
-1.815
-1.985
-2.221
-2.579
-2.928
-3.076
-2.994
-2.858
-2.892
-3.028
-2.856
-2.339
-1.824
-1.458
-1.161
-0.703
-0.02
0.597
0.884
0.996
1.114
1.316
1.558
1.563
1.268
0.871
0.44
-0.018
-0.492
-0.919
-1.145
-1.27
-1.511
-1.787
-1.894
-1.91
-2.123
-2.597
-3.101
-3.37
-3.391
-3.398
-3.638
-3.96
-4.033
-3.792
-3.486
-3.448
-3.622
-3.593
-3.266
-2.956
-2.824
-2.738
-2.601
-2.402
-2.291
-2.438
-2.765
-3.121
-3.486
-3.874
-4.26
-4.534
-4.6
-4.568
-4.611
-4.795
-5.092
-5.401
-5.7
-6.004
-6.238
-6.272
-6.083
-5.779
-5.507
-5.215
-4.734
-4.158
-3.842
-3.885
-3.972
-3.931
-3.888
-3.926
-3.969
-3.917
-3.781
-3.588
-3.391
-3.318
-3.432
-3.536
-3.441
-3.309
-3.318
-3.323
-3.103
-2.783
-2.565
-2.468
-2.35
-2.08
-1.774
-1.685
-1.835
-1.953
-1.794
-1.465
-1.293
-1.302
-1.188
-0.789
-0.338
-0.013
0.225
0.458
0.834
1.3
1.581
1.545
1.316
1.15
1.141
1.168
1.114
1.057
1.125
1.381
1.719
1.903
1.848
1.724
1.765
1.898
1.912
1.771
1.622
1.615
1.733
1.907
2.114
2.302
2.354
2.268
2.066
1.842
1.733
1.758
1.815
1.828
1.876
2.094
2.452
2.781
2.901
2.885
2.935
3.116
3.23
3.044
2.706
2.463
2.318
2.196
2.019
1.699
1.336
1.134
1.071
0.903
0.49
-0.034
-0.308
-0.243
-0.2
-0.401
-0.721
-0.83
-0.562
-0.172
-0.102
-0.347
-0.388
-0.208
-0.383
-0.998
-1.601
-1.894
-1.91
-1.98
-2.304
-2.726
-3.062
-3.223
-3.32
-3.65
-4.264
-4.727
-4.84
-4.843
-4.877
-5.024
-5.169
-5.026
-4.648
-4.364
-4.301
-4.362
-4.303
-4.022
-3.817
-3.908
-4.089
-4.078
-3.842
-3.711
-3.881
-4.137
-4.21
-4.046
-3.74
-3.557
-3.55
-3.461
-3.191
-2.935
-2.881
-2.946
-2.912
-2.692
-2.411
-2.254
-2.214
-2.139
-1.765
-1.152
-0.767
-0.748
-0.728
-0.492
-0.261
-0.236
-0.401
-0.569
-0.547
-0.333
-0.127
-0.004
0.127
0.295
0.594
0.964
1.159
1.179
1.211
1.281
1.313
1.277
1.177
1.173
1.349
1.592
1.808
1.937
1.985
1.957
1.862
1.755
1.726
1.753
1.699
1.578
1.556
1.717
1.971
2.146
2.137
2.007
1.828
1.61
1.386
1.191
0.98
0.742
0.639
0.689
0.646
0.474
0.41
0.565
0.696
0.653
0.537
0.474
0.481
0.501
0.415
0.208
0.159
0.383
0.655
0.73
0.617
0.447
0.39
0.349
0.152
-0.127
-0.381
-0.519
-0.49
-0.429
-0.524
-0.562
-0.299
0.079
0.238
0.147
0.075
0.238
0.492
0.51
0.345
0.258
0.392
0.626
0.712
0.669
0.68
0.834
1.025
1.059
0.941
0.873
0.953
0.98
0.857
0.726
0.753
0.993
1.331
1.522
1.547
1.526
1.606
1.799
1.86
1.703
1.624
1.755
1.935
2.044
2.118
2.252
2.452
2.574
2.536
2.47
2.504
2.649
2.74
2.656
2.57
2.717
3.035
3.241
3.221
3.133
3.2
3.37
3.37
3.157
2.931
2.817
2.76
2.67
2.511
2.411
2.472
2.626
2.724
2.692
2.622
2.695
2.838
2.874
2.751
2.624
2.613
2.674
2.69
2.642
2.586
2.617
2.724
2.813
2.781
2.626
2.416
2.245
2.143
2.021
1.81
1.547
1.338
1.195
1.043
0.859
0.707
0.635
0.614
0.583
0.544
0.506
0.462
0.374
0.261
0.184
0.184
0.218
0.233
0.272
0.385
0.535
0.683
0.798
0.823
0.714
0.508
0.252
-0.025
-0.365
-0.73
-1.021
-1.152
-1.204
-1.302
-1.433
-1.499
-1.461
-1.424
-1.454
-1.463
-1.354
-1.141
-0.957
-0.83
-0.735
-0.624
-0.517
-0.454
-0.487
-0.547
-0.592
-0.68
-0.823
-0.937
-1
-1.002
-0.996
-1.039
-1.061
-1.061
-1.041
-1.011
-1.079
-1.216
-1.247
-1.129
-1.034
-1.075
-1.168
-1.186
-1.032
-0.726
-0.44
-0.324
-0.317
-0.34
-0.36
-0.306
-0.179
-0.165
-0.313
-0.367
-0.156
0.093
0.095
-0.05
-0.109
-0.147
-0.327
-0.524
-0.658
-0.805
-0.871
-0.721
-0.435
-0.19
0.1
0.59
1.116
1.374
1.361
1.374
1.535
1.656
1.526
1.202
0.907
0.821
0.88
0.816
0.515
0.218
0.211
0.397
0.61
0.862
1.198
1.517
1.663
1.688
1.801
2.035
2.221
2.254
2.134
1.973
1.98
2.109
2.057
1.699
1.231
0.941
0.962
1.154
1.32
1.408
1.495
1.651
1.88
2.116
2.352
2.608
2.695
2.452
2.189
2.275
2.561
2.62
2.388
2.102
1.96
1.98
2.041
1.892
1.583
1.445
1.574
1.76
1.844
1.865
1.946
2.143
2.375
2.449
2.325
2.254
2.366
2.445
2.352
2.227
2.189
2.127
1.88
1.488
1.177
1.091
1.175
1.256
1.284
1.345
1.538
1.828
2.023
2.032
1.992
1.964
1.873
1.783
1.794
1.858
1.855
1.81
1.758
1.638
1.456
1.377
1.413
1.372
1.241
1.141
1.118
1.121
1.111
1.086
1.05
1.055
1.093
1.145
1.22
1.379
1.608
1.705
1.613
1.526
1.638
1.774
1.737
1.542
1.329
1.193
1.148
1.127
0.959
0.651
0.444
0.54
0.787
0.944
0.955
0.932
1.009
1.182
1.275
1.166
1
0.878
0.757
0.61
0.506
0.454
0.469
0.54
0.635
0.769
0.962
1.132
1.129
0.977
0.889
0.944
0.969
0.905
0.828
0.787
0.782
0.823
0.955
1.148
1.329
1.476
1.615
1.678
1.635
1.597
1.622
1.64
1.556
1.433
1.454
1.681
1.907
1.978
1.992
2.123
2.4
2.584
2.49
2.275
2.218
2.239
2.152
1.989
1.937
2
2.055
2.023
1.946
1.914
1.912
1.93
1.896
1.737
1.524
1.395
1.377
1.345
1.157
0.857
0.658
0.608
0.599
0.601
0.572
0.497
0.383
0.213
0.048
-0.025
-0.043
-0.168
-0.372
-0.524
-0.601
-0.699
-0.891
-1.116
-1.266
-1.368
-1.542
-1.728
-1.821
-1.851
-1.928
-2.105
-2.345
-2.49
-2.581
-2.711
-2.824
-2.871
-2.851
-2.79
-2.742
-2.711
-2.69
-2.699
-2.711
-2.751
-2.874
-3.114
-3.32
-3.337
-3.218
-3.164
-3.239
-3.303
-3.205
-3.085
-3.119
-3.262
-3.334
-3.232
-3.03
-2.876
-2.76
-2.645
-2.608
-2.606
-2.574
-2.502
-2.336
-2.055
-1.767
-1.526
-1.404
-1.374
-1.316
-1.173
-1.093
-1.118
-1.073
-0.839
-0.587
-0.501
-0.583
-0.597
-0.383
-0.206
-0.297
-0.544
-0.705
-0.744
-0.735
-0.717
-0.614
-0.424
-0.15
0.129
0.306
0.36
0.379
0.442
0.522
0.508
0.367
0.202
0.054
-0.12
-0.299
-0.46
-0.562
-0.655
-0.748
-0.746
-0.601
-0.435
-0.32
-0.288
-0.376
-0.528
-0.626
-0.714
-0.916
-1.225
-1.445
-1.493
-1.458
-1.406
-1.458
-1.613
-1.74
-1.81
-1.887
-2.025
-2.245
-2.461
-2.593
-2.69
-2.822
-2.973
-3.071
-3.035
-2.876
-2.729
-2.661
-2.636
-2.629
-2.69
-2.781
-2.853
-2.96
-3.178
-3.466
-3.731
-3.897
-3.981
-4.015
-3.976
-3.917
-3.872
-3.802
-3.668
-3.536
-3.466
-3.538
-3.709
-3.827
-3.786
-3.672
-3.634
-3.652
-3.545
-3.278
-3.008
-2.865
-2.797
-2.708
-2.665
-2.774
-2.969
-3.123
-3.18
-3.207
-3.259
-3.307
-3.253
-3.035
-2.701
-2.4
-2.229
-2.096
-1.928
-1.751
-1.737
-1.928
-2.141
-2.25
-2.291
-2.37
-2.522
-2.626
-2.499
-2.162
-1.817
-1.631
-1.565
-1.461
-1.241
-1.011
-0.944
-1.096
-1.291
-1.293
-1.132
-0.962
-0.862
-0.739
-0.499
-0.179
0.02
-0.002
-0.088
-0.09
-0.038
-0.075
-0.225
-0.401
-0.478
-0.444
-0.39
-0.256
-0.013
0.267
0.497
0.674
0.875
1.109
1.175
1.005
0.748
0.576
0.524
0.465
0.317
0.161
0.184
0.36
0.567
0.714
0.805
0.878
0.969
1.005
0.884
0.678
0.535
0.528
0.572
0.553
0.454
0.408
0.388
0.352
0.304
0.2
0.048
-0.007
0.007
-0.054
-0.222
-0.437
-0.674
-0.88
-1.011
-1.077
-1.057
-0.932
-0.776
-0.633
-0.533
-0.46
-0.367
-0.306
-0.306
-0.333
-0.347
-0.404
-0.531
-0.719
-0.851
-0.782
-0.562
-0.474
-0.581
-0.692
-0.694
-0.653
-0.721
-0.887
-1.023
-1.027
-0.98
-0.957
-0.916
-0.864
-0.787
-0.637
-0.456
-0.274
-0.066
0.052
0
-0.079
-0.104
-0.15
-0.281
-0.551
-0.809
-0.862
-0.712
-0.506
-0.376
-0.27
-0.057
0.236
0.36
0.222
-0.002
-0.172
-0.267
-0.322
-0.458
-0.692
-0.821
-0.707
-0.454
-0.277
-0.258
-0.263
-0.161
-0.043
-0.05
-0.1
-0.14
-0.236
-0.381
-0.54
-0.66
-0.696
-0.703
-0.719
-0.689
-0.542
-0.317
-0.102
-0.009
-0.018
-0.002
0.066
0.075
-0.009
-0.14
-0.202
-0.075
0.118
0.159
0.1
0.243
0.572
0.637
0.177
-0.549
-1.098
-1.281
-1.365
-1.597
-1.787
-1.688
-1.304
-0.839
-0.435
-0.17
-0.045
0.011
0.12
0.29
0.295
0.048
-0.208
-0.306
-0.415
-0.614
-0.794
-0.977
-1.202
-1.429
-1.551
-1.549
-1.54
-1.617
-1.774
-1.848
-1.742
-1.647
-1.819
-2.13
-2.257
-2.121
-1.862
-1.572
-1.291
-1.025
-0.816
-0.612
-0.388
-0.324
-0.549
-0.857
-0.939
-0.794
-0.685
-0.78
-0.993
-1.096
-1.082
-1.066
-1.104
-1.193
-1.245
-1.286
-1.404
-1.563
-1.703
-1.876
-2.127
-2.275
-2.205
-2.073
-1.994
-1.812
-1.377
-0.83
-0.415
-0.17
-0.016
0.057
-0.034
-0.315
-0.626
-0.792
-0.798
-0.794
-0.853
-0.914
-0.884
-0.837
-0.866
-0.925
-0.973
-1.023
-1.002
-0.839
-0.689
-0.689
-0.739
-0.63
-0.404
-0.29
-0.356
-0.345
-0.129
0.134
0.279
0.306
0.37
0.533
0.637
0.512
0.342
0.363
0.485
0.451
0.315
0.383
0.676
0.894
0.884
0.857
0.884
0.934
0.98
0.948
0.792
0.644
0.61
0.608
0.54
0.474
0.528
0.639
0.671
0.683
0.744
0.841
0.973
1.118
1.107
0.841
0.576
0.61
0.755
0.748
0.678
0.742
0.962
1.241
1.458
1.549
1.567
1.542
1.476
1.381
1.261
1.111
0.959
0.88
0.903
0.984
1.046
1.071
1.089
1.114
1.064
0.889
0.678
0.517
0.408
0.342
0.308
0.304
0.358
0.474
0.667
0.909
1.102
1.184
1.227
1.288
1.25
1.041
0.755
0.576
0.522
0.447
0.261
0.109
0.077
0.029
-0.111
-0.306
-0.508
-0.63
-0.597
-0.526
-0.576
-0.649
-0.56
-0.401
-0.306
-0.211
-0.075
0.07
0.179
0.247
0.247
0.156
0.068
0.115
0.147
-0.043
-0.302
-0.422
-0.485
-0.614
-0.714
-0.685
-0.581
-0.437
-0.304
-0.252
-0.281
-0.295
-0.302
-0.354
-0.506
-0.742
-0.912
-0.946
-0.848
-0.653
-0.451
-0.304
-0.2
-0.109
-0.05
-0.066
-0.136
-0.156
-0.09
0.027
0.152
0.247
0.331
0.415
0.526
0.742
0.984
1.109
1.104
1.066
1.021
0.939
0.819
0.683
0.574
0.565
0.683
0.869
1.077
1.209
1.284
1.406
1.515
1.47
1.266
1.102
1.084
1.139
1.154
1.143
1.195
1.286
1.331
1.252
1.145
1.143
1.259
1.349
1.313
1.281
1.39
1.59
1.765
1.869
1.948
2.089
2.229
2.196
2.039
2.016
2.082
1.901
1.495
1.247
1.354
1.565
1.59
1.386
1.175
1.238
1.558
1.71
1.393
1.043
1.266
1.898
2.318
2.314
2.311
2.674
3.171
3.348
3.187
2.915
2.808
2.931
2.96
2.704
2.454
2.511
2.699
2.665
2.425
2.261
2.248
2.286
2.243
2.112
2.1
2.3
2.484
2.388
2.1
1.955
2.155
2.436
2.42
2.198
2.168
2.391
2.572
2.47
2.205
2.15
2.427
2.731
2.747
2.642
2.794
3.214
3.507
3.445
3.21
3.119
3.207
3.162
2.813
2.411
2.273
2.407
2.497
2.357
2.2
2.314
2.536
2.531
2.314
2.282
2.613
3.076
3.259
3.062
2.896
3.119
3.484
3.448
3.069
2.906
3.166
3.497
3.536
3.25
2.996
3.046
3.164
3.003
2.645
2.506
2.754
3.128
3.264
3.207
3.266
3.468
3.609
3.525
3.166
2.785
2.672
2.774
2.697
2.318
2.021
2.127
2.375
2.397
2.311
2.459
2.906
3.386
3.62
3.618
3.686
3.926
4.167
4.203
4.051
3.926
3.99
4.083
3.969
3.604
3.162
2.874
2.704
2.443
2.073
1.842
1.919
2.105
2.171
2.205
2.413
2.744
2.98
2.98
2.901
2.928
3.033
3.058
2.965
2.817
2.76
2.846
2.906
2.785
2.586
2.502
2.561
2.606
2.486
2.307
2.311
2.563
2.758
2.642
2.359
2.218
2.286
2.361
2.227
1.937
1.801
1.898
1.994
1.889
1.728
1.742
1.917
2.077
2.157
2.284
2.454
2.549
2.463
2.234
2.028
1.955
1.973
1.921
1.737
1.574
1.622
1.76
1.744
1.556
1.363
1.302
1.281
1.154
0.93
0.805
0.844
0.88
0.787
0.624
0.601
0.692
0.594
0.277
0.029
-0.009
0.029
-0.063
-0.252
-0.331
-0.283
-0.197
-0.125
-0.086
-0.052
0.086
0.238
0.263
0.213
0.218
0.297
0.388
0.447
0.508
0.635
0.771
0.878
0.944
0.982
0.989
1.005
1.021
0.982
0.955
1.048
1.261
1.483
1.663
1.805
1.98
2.275
2.565
2.751
2.844
2.892
2.935
2.98
2.917
2.717
2.513
2.443
2.459
2.456
2.42
2.493
2.726
2.958
3.141
3.312
3.509
3.67
3.763
3.822
3.956
4.171
4.319
4.291
4.16
4.006
3.788
3.439
2.989
2.563
2.279
2.146
2.019
1.808
1.638
1.642
1.758
1.826
1.792
1.724
1.69
1.697
1.656
1.513
1.306
1.093
0.914
0.692
0.347
-0.007
-0.179
-0.233
-0.356
-0.558
-0.692
-0.678
-0.608
-0.585
-0.674
-0.816
-0.891
-0.864
-0.792
-0.674
-0.565
-0.576
-0.724
-0.916
-1.091
-1.231
-1.341
-1.429
-1.463
-1.374
-1.166
-0.948
-0.742
-0.494
-0.213
0.075
0.297
0.401
0.431
0.49
0.599
0.633
0.519
0.34
0.22
0.161
0.061
-0.057
-0.043
0.102
0.261
0.358
0.472
0.699
1.073
1.556
1.987
2.25
2.459
2.817
3.257
3.541
3.525
3.318
3.112
2.887
2.588
2.239
1.98
1.892
1.987
2.18
2.368
2.597
2.956
3.366
3.722
3.965
4.094
4.162
4.23
4.305
4.301
4.239
4.212
4.183
4.015
3.745
3.57
3.602
3.731
3.829
3.824
3.797
3.863
4.051
4.269
4.446
4.571
4.693
4.818
4.856
4.704
4.432
4.124
3.822
3.486
3.069
2.699
2.479
2.329
2.207
2.159
2.261
2.493
2.674
2.681
2.604
2.513
2.456
2.436
2.354
2.193
2.055
1.932
1.726
1.411
1.021
0.66
0.431
0.218
-0.077
-0.415
-0.664
-0.751
-0.764
-0.934
-1.229
-1.399
-1.365
-1.284
-1.368
-1.672
-2.032
-2.32
-2.531
-2.738
-2.983
-3.218
-3.348
-3.384
-3.368
-3.318
-3.214
-2.994
-2.722
-2.538
-2.509
-2.534
-2.531
-2.545
-2.683
-2.98
-3.205
-3.173
-3.108
-3.225
-3.486
-3.729
-3.84
-3.852
-3.89
-4.01
-4.112
-4.04
-3.772
-3.52
-3.45
-3.48
-3.457
-3.334
-3.162
-3.098
-3.218
-3.409
-3.502
-3.522
-3.527
-3.504
-3.414
-3.273
-3.185
-3.112
-2.931
-2.688
-2.522
-2.459
-2.493
-2.577
-2.64
-2.704
-2.822
-2.973
-3.064
-3.026
-2.908
-2.835
-2.806
-2.769
-2.647
-2.488
-2.397
-2.425
-2.488
-2.431
-2.232
-2.046
-2
-2.005
-1.876
-1.663
-1.529
-1.472
-1.406
-1.381
-1.395
-1.458
-1.578
-1.715
-1.833
-1.892
-1.944
-2.05
-2.214
-2.395
-2.57
-2.769
-2.994
-3.228
-3.455
-3.67
-3.965
-4.289
-4.464
-4.396
-4.239
-4.174
-4.162
-4.139
-4.067
-3.958
-3.954
-4.135
-4.405
-4.67
-4.995
-5.428
-5.911
-6.34
-6.678
-6.964
-7.19
-7.349
-7.422
-7.46
-7.488
-7.565
-7.646
-7.692
-7.694
-7.721
-7.864
-8.091
-8.302
-8.442
-8.581
-8.776
-9.039
-9.298
-9.386
-9.311
-9.225
-9.232
-9.161
-8.874
-8.449
-8.089
-7.857
-7.639
-7.394
-7.245
-7.288
-7.386
-7.358
-7.279
-7.301
-7.447
-7.66
-7.848
-7.953
-7.995
-7.982
-7.916
-7.748
-7.485
-7.149
-6.802
-6.426
-5.968
-5.451
-4.981
-4.666
