Unnamed: 3
Value
4.394
4.373
4.403
4.507
4.586
4.591
4.604
4.657
4.707
4.722
4.711
4.673
4.643
4.614
4.575
4.568
4.58
4.614
4.673
4.702
4.641
4.523
4.418
4.335
4.278
4.235
4.205
4.18
4.183
4.237
4.33
4.409
4.464
4.507
4.511
4.496
4.475
4.464
4.414
4.341
4.337
4.455
4.582
4.611
4.584
4.523
4.455
4.389
4.323
4.226
4.103
4.001
3.94
3.926
3.928
3.901
3.89
3.922
3.949
3.94
3.944
3.933
3.919
3.888
3.833
3.747
3.674
3.641
3.645
3.674
3.715
3.713
3.62
3.529
3.484
3.434
3.345
3.214
3.11
3.064
3.053
3.03
3.012
3.003
3.028
3.076
3.096
3.044
2.931
2.783
2.633
2.465
2.298
2.18
2.134
2.168
2.252
2.32
2.348
2.391
2.463
2.518
2.495
2.459
2.443
2.429
2.37
2.323
2.325
2.368
2.434
2.556
2.717
2.838
2.858
2.79
2.724
2.713
2.717
2.672
2.581
2.502
2.436
2.404
2.386
2.336
2.273
2.214
2.132
2.057
2.025
2.023
1.991
1.966
1.962
1.905
1.801
1.753
1.823
1.889
1.862
1.823
1.853
1.914
1.905
1.839
1.735
1.585
1.431
1.297
1.157
1.08
1.132
1.218
1.252
1.263
1.336
1.445
1.481
1.456
1.44
1.461
1.461
1.413
1.309
1.189
1.105
1.089
1.141
1.179
1.116
1.025
1.016
1.059
1.032
0.941
0.932
1.005
1.034
0.991
0.916
0.819
0.723
0.637
0.567
0.56
0.601
0.633
0.633
0.603
0.576
0.508
0.381
0.306
0.39
0.535
0.576
0.515
0.501
0.558
0.61
0.617
0.553
0.426
0.277
0.179
0.179
0.197
0.197
0.195
0.252
0.345
0.431
0.469
0.524
0.726
0.962
1.084
1.132
1.157
1.127
1.009
0.805
0.603
0.449
0.361
0.354
0.426
0.528
0.615
0.624
0.585
0.587
0.59
0.54
0.444
0.354
0.274
0.197
0.145
0.129
0.093
0.016
-0.079
-0.154
-0.249
-0.415
-0.644
-0.853
-0.962
-1.023
-1.095
-1.206
-1.25
-1.206
-1.223
-1.324
-1.422
-1.517
-1.679
-1.91
-2.166
-2.404
-2.642
-2.897
-3.107
-3.223
-3.282
-3.314
-3.38
-3.527
-3.62
-3.625
-3.613
-3.643
-3.693
-3.729
-3.799
-3.933
-4.11
-4.251
-4.335
-4.357
-4.319
-4.212
-4.085
-3.99
-3.906
-3.783
-3.636
-3.477
-3.321
-3.166
-3.071
-3.06
-3.103
-3.055
-2.992
-3.019
-3.087
-3.121
-3.123
-3.121
-3.117
-3.083
-3.039
-3.001
-2.926
-2.783
-2.613
-2.472
-2.363
-2.245
-2.177
-2.171
-2.148
-2.123
-2.184
-2.363
-2.631
-2.908
-3.103
-3.21
-3.23
-3.207
-3.193
-3.193
-3.191
-3.2
-3.2
-3.18
-3.164
-3.196
-3.3
-3.407
-3.493
-3.597
-3.783
-4.042
-4.21
-4.221
-4.21
-4.217
-4.21
-4.21
-4.208
-4.151
-4.067
-3.999
-3.94
-3.87
-3.795
-3.725
-3.672
-3.636
-3.57
-3.541
-3.625
-3.815
-4.01
-4.183
-4.312
-4.414
-4.487
-4.534
-4.58
-4.625
-4.661
-4.722
-4.809
-4.881
-4.949
-5.049
-5.14
-5.253
-5.423
-5.634
-5.761
-5.771
-5.775
-5.884
-6.081
-6.219
-6.195
-6.063
-5.922
-5.784
-5.632
-5.462
-5.324
-5.265
-5.258
-5.26
-5.274
-5.337
-5.419
-5.444
-5.387
-5.239
-5.045
-4.945
-4.986
-5.026
-4.972
-4.852
-4.77
-4.775
-4.804
-4.791
-4.727
-4.652
-4.593
-4.566
-4.582
-4.645
-4.716
-4.756
-4.727
-4.636
-4.543
-4.532
-4.546
-4.525
-4.489
-4.477
-4.475
-4.45
-4.38
-4.332
-4.353
-4.416
-4.502
-4.618
-4.741
-4.847
-4.915
-4.965
-5.024
-5.07
-5.065
-4.999
-4.911
-4.825
-4.761
-4.745
-4.77
-4.804
-4.809
-4.8
-4.829
-4.877
-4.881
-4.884
-4.933
-4.988
-5.033
-5.07
-5.108
-5.176
-5.258
-5.324
-5.38
-5.442
-5.507
-5.546
-5.548
-5.541
-5.6
-5.736
-5.866
-5.922
-5.911
-5.913
-5.934
-5.957
-5.988
-6.016
-6.052
-6.111
-6.138
-6.072
-5.936
-5.764
-5.623
-5.526
-5.473
-5.453
-5.473
-5.555
-5.702
-5.834
-5.864
-5.811
-5.734
-5.63
-5.473
-5.312
-5.16
-5.045
-4.995
-4.999
-5.029
-5.024
-4.956
-4.845
-4.738
-4.668
-4.618
-4.539
-4.414
-4.369
-4.477
-4.6
-4.636
-4.609
-4.584
-4.589
-4.589
-4.548
-4.471
-4.409
-4.387
-4.409
-4.477
-4.555
-4.636
-4.695
-4.713
-4.691
-4.634
-4.575
-4.509
-4.466
-4.418
-4.335
-4.303
-4.407
-4.57
-4.684
-4.718
-4.709
-4.713
-4.745
-4.777
-4.813
-4.847
-4.888
-4.94
-4.965
-4.974
-4.949
-4.874
-4.806
-4.809
-4.82
-4.797
-4.815
-4.856
-4.931
-5.02
-5.131
-5.244
-5.344
-5.433
-5.537
-5.616
-5.655
-5.691
-5.72
-5.729
-5.691
-5.63
-5.58
-5.546
-5.516
-5.467
-5.355
-5.242
-5.188
-5.122
-5.013
-4.888
-4.738
-4.595
-4.473
-4.371
-4.26
-4.16
-4.08
-4.008
-3.911
-3.808
-3.693
-3.511
-3.334
-3.169
-2.928
-2.658
-2.45
-2.275
-2.13
-2.044
-1.962
-1.887
-1.817
-1.737
-1.635
-1.538
-1.479
-1.445
-1.447
-1.465
-1.474
-1.497
-1.524
-1.506
-1.479
-1.488
-1.456
-1.458
-1.517
-1.583
-1.631
-1.679
-1.762
-1.853
-1.912
-1.946
-1.964
-1.985
-2.037
-2.15
-2.311
-2.477
-2.563
-2.574
-2.595
-2.593
-2.506
-2.456
-2.452
-2.475
-2.552
-2.679
-2.797
-2.885
-2.976
-3.053
-3.089
-3.062
-2.976
-2.885
-2.828
-2.758
-2.652
-2.568
-2.511
-2.454
-2.438
-2.425
-2.366
-2.361
-2.418
-2.418
-2.354
-2.309
-2.307
-2.325
-2.318
-2.282
-2.234
-2.182
-2.148
-2.137
-2.146
-2.166
-2.162
-2.146
-2.139
-2.096
-2.023
-1.955
-1.808
-1.631
-1.531
-1.513
-1.506
-1.479
-1.424
-1.354
-1.293
-1.225
-1.17
-1.118
-1.077
-1.08
-1.075
-1.08
-1.098
-1.084
-1.064
-1.025
-0.98
-0.962
-0.948
-0.88
-0.762
-0.685
-0.655
-0.644
-0.615
-0.612
-0.689
-0.819
-0.93
-0.987
-1.046
-1.141
-1.24
-1.331
-1.356
-1.268
-1.198
-1.189
-1.147
-1.113
-1.132
-1.17
-1.209
-1.238
-1.227
-1.2
-1.2
-1.223
-1.238
-1.243
-1.245
-1.243
-1.247
-1.268
-1.272
-1.229
-1.223
-1.259
-1.297
-1.363
-1.429
-1.456
-1.424
-1.384
-1.381
-1.424
-1.449
-1.456
-1.458
-1.468
-1.458
-1.422
-1.392
-1.361
-1.338
-1.34
-1.32
-1.277
-1.284
-1.299
-1.286
-1.288
-1.265
-1.173
-1.057
-0.971
-0.891
-0.807
-0.751
-0.714
-0.664
-0.644
-0.701
-0.742
-0.728
-0.728
-0.771
-0.776
-0.733
-0.714
-0.701
-0.667
-0.628
-0.61
-0.608
-0.587
-0.56
-0.535
-0.499
-0.426
-0.365
-0.358
-0.37
-0.379
-0.424
-0.497
-0.544
-0.587
-0.669
-0.712
-0.662
-0.594
-0.576
-0.56
-0.517
-0.435
-0.338
-0.272
-0.274
-0.322
-0.422
-0.519
-0.594
-0.685
-0.794
-0.857
-0.902
-0.975
-1.037
-1.061
-1.066
-1.043
-1.037
-1.041
-1.086
-1.13
-1.086
-1.034
-1.014
-0.95
-0.81
-0.662
-0.515
-0.34
-0.14
0.041
0.118
0.131
0.186
0.329
0.488
0.644
0.823
0.993
1.12
1.25
1.409
1.558
1.665
1.753
1.842
1.896
1.955
2.05
2.114
2.123
2.164
2.205
2.186
2.15
2.139
2.121
2.078
1.969
1.869
1.819
1.772
1.681
1.601
1.538
1.476
1.429
1.368
1.297
1.284
1.327
1.347
1.311
1.22
1.109
0.946
0.721
0.585
0.553
0.547
0.547
0.574
0.63
0.699
0.751
0.769
0.805
0.832
0.803
0.803
0.891
0.98
1.007
1.005
1.002
0.991
0.973
0.973
1.012
1.077
1.198
1.32
1.361
1.388
1.465
1.567
1.672
1.742
1.78
1.81
1.842
1.869
1.939
2.03
2.055
2.039
2.021
1.955
1.837
1.694
1.531
1.388
1.329
1.377
1.522
1.683
1.833
1.951
1.969
1.939
1.939
1.973
2.075
2.241
2.429
2.565
2.593
2.549
2.588
2.724
2.792
2.79
2.878
3.053
3.182
3.212
3.214
3.266
3.393
3.55
3.636
3.59
3.538
3.59
3.625
3.566
3.507
3.502
3.518
3.566
3.622
3.683
3.722
3.708
3.693
3.797
3.974
4.121
4.285
4.457
4.541
4.546
4.496
4.446
4.464
4.518
4.548
4.552
4.584
4.7
4.865
4.974
5.015
5.036
5.047
5.045
5.017
4.954
4.874
4.768
4.67
4.632
4.611
4.521
4.432
4.418
4.389
4.282
4.173
4.119
4.124
4.16
4.198
4.201
4.146
4.13
4.178
4.192
4.149
4.133
4.126
4.115
4.096
4.074
4.058
4.04
4.015
4.01
4.053
4.044
3.992
3.992
4.028
4.044
4.069
4.124
4.169
4.212
4.221
4.214
4.289
4.418
4.568
4.763
4.954
5.072
5.208
5.401
5.573
5.723
5.843
5.95
6.043
6.131
6.208
6.251
6.183
6.097
6.061
5.997
5.868
5.764
5.691
5.609
5.526
5.442
5.364
5.285
5.194
5.117
5.013
4.854
4.629
4.394
4.239
4.183
4.019
3.74
3.504
3.309
3.078
2.788
2.463
2.18
1.946
1.713
1.468
1.232
1.127
1.227
1.358
1.417
1.488
1.62
1.774
1.917
2.039
2.114
2.148
2.198
2.323
2.477
2.62
2.724
2.781
2.897
3.105
3.303
3.434
3.615
3.84
4.074
4.276
4.434
4.586
4.775
5.033
5.287
5.455
5.584
5.857
6.219
6.501
6.737
7.045
7.406
7.741
8.048
8.331
8.647
8.985
9.291
9.511
9.654
9.749
9.735
9.593
9.449
9.338
9.159
8.932
8.805
8.774
8.728
8.672
8.667
8.69
8.681
8.631
8.554
8.42
8.286
8.209
8.084
7.887
7.728
7.635
7.53
7.395
7.249
7.102
6.961
6.85
6.721
6.542
6.347
6.145
5.895
5.653
5.491
5.33
5.146
5.017
4.874
4.695
4.546
4.466
4.423
4.35
4.28
4.232
4.158
4.11
4.192
4.289
4.269
4.239
4.298
4.337
4.323
4.344
4.403
4.464
4.527
4.614
4.704
4.768
4.795
4.732
4.627
4.559
4.448
4.255
4.078
3.97
3.901
3.835
3.742
3.679
3.677
3.686
3.659
3.588
3.486
3.396
3.321
3.189
3.028
2.892
2.745
2.577
2.461
2.447
2.504
2.665
2.926
3.176
3.339
3.418
3.432
3.434
3.463
3.466
3.341
3.185
3.112
3.089
3.039
2.971
2.951
3.017
3.144
3.273
3.427
3.62
3.879
4.23
4.516
4.657
4.806
5.004
5.163
5.244
5.285
5.342
5.421
5.526
5.639
5.786
5.959
6.149
6.306
6.487
6.65
6.741
6.805
6.855
6.802
6.621
6.369
6.129
5.891
5.634
5.391
5.169
4.938
4.736
4.643
4.595
4.493
4.394
4.353
4.248
4.065
3.874
3.688
3.495
3.307
3.119
2.908
2.665
2.395
2.177
2.057
1.914
1.728
1.576
1.44
1.268
1.1
0.93
0.717
0.46
0.193
-0.081
-0.261
-0.381
-0.519
-0.633
-0.683
-0.764
-0.914
-1.077
-1.229
-1.334
-1.411
-1.529
-1.692
-1.839
-1.924
-1.955
-2.019
-2.093
-2.084
-1.987
-1.855
-1.708
-1.547
-1.384
-1.261
-1.206
-1.198
-1.134
-1.025
-0.916
-0.776
-0.576
-0.392
-0.261
-0.168
-0.068
0.034
0.111
0.159
0.209
0.24
0.252
0.267
0.245
0.179
0.14
0.095
0.02
-0.052
-0.066
-0.054
-0.081
-0.145
-0.224
-0.286
-0.315
-0.351
-0.385
-0.374
-0.372
-0.41
-0.451
-0.512
-0.601
-0.728
-0.875
-1.052
-1.238
-1.377
-1.434
-1.483
-1.533
-1.506
-1.402
-1.311
-1.27
-1.261
-1.238
-1.213
-1.243
-1.324
-1.358
-1.268
-1.127
-0.998
-0.853
-0.694
-0.537
-0.354
-0.163
0.009
0.184
0.397
0.633
0.798
0.882
0.955
1.059
1.184
1.343
1.488
1.579
1.665
1.785
1.903
1.964
1.944
1.882
1.858
1.817
1.674
1.495
1.347
1.216
1.057
0.873
0.703
0.556
0.444
0.338
0.186
-0.034
-0.283
-0.499
-0.735
-1.009
-1.261
-1.451
-1.592
-1.728
-1.869
-2.055
-2.25
-2.425
-2.568
-2.713
-2.881
-3.058
-3.171
-3.185
-3.239
-3.348
-3.466
-3.579
-3.704
-3.838
-3.994
-4.139
-4.201
-4.208
-4.212
-4.262
-4.314
-4.289
-4.18
-4.049
-3.944
-3.904
-3.894
-3.865
-3.82
-3.763
-3.708
-3.697
-3.731
-3.74
-3.706
-3.695
-3.697
-3.668
-3.595
-3.529
-3.491
-3.436
-3.339
-3.23
-3.119
-3.078
-3.139
-3.248
-3.296
-3.255
-3.221
-3.223
-3.257
-3.298
-3.33
-3.366
-3.377
-3.355
-3.343
-3.359
-3.339
-3.286
-3.273
-3.282
-3.275
-3.305
-3.402
-3.595
-3.792
-3.904
-3.915
-3.94
-4.058
-4.239
-4.394
-4.443
-4.425
-4.428
-4.498
-4.602
-4.682
-4.741
-4.827
-4.899
-4.949
-4.977
-5.004
-5.058
-5.135
-5.181
-5.19
-5.163
-5.156
-5.212
-5.321
-5.38
-5.362
-5.285
-5.178
-5.146
-5.165
-5.174
-5.169
-5.14
-5.129
-5.131
-5.144
-5.178
-5.233
-5.267
-5.237
-5.142
-5.036
-4.949
-4.888
-4.806
-4.729
-4.682
-4.668
-4.72
-4.825
-4.936
-5.02
-5.051
-5.02
-4.977
-4.997
-5.063
-5.169
-5.274
-5.29
-5.235
-5.212
-5.217
-5.228
-5.258
-5.239
-5.156
-5.085
-5.054
-5.026
-5.006
-5.024
-5.067
-5.099
-5.07
-4.97
-4.924
-4.952
-4.972
-4.981
-4.931
-4.822
-4.752
-4.75
-4.754
-4.718
-4.645
-4.577
-4.523
-4.477
-4.493
-4.53
-4.511
-4.489
-4.527
-4.591
-4.632
-4.659
-4.704
-4.806
-4.908
-4.933
-4.938
-5.006
-5.149
-5.324
-5.462
-5.494
-5.469
-5.482
-5.589
-5.761
-5.931
-6.033
-6.086
-6.188
-6.319
-6.464
-6.619
-6.728
-6.816
-6.973
-7.14
-7.261
-7.344
-7.447
-7.565
-7.658
-7.685
-7.71
-7.764
-7.834
-7.93
-8.025
-8.025
-7.946
-7.866
-7.825
-7.796
-7.682
-7.508
-7.363
-7.254
-7.118
-6.932
-6.728
-6.526
-6.385
-6.328
-6.263
-6.154
-6.047
-5.959
-5.927
-5.9
-5.791
-5.627
-5.484
-5.371
-5.278
-5.14
-4.936
-4.729
-4.598
-4.539
-4.482
-4.373
-4.257
-4.173
-4.046
-3.852
-3.656
-3.502
-3.384
-3.303
-3.23
-3.142
-3.055
-2.985
-2.978
-3.003
-2.946
-2.785
-2.654
-2.62
-2.683
-2.779
-2.833
-2.838
-2.876
-2.96
-3.014
-3.064
-3.112
-3.151
-3.196
-3.269
-3.311
-3.309
-3.282
-3.246
-3.228
-3.193
-3.121
-3.014
-2.962
-3.01
-3.071
-3.037
-2.924
-2.865
-2.885
-2.91
-2.869
-2.808
-2.772
-2.794
-2.872
-2.99
-3.092
-3.151
-3.198
-3.237
-3.262
-3.259
-3.225
-3.21
-3.278
-3.421
-3.563
-3.647
-3.711
-3.842
-4.026
-4.16
-4.232
-4.282
-4.325
-4.364
-4.43
-4.471
-4.423
-4.319
-4.251
-4.264
-4.287
-4.257
-4.183
-4.167
-4.253
-4.362
-4.391
-4.35
-4.332
-4.382
-4.446
-4.48
-4.496
-4.487
-4.448
-4.423
-4.423
-4.412
-4.353
-4.262
-4.196
-4.167
-4.164
-4.164
-4.171
-4.21
-4.255
-4.212
-4.101
-4.019
-3.96
-3.854
-3.697
-3.482
-3.246
-3.003
-2.749
-2.549
-2.436
-2.343
-2.191
-1.998
-1.898
-1.962
-2.091
-2.137
-2.098
-2.093
-2.146
-2.191
-2.184
-2.107
-2.003
-1.889
-1.812
-1.765
-1.728
-1.685
-1.656
-1.679
-1.74
-1.733
-1.651
-1.599
-1.658
-1.735
-1.719
-1.654
-1.649
-1.703
-1.737
-1.696
-1.599
-1.479
-1.386
-1.324
-1.336
-1.39
-1.404
-1.37
-1.447
-1.626
-1.719
-1.637
-1.556
-1.595
-1.679
-1.73
-1.717
-1.676
-1.665
-1.699
-1.746
-1.749
-1.687
-1.597
-1.495
-1.415
-1.415
-1.515
-1.62
-1.687
-1.762
-1.823
-1.817
-1.774
-1.762
-1.778
-1.767
-1.658
-1.479
-1.297
-1.118
-0.957
-0.921
-0.928
-0.853
-0.755
-0.773
-0.902
-1.037
-1.098
-1.127
-1.164
-1.166
-1.123
-1.08
-1.052
-1.048
-1.064
-1.025
-0.93
-0.894
-0.921
-0.835
-0.63
-0.469
-0.385
-0.313
-0.218
-0.159
-0.118
-0.059
0.025
0.118
0.238
0.408
0.571
0.646
0.739
0.937
1.123
1.211
1.261
1.299
1.334
1.384
1.409
1.397
1.372
1.354
1.354
1.363
1.372
1.463
1.635
1.78
1.889
2.057
2.248
2.386
2.484
2.534
2.509
2.411
2.279
2.189
2.18
2.225
2.311
2.465
2.586
2.565
2.477
2.422
2.382
2.354
2.343
2.323
2.261
2.166
2.048
1.932
1.869
1.855
1.835
1.801
1.783
1.758
1.654
1.492
1.404
1.479
1.608
1.737
1.901
2.055
2.162
2.236
2.302
2.361
2.436
2.504
2.558
2.581
2.472
2.307
2.243
2.259
2.289
2.332
2.359
2.291
2.107
1.873
1.642
1.422
1.236
1.12
1.039
0.914
0.789
0.723
0.646
0.558
0.581
0.723
0.837
0.86
0.826
0.789
0.785
0.81
0.88
0.953
1.005
1.098
1.252
1.37
1.338
1.295
1.392
1.527
1.576
1.603
1.603
1.547
1.497
1.515
1.558
1.574
1.583
1.59
1.547
1.434
1.309
1.2
1.075
0.953
0.909
0.871
0.778
0.701
0.658
0.644
0.66
0.687
0.674
0.621
0.535
0.408
0.313
0.236
0.15
0.152
0.247
0.283
0.231
0.152
0.075
0.038
0.052
0.093
0.163
0.218
0.218
0.181
0.154
0.181
0.286
0.388
0.413
0.467
0.596
0.694
0.678
0.617
0.571
0.56
0.578
0.578
0.562
0.569
0.617
0.735
0.966
1.182
1.329
1.481
1.64
1.728
1.742
1.767
1.812
1.892
1.964
1.985
1.944
1.912
1.96
2.044
2.075
2.087
2.089
2.016
1.905
1.928
2.068
2.211
2.343
2.461
2.538
2.527
2.436
2.307
2.202
2.15
2.134
2.182
2.318
2.443
2.45
2.443
2.522
2.64
2.749
2.856
2.958
3.024
3.071
3.096
3.085
3.026
2.946
2.867
2.776
2.661
2.536
2.45
2.45
2.531
2.633
2.731
2.822
2.853
2.84
2.776
2.674
2.565
2.484
2.429
2.384
2.361
2.359
2.357
2.357
2.391
2.45
2.438
2.357
2.327
2.35
2.377
2.422
2.49
2.538
2.554
2.529
2.468
2.391
2.3
2.207
2.114
2.016
1.921
1.885
1.869
1.796
1.694
1.674
1.713
1.746
1.751
1.703
1.583
1.381
1.175
1.002
0.914
0.878
0.835
0.78
0.744
0.705
0.64
0.547
0.481
0.478
0.485
0.417
0.308
0.254
0.256
0.261
0.263
0.258
0.265
0.315
0.39
0.483
0.551
0.633
0.746
0.851
0.909
0.962
1.023
1.098
1.216
1.368
1.554
1.787
2.034
2.239
2.348
2.386
2.45
2.558
2.69
2.851
3.01
3.128
3.207
3.205
3.171
3.171
3.162
3.146
3.162
3.162
3.13
3.089
3.064
3.092
3.176
3.278
3.323
3.275
3.144
2.994
2.856
2.706
2.602
2.543
2.504
2.506
2.529
2.513
2.47
2.425
2.413
2.434
2.461
2.509
2.59
2.688
2.754
2.735
2.636
2.554
2.497
2.472
2.495
2.481
2.452
2.484
2.556
2.617
2.71
2.822
2.926
2.999
3.008
2.951
2.897
2.838
2.745
2.624
2.479
2.404
2.375
2.329
2.293
2.259
2.223
2.182
2.152
2.127
2.066
1.982
1.907
1.828
1.728
1.654
1.588
1.542
1.556
1.551
1.529
1.522
1.506
1.483
1.485
1.497
1.524
1.558
1.617
1.676
1.699
1.728
1.751
1.783
1.823
1.867
1.878
1.842
1.844
1.898
1.966
2.05
2.152
2.255
2.341
2.456
2.59
2.701
2.774
2.831
2.862
2.906
2.969
3.033
3.073
3.132
3.185
3.214
3.269
3.293
3.25
3.193
3.159
3.1
3.021
2.96
2.919
2.847
2.738
2.622
2.477
2.323
2.2
2.087
1.973
1.905
1.865
1.842
1.88
1.921
1.941
1.944
1.971
2.053
2.177
2.286
2.413
2.57
2.713
2.781
2.769
2.776
2.815
2.824
2.806
2.828
2.917
2.976
3.005
3.06
3.126
3.185
3.207
3.207
3.21
3.203
3.18
3.187
3.244
3.343
3.438
3.531
3.638
3.733
3.797
3.858
3.974
4.101
4.237
4.412
4.609
4.745
4.77
4.768
4.813
4.906
4.963
4.965
4.997
5.092
5.165
5.165
5.138
5.104
5.06
4.974
4.89
4.82
4.736
4.682
4.677
4.627
4.457
4.219
4.015
3.852
3.668
3.445
3.262
3.153
3.078
2.999
2.931
2.872
2.779
2.647
2.515
2.4
2.232
2.023
1.851
1.765
1.683
1.524
1.37
1.311
1.347
1.358
1.291
1.22
1.202
1.147
1.043
0.98
0.946
0.923
0.907
0.923
0.984
1.039
1.054
1.111
1.245
1.34
1.381
1.44
1.595
1.792
1.98
2.193
2.475
2.767
3.041
3.286
3.48
3.627
3.759
3.899
4.044
4.196
4.325
4.407
4.507
4.625
4.718
4.788
4.89
4.986
5.031
5.065
5.085
5.146
5.246
5.283
5.219
5.151
5.083
4.963
4.813
4.698
4.65
4.668
4.734
4.8
4.8
4.754
4.772
4.831
4.791
4.652
4.534
4.491
4.459
4.384
4.282
4.237
4.242
4.223
4.171
4.076
3.944
3.786
3.702
3.693
3.677
3.615
3.545
3.541
3.611
3.641
3.563
3.425
3.341
3.284
3.105
2.833
2.636
2.556
2.465
2.384
2.411
2.477
2.506
2.488
2.445
2.382
2.291
2.209
2.168
2.13
2.039
1.93
1.928
1.989
1.937
1.801
1.71
1.681
1.637
1.554
1.456
1.377
1.291
1.17
1.021
0.925
0.975
1.109
1.168
1.173
1.236
1.306
1.322
1.286
1.238
1.204
1.191
1.22
1.263
1.338
1.424
1.502
1.608
1.719
1.76
1.749
1.746
1.744
1.753
1.772
1.765
1.696
1.633
1.595
1.515
1.379
1.34
1.436
1.483
1.443
1.449
1.549
1.654
1.728
1.769
1.808
1.846
1.869
1.86
1.828
1.833
1.867
1.903
1.973
2.13
2.277
2.266
2.214
2.268
2.382
2.45
2.472
2.54
2.658
2.772
2.847
2.887
2.885
2.831
2.731
2.672
2.674
2.649
2.583
2.583
2.656
2.683
2.642
2.597
2.579
2.588
2.565
2.502
2.411
2.345
2.266
2.141
1.982
1.846
1.787
1.785
1.74
1.599
1.456
1.327
1.17
1.027
0.912
0.782
0.619
0.474
0.374
0.306
0.227
0.084
-0.059
-0.145
-0.265
-0.478
-0.68
-0.787
-0.855
-0.93
-0.989
-0.987
-0.916
-0.837
-0.771
-0.708
-0.664
-0.642
-0.649
-0.676
-0.735
-0.805
-0.782
-0.651
-0.574
-0.59
-0.585
-0.522
-0.438
-0.376
-0.363
-0.395
-0.426
-0.41
-0.399
-0.442
-0.547
-0.683
-0.746
-0.708
-0.708
-0.762
-0.796
-0.771
-0.755
-0.782
-0.814
-0.851
-0.919
-0.98
-1
-1.005
-1.037
-1.037
-0.989
-0.975
-1.061
-1.105
-1.027
-0.971
-1.025
-1.116
-1.177
-1.259
-1.372
-1.504
-1.601
-1.66
-1.701
-1.733
-1.721
-1.687
-1.715
-1.73
-1.637
-1.569
-1.644
-1.778
-1.851
-1.894
-1.966
-2.039
-2.068
-2
-1.842
-1.692
-1.624
-1.628
-1.651
-1.651
-1.622
-1.631
-1.658
-1.617
-1.574
-1.635
-1.687
-1.613
-1.456
-1.347
-1.334
-1.381
-1.443
-1.483
-1.504
-1.497
-1.51
-1.579
-1.71
-1.778
-1.737
-1.699
-1.665
-1.563
-1.368
-1.173
-1.066
-1.034
-1
-0.95
-0.909
-0.907
-0.914
-0.902
-0.916
-0.982
-1.066
-1.139
-1.154
-1.075
-1.012
-1.089
-1.232
-1.334
-1.42
-1.527
-1.644
-1.783
-1.935
-2.075
-2.211
-2.35
-2.486
-2.599
-2.656
-2.595
-2.529
-2.593
-2.701
-2.758
-2.81
-2.928
-3.044
-3.087
-3.13
-3.191
-3.228
-3.191
-3.13
-3.069
-3.001
-2.987
-3.076
-3.23
-3.311
-3.293
-3.293
-3.337
-3.314
-3.235
-3.164
-3.107
-3.035
-2.921
-2.783
-2.658
-2.593
-2.588
-2.62
-2.656
-2.624
-2.493
-2.368
-2.336
-2.343
-2.3
-2.273
-2.293
-2.327
-2.345
-2.35
-2.359
-2.375
-2.379
-2.379
-2.397
-2.395
-2.413
-2.506
-2.624
-2.688
-2.738
-2.869
-2.99
-3.026
-3.028
-3.064
-3.107
-3.146
-3.18
-3.225
-3.298
-3.418
-3.559
-3.74
-3.938
-4.06
-4.08
-4.115
-4.187
-4.203
-4.146
-4.101
-4.18
-4.369
-4.57
-4.718
-4.813
-4.895
-4.956
-4.974
-4.931
-4.918
-4.89
-4.768
-4.654
-4.657
-4.684
-4.663
-4.636
-4.654
-4.711
-4.745
-4.734
-4.693
-4.643
-4.607
-4.541
-4.357
-4.173
-4.08
-4.008
-3.899
-3.833
-3.804
-3.795
-3.781
-3.765
-3.756
-3.763
-3.761
-3.754
-3.786
-3.783
-3.663
-3.507
-3.416
-3.341
-3.235
-3.126
-3.019
-2.915
-2.838
-2.765
-2.706
-2.681
-2.724
-2.767
-2.731
-2.665
-2.613
-2.529
-2.404
-2.354
-2.384
-2.427
-2.515
-2.633
-2.722
-2.758
-2.765
-2.788
-2.858
-2.942
-3.001
-3.121
-3.343
-3.604
-3.856
-4.092
-4.314
-4.462
-4.532
-4.525
-4.448
-4.364
-4.353
-4.319
-4.198
-4.126
-4.183
-4.273
-4.362
-4.489
-4.65
-4.738
-4.754
-4.741
-4.663
-4.577
-4.482
-4.384
-4.335
-4.273
-4.158
-4.062
-4.065
-4.076
-4.071
-4.092
-4.164
-4.287
-4.4
-4.443
-4.423
-4.441
-4.487
-4.448
-4.316
-4.223
-4.226
-4.205
-4.151
-4.133
-4.167
-4.217
-4.248
-4.314
-4.407
-4.459
-4.416
-4.362
-4.362
-4.35
-4.325
-4.371
-4.473
-4.505
-4.414
-4.278
-4.194
-4.167
-4.144
-4.076
-3.99
-3.963
-4.012
-4.083
-4.115
-4.149
-4.226
-4.255
-4.271
-4.296
-4.217
-4.031
-3.858
-3.718
-3.559
-3.404
-3.28
-3.235
-3.255
-3.25
-3.205
-3.198
-3.23
-3.248
-3.259
-3.275
-3.255
-3.193
-3.11
-3.017
-2.967
-3.001
-3.076
-3.087
-3.024
-2.96
-2.933
-2.917
-2.949
-3.012
-3.053
-3.08
-3.107
-3.121
-3.069
-2.919
-2.749
-2.645
-2.611
-2.54
-2.416
-2.277
-2.207
-2.23
-2.302
-2.377
-2.477
-2.577
-2.676
-2.738
-2.76
-2.781
-2.785
-2.774
-2.765
-2.767
-2.747
-2.672
-2.624
-2.656
-2.74
-2.828
-2.944
-3.103
-3.293
-3.43
-3.457
-3.45
-3.484
-3.538
-3.577
-3.647
-3.767
-3.835
-3.795
-3.72
-3.704
-3.742
-3.797
-3.824
-3.854
-3.94
-4.044
-4.103
-4.108
-4.13
-4.162
-4.121
-4.042
-4.017
-4.015
-3.972
-3.94
-3.97
-4.012
-3.985
-3.89
-3.847
-3.876
-3.879
-3.806
-3.756
-3.79
-3.867
-3.888
-3.822
-3.725
-3.613
-3.461
-3.325
-3.282
-3.303
-3.232
-3.067
-2.926
-2.858
-2.838
-2.815
-2.781
-2.774
-2.774
-2.708
-2.57
-2.431
-2.304
-2.175
-2.075
-2.048
-2.112
-2.2
-2.239
-2.22
-2.164
-2.118
-2.123
-2.173
-2.184
-2.08
-1.939
-1.873
-1.896
-1.898
-1.842
-1.846
-1.973
-2.082
-2.014
-1.814
-1.733
-1.833
-1.955
-1.951
-1.889
-1.939
-2.087
-2.171
-2.137
-2.096
-2.125
-2.259
-2.4
-2.493
-2.549
-2.62
-2.731
-2.779
-2.735
-2.676
-2.642
-2.654
-2.665
-2.674
-2.726
-2.824
-2.883
-2.872
-2.858
-2.84
-2.794
-2.767
-2.738
-2.674
-2.62
-2.593
-2.54
-2.5
-2.568
-2.701
-2.815
-2.897
-2.955
-2.974
-2.958
-2.955
-2.931
-2.803
-2.549
-2.304
-2.18
-2.18
-2.239
-2.282
-2.277
-2.289
-2.416
-2.581
-2.676
-2.674
-2.622
-2.599
-2.59
-2.599
-2.638
-2.697
-2.722
-2.76
-2.869
-3.03
-3.107
-2.974
-2.765
-2.658
-2.602
-2.472
-2.257
-2.103
-2.089
-2.168
-2.289
-2.434
-2.597
-2.785
-2.928
-2.958
-2.894
-2.781
-2.597
-2.366
-2.198
-2.082
-1.969
-1.88
-1.871
-1.944
-1.989
-1.901
-1.706
-1.515
-1.338
-1.093
-0.769
-0.56
-0.567
-0.71
-0.816
-0.826
-0.83
-0.871
-0.862
-0.762
-0.71
-0.739
-0.746
-0.776
-0.896
-1.041
-1.136
-1.159
-1.184
-1.316
-1.47
-1.538
-1.588
-1.703
-1.823
-1.867
-1.882
-1.917
-1.903
-1.783
-1.61
-1.431
-1.252
-1.086
-0.971
-0.9
-0.871
-0.919
-0.995
-1.032
-1.089
-1.134
-1.116
-1.027
-0.939
-0.857
-0.744
-0.592
-0.497
-0.528
-0.619
-0.651
-0.664
-0.771
-0.937
-1.05
-1.091
-1.089
-1.052
-0.989
-0.898
-0.753
-0.626
-0.583
-0.617
-0.667
-0.68
-0.714
-0.787
-0.853
-0.9
-0.955
-0.971
-0.93
-0.894
-0.882
-0.851
-0.787
-0.794
-0.909
-1.073
-1.189
-1.206
-1.209
-1.286
-1.363
-1.334
-1.227
-1.113
-1.054
-1.043
-0.989
-0.9
-0.841
-0.826
-0.826
-0.776
-0.649
-0.526
-0.49
-0.451
-0.385
-0.324
-0.272
-0.267
-0.279
-0.231
-0.14
-0.068
-0.022
-0.022
-0.102
-0.213
-0.308
-0.438
-0.61
-0.748
-0.832
-0.946
-1.107
-1.209
-1.204
-1.145
-1.093
-1.113
-1.206
-1.24
-1.166
-1.107
-1.061
-0.998
-0.937
-0.851
-0.73
-0.603
-0.469
-0.358
-0.267
-0.206
-0.213
-0.19
-0.093
-0.059
-0.15
-0.229
-0.249
-0.261
-0.252
-0.211
-0.138
-0.018
0.093
0.122
0.12
0.086
-0.041
-0.15
-0.136
-0.091
-0.129
-0.181
-0.131
0.002
0.125
0.224
0.281
0.281
0.34
0.469
0.522
0.483
0.46
0.481
0.476
0.426
0.392
0.44
0.54
0.567
0.497
0.469
0.465
0.406
0.376
0.413
0.469
0.531
0.671
0.878
1.073
1.213
1.32
1.377
1.372
1.395
1.515
1.651
1.73
1.792
1.873
1.955
2.01
2.053
2.148
2.257
2.275
2.273
2.363
2.47
2.536
2.617
2.654
2.636
2.574
2.484
2.354
2.225
2.152
2.214
2.32
2.384
2.495
2.67
2.792
2.833
2.847
2.833
2.781
2.731
2.658
2.615
2.57
2.452
2.372
2.411
2.407
2.366
2.407
2.513
2.627
2.742
2.815
2.819
2.785
2.745
2.683
2.524
2.334
2.35
2.493
2.611
2.672
2.724
2.769
2.763
2.692
2.608
2.636
2.665
2.593
2.563
2.627
2.647
2.597
2.545
2.506
2.459
2.352
2.143
1.912
1.772
1.789
1.871
1.882
1.91
2.096
2.277
2.327
2.336
2.4
2.504
2.613
2.706
2.831
3.012
3.119
3.123
3.18
3.311
3.416
3.507
3.618
3.772
3.935
4.015
4.019
4.017
4.012
4.046
4.096
4.096
4.153
4.282
4.339
4.287
4.242
4.221
4.139
3.992
3.904
3.972
4.158
4.28
4.357
4.514
4.673
4.716
4.688
4.657
4.645
4.591
4.491
4.4
4.323
4.273
4.325
4.428
4.455
4.455
4.421
4.291
4.151
4.096
4.046
3.956
3.919
3.987
4.103
4.176
4.164
4.194
4.346
4.455
4.457
4.489
4.623
4.788
4.924
5.006
5.074
5.163
5.269
5.398
5.471
5.462
5.503
5.546
5.494
5.38
5.271
5.133
4.931
4.72
4.561
4.439
4.371
4.409
4.536
4.561
4.423
4.251
4.192
4.189
4.103
3.974
3.938
4.017
4.126
4.198
4.226
4.285
4.373
4.45
4.496
4.523
4.58
4.636
4.716
4.825
4.881
4.813
4.65
4.521
4.505
4.534
4.516
4.509
4.593
4.747
4.906
5.033
5.129
5.192
5.169
5.042
4.895
4.834
4.92
5.049
5.097
5.156
5.324
5.532
5.657
5.714
5.754
5.793
5.811
5.816
5.845
5.909
5.961
5.993
6.029
6.049
6.072
6.097
6.131
6.206
6.242
6.161
6.04
6.033
6.138
6.206
6.217
6.272
6.378
6.478
6.571
6.669
6.791
6.895
6.943
6.905
6.837
6.812
6.859
6.914
6.909
6.893
6.948
7.029
7.057
6.998
6.952
6.952
6.936
6.868
6.793
6.719
6.612
6.464
6.312
6.161
5.981
5.771
5.582
5.457
5.353
5.249
5.131
5.07
5.131
5.199
5.19
5.144
5.076
4.974
4.849
4.732
4.629
4.518
4.389
4.264
4.167
4.146
4.16
4.142
4.092
4.042
4.012
3.983
3.911
3.82
3.759
3.729
3.683
3.647
3.654
3.659
3.645
3.666
3.702
3.727
3.702
3.611
3.509
3.504
3.563
3.559
3.55
3.627
3.779
3.915
4.008
4.117
4.262
4.398
4.516
4.591
4.623
4.684
4.809
4.958
5.09
5.235
5.437
5.648
5.857
6.056
6.26
6.453
6.544
6.537
6.519
6.501
6.46
6.442
6.483
6.521
6.557
6.632
6.768
6.886
6.914
6.852
6.746
6.682
6.664
6.601
6.519
6.48
6.469
6.499
6.553
6.616
6.687
6.759
6.768
6.691
6.569
6.437
6.258
6.04
5.827
5.612
5.398
5.208
5.031
4.863
4.72
4.62
4.507
4.316
4.119
3.965
3.82
3.686
3.6
3.518
3.448
3.402
3.38
3.366
3.373
3.382
3.396
3.43
3.477
3.507
3.509
3.529
3.581
3.622
3.652
3.672
3.697
3.69
3.645
3.602
3.586
3.566
3.518
3.441
3.375
3.359
3.391
3.373
3.321
3.291
3.289
3.359
3.463
3.511
3.509
3.534
3.597
3.654
3.693
3.722
3.738
3.776
3.811
3.824
3.835
3.858
3.858
3.829
3.761
3.681
3.656
3.713
3.801
3.885
3.938
3.928
3.888
3.829
3.738
3.627
3.511
3.425
3.357
3.309
3.273
3.278
3.3
3.293
3.244
3.237
3.28
3.316
3.35
3.409
3.455
3.468
3.475
3.497
3.493
3.463
3.441
3.423
3.393
3.368
3.341
3.284
3.232
3.151
3.051
2.917
2.76
2.638
2.579
2.531
2.5
2.524
2.593
2.624
2.604
2.527
2.434
2.382
2.357
2.35
2.327
2.284
2.248
2.243
2.248
2.243
2.257
2.279
2.27
2.239
2.196
2.15
2.123
2.08
1.971
1.869
1.801
1.805
1.833
1.826
1.785
1.735
1.674
1.563
1.402
1.2
1.005
0.826
0.664
0.524
0.435
0.395
0.383
0.374
0.279
0.118
-0.027
-0.15
-0.256
-0.342
-0.447
-0.576
-0.742
-0.909
-1.061
-1.157
-1.141
-1.071
-1.007
-0.959
-0.869
-0.733
-0.585
-0.458
-0.383
-0.345
-0.283
-0.152
0.013
0.172
0.349
0.542
0.689
0.789
0.891
0.975
1.027
1.057
1.08
1.13
1.189
1.272
1.395
1.531
1.613
1.599
1.513
1.443
1.483
1.624
1.753
1.796
1.776
1.728
1.715
1.74
1.721
1.676
1.628
1.613
1.601
1.613
1.635
1.654
1.662
1.62
1.517
1.411
1.304
1.159
0.98
0.782
0.61
0.476
0.336
0.204
0.061
-0.109
-0.292
-0.478
-0.664
-0.853
-1.025
-1.17
-1.291
-1.404
-1.549
-1.679
-1.772
-1.894
-2.064
-2.27
-2.518
-2.767
-2.978
-3.132
-3.196
-3.185
-3.144
-3.13
-3.119
-3.096
-3.085
-3.119
-3.198
-3.309
-3.425
-3.527
-3.627
-3.727
-3.799
-3.849
-3.897
-3.944
-4.012
-4.083
-4.067
-4.006
-3.951
-3.897
-3.774
-3.584
-3.396
-3.239
-3.076
-2.942
-2.869
-2.835
-2.817
-2.767
-2.686
-2.615
-2.622
-2.661
-2.636
-2.568
-2.529
-2.527
-2.524
-2.486
-2.45
-2.422
-2.377
-2.35
-2.411
-2.506
-2.608
-2.699
-2.774
-2.826
-2.828
-2.801
-2.844
-2.955
-3.041
-3.078
-3.105
-3.18
-3.282
-3.373
-3.452
-3.52
-3.584
-3.668
-3.722
-3.731
-3.767
-3.808
-3.797
-3.756
-3.747
-3.772
-3.79
-3.776
-3.749
-3.711
-3.638
-3.536
-3.45
-3.359
-3.284
-3.275
-3.3
-3.293
-3.282
-3.309
-3.398
-3.434
-3.37
-3.266
-3.182
-3.119
-3.094
-3.11
-3.146
-3.193
-3.255
-3.311
-3.339
-3.334
-3.286
-3.275
-3.4
-3.627
-3.82
-3.94
-4.04
-4.124
-4.16
-4.192
-4.242
-4.294
-4.341
-4.453
-4.607
-4.698
-4.729
-4.804
-4.886
-4.913
-4.886
-4.818
-4.725
-4.625
-4.564
-4.555
-4.6
-4.632
-4.616
-4.598
-4.609
-4.561
-4.437
-4.353
-4.353
-4.369
-4.4
-4.455
-4.507
-4.514
-4.468
-4.337
-4.173
-4.056
-3.985
-3.86
-3.661
-3.495
-3.398
-3.291
-3.159
-3.092
-3.048
-2.976
-2.906
-2.844
-2.758
-2.642
-2.549
-2.488
-2.434
-2.397
-2.311
-2.232
-2.302
-2.477
-2.613
-2.681
-2.76
-2.84
-2.853
-2.81
-2.79
-2.815
-2.856
-2.919
-2.996
-3.028
-3.073
-3.212
-3.352
-3.434
-3.52
-3.634
-3.722
-3.783
-3.831
-3.874
-3.938
-3.99
-3.992
-4.01
-4.11
-4.187
-4.194
-4.196
-4.221
-4.228
-4.23
-4.271
-4.314
-4.357
-4.371
-4.389
-4.423
-4.514
-4.627
-4.634
-4.514
-4.437
-4.471
-4.453
-4.4
-4.434
-4.548
-4.643
-4.684
-4.679
-4.661
-4.657
-4.634
-4.6
-4.604
-4.627
-4.6
-4.591
-4.695
-4.8
-4.806
-4.775
-4.77
-4.741
-4.666
-4.614
-4.609
-4.657
-4.768
-4.947
-5.065
-5.065
-5.029
-5.001
-4.963
-4.961
-5.013
-5.06
-5.11
-5.192
-5.31
-5.391
-5.442
-5.498
-5.512
-5.471
-5.403
-5.269
-5.085
-4.967
-4.924
-4.888
-4.811
-4.698
-4.58
-4.502
-4.45
-4.375
-4.278
-4.208
-4.198
-4.144
-3.999
-3.883
-3.804
-3.677
-3.522
-3.411
-3.321
-3.223
-3.173
-3.189
-3.228
-3.25
-3.271
-3.348
-3.495
-3.609
-3.568
-3.475
-3.473
-3.518
-3.507
-3.522
-3.611
-3.706
-3.754
-3.824
-3.96
-4.144
-4.35
-4.566
-4.709
-4.709
-4.686
-4.7
-4.684
-4.65
-4.639
-4.675
-4.743
-4.825
-4.874
-4.861
-4.847
-4.861
-4.897
-4.927
-4.929
-4.895
-4.906
-4.999
-5.097
-5.142
-5.172
-5.199
-5.217
-5.217
-5.172
-5.09
-5.024
-5.031
-5.051
-4.931
-4.736
-4.639
-4.598
-4.496
-4.373
-4.305
-4.282
-4.298
-4.291
-4.228
-4.11
-3.963
-3.833
-3.788
-3.77
-3.722
-3.765
-3.906
-3.965
-3.931
-3.908
-3.888
-3.84
-3.747
-3.602
-3.509
-3.502
-3.489
-3.475
-3.534
-3.607
-3.645
-3.654
-3.641
-3.625
-3.607
-3.575
-3.511
-3.443
-3.43
-3.461
-3.423
-3.364
-3.404
-3.436
-3.407
-3.407
-3.461
-3.534
-3.575
-3.568
-3.581
-3.659
-3.668
-3.556
-3.457
-3.402
-3.373
-3.436
-3.581
-3.779
-3.987
-4.176
-4.291
-4.321
-4.335
-4.373
-4.362
-4.31
-4.344
-4.448
-4.493
-4.511
-4.548
-4.564
-4.561
-4.57
-4.604
-4.67
-4.679
-4.57
-4.514
-4.548
-4.539
-4.484
-4.439
-4.409
-4.369
-4.344
-4.328
-4.325
-4.312
-4.38
-4.473
-4.468
-4.428
-4.462
-4.496
-4.493
-4.475
-4.453
-4.459
-4.466
-4.437
-4.387
-4.335
-4.201
-4.058
-3.99
-3.933
-3.876
-3.856
-3.899
-3.972
-4.076
-4.164
-4.194
-4.162
-4.115
-4.101
-4.071
-4.09
-4.201
-4.339
-4.405
-4.432
-4.471
-4.516
-4.582
-4.611
-4.627
-4.677
-4.691
-4.6
-4.507
-4.432
-4.362
-4.319
-4.312
-4.31
-4.273
-4.198
-4.069
-3.928
-3.815
-3.765
-3.731
-3.672
-3.636
-3.618
-3.556
-3.48
-3.434
-3.393
-3.364
-3.323
-3.28
-3.289
-3.314
-3.278
-3.239
-3.23
-3.169
-3.062
-2.99
-2.928
-2.826
-2.722
-2.688
-2.683
-2.681
-2.713
-2.731
-2.647
-2.543
-2.49
-2.465
-2.479
-2.509
-2.527
-2.529
-2.543
-2.558
-2.57
-2.613
-2.608
-2.561
-2.547
-2.577
-2.572
-2.613
-2.704
-2.794
-2.897
-2.996
-3.044
-3.046
-3.053
-3.105
-3.117
-3.094
-3.117
-3.185
-3.21
-3.146
-3.017
-2.912
-2.894
-2.91
-2.935
-2.949
-2.921
-2.876
-2.883
-2.885
-2.799
-2.71
-2.672
-2.638
-2.586
-2.556
-2.524
-2.463
-2.379
-2.348
-2.334
-2.259
-2.166
-2.082
-1.962
-1.821
-1.699
-1.608
-1.544
-1.449
-1.327
-1.229
-1.147
-1.059
-0.993
-0.978
-0.905
-0.76
-0.603
-0.467
-0.374
-0.354
-0.363
-0.322
-0.243
-0.227
-0.311
-0.41
-0.469
-0.519
-0.54
-0.494
-0.435
-0.376
-0.317
-0.29
-0.324
-0.397
-0.467
-0.512
-0.556
-0.603
-0.599
-0.537
-0.519
-0.567
-0.615
-0.662
-0.744
-0.819
-0.83
-0.846
-0.921
-0.973
-0.939
-0.891
-0.889
-0.853
-0.801
-0.778
-0.762
-0.744
-0.728
-0.714
-0.701
-0.689
-0.617
-0.494
-0.338
-0.131
0.1
0.302
0.503
0.705
0.851
0.932
0.968
1.002
1.043
1.034
1.05
1.152
1.313
1.499
1.717
1.957
2.175
2.341
2.463
2.558
2.613
2.597
2.529
2.486
2.543
2.665
2.803
2.951
3.071
3.159
3.232
3.269
3.275
3.3
3.323
3.323
3.289
3.225
3.212
3.266
3.341
3.389
3.404
3.391
3.366
3.334
3.293
3.207
3.058
2.878
2.742
2.679
2.629
2.595
2.574
2.522
2.454
2.4
2.354
2.336
2.289
2.177
2.041
1.951
1.926
2
2.112
2.189
2.207
2.225
2.277
2.316
2.338
2.377
2.391
2.363
2.313
2.286
2.307
2.359
2.379
2.402
2.427
2.402
2.345
2.323
2.313
2.304
2.304
2.327
2.386
2.495
2.633
2.756
2.851
2.974
3.153
3.359
3.548
3.713
3.854
3.963
4.033
4.099
4.192
4.312
4.443
4.561
4.686
4.793
4.856
4.893
4.933
4.952
4.929
4.879
4.856
4.89
4.988
5.094
5.153
5.203
5.242
5.285
5.312
5.346
5.364
5.378
5.396
5.442
5.512
5.594
5.641
5.666
5.682
5.707
5.729
5.705
5.625
5.571
5.548
5.539
5.512
5.482
5.501
5.539
5.519
5.433
5.319
5.192
5.056
4.94
4.827
4.707
4.555
4.391
4.285
4.214
4.149
4.096
4.08
4.096
4.133
4.13
4.069
3.983
3.906
3.854
3.806
3.759
3.792
3.947
4.142
4.262
4.316
4.394
4.482
4.514
4.521
4.5
4.443
4.382
4.375
4.414
4.437
4.409
4.396
4.409
4.437
4.509
4.595
4.661
4.72
4.825
4.954
5.049
5.124
5.176
5.29
5.489
5.675
5.788
5.891
6.022
6.133
6.229
6.301
6.315
6.288
6.306
6.358
6.387
6.376
6.34
6.351
6.421
6.483
6.469
6.392
6.294
6.219
6.183
6.158
6.12
6.117
6.219
6.383
6.487
6.496
6.489
6.496
6.487
6.496
6.469
6.385
6.306
6.303
6.344
6.351
6.292
6.199
6.124
6.079
6.056
6.029
5.97
5.898
5.881
5.886
5.832
5.739
5.673
5.668
5.729
5.809
5.836
5.786
5.707
5.668
5.63
5.501
5.344
5.292
5.339
5.423
5.46
5.448
5.419
5.446
5.535
5.584
5.539
5.482
5.46
5.416
5.391
5.408
5.464
5.507
5.526
5.548
5.596
5.619
5.614
5.609
5.6
5.596
5.594
5.587
5.577
5.553
5.553
5.627
5.684
5.646
5.621
5.671
5.72
5.695
5.648
5.621
5.639
5.695
5.768
5.795
5.791
5.847
5.929
5.99
6.04
6.106
6.17
6.179
6.131
6.058
5.972
5.884
5.866
5.92
5.979
6.016
6.077
6.181
6.235
6.174
6.081
6.045
6.016
5.963
5.936
5.927
5.906
5.884
5.904
5.981
6.043
6.024
5.922
5.805
5.727
5.68
5.594
5.476
5.378
5.312
5.237
5.178
5.163
5.163
5.122
5.033
4.952
4.872
4.777
4.713
4.741
4.834
4.861
4.786
4.725
4.734
4.756
4.75
4.729
4.725
4.741
4.768
4.781
4.759
4.67
4.516
4.364
4.337
4.45
4.527
4.446
4.332
4.301
4.287
4.208
4.112
4.105
4.21
4.348
4.446
4.471
4.453
4.462
4.564
4.702
4.713
4.564
4.448
4.439
4.394
4.262
4.126
4.065
4.074
4.092
4.096
4.06
3.956
3.856
3.799
3.731
3.636
3.586
3.545
3.477
3.438
3.47
3.461
3.411
3.441
3.548
3.643
3.67
3.674
3.681
3.695
3.725
3.826
3.983
4.051
4.04
4.117
4.294
4.391
4.359
4.348
4.366
4.325
4.214
4.071
3.972
3.956
3.976
3.997
3.983
3.97
3.967
3.965
3.917
3.874
3.826
3.736
3.638
3.579
3.482
3.332
3.157
3.008
2.924
2.885
2.865
2.858
2.838
2.717
2.572
2.465
2.357
2.277
2.275
2.277
2.205
2.105
2.032
1.991
1.946
1.871
1.753
1.581
1.384
1.247
1.179
1.098
1.002
1.018
1.08
1.084
1.075
1.157
1.27
1.384
1.488
1.581
1.64
1.71
1.858
2.078
2.214
2.207
2.207
2.289
2.391
2.509
2.704
2.96
3.182
3.382
3.581
3.767
3.904
3.997
4.101
4.173
4.223
4.325
4.434
4.439
4.437
4.518
4.564
4.471
4.33
4.235
4.21
4.221
4.18
4.06
3.911
3.774
3.697
3.674
3.543
3.193
2.803
2.513
2.329
2.155
1.98
1.817
1.679
1.538
1.384
1.204
1.032
0.921
0.855
0.744
0.565
0.388
0.283
0.229
0.206
0.233
0.331
0.333
0.209
0.106
0.104
0.104
0.063
0.041
0.072
0.159
0.249
0.288
0.333
0.383
0.333
0.233
0.209
0.245
0.245
0.195
0.156
0.145
0.116
0.061
0.052
0.131
0.24
0.238
0.122
-0.016
-0.1
-0.093
-0.032
-0.045
-0.168
-0.263
-0.279
-0.302
-0.333
-0.336
-0.306
-0.249
-0.165
-0.109
-0.066
0.002
0.091
0.147
0.154
0.066
-0.15
-0.345
-0.426
-0.49
-0.565
-0.615
-0.63
-0.619
-0.585
-0.551
-0.562
-0.61
-0.701
-0.796
-0.871
-0.955
-1.025
-1.032
-1.08
-1.22
-1.309
-1.211
-1.057
-0.989
-0.953
-0.921
-0.941
-0.991
-1.046
-1.071
-1.068
-1.073
-1.095
-1.093
-1.125
-1.288
-1.506
-1.64
-1.719
-1.86
-2.055
-2.214
-2.295
-2.368
-2.472
-2.563
-2.586
-2.561
-2.527
-2.527
-2.54
-2.554
-2.552
-2.602
-2.71
-2.783
-2.722
-2.608
-2.561
-2.547
-2.52
-2.5
-2.47
-2.441
-2.459
-2.536
-2.636
-2.713
-2.772
-2.84
-2.971
-3.142
-3.235
-3.241
-3.296
-3.423
-3.475
-3.402
-3.259
-3.157
-3.153
-3.205
-3.273
-3.325
-3.391
-3.52
-3.688
-3.772
-3.718
-3.634
-3.581
-3.511
-3.396
-3.332
-3.328
-3.355
-3.418
-3.563
-3.761
-3.922
-4.006
-4.028
-4.04
-4.069
-4.062
-4.037
-4.128
-4.303
-4.425
-4.518
-4.654
-4.766
-4.809
-4.854
-4.961
-5.087
-5.172
-5.19
-5.183
-5.217
-5.296
-5.369
-5.403
-5.374
-5.328
-5.324
-5.287
-5.183
-5.051
-4.956
-4.849
-4.756
-4.698
-4.641
-4.593
-4.602
-4.693
-4.804
-4.888
-4.888
-4.838
-4.809
-4.813
-4.77
-4.611
-4.432
-4.332
-4.298
-4.276
-4.248
-4.239
-4.255
-4.273
-4.269
-4.228
-4.155
-4.078
-3.981
-3.84
-3.661
-3.497
-3.407
-3.334
-3.259
-3.219
-3.259
-3.357
-3.497
-3.666
-3.833
-3.97
-4.074
-4.119
-4.119
-4.105
-4.137
-4.232
-4.369
-4.493
-4.534
-4.559
-4.666
-4.793
-4.868
-4.888
-4.908
-4.961
-5.067
-5.165
-5.226
-5.281
-5.36
-5.455
-5.507
-5.56
-5.643
-5.727
-5.759
-5.725
-5.666
-5.591
-5.496
-5.446
-5.478
-5.568
-5.636
-5.68
-5.72
-5.786
-5.859
-5.902
-5.904
-5.872
-5.773
-5.616
-5.487
-5.391
-5.319
-5.258
-5.226
-5.256
-5.339
-5.437
-5.494
-5.469
-5.444
-5.43
-5.337
-5.192
-5.067
-4.965
-4.852
-4.734
-4.691
-4.725
-4.768
-4.793
-4.854
-4.931
-4.979
-4.949
-4.868
-4.745
-4.663
-4.684
-4.768
-4.849
-4.872
-4.904
-4.99
-5.07
-5.054
-4.963
-4.834
-4.695
-4.552
-4.396
-4.246
-4.18
-4.212
-4.287
-4.301
-4.296
-4.316
-4.325
-4.289
-4.226
-4.167
-4.103
-4.015
-3.931
-3.856
-3.811
-3.835
-3.942
-4.108
-4.262
-4.371
-4.484
-4.575
-4.641
-4.663
-4.643
-4.643
-4.659
-4.648
-4.636
-4.65
-4.704
-4.8
-4.868
-4.92
-5.045
-5.258
-5.442
-5.489
-5.467
-5.501
-5.557
-5.616
-5.661
-5.698
-5.75
-5.777
-5.802
-5.845
-5.909
-5.97
-6.049
-6.131
-6.185
-6.192
-6.151
-6.079
-6.004
-5.965
-5.952
-5.974
-5.995
-5.959
-5.909
-5.859
-5.825
-5.777
-5.653
-5.476
-5.326
-5.276
-5.29
-5.271
-5.239
-5.246
-5.262
-5.256
-5.192
-5.085
-4.963
-4.804
-4.629
-4.471
-4.335
-4.221
-4.146
-4.096
-4.031
-3.965
-3.911
-3.829
-3.729
-3.654
-3.604
-3.595
-3.581
-3.493
-3.334
-3.171
-3.071
-2.987
-2.912
-2.822
-2.758
-2.76
-2.79
-2.776
-2.72
-2.629
-2.527
-2.447
-2.354
-2.245
-2.166
-2.078
-2.003
-1.994
-2.003
-1.98
-1.96
-2.005
-2.059
-2.062
-2.044
-2.046
-2.068
-2.098
-2.134
-2.186
-2.277
-2.379
-2.445
-2.475
-2.524
-2.579
-2.647
-2.704
-2.735
-2.751
-2.785
-2.853
-2.926
-3.005
-3.105
-3.239
-3.359
-3.459
-3.522
-3.518
-3.443
-3.362
-3.323
-3.3
-3.282
-3.284
-3.332
-3.396
-3.4
-3.355
-3.305
-3.282
-3.241
-3.189
-3.13
-3.062
-2.976
-2.881
-2.785
-2.71
-2.658
-2.595
-2.504
-2.436
-2.413
-2.377
-2.338
-2.289
-2.236
-2.211
-2.137
-2.005
-1.86
-1.708
-1.551
-1.438
-1.392
-1.35
-1.257
-1.127
-1.007
-0.925
-0.83
-0.649
-0.46
-0.379
-0.388
-0.404
-0.419
-0.447
-0.474
-0.476
-0.465
-0.442
-0.419
-0.388
-0.333
-0.283
-0.313
-0.39
-0.424
-0.451
-0.542
-0.662
-0.789
-0.916
-0.991
-0.993
-0.975
-0.966
-0.982
-0.955
-0.928
-0.971
-1.075
-1.166
-1.232
-1.316
-1.449
-1.628
-1.805
-1.955
-2.062
-2.175
-2.275
-2.284
-2.227
-2.202
-2.166
-2.1
-2.068
-2.066
-2.046
-2.023
-2
-1.964
-1.917
-1.865
-1.842
-1.86
-1.821
-1.708
-1.633
-1.658
-1.694
-1.685
-1.642
-1.624
-1.624
-1.572
-1.492
-1.483
-1.563
-1.626
-1.615
-1.595
-1.644
-1.683
-1.687
-1.717
-1.758
-1.755
-1.71
-1.683
-1.647
-1.595
-1.527
-1.502
-1.51
-1.49
-1.481
-1.561
-1.683
-1.762
-1.787
-1.772
-1.73
-1.696
-1.628
-1.522
-1.427
-1.377
-1.299
-1.198
-1.157
-1.147
-1.136
-1.141
-1.17
-1.164
-1.125
-1.093
-1.086
-1.091
-1.059
-0.959
-0.864
-0.778
-0.674
-0.621
-0.644
-0.662
-0.66
-0.617
-0.528
-0.478
-0.512
-0.565
-0.56
-0.515
-0.497
-0.438
-0.304
-0.195
-0.104
-0.041
-0.063
-0.127
-0.172
-0.218
-0.317
-0.463
-0.608
-0.671
-0.671
-0.676
-0.714
-0.778
-0.878
-0.939
-0.907
-0.848
-0.769
-0.644
-0.517
-0.44
-0.376
-0.281
-0.209
-0.179
-0.159
-0.136
-0.1
0.011
0.129
0.184
0.224
0.331
0.49
0.624
0.694
0.748
0.841
0.932
0.982
1
0.957
0.855
0.805
0.851
0.864
0.841
0.873
1.007
1.17
1.306
1.386
1.434
1.522
1.635
1.683
1.728
1.846
1.935
1.885
1.755
1.64
1.583
1.585
1.628
1.679
1.746
1.823
1.892
1.914
1.844
1.683
1.533
1.404
1.234
1.068
0.973
0.919
0.869
0.792
0.664
0.535
0.474
0.426
0.317
0.247
0.233
0.186
0.095
0.072
0.111
0.184
0.238
0.258
0.215
0.156
0.125
0.165
0.245
0.249
0.24
0.342
0.449
0.494
0.533
0.635
0.712
0.696
0.628
0.56
0.553
0.642
0.737
0.778
0.83
0.944
1.073
1.261
1.458
1.613
1.733
1.86
2.005
2.162
2.366
2.636
2.878
2.994
3.069
3.244
3.493
3.647
3.695
3.82
4.019
4.149
4.201
4.246
4.325
4.391
4.418
4.407
4.35
4.301
4.266
4.219
4.173
4.18
4.176
4.124
4.071
4.006
3.919
3.831
3.754
3.677
3.595
3.518
3.477
3.484
3.445
3.303
3.132
3.019
2.96
2.908
2.794
2.688
2.676
2.726
2.72
2.62
2.574
2.642
2.729
2.749
2.681
2.595
2.565
2.617
2.652
2.642
2.658
2.713
2.754
2.74
2.822
3.055
3.225
3.262
3.303
3.416
3.534
3.59
3.62
3.677
3.749
3.818
3.947
4.155
4.353
4.498
4.62
4.738
4.845
4.879
4.868
4.92
5.04
5.142
5.094
4.979
4.947
5.015
5.085
5.135
5.163
5.133
5.036
4.927
4.831
4.725
4.566
4.416
4.273
4.18
4.235
4.371
4.498
4.593
4.659
4.713
4.734
4.7
4.625
4.564
4.53
4.475
4.405
4.409
4.532
4.695
4.897
5.106
5.239
5.249
5.231
5.31
5.476
5.541
5.428
5.315
5.312
5.346
5.369
5.394
5.433
5.437
5.435
5.439
5.448
5.419
5.326
5.151
4.89
4.623
4.398
4.187
3.983
3.824
3.704
3.609
3.495
3.375
3.271
3.193
3.114
2.978
2.763
2.522
2.363
2.289
2.261
2.273
2.295
2.293
2.286
2.345
2.468
2.509
2.484
2.502
2.574
2.642
2.647
2.583
2.556
2.602
2.683
2.767
2.862
3.035
3.2
3.298
3.359
3.452
3.531
3.561
3.597
3.745
3.97
4.185
4.391
4.641
4.902
5.115
5.315
5.53
5.689
5.741
5.768
5.847
5.99
6.154
6.283
6.412
6.632
6.893
7.072
7.199
7.331
7.481
7.623
7.739
7.78
7.701
7.551
7.401
7.258
7.104
6.991
7.018
7.168
7.37
7.612
7.921
8.207
8.349
8.365
8.368
8.39
8.397
8.365
8.322
8.315
8.334
8.329
8.304
8.304
8.27
8.127
7.941
7.787
7.603
7.313
7.007
6.802
6.639
6.419
6.145
5.911
5.766
5.666
5.587
5.546
5.496
5.41
5.319
5.258
5.212
5.16
5.092
5.024
5.022
5.117
5.237
5.332
5.394
5.478
5.566
5.571
5.532
5.514
5.482
5.394
5.276
5.144
4.974
4.84
4.775
4.729
4.641
4.552
4.448
4.269
4.062
3.888
3.747
3.588
3.398
3.205
3.076
3.008
2.953
2.924
2.928
2.865
2.724
2.579
2.418
2.207
1.966
1.751
1.599
1.497
1.399
1.32
1.288
1.318
1.361
1.329
1.245
1.209
1.227
1.234
1.234
1.288
1.406
1.513
1.551
1.572
1.679
1.867
2.059
2.277
2.554
2.838
3.13
3.409
3.629
3.783
3.949
4.173
4.412
4.598
4.781
4.977
5.117
5.215
5.326
5.43
5.516
5.612
5.72
5.784
5.811
5.834
5.872
5.94
5.965
5.884
5.8
5.775
5.734
5.655
5.598
5.582
5.598
5.636
5.718
5.775
5.752
5.671
5.503
5.233
4.924
4.716
4.609
4.489
4.321
4.167
4.099
4.071
3.963
3.79
3.579
3.334
3.055
2.794
2.522
2.191
1.894
1.681
1.488
1.232
0.912
0.674
0.537
0.399
0.19
-0.091
-0.419
-0.692
-0.891
-1.073
-1.282
-1.513
-1.708
-1.848
-1.978
-2.1
-2.202
-2.264
-2.332
-2.418
-2.477
-2.518
-2.549
-2.563
-2.574
-2.568
-2.543
-2.509
-2.497
-2.515
-2.536
-2.522
-2.509
-2.518
-2.511
-2.441
-2.3
-2.13
-1.975
-1.865
-1.778
-1.687
-1.574
-1.436
-1.311
-1.232
-1.195
-1.161
-1.12
-1.071
-0.993
-0.887
-0.73
-0.562
-0.401
-0.281
-0.227
-0.15
-0.041
-0.009
-0.054
-0.14
-0.222
-0.315
-0.415
-0.503
-0.585
-0.678
-0.776
-0.848
-0.885
-0.887
-0.841
-0.755
-0.653
-0.542
-0.408
-0.263
-0.165
-0.145
-0.206
-0.283
-0.342
-0.379
-0.322
-0.211
-0.145
-0.127
-0.038
0.14
0.349
0.542
0.719
0.846
0.866
0.767
0.637
0.528
0.372
0.181
0.011
-0.125
-0.256
-0.361
-0.401
-0.367
-0.277
-0.154
-0.02
0.063
0.075
0.057
0.043
0.034
0.002
-0.007
0.011
0.102
0.206
0.245
0.179
0.054
-0.041
-0.063
-0.091
-0.165
-0.233
-0.261
-0.295
-0.361
-0.429
-0.478
-0.524
-0.628
-0.819
-1.032
-1.243
-1.42
-1.558
-1.708
-1.892
-2.123
-2.307
-2.375
-2.377
-2.411
-2.441
-2.454
-2.468
-2.49
-2.57
-2.722
-2.878
-2.999
-3.13
-3.293
-3.459
-3.604
-3.686
-3.749
-3.84
-3.978
-4.096
-4.126
-4.108
-4.103
-4.137
-4.237
-4.396
-4.564
-4.695
-4.775
-4.827
-4.884
-4.913
-4.954
-5.011
-5.04
-5.022
-4.977
-4.931
-4.881
-4.836
-4.784
-4.704
-4.598
-4.457
-4.303
-4.158
-4.078
-4.069
-4.056
-3.963
-3.86
-3.829
-3.879
-3.897
-3.815
-3.718
-3.706
-3.795
-3.906
-3.951
-3.974
-3.983
-3.956
-3.928
-3.883
-3.801
-3.729
-3.693
-3.659
-3.6
-3.566
-3.575
-3.627
-3.686
-3.659
-3.543
-3.411
-3.355
-3.373
-3.38
-3.341
-3.311
-3.345
-3.436
-3.527
-3.575
-3.604
-3.677
-3.826
-4.019
-4.176
-4.296
-4.434
-4.573
-4.686
-4.766
-4.861
-5.024
-5.219
-5.426
-5.653
-5.909
-6.099
-6.195
-6.306
-6.44
-6.505
-6.478
-6.453
-6.503
-6.623
-6.773
-6.93
-7.097
-7.27
-7.426
-7.542
-7.601
-7.628
-7.608
-7.49
-7.333
-7.215
-7.122
-7.007
-6.916
-6.911
-6.939
-6.907
-6.8
-6.682
-6.601
-6.544
-6.369
-6.054
-5.793
-5.602
-5.376
-5.126
-4.931
-4.759
-4.584
-4.455
-4.378
-4.282
-4.115
-3.953
-3.865
-3.813
-3.752
-3.688
-3.625
-3.579
-3.613
-3.706
-3.745
-3.722
-3.745
-3.847
-3.951
-3.994
-3.994
-4.046
-4.169
-4.244
-4.253
-4.323
-4.473
-4.584
-4.682
-4.838
-5.04
-5.203
-5.321
-5.405
-5.48
-5.489
-5.448
-5.426
-5.435
-5.489
-5.594
-5.648
-5.616
-5.641
-5.743
-5.832
-5.886
-5.913
-5.925
-5.934
-5.963
-6.043
-6.151
-6.235
-6.267
-6.326
-6.483
-6.623
-6.601
-6.517
-6.557
-6.685
-6.791
-6.837
-6.848
-6.85
-6.846
-6.85
-6.864
-6.857
-6.873
-6.968
-7.075
-7.059
-6.986
-6.964
-6.957
-6.911
-6.814
-6.687
-6.548
-6.444
-6.415
-6.403
-6.353
-6.233
-6.113
-6.088
-6.081
-5.886
-5.607
-5.428
-5.317
-5.185
-5.02
-4.825
-4.58
-4.323
-4.053
-3.779
-3.545
-3.396
-3.334
-3.232
-3.071
-2.958
-2.901
-2.81
-2.663
-2.529
-2.397
-2.225
-1.957
-1.687
-1.517
-1.445
-1.386
-1.297
-1.243
-1.22
-1.143
-1.041
-0.989
-0.966
-0.944
-0.984
-1.059
-1.109
-1.143
-1.195
-1.297
-1.411
-1.488
-1.581
-1.683
-1.742
-1.799
-1.896
-1.955
-1.973
-2.055
-2.223
-2.37
-2.42
-2.459
-2.568
-2.704
-2.842
-2.985
-3.11
-3.185
-3.25
-3.357
-3.391
-3.323
-3.298
-3.366
-3.434
-3.509
-3.645
-3.847
-4.08
-4.307
-4.502
-4.641
-4.686
-4.645
-4.661
-4.686
-4.614
-4.518
-4.55
-4.682
-4.809
-4.913
-4.999
-5.083
-5.16
-5.212
-5.217
-5.174
-5.094
-4.949
-4.729
-4.543
-4.511
-4.573
-4.516
-4.289
-4.06
-3.913
-3.808
-3.715
-3.62
-3.516
-3.409
-3.316
-3.219
-3.112
-2.983
-2.869
-2.887
-2.976
-2.96
-2.86
-2.817
-2.828
-2.803
-2.699
-2.549
-2.454
-2.422
-2.372
-2.264
-2.13
-2.041
-2.023
-1.989
-1.869
-1.733
-1.658
-1.522
-1.299
-1.136
-1.059
-1.032
-1.061
-1.125
-1.152
-1.189
-1.272
-1.368
-1.395
-1.352
-1.37
-1.517
-1.633
-1.637
-1.647
-1.76
-1.889
-1.971
-2.062
-2.127
-2.109
-2.05
-2.034
-2.046
-2.044
-2.014
-1.944
-1.821
-1.699
-1.667
-1.69
-1.654
-1.628
-1.696
-1.74
-1.735
-1.789
-1.878
-1.93
-1.91
-1.86
-1.837
-1.812
-1.674
-1.544
-1.572
-1.64
-1.633
-1.644
-1.724
-1.762
-1.71
-1.601
-1.476
-1.388
-1.334
-1.284
-1.213
-1.123
-1.03
-0.944
-0.855
-0.812
-0.869
-0.923
-0.823
-0.651
-0.553
-0.506
-0.422
-0.32
-0.27
-0.308
-0.392
-0.419
-0.39
-0.345
-0.267
-0.213
-0.249
-0.279
-0.224
-0.097
0.068
0.229
0.313
0.306
0.238
0.193
0.224
0.277
0.302
0.322
0.333
0.299
0.302
0.329
0.299
0.274
0.379
0.515
0.578
0.581
0.558
0.542
0.565
0.642
0.771
0.962
1.2
1.42
1.583
1.64
1.637
1.719
1.889
1.964
1.912
1.871
1.921
2.046
2.191
2.316
2.397
2.484
2.588
2.676
2.704
2.722
2.733
2.726
2.695
2.747
2.931
3.112
3.216
3.28
3.352
3.443
3.534
3.597
3.586
3.516
3.468
3.482
3.502
3.448
3.343
3.273
3.255
3.262
3.259
3.216
3.151
3.067
2.955
2.815
2.645
2.452
2.239
2.01
1.805
1.637
1.483
1.411
1.438
1.443
1.413
1.379
1.34
1.297
1.245
1.118
0.919
0.755
0.717
0.78
0.794
0.703
0.653
0.699
0.719
0.692
0.703
0.726
0.705
0.599
0.497
0.449
0.463
0.481
0.444
0.399
0.381
0.329
0.283
0.349
0.472
0.549
0.608
0.696
0.787
0.878
0.959
1.054
1.191
1.37
1.54
1.647
1.628
1.529
1.479
1.454
1.372
1.277
1.229
1.204
1.213
1.24
1.263
1.252
1.247
1.261
1.263
1.25
1.159
0.928
0.676
0.571
0.596
0.662
0.742
0.835
0.932
1.03
1.086
1.107
1.147
1.261
1.422
1.52
1.502
1.417
1.365
1.32
1.25
1.198
1.159
1.102
1.027
0.944
0.837
0.721
0.615
0.551
0.567
0.637
0.635
0.51
0.385
0.338
0.336
0.367
0.419
0.483
0.506
0.506
0.533
0.608
0.737
0.912
1.111
1.288
1.37
1.443
1.565
1.724
1.912
2.157
2.422
2.652
2.844
2.99
3.026
2.994
3.019
3.123
3.248
3.343
3.348
3.298
3.264
3.241
3.18
3.1
3.067
3.048
2.96
2.794
2.638
2.529
2.481
2.509
2.574
2.613
2.572
2.475
2.338
2.171
2.064
2.064
2.13
2.2
2.241
2.22
2.166
2.116
2.089
2.084
2.114
2.127
2.059
1.989
1.926
1.892
1.892
1.919
1.973
2.016
2.059
2.096
2.08
2.032
2.028
2.132
2.268
2.377
2.411
2.441
2.461
2.488
2.588
2.74
2.883
3.021
3.112
3.112
3.062
3.012
3.014
3.069
3.13
3.132
3.092
3.033
2.996
2.992
2.987
2.999
2.962
2.842
2.636
2.363
2.084
1.869
1.751
1.667
1.583
1.451
1.24
0.978
0.655
0.365
0.215
0.197
0.206
0.165
0.084
0.016
-0.018
-0.022
-0.022
0.05
0.181
0.279
0.326
0.376
0.494
0.696
0.896
1.071
1.213
1.27
1.254
1.213
1.189
1.213
1.299
1.413
1.581
1.758
1.862
1.83
1.71
1.642
1.728
1.862
1.932
1.93
1.896
1.894
1.946
2.041
2.173
2.354
2.495
2.52
2.463
2.395
2.388
2.443
2.572
2.767
2.919
2.971
2.946
2.878
2.803
2.792
2.817
2.844
2.897
2.976
3.03
2.974
2.858
2.799
2.828
2.892
2.928
2.912
2.838
2.724
2.627
2.642
2.745
2.847
2.858
2.788
2.708
2.613
2.475
2.366
2.338
2.391
2.479
2.556
2.62
2.69
2.747
2.79
2.838
2.878
2.908
2.908
2.874
2.828
2.833
2.881
2.942
2.98
2.996
2.958
2.833
2.679
2.581
2.568
2.588
2.647
2.726
2.74
2.676
2.597
2.554
2.581
2.683
2.788
2.865
2.894
2.86
2.792
2.699
2.577
2.441
2.354
2.338
2.302
2.182
1.987
1.776
1.603
1.497
1.411
1.316
1.195
1.03
0.81
0.587
0.442
0.381
0.354
0.358
0.361
0.308
0.204
0.091
0.016
-0.018
-0.016
0.038
0.17
0.351
0.526
0.662
0.81
0.962
1.13
1.329
1.574
1.833
2.037
2.162
2.252
2.395
2.604
2.865
3.117
3.339
3.568
3.783
3.972
4.144
4.321
4.489
4.643
4.788
4.954
5.122
5.267
5.349
5.385
5.38
5.301
5.178
5.06
4.956
4.87
4.818
4.804
4.82
4.82
4.831
4.809
4.752
4.684
4.643
4.616
4.602
4.627
4.684
4.725
4.679
4.573
4.491
4.439
4.38
4.26
4.155
4.119
4.137
4.173
4.151
4.058
3.978
3.963
3.949
3.876
3.761
3.647
3.52
3.416
3.377
3.364
3.332
3.289
3.266
3.239
3.171
3.06
2.994
3.017
3.089
3.083
3.001
2.899
2.826
2.763
2.652
2.513
2.416
2.37
2.313
2.22
2.134
2.078
2.034
1.98
1.924
1.907
1.921
1.898
1.833
1.801
1.805
1.858
1.905
1.871
1.848
1.887
1.946
2.044
2.207
2.384
2.529
2.636
2.708
2.779
2.849
2.869
2.915
3.019
3.062
2.994
2.976
3.067
3.185
3.305
3.416
3.489
3.559
3.581
3.538
3.443
3.366
3.373
3.43
3.468
3.52
3.514
3.452
3.411
3.418
3.414
3.407
3.443
3.507
3.556
3.538
3.552
3.718
3.906
3.981
3.992
4.026
4.062
4.071
4.085
4.11
4.149
4.162
4.16
4.194
4.242
4.208
4.13
4.155
4.26
4.316
4.287
4.235
4.219
4.228
4.201
4.153
4.103
4.074
4.103
4.087
3.949
3.815
3.808
3.883
3.967
4.042
4.069
4.049
4.019
3.933
3.795
3.706
3.679
3.668
3.663
3.588
3.404
3.21
3.046
2.867
2.697
2.597
2.556
2.538
2.475
2.409
2.386
2.282
2.078
1.917
1.817
1.715
1.622
1.572
1.558
1.558
1.531
1.49
1.554
1.669
1.651
1.554
1.481
1.392
1.302
1.279
1.313
1.375
1.447
1.502
1.529
1.506
1.458
1.47
1.454
1.363
1.306
1.272
1.218
1.182
1.209
1.279
1.356
1.436
1.456
1.47
1.529
1.569
1.601
1.672
1.719
1.733
1.765
1.81
1.844
1.882
1.971
2.103
2.227
2.3
2.411
2.568
2.656
2.699
2.738
2.74
2.672
2.577
2.472
2.348
2.243
2.186
2.207
2.327
2.431
2.454
2.461
2.465
2.434
2.411
2.407
2.375
2.255
2.062
1.876
1.76
1.74
1.88
2.107
2.191
2.116
2.037
1.996
1.964
1.941
1.928
1.901
1.833
1.672
1.44
1.282
1.225
1.189
1.195
1.265
1.291
1.243
1.154
1.032
0.907
0.807
0.744
0.723
0.678
0.619
0.64
0.664
0.642
0.701
0.844
0.941
0.957
0.885
0.719
0.501
0.299
0.093
-0.068
-0.159
-0.263
-0.313
-0.243
-0.188
-0.222
-0.245
-0.211
-0.168
-0.145
-0.15
-0.204
-0.326
-0.481
-0.526
-0.478
-0.472
-0.438
-0.272
-0.066
0.102
0.215
0.29
0.338
0.331
0.236
0.093
0.025
0.011
0.013
0.104
0.229
0.333
0.458
0.585
0.635
0.592
0.488
0.365
0.245
0.077
-0.041
-0.066
-0.134
-0.286
-0.408
-0.444
-0.429
-0.413
-0.399
-0.408
-0.497
-0.712
-0.984
-1.15
-1.209
-1.297
-1.381
-1.381
-1.379
-1.424
-1.483
-1.554
-1.597
-1.64
-1.683
-1.749
-1.867
-1.966
-1.96
-1.939
-1.994
-2.021
-2.025
-2.064
-2.118
-2.152
-2.205
-2.289
-2.361
-2.454
-2.518
-2.504
-2.495
-2.509
-2.481
-2.447
-2.425
-2.391
-2.325
-2.257
-2.216
-2.211
-2.25
-2.255
-2.191
-2.146
-2.168
-2.191
-2.148
-2.139
-2.227
-2.323
-2.354
-2.359
-2.343
-2.338
-2.366
-2.372
-2.27
-2.071
-1.839
-1.64
-1.504
-1.458
-1.474
-1.445
-1.377
-1.361
-1.42
-1.434
-1.338
-1.236
-1.166
-1.075
-0.962
-0.862
-0.805
-0.81
-0.844
-0.853
-0.864
-0.907
-0.989
-1.109
-1.259
-1.336
-1.293
-1.211
-1.157
-1.095
-1.054
-1.043
-1.075
-1.127
-1.234
-1.42
-1.637
-1.839
-1.998
-2.082
-2.091
-2.046
-1.966
-1.882
-1.873
-2.025
-2.298
-2.556
-2.781
-3.021
-3.328
-3.622
-3.795
-3.822
-3.749
-3.661
-3.563
-3.455
-3.368
-3.309
-3.305
-3.364
-3.452
-3.52
-3.6
-3.72
-3.795
-3.774
-3.683
-3.55
-3.409
-3.284
-3.185
-3.153
-3.159
-3.196
-3.269
-3.416
-3.643
-3.856
-3.922
-3.811
-3.636
-3.486
-3.35
-3.237
-3.178
-3.169
-3.189
-3.246
-3.332
-3.463
-3.654
-3.86
-3.978
-3.963
-3.847
-3.666
-3.497
-3.389
-3.33
-3.316
-3.375
-3.486
-3.62
-3.774
-3.949
-4.069
-4.121
-4.119
-4.035
-3.924
-3.89
-3.913
-3.919
-3.924
-3.997
-4.096
-4.214
-4.371
-4.577
-4.727
-4.732
-4.618
-4.518
-4.491
-4.48
-4.437
-4.398
-4.389
-4.38
-4.416
-4.496
-4.57
-4.598
-4.577
-4.527
-4.414
-4.23
-4.062
-3.972
-3.915
-3.833
-3.745
-3.708
-3.738
-3.829
-3.944
-4.026
-4.056
-4.046
-3.992
-3.908
-3.835
-3.788
-3.693
-3.545
-3.409
-3.37
-3.43
-3.436
-3.359
-3.259
-3.171
-3.055
-2.894
-2.735
-2.633
-2.583
-2.556
-2.531
-2.513
-2.531
-2.627
-2.785
-2.921
-3.012
-3.044
-3.01
-3.01
-3.087
-3.166
-3.228
-3.303
-3.398
-3.502
-3.631
-3.808
-4.019
-4.201
-4.339
-4.412
-4.396
-4.35
-4.348
-4.391
-4.443
-4.457
-4.416
-4.4
-4.477
-4.639
-4.745
-4.747
-4.682
-4.611
-4.568
-4.539
-4.543
-4.564
-4.598
-4.629
-4.648
-4.693
-4.859
-5.051
-5.149
-5.151
-5.067
-4.918
-4.768
-4.65
-4.559
-4.496
-4.498
-4.577
-4.704
-4.863
-5.072
-5.258
-5.328
-5.271
-5.122
-4.938
-4.754
-4.539
-4.31
-4.158
-4.101
-4.101
-4.126
-4.164
-4.228
-4.339
-4.434
-4.403
-4.276
-4.119
-3.953
-3.842
-3.788
-3.74
-3.697
-3.672
-3.679
-3.74
-3.842
-3.949
-4.017
-3.997
-3.874
-3.715
-3.573
-3.47
-3.438
-3.418
-3.352
-3.264
-3.241
-3.343
-3.527
-3.686
-3.72
-3.609
-3.443
-3.262
-3.064
-2.903
-2.776
-2.654
-2.593
-2.649
-2.856
-3.21
-3.609
-3.913
-4.006
-3.935
-3.792
-3.607
-3.416
-3.303
-3.203
-3.107
-3.087
-3.135
-3.28
-3.543
-3.818
-4.006
-4.108
-4.133
-4.087
-3.99
-3.788
-3.463
-3.144
-2.965
-2.926
-2.98
-3.117
-3.266
-3.364
-3.425
-3.455
-3.377
-3.228
-3.044
-2.869
-2.715
-2.574
-2.481
-2.472
-2.556
-2.695
-2.921
-3.178
-3.366
-3.493
-3.57
-3.516
-3.332
-3.166
-3.078
-3.026
-2.98
-2.94
-2.974
-3.228
-3.613
-3.911
-4.04
-3.992
-3.84
-3.681
-3.541
-3.368
-3.176
-3.044
-3.012
-3.055
-3.169
-3.364
-3.529
-3.69
-3.881
-3.951
-3.874
-3.765
-3.706
-3.677
-3.611
-3.491
-3.389
-3.4
-3.495
-3.593
-3.683
-3.745
-3.783
-3.818
-3.818
-3.715
-3.495
-3.273
-3.128
-3.073
-3.087
-3.114
-3.173
-3.237
-3.252
-3.255
-3.293
-3.284
-3.162
-2.987
-2.847
-2.742
-2.617
-2.443
-2.3
-2.304
-2.493
-2.713
-2.831
-2.865
-2.853
-2.763
-2.674
-2.629
-2.581
-2.504
-2.443
-2.452
-2.538
-2.636
-2.742
-2.915
-3.146
-3.316
-3.345
-3.296
-3.225
-3.135
-3.041
-2.971
-2.908
-2.872
-2.853
-2.842
-2.858
-2.858
-2.774
-2.683
-2.593
-2.45
-2.234
-1.987
-1.846
-1.837
-1.853
-1.853
-1.919
-2.075
-2.259
-2.338
-2.35
-2.404
-2.472
-2.456
-2.431
-2.45
-2.463
-2.45
-2.436
-2.472
-2.579
-2.683
-2.745
-2.813
-2.926
-3.037
-3.071
-2.996
-2.838
-2.611
-2.388
-2.257
-2.22
-2.196
-2.123
-2.087
-2.123
-2.155
-2.137
-2.087
-2.041
-1.973
-1.858
-1.717
-1.66
-1.676
-1.708
-1.742
-1.853
-2.075
-2.309
-2.422
-2.429
-2.418
-2.386
-2.313
-2.243
-2.211
-2.218
-2.227
-2.27
-2.402
-2.588
-2.751
-2.881
-2.987
-3.046
-3.012
-2.906
-2.769
-2.597
-2.411
-2.25
-2.202
-2.261
-2.338
-2.429
-2.57
-2.76
-2.903
-2.971
-2.985
-2.917
-2.767
-2.561
-2.359
-2.23
-2.137
-2.068
-2.041
-2.096
-2.2
-2.227
-2.157
-2.123
-2.091
-1.93
-1.628
-1.311
-1.075
-0.962
-0.939
-0.971
-1.021
-1.012
-0.932
-0.866
-0.853
-0.839
-0.721
-0.488
-0.302
-0.224
-0.152
-0.1
-0.177
-0.361
-0.499
-0.624
-0.78
-0.907
-0.946
-0.909
-0.846
-0.78
-0.721
-0.664
-0.671
-0.669
-0.61
-0.576
-0.689
-0.919
-1.136
-1.27
-1.34
-1.39
-1.406
-1.316
-1.161
-1.118
-1.177
-1.168
-1.113
-1.143
-1.223
-1.259
-1.324
-1.479
-1.644
-1.696
-1.579
-1.431
-1.347
-1.252
-1.123
-1.098
-1.191
-1.243
-1.218
-1.2
-1.232
-1.288
-1.324
-1.304
-1.243
-1.154
-1.032
-0.855
-0.746
-0.794
-0.828
-0.823
-0.93
-1.132
-1.27
-1.313
-1.293
-1.216
-1.095
-0.948
-0.853
-0.844
-0.832
-0.78
-0.798
-0.902
-0.968
-0.989
-1.034
-1.123
-1.206
-1.206
-1.111
-0.993
-0.86
-0.685
-0.488
-0.388
-0.442
-0.494
-0.481
-0.515
-0.576
-0.569
-0.478
-0.331
-0.168
-0.018
0.1
0.165
0.181
0.174
0.152
0.009
-0.249
-0.422
-0.501
-0.583
-0.655
-0.642
-0.565
-0.526
-0.533
-0.515
-0.46
-0.41
-0.435
-0.558
-0.578
-0.451
-0.361
-0.313
-0.159
0.109
0.39
0.615
0.771
0.864
0.905
0.887
0.869
0.912
0.928
0.862
0.889
1.061
1.25
1.377
1.479
1.565
1.622
1.642
1.635
1.599
1.544
1.461
1.327
1.245
1.279
1.322
1.363
1.488
1.651
1.735
1.753
1.774
1.81
1.823
1.772
1.742
1.767
1.767
1.687
1.703
1.869
2.048
2.143
2.168
2.189
2.236
2.243
2.157
2.037
1.955
1.896
1.817
1.826
1.957
2.046
2.071
2.139
2.234
2.261
2.227
2.211
2.218
2.2
2.121
2.01
1.957
1.978
2.028
2.143
2.32
2.431
2.459
2.463
2.468
2.418
2.313
2.177
2.066
2.023
1.946
1.753
1.599
1.658
1.737
1.685
1.59
1.527
1.497
1.431
1.275
1.095
1.002
0.959
0.93
0.95
1
1.052
1.195
1.424
1.544
1.574
1.613
1.721
1.835
1.867
1.867
1.907
2.105
2.422
2.672
2.799
2.955
3.151
3.271
3.357
3.452
3.531
3.579
3.588
3.615
3.702
3.808
3.911
4.117
4.414
4.632
4.716
4.831
5.008
5.099
5.083
5.001
4.902
4.838
4.806
4.809
4.834
4.902
5.008
5.056
5.051
5.09
5.115
5.067
5.006
4.933
4.775
4.591
4.434
4.364
4.355
4.355
4.375
4.471
4.568
4.53
4.407
4.38
4.375
4.264
4.115
4.01
3.96
3.933
3.919
3.956
4.06
4.201
4.301
4.28
4.194
4.058
3.849
3.62
3.48
3.421
3.373
3.391
3.52
3.668
3.774
3.831
3.874
3.992
4.133
4.169
4.13
4.126
4.126
4.105
4.135
4.214
4.314
4.407
4.493
4.534
4.509
4.514
4.57
4.575
4.502
4.487
4.543
4.627
4.711
4.779
4.877
5.038
5.224
5.344
5.355
5.326
5.324
5.351
5.326
5.224
5.135
5.163
5.256
5.328
5.394
5.467
5.562
5.664
5.761
5.818
5.829
5.809
5.748
5.607
5.428
5.328
5.267
5.201
5.156
5.133
5.144
5.181
5.197
5.217
5.253
5.274
5.274
5.278
5.274
5.228
5.205
5.267
5.349
5.385
5.435
5.532
5.643
5.732
5.775
5.775
5.757
5.788
5.847
5.884
5.947
6.02
6.036
6.038
6.077
6.129
6.197
6.244
6.224
6.145
6.02
5.888
5.795
5.754
5.682
5.589
5.619
5.736
5.809
5.825
5.864
5.94
5.97
5.954
5.929
5.898
5.898
5.916
5.891
5.809
5.782
5.795
5.757
5.698
5.65
5.58
5.509
5.469
5.462
5.455
5.482
5.537
5.605
5.677
5.714
5.714
5.748
5.8
5.805
5.791
5.816
5.857
5.904
5.97
6.081
6.208
6.358
6.485
6.542
6.523
6.496
6.478
6.41
6.306
6.176
6.038
5.922
5.872
5.845
5.802
5.748
5.682
5.653
5.643
5.598
5.543
5.55
5.553
5.514
5.496
5.516
5.56
5.612
5.675
5.716
5.689
5.609
5.53
5.448
5.339
5.244
5.169
5.085
5.024
5.031
5.09
5.167
5.217
5.217
5.197
5.201
5.201
5.181
5.156
5.106
5.056
5.008
4.938
4.87
4.861
4.888
4.893
4.886
4.895
4.924
4.949
4.965
4.945
4.852
4.752
4.679
4.618
4.611
4.677
4.752
4.779
4.827
4.895
4.911
4.872
4.847
4.861
4.831
4.772
4.772
4.836
4.886
4.922
4.958
4.999
5.036
5.017
4.965
4.94
4.936
4.895
4.827
4.779
4.722
4.632
4.6
4.625
4.673
4.732
4.806
4.906
5.022
5.092
5.133
5.138
5.126
5.113
5.079
5.013
4.981
5.02
5.076
5.085
5.085
5.113
5.146
5.153
5.11
5.04
4.929
4.802
4.652
4.527
4.48
4.446
4.398
4.359
4.321
4.255
4.162
4.087
4.058
4.042
4.008
3.97
3.965
3.944
3.847
3.754
3.745
3.79
3.831
3.863
3.917
4.001
4.06
4.046
3.992
3.904
3.801
3.742
3.761
3.801
3.811
3.829
3.885
3.99
4.096
4.144
4.151
4.146
4.112
4.024
3.938
3.883
3.863
3.856
3.854
3.852
3.874
3.901
3.911
3.892
3.87
3.856
3.811
3.702
3.6
3.554
3.525
3.48
3.427
3.391
3.345
3.255
3.107
2.942
2.822
2.72
2.599
2.472
2.372
2.291
2.214
2.139
2.116
2.121
2.105
2.064
2.01
1.898
1.774
1.679
1.572
1.427
1.345
1.361
1.415
1.49
1.549
1.581
1.574
1.542
1.504
1.479
1.476
1.515
1.617
1.726
1.744
1.703
1.66
1.628
1.601
1.613
1.665
1.735
1.751
1.742
1.765
1.805
1.76
1.694
1.681
1.713
1.694
1.633
1.608
1.683
1.814
1.914
1.928
1.914
1.896
1.812
1.683
1.606
1.565
1.529
1.513
1.558
1.654
1.746
1.808
1.869
1.889
1.842
1.796
1.746
1.672
1.554
1.411
1.295
1.234
1.193
1.164
1.116
1.052
0.955
0.844
0.76
0.68
0.585
0.476
0.338
0.186
0.1
0.1
0.15
0.263
0.417
0.558
0.619
0.592
0.56
0.528
0.456
0.37
0.333
0.347
0.406
0.542
0.726
0.896
0.987
0.944
0.796
0.617
0.44
0.263
0.111
0.016
-0.081
-0.188
-0.227
-0.199
-0.143
-0.068
-0.043
-0.07
-0.1
-0.186
-0.302
-0.388
-0.456
-0.596
-0.796
-0.964
-1.068
-1.15
-1.189
-1.152
-1.098
-1.111
-1.22
-1.409
-1.628
-1.833
-1.991
-2.096
-2.193
-2.264
-2.259
-2.216
-2.173
-2.127
-2.105
-2.15
-2.275
-2.404
-2.502
-2.538
-2.538
-2.586
-2.681
-2.71
-2.64
-2.568
-2.529
-2.459
-2.393
-2.384
-2.407
-2.45
-2.486
-2.488
-2.54
-2.652
-2.763
-2.867
-2.946
-2.917
-2.813
-2.74
-2.731
-2.799
-2.928
-3.073
-3.23
-3.43
-3.636
-3.813
-3.935
-4.031
-4.08
-4.042
-3.933
-3.799
-3.677
-3.697
-3.874
-4.028
-4.058
-4.04
-4.015
-3.972
-3.89
-3.763
-3.588
-3.35
-3.132
-3.026
-2.996
-2.971
-2.99
-3.083
-3.153
-3.164
-3.176
-3.23
-3.291
-3.296
-3.225
-3.155
-3.083
-3.017
-3.005
-3.08
-3.248
-3.445
-3.529
-3.52
-3.552
-3.62
-3.631
-3.554
-3.43
-3.241
-3.067
-3.026
-3.107
-3.171
-3.198
-3.28
-3.377
-3.38
-3.318
-3.289
-3.244
-3.151
-3.055
-2.969
-2.91
-2.906
-2.994
-3.121
-3.193
-3.198
-3.203
-3.23
-3.284
-3.38
-3.436
-3.404
-3.364
-3.348
-3.339
-3.352
-3.448
-3.595
-3.77
-3.94
-4.09
-4.201
-4.31
-4.443
-4.541
-4.489
-4.323
-4.183
-4.11
-4.065
-4.085
-4.164
-4.28
-4.364
-4.4
-4.387
-4.332
-4.264
-4.183
-4.051
-3.885
-3.795
-3.767
-3.761
-3.86
-4.126
-4.366
-4.487
-4.532
-4.57
-4.614
-4.604
-4.514
-4.353
-4.173
-4.019
-3.942
-3.881
-3.799
-3.765
-3.786
-3.756
-3.679
-3.629
-3.573
-3.475
-3.339
-3.166
-2.908
-2.611
-2.438
-2.411
-2.477
-2.652
-2.894
-3.096
-3.264
-3.457
-3.595
-3.631
-3.618
-3.559
-3.468
-3.436
-3.52
-3.677
-3.883
-4.101
-4.344
-4.543
-4.616
-4.604
-4.6
-4.541
-4.389
-4.235
-4.173
-4.223
-4.301
-4.382
-4.457
-4.514
-4.55
-4.582
-4.604
-4.634
-4.641
-4.546
-4.35
-4.196
-4.13
-4.046
-3.976
-4.026
-4.167
-4.289
-4.389
-4.502
-4.62
-4.709
-4.784
-4.852
-4.779
-4.598
-4.489
-4.453
-4.382
-4.314
-4.364
-4.527
-4.702
-4.809
-4.843
-4.827
-4.738
-4.586
-4.4
-4.235
-4.096
-3.972
-3.818
-3.693
-3.702
-3.756
-3.767
-3.799
-3.876
-3.956
-3.987
-3.96
-3.847
-3.722
-3.677
-3.731
-3.822
-3.874
-3.949
-4.135
-4.348
-4.491
-4.595
-4.709
-4.781
-4.725
-4.555
-4.335
-4.176
-4.112
-4.13
-4.187
-4.319
-4.552
-4.84
-5.058
-5.19
-5.315
-5.41
-5.423
-5.421
-5.489
-5.573
-5.641
-5.714
-5.822
-5.981
-6.19
-6.417
-6.623
-6.687
-6.567
-6.392
-6.267
-6.131
-5.974
-5.841
-5.75
-5.653
-5.509
-5.339
-5.167
-4.983
-4.82
-4.684
-4.484
-4.203
-3.949
-3.749
-3.554
-3.393
-3.293
-3.219
-3.164
-3.185
-3.191
-3.114
-3.005
-2.903
-2.819
-2.713
-2.579
-2.477
-2.382
-2.234
-2.112
-2.1
-2.155
-2.22
-2.368
-2.568
-2.724
-2.792
-2.788
-2.754
-2.749
-2.817
-2.937
-3.019
-3.085
-3.205
-3.364
-3.491
-3.602
-3.797
-4.04
-4.201
-4.255
-4.228
-4.164
-4.146
-4.189
-4.251
-4.291
-4.35
-4.446
-4.584
-4.691
-4.772
-4.908
-5.092
-5.176
-5.158
-5.108
-5.06
-4.972
-4.856
-4.747
-4.72
-4.809
-4.933
-4.997
-5.026
-5.09
-5.133
-5.058
-4.933
-4.915
-4.986
-5.036
-5.038
-5.022
-5.006
-5.031
-5.113
-5.205
-5.256
-5.26
-5.233
-5.185
-5.101
-5.02
-5.065
-5.215
-5.298
-5.271
-5.201
-5.119
-5.022
-4.89
-4.761
-4.643
-4.536
-4.412
-4.271
-4.158
-4.153
-4.162
-4.074
-3.958
-3.972
-4.099
-4.185
-4.196
-4.187
-4.149
-4.099
-4.037
-4.006
-3.976
-3.904
-3.824
-3.831
-3.897
-3.933
-3.97
-4.117
-4.298
-4.369
-4.35
-4.312
-4.287
-4.303
-4.316
-4.325
-4.355
-4.416
-4.505
-4.595
-4.704
-4.827
-4.915
-4.956
-5.036
-5.146
-5.174
-5.063
-4.895
-4.729
-4.57
-4.409
-4.255
-4.121
-4.042
-4.015
-4.065
-4.133
-4.128
-4.049
-4.003
-3.992
-3.908
-3.747
-3.575
-3.497
-3.48
-3.473
-3.466
-3.511
-3.595
-3.647
-3.652
-3.634
-3.661
-3.688
-3.686
-3.72
-3.833
-3.951
-3.97
-3.881
-3.795
-3.761
-3.729
-3.681
-3.629
-3.59
-3.604
-3.679
-3.799
-3.863
-3.852
-3.885
-4.001
-4.108
-4.126
-4.103
-4.069
-4.021
-3.951
-3.854
-3.752
-3.69
-3.652
-3.652
-3.666
-3.695
-3.738
-3.733
-3.731
-3.788
-3.835
-3.779
-3.62
-3.457
-3.303
-3.137
-2.946
-2.813
-2.765
-2.713
-2.645
-2.62
-2.636
-2.654
-2.622
-2.577
-2.563
-2.49
-2.311
-2.134
-2
-1.853
-1.685
-1.579
-1.565
-1.606
-1.69
-1.808
-1.926
-2.019
-2.082
-2.087
-2.089
-2.118
-2.137
-2.118
-2.091
-2.071
-2.041
-2.023
-2.01
-2.016
-1.975
-1.871
-1.774
-1.767
-1.774
-1.746
-1.746
-1.81
-1.91
-1.944
-1.901
-1.901
-1.939
-1.941
-1.903
-1.91
-1.985
-2.08
-2.2
-2.343
-2.477
-2.579
-2.674
-2.749
-2.808
-2.853
-2.856
-2.842
-2.781
-2.617
-2.434
-2.311
-2.252
-2.207
-2.121
-2.016
-1.969
-1.98
-1.985
-1.937
-1.86
-1.73
-1.583
-1.438
-1.282
-1.13
-0.957
-0.773
-0.683
-0.705
-0.735
-0.735
-0.751
-0.769
-0.712
-0.569
-0.438
-0.324
-0.202
-0.043
0.159
0.354
0.515
0.642
0.721
0.76
0.785
0.816
0.878
0.934
0.998
1.059
1.116
1.186
1.27
1.379
1.481
1.565
1.656
1.742
1.817
1.851
1.848
1.878
1.941
2.016
2.075
2.125
2.184
2.218
2.164
2.071
1.996
1.941
1.926
1.921
1.912
1.948
1.971
1.994
2.057
2.173
2.243
2.223
2.18
2.134
2.046
1.944
1.887
1.924
1.991
2.059
2.125
2.191
2.232
2.266
2.298
2.279
2.2
2.13
2.078
2.032
1.987
1.93
1.844
1.765
1.751
1.76
1.776
1.78
1.778
1.749
1.694
1.665
1.667
1.656
1.633
1.628
1.633
1.626
1.635
1.726
1.867
1.955
1.998
2.012
2.005
1.994
1.975
1.996
2.053
2.109
2.127
2.164
2.275
2.4
2.475
2.513
2.543
2.581
2.629
2.676
2.747
2.797
2.824
2.876
2.949
3.033
3.151
3.298
3.463
3.597
3.681
3.731
3.776
3.86
3.911
3.888
3.911
3.992
4.08
4.164
4.276
4.416
4.566
4.654
4.668
4.675
4.725
4.779
4.825
4.874
4.906
4.897
4.863
4.825
4.818
4.8
4.756
4.75
4.786
4.82
4.852
4.915
4.954
4.936
4.847
4.711
4.582
4.536
4.557
4.555
4.555
4.614
4.707
4.802
4.847
4.865
4.865
4.82
4.741
4.661
4.618
4.614
4.645
4.698
4.75
4.766
4.763
4.761
4.736
4.713
4.727
4.698
4.641
4.623
4.643
4.67
4.734
4.795
4.811
4.847
4.943
5.045
5.113
5.138
5.129
5.151
5.172
5.14
5.124
5.176
5.274
5.378
5.442
5.471
5.516
5.562
5.589
5.553
5.433
5.296
5.233
5.203
5.167
5.188
5.26
5.321
5.351
5.321
5.296
5.33
5.353
5.285
5.183
5.129
5.131
5.153
5.178
5.212
5.253
5.26
5.246
5.231
5.246
5.283
5.326
5.374
5.364
5.271
5.205
5.235
5.298
5.337
5.305
5.265
5.278
5.298
5.294
5.294
5.312
5.33
5.298
5.21
5.144
5.144
5.188
5.167
5.099
5.099
5.201
5.337
5.416
5.455
5.498
5.523
5.519
5.512
5.555
5.646
5.775
5.911
6.018
6.043
6.04
6.129
6.297
6.428
6.44
6.396
6.406
6.469
6.512
6.505
6.514
6.564
6.605
6.632
6.653
6.682
6.719
6.755
6.721
6.632
6.592
6.632
6.675
6.644
6.603
6.657
6.773
6.841
6.843
6.837
6.859
6.85
6.773
6.63
6.508
6.483
6.528
6.553
6.492
6.383
6.274
6.21
6.163
6.086
5.959
5.884
5.959
6.052
6.033
5.952
5.884
5.834
5.761
5.643
5.535
5.503
5.528
5.523
5.462
5.439
5.501
5.553
5.505
5.446
5.457
5.526
5.557
5.516
5.453
5.423
5.41
5.396
5.378
5.328
5.246
5.174
5.113
5.07
5.024
4.983
4.981
5.04
5.131
5.19
5.188
5.185
5.228
5.228
5.165
5.09
5.013
4.911
4.822
4.786
4.781
4.786
4.834
4.938
5.058
5.192
5.326
5.353
5.292
5.301
5.416
5.543
5.568
5.523
5.469
5.383
5.281
5.169
5.076
5.008
4.977
4.954
4.943
4.954
4.958
4.947
4.999
5.129
5.235
5.244
5.183
5.135
5.06
4.895
4.702
4.548
4.455
4.396
4.38
4.384
4.384
4.348
4.264
4.232
4.294
4.403
4.423
4.31
4.196
4.178
4.221
4.217
4.117
4.026
3.967
3.894
3.799
3.697
3.613
3.59
3.609
3.656
3.729
3.815
3.879
3.933
3.997
4.012
3.976
3.94
3.992
4.087
4.11
4.09
4.08
4.071
4.053
4.071
4.115
4.155
4.214
4.301
4.391
4.459
4.552
4.677
4.718
4.648
4.623
4.657
4.702
4.693
4.636
4.577
4.502
4.43
4.355
4.266
4.18
4.137
4.112
4.108
4.151
4.178
4.176
4.198
4.262
4.301
4.307
4.266
4.248
4.276
4.208
4.031
3.833
3.652
3.459
3.284
3.148
3.071
3.01
2.903
2.808
2.74
2.729
2.747
2.681
2.484
2.25
2.075
1.939
1.774
1.567
1.365
1.206
1.086
0.987
0.889
0.807
0.757
0.785
0.846
0.889
0.912
0.93
0.984
1.1
1.229
1.284
1.275
1.291
1.352
1.356
1.297
1.247
1.261
1.334
1.447
1.579
1.713
1.842
1.962
2.068
2.175
2.32
2.549
2.74
2.799
2.799
2.822
2.844
2.785
2.692
2.629
2.586
2.549
2.556
2.613
2.708
2.833
2.951
3.069
3.164
3.219
3.237
3.271
3.343
3.409
3.4
3.28
3.148
3.085
2.999
2.828
2.647
2.484
2.368
2.313
2.298
2.27
2.225
2.189
2.159
2.121
2.082
2.073
2.071
2.016
1.966
1.957
1.96
1.914
1.792
1.642
1.527
1.456
1.409
1.413
1.456
1.529
1.603
1.644
1.626
1.531
1.361
1.211
1.154
1.123
1.014
0.812
0.608
0.494
0.419
0.274
0.077
-0.109
-0.238
-0.29
-0.306
-0.308
-0.277
-0.247
-0.297
-0.422
-0.51
-0.494
-0.451
-0.503
-0.596
-0.642
-0.637
-0.68
-0.778
-0.86
-0.909
-0.946
-0.98
-1.005
-1.012
-0.975
-0.898
-0.805
-0.723
-0.653
-0.621
-0.649
-0.676
-0.701
-0.751
-0.848
-0.885
-0.835
-0.807
-0.878
-1.039
-1.182
-1.265
-1.299
-1.318
-1.322
-1.35
-1.392
-1.447
-1.499
-1.524
-1.524
-1.542
-1.626
-1.735
-1.826
-1.865
-1.919
-2.025
-2.093
-2.096
-2.089
-2.13
-2.189
-2.252
-2.311
-2.377
-2.42
-2.425
-2.418
-2.454
-2.563
-2.676
-2.706
-2.729
-2.781
-2.831
-2.881
-2.951
-3.058
-3.151
-3.148
-3.048
-2.946
-2.903
-2.887
-2.876
-2.899
-2.955
-2.994
-2.976
-2.924
-2.897
-2.91
-2.901
-2.862
-2.887
-2.955
-3.003
-3.012
-3.019
-3.017
-2.996
-2.978
-2.951
-2.924
-2.887
-2.858
-2.84
-2.797
-2.749
-2.754
-2.788
-2.745
-2.631
-2.568
-2.586
-2.62
-2.665
-2.731
-2.79
-2.815
-2.79
-2.785
-2.838
-2.881
-2.874
-2.908
-3.005
-3.105
-3.148
-3.114
-3.08
-3.096
-3.13
-3.178
-3.246
-3.339
-3.47
-3.647
-3.824
-3.981
-4.115
-4.244
-4.371
-4.457
-4.518
-4.629
-4.831
-5.06
-5.292
-5.507
-5.687
-5.838
-5.965
-6.043
-6.074
-6.072
-6.108
-6.229
-6.344
-6.39
-6.362
-6.283
-6.206
-6.156
-6.074
-5.925
-5.836
-5.847
-5.829
-5.757
-5.648
-5.523
-5.412
-5.344
-5.271
-5.169
-5.079
-5.022
-4.99
-4.899
-4.793
-4.784
-4.797
-4.75
-4.657
-4.584
-4.555
-4.559
-4.602
-4.632
-4.611
-4.582
-4.548
-4.525
-4.496
-4.489
-4.53
-4.609
-4.682
-4.747
-4.809
-4.815
-4.827
-4.831
-4.813
-4.8
-4.795
-4.768
-4.707
-4.625
-4.539
-4.48
-4.484
-4.525
-4.552
-4.527
-4.489
-4.459
-4.443
-4.457
-4.509
-4.564
-4.639
-4.725
-4.777
-4.768
-4.725
-4.679
-4.618
-4.566
-4.521
-4.471
-4.416
-4.382
-4.369
-4.371
-4.371
-4.328
-4.269
-4.219
-4.167
-4.16
-4.221
-4.357
-4.496
-4.634
-4.745
-4.809
-4.843
-4.886
-4.972
-5.09
-5.278
-5.509
-5.72
-5.875
-5.965
-5.999
-6.067
-6.161
-6.235
-6.267
-6.263
-6.256
-6.285
-6.331
-6.333
-6.288
-6.229
-6.167
-6.063
-5.95
-5.906
-5.913
-5.974
-6.033
-6.016
-5.938
-5.87
-5.813
-5.729
-5.616
-5.514
-5.457
-5.457
-5.476
-5.444
-5.367
-5.271
-5.115
-4.927
-4.752
-4.609
-4.511
-4.482
-4.473
-4.446
-4.396
-4.316
-4.223
-4.137
-4.06
-3.974
-3.911
-3.917
-4.01
-4.105
-4.146
-4.144
-4.103
-4.087
-4.094
-4.083
-4.08
-4.105
-4.137
-4.158
-4.178
-4.198
-4.239
-4.31
-4.396
-4.443
-4.462
-4.514
-4.586
-4.691
-4.777
-4.8
-4.822
-4.89
-4.956
-4.967
-4.931
-4.884
-4.874
-4.945
-4.999
-4.997
-4.967
-4.945
-4.974
-5.036
-5.122
-5.242
-5.387
-5.562
-5.718
-5.82
-5.87
-5.893
-5.891
-5.9
-5.925
-5.959
-6.024
-6.111
-6.206
-6.26
-6.29
-6.315
-6.276
-6.208
-6.117
-6.006
-5.943
-5.934
-5.911
-5.847
-5.718
-5.564
-5.398
-5.212
-5.017
-4.836
-4.704
-4.595
-4.473
-4.287
-4.092
-3.938
-3.806
-3.681
-3.502
-3.303
-3.137
-2.976
-2.754
-2.49
-2.234
-1.987
-1.751
-1.563
-1.463
-1.417
-1.331
-1.195
-1.077
-1.027
-0.987
-0.959
-1.007
-1.111
-1.238
-1.358
-1.47
-1.558
-1.642
-1.69
-1.708
-1.674
-1.662
-1.713
-1.769
-1.821
-1.901
-1.991
-2.059
-2.114
-2.155
-2.209
-2.268
-2.302
-2.313
-2.318
-2.289
-2.236
-2.196
-2.205
-2.252
-2.311
-2.352
-2.431
-2.572
-2.692
-2.74
-2.767
-2.824
-2.965
-3.139
-3.291
-3.398
-3.463
-3.516
-3.568
-3.593
-3.577
-3.581
-3.554
-3.438
-3.364
-3.377
-3.425
-3.486
-3.586
-3.704
-3.792
-3.79
-3.683
-3.566
-3.463
-3.366
-3.257
-3.185
-3.148
-3.114
-3.039
-2.931
-2.799
-2.604
-2.359
-2.137
-1.975
-1.873
-1.796
-1.715
-1.626
-1.556
-1.488
-1.404
-1.261
-1.061
-0.846
-0.624
-0.383
-0.218
-0.204
-0.258
-0.277
-0.267
-0.292
-0.324
-0.322
-0.297
-0.283
-0.322
-0.363
-0.345
-0.306
-0.326
-0.408
-0.535
-0.687
-0.862
-0.998
-1.061
-1.12
-1.179
-1.177
-1.179
-1.261
-1.392
-1.502
-1.603
-1.703
-1.803
-1.86
-1.887
-1.91
-1.844
-1.69
-1.585
-1.565
-1.527
-1.479
-1.497
-1.585
-1.692
-1.765
-1.776
-1.769
-1.755
-1.69
-1.617
-1.581
-1.561
-1.51
-1.454
-1.424
-1.392
-1.309
-1.213
-1.147
-1.098
-1.032
-0.962
-0.953
-0.964
-0.975
-0.998
-1.007
-1.002
-1.007
-1.005
-0.953
-0.841
-0.748
-0.762
-0.816
-0.803
-0.764
-0.776
-0.871
-0.989
-1.068
-1.161
-1.268
-1.331
-1.329
-1.322
-1.322
-1.293
-1.238
-1.245
-1.297
-1.299
-1.236
-1.17
-1.098
-1.012
-0.962
-0.964
-0.991
-1.037
-1.093
-1.164
-1.236
-1.329
-1.424
-1.495
-1.454
-1.35
-1.295
-1.291
-1.223
-1.091
-1.014
-1.018
-1.061
-1.095
-1.091
-1.077
-1.073
-1.037
-0.948
-0.871
-0.762
-0.61
-0.547
-0.583
-0.594
-0.528
-0.474
-0.413
-0.295
-0.122
0.047
0.197
0.331
0.46
0.556
0.594
0.59
0.533
0.524
0.664
0.841
0.925
0.991
1.118
1.234
1.322
1.345
1.304
1.257
1.238
1.225
1.198
1.145
1.189
1.347
1.427
1.358
1.288
1.232
1.154
1.08
1.018
0.957
0.934
0.959
0.993
0.984
0.959
0.916
0.828
0.699
0.594
0.469
0.274
0.102
0.007
-0.081
-0.181
-0.249
-0.299
-0.32
-0.308
-0.29
-0.302
-0.326
-0.308
-0.211
-0.102
-0.059
-0.004
0.147
0.302
0.419
0.544
0.669
0.769
0.855
0.912
0.98
1.059
1.127
1.159
1.186
1.302
1.443
1.461
1.409
1.392
1.406
1.39
1.37
1.365
1.372
1.392
1.411
1.445
1.438
1.386
1.402
1.454
1.431
1.372
1.37
1.42
1.49
1.567
1.656
1.726
1.819
1.91
1.935
1.917
1.917
1.939
1.941
1.978
2.109
2.245
2.318
2.391
2.5
2.581
2.627
2.64
2.658
2.692
2.74
2.785
2.788
2.79
2.919
3.107
3.159
3.103
3.114
3.159
3.144
3.096
3.096
3.11
3.153
3.212
3.264
3.348
3.477
3.573
3.604
3.652
3.725
3.756
3.729
3.725
3.765
3.849
3.97
4.037
4.04
4.008
3.972
3.913
3.806
3.661
3.607
3.643
3.622
3.548
3.531
3.531
3.468
3.375
3.282
3.176
3.058
2.985
2.967
3.008
3.083
3.176
3.271
3.352
3.48
3.568
3.541
3.502
3.531
3.568
3.552
3.525
3.531
3.566
3.559
3.507
3.452
3.391
3.364
3.402
3.407
3.286
3.171
3.155
3.187
3.221
3.269
3.341
3.421
3.507
3.584
3.602
3.579
3.561
3.529
3.484
3.504
3.552
3.554
3.575
3.686
3.842
4.001
4.194
4.405
4.582
4.688
4.818
4.986
5.113
5.174
5.29
5.455
5.564
5.6
5.643
5.72
5.832
5.988
6.165
6.315
6.428
6.514
6.589
6.648
6.696
6.698
6.703
6.825
7.018
7.079
7.009
6.95
6.939
6.927
6.866
6.737
6.571
6.433
6.351
6.294
6.21
6.122
6.131
6.192
6.12
5.916
5.736
5.591
5.408
5.199
4.992
4.777
4.557
4.307
4.021
3.772
3.581
3.37
3.151
3.003
2.817
2.543
2.273
2.021
1.758
1.504
1.254
1.014
0.803
0.621
0.41
0.188
0.095
0.138
0.147
0.15
0.267
0.492
0.751
0.98
1.204
1.461
1.758
2.016
2.243
2.475
2.661
2.853
3.114
3.359
3.534
3.702
3.892
4.124
4.364
4.589
4.852
5.205
5.607
5.965
6.254
6.548
6.907
7.258
7.533
7.773
7.977
8.163
8.39
8.667
8.919
9.128
9.348
9.604
9.84
9.96
9.953
9.894
9.785
9.574
9.327
9.107
8.919
8.792
8.715
8.644
8.531
8.413
8.3
8.191
8.086
7.969
7.782
7.576
7.449
7.349
7.192
7.041
6.939
6.832
6.721
6.594
6.46
6.344
6.219
6.065
5.911
5.741
5.519
5.267
5.054
4.89
4.756
4.639
4.527
4.434
4.378
4.382
4.428
4.523
4.698
4.895
5.056
5.205
5.353
5.423
5.419
5.389
5.383
5.383
5.351
5.262
5.199
5.199
5.228
5.224
5.165
5.108
5.092
5.076
4.979
4.793
4.586
4.409
4.23
4.01
3.774
3.552
3.328
3.105
2.951
2.84
2.792
2.833
2.935
3.076
3.189
3.262
3.35
3.457
3.545
3.55
3.445
3.266
3.087
2.892
2.683
2.504
2.425
2.447
2.493
2.543
2.579
2.622
2.661
2.672
2.649
2.588
2.522
2.506
2.513
2.531
2.59
2.688
2.84
3.026
3.205
3.404
3.634
3.858
4.06
4.248
4.441
4.645
4.82
4.943
5.02
5.099
5.249
5.448
5.623
5.746
5.845
5.959
6.054
6.106
6.124
6.154
6.235
6.319
6.326
6.263
6.167
6.088
6.04
5.979
5.864
5.727
5.602
5.494
5.362
5.194
5.024
4.847
4.616
4.332
4.003
3.656
3.303
2.994
2.724
2.409
2.034
1.69
1.409
1.168
0.907
0.64
0.406
0.218
0.036
-0.174
-0.395
-0.592
-0.778
-0.982
-1.189
-1.352
-1.461
-1.499
-1.522
-1.535
-1.515
-1.443
-1.327
-1.257
-1.238
-1.245
-1.232
-1.27
-1.372
-1.492
-1.54
-1.499
-1.409
-1.329
-1.236
-1.061
-0.828
-0.615
-0.469
-0.395
-0.342
-0.308
-0.302
-0.326
-0.372
-0.415
-0.404
-0.315
-0.199
-0.136
-0.077
-0.009
0.059
0.07
-0.043
-0.188
-0.277
-0.349
-0.454
-0.569
-0.662
-0.764
-0.878
-0.95
-0.993
-1.066
-1.147
-1.15
-1.089
-1.043
-1.016
-0.946
-0.771
-0.594
-0.549
-0.578
-0.571
-0.537
-0.522
-0.533
-0.526
-0.485
-0.463
-0.438
-0.385
-0.345
-0.34
-0.361
-0.358
-0.277
-0.238
-0.32
-0.426
-0.49
-0.569
-0.714
-0.869
-0.953
-0.973
-0.998
-1.016
-0.982
-0.912
-0.812
-0.723
-0.64
-0.531
-0.447
-0.415
-0.381
-0.324
-0.311
-0.345
-0.404
-0.442
-0.497
-0.59
-0.635
-0.612
-0.558
-0.481
-0.356
-0.188
-0.002
0.143
0.247
0.302
0.27
0.193
0.091
-0.016
-0.1
-0.147
-0.122
-0.029
0.072
0.17
0.292
0.426
0.542
0.594
0.517
0.372
0.274
0.172
0.007
-0.184
-0.379
-0.599
-0.835
-1.066
-1.265
-1.411
-1.551
-1.687
-1.814
-1.919
-2.039
-2.211
-2.434
-2.708
-2.944
-3.119
-3.316
-3.55
-3.733
-3.826
-3.854
-3.89
-3.97
-4.046
-4.087
-4.101
-4.117
-4.198
-4.273
-4.242
-4.126
-4.046
-4.001
-3.928
-3.822
-3.727
-3.708
-3.756
-3.863
-4.035
-4.198
-4.285
-4.307
-4.312
-4.296
-4.217
-4.035
-3.874
-3.863
-3.928
-3.922
-3.87
-3.917
-4.044
-4.133
-4.176
-4.232
-4.276
-4.271
-4.23
-4.196
-4.167
-4.139
-4.128
-4.178
-4.226
-4.187
-4.112
-4.062
-4.001
-3.915
-3.856
-3.874
-3.96
-4.046
-4.071
-4.053
-4.037
-3.981
-3.845
-3.666
-3.516
-3.339
-3.13
-2.996
-3.003
-3.055
-3.017
-2.994
-3.098
-3.246
-3.316
-3.364
-3.441
-3.566
-3.695
-3.815
-3.967
-4.162
-4.394
-4.614
-4.8
-4.936
-5.081
-5.256
-5.421
-5.539
-5.627
-5.739
-5.87
-6.038
-6.235
-6.419
-6.576
-6.723
-6.861
-6.923
-6.889
-6.827
-6.771
-6.721
-6.68
-6.644
-6.535
-6.392
-6.326
-6.34
-6.353
-6.315
-6.208
-6.083
-5.957
-5.807
-5.612
-5.374
-5.176
-5.081
-5.022
-4.872
-4.707
-4.666
-4.673
-4.566
-4.362
-4.228
-4.183
-4.146
-4.128
-4.124
-4.115
-4.08
-4.033
-4.012
-4.006
-3.983
-4.024
-4.144
-4.246
-4.323
-4.432
-4.55
-4.654
-4.775
-4.877
-4.972
-5.072
-5.197
-5.353
-5.526
-5.673
-5.82
-5.961
-6.038
-6.12
-6.231
-6.306
-6.347
-6.385
-6.403
-6.39
-6.362
-6.326
-6.324
-6.41
-6.494
-6.492
-6.551
-6.691
-6.775
-6.759
-6.734
-6.739
-6.773
-6.805
-6.812
-6.798
-6.739
-6.698
-6.778
-6.866
-6.852
-6.859
-6.982
-7.097
-7.12
-7.084
-7.052
-7.063
-7.047
-6.982
-6.952
-7.013
-7.054
-6.991
-6.855
-6.65
-6.403
-6.21
-6.111
-6.031
-5.886
-5.714
-5.63
-5.594
-5.498
-5.353
-5.176
-4.94
-4.707
-4.534
-4.348
-4.155
-3.974
-3.806
-3.674
-3.556
-3.421
-3.273
-3.225
-3.225
-3.153
-3.046
-2.99
-2.985
-3.041
-3.114
-3.151
-3.191
-3.291
-3.466
-3.607
-3.659
-3.702
-3.826
-3.965
-3.985
-3.981
-4.06
-4.162
-4.257
-4.391
-4.582
-4.772
-4.92
-4.999
-5.083
-5.215
-5.239
-5.126
-5.011
-4.906
-4.745
-4.582
-4.496
-4.468
-4.416
-4.316
-4.226
-4.164
-4.065
-3.953
-3.899
-3.754
-3.477
-3.225
-3.005
-2.751
-2.438
-2.093
-1.751
-1.429
-1.127
-0.88
-0.778
-0.823
-0.819
-0.769
-0.823
-0.968
-1.107
-1.24
-1.386
-1.54
-1.674
-1.769
-1.858
-1.941
-2.023
-2.184
-2.391
-2.524
-2.604
-2.745
-2.951
-3.159
-3.362
-3.538
-3.683
-3.806
-3.919
-4.019
-4.171
-4.298
-4.287
-4.21
-4.133
-4.08
-4.067
-4.078
-4.094
-4.153
-4.26
-4.382
-4.498
-4.573
-4.634
-4.686
-4.636
-4.437
-4.269
-4.208
-4.158
-4.092
-3.99
-3.874
-3.759
-3.627
-3.509
-3.493
-3.538
-3.489
-3.398
-3.384
-3.404
-3.414
-3.438
-3.484
-3.518
-3.493
-3.4
-3.33
-3.328
-3.339
-3.398
-3.507
-3.525
-3.486
-3.543
-3.663
-3.738
-3.763
-3.754
-3.722
-3.62
-3.43
-3.239
-3.191
-3.198
-3.087
-2.931
-2.847
-2.828
-2.831
-2.822
-2.781
-2.688
-2.552
-2.348
-2.146
-1.966
-1.848
-1.837
-1.842
-1.751
-1.654
-1.64
-1.674
-1.701
-1.637
-1.479
-1.334
-1.265
-1.232
-1.206
-1.232
-1.213
-1.152
-1.143
-1.154
-1.127
-1.113
-1.143
-1.168
-1.168
-1.132
-1.102
-1.116
-1.125
-1.141
-1.105
-0.932
-0.685
-0.537
-0.474
-0.429
-0.39
-0.379
-0.388
-0.397
-0.372
-0.34
-0.313
-0.258
-0.179
-0.1
-0.02
0.034
0.02
-0.077
-0.17
-0.184
-0.181
-0.238
-0.333
-0.408
-0.454
-0.483
-0.501
-0.515
-0.526
-0.596
-0.748
-0.928
-1.077
-1.206
-1.329
-1.402
-1.415
-1.445
-1.49
-1.492
-1.422
-1.363
-1.372
-1.445
-1.506
-1.551
-1.592
-1.637
-1.624
-1.483
-1.232
-0.987
-0.803
-0.587
-0.231
0.145
0.381
0.465
0.497
0.574
0.685
0.782
0.898
1.023
1.154
1.288
1.438
1.615
1.805
1.987
2.15
2.293
2.341
2.32
2.348
2.497
2.679
2.783
2.817
2.851
2.912
3.012
3.157
3.278
3.343
3.382
3.393
3.368
3.368
3.375
3.339
3.216
3.005
2.799
2.708
2.672
2.645
2.636
2.586
2.45
2.32
2.223
2.152
2.084
1.982
1.842
1.699
1.622
1.622
1.717
1.853
1.917
1.887
1.86
1.844
1.833
1.799
1.787
1.799
1.78
1.742
1.744
1.833
1.98
2.143
2.234
2.189
2.084
1.987
1.919
1.853
1.755
1.617
1.485
1.354
1.27
1.265
1.299
1.324
1.284
1.195
1.066
0.912
0.746
0.615
0.528
0.44
0.317
0.224
0.229
0.292
0.379
0.481
0.553
0.565
0.51
0.449
0.426
0.456
0.503
0.558
0.624
0.685
0.76
0.846
0.95
1.03
1.039
0.939
0.81
0.726
0.753
0.848
0.889
0.83
0.776
0.787
0.823
0.891
0.989
1.066
1.064
1.002
0.925
0.898
0.896
0.855
0.807
0.787
0.735
0.699
0.723
0.801
0.869
0.86
0.792
0.708
0.628
0.553
0.497
0.467
0.469
0.499
0.544
0.624
0.753
0.88
0.98
1.057
1.061
1.05
1.091
1.111
1.089
1.077
1.075
1.098
1.17
1.334
1.585
1.871
2.105
2.25
2.313
2.304
2.289
2.338
2.452
2.561
2.652
2.699
2.706
2.758
2.862
2.994
3.114
3.187
3.198
3.114
2.946
2.747
2.595
2.563
2.642
2.788
2.901
2.958
2.985
2.983
2.969
2.967
2.894
2.803
2.774
2.765
2.697
2.597
2.558
2.64
2.794
2.955
3.103
3.157
3.062
2.856
2.658
2.488
2.334
2.277
2.304
2.316
2.275
2.157
2.014
1.935
1.914
1.894
1.812
1.667
1.513
1.392
1.34
1.345
1.399
1.51
1.606
1.662
1.733
1.792
1.867
1.953
2.048
2.125
2.157
2.103
1.978
1.817
1.685
1.651
1.694
1.799
1.889
1.964
2.023
2.023
1.973
1.88
1.789
1.721
1.687
1.628
1.533
1.415
1.318
1.268
1.282
1.34
1.406
1.454
1.479
1.506
1.563
1.656
1.789
1.946
2.078
2.173
2.205
2.171
2.137
2.109
2.082
2.071
2.078
2.078
2.059
2.062
2.068
2.082
2.162
2.293
2.413
2.54
2.629
2.656
2.62
2.472
2.25
2.028
1.869
1.785
1.715
1.647
1.606
1.624
1.667
1.755
1.848
1.964
2.066
2.146
2.193
2.243
2.257
2.236
2.227
2.252
2.277
2.295
2.302
2.295
2.273
2.261
2.268
2.239
2.198
2.162
2.127
2.096
2.064
2.023
1.987
1.953
1.901
1.803
1.669
1.527
1.375
1.232
1.15
1.179
1.25
1.277
1.302
1.365
1.447
1.549
1.692
1.848
2.014
2.196
2.338
2.411
2.418
2.404
2.445
2.518
2.531
2.481
2.45
2.472
2.54
2.686
2.862
3.01
3.142
3.237
3.296
3.323
3.345
3.345
3.323
3.262
3.266
3.352
3.43
3.457
3.468
3.489
3.47
3.341
3.178
3.114
3.13
3.148
3.198
3.296
3.357
3.352
3.314
3.257
3.155
3.019
2.838
2.606
2.37
2.139
1.903
1.669
1.502
1.465
1.515
1.556
1.588
1.59
1.502
1.331
1.12
0.923
0.816
0.762
0.674
0.585
0.533
0.454
0.388
0.442
0.587
0.714
0.789
0.846
0.862
0.857
0.891
0.982
1.095
1.245
1.424
1.59
1.772
2.041
2.357
2.599
2.781
2.98
3.114
3.114
3.037
3.019
3.112
3.284
3.443
3.629
3.865
4.017
4.033
4.065
4.192
4.303
4.359
4.443
4.575
4.695
4.734
4.657
4.546
4.48
4.439
4.344
4.21
4.126
4.037
3.876
3.759
3.797
3.928
4.044
4.094
4.094
4.09
4.101
4.076
4.031
4.031
4.065
4.026
3.842
3.602
3.457
3.404
3.368
3.305
3.291
3.364
3.475
3.604
3.749
3.826
3.795
3.727
3.688
3.652
3.552
3.411
3.266
3.232
3.321
3.416
3.47
3.536
3.659
3.795
3.894
3.967
3.981
3.906
3.79
3.718
3.708
3.722
3.693
3.654
3.649
3.602
3.432
3.216
3.033
2.867
2.642
2.425
2.354
2.37
2.372
2.363
2.427
2.588
2.731
2.735
2.629
2.524
2.431
2.291
2.112
2.023
2.087
2.182
2.234
2.293
2.425
2.608
2.774
2.928
3.094
3.185
3.132
2.98
2.826
2.751
2.724
2.724
2.769
2.833
2.881
2.935
3.06
3.244
3.362
3.402
3.47
3.545
3.6
3.681
3.831
4.021
4.239
4.446
4.595
4.688
4.725
4.666
4.541
4.491
4.527
4.514
4.428
4.382
4.45
4.555
4.632
4.675
4.752
4.89
5.008
5.045
5.004
4.986
4.997
5.008
4.967
4.849
4.698
4.582
4.566
4.586
4.582
4.611
4.725
4.815
4.829
4.768
4.666
4.546
4.407
4.26
4.08
3.879
3.683
3.514
3.38
3.33
3.321
3.246
3.087
2.878
2.708
2.595
2.497
2.427
2.372
2.298
2.186
2.089
2.014
1.955
1.944
2.019
2.184
2.309
2.289
2.196
2.152
2.157
2.107
2.03
1.991
1.951
1.912
1.882
1.851
1.842
1.871
1.941
1.987
1.901
1.681
1.388
1.134
1.037
1.041
1.016
0.987
1.009
1.071
1.141
1.204
1.275
1.354
1.434
1.476
1.465
1.413
1.381
1.456
1.624
1.846
2.037
2.18
2.307
2.422
2.472
2.438
2.404
2.391
2.382
2.397
2.45
2.497
2.504
2.479
2.42
2.363
2.307
2.264
2.189
2.141
2.191
2.298
2.404
2.511
2.661
2.785
2.849
2.847
2.819
2.749
2.658
2.577
2.5
2.427
2.4
2.452
2.577
2.667
2.656
2.563
2.509
2.54
2.552
2.47
2.382
2.313
2.239
2.134
1.996
1.851
1.749
1.656
1.54
1.417
1.272
1.152
1.014
0.902
0.848
0.789
0.633
0.422
0.238
0.095
-0.027
-0.104
-0.106
-0.084
-0.095
-0.199
-0.372
-0.515
-0.599
-0.635
-0.692
-0.76
-0.837
-1.007
-1.195
-1.213
-1.086
-0.964
-0.891
-0.81
-0.703
-0.621
-0.628
-0.712
-0.746
-0.719
-0.76
-0.841
-0.828
-0.762
-0.669
-0.508
-0.286
-0.047
0.129
0.222
0.281
0.288
0.209
0.184
0.227
0.218
0.177
0.152
0.122
0.106
0.165
0.308
0.506
0.676
0.717
0.608
0.467
0.324
0.168
0.084
0.104
0.154
0.209
0.249
0.211
0.109
-0.027
-0.163
-0.342
-0.571
-0.798
-0.978
-1.198
-1.461
-1.622
-1.631
-1.606
-1.572
-1.524
-1.549
-1.635
-1.733
-1.814
-1.848
-1.821
-1.873
-2.003
-2.071
-2.109
-2.162
-2.155
-2.064
-1.953
-1.86
-1.812
-1.762
-1.692
-1.617
-1.533
-1.474
-1.51
-1.579
-1.62
-1.651
-1.715
-1.778
-1.848
-1.93
-1.985
-2.041
-2.107
-2.148
-2.155
-2.191
-2.168
-2.055
-1.921
-1.821
-1.765
-1.728
-1.662
-1.549
-1.411
-1.291
-1.279
-1.313
-1.282
-1.257
-1.322
-1.431
-1.492
-1.497
-1.463
-1.431
-1.409
-1.37
-1.309
-1.302
-1.338
-1.347
-1.363
-1.434
-1.54
-1.719
-1.948
-2.123
-2.211
-2.243
-2.259
-2.282
-2.3
-2.286
-2.259
-2.211
-2.134
-2.132
-2.205
-2.259
-2.298
-2.357
-2.431
-2.534
-2.674
-2.799
-2.903
-3.01
-3.076
-3.064
-3.067
-3.069
-3.046
-3.03
-3.003
-2.937
-2.878
-2.849
-2.86
-2.897
-2.892
-2.885
-2.915
-2.937
-2.919
-2.912
-2.897
-2.831
-2.735
-2.624
-2.477
-2.316
-2.175
-2.066
-1.985
-1.907
-1.755
-1.547
-1.379
-1.275
-1.22
-1.257
-1.347
-1.42
-1.495
-1.637
-1.812
-1.948
-2.071
-2.23
-2.375
-2.441
-2.495
-2.608
-2.765
-2.906
-3.019
-3.121
-3.271
-3.493
-3.736
-3.978
-4.255
-4.532
-4.741
-4.929
-5.079
-5.117
-5.108
-5.106
-5.07
-4.992
-4.927
-4.927
-5.015
-5.165
-5.355
-5.55
-5.695
-5.813
-5.9
-5.893
-5.773
-5.616
-5.473
-5.339
-5.212
-5.124
-5.085
-5.094
-5.099
-5.015
-4.874
-4.754
-4.586
-4.371
-4.194
-4.069
-3.949
-3.833
-3.79
-3.804
-3.811
-3.776
-3.702
-3.581
-3.414
-3.225
-3.039
-2.849
-2.692
-2.552
-2.441
-2.422
-2.495
-2.586
-2.683
-2.776
-2.862
-2.91
-2.876
-2.767
-2.663
-2.624
-2.629
-2.636
-2.62
-2.602
-2.608
-2.658
-2.754
-2.822
-2.856
-2.883
-2.865
-2.826
-2.851
-2.901
-2.94
-2.967
-3.03
-3.142
-3.259
-3.334
-3.373
-3.452
-3.573
-3.674
-3.752
-3.894
-4.133
-4.323
-4.443
-4.555
-4.666
-4.834
-5.036
-5.153
-5.142
-5.097
-5.101
-5.122
-5.09
-5.022
-4.992
-5.006
-4.995
-4.938
-4.87
-4.838
-4.8
-4.722
-4.645
-4.57
-4.502
-4.496
-4.475
-4.398
-4.359
-4.378
-4.366
-4.298
-4.194
-4.103
-4.035
-3.987
-3.938
-3.879
-3.815
-3.761
-3.729
-3.763
-3.82
-3.788
-3.708
-3.679
-3.656
-3.615
-3.6
-3.573
-3.511
-3.457
-3.427
-3.391
-3.404
-3.502
-3.584
-3.609
-3.602
-3.661
-3.786
-3.965
-4.101
-4.101
-4.035
-3.997
-3.981
-3.947
-3.915
-3.867
-3.833
-3.86
-3.949
-4.046
-4.115
-4.151
-4.151
-4.139
-4.105
-4.04
-3.947
-3.872
-3.781
-3.666
-3.575
-3.541
-3.554
-3.629
-3.702
-3.708
-3.69
-3.704
-3.672
-3.607
-3.504
-3.421
-3.373
-3.296
-3.18
-3.076
-3.01
-3.03
-3.119
-3.207
-3.248
-3.196
-3.064
-2.958
-2.897
-2.813
-2.765
-2.765
-2.785
-2.835
-2.94
-3.1
-3.286
-3.407
-3.436
-3.4
-3.35
-3.341
-3.402
-3.477
-3.522
-3.548
-3.573
-3.636
-3.72
-3.829
-3.908
-3.892
-3.849
-3.845
-3.833
-3.747
-3.609
-3.504
-3.47
-3.448
-3.393
-3.284
-3.207
-3.219
-3.289
-3.368
-3.404
-3.384
-3.303
-3.241
-3.221
-3.166
-3.069
-3.028
-3.06
-3.162
-3.323
-3.504
-3.609
-3.597
-3.504
-3.391
-3.286
-3.223
-3.219
-3.257
-3.282
-3.228
-3.139
-3.105
-3.182
-3.325
-3.418
-3.364
-3.239
-3.153
-3.076
-2.983
-2.908
-2.876
-2.91
-3.01
-3.132
-3.191
-3.196
-3.198
-3.198
-3.219
-3.286
-3.328
-3.223
-2.985
-2.754
-2.617
-2.597
-2.611
-2.543
-2.422
-2.441
-2.627
-2.801
-2.808
-2.713
-2.681
-2.735
-2.726
-2.624
-2.577
-2.686
-2.833
-2.856
-2.747
-2.674
-2.774
-3.01
-3.142
-3.014
-2.783
-2.661
-2.708
-2.838
-2.921
-2.897
-2.806
-2.749
-2.817
-2.951
-2.994
-2.921
-2.774
-2.667
-2.615
-2.561
-2.461
-2.354
-2.286
-2.236
-2.216
-2.232
-2.241
-2.232
-2.209
-2.173
-2.134
-2.091
-2.075
-2.109
-2.162
-2.15
-2.075
-1.987
-1.937
-2.016
-2.211
-2.343
-2.348
-2.286
-2.209
-2.146
-2.143
-2.116
-2.025
-1.941
-1.946
-2.023
-2.146
-2.264
-2.327
-2.45
-2.633
-2.71
-2.624
-2.486
-2.372
-2.295
-2.259
-2.273
-2.298
-2.309
-2.295
-2.311
-2.411
-2.608
-2.74
-2.672
-2.513
-2.375
-2.209
-2.021
-1.882
-1.805
-1.812
-1.917
-2.089
-2.286
-2.445
-2.522
-2.49
-2.42
-2.273
-2.007
-1.721
-1.508
-1.313
-1.154
-1.102
-1.182
-1.379
-1.572
-1.713
-1.78
-1.753
-1.694
-1.603
-1.49
-1.461
-1.524
-1.52
-1.454
-1.445
-1.547
-1.681
-1.808
-1.924
-2.041
-2.123
-2.089
-1.96
-1.853
-1.78
-1.696
-1.676
-1.762
-1.894
-2.041
-2.171
-2.275
-2.32
-2.275
-2.13
-1.91
-1.713
-1.569
-1.384
-1.147
-1.041
-1.118
-1.268
-1.413
-1.579
-1.758
-1.91
-2.007
-2.016
-1.962
-1.896
-1.817
-1.755
-1.737
-1.642
-1.463
-1.406
-1.531
-1.683
-1.765
-1.796
-1.81
-1.814
-1.803
-1.706
-1.542
-1.476
-1.561
-1.597
-1.576
-1.64
-1.76
-1.817
-1.814
-1.796
-1.76
-1.679
-1.529
-1.327
-1.105
-0.875
-0.635
-0.515
-0.599
-0.717
-0.796
-0.891
-0.982
-1.025
-1.039
-1.048
-1.043
-0.991
-0.846
-0.608
-0.381
-0.331
-0.426
-0.483
-0.544
-0.728
-0.95
-1.102
-1.195
-1.254
-1.25
-1.184
-1.089
-1.025
-1.037
-1.054
-1.043
-1.093
-1.232
-1.343
-1.434
-1.538
-1.563
-1.513
-1.447
-1.375
-1.304
-1.209
-1.095
-0.971
-0.889
-0.916
-1.025
-1.08
-1.084
-1.091
-1.034
-0.928
-0.835
-0.705
-0.494
-0.265
-0.14
-0.184
-0.331
-0.463
-0.528
-0.628
-0.76
-0.757
-0.642
-0.54
-0.503
-0.449
-0.299
-0.1
0.029
0.009
-0.131
-0.274
-0.404
-0.587
-0.778
-0.864
-0.88
-0.894
-0.869
-0.778
-0.626
-0.458
-0.326
-0.256
-0.238
-0.267
-0.345
-0.41
-0.431
-0.481
-0.537
-0.472
-0.306
-0.15
-0.016
0.102
0.188
0.236
0.231
0.218
0.265
0.374
0.399
0.388
0.56
0.921
1.22
1.427
1.599
1.74
1.821
1.848
1.828
1.792
1.742
1.692
1.656
1.561
1.472
1.554
1.721
1.842
1.919
1.998
2.023
2.005
1.982
1.966
1.982
2.075
2.148
2.152
2.189
2.189
2.103
2.053
2.064
2.057
2.032
2.032
2.046
2
1.873
1.762
1.76
1.742
1.651
1.626
1.637
1.624
1.662
1.726
1.701
1.628
1.556
1.524
1.554
1.565
1.492
1.436
1.497
1.569
1.633
1.715
1.823
1.926
1.991
2.012
1.996
1.973
1.966
2.023
2.105
2.087
2.091
2.234
2.391
2.445
2.429
2.397
2.372
2.388
2.391
2.311
2.257
2.252
2.22
2.189
2.239
2.289
2.309
2.316
2.304
2.311
2.354
2.4
2.45
2.479
2.438
2.452
2.543
2.617
2.704
2.876
3.06
3.193
3.293
3.296
3.205
3.142
3.153
3.221
3.303
3.325
3.311
3.386
3.47
3.452
3.4
3.393
3.359
3.246
3.064
2.874
2.726
2.613
2.536
2.518
2.509
2.49
2.561
2.704
2.801
2.849
2.906
2.969
3.001
3.019
3.024
3.055
3.137
3.205
3.239
3.325
3.47
3.568
3.62
3.67
3.711
3.688
3.595
3.538
3.559
3.595
3.631
3.727
3.865
4.001
4.201
4.418
4.557
4.575
4.534
4.493
4.496
4.523
4.548
4.568
4.584
4.55
4.5
4.559
4.666
4.691
4.693
4.716
4.738
4.741
4.743
4.777
4.829
4.847
4.82
4.781
4.759
4.768
4.836
4.902
4.863
4.729
4.555
4.389
4.264
4.203
4.176
4.176
4.203
4.226
4.289
4.416
4.543
4.618
4.673
4.743
4.802
4.827
4.822
4.818
4.781
4.72
4.673
4.634
4.552
4.521
4.6
4.679
4.691
4.67
4.654
4.645
4.657
4.663
4.636
4.593
4.564
4.527
4.491
4.487
4.434
4.35
4.339
4.337
4.251
4.121
4.026
3.976
3.942
3.897
3.922
4.024
4.13
4.262
4.432
4.6
4.732
4.854
5.008
5.178
5.308
5.41
5.539
5.653
5.734
5.759
5.784
5.85
5.881
5.841
5.807
5.82
5.832
5.836
5.879
5.943
5.995
5.947
5.836
5.791
5.779
5.759
5.761
5.791
5.775
5.707
5.668
5.691
5.761
5.836
5.877
5.934
6.027
6.106
6.158
6.179
6.181
6.12
6.002
5.902
5.852
5.82
5.802
5.782
5.684
5.566
5.494
5.469
5.46
5.414
5.344
5.287
5.251
5.203
5.149
5.122
5.149
5.201
5.224
5.169
5.144
5.224
5.315
5.328
5.285
5.256
5.246
5.231
5.256
5.349
5.496
5.614
5.7
5.743
5.743
5.709
5.655
5.602
5.491
5.326
5.192
5.133
5.156
5.222
5.29
5.357
5.396
5.428
5.473
5.535
5.632
5.691
5.627
5.519
5.433
5.369
5.319
5.326
5.371
5.405
5.423
5.471
5.557
5.657
5.689
5.684
5.707
5.729
5.716
5.684
5.673
5.664
5.614
5.519
5.408
5.312
5.251
5.181
5.072
4.931
4.775
4.645
4.546
4.516
4.536
4.557
4.55
4.557
4.582
4.639
4.729
4.829
4.918
4.952
4.906
4.818
4.745
4.682
4.639
4.65
4.657
4.618
4.575
4.586
4.636
4.675
4.684
4.691
4.722
4.754
4.768
4.788
4.827
4.843
4.768
4.691
4.675
4.693
4.736
4.793
4.868
4.967
5.054
5.097
5.144
5.239
5.355
5.387
5.349
5.294
5.215
5.135
5.07
4.99
4.879
4.729
4.575
4.484
4.446
4.382
4.301
4.219
4.105
3.938
3.804
3.77
3.833
3.913
3.949
3.963
3.956
3.883
3.765
3.706
3.749
3.77
3.677
3.573
3.57
3.595
3.586
3.543
3.548
3.62
3.697
3.788
3.924
4.026
4.035
3.974
3.883
3.799
3.711
3.62
3.584
3.593
3.597
3.604
3.683
3.795
3.867
3.892
3.949
4.019
4.026
3.958
3.928
3.967
3.958
3.888
3.829
3.838
3.885
3.899
3.904
3.983
4.094
4.09
4.015
3.983
3.99
3.931
3.849
3.829
3.84
3.86
3.84
3.845
3.86
3.811
3.643
3.457
3.339
3.18
2.937
2.713
2.57
2.411
2.252
2.2
2.236
2.291
2.302
2.266
2.234
2.182
1.957
1.628
1.427
1.313
1.152
0.923
0.755
0.669
0.603
0.524
0.483
0.499
0.501
0.438
0.354
0.331
0.363
0.367
0.306
0.272
0.32
0.367
0.379
0.438
0.515
0.537
0.578
0.683
0.785
0.839
0.86
0.902
0.993
1.071
1.102
1.198
1.392
1.581
1.713
1.869
2.064
2.209
2.23
2.227
2.277
2.302
2.264
2.257
2.341
2.434
2.515
2.642
2.794
2.919
2.937
2.89
2.89
2.931
2.867
2.708
2.588
2.511
2.375
2.216
2.141
2.096
1.978
1.844
1.778
1.783
1.749
1.579
1.384
1.236
1.071
0.819
0.56
0.431
0.415
0.367
0.286
0.299
0.363
0.324
0.209
0.134
0.077
-0.063
-0.297
-0.485
-0.565
-0.61
-0.733
-0.839
-0.835
-0.826
-0.939
-1.071
-1.113
-1.12
-1.157
-1.2
-1.24
-1.299
-1.37
-1.42
-1.44
-1.447
-1.429
-1.354
-1.272
-1.216
-1.195
-1.22
-1.229
-1.234
-1.302
-1.422
-1.481
-1.461
-1.424
-1.424
-1.404
-1.324
-1.213
-1.132
-1.157
-1.234
-1.291
-1.39
-1.544
-1.658
-1.726
-1.819
-1.905
-1.964
-1.996
-2.059
-2.096
-2.021
-1.894
-1.858
-1.83
-1.733
-1.667
-1.706
-1.792
-1.842
-1.844
-1.855
-1.873
-1.823
-1.662
-1.513
-1.458
-1.415
-1.345
-1.379
-1.556
-1.735
-1.865
-2.012
-2.198
-2.375
-2.488
-2.558
-2.624
-2.692
-2.769
-2.828
-2.876
-2.98
-3.069
-3.08
-3.103
-3.21
-3.293
-3.3
-3.309
-3.339
-3.343
-3.264
-3.171
-3.142
-3.221
-3.321
-3.318
-3.337
-3.514
-3.715
-3.835
-3.926
-3.987
-3.958
-3.854
-3.747
-3.681
-3.62
-3.6
-3.7
-3.815
-3.84
-3.86
-3.949
-4.046
-4.11
-4.085
-4.006
-3.967
-3.938
-3.829
-3.686
-3.618
-3.631
-3.641
-3.647
-3.679
-3.688
-3.747
-3.87
-3.958
-3.965
-3.919
-3.835
-3.749
-3.681
-3.581
-3.45
-3.373
-3.416
-3.511
-3.543
-3.568
-3.683
-3.747
-3.629
-3.436
-3.271
-3.166
-3.094
-3.019
-2.985
-3.008
-3.028
-3.039
-3.092
-3.203
-3.255
-3.193
-3.144
-3.114
-2.98
-2.797
-2.686
-2.686
-2.715
-2.731
-2.745
-2.774
-2.84
-2.944
-3.008
-2.985
-2.965
-2.971
-2.949
-2.919
-2.976
-3.055
-3.08
-3.13
-3.23
-3.321
-3.375
-3.414
-3.45
-3.468
-3.475
-3.47
-3.455
-3.425
-3.436
-3.459
-3.434
-3.362
-3.257
-3.187
-3.189
-3.228
-3.23
-3.176
-3.142
-3.155
-3.205
-3.228
-3.198
-3.214
-3.239
-3.176
-3.107
-3.155
-3.278
-3.402
-3.534
-3.659
-3.738
-3.747
-3.727
-3.747
-3.774
-3.776
-3.842
-3.963
-4.024
-4.065
-4.228
-4.437
-4.557
-4.582
-4.564
-4.518
-4.471
-4.459
-4.453
-4.473
-4.527
-4.586
-4.641
-4.661
-4.639
-4.629
-4.634
-4.6
-4.532
-4.473
-4.418
-4.348
-4.332
-4.416
-4.502
-4.559
-4.604
-4.643
-4.652
-4.65
-4.666
-4.659
-4.573
-4.45
-4.428
-4.421
-4.314
-4.189
-4.139
-4.124
-4.094
-4.035
-4.006
-4.019
-3.994
-3.915
-3.835
-3.72
-3.556
-3.443
-3.418
-3.434
-3.459
-3.536
-3.677
-3.804
-3.881
-3.94
-4.01
-4.087
-4.115
-4.09
-4.044
-4.101
-4.287
-4.428
-4.371
-4.273
-4.323
-4.441
-4.464
-4.43
-4.443
-4.466
-4.493
-4.541
-4.586
-4.611
-4.609
-4.604
-4.639
-4.65
-4.575
-4.541
-4.641
-4.734
-4.754
-4.763
-4.815
-4.843
-4.804
-4.72
-4.675
-4.725
-4.811
-4.89
-4.943
-5.008
-5.156
-5.342
-5.437
-5.45
-5.48
-5.498
-5.426
-5.315
-5.256
-5.265
-5.342
-5.462
-5.573
-5.636
-5.657
-5.668
-5.675
-5.612
-5.437
-5.276
-5.178
-5.013
-4.763
-4.5
-4.271
-4.085
-3.942
-3.854
-3.811
-3.747
-3.645
-3.534
-3.411
-3.28
-3.221
-3.252
-3.289
-3.332
-3.362
-3.382
-3.421
-3.489
-3.552
-3.55
-3.493
-3.455
-3.432
-3.414
-3.434
-3.516
-3.645
-3.754
-3.788
-3.808
-3.838
-3.799
-3.704
-3.679
-3.731
-3.779
-3.795
-3.829
-3.89
-3.924
-3.917
-3.915
-3.949
-3.974
-3.987
-3.974
-3.888
-3.842
-3.847
-3.852
-3.856
-3.854
-3.838
-3.811
-3.745
-3.641
-3.554
-3.504
-3.473
-3.425
-3.38
-3.309
-3.21
-3.148
-3.166
-3.21
-3.225
-3.264
-3.325
-3.343
-3.332
-3.345
-3.4
-3.455
-3.466
-3.455
-3.466
-3.575
-3.772
-3.949
-4.033
-4.117
-4.246
-4.405
-4.541
-4.661
-4.8
-4.949
-5.081
-5.163
-5.222
-5.283
-5.364
-5.457
-5.575
-5.677
-5.727
-5.771
-5.825
-5.795
-5.65
-5.491
-5.353
-5.197
-5.029
-4.913
-4.87
-4.872
-4.895
-4.849
-4.768
-4.713
-4.688
-4.677
-4.654
-4.573
-4.418
-4.264
-4.162
-4.121
-4.099
-4.115
-4.185
-4.291
-4.38
-4.373
-4.382
-4.453
-4.493
-4.468
-4.38
-4.251
-4.119
-4.001
-3.894
-3.845
-3.806
-3.795
-3.829
-3.863
-3.911
-4.001
-4.046
-4.015
-3.944
-3.89
-3.897
-3.965
-4.044
-4.085
-4.101
-4.105
-4.074
-4.033
-3.965
-3.852
-3.765
-3.752
-3.74
-3.706
-3.688
-3.686
-3.686
-3.652
-3.631
-3.636
-3.654
-3.638
-3.668
-3.711
-3.706
-3.638
-3.538
-3.502
-3.536
-3.595
-3.666
