Unnamed: 3
Value
1.091
1.141
1.136
1.088
0.986
0.844
0.676
0.496
0.401
0.41
0.388
0.265
0.141
0.063
0.018
0.02
0.063
0.036
-0.118
-0.251
-0.243
-0.209
-0.281
-0.462
-0.658
-0.721
-0.567
-0.336
-0.213
-0.197
-0.213
-0.179
-0.068
0.059
0.109
0.081
0.011
-0.011
0.004
-0.041
-0.202
-0.322
-0.308
-0.288
-0.326
-0.372
-0.394
-0.42
-0.394
-0.29
-0.181
-0.168
-0.149
0.025
0.274
0.472
0.68
0.882
1.046
1.157
1.216
1.189
1.075
0.844
0.592
0.44
0.333
0.197
0.102
0.072
0.022
-0.07
-0.136
-0.115
-0.081
-0.097
-0.195
-0.306
-0.351
-0.36
-0.342
-0.306
-0.292
-0.32
-0.336
-0.317
-0.329
-0.428
-0.578
-0.662
-0.721
-0.835
-0.971
-1.109
-1.252
-1.363
-1.408
-1.44
-1.49
-1.533
-1.592
-1.638
-1.701
-1.855
-2.016
-2.071
-2.062
-2.012
-1.928
-1.878
-1.864
-1.778
-1.615
-1.481
-1.402
-1.336
-1.288
-1.241
-1.2
-1.179
-1.195
-1.245
-1.315
-1.427
-1.57
-1.651
-1.662
-1.631
-1.551
-1.424
-1.261
-1.082
-0.887
-0.744
-0.644
-0.522
-0.367
-0.249
-0.222
-0.261
-0.256
-0.172
-0.107
-0.113
-0.097
-0.077
-0.118
-0.209
-0.347
-0.499
-0.624
-0.662
-0.699
-0.782
-0.832
-0.751
-0.592
-0.469
-0.336
-0.129
0.131
0.351
0.435
0.386
0.308
0.254
0.143
-0.029
-0.213
-0.345
-0.42
-0.49
-0.621
-0.767
-0.896
-0.982
-1.027
-1.102
-1.2
-1.252
-1.247
-1.243
-1.277
-1.295
-1.231
-1.075
-0.952
-0.928
-1.012
-1.114
-1.125
-1.057
-1.052
-1.191
-1.368
-1.481
-1.578
-1.789
-2.136
-2.477
-2.642
-2.688
-2.781
-2.894
-2.931
-2.833
-2.679
-2.62
-2.667
-2.733
-2.792
-2.865
-2.912
-2.969
-3.026
-3.035
-3.042
-3.096
-3.169
-3.23
-3.275
-3.339
-3.475
-3.681
-3.897
-4.047
-4.149
-4.26
-4.382
-4.409
-4.294
-4.174
-4.174
-4.264
-4.287
-4.214
-4.133
-4.155
-4.285
-4.355
-4.357
-4.418
-4.514
-4.493
-4.357
-4.21
-4.124
-4.121
-4.139
-4.112
-4.105
-4.178
-4.287
-4.323
-4.237
-4.146
-4.212
-4.459
-4.686
-4.743
-4.691
-4.686
-4.768
-4.888
-4.863
-4.732
-4.716
-4.793
-4.829
-4.722
-4.55
-4.503
-4.636
-4.784
-4.838
-4.858
-4.931
-5.011
-4.999
-4.976
-5.02
-5.131
-5.319
-5.494
-5.587
-5.625
-5.687
-5.77
-5.784
-5.702
-5.646
-5.739
-5.94
-6.086
-6.072
-5.977
-6.038
-6.269
-6.435
-6.446
-6.417
-6.424
-6.485
-6.532
-6.476
-6.358
-6.269
-6.167
-6.097
-6.106
-6.136
-6.154
-6.204
-6.299
-6.462
-6.687
-6.875
-6.973
-6.984
-6.941
-6.918
-6.907
-6.782
-6.605
-6.576
-6.698
-6.843
-6.866
-6.777
-6.753
-6.85
-6.916
-6.868
-6.843
-6.939
-7.104
-7.197
-7.124
-7.068
-7.113
-7.163
-7.138
-7.018
-6.959
-7.086
-7.179
-7.02
-6.805
-6.694
-6.621
-6.605
-6.641
-6.63
-6.569
-6.61
-6.789
-6.925
-6.891
-6.843
-6.975
-7.177
-7.206
-7.054
-6.787
-6.555
-6.519
-6.628
-6.696
-6.582
-6.333
-6.185
-6.265
-6.353
-6.233
-6.04
-5.954
-6.074
-6.34
-6.451
-6.272
-6.047
-5.997
-6.045
-6.036
-5.95
-5.834
-5.782
-5.818
-5.87
-5.857
-5.745
-5.646
-5.675
-5.807
-5.92
-5.879
-5.695
-5.596
-5.755
-5.95
-5.911
-5.739
-5.623
-5.609
-5.578
-5.401
-5.158
-4.97
-4.834
-4.722
-4.629
-4.523
-4.4
-4.36
-4.484
-4.725
-4.863
-4.84
-4.87
-5.065
-5.171
-4.967
-4.62
-4.543
-4.85
-4.965
-4.391
-3.636
-3.473
-3.761
-3.829
-3.411
-2.924
-2.985
-3.509
-3.792
-3.55
-3.203
-3.182
-3.355
-3.405
-3.234
-2.901
-2.452
-2.118
-2.039
-1.998
-1.819
-1.574
-1.368
-1.322
-1.522
-1.744
-1.721
-1.558
-1.533
-1.658
-1.765
-1.771
-1.701
-1.531
-1.349
-1.306
-1.257
-0.937
-0.42
-0.032
0.127
0.331
0.735
1.082
1.12
1.039
1.066
1.102
1.007
0.805
0.494
0.134
-0.011
0.107
0.256
0.329
0.438
0.594
0.778
0.996
1.189
1.325
1.481
1.697
1.941
2.159
2.284
2.341
2.409
2.529
2.563
2.443
2.336
2.336
2.345
2.302
2.223
2.17
2.2
2.339
2.511
2.59
2.563
2.531
2.602
2.715
2.674
2.465
2.316
2.37
2.49
2.522
2.536
2.645
2.806
2.98
3.137
3.264
3.425
3.579
3.634
3.591
3.552
3.577
3.629
3.602
3.511
3.421
3.4
3.398
3.293
3.094
2.931
2.887
2.933
3.014
3.164
3.389
3.545
3.529
3.436
3.452
3.604
3.674
3.504
3.232
3.116
3.223
3.316
3.216
3.014
2.937
3.028
3.116
3.057
2.955
3.064
3.339
3.491
3.47
3.507
3.634
3.7
3.593
3.339
3.105
3.023
3.094
3.139
2.983
2.688
2.47
2.438
2.497
2.486
2.327
2.143
2.13
2.268
2.4
2.436
2.438
2.449
2.513
2.568
2.495
2.291
2.071
1.941
1.855
1.83
1.851
1.823
1.794
1.826
1.842
1.828
1.837
1.894
1.937
1.93
1.835
1.715
1.638
1.538
1.411
1.286
1.12
0.98
1.007
1.088
1.093
1.057
1.039
1.075
1.12
1.104
1.014
0.966
1.043
1.177
1.293
1.383
1.438
1.465
1.438
1.315
1.182
1.123
1.073
1.02
1.03
1.098
1.138
1.129
1.123
1.189
1.225
1.068
0.771
0.56
0.458
0.397
0.326
0.168
-0.025
-0.1
-0.009
0.125
0.206
0.272
0.345
0.451
0.617
0.801
0.966
1.109
1.213
1.327
1.486
1.642
1.783
1.833
1.781
1.66
1.542
1.463
1.383
1.202
0.948
0.821
0.941
1.134
1.279
1.388
1.44
1.474
1.572
1.69
1.776
1.828
1.917
2.037
2.15
2.25
2.291
2.327
2.404
2.452
2.479
2.558
2.642
2.67
2.665
2.647
2.638
2.726
2.833
2.867
2.876
2.894
2.921
3.014
3.096
3.087
3.062
3.028
2.976
2.931
2.887
2.831
2.844
2.96
3.126
3.287
3.405
3.477
3.55
3.566
3.466
3.366
3.296
3.216
3.146
3.092
3.026
3.03
3.16
3.341
3.509
3.597
3.597
3.613
3.663
3.724
3.788
3.867
3.942
4.001
4.017
3.958
3.842
3.708
3.529
3.237
2.937
2.858
2.987
3.101
3.114
3.155
3.291
3.475
3.613
3.731
3.908
4.153
4.357
4.45
4.498
4.589
4.686
4.713
4.643
4.539
4.477
4.505
4.6
4.639
4.609
4.571
4.511
4.459
4.378
4.178
3.904
3.754
3.842
3.976
4.001
4.013
4.169
4.321
4.296
4.121
3.958
3.969
4.139
4.337
4.507
4.711
5.02
5.31
5.362
5.26
5.205
5.265
5.321
5.271
5.063
4.865
4.829
4.888
4.863
4.682
4.455
4.355
4.316
4.18
4.028
4.128
4.468
4.75
4.759
4.584
4.398
4.326
4.298
4.235
4.121
4.053
4.083
4.108
4.01
3.831
3.713
3.668
3.659
3.729
3.833
3.942
4.149
4.443
4.654
4.711
4.761
4.892
4.926
4.707
4.334
4.055
3.945
3.883
3.754
3.529
3.327
3.162
2.978
2.733
2.454
2.332
2.472
2.69
2.833
2.942
3.071
3.173
3.237
3.346
3.523
3.72
3.885
4.042
4.203
4.305
4.378
4.448
4.428
4.314
4.18
4.089
4.044
3.956
3.77
3.572
3.482
3.466
3.323
2.926
2.447
2.234
2.345
2.459
2.388
2.352
2.568
2.962
3.307
3.475
3.547
3.749
4.071
4.339
4.43
4.416
4.475
4.661
4.84
4.804
4.557
4.3
4.137
3.992
3.768
3.559
3.398
3.252
3.166
3.176
3.146
3.06
3.053
3.155
3.262
3.339
3.429
3.534
3.616
3.666
3.638
3.529
3.463
3.547
3.724
3.81
3.706
3.559
3.55
3.654
3.774
3.851
3.856
3.802
3.77
3.749
3.595
3.423
3.479
3.752
3.956
3.958
3.815
3.645
3.545
3.541
3.5
3.302
3.098
3.119
3.237
3.182
2.996
2.899
2.935
3.005
3.06
3.06
3.026
3.069
3.178
3.255
3.318
3.439
3.69
4.035
4.287
4.371
4.43
4.518
4.573
4.577
4.598
4.616
4.591
4.432
4.153
3.87
3.659
3.529
3.459
3.411
3.416
3.477
3.554
3.593
3.602
3.654
3.82
4.083
4.371
4.577
4.707
4.879
5.14
5.389
5.575
5.684
5.777
5.904
6.056
6.143
6.072
5.888
5.736
5.695
5.689
5.598
5.403
5.16
4.963
4.911
4.938
4.936
4.936
4.999
5.151
5.303
5.362
5.33
5.344
5.516
5.779
5.974
6.038
6.034
6.024
6
5.906
5.727
5.494
5.274
5.065
4.892
4.741
4.6
4.471
4.337
4.221
4.094
3.929
3.813
3.761
3.69
3.595
3.527
3.484
3.47
3.459
3.382
3.228
3.073
2.946
2.763
2.568
2.422
2.286
2.107
1.935
1.792
1.628
1.433
1.295
1.247
1.236
1.211
1.22
1.272
1.37
1.442
1.427
1.372
1.356
1.338
1.279
1.2
1.12
1.034
0.878
0.626
0.351
0.154
-0.041
-0.32
-0.58
-0.744
-0.83
-0.894
-0.98
-1.068
-1.125
-1.213
-1.34
-1.411
-1.356
-1.272
-1.261
-1.272
-1.202
-1.05
-0.894
-0.896
-1.064
-1.209
-1.245
-1.309
-1.488
-1.701
-1.878
-2.01
-2.182
-2.425
-2.654
-2.79
-2.874
-2.946
-3.087
-3.298
-3.393
-3.257
-3.078
-3.042
-3.06
-3.005
-2.837
-2.636
-2.509
-2.495
-2.468
-2.352
-2.232
-2.184
-2.125
-2.096
-2.105
-2.102
-2.146
-2.243
-2.289
-2.255
-2.164
-2.116
-2.193
-2.239
-2.055
-1.749
-1.578
-1.538
-1.424
-1.189
-1.014
-1.08
-1.272
-1.359
-1.318
-1.291
-1.306
-1.315
-1.259
-1.161
-1.039
-0.923
-0.903
-0.907
-0.871
-0.85
-0.794
-0.676
-0.556
-0.404
-0.197
-0.016
0.091
0.152
0.168
0.177
0.206
0.195
0.168
0.156
0.097
-0.041
-0.109
-0.086
-0.079
-0.168
-0.292
-0.336
-0.22
0.009
0.152
0.093
-0.002
0.016
0.183
0.388
0.41
0.251
0.181
0.281
0.376
0.365
0.267
0.186
0.213
0.29
0.236
0.107
0.086
0.149
0.183
0.111
-0.013
-0.007
0.102
0.097
-0.068
-0.217
-0.22
-0.147
-0.113
-0.138
-0.195
-0.19
-0.145
-0.163
-0.304
-0.478
-0.562
-0.528
-0.485
-0.542
-0.633
-0.633
-0.549
-0.506
-0.585
-0.785
-0.975
-1.023
-1.007
-1.07
-1.193
-1.315
-1.411
-1.465
-1.502
-1.529
-1.538
-1.54
-1.588
-1.647
-1.635
-1.588
-1.615
-1.76
-1.914
-1.971
-2.003
-2.125
-2.409
-2.728
-2.883
-2.885
-2.928
-3.139
-3.38
-3.468
-3.402
-3.371
-3.507
-3.656
-3.602
-3.416
-3.325
-3.434
-3.631
-3.706
-3.656
-3.674
-3.82
-3.997
-4.105
-4.126
-4.144
-4.314
-4.564
-4.702
-4.663
-4.616
-4.704
-4.87
-4.961
-4.922
-4.829
-4.8
-4.865
-4.904
-4.856
-4.829
-4.942
-5.129
-5.187
-5.083
-4.945
-4.884
-4.892
-4.861
-4.745
-4.654
-4.691
-4.768
-4.777
-4.732
-4.686
-4.652
-4.636
-4.673
-4.741
-4.761
-4.756
-4.806
-4.886
-4.924
-4.947
-5.006
-5.065
-5.088
-5.072
-5.029
-5.026
-5.051
-5.029
-5.024
-5.074
-5.103
-5.131
-5.215
-5.378
-5.6
-5.795
-5.886
-5.947
-6.12
-6.301
-6.394
-6.367
-6.319
-6.283
-6.245
-6.245
-6.274
-6.279
-6.342
-6.464
-6.562
-6.623
-6.716
-6.88
-7.136
-7.372
-7.512
-7.617
-7.828
-8.068
-8.182
-8.13
-8.018
-7.943
-7.914
-7.823
-7.648
-7.512
-7.467
-7.474
-7.447
-7.372
-7.324
-7.317
-7.333
-7.395
-7.433
-7.408
-7.383
-7.395
-7.426
-7.46
-7.404
-7.263
-7.17
-7.24
-7.333
-7.297
-7.195
-7.09
-7.011
-6.991
-6.95
-6.766
-6.519
-6.378
-6.34
-6.26
-6.068
-5.807
-5.585
-5.505
-5.394
-5.065
-4.691
-4.521
-4.453
-4.364
-4.255
-4.146
-4.11
-4.155
-4.178
-4.135
-4.078
-4.051
-4.015
-3.926
-3.847
-3.774
-3.7
-3.638
-3.55
-3.368
-3.128
-2.867
-2.611
-2.373
-2.13
-1.849
-1.604
-1.531
-1.604
-1.717
-1.81
-1.891
-1.935
-1.994
-2.116
-2.23
-2.293
-2.295
-2.261
-2.241
-2.243
-2.184
-2.026
-1.853
-1.792
-1.762
-1.649
-1.472
-1.275
-1.184
-1.231
-1.241
-1.143
-1.091
-1.141
-1.191
-1.104
-0.859
-0.492
-0.213
-0.297
-0.739
-1.211
-1.502
-1.755
-2.1
-2.332
-2.125
-1.583
-1.247
-1.442
-1.842
-1.991
-1.93
-2.048
-2.402
-2.72
-2.658
-2.184
-1.622
-1.388
-1.547
-1.778
-1.896
-1.932
-2.182
-2.781
-3.346
-3.346
-2.942
-2.733
-2.885
-3.039
-2.931
-2.833
-3.057
-3.4
-3.425
-3.048
-2.543
-2.257
-2.202
-2.168
-2.143
-2.227
-2.397
-2.642
-2.91
-3.057
-3.03
-2.978
-3.092
-3.384
-3.622
-3.663
-3.618
-3.679
-3.754
-3.577
-3.112
-2.558
-2.082
-1.737
-1.51
-1.506
-1.747
-2.037
-2.173
-2.214
-2.241
-2.184
-1.896
-1.476
-1.236
-1.34
-1.576
-1.728
-1.835
-1.946
-2.003
-1.887
-1.57
-1.17
-0.841
-0.685
-0.701
-0.76
-0.751
-0.696
-0.68
-0.649
-0.481
-0.115
0.326
0.551
0.433
0.247
0.172
0.102
-0.052
-0.165
-0.118
0.107
0.367
0.508
0.51
0.438
0.211
-0.251
-0.667
-0.719
-0.596
-0.565
-0.562
-0.44
-0.251
-0.163
-0.249
-0.444
-0.601
-0.63
-0.642
-0.737
-0.809
-0.789
-0.816
-0.923
-1.025
-1.229
-1.622
-1.982
-2.087
-1.935
-1.771
-1.817
-2
-2.148
-2.23
-2.373
-2.631
-2.899
-3.048
-3.06
-2.912
-2.733
-2.706
-2.881
-3.062
-3.089
-3.055
-3.173
-3.407
-3.497
-3.284
-2.96
-2.844
-2.926
-3.005
-3.076
-3.221
-3.513
-3.929
-4.242
-4.33
-4.303
-4.239
-4.06
-3.768
-3.543
-3.543
-3.631
-3.672
-3.581
-3.357
-3.101
-2.876
-2.699
-2.54
-2.368
-2.227
-2.236
-2.452
-2.663
-2.663
-2.588
-2.663
-2.799
-2.835
-2.815
-2.803
-2.767
-2.642
-2.415
-2.064
-1.597
-1.173
-0.944
-0.896
-0.88
-0.785
-0.669
-0.714
-0.909
-1.023
-0.921
-0.653
-0.333
-0.07
0.091
0.211
0.251
0.175
0.009
-0.152
-0.209
-0.161
-0.032
0.152
0.326
0.41
0.426
0.499
0.615
0.603
0.494
0.499
0.685
0.93
1.111
1.218
1.291
1.37
1.481
1.608
1.656
1.649
1.701
1.765
1.712
1.556
1.333
1.138
0.998
0.805
0.558
0.358
0.274
0.381
0.615
0.825
0.916
0.982
1.145
1.34
1.418
1.399
1.374
1.458
1.61
1.656
1.524
1.309
1.043
0.73
0.438
0.152
-0.129
-0.297
-0.251
-0.104
-0.027
-0.057
-0.045
0.084
0.254
0.415
0.599
0.803
0.948
1.098
1.261
1.372
1.354
1.166
0.952
0.819
0.699
0.499
0.279
0.081
-0.043
-0.072
-0.107
-0.17
-0.17
-0.02
0.238
0.46
0.599
0.755
0.978
1.193
1.381
1.601
1.81
1.948
1.994
1.969
1.917
1.932
2.003
2.064
2.114
2.141
2.109
2.028
1.921
1.805
1.783
1.928
2.094
2.207
2.316
2.529
2.81
3.121
3.477
3.863
4.255
4.645
4.931
5.069
5.097
5.076
5.026
4.924
4.804
4.702
4.639
4.577
4.473
4.373
4.314
4.273
4.208
4.112
4.035
3.919
3.756
3.616
3.581
3.668
3.849
4.074
4.303
4.5
4.661
4.824
4.981
5.022
4.827
4.457
4.108
3.813
3.525
3.225
2.973
2.892
2.926
2.885
2.713
2.461
2.198
2.023
1.939
1.833
1.669
1.549
1.517
1.574
1.697
1.803
1.851
1.867
1.939
2.078
2.177
2.211
2.214
2.191
2.164
2.168
2.162
2.082
1.907
1.755
1.737
1.792
1.769
1.653
1.635
1.774
1.932
2.014
2.073
2.243
2.531
2.831
3.048
3.173
3.287
3.436
3.575
3.645
3.679
3.708
3.781
3.888
3.938
3.89
3.792
3.786
3.942
4.105
4.192
4.319
4.577
4.895
5.167
5.43
5.739
6.099
6.433
6.639
6.759
6.852
6.927
7
7.097
7.12
7.052
6.986
6.977
6.977
6.934
6.907
6.968
7.111
7.265
7.379
7.478
7.61
7.776
7.964
8.154
8.331
8.506
8.694
8.86
8.975
9.062
9.118
9.209
9.325
9.363
9.28
9.15
9.041
9.001
9.028
9.048
9.043
9.093
9.146
9.112
9.043
8.978
8.873
8.701
8.558
8.47
8.393
8.241
8.08
8.046
8.152
8.336
8.501
8.606
8.703
8.826
8.951
9.08
9.155
9.098
8.991
8.939
8.826
8.56
8.256
8.034
7.871
7.703
7.51
7.272
7.027
6.837
6.651
6.424
6.213
6.065
5.961
5.85
5.782
5.802
5.893
6.006
6.179
6.347
6.347
6.204
6.07
5.936
5.734
5.455
5.183
5.006
4.899
4.718
4.482
4.307
4.167
4.019
3.922
3.802
3.575
3.325
3.094
2.899
2.72
2.509
2.311
2.177
2.136
2.128
2.066
1.969
1.905
1.896
1.869
1.76
1.576
1.406
1.288
1.231
1.193
1.102
0.939
0.864
0.887
0.891
0.794
0.601
0.46
0.428
0.476
0.519
0.544
0.594
0.651
0.735
0.78
0.685
0.515
0.365
0.243
0.109
-0.043
-0.175
-0.199
-0.143
-0.095
-0.068
0.011
0.179
0.336
0.39
0.399
0.53
0.853
1.25
1.574
1.835
2.128
2.449
2.715
2.844
2.871
2.892
2.905
2.876
2.733
2.499
2.3
2.241
2.255
2.216
2.08
1.969
1.928
1.885
1.774
1.608
1.554
1.626
1.728
1.801
1.837
1.928
2.109
2.318
2.402
2.325
2.23
2.189
2.089
1.898
1.719
1.628
1.635
1.669
1.619
1.456
1.272
1.152
1.057
0.905
0.726
0.603
0.512
0.381
0.19
-0.004
-0.127
-0.188
-0.231
-0.351
-0.501
-0.58
-0.608
-0.68
-0.819
-0.928
-0.946
-0.916
-0.932
-0.978
-0.986
-0.982
-1.027
-1.073
-1.068
-1.048
-1.052
-1.061
-1.073
-1.084
-1.066
-1.039
-1.025
-1.009
-0.984
-0.966
-1.002
-1.102
-1.27
-1.492
-1.694
-1.783
-1.805
-1.871
-1.962
-1.989
-1.941
-1.883
-1.932
-2.089
-2.134
-1.994
-1.762
-1.567
-1.431
-1.243
-0.952
-0.644
-0.392
-0.186
-0.02
0.093
0.188
0.265
0.34
0.438
0.544
0.642
0.685
0.673
0.626
0.594
0.567
0.483
0.358
0.288
0.329
0.444
0.494
0.451
0.454
0.569
0.746
0.871
0.891
0.857
0.859
0.962
1.098
1.209
1.254
1.275
1.361
1.524
1.66
1.701
1.697
1.697
1.66
1.56
1.436
1.34
1.22
1.098
1.032
0.989
0.9
0.767
0.626
0.492
0.36
0.188
-0.032
-0.211
-0.281
-0.251
-0.186
-0.072
0.118
0.292
0.36
0.367
0.376
0.388
0.401
0.39
0.34
0.283
0.295
0.41
0.553
0.601
0.553
0.535
0.633
0.719
0.639
0.449
0.304
0.283
0.267
0.177
0.063
-0.007
-0.032
-0.079
-0.217
-0.39
-0.512
-0.587
-0.658
-0.723
-0.769
-0.751
-0.653
-0.476
-0.272
-0.025
0.27
0.565
0.782
0.869
0.898
0.993
1.132
1.179
1.12
1.061
1.084
1.141
1.152
1.068
0.955
0.814
0.603
0.381
0.159
-0.066
-0.186
-0.179
-0.17
-0.195
-0.12
0.149
0.417
0.506
0.465
0.506
0.714
0.98
1.157
1.229
1.379
1.719
2.166
2.463
2.556
2.62
2.742
2.788
2.704
2.495
2.177
1.876
1.687
1.56
1.356
1.064
0.821
0.714
0.712
0.694
0.651
0.655
0.755
0.921
1.114
1.311
1.547
1.805
2.053
2.273
2.47
2.577
2.611
2.626
2.592
2.518
2.418
2.313
2.243
2.2
2.239
2.284
2.205
2.026
1.857
1.724
1.551
1.272
0.964
0.78
0.76
0.782
0.741
0.571
0.383
0.331
0.313
0.172
-0.036
-0.159
-0.136
-0.013
0.016
-0.125
-0.322
-0.372
-0.279
-0.279
-0.442
-0.626
-0.667
-0.576
-0.571
-0.764
-0.957
-1.002
-1
-1.07
-1.297
-1.633
-1.862
-1.91
-1.941
-2.134
-2.499
-2.831
-2.944
-2.971
-3.15
-3.439
-3.595
-3.484
-3.237
-3.082
-2.994
-2.79
-2.504
-2.397
-2.556
-2.704
-2.577
-2.329
-2.273
-2.388
-2.309
-1.937
-1.728
-2.064
-2.731
-3.142
-3.094
-3.023
-3.377
-3.89
-3.919
-3.28
-2.66
-2.69
-3.121
-3.298
-3.094
-2.944
-3.252
-3.867
-4.144
-3.788
-3.332
-3.405
-3.897
-4.155
-3.874
-3.502
-3.652
-4.103
-4.128
-3.572
-3.023
-2.985
-3.282
-3.323
-2.908
-2.527
-2.756
-3.439
-3.845
-3.681
-3.468
-3.734
-4.321
-4.632
-4.434
-4.146
-4.289
-4.784
-5.047
-4.806
-4.371
-4.153
-4.287
-4.48
-4.398
-4.237
-4.403
-4.881
-5.262
-5.319
-5.231
-5.369
-5.82
-6.245
-6.374
-6.444
-6.737
-7.124
-7.367
-7.39
-7.222
-7.068
-7.052
-7.02
-6.871
-6.784
-6.948
-7.279
-7.619
-7.891
-8.127
-8.424
-8.756
-8.928
-8.91
-8.905
-9.069
-9.316
-9.479
-9.468
-9.409
-9.445
-9.475
-9.293
-8.951
-8.662
-8.513
-8.393
-8.222
-8.027
-7.953
-8.059
-8.164
-8.08
-7.875
-7.712
-7.655
-7.556
-7.277
-6.843
-6.503
-6.428
-6.417
-6.204
-5.843
-5.555
-5.539
-5.727
-5.807
-5.6
-5.392
-5.446
-5.632
-5.655
-5.45
-5.251
-5.346
-5.641
-5.732
-5.516
-5.242
-5.131
-5.113
-4.979
-4.659
-4.3
-4.11
-4.101
-4.083
-3.917
-3.749
-3.761
-3.888
-3.983
-3.883
-3.634
-3.497
-3.55
-3.588
-3.509
-3.443
-3.531
-3.779
-4.042
-4.158
-4.13
-4.108
-4.155
-4.273
-4.4
-4.432
-4.382
-4.418
-4.579
-4.741
-4.768
-4.716
-4.67
-4.643
-4.593
-4.482
-4.271
-4.087
-4.035
-4.042
-3.994
-3.901
-3.856
-3.883
-3.924
-3.915
-3.87
-3.881
-3.945
-4.042
-4.092
-4.055
-4.033
-4.115
-4.253
-4.348
-4.448
-4.609
-4.809
-4.961
-5.022
-5.026
-5.033
-5.079
-5.142
-5.192
-5.285
-5.416
-5.523
-5.539
-5.51
-5.503
-5.519
-5.462
-5.274
-5.026
-4.897
-4.933
-5.079
-5.215
-5.326
-5.476
-5.77
-6.122
-6.347
-6.467
-6.666
-6.995
-7.259
-7.354
-7.349
-7.392
-7.497
-7.546
-7.408
-7.088
-6.769
-6.562
-6.362
-6.018
-5.625
-5.416
-5.466
-5.587
-5.55
-5.387
-5.306
-5.394
-5.507
-5.462
-5.258
-5.047
-4.94
-4.847
-4.609
-4.237
-3.91
-3.747
-3.64
-3.479
-3.228
-2.955
-2.79
-2.765
-2.722
-2.511
-2.252
-2.18
-2.32
-2.384
-2.216
-1.957
-1.826
-1.794
-1.674
-1.343
-0.934
-0.683
-0.61
-0.565
-0.39
-0.122
0.022
-0.068
-0.213
-0.202
-0.061
0.07
0.145
0.136
0.12
0.206
0.336
0.37
0.254
0.088
0.063
0.145
0.131
-0.018
-0.154
-0.152
-0.059
0.041
0.154
0.304
0.376
0.392
0.458
0.558
0.63
0.733
0.853
0.98
1.114
1.216
1.225
1.184
1.175
1.177
1.129
1.039
0.937
0.823
0.671
0.501
0.358
0.261
0.243
0.274
0.211
0.043
-0.054
0.052
0.37
0.692
0.785
0.737
0.821
1.036
1.202
1.182
0.966
0.803
0.862
0.989
0.989
0.866
0.739
0.791
0.98
1.086
1.052
1.002
0.921
0.819
0.78
0.767
0.705
0.669
0.66
0.655
0.692
0.814
0.993
1.125
1.104
1.034
1.127
1.327
1.452
1.383
1.216
1.197
1.381
1.563
1.615
1.597
1.617
1.681
1.744
1.667
1.433
1.186
0.962
0.819
0.819
0.828
0.76
0.649
0.535
0.488
0.592
0.748
0.83
0.798
0.692
0.639
0.717
0.778
0.644
0.386
0.215
0.22
0.202
-0.043
-0.386
-0.567
-0.546
-0.431
-0.336
-0.308
-0.297
-0.254
-0.231
-0.233
-0.263
-0.376
-0.535
-0.651
-0.744
-0.862
-0.989
-1.077
-1.068
-1.012
-1.032
-1.025
-0.925
-0.866
-0.957
-1.148
-1.231
-1.138
-1.057
-1.129
-1.243
-1.189
-0.952
-0.719
-0.651
-0.737
-0.794
-0.735
-0.671
-0.737
-0.971
-1.223
-1.254
-1.05
-0.816
-0.676
-0.524
-0.22
0.197
0.524
0.642
0.642
0.644
0.705
0.694
0.528
0.322
0.202
0.095
-0.075
-0.186
-0.175
-0.104
0.02
0.186
0.326
0.485
0.746
1.054
1.299
1.456
1.612
1.823
2.062
2.22
2.268
2.268
2.286
2.336
2.347
2.223
1.987
1.785
1.708
1.697
1.676
1.687
1.724
1.755
1.846
2.032
2.291
2.595
2.835
2.89
2.867
2.899
2.946
2.871
2.663
2.477
2.381
2.327
2.243
2.175
2.205
2.347
2.543
2.713
2.817
2.878
2.915
2.937
2.98
3.071
3.169
3.239
3.259
3.184
3.042
2.951
2.958
2.955
2.946
2.976
3.001
3.01
2.999
2.917
2.803
2.788
2.894
3.021
3.08
3.114
3.212
3.4
3.643
3.87
3.94
3.831
3.734
3.715
3.577
3.278
2.999
2.89
2.973
3.112
3.139
3.105
3.203
3.384
3.563
3.742
3.849
3.856
3.874
3.938
3.951
3.895
3.795
3.684
3.588
3.513
3.484
3.518
3.563
3.584
3.563
3.545
3.62
3.697
3.554
3.237
3.042
3.042
3.103
3.148
3.169
3.246
3.466
3.763
3.956
3.947
3.813
3.684
3.618
3.545
3.398
3.282
3.284
3.318
3.364
3.441
3.461
3.418
3.332
3.173
2.962
2.801
2.742
2.656
2.475
2.268
2.2
2.313
2.397
2.4
2.477
2.674
2.96
3.221
3.339
3.309
3.255
3.255
3.271
3.25
3.144
3.007
2.949
2.91
2.794
2.618
2.47
2.377
2.266
2.007
1.624
1.318
1.17
1.02
0.846
0.789
0.846
0.884
0.825
0.739
0.787
1.05
1.388
1.66
1.839
1.951
2.078
2.239
2.289
2.186
2.068
1.973
1.846
1.697
1.506
1.313
1.182
1.082
0.921
0.773
0.696
0.719
0.744
0.639
0.569
0.764
1.138
1.463
1.678
1.878
2.175
2.592
2.967
3.092
3.071
3.139
3.268
3.289
3.11
2.813
2.554
2.427
2.411
2.434
2.459
2.52
2.683
2.953
3.216
3.439
3.593
3.627
3.613
3.64
3.67
3.679
3.643
3.541
3.411
3.366
3.4
3.405
3.35
3.282
3.239
3.257
3.282
3.244
3.182
3.187
3.314
3.509
3.627
3.643
3.666
3.702
3.738
3.754
3.693
3.557
3.407
3.196
2.928
2.679
2.495
2.388
2.343
2.377
2.488
2.647
2.792
2.858
2.828
2.754
2.731
2.728
2.608
2.431
2.323
2.318
2.357
2.345
2.309
2.325
2.447
2.638
2.79
2.858
2.853
2.79
2.701
2.633
2.59
2.536
2.463
2.395
2.329
2.252
2.216
2.282
2.411
2.463
2.395
2.307
2.261
2.261
2.291
2.329
2.397
2.536
2.754
2.969
3.085
3.055
2.919
2.767
2.64
2.497
2.289
2.068
1.921
1.914
1.991
2.057
2.121
2.196
2.329
2.524
2.71
2.844
2.901
2.939
3.055
3.184
3.191
3.048
2.844
2.726
2.733
2.735
2.615
2.425
2.266
2.275
2.477
2.686
2.728
2.713
2.81
3.023
3.275
3.4
3.327
3.241
3.271
3.296
3.203
3.001
2.783
2.626
2.577
2.529
2.429
2.302
2.236
2.214
2.18
2.173
2.22
2.295
2.391
2.497
2.558
2.572
2.552
2.49
2.407
2.32
2.286
2.209
1.994
1.721
1.558
1.57
1.612
1.57
1.476
1.433
1.47
1.56
1.574
1.461
1.327
1.257
1.191
1.032
0.798
0.565
0.37
0.222
0.161
0.175
0.286
0.467
0.58
0.571
0.44
0.283
0.147
0.068
0.05
0.079
0.125
0.07
-0.061
-0.107
-0.061
-0.063
-0.147
-0.281
-0.444
-0.601
-0.741
-0.875
-0.952
-0.978
-0.98
-0.973
-0.903
-0.785
-0.726
-0.721
-0.678
-0.617
-0.571
-0.558
-0.621
-0.712
-0.76
-0.789
-0.782
-0.683
-0.465
-0.195
0.022
0.136
0.175
0.206
0.263
0.267
0.172
0.038
-0.111
-0.188
-0.125
0.013
0.131
0.222
0.317
0.488
0.642
0.658
0.585
0.556
0.646
0.807
0.964
1.098
1.15
1.15
1.265
1.461
1.581
1.597
1.644
1.778
1.785
1.479
0.978
0.68
0.701
0.744
0.68
0.678
0.78
0.835
0.737
0.556
0.465
0.46
0.315
-0.043
-0.399
-0.526
-0.522
-0.599
-0.719
-0.676
-0.435
-0.179
-0.143
-0.401
-0.78
-1.048
-1.134
-1.168
-1.322
-1.633
-1.883
-1.912
-1.921
-2.168
-2.556
-2.781
-2.772
-2.774
-2.962
-3.162
-3.148
-2.962
-2.801
-2.722
-2.688
-2.683
-2.665
-2.636
-2.658
-2.772
-2.826
-2.751
-2.674
-2.738
-2.96
-3.191
-3.237
-3.071
-2.84
-2.692
-2.631
-2.502
-2.289
-2.13
-2.055
-1.944
-1.747
-1.456
-1.154
-0.975
-0.9
-0.864
-0.828
-0.748
-0.615
-0.485
-0.438
-0.469
-0.53
-0.565
-0.535
-0.399
-0.156
0.154
0.451
0.723
0.984
1.229
1.404
1.42
1.372
1.386
1.433
1.395
1.25
1.095
1.036
1.002
0.928
0.889
0.921
0.998
1.046
1.036
1.048
1.107
1.189
1.243
1.261
1.236
1.15
1.059
1.002
1.005
1.014
1.014
0.928
0.714
0.404
0.113
-0.102
-0.258
-0.367
-0.494
-0.621
-0.635
-0.51
-0.374
-0.306
-0.286
-0.311
-0.46
-0.753
-1.118
-1.468
-1.735
-1.896
-1.93
-1.851
-1.758
-1.747
-1.855
-2.039
-2.284
-2.57
-2.869
-3.162
-3.359
-3.395
-3.409
-3.475
-3.557
-3.584
-3.511
-3.343
-3.223
-3.327
-3.579
-3.804
-3.976
-4.203
-4.516
-4.788
-4.899
-4.892
-4.922
-5.008
-5.076
-4.976
-4.741
-4.636
-4.813
-5.058
-5.122
-5.101
-5.21
-5.437
-5.58
-5.471
-5.235
-5.095
-5.106
-5.203
-5.253
-5.167
-5.067
-5.144
-5.283
-5.217
-4.981
-4.843
-4.902
-4.983
-4.906
-4.688
-4.571
-4.641
-4.732
-4.661
-4.432
-4.271
-4.266
-4.232
-4.085
-3.963
-3.942
-3.947
-3.958
-4.031
-4.13
-4.196
-4.228
-4.271
-4.339
-4.373
-4.373
-4.394
-4.378
-4.253
-4.135
-4.042
-3.895
-3.747
-3.74
-3.847
-4.001
-4.124
-4.149
-4.139
-4.187
-4.303
-4.391
-4.387
-4.428
-4.713
-5.119
-5.353
-5.469
-5.691
-5.968
-6.108
-6.117
-6.074
-6.043
-6.018
-6.008
-5.981
-5.888
-5.802
-5.92
-6.201
-6.444
-6.58
-6.619
-6.664
-6.762
-6.866
-6.877
-6.839
-6.882
-7.054
-7.243
-7.297
-7.247
-7.27
-7.385
-7.44
-7.379
-7.29
-7.24
-7.229
-7.238
-7.127
-6.939
-6.877
-6.97
-7.068
-7.102
-7.118
-7.186
-7.233
-7.152
-7.075
-7.159
-7.206
-7.004
-6.648
-6.424
-6.464
-6.535
-6.446
-6.372
-6.496
-6.737
-6.891
-6.837
-6.657
-6.532
-6.512
-6.43
-6.242
-6.065
-5.947
-5.832
-5.77
-5.743
-5.585
-5.387
-5.326
-5.314
-5.201
-5.054
-4.94
-4.861
-4.788
-4.727
-4.718
-4.738
-4.793
-4.922
-5.163
-5.342
-5.306
-5.178
-5.115
-5.058
-4.892
-4.6
-4.262
-3.994
-3.817
-3.656
-3.425
-3.18
-3.16
-3.4
-3.62
-3.602
-3.455
-3.384
-3.463
-3.638
-3.817
-3.879
-3.856
-3.854
-3.983
-4.142
-4.076
-3.815
-3.647
-3.693
-3.768
-3.684
-3.455
-3.339
-3.47
-3.697
-3.747
-3.622
-3.606
-3.783
-3.86
-3.722
-3.563
-3.552
-3.647
-3.761
-3.788
-3.7
-3.611
-3.609
-3.638
-3.695
-3.89
-4.137
-4.112
-3.804
-3.577
-3.581
-3.611
-3.536
-3.357
-3.184
-3.205
-3.348
-3.339
-3.171
-3.035
-2.928
-2.765
-2.71
-2.81
-2.74
-2.415
-2.152
-2.152
-2.357
-2.495
-2.363
-2.08
-1.914
-1.946
-1.891
-1.508
-0.98
-0.653
-0.537
-0.458
-0.354
-0.084
0.247
0.315
0.163
0.227
0.58
0.932
0.991
0.859
0.855
1.077
1.268
1.179
0.896
0.721
0.805
1.005
0.982
0.814
0.959
1.445
1.903
2.216
2.477
2.726
3.044
3.427
3.593
3.489
3.348
3.368
3.547
3.661
3.579
3.461
3.466
3.534
3.463
3.191
2.994
3.019
3.03
2.853
2.611
2.465
2.497
2.549
2.463
2.395
2.549
2.869
3.123
3.223
3.241
3.318
3.452
3.584
3.677
3.736
3.831
3.935
3.945
3.856
3.754
3.597
3.427
3.293
3.11
2.905
2.744
2.556
2.302
2.087
2.06
2.177
2.264
2.232
2.139
2.089
2.182
2.3
2.264
2.159
2.225
2.427
2.531
2.379
2.136
2.08
2.216
2.309
2.18
1.962
1.869
1.91
1.939
1.842
1.649
1.542
1.588
1.667
1.672
1.685
1.794
1.982
2.15
2.128
1.944
1.844
1.88
1.862
1.631
1.216
0.923
0.887
0.889
0.789
0.619
0.506
0.508
0.669
0.889
1.032
1.12
1.295
1.549
1.755
1.842
1.842
1.864
1.955
2.019
1.907
1.642
1.483
1.544
1.524
1.265
1.002
0.884
0.753
0.522
0.301
0.233
0.292
0.374
0.376
0.322
0.286
0.308
0.392
0.424
0.399
0.478
0.678
0.898
1.075
1.193
1.275
1.397
1.515
1.52
1.402
1.27
1.17
1.054
0.882
0.694
0.637
0.685
0.646
0.478
0.313
0.165
0.009
-0.156
-0.29
-0.376
-0.376
-0.313
-0.306
-0.322
-0.286
-0.154
0.077
0.345
0.594
0.748
0.807
0.846
0.894
0.894
0.835
0.773
0.798
0.884
0.921
0.871
0.751
0.576
0.431
0.374
0.358
0.326
0.247
0.172
0.183
0.356
0.619
0.748
0.785
0.887
1.036
1.127
1.127
1.152
1.22
1.286
1.386
1.481
1.608
1.794
1.941
1.987
1.978
2.005
2.107
2.207
2.234
2.245
2.307
2.409
2.502
2.518
2.49
2.527
2.694
2.933
3.101
3.184
3.262
3.359
3.441
3.418
3.327
3.232
3.182
3.25
3.312
3.234
3.089
3.028
3.112
3.273
3.387
3.439
3.525
3.758
4.044
4.239
4.36
4.464
4.575
4.684
4.745
4.732
4.666
4.586
4.539
4.453
4.321
4.232
4.189
4.11
3.906
3.638
3.463
3.441
3.491
3.507
3.491
3.509
3.629
3.874
4.11
4.196
4.269
4.443
4.623
4.647
4.509
4.368
4.337
4.334
4.264
4.126
4.001
3.91
3.808
3.647
3.489
3.439
3.504
3.613
3.643
3.591
3.563
3.593
3.62
3.618
3.606
3.577
3.552
3.568
3.561
3.484
3.414
3.448
3.545
3.643
3.758
3.879
3.979
4.013
3.942
3.888
3.942
4.024
4.035
3.983
3.947
3.931
3.86
3.727
3.638
3.643
3.711
3.702
3.584
3.468
3.489
3.593
3.672
3.731
3.86
4.037
4.187
4.271
4.285
4.296
4.366
4.487
4.557
4.561
4.545
4.568
4.657
4.756
4.727
4.593
4.53
4.623
4.738
4.718
4.586
4.482
4.498
4.557
4.527
4.384
4.3
4.337
4.35
4.196
3.967
3.808
3.774
3.815
3.856
3.84
3.815
3.847
3.942
4.033
4.06
3.997
3.931
3.904
3.849
3.752
3.686
3.677
3.677
3.647
3.602
3.529
3.475
3.459
3.368
3.239
3.237
3.357
3.391
3.282
3.153
3.092
3.035
2.899
2.69
2.493
2.409
2.411
2.377
2.239
2.087
2.066
2.132
2.114
2.057
2.123
2.327
2.506
2.568
2.581
2.592
2.658
2.799
2.876
2.833
2.704
2.547
2.445
2.413
2.352
2.259
2.214
2.211
2.159
2.116
2.166
2.216
2.193
2.209
2.259
2.311
2.463
2.674
2.769
2.742
2.822
3.096
3.393
3.579
3.69
3.797
3.963
4.151
4.194
4.081
4.058
4.239
4.387
4.321
4.174
4.094
4.151
4.273
4.35
4.332
4.244
4.205
4.285
4.416
4.487
4.525
4.62
4.816
4.933
4.956
5.051
5.205
5.283
5.258
5.219
5.256
5.378
5.462
5.353
5.115
4.983
5.056
5.176
5.221
5.205
5.181
5.226
5.387
5.593
5.684
5.607
5.544
5.68
5.9
5.97
5.834
5.641
5.51
5.444
5.43
5.38
5.215
4.99
4.856
4.913
5.001
4.942
4.818
4.777
4.861
4.961
4.958
4.754
4.418
4.16
4.101
4.139
4.099
3.963
3.756
3.541
3.493
3.593
3.627
3.543
3.577
3.826
4.089
4.208
4.196
4.101
3.972
3.91
3.908
3.783
3.577
3.527
3.566
3.477
3.257
3.067
2.955
2.887
2.835
2.754
2.64
2.606
2.724
2.917
3.037
3.082
3.194
3.391
3.473
3.368
3.282
3.387
3.629
3.81
3.826
3.74
3.697
3.684
3.611
3.375
3.076
2.876
2.799
2.756
2.649
2.375
2.021
1.796
1.749
1.61
1.295
1.039
1.054
1.293
1.526
1.64
1.76
1.951
2.13
2.216
2.234
2.282
2.393
2.572
2.697
2.69
2.658
2.667
2.574
2.248
1.783
1.37
1.093
0.896
0.71
0.474
0.211
0.063
0.002
-0.127
-0.336
-0.501
-0.56
-0.596
-0.66
-0.714
-0.678
-0.574
-0.58
-0.803
-1.125
-1.306
-1.347
-1.431
-1.606
-1.692
-1.551
-1.297
-1.207
-1.359
-1.585
-1.717
-1.774
-1.842
-2.034
-2.32
-2.495
-2.513
-2.57
-2.81
-3.073
-3.144
-3.092
-3.105
-3.244
-3.343
-3.2
-2.863
-2.636
-2.618
-2.592
-2.409
-2.225
-2.259
-2.463
-2.615
-2.572
-2.404
-2.323
-2.436
-2.64
-2.713
-2.652
-2.638
-2.717
-2.731
-2.522
-2.189
-1.96
-1.926
-1.937
-1.808
-1.567
-1.399
-1.433
-1.615
-1.715
-1.57
-1.393
-1.442
-1.597
-1.544
-1.277
-1.061
-1.054
-1.157
-1.132
-0.873
-0.49
-0.195
0.009
0.227
0.449
0.624
0.651
0.546
0.51
0.626
0.717
0.61
0.438
0.42
0.567
0.692
0.644
0.524
0.524
0.669
0.789
0.762
0.692
0.746
0.952
1.12
1.129
1.007
0.878
0.875
0.998
1.138
1.254
1.422
1.69
1.966
2.139
2.148
2.102
2.114
2.146
2.073
1.898
1.767
1.674
1.474
1.129
0.717
0.354
0.1
-0.152
-0.424
-0.635
-0.692
-0.583
-0.417
-0.301
-0.188
0.02
0.263
0.388
0.306
0.097
-0.072
-0.165
-0.222
-0.354
-0.61
-0.889
-0.998
-0.978
-1.07
-1.304
-1.47
-1.458
-1.383
-1.374
-1.449
-1.515
-1.454
-1.347
-1.393
-1.619
-1.917
-2.143
-2.307
-2.522
-2.803
-3.069
-3.264
-3.387
-3.47
-3.6
-3.734
-3.731
-3.575
-3.366
-3.257
-3.23
-3.194
-3.105
-3.012
-3.057
-3.234
-3.434
-3.656
-3.938
-4.258
-4.559
-4.772
-4.884
-4.908
-4.908
-4.874
-4.827
-4.786
-4.734
-4.6
-4.418
-4.328
-4.312
-4.3
-4.285
-4.35
-4.493
-4.629
-4.738
-4.845
-4.92
-4.913
-4.884
-4.922
-4.881
-4.668
-4.398
-4.205
-4.055
-3.817
-3.507
-3.305
-3.289
-3.35
-3.391
-3.395
-3.457
-3.622
-3.831
-4.042
-4.219
-4.278
-4.244
-4.203
-4.142
-3.999
-3.851
-3.808
-3.824
-3.763
-3.593
-3.423
-3.38
-3.489
-3.622
-3.713
-3.82
-4.015
-4.271
-4.507
-4.605
-4.643
-4.766
-4.972
-5.137
-5.176
-5.092
-4.961
-4.897
-4.952
-5.097
-5.249
-5.389
-5.585
-5.886
-6.269
-6.582
-6.741
-6.886
-7.165
-7.465
-7.576
-7.519
-7.429
-7.367
-7.324
-7.286
-7.179
-6.986
-6.8
-6.709
-6.712
-6.691
-6.596
-6.58
-6.807
-7.12
-7.272
-7.311
-7.399
-7.556
-7.61
-7.46
-7.209
-6.986
-6.839
-6.691
-6.449
-6.106
-5.768
-5.553
-5.496
-5.412
-5.149
-4.904
-4.886
-5.038
-5.171
-5.228
-5.212
-5.144
-5.069
-4.936
-4.639
-4.228
-3.858
-3.602
-3.434
-3.266
-3.014
-2.747
-2.624
-2.654
-2.665
-2.608
-2.599
-2.649
-2.686
-2.692
-2.638
-2.531
-2.449
-2.409
-2.311
-2.053
-1.712
-1.433
-1.309
-1.191
-1.009
-0.862
-0.801
-0.823
-0.873
-0.866
-0.803
-0.782
-0.909
-1.104
-1.211
-1.148
-1.005
-0.916
-0.912
-0.878
-0.707
-0.469
-0.315
-0.32
-0.388
-0.404
-0.438
-0.522
-0.651
-0.816
-0.941
-1.018
-1.109
-1.193
-1.225
-1.211
-1.191
-1.229
-1.281
-1.236
-1.12
-0.998
-0.918
-0.939
-1.073
-1.281
-1.495
-1.676
-1.844
-2.03
-2.22
-2.363
-2.445
-2.531
-2.647
-2.715
-2.706
-2.638
-2.509
-2.368
-2.309
-2.395
-2.504
-2.529
-2.549
-2.676
-2.89
-3.098
-3.196
-3.257
-3.425
-3.708
-3.951
-3.983
-3.899
-3.885
-3.96
-3.956
-3.763
-3.441
-3.198
-3.098
-3.078
-3.046
-3.012
-3.044
-3.203
-3.434
-3.661
-3.806
-3.863
-3.885
-3.91
-3.863
-3.783
-3.749
-3.776
-3.715
-3.466
-3.164
-2.942
-2.817
-2.69
-2.509
-2.318
-2.25
-2.293
-2.336
-2.357
-2.407
-2.479
-2.536
-2.515
-2.354
-2.062
-1.758
-1.54
-1.388
-1.275
-1.138
-0.932
-0.741
-0.678
-0.66
-0.576
-0.478
-0.417
-0.444
-0.54
-0.649
-0.764
-0.848
-0.921
-0.957
-0.875
-0.633
-0.336
-0.107
0.054
0.277
0.569
0.807
0.932
0.946
0.828
0.644
0.474
0.249
-0.045
-0.322
-0.542
-0.764
-0.966
-1.064
-1.014
-0.873
-0.723
-0.633
-0.553
-0.365
-0.088
0.111
0.134
0.077
0.081
0.047
-0.163
-0.515
-0.85
-1.114
-1.345
-1.619
-1.941
-2.225
-2.397
-2.461
-2.504
-2.538
-2.472
-2.318
-2.264
-2.307
-2.332
-2.309
-2.252
-2.234
-2.391
-2.665
-2.881
-3.046
-3.271
-3.586
-3.872
-3.994
-4.003
-4.006
-4.01
-3.951
-3.802
-3.579
-3.432
-3.479
-3.584
-3.557
-3.513
-3.629
-3.91
-4.251
-4.498
-4.584
-4.623
-4.704
-4.775
-4.716
-4.543
-4.38
-4.271
-4.139
-3.904
-3.559
-3.221
-3.053
-3.012
-2.935
-2.815
-2.749
-2.774
-2.847
-2.96
-3.092
-3.218
-3.343
-3.439
-3.418
-3.248
-2.978
-2.756
-2.622
-2.425
-2.109
-1.771
-1.495
-1.284
-1.084
-0.85
-0.649
-0.558
-0.578
-0.617
-0.599
-0.599
-0.676
-0.746
-0.737
-0.671
-0.565
-0.49
-0.454
-0.326
-0.061
0.224
0.449
0.624
0.794
0.973
1.123
1.279
1.397
1.415
1.381
1.404
1.445
1.433
1.424
1.483
1.578
1.728
1.891
1.998
2.014
1.973
1.914
1.86
1.83
1.801
1.719
1.608
1.554
1.583
1.608
1.544
1.418
1.386
1.488
1.617
1.694
1.735
1.787
1.826
1.799
1.769
1.771
1.783
1.783
1.692
1.499
1.306
1.127
0.921
0.66
0.394
0.175
0.018
-0.072
-0.131
-0.129
-0.016
0.165
0.311
0.381
0.494
0.692
0.875
0.937
0.875
0.816
0.828
0.855
0.873
0.835
0.701
0.512
0.397
0.37
0.301
0.161
0.038
-0.025
-0.043
0.009
0.136
0.283
0.417
0.546
0.703
0.923
1.17
1.402
1.565
1.697
1.853
2.037
2.15
2.157
2.162
2.25
2.345
2.37
2.336
2.327
2.397
2.499
2.499
2.359
2.255
2.347
2.556
2.686
2.717
2.783
2.983
3.282
3.579
3.788
3.935
4.133
4.4
4.666
4.813
4.856
4.872
4.89
4.908
4.85
4.663
4.503
4.466
4.437
4.355
4.339
4.414
4.523
4.6
4.657
4.793
5.004
5.199
5.382
5.625
5.877
6.027
6.061
6.034
5.997
5.977
5.916
5.791
5.63
5.473
5.33
5.187
5.108
5.095
5.058
5.013
4.958
4.79
4.527
4.323
4.183
4.003
3.802
3.638
3.516
3.418
3.325
3.244
3.182
3.189
3.282
3.366
3.271
3.033
2.847
2.713
2.518
2.264
1.987
1.681
1.402
1.136
0.791
0.345
-0.05
-0.288
-0.426
-0.524
-0.594
-0.592
-0.556
-0.433
-0.27
-0.177
-0.113
-0.02
0.038
-0.036
-0.209
-0.376
-0.44
-0.442
-0.46
-0.496
-0.51
-0.46
-0.374
-0.347
-0.426
-0.428
-0.261
-0.05
0.138
0.27
0.41
0.633
0.921
1.218
1.479
1.667
1.846
2.064
2.245
2.37
2.49
2.595
2.72
2.903
3.073
3.191
3.33
3.541
3.781
3.967
4.11
4.258
4.418
4.589
4.713
4.747
4.75
4.872
5.113
5.319
5.505
5.857
6.319
6.63
6.737
6.859
7.104
7.281
7.236
7.075
7.106
7.478
8.012
8.272
8.091
7.871
7.977
8.148
7.957
7.449
7.136
7.288
7.687
8.027
8.098
8.082
8.363
8.826
8.944
8.699
8.633
8.987
9.373
9.459
9.37
9.366
9.461
9.441
9.1
8.495
8.009
7.893
7.93
7.821
7.617
7.533
7.64
7.712
7.519
7.261
7.238
7.397
7.485
7.467
7.454
7.472
7.526
7.492
7.229
6.845
6.528
6.333
6.154
5.934
5.752
5.659
5.593
5.426
5.169
4.938
4.779
4.625
4.455
4.344
4.316
4.33
4.319
4.251
4.133
4.001
3.81
3.525
3.189
2.989
3.01
3.162
3.216
3.067
2.935
2.98
3.057
2.96
2.681
2.445
2.422
2.536
2.565
2.436
2.25
2.132
2.005
1.755
1.411
1.118
1
1.086
1.315
1.594
1.826
1.978
2.1
2.225
2.302
2.305
2.275
2.207
2.123
2.118
2.193
2.164
1.935
1.651
1.551
1.651
1.774
1.744
1.638
1.706
2.034
2.388
2.531
2.477
2.438
2.552
2.722
2.813
2.844
2.867
2.86
2.801
2.652
2.402
2.196
2.128
2.136
2.102
2.06
2.164
2.37
2.477
2.415
2.318
2.279
2.275
2.223
2.082
2.016
2.096
2.236
2.343
2.391
2.449
2.529
2.531
2.388
2.168
1.96
1.755
1.533
1.313
1.182
1.166
1.136
0.991
0.785
0.637
0.608
0.617
0.58
0.449
0.281
0.211
0.206
0.122
-0.095
-0.326
-0.383
-0.238
-0.075
-0.07
-0.177
-0.213
-0.165
-0.204
-0.397
-0.624
-0.767
-0.873
-1.08
-1.386
-1.59
-1.674
-1.801
-2.041
-2.35
-2.622
-2.722
-2.681
-2.611
-2.577
-2.549
-2.427
-2.202
-2.098
-2.234
-2.402
-2.42
-2.295
-2.255
-2.397
-2.495
-2.32
-2.016
-1.83
-1.83
-1.869
-1.823
-1.805
-1.903
-1.982
-1.987
-1.946
-1.912
-1.932
-1.964
-1.93
-1.837
-1.769
-1.755
-1.805
-1.794
-1.61
-1.422
-1.404
-1.488
-1.474
-1.272
-0.986
-0.841
-0.819
-0.73
-0.488
-0.186
0.086
0.292
0.501
0.703
0.841
0.939
0.982
0.918
0.835
0.762
0.701
0.653
0.617
0.601
0.601
0.621
0.71
0.875
1.048
1.177
1.311
1.452
1.57
1.656
1.64
1.551
1.542
1.667
1.778
1.787
1.747
1.762
1.853
1.951
2.039
2.123
2.193
2.266
2.239
2.098
1.971
1.937
1.941
1.932
1.851
1.694
1.56
1.492
1.447
1.259
0.966
0.744
0.66
0.617
0.567
0.517
0.51
0.551
0.605
0.624
0.596
0.562
0.519
0.485
0.472
0.431
0.349
0.288
0.329
0.465
0.553
0.512
0.374
0.254
0.236
0.279
0.238
0.052
-0.131
-0.195
-0.206
-0.331
-0.54
-0.737
-0.878
-1.002
-1.111
-1.127
-1.043
-0.909
-0.771
-0.639
-0.478
-0.313
-0.163
-0.025
0.045
0.068
0.084
0.115
0.095
-0.022
-0.197
-0.326
-0.32
-0.24
-0.195
-0.24
-0.311
-0.345
-0.376
-0.417
-0.426
-0.438
-0.447
-0.424
-0.365
-0.313
-0.342
-0.428
-0.465
-0.428
-0.454
-0.571
-0.739
-0.869
-0.889
-0.857
-0.83
-0.848
-0.882
-0.819
-0.633
-0.394
-0.236
-0.19
-0.156
-0.086
-0.054
-0.134
-0.292
-0.46
-0.562
-0.599
-0.651
-0.748
-0.837
-0.873
-0.891
-0.962
-1.027
-0.993
-0.871
-0.785
-0.837
-0.95
-0.923
-0.728
-0.562
-0.542
-0.558
-0.449
-0.24
-0.113
-0.168
-0.333
-0.462
-0.435
-0.315
-0.311
-0.44
-0.571
-0.637
-0.633
-0.655
-0.694
-0.658
-0.626
-0.673
-0.737
-0.767
-0.794
-0.882
-1.073
-1.284
-1.368
-1.32
-1.293
-1.42
-1.578
-1.513
-1.123
-0.633
-0.295
-0.181
-0.17
-0.018
0.245
0.304
0.009
-0.39
-0.594
-0.651
-0.812
-1.107
-1.343
-1.386
-1.288
-1.225
-1.22
-1.189
-1.114
-1.052
-1.012
-1.02
-0.95
-0.707
-0.528
-0.576
-0.699
-0.637
-0.499
-0.492
-0.628
-0.773
-0.837
-0.816
-0.823
-1.018
-1.297
-1.427
-1.397
-1.336
-1.345
-1.415
-1.413
-1.288
-1.134
-1.075
-1.125
-1.125
-1.048
-1.061
-1.22
-1.438
-1.624
-1.785
-1.996
-2.234
-2.368
-2.373
-2.345
-2.345
-2.316
-2.236
-2.125
-2.021
-2.034
-2.259
-2.636
-2.949
-3.144
-3.343
-3.613
-3.842
-3.876
-3.681
-3.475
-3.393
-3.325
-3.212
-3.051
-2.881
-2.853
-3.039
-3.264
-3.352
-3.352
-3.482
-3.774
-4.008
-4.099
-4.201
-4.434
-4.741
-4.911
-4.89
-4.858
-4.963
-5.058
-5.008
-4.888
-4.813
-4.793
-4.831
-4.822
-4.679
-4.552
-4.627
-4.87
-5.085
-5.176
-5.296
-5.621
-6.052
-6.385
-6.521
-6.562
-6.694
-6.909
-7.016
-7.009
-6.959
-6.905
-6.859
-6.796
-6.635
-6.417
-6.299
-6.319
-6.344
-6.319
-6.324
-6.426
-6.592
-6.75
-6.868
-6.973
-7.072
-7.147
-7.199
-7.229
-7.261
-7.329
-7.369
-7.358
-7.356
-7.388
-7.424
-7.433
-7.422
-7.347
-7.286
-7.277
-7.22
-7.09
-6.982
-6.866
-6.685
-6.428
-6.147
-5.952
-5.872
-5.841
-5.745
-5.585
-5.494
-5.559
-5.698
-5.773
-5.752
-5.732
-5.807
-5.997
-6.179
-6.17
-6.034
-5.898
-5.802
-5.682
-5.446
-5.079
-4.734
-4.595
-4.605
-4.579
-4.466
-4.362
-4.382
-4.511
-4.598
-4.573
-4.548
-4.593
-4.686
-4.797
-4.845
-4.806
-4.775
-4.779
-4.756
-4.661
-4.548
-4.464
-4.412
-4.289
-4.089
-3.906
-3.826
-3.779
-3.652
-3.455
-3.323
-3.334
-3.416
-3.445
-3.448
-3.579
-3.838
-4.119
-4.294
-4.3
-4.194
-4.169
-4.26
-4.287
-4.142
-3.929
-3.838
-3.913
-3.967
-3.881
-3.797
-3.829
-3.929
-3.976
-3.865
-3.652
-3.57
-3.686
-3.815
-3.81
-3.738
-3.813
-4.069
-4.305
-4.4
-4.464
-4.609
-4.779
-4.847
-4.79
-4.688
-4.593
-4.548
-4.498
-4.4
-4.326
-4.328
-4.375
-4.348
-4.178
-3.969
-3.883
-3.892
-3.847
-3.734
-3.663
-3.727
-3.795
-3.788
-3.745
-3.729
-3.774
-3.845
-3.849
-3.763
-3.62
-3.545
-3.638
-3.779
-3.788
-3.636
-3.459
-3.361
-3.275
-3.098
-2.871
-2.686
-2.54
-2.427
-2.302
-2.166
-2.118
-2.177
-2.316
-2.418
-2.427
-2.431
-2.463
-2.47
-2.42
-2.341
-2.264
-2.18
-2.068
-1.991
-1.969
-1.903
-1.792
-1.662
-1.565
-1.524
-1.447
-1.313
-1.173
-1.005
-0.862
-0.809
-0.782
-0.707
-0.63
-0.644
-0.76
-0.796
-0.671
-0.54
-0.496
-0.488
-0.465
-0.374
-0.195
0.034
0.251
0.363
0.435
0.587
0.801
0.966
1.052
1.12
1.241
1.349
1.397
1.381
1.325
1.286
1.293
1.245
1.111
0.955
0.844
0.853
0.923
0.952
1.009
1.138
1.265
1.352
1.438
1.547
1.644
1.701
1.755
1.837
1.91
1.923
1.917
1.946
1.957
1.935
1.939
1.985
2.039
2.073
2.118
2.094
2
1.914
1.926
2.026
2.066
1.998
1.994
2.096
2.164
2.08
1.928
1.844
1.833
1.794
1.642
1.447
1.345
1.372
1.436
1.481
1.522
1.592
1.674
1.751
1.815
1.837
1.837
1.837
1.803
1.669
1.442
1.234
1.129
1.136
1.118
1.034
0.962
0.95
0.918
0.864
0.825
0.762
0.683
0.63
0.558
0.428
0.279
0.195
0.202
0.233
0.231
0.181
0.057
-0.086
-0.19
-0.286
-0.392
-0.431
-0.367
-0.231
-0.136
-0.1
-0.063
0.007
0.091
0.125
0.102
0.045
-0.054
-0.195
-0.37
-0.496
-0.556
-0.61
-0.667
-0.767
-0.914
-1.066
-1.182
-1.211
-1.141
-1.023
-0.921
-0.859
-0.821
-0.771
-0.676
-0.569
-0.481
-0.39
-0.308
-0.281
-0.256
-0.272
-0.374
-0.472
-0.406
-0.206
-0.072
-0.149
-0.272
-0.267
-0.134
0.002
0.029
-0.025
-0.07
-0.072
-0.12
-0.236
-0.354
-0.37
-0.236
-0.05
0.066
0.095
0.136
0.22
0.347
0.592
0.864
0.986
0.986
1.064
1.284
1.492
1.533
1.458
1.429
1.479
1.517
1.452
1.227
0.93
0.787
0.832
0.93
1.018
1.1
1.186
1.284
1.49
1.781
1.982
2.021
2.048
2.168
2.27
2.27
2.216
2.17
2.146
2.125
2.055
1.998
2.028
2
1.849
1.703
1.778
2.023
2.214
2.209
2.094
2.118
2.429
2.767
2.778
2.493
2.352
2.606
2.949
2.74
2.118
1.88
2.325
2.949
2.921
2.305
1.941
2.357
2.905
2.686
1.926
1.624
2.125
2.604
2.341
1.665
1.309
1.626
2.155
2.205
1.753
1.411
1.717
2.441
2.794
2.468
2.225
2.735
3.52
3.781
3.325
2.717
2.665
3.094
3.218
2.706
2.1
2.026
2.37
2.431
1.928
1.438
1.502
1.898
2.155
2.057
1.83
1.853
2.248
2.67
2.822
2.758
2.763
2.969
3.207
3.214
2.965
2.778
2.831
3.007
3.003
2.735
2.52
2.618
2.803
2.785
2.701
2.699
2.733
2.74
2.667
2.581
2.524
2.524
2.529
2.615
2.803
2.962
2.955
2.894
2.946
3.062
3.071
2.969
2.908
2.962
3.094
3.21
3.248
3.207
3.184
3.266
3.391
3.332
2.989
2.524
2.196
2.071
1.951
1.749
1.708
2.037
2.515
2.785
2.776
2.726
2.817
2.928
2.856
2.615
2.488
2.683
3.026
3.244
3.259
3.139
2.994
2.915
2.758
2.357
1.815
1.551
1.717
2.016
2.177
2.209
2.343
2.72
3.044
3.053
2.887
2.74
2.665
2.708
2.79
2.747
2.658
2.638
2.656
2.69
2.672
2.549
2.456
2.527
2.704
2.824
2.833
2.769
2.692
2.654
2.686
2.726
2.722
2.728
2.767
2.713
2.561
2.361
2.139
1.948
1.862
1.837
1.851
2
2.25
2.479
2.597
2.588
2.577
2.613
2.611
2.445
2.239
2.146
2.205
2.345
2.484
2.513
2.434
2.329
2.184
1.989
1.815
1.69
1.665
1.733
1.835
1.985
2.139
2.243
2.239
2.132
2.003
1.964
2
2.032
2.064
2.132
2.227
2.279
2.264
2.252
2.261
2.261
2.279
2.352
2.449
2.547
2.611
2.604
2.574
2.59
2.626
2.633
2.613
2.556
2.506
2.538
2.633
2.688
2.676
2.683
2.704
2.788
2.973
3.166
3.302
3.439
3.618
3.715
3.659
3.473
3.171
2.813
2.513
2.354
2.37
2.472
2.538
2.631
2.756
2.756
2.611
2.452
2.377
2.409
2.477
2.529
2.629
2.851
3.053
3.087
2.951
2.776
2.638
2.434
2.06
1.626
1.313
1.177
1.175
1.257
1.345
1.411
1.472
1.515
1.52
1.415
1.223
1.15
1.297
1.429
1.388
1.245
1.17
1.243
1.343
1.345
1.311
1.363
1.449
1.472
1.388
1.22
1.093
1.111
1.243
1.388
1.474
1.454
1.379
1.297
1.218
1.141
1.027
0.828
0.665
0.669
0.746
0.816
0.975
1.195
1.458
1.783
2.05
2.134
2.044
1.855
1.733
1.769
1.828
1.833
1.823
1.83
1.862
1.878
1.787
1.604
1.393
1.197
1.034
0.982
1.073
1.179
1.257
1.365
1.574
1.835
1.96
1.898
1.794
1.701
1.59
1.424
1.225
1.061
0.998
0.998
1.041
1.193
1.379
1.508
1.563
1.497
1.34
1.2
1.123
1.052
0.962
0.855
0.721
0.628
0.658
0.735
0.699
0.626
0.635
0.655
0.594
0.533
0.515
0.522
0.553
0.678
0.85
0.984
1.068
1.091
0.973
0.726
0.472
0.336
0.29
0.254
0.217
0.17
0.091
0.041
0.029
0.016
0
0.107
0.331
0.562
0.699
0.798
0.968
1.157
1.261
1.259
1.191
1.036
0.819
0.633
0.501
0.386
0.333
0.401
0.53
0.626
0.683
0.696
0.705
0.775
0.909
1.027
1.082
1.041
0.941
0.887
0.864
0.866
0.934
1.054
1.12
1.125
1.086
0.939
0.753
0.699
0.735
0.665
0.485
0.338
0.267
0.265
0.263
0.149
0.002
-0.075
-0.143
-0.277
-0.469
-0.673
-0.78
-0.791
-0.821
-0.921
-1
-0.973
-0.916
-0.896
-0.925
-0.971
-0.971
-0.928
-0.859
-0.862
-1.005
-1.177
-1.275
-1.374
-1.565
-1.83
-2.053
-2.239
-2.407
-2.497
-2.484
-2.384
-2.23
-2.112
-2.019
-1.889
-1.685
-1.483
-1.386
-1.438
-1.542
-1.604
-1.624
-1.653
-1.721
-1.776
-1.708
-1.583
-1.536
-1.538
-1.524
-1.522
-1.581
-1.69
-1.758
-1.697
-1.506
-1.318
-1.179
-1.05
-0.866
-0.619
-0.399
-0.322
-0.367
-0.41
-0.406
-0.447
-0.628
-0.798
-0.782
-0.644
-0.569
-0.571
-0.556
-0.494
-0.426
-0.462
-0.567
-0.585
-0.494
-0.376
-0.36
-0.44
-0.478
-0.447
-0.404
-0.345
-0.295
-0.281
-0.236
-0.177
-0.197
-0.32
-0.478
-0.594
-0.58
-0.49
-0.462
-0.481
-0.465
-0.428
-0.372
-0.358
-0.433
-0.556
-0.649
-0.667
-0.694
-0.801
-0.964
-1.027
-0.957
-0.875
-0.896
-1.082
-1.345
-1.468
-1.39
-1.313
-1.374
-1.379
-1.154
-0.889
-0.85
-1.005
-1.184
-1.295
-1.365
-1.488
-1.685
-1.876
-1.976
-2.012
-2.057
-2.13
-2.234
-2.313
-2.345
-2.393
-2.499
-2.66
-2.785
-2.815
-2.785
-2.778
-2.792
-2.783
-2.72
-2.636
-2.615
-2.64
-2.676
-2.794
-2.996
-3.148
-3.237
-3.418
-3.72
-3.933
-3.985
-3.956
-3.915
-3.86
-3.756
-3.586
-3.366
-3.184
-3.148
-3.234
-3.334
-3.418
-3.452
-3.443
-3.482
-3.568
-3.631
-3.688
-3.806
-3.94
-4.017
-4.042
-4.117
-4.201
-4.174
-4.076
-4.028
-4.055
-4.099
-4.094
-4.024
-3.89
-3.856
-3.956
-3.976
-3.881
-3.831
-3.935
-4.149
-4.353
-4.373
-4.319
-4.409
-4.589
-4.697
-4.691
-4.595
-4.493
-4.493
-4.477
-4.398
-4.355
-4.394
-4.548
-4.741
-4.804
-4.75
-4.763
-4.852
-5.001
-5.212
-5.367
-5.498
-5.684
-5.816
-5.775
-5.639
-5.541
-5.478
-5.416
-5.348
-5.296
-5.324
-5.414
-5.457
-5.45
-5.473
-5.53
-5.571
-5.571
-5.559
-5.641
-5.8
-5.952
-6.093
-6.276
-6.462
-6.587
-6.596
-6.492
-6.376
-6.351
-6.396
-6.496
-6.546
-6.46
-6.328
-6.322
-6.381
-6.317
-6.124
-5.956
-5.956
-6.111
-6.204
-6.154
-6.131
-6.222
-6.337
-6.428
-6.39
-6.201
-6.093
-6.161
-6.197
-6.104
-6.043
-6.111
-6.245
-6.285
-6.206
-6.165
-6.231
-6.29
-6.24
-6.083
-5.906
-5.857
-5.959
-6.034
-5.961
-5.836
-5.809
-5.864
-5.895
-5.882
-5.886
-5.913
-5.95
-5.959
-5.911
-5.852
-5.823
-5.768
-5.641
-5.566
-5.621
-5.653
-5.607
-5.559
-5.528
-5.512
-5.571
-5.718
-5.875
-6.013
-6.206
-6.433
-6.528
-6.464
-6.406
-6.415
-6.412
-6.349
-6.251
-6.122
-5.913
-5.675
-5.523
-5.466
-5.364
-5.226
-5.208
-5.362
-5.562
-5.632
-5.6
-5.666
-5.888
-6.083
-6.065
-5.9
-5.739
-5.695
-5.664
-5.537
-5.344
-5.197
-5.097
-4.956
-4.734
-4.503
-4.298
-4.144
-4.162
-4.36
-4.414
-4.21
-4.266
-4.727
-5.047
-4.87
-4.468
-4.321
-4.521
-4.62
-4.176
-3.552
-3.334
-3.416
-3.291
-2.958
-2.794
-2.794
-2.742
-2.722
-2.783
-2.781
-2.765
-2.826
-2.894
-2.949
-2.985
-3.039
-3.135
-3.162
-3.026
-2.776
-2.529
-2.375
-2.241
-2.041
-1.821
-1.699
-1.662
-1.617
-1.513
-1.433
-1.465
-1.504
-1.502
-1.538
-1.558
-1.427
-1.254
-1.234
-1.225
-1.073
-0.923
-0.801
-0.601
-0.49
-0.488
-0.376
-0.188
-0.057
0.057
0.222
0.311
0.29
0.29
0.399
0.476
0.44
0.392
0.417
0.574
0.767
0.857
0.95
1.173
1.397
1.531
1.665
1.796
1.862
1.939
2.096
2.252
2.379
2.509
2.599
2.649
2.706
2.708
2.586
2.447
2.465
2.545
2.531
2.534
2.554
2.413
2.152
2.082
2.413
2.822
2.783
2.461
2.488
2.887
3.069
2.728
2.284
2.407
3.082
3.591
3.525
3.391
3.774
4.371
4.541
4.273
3.929
3.774
3.849
3.867
3.638
3.391
3.482
3.863
4.103
3.865
3.302
2.937
3.046
3.255
3.096
2.894
3.312
4.171
4.659
4.557
4.4
4.525
4.716
4.647
4.396
4.305
4.389
4.425
4.389
4.373
4.326
4.285
4.3
4.174
3.808
3.477
3.334
3.278
3.228
3.178
3.085
3.062
3.194
3.259
3.105
2.983
3.176
3.45
3.421
3.216
3.2
3.316
3.289
3.116
3.005
3.108
3.278
3.25
3.112
3.112
3.144
2.973
2.579
2.162
1.898
1.828
1.778
1.612
1.456
1.488
1.683
1.833
1.781
1.57
1.431
1.597
1.955
2.105
1.932
1.837
2.114
2.52
2.613
2.313
1.948
1.769
1.672
1.422
1.093
0.898
0.859
0.853
0.887
0.946
0.955
0.918
0.971
1.057
1.059
1.05
1.132
1.281
1.447
1.488
1.402
1.361
1.379
1.254
0.986
0.733
0.624
0.601
0.54
0.39
0.24
0.183
0.209
0.311
0.56
0.859
1.009
1.014
1.075
1.263
1.461
1.481
1.311
1.195
1.315
1.506
1.536
1.331
1.064
0.932
0.928
0.914
0.794
0.585
0.492
0.596
0.703
0.717
0.748
0.932
1.299
1.606
1.583
1.354
1.27
1.379
1.449
1.431
1.452
1.563
1.719
1.849
1.887
1.885
1.998
2.241
2.454
2.531
2.418
2.277
2.243
2.259
2.261
2.214
2.087
1.987
1.978
1.937
1.789
1.612
1.522
1.504
1.497
1.54
1.69
1.903
2.166
2.518
2.933
3.291
3.543
3.731
3.899
4.006
3.987
3.856
3.711
3.668
3.693
3.684
3.579
3.434
3.252
3.023
2.758
2.484
2.3
2.289
2.388
2.529
2.683
2.885
3.096
3.239
3.339
3.432
3.452
3.398
3.371
3.402
3.409
3.337
3.257
3.271
3.371
3.457
3.457
3.35
3.216
3.216
3.373
3.513
3.479
3.384
3.425
3.595
3.693
3.579
3.359
3.271
3.384
3.45
3.352
3.203
3.119
3.114
3.121
3.055
2.98
3.048
3.257
3.448
3.47
3.368
3.262
3.234
3.252
3.214
3.164
3.169
3.284
3.493
3.668
3.736
3.772
3.915
4.112
4.228
4.201
4.208
4.382
4.645
4.827
4.899
4.904
4.845
4.777
4.695
4.555
4.314
4.04
3.822
3.681
3.634
3.661
3.718
3.795
3.881
4.008
4.244
4.518
4.768
5.02
5.303
5.593
5.782
5.857
5.877
5.904
5.911
5.843
5.65
5.412
5.237
5.024
4.654
4.203
3.779
3.445
3.239
3.112
3.017
3.001
3.18
3.479
3.734
3.895
4.033
4.235
4.518
4.734
4.788
4.788
4.858
4.945
4.904
4.741
4.503
4.251
3.999
3.738
3.434
3.135
2.935
2.881
2.924
3.026
3.119
3.221
3.375
3.5
3.511
3.473
3.445
3.405
3.377
3.314
3.144
2.921
2.788
2.726
2.645
2.558
2.522
2.52
2.518
2.568
2.69
2.803
2.953
3.232
3.577
3.86
3.997
3.99
3.935
3.86
3.729
3.529
3.33
3.128
2.867
2.642
2.536
2.445
2.307
2.216
2.279
2.449
2.57
2.574
2.606
2.801
3.078
3.278
3.418
3.602
3.802
3.876
3.824
3.763
3.779
3.795
3.724
3.634
3.627
3.729
3.922
4.117
4.21
4.198
4.187
4.23
4.314
4.321
4.162
3.874
3.584
3.391
3.312
3.248
3.135
3.069
3.062
2.978
2.808
2.679
2.642
2.674
2.799
3.007
3.293
3.593
3.872
4.144
4.416
4.641
4.834
4.986
5.051
5.033
4.94
4.779
4.627
4.53
4.418
4.262
4.105
3.976
3.81
3.534
3.228
3.033
2.958
2.91
2.867
2.912
3.03
3.218
3.484
3.776
4.099
4.384
4.566
4.673
4.763
4.806
4.786
4.775
4.809
4.852
4.813
4.736
4.713
4.62
4.373
4.078
3.788
3.52
3.334
3.237
3.173
3.112
3.051
3.051
3.144
3.307
3.448
3.523
3.536
3.547
3.65
3.756
3.804
3.879
3.992
4.067
4.149
4.298
4.473
4.557
4.489
4.391
4.448
4.582
4.618
4.5
4.337
4.273
4.296
4.298
4.246
4.212
4.217
4.205
4.135
3.938
3.711
3.6
3.606
3.647
3.643
3.55
3.463
3.443
3.436
3.407
3.377
3.402
3.441
3.421
3.427
3.557
3.752
3.89
3.899
3.804
3.724
3.67
3.622
3.523
3.3
3.023
2.813
2.64
2.436
2.23
2.06
1.914
1.735
1.526
1.356
1.189
1.023
0.982
1.084
1.189
1.17
1.125
1.234
1.445
1.567
1.549
1.465
1.429
1.436
1.415
1.302
1.109
0.916
0.819
0.733
0.519
0.213
-0.075
-0.233
-0.311
-0.469
-0.741
-0.984
-1.104
-1.125
-1.193
-1.393
-1.656
-1.835
-1.873
-1.851
-1.903
-2.048
-2.17
-2.166
-2.044
-1.98
-2
-2.041
-2.034
-2.016
-2.016
-2.091
-2.284
-2.486
-2.581
-2.577
-2.618
-2.74
-2.844
-2.885
-2.931
-3.03
-3.139
-3.212
-3.35
-3.588
-3.768
-3.736
-3.602
-3.513
-3.423
-3.187
-2.744
-2.307
-2.064
-1.987
-1.946
-1.887
-1.873
-1.964
-2.168
-2.325
-2.327
-2.223
-2.094
-2.023
-2.01
-1.921
-1.717
-1.515
-1.368
-1.286
-1.207
-1.073
-0.907
-0.771
-0.689
-0.585
-0.462
-0.345
-0.258
-0.197
-0.131
-0.102
-0.175
-0.27
-0.292
-0.258
-0.233
-0.229
-0.181
-0.02
0.217
0.447
0.617
0.739
0.864
1.012
1.173
1.241
1.145
0.978
0.894
0.889
0.862
0.735
0.58
0.51
0.481
0.46
0.501
0.637
0.819
0.966
1.046
1.082
1.138
1.2
1.191
1.018
0.755
0.488
0.265
0.091
-0.043
-0.136
-0.175
-0.113
0.011
0.134
0.181
0.224
0.347
0.508
0.599
0.619
0.585
0.528
0.49
0.444
0.354
0.224
0.075
-0.147
-0.394
-0.621
-0.887
-1.211
-1.515
-1.712
-1.833
-1.946
-2.028
-2.048
-2.016
-1.96
-1.905
-1.842
-1.758
-1.667
-1.624
-1.692
-1.817
-1.889
-1.973
-2.116
-2.284
-2.422
-2.552
-2.674
-2.824
-3.014
-3.178
-3.273
-3.387
-3.561
-3.772
-3.992
-4.18
-4.292
-4.35
-4.396
-4.412
-4.344
-4.194
-4.047
-3.942
-3.81
-3.684
-3.645
-3.634
-3.593
-3.622
-3.763
-3.901
-4.017
-4.101
-4.126
-4.142
-4.232
-4.326
-4.323
-4.332
-4.389
-4.457
-4.545
-4.598
-4.55
-4.471
-4.409
-4.344
-4.242
-4.083
-3.89
-3.729
-3.674
-3.62
-3.504
-3.479
-3.611
-3.752
-3.86
-3.967
-4.062
-4.21
-4.405
-4.518
-4.455
-4.341
-4.292
-4.282
-4.26
-4.201
-4.146
-4.149
-4.171
-4.135
-4.069
-4.031
-4.065
-4.192
-4.414
-4.561
-4.598
-4.663
-4.816
-4.947
-5.074
-5.167
-5.178
-5.192
-5.256
-5.31
-5.333
-5.328
-5.34
-5.398
-5.548
-5.727
-5.843
-5.868
-5.875
-5.934
-6.093
-6.238
-6.353
-6.542
-6.782
-6.93
-6.939
-6.966
-7.041
-7.1
-7.163
-7.215
-7.202
-7.179
-7.213
-7.259
-7.29
-7.354
-7.49
-7.689
-7.882
-7.968
-7.966
-7.971
-8.032
-8.107
-8.091
-7.937
-7.787
-7.744
-7.739
-7.692
-7.653
-7.674
-7.739
-7.773
-7.746
-7.635
-7.465
-7.32
-7.188
-7.011
-6.825
-6.719
-6.675
-6.651
-6.616
-6.589
-6.601
-6.651
-6.644
-6.512
-6.328
-6.192
-6.147
-6.079
-5.9
-5.664
-5.544
-5.525
-5.43
-5.199
-4.961
-4.831
-4.782
-4.693
-4.516
-4.303
-4.169
-4.081
-3.908
-3.631
-3.364
-3.223
-3.21
-3.21
-3.137
-3.051
-3.037
-3.039
-2.955
-2.774
-2.602
-2.509
-2.42
-2.202
-1.896
-1.692
-1.649
-1.667
-1.626
-1.492
-1.325
-1.211
-1.191
-1.197
-1.157
-1.043
-0.882
-0.717
-0.574
-0.415
-0.224
-0.034
0.009
-0.154
-0.347
-0.374
-0.254
-0.138
-0.136
-0.24
-0.317
-0.308
-0.301
-0.331
-0.349
-0.456
-0.665
-0.835
-0.898
-0.928
-0.996
-1.08
-1.059
-0.855
-0.658
-0.68
-0.875
-1.025
-1.077
-1.202
-1.445
-1.635
-1.71
-1.851
-2.128
-2.427
-2.626
-2.724
-2.79
-2.894
-3.064
-3.189
-3.089
-2.817
-2.66
-2.742
-2.86
-2.797
-2.618
-2.611
-2.894
-3.205
-3.268
-3.187
-3.273
-3.584
-3.829
-3.713
-3.427
-3.398
-3.595
-3.708
-3.613
-3.387
-3.246
-3.289
-3.389
-3.371
-3.212
-3.051
-3.021
-3.051
-2.983
-2.808
-2.674
-2.749
-2.946
-3.007
-2.937
-2.985
-3.162
-3.212
-3.039
-2.772
-2.615
-2.59
-2.497
-2.198
-1.846
-1.633
-1.565
-1.506
-1.429
-1.356
-1.333
-1.377
-1.486
-1.502
-1.365
-1.238
-1.268
-1.327
-1.275
-1.091
-0.894
-0.775
-0.689
-0.553
-0.351
-0.204
-0.118
0.002
0.215
0.454
0.483
0.256
0.254
0.626
0.773
0.386
-0.061
-0.127
0.072
0.134
-0.159
-0.472
-0.424
-0.147
-0.011
-0.102
-0.143
0.043
0.283
0.413
0.408
0.243
0.011
-0.063
-0.027
-0.093
-0.363
-0.671
-0.814
-0.828
-0.894
-1.109
-1.402
-1.551
-1.49
-1.415
-1.499
-1.649
-1.81
-2.012
-2.121
-2.041
-1.898
-1.898
-2
-1.955
-1.767
-1.681
-1.771
-1.846
-1.896
-2.012
-2.191
-2.418
-2.694
-2.905
-3.005
-3.123
-3.212
-3.198
-3.171
-3.225
-3.284
-3.3
-3.291
-3.28
-3.268
-3.28
-3.346
-3.393
-3.337
-3.221
-3.094
-2.983
-2.951
-2.967
-2.892
-2.792
-2.81
-2.858
-2.847
-2.822
-2.844
-2.878
-2.894
-2.878
-2.849
-2.808
-2.744
-2.638
-2.534
-2.477
-2.411
-2.273
-2.116
-1.937
-1.765
-1.642
-1.601
-1.61
-1.624
-1.608
-1.565
-1.517
-1.386
-1.159
-0.957
-0.809
-0.626
-0.394
-0.211
-0.177
-0.206
-0.19
-0.195
-0.272
-0.333
-0.308
-0.236
-0.107
0.088
0.277
0.317
0.233
0.213
0.345
0.519
0.56
0.56
0.665
0.884
1.075
1.159
1.207
1.388
1.667
1.826
1.776
1.681
1.626
1.565
1.449
1.241
0.984
0.828
0.789
0.819
0.807
0.744
0.726
0.921
1.223
1.374
1.365
1.388
1.515
1.604
1.551
1.424
1.338
1.34
1.275
1.077
0.898
0.882
0.921
0.859
0.705
0.558
0.537
0.662
0.814
0.816
0.637
0.494
0.501
0.54
0.449
0.288
0.22
0.354
0.619
0.728
0.63
0.546
0.58
0.61
0.549
0.492
0.53
0.615
0.649
0.662
0.791
1.048
1.279
1.39
1.411
1.465
1.533
1.492
1.388
1.297
1.263
1.345
1.515
1.619
1.624
1.66
1.83
2.073
2.313
2.49
2.584
2.672
2.799
2.844
2.697
2.538
2.504
2.499
2.49
2.504
2.565
2.667
2.835
3.044
3.248
3.45
3.631
3.781
3.979
4.278
4.541
4.65
4.716
4.795
4.906
5.006
5.004
4.877
4.7
4.605
4.609
4.579
4.441
4.312
4.183
4.044
3.949
3.89
3.879
3.949
4.103
4.298
4.511
4.759
4.974
5.045
4.967
4.915
4.884
4.761
4.573
4.403
4.239
4.081
3.981
3.895
3.779
3.65
3.475
3.207
2.908
2.66
2.488
2.359
2.184
2.021
2.005
2.062
2.037
1.991
2.068
2.216
2.343
2.381
2.334
2.232
2.141
2.118
2.118
2.032
1.837
1.701
1.703
1.66
1.51
1.429
1.456
1.461
1.413
1.338
1.302
1.381
1.547
1.681
1.758
1.873
2.078
2.225
2.205
2.2
2.336
2.49
2.565
2.636
2.756
2.84
2.897
2.951
3.003
3.039
3.071
3.137
3.266
3.384
3.443
3.55
3.797
4.069
4.294
4.541
4.745
4.836
4.795
4.732
4.806
5.015
5.163
5.11
5.029
5.126
5.38
5.553
5.521
5.516
5.677
5.898
6.054
6.09
6.052
6.036
6.163
6.387
6.537
6.569
6.628
6.818
7.082
7.209
7.124
7.022
7.088
7.259
7.313
7.236
7.213
7.324
7.535
7.748
7.912
8.041
8.148
8.2
8.2
8.132
8.041
8.005
8.077
8.236
8.338
8.338
8.347
8.483
8.715
8.885
8.903
8.871
8.903
8.978
9.014
8.985
8.939
8.917
8.889
8.873
8.799
8.638
8.461
8.393
8.458
8.492
8.386
8.234
8.229
8.359
8.386
8.247
8.123
8.148
8.263
8.318
8.268
8.241
8.284
8.325
8.259
8.086
7.9
7.739
7.51
7.168
6.805
6.564
6.462
6.337
6.097
5.8
5.653
5.689
5.721
5.616
5.437
5.328
5.299
5.183
4.868
4.514
4.326
4.253
4.126
3.908
3.711
3.579
3.477
3.357
3.173
2.937
2.717
2.506
2.225
1.96
1.835
1.794
1.706
1.502
1.254
1.111
1.05
0.918
0.646
0.347
0.163
0.115
0.088
0
-0.104
-0.229
-0.365
-0.483
-0.585
-0.723
-0.871
-0.93
-0.914
-0.946
-1.07
-1.182
-1.229
-1.223
-1.184
-1.141
-1.107
-1.109
-1.143
-1.091
-0.946
-0.841
-0.816
-0.816
-0.741
-0.578
-0.404
-0.274
-0.136
-0.025
0.063
0.177
0.286
0.383
0.483
0.565
0.705
1.025
1.399
1.66
1.842
2.055
2.302
2.47
2.511
2.472
2.486
2.649
2.856
2.969
3.014
3.087
3.207
3.38
3.484
3.423
3.334
3.364
3.416
3.361
3.244
3.284
3.5
3.686
3.666
3.543
3.534
3.618
3.629
3.482
3.266
3.157
3.198
3.2
3.037
2.822
2.744
2.867
2.987
2.958
2.865
2.806
2.778
2.67
2.373
1.964
1.604
1.39
1.243
0.962
0.601
0.374
0.324
0.295
0.075
-0.256
-0.476
-0.578
-0.714
-0.937
-1.107
-1.22
-1.388
-1.567
-1.66
-1.706
-1.721
-1.753
-1.869
-2.023
-2.116
-2.139
-2.211
-2.434
-2.715
-2.928
-3.071
-3.221
-3.452
-3.697
-3.847
-3.917
-3.981
-4.055
-4.105
-4.028
-3.845
-3.724
-3.765
-3.87
-3.822
-3.597
-3.466
-3.543
-3.656
-3.604
-3.418
-3.273
-3.218
-3.101
-2.84
-2.513
-2.255
-2.162
-2.128
-1.978
-1.737
-1.549
-1.492
-1.44
-1.22
-0.905
-0.676
-0.569
-0.435
-0.143
0.197
0.401
0.449
0.506
0.707
0.932
1.048
1.086
1.15
1.311
1.515
1.61
1.672
1.842
2.114
2.379
2.64
2.924
3.218
3.475
3.611
3.586
3.538
3.613
3.763
3.806
3.663
3.47
3.448
3.616
3.715
3.554
3.278
3.169
3.207
3.062
2.604
2.082
1.769
1.676
1.619
1.427
1.166
1.086
1.211
1.343
1.325
1.216
1.166
1.207
1.238
1.157
0.962
0.775
0.683
0.701
0.753
0.76
0.719
0.699
0.687
0.61
0.449
0.274
0.165
0.075
-0.081
-0.254
-0.381
-0.508
-0.655
-0.803
-0.907
-0.921
-0.923
-1.036
-1.207
-1.311
-1.295
-1.229
-1.202
-1.225
-1.175
-1.002
-0.789
-0.678
-0.71
-0.744
-0.665
-0.58
-0.59
-0.687
-0.762
-0.744
-0.689
-0.746
-0.937
-1.046
-0.968
-0.948
-1.2
-1.572
-1.778
-1.742
-1.665
-1.669
-1.644
-1.476
-1.225
-1.025
-0.889
-0.721
-0.488
-0.29
-0.168
-0.102
-0.059
-0.018
0.041
0.131
0.213
0.292
0.392
0.517
0.667
0.778
0.769
0.755
0.839
0.955
0.991
0.962
0.973
1.02
1.012
0.916
0.875
0.966
1.095
1.148
1.066
0.962
0.98
1.057
1.109
1.109
1.104
1.189
1.34
1.452
1.476
1.436
1.445
1.622
1.86
1.944
1.901
1.948
2.091
2.128
1.971
1.742
1.608
1.538
1.356
0.984
0.576
0.317
0.229
0.227
0.199
0.081
0.002
0.063
0.152
0.113
0.016
0.027
0.143
0.247
0.251
0.206
0.168
0.141
0.097
-0.009
-0.066
-0.009
-0.02
-0.215
-0.533
-0.798
-0.909
-0.948
-1.138
-1.488
-1.724
-1.703
-1.672
-1.81
-2.048
-2.22
-2.241
-2.196
-2.293
-2.602
-2.894
-2.967
-2.931
-2.969
-3.128
-3.312
-3.402
-3.325
-3.157
-3.173
-3.371
-3.377
-3.096
-2.887
-3.03
-3.343
-3.497
-3.443
-3.466
-3.736
-4.058
-4.28
-4.409
-4.432
-4.346
-4.224
-4.128
-3.994
-3.758
-3.511
-3.38
-3.321
-3.184
-2.939
-2.731
-2.683
-2.733
-2.715
-2.615
-2.599
-2.722
-2.849
-2.881
-2.844
-2.72
-2.608
-2.676
-2.853
-2.91
-2.767
-2.592
-2.518
-2.534
-2.486
-2.347
-2.327
-2.511
-2.765
-2.901
-2.885
-2.883
-2.992
-3.135
-3.21
-3.176
-3.135
-3.132
-3.128
-3.073
-3.048
-3.119
-3.237
-3.321
-3.339
-3.316
-3.309
-3.387
-3.572
-3.808
-4.085
-4.491
-4.961
-5.394
-5.741
-6.024
-6.342
-6.714
-6.968
-7.059
-7.165
-7.406
-7.63
-7.653
-7.519
-7.485
-7.662
-7.853
-7.762
-7.429
-7.177
-7.229
-7.429
-7.576
-7.651
-7.739
-7.93
-8.263
-8.583
-8.696
-8.647
-8.61
-8.71
-8.899
-8.987
-8.982
-9.078
-9.382
-9.665
-9.695
-9.588
-9.581
-9.686
-9.665
-9.4
-9.046
-8.801
-8.674
-8.492
-8.157
-7.791
-7.646
-7.701
-7.721
-7.637
-7.517
-7.413
-7.372
-7.365
-7.279
-7.1
-7.007
-7.086
-7.225
-7.281
-7.236
-7.225
-7.288
-7.32
-7.227
-7.059
-6.939
-6.861
-6.694
-6.365
-6.02
-5.811
-5.657
-5.426
-5.137
-4.902
-4.716
-4.507
-4.3
-4.135
-4.089
-4.121
-4.167
-4.219
-4.246
-4.298
-4.375
-4.398
-4.3
-4.26
-4.398
-4.593
-4.661
-4.607
-4.539
-4.568
-4.659
-4.661
-4.539
-4.378
-4.244
-4.169
-4.06
-3.81
-3.593
-3.579
-3.6
-3.457
-3.2
-3.001
-2.973
-3.116
-3.268
-3.346
-3.391
-3.511
-3.758
-4.008
-4.115
-4.185
-4.339
-4.564
-4.772
-4.87
-4.797
-4.704
-4.761
-4.856
-4.802
-4.623
-4.473
-4.407
-4.384
-4.326
-4.205
-4.174
-4.255
-4.332
-4.391
-4.443
-4.5
-4.65
-4.92
-5.129
-5.235
-5.326
-5.389
-5.457
-5.546
-5.541
-5.435
-5.374
-5.428
-5.521
-5.559
-5.48
-5.371
-5.337
-5.287
-5.149
-5.04
-5.004
-4.972
-4.852
-4.725
-4.754
-4.913
-5.061
-5.149
-5.181
-5.108
-4.986
-4.958
-4.997
-4.947
-4.816
-4.72
-4.639
-4.557
-4.425
-4.187
-3.881
-3.656
-3.581
-3.552
-3.418
-3.2
-3.051
-2.976
-2.915
-2.867
-2.806
-2.733
-2.704
-2.728
-2.731
-2.622
-2.449
-2.273
-2.068
-1.88
-1.719
-1.442
-1.077
-0.812
-0.71
-0.621
-0.485
-0.424
-0.49
-0.574
-0.556
-0.431
-0.204
0.038
0.163
0.213
0.331
0.496
0.576
0.537
0.474
0.465
0.524
0.56
0.499
0.42
0.426
0.519
0.621
0.615
0.567
0.635
0.835
0.996
1.025
1.023
1.143
1.377
1.597
1.737
1.833
1.971
2.18
2.375
2.386
2.243
2.162
2.239
2.357
2.345
2.157
1.91
1.767
1.717
1.635
1.49
1.388
1.39
1.47
1.54
1.572
1.581
1.656
1.835
2.023
2.089
2.05
2.046
2.08
2.091
2.046
1.985
2.003
2.1
2.128
1.971
1.697
1.506
1.465
1.42
1.261
1.054
0.95
0.993
1.057
1.012
0.928
0.918
0.996
1.104
1.175
1.193
1.22
1.343
1.476
1.542
1.508
1.415
1.383
1.404
1.34
1.138
0.932
0.884
0.952
0.955
0.887
0.853
0.894
0.973
0.971
0.835
0.676
0.608
0.574
0.51
0.413
0.279
0.181
0.215
0.324
0.351
0.267
0.24
0.295
0.317
0.224
0.052
-0.109
-0.165
-0.118
-0.104
-0.154
-0.165
-0.066
0.077
0.154
0.075
-0.115
-0.295
-0.469
-0.66
-0.839
-0.984
-1.093
-1.163
-1.216
-1.257
-1.293
-1.281
-1.202
-1.129
-1.107
-1.077
-1.077
-1.095
-1.039
-0.907
-0.748
-0.571
-0.462
-0.433
-0.349
-0.224
-0.186
-0.279
-0.39
-0.462
-0.478
-0.542
-0.692
-0.748
-0.678
-0.655
-0.728
-0.775
-0.66
-0.413
-0.19
-0.104
-0.113
-0.029
0.17
0.301
0.301
0.299
0.331
0.347
0.417
0.528
0.569
0.576
0.728
1.027
1.247
1.279
1.17
1.091
1.186
1.331
1.345
1.306
1.379
1.538
1.619
1.619
1.599
1.64
1.731
1.789
1.778
1.701
1.633
1.674
1.894
2.173
2.307
2.404
2.608
2.835
2.91
2.837
2.722
2.656
2.724
2.908
2.967
2.84
2.717
2.715
2.81
2.817
2.67
2.561
2.618
2.758
2.785
2.699
2.629
2.683
2.89
3.103
3.135
3.01
2.915
2.98
3.103
3.064
2.931
2.951
3.126
3.225
3.155
3.021
2.98
3.116
3.259
3.196
3.035
2.953
2.84
2.679
2.543
2.381
2.277
2.388
2.592
2.699
2.763
2.905
3.055
3.221
3.352
3.298
3.173
3.153
3.148
3.064
2.999
2.987
3.055
3.164
3.225
3.155
3.037
2.965
2.931
2.931
2.931
2.887
2.887
2.992
3.13
3.194
3.239
3.348
3.482
3.584
3.69
3.742
3.686
3.575
3.484
3.405
3.35
3.314
3.244
3.13
3.069
3.178
3.366
3.479
3.507
3.591
3.69
3.715
3.67
3.566
3.445
3.423
3.534
3.597
3.518
3.389
3.318
3.323
3.352
3.312
3.212
3.178
3.221
3.241
3.18
3.076
3.087
3.321
3.536
3.525
3.416
3.341
3.296
3.248
3.155
3.014
2.89
2.749
2.561
2.386
2.261
2.191
2.198
2.255
2.302
2.332
2.381
2.459
2.538
2.554
2.549
2.59
2.658
2.631
2.506
2.334
2.232
2.248
2.259
2.112
1.887
1.737
1.658
1.594
1.49
1.372
1.322
1.399
1.556
1.649
1.665
1.665
1.726
1.842
1.944
2
2.021
2.112
2.27
2.388
2.395
2.366
2.377
2.42
2.366
2.184
1.985
1.828
1.712
1.592
1.483
1.476
1.565
1.649
1.699
1.796
1.953
2.121
2.248
2.327
2.379
2.454
2.581
2.726
2.858
2.949
3.044
3.191
3.282
3.176
2.876
2.613
2.509
2.42
2.234
2.057
1.976
1.978
1.994
2.032
2.168
2.388
2.656
2.924
3.089
3.2
3.284
3.302
3.341
3.409
3.436
3.416
3.393
3.364
3.318
3.293
3.293
3.334
3.389
3.364
3.284
3.216
3.132
3.048
3.053
3.146
3.248
3.307
3.262
3.182
3.187
3.257
3.268
3.228
3.191
3.214
3.302
3.398
3.518
3.695
3.838
3.929
4.028
4.133
4.149
4.031
3.82
3.575
3.393
3.239
2.962
2.615
2.343
2.164
2.05
1.996
1.98
1.946
1.923
1.987
2.209
2.515
2.72
2.822
2.912
3.035
3.171
3.268
3.307
3.241
3.051
2.824
2.638
2.479
2.25
1.957
1.735
1.699
1.774
1.851
1.849
1.821
1.939
2.164
2.354
2.452
2.504
2.568
2.66
2.66
2.506
2.361
2.295
2.243
2.186
2.132
2.114
2.182
2.295
2.391
2.479
2.599
2.785
2.976
3.105
3.173
3.246
3.316
3.371
3.416
3.405
3.271
3.121
3.003
2.819
2.595
2.393
2.223
2.105
2.037
1.955
1.835
1.787
1.862
1.998
2.118
2.202
2.284
2.409
2.527
2.574
2.52
2.37
2.264
2.257
2.225
2.114
2.01
1.919
1.783
1.681
1.604
1.486
1.32
1.163
1.036
0.93
0.816
0.71
0.669
0.676
0.662
0.673
0.739
0.789
0.748
0.571
0.442
0.524
0.707
0.762
0.615
0.431
0.347
0.358
0.392
0.336
0.147
-0.027
-0.097
-0.095
-0.102
-0.145
-0.147
-0.061
0.038
0.018
-0.104
-0.231
-0.286
-0.32
-0.447
-0.596
-0.644
-0.612
-0.665
-0.887
-1.134
-1.204
-1.111
-1.075
-1.202
-1.406
-1.52
-1.474
-1.363
-1.254
-1.109
-0.798
-0.381
-0.036
0.086
0.052
0.034
0.097
0.154
0.05
-0.224
-0.465
-0.612
-0.717
-0.898
-1.125
-1.2
-0.996
-0.712
-0.621
-0.649
-0.46
-0.052
0.236
0.274
0.263
0.383
0.558
0.578
0.422
0.281
0.345
0.517
0.592
0.462
0.188
-0.102
-0.32
-0.485
-0.642
-0.809
-0.78
-0.467
-0.109
-0.02
-0.104
0
0.304
0.528
0.549
0.476
0.433
0.438
0.338
0.043
-0.261
-0.41
-0.51
-0.699
-0.903
-1
-1.048
-1.143
-1.173
-1.059
-0.98
-1.007
-1.07
-1.116
-1.177
-1.277
-1.361
-1.329
-1.252
-1.261
-1.333
-1.322
-1.336
-1.513
-1.721
-1.817
-1.837
-1.826
-1.851
-1.937
-2.003
-1.987
-1.985
-2.091
-2.205
-2.225
-2.18
-2.17
-2.139
-1.996
-1.835
-1.783
-1.74
-1.69
-1.776
-1.957
-2.08
-2.107
-2.03
-1.898
-1.749
-1.576
-1.379
-1.272
-1.281
-1.272
-1.145
-0.968
-0.896
-0.957
-0.968
-0.803
-0.621
-0.528
-0.465
-0.372
-0.277
-0.215
-0.186
-0.118
-0.004
0.079
0.138
0.152
0.027
-0.181
-0.274
-0.267
-0.258
-0.181
0.043
0.374
0.655
0.796
0.803
0.778
0.805
0.821
0.73
0.574
0.456
0.404
0.27
0.004
-0.188
-0.179
-0.102
-0.095
-0.17
-0.231
-0.256
-0.238
-0.229
-0.224
-0.222
-0.272
-0.345
-0.406
-0.481
-0.528
-0.526
-0.503
-0.515
-0.592
-0.714
-0.871
-1.102
-1.418
-1.771
-2.066
-2.264
-2.313
-2.266
-2.225
-2.173
-2.073
-1.98
-1.987
-2.028
-2.028
-2.096
-2.311
-2.556
-2.72
-2.847
-3.044
-3.257
-3.373
-3.377
-3.407
-3.484
-3.584
-3.618
-3.554
-3.457
-3.455
-3.538
-3.609
-3.609
-3.611
-3.656
-3.702
-3.718
-3.711
-3.715
-3.781
-3.94
-4.126
-4.292
-4.464
-4.711
-4.979
-5.092
-4.954
-4.782
-4.761
-4.811
-4.752
-4.53
-4.287
-4.153
-4.13
-4.13
-4.051
-3.888
-3.802
-3.899
-4.069
-4.183
-4.248
-4.371
-4.589
-4.84
-4.97
-4.89
-4.752
-4.72
-4.729
-4.654
-4.487
-4.303
-4.266
-4.373
-4.466
-4.475
-4.473
-4.489
-4.48
-4.428
-4.364
-4.328
-4.298
-4.276
-4.287
-4.378
-4.493
-4.586
-4.668
-4.775
-4.924
-5.079
-5.135
-5.079
-5.017
-5.024
-5.011
-4.938
-4.824
-4.738
-4.768
-4.906
-5.063
-5.169
-5.199
-5.194
-5.199
-5.171
-5.163
-5.26
-5.455
-5.614
-5.673
-5.736
-5.882
-6.088
-6.224
-6.274
-6.283
-6.279
-6.269
-6.229
-6.151
-6.065
-5.99
-5.929
-5.92
-5.952
-5.993
-6.072
-6.206
-6.337
-6.44
-6.548
-6.723
-6.936
-7.136
-7.233
-7.165
-7.004
-6.916
-6.959
-7.027
-6.993
-6.886
-6.895
-7.048
-7.195
-7.213
-7.122
-7.088
-7.225
-7.381
-7.338
-7.095
-6.886
-6.945
-7.118
-7.097
-6.92
-6.864
-6.939
-7.002
-7.025
-6.973
-6.866
-6.766
-6.694
-6.585
-6.446
-6.396
-6.474
-6.521
-6.444
-6.387
-6.442
-6.544
-6.594
-6.544
-6.471
-6.424
-6.378
-6.283
-6.156
-6.04
-6.011
-6.045
-5.981
-5.793
-5.648
-5.6
-5.53
-5.376
-5.217
-5.135
-5.137
-5.174
-5.242
-5.278
-5.267
-5.308
-5.423
-5.444
-5.344
-5.258
-5.26
-5.344
-5.396
-5.312
-5.21
-5.205
-5.246
-5.287
-5.278
-5.19
-5.049
-4.843
-4.682
-4.695
-4.754
-4.752
-4.718
-4.677
-4.643
-4.598
-4.537
-4.509
-4.55
-4.598
-4.6
-4.611
-4.579
-4.48
-4.36
-4.253
-4.174
-4.065
-3.897
-3.799
-3.84
-3.815
-3.523
-3.246
-3.293
-3.486
-3.509
-3.382
-3.316
-3.355
-3.434
-3.35
-3.042
-2.76
-2.656
-2.62
-2.445
-2.094
-1.742
-1.538
-1.51
-1.56
-1.472
-1.279
-1.259
-1.411
-1.427
-1.223
-1.018
-0.93
-0.978
-1.098
-1.127
-0.971
-0.748
-0.667
-0.764
-0.744
-0.508
-0.245
-0.086
0.018
0.195
0.506
0.83
1.075
1.193
1.211
1.195
1.202
1.15
1.061
1.014
1
1.016
1.141
1.327
1.551
1.851
2.155
2.373
2.59
2.915
3.289
3.497
3.411
3.252
3.205
3.21
3.13
2.937
2.788
2.801
2.863
2.794
2.715
2.772
2.885
2.935
2.892
2.813
2.81
2.903
2.992
3.06
3.178
3.427
3.731
3.972
4.096
4.142
4.183
4.266
4.271
4.06
3.745
3.566
3.559
3.513
3.278
3.014
2.969
3.064
3.067
2.91
2.74
2.735
2.892
2.996
2.926
2.828
2.91
3.13
3.3
3.332
3.334
3.432
3.595
3.711
3.715
3.643
3.545
3.441
3.287
3.055
2.847
2.763
2.776
2.774
2.699
2.622
2.642
2.713
2.717
2.67
2.692
2.828
2.892
2.79
2.636
2.558
2.534
2.429
2.205
2.021
1.971
1.978
1.935
1.855
1.862
2.021
2.232
2.395
2.463
2.518
2.606
2.731
2.824
2.751
2.524
2.373
2.42
2.497
2.434
2.268
2.136
2.037
1.923
1.762
1.522
1.309
1.17
1.036
0.95
0.975
0.996
0.955
0.986
1.17
1.436
1.635
1.731
1.815
1.919
1.93
1.828
1.721
1.674
1.708
1.81
1.871
1.905
1.962
2.005
1.994
1.923
1.765
1.472
1.179
1.061
1.007
0.773
0.428
0.168
0.097
0.159
0.209
0.177
0.141
0.154
0.204
0.243
0.24
0.247
0.338
0.519
0.694
0.773
0.751
0.757
0.889
1.043
1.07
1.02
0.991
1.03
1.052
0.925
0.671
0.474
0.397
0.315
0.113
-0.125
-0.263
-0.29
-0.311
-0.336
-0.386
-0.467
-0.474
-0.399
-0.34
-0.279
-0.186
-0.029
0.245
0.585
0.857
1.061
1.231
1.429
1.672
1.876
1.971
1.976
1.973
1.93
1.812
1.656
1.538
1.486
1.483
1.574
1.719
1.762
1.742
1.778
1.817
1.803
1.776
1.697
1.626
1.656
1.706
1.751
1.853
2.028
2.25
2.543
2.858
3.123
3.393
3.72
4.081
4.357
4.496
4.625
4.779
4.89
4.902
4.745
4.5
4.339
4.3
4.183
3.826
3.416
3.262
3.332
3.348
3.268
3.171
3.128
3.205
3.355
3.493
3.597
3.708
3.872
4.108
4.362
4.55
4.688
4.831
4.988
5.137
5.178
5.085
4.958
4.877
4.824
4.772
4.718
4.695
4.716
4.759
4.813
4.809
4.668
4.434
4.226
4.01
3.72
3.421
3.2
3.085
3.005
2.924
2.901
3.042
3.323
3.606
3.772
3.847
3.974
4.185
4.391
4.557
4.654
4.673
4.668
4.718
4.782
4.743
4.577
4.403
4.303
4.212
4.058
3.833
3.604
3.432
3.323
3.203
3.06
2.98
2.994
3.067
3.212
3.418
3.545
3.543
3.518
3.631
3.867
4.065
4.126
4.158
4.312
4.579
4.738
4.716
4.684
4.77
4.967
5.119
5.106
4.995
4.926
4.874
4.734
4.525
4.339
4.246
4.189
4.042
3.795
3.552
3.45
3.491
3.593
3.62
3.563
3.636
3.926
4.201
4.242
4.189
4.303
4.571
4.777
4.818
4.763
4.768
4.877
4.929
4.836
4.697
4.666
4.684
4.555
4.316
4.142
4.112
4.128
4.089
3.96
3.815
3.697
3.588
3.5
3.414
3.35
3.384
3.47
3.461
3.341
3.257
3.293
3.355
3.357
3.289
3.207
3.221
3.341
3.425
3.387
3.35
3.468
3.584
3.523
3.346
3.232
3.187
3.071
2.887
2.808
2.881
2.965
2.939
2.869
2.899
2.953
2.894
2.72
2.529
2.366
2.211
2.15
2.157
2.116
2.019
1.987
2.057
2.134
2.191
2.255
2.354
2.495
2.679
2.833
2.921
3.033
3.23
3.425
3.554
3.634
3.686
3.647
3.525
3.445
3.414
3.291
3.092
2.928
2.792
2.604
2.377
2.205
2.216
2.377
2.579
2.767
2.978
3.244
3.543
3.842
4.13
4.384
4.647
5.081
5.655
6.09
6.079
5.648
5.278
5.308
5.403
5.126
4.743
4.782
5.133
5.115
4.48
3.754
3.625
3.992
4.042
3.387
2.708
2.871
3.77
4.623
4.904
4.818
4.947
5.446
5.859
5.75
5.271
5.02
5.353
5.836
5.816
5.405
5.197
5.314
5.276
4.79
4.21
4.031
4.326
4.647
4.561
4.128
3.967
4.312
4.595
4.384
3.969
3.804
3.956
4.081
3.919
3.695
3.722
3.979
4.224
4.214
3.963
3.79
3.967
4.298
4.482
4.586
4.797
4.99
4.897
4.548
4.276
4.251
4.319
4.3
4.187
4.076
4.065
4.076
3.938
3.618
3.398
3.448
3.572
3.536
3.421
3.466
3.806
4.264
4.482
4.353
4.164
4.239
4.403
4.262
3.84
3.597
3.84
4.307
4.391
3.926
3.418
3.262
3.239
3.037
2.679
2.434
2.497
2.681
2.717
2.572
2.441
2.415
2.409
2.286
2.03
1.794
1.805
1.976
1.985
1.796
1.631
1.66
1.721
1.549
1.191
0.986
1.114
1.427
1.61
1.51
1.315
1.234
1.197
1.077
0.928
0.85
0.864
0.869
0.751
0.506
0.206
-0.063
-0.306
-0.58
-0.878
-1.098
-1.27
-1.492
-1.758
-1.932
-1.96
-1.923
-1.978
-2.27
-2.624
-2.697
-2.475
-2.2
-2.06
-1.928
-1.631
-1.299
-1.209
-1.427
-1.765
-2.012
-2.148
-2.273
-2.47
-2.694
-2.835
-2.817
-2.756
-2.849
-3.082
-3.203
-3.132
-2.985
-2.928
-3.003
-3.023
-2.847
-2.534
-2.3
-2.266
-2.289
-2.225
-2.177
-2.225
-2.259
-2.168
-2.023
-1.966
-2.039
-2.146
-2.18
-2.121
-2.014
-1.878
-1.753
-1.604
-1.306
-0.932
-0.689
-0.655
-0.701
-0.699
-0.655
-0.624
-0.694
-0.807
-0.778
-0.58
-0.433
-0.41
-0.494
-0.644
-0.755
-0.728
-0.535
-0.283
-0.034
0.292
0.669
0.957
1.098
1.118
1.086
1.032
1.009
0.989
0.918
0.864
0.857
0.873
0.864
0.771
0.646
0.585
0.569
0.53
0.499
0.537
0.646
0.846
1.093
1.286
1.37
1.354
1.297
1.254
1.229
1.191
1.175
1.179
1.148
1.077
0.955
0.762
0.585
0.533
0.621
0.744
0.748
0.678
0.655
0.603
0.417
0.17
0.009
-0.043
-0.068
-0.143
-0.267
-0.349
-0.324
-0.243
-0.243
-0.406
-0.639
-0.801
-0.859
-0.903
-0.973
-1.066
-1.109
-1.12
-1.166
-1.279
-1.447
-1.633
-1.783
-1.883
-1.987
-2.091
-2.114
-2.05
-1.971
-1.957
-2.032
-2.155
-2.279
-2.411
-2.572
-2.697
-2.683
-2.588
-2.563
-2.595
-2.574
-2.579
-2.706
-2.89
-2.996
-3.026
-3.037
-3.046
-3.042
-3.08
-3.171
-3.214
-3.191
-3.194
-3.252
-3.339
-3.418
-3.482
-3.566
-3.666
-3.758
-3.815
-3.84
-3.888
-4.01
-4.144
-4.239
-4.341
-4.459
-4.521
-4.509
-4.473
-4.473
-4.521
-4.577
-4.616
-4.557
-4.357
-4.144
-4.015
-3.922
-3.824
-3.756
-3.781
-3.938
-4.176
-4.38
-4.516
-4.634
-4.784
-4.922
-4.94
-4.863
-4.829
-4.829
-4.8
-4.77
-4.759
-4.736
-4.67
-4.586
-4.493
-4.373
-4.208
-4.099
-4.178
-4.391
-4.598
-4.747
-4.929
-5.151
-5.328
-5.403
-5.455
-5.548
-5.657
-5.684
-5.58
-5.444
-5.355
-5.294
-5.21
-5.079
-4.954
-4.922
-5.022
-5.174
-5.319
-5.457
-5.68
-6.061
-6.501
-6.8
-6.957
-7.09
-7.281
-7.438
-7.424
-7.259
-7.122
-7.054
-6.92
-6.616
-6.245
-6.024
-6.022
-6.045
-5.977
-5.943
-6.063
-6.258
-6.44
-6.564
-6.644
-6.746
-6.909
-7.075
-7.14
-7.077
-7.027
-7.084
-7.113
-6.968
-6.623
-6.229
-5.947
-5.752
-5.48
-5.183
-5.038
-5.047
-5.072
-5.022
-4.949
-4.992
-5.151
-5.296
-5.335
-5.283
-5.237
-5.224
-5.192
-5.108
-4.983
-4.845
-4.716
-4.589
-4.366
-4.074
-3.836
-3.7
-3.604
-3.493
-3.418
-3.443
-3.511
-3.534
-3.541
-3.636
-3.829
-4.042
-4.164
-4.153
-4.055
-3.91
-3.702
-3.425
-3.16
-2.942
-2.749
-2.504
-2.184
-1.828
-1.517
-1.268
-1.088
-1.025
-1.093
-1.279
-1.524
-1.747
-1.928
-2.046
-2.186
-2.431
-2.667
-2.676
-2.459
-2.198
-1.989
-1.758
-1.479
-1.182
-0.918
-0.739
-0.646
-0.528
-0.306
-0.102
-0.097
-0.297
-0.585
-0.878
-1.145
-1.383
-1.644
-1.907
-2.064
-2.112
-2.146
-2.205
-2.2
-2.091
-1.919
-1.724
-1.52
-1.349
-1.265
-1.259
-1.302
-1.413
-1.588
-1.796
-1.998
-2.2
-2.484
-2.853
-3.103
-3.173
-3.225
-3.305
-3.282
-3.15
-2.969
-2.806
-2.649
-2.513
-2.375
-2.223
-2.105
-2.094
-2.211
-2.345
-2.465
-2.649
-2.924
-3.239
-3.604
-3.94
-4.112
-4.162
-4.219
-4.285
-4.198
-3.897
-3.531
-3.196
-2.89
-2.613
-2.368
-2.098
-1.819
-1.749
-1.951
-2.257
-2.429
-2.447
-2.592
-2.976
-3.316
-3.391
-3.307
-3.225
-3.144
-2.999
-2.778
-2.495
-2.225
-2.046
-1.907
-1.703
-1.411
-1.127
-0.978
-0.948
-0.982
-1.014
-1.052
-1.207
-1.495
-1.719
-1.762
-1.737
-1.828
-1.914
-1.735
-1.395
-1.109
-0.887
-0.642
-0.354
-0.063
0.125
0.193
0.188
0.136
0.041
-0.077
-0.195
-0.286
-0.394
-0.587
-0.807
-0.934
-0.928
-0.835
-0.737
-0.728
-0.739
-0.658
-0.406
-0.093
0.138
0.24
0.295
0.333
0.254
-0.02
-0.376
-0.615
-0.805
-1.075
-1.331
-1.424
-1.431
-1.547
-1.737
-1.826
-1.74
-1.622
-1.617
-1.744
-1.823
-1.708
-1.504
-1.422
-1.474
-1.572
-1.624
-1.588
-1.558
-1.747
-2.166
-2.626
-2.915
-3.069
-3.278
-3.559
-3.77
-3.856
-3.822
-3.752
-3.72
-3.663
-3.45
-3.119
-2.863
-2.769
-2.772
-2.81
-2.856
-2.887
-2.951
-3.021
-3.033
-3.014
-3.046
-3.169
-3.384
-3.568
-3.674
-3.802
-3.976
-4.067
-4.019
-3.829
-3.55
-3.305
-3.089
-2.831
-2.468
-2.128
-1.926
-1.803
-1.687
-1.615
-1.556
-1.544
-1.64
-1.76
-1.826
-1.844
-1.86
-1.91
-1.964
-1.987
-1.889
-1.676
-1.438
-1.25
-1.082
-0.912
-0.728
-0.524
-0.349
-0.188
-0.004
0.156
0.265
0.331
0.304
0.19
0.075
0.002
-0.057
-0.127
-0.161
-0.077
0.1
0.295
0.49
0.692
0.88
1.027
1.111
1.22
1.361
1.42
1.356
1.247
1.136
1.073
1.03
0.934
0.825
0.775
0.762
0.782
0.819
0.884
0.998
1.093
1.127
1.168
1.229
1.281
1.372
1.495
1.59
1.61
1.529
1.431
1.331
1.138
0.857
0.628
0.465
0.308
0.179
0.154
0.24
0.397
0.501
0.537
0.669
0.889
1.054
1.123
1.157
1.231
1.333
1.397
1.39
1.327
1.225
1.145
1.027
0.828
0.646
0.524
0.376
0.286
0.267
0.243
0.233
0.295
0.394
0.49
0.576
0.646
0.733
0.819
0.871
0.968
1.093
1.191
1.286
1.383
1.515
1.681
1.808
1.837
1.81
1.776
1.758
1.706
1.558
1.374
1.291
1.286
1.347
1.495
1.662
1.853
2.078
2.277
2.47
2.647
2.735
2.799
2.885
2.949
2.978
3.044
3.146
3.273
3.361
3.339
3.334
3.425
3.436
3.33
3.189
3.137
3.196
3.287
3.312
3.348
3.509
3.808
4.112
4.346
4.559
4.804
5.008
5.158
5.256
5.253
5.178
5.126
5.108
5.124
5.099
4.981
4.872
4.818
4.716
4.557
4.389
4.224
4.06
3.922
3.82
3.781
3.786
3.758
3.724
3.758
3.854
3.874
3.763
3.636
3.593
3.557
3.448
3.271
3.055
2.844
2.674
2.522
2.32
2.082
1.862
1.708
1.651
1.549
1.363
1.191
1.111
1.061
0.989
0.862
0.76
0.717
0.683
0.58
0.454
0.34
0.29
0.272
0.227
0.211
0.267
0.322
0.365
0.408
0.449
0.492
0.522
0.508
0.458
0.383
0.308
0.265
0.258
0.295
0.404
0.61
0.869
1.109
1.356
1.651
1.994
2.268
2.429
2.588
2.828
3.064
3.203
3.237
3.298
3.486
3.65
3.681
3.713
3.817
3.854
3.765
3.711
3.815
3.994
4.201
4.521
4.908
5.181
5.29
5.389
5.623
5.952
6.192
6.213
6.211
6.401
6.723
6.961
6.995
6.954
7.029
7.172
7.213
7.136
6.995
6.868
6.927
7.15
7.236
7.052
6.911
7.156
7.558
7.633
7.429
7.494
7.971
8.415
8.522
8.472
8.594
8.873
9.055
9.039
8.901
8.814
8.81
8.83
8.733
8.501
8.327
8.331
8.431
8.427
8.236
8.039
8.096
8.347
8.492
8.451
8.424
8.547
8.665
8.583
8.411
8.431
8.608
8.606
8.372
8.066
7.785
7.551
7.301
7.066
6.895
6.769
6.701
6.759
6.905
7.02
7.05
7.048
7.066
7.063
6.993
6.805
6.512
6.245
6.008
5.743
5.5
5.335
5.158
4.881
4.564
4.321
4.18
4.083
3.967
3.969
4.121
4.232
4.208
4.16
4.183
4.242
4.18
3.929
3.613
3.387
3.241
3.057
2.76
2.443
2.241
2.243
2.289
2.162
1.969
1.923
2.01
2.132
2.214
2.209
2.152
2.134
2.152
2.102
2.034
1.978
1.919
1.815
1.622
1.393
1.197
1.018
0.807
0.592
0.428
0.356
0.372
0.447
0.537
0.633
0.764
0.884
0.998
1.1
1.111
1.032
1.032
1.118
1.186
1.238
1.352
1.472
1.504
1.483
1.49
1.56
1.558
1.379
1.157
1.043
0.975
0.841
0.637
0.488
0.499
0.601
0.678
0.703
0.775
0.907
1.036
1.161
1.309
1.502
1.751
1.987
2.118
2.2
2.241
2.248
2.248
2.205
2.021
1.697
1.34
1.03
0.796
0.605
0.401
0.281
0.27
0.229
0.136
0.118
0.233
0.358
0.37
0.306
0.315
0.447
0.585
0.59
0.53
0.485
0.404
0.249
0.059
-0.136
-0.354
-0.551
-0.671
-0.744
-0.844
-0.939
-0.952
-0.905
-0.916
-0.971
-0.912
-0.733
-0.599
-0.635
-0.821
-0.952
-0.907
-0.905
-1.12
-1.397
-1.51
-1.529
-1.681
-1.966
-2.164
-2.18
-2.1
-2.089
-2.08
-1.98
-1.846
-1.821
-1.898
-1.919
-1.828
-1.69
-1.622
-1.647
-1.687
-1.647
-1.461
-1.191
-1
-0.962
-0.909
-0.741
-0.549
-0.474
-0.601
-0.775
-0.719
-0.447
-0.29
-0.376
-0.451
-0.349
-0.272
-0.374
-0.56
-0.744
-0.887
-0.978
-1.025
-1.054
-0.971
-0.733
-0.422
-0.145
0.077
0.288
0.503
0.707
0.939
1.227
1.52
1.769
1.941
2.01
2.012
2.021
2.023
1.969
1.867
1.717
1.594
1.544
1.499
1.388
1.279
1.257
1.218
1.152
1.127
1.143
1.129
1.057
0.989
0.996
1.039
1.07
1.148
1.304
1.479
1.651
1.799
1.941
2.105
2.2
2.159
2.032
1.871
1.64
1.345
1.002
0.635
0.36
0.215
0.075
-0.141
-0.392
-0.605
-0.757
-0.907
-1.061
-1.189
-1.268
-1.297
-1.218
-1.057
-0.898
-0.76
-0.651
-0.54
-0.39
-0.274
-0.267
-0.358
-0.503
-0.646
-0.744
-0.796
-0.928
-1.046
-1.091
-1.098
-1.07
-1.048
-1.093
-1.125
-1.061
-0.948
-0.848
-0.853
-0.962
-1.034
-1.03
-0.98
-0.95
-1.014
-1.15
-1.209
-1.227
-1.265
-1.293
-1.268
-1.143
-0.898
-0.619
-0.41
-0.236
-0.052
0.104
0.261
0.444
0.615
0.739
0.805
0.805
0.785
0.796
0.796
0.73
0.596
0.417
0.211
-0.036
-0.29
-0.458
-0.544
-0.594
-0.662
-0.728
-0.719
-0.644
-0.583
-0.576
-0.517
-0.37
-0.129
0.161
0.388
0.485
0.535
0.646
0.803
0.948
1.043
1.098
1.161
1.184
1.095
0.934
0.762
0.63
0.553
0.42
0.152
-0.118
-0.286
-0.37
-0.413
-0.406
-0.331
-0.233
-0.211
-0.193
-0.034
0.195
0.415
0.685
1.009
1.263
1.383
1.381
1.318
1.265
1.241
1.168
1.048
0.907
0.748
0.608
0.494
0.358
0.186
-0.016
-0.161
-0.17
-0.136
-0.154
-0.211
-0.24
-0.134
0.059
0.12
0.02
-0.109
-0.195
-0.265
-0.349
-0.469
-0.556
-0.49
-0.333
-0.277
-0.36
-0.469
-0.53
-0.522
-0.519
-0.639
-0.839
-0.944
-0.907
-0.921
-1.123
-1.34
-1.333
-1.197
-1.136
-1.213
-1.433
-1.599
-1.612
-1.631
-1.758
-1.939
-2.082
-2.173
-2.252
-2.391
-2.552
-2.581
-2.481
-2.411
-2.427
-2.477
-2.465
-2.402
-2.345
-2.345
-2.332
-2.22
-2.048
-1.921
-1.926
-1.957
-1.873
-1.719
-1.658
-1.774
-2.003
-2.211
-2.325
-2.413
-2.552
-2.681
-2.717
-2.697
-2.697
-2.722
-2.758
-2.76
-2.683
-2.529
-2.377
-2.282
-2.17
-2
-1.855
-1.794
-1.758
-1.669
-1.672
-1.91
-2.313
-2.633
-2.756
-2.835
-3.044
-3.266
-3.287
-3.103
-2.912
-2.978
-3.259
-3.445
-3.409
-3.373
-3.577
-3.994
-4.328
-4.491
-4.632
-4.949
-5.41
-5.727
-5.752
-5.752
-6.099
-6.671
-6.982
-6.868
-6.651
-6.675
-6.843
-6.848
-6.589
-6.335
-6.408
-6.739
-6.93
-6.818
-6.703
-6.968
-7.546
-8.007
-8.066
-7.953
-8.084
-8.49
-8.749
-8.649
-8.427
-8.406
-8.628
-8.805
-8.651
-8.284
-8.086
-8.168
-8.259
-8.109
-7.841
-7.794
-8.043
-8.293
-8.277
-8.114
-8.055
-8.179
-8.315
-8.202
-7.866
-7.549
-7.381
-7.229
-6.959
-6.594
-6.31
-6.19
-6.158
-6.129
-6.12
-6.201
-6.385
-6.562
-6.632
-6.63
-6.603
-6.542
-6.51
-6.49
-6.31
-5.995
-5.698
-5.437
-5.194
-4.963
-4.702
-4.423
-4.178
-3.997
-3.885
-3.822
-3.765
-3.779
-3.906
-4.06
-4.146
-4.189
-4.176
-4.139
-4.133
-4.174
-4.214
-4.185
-4.119
-4.146
-4.23
-4.192
-3.992
-3.813
-3.845
-4.013
-4.044
-3.926
-3.867
-4.024
-4.28
-4.477
-4.473
-4.214
-3.963
-3.89
-3.81
-3.559
-3.244
-3.073
-3.162
-3.357
-3.418
-3.346
-3.296
-3.4
-3.679
-3.96
-4.042
-4.033
-4.128
-4.33
-4.437
-4.391
-4.353
-4.439
-4.55
-4.48
-4.312
-4.208
-4.164
-4.089
-3.96
-3.87
-3.897
-3.99
-4.119
-4.196
-4.217
-4.341
-4.643
-4.852
-4.768
-4.582
-4.573
-4.727
-4.838
-4.813
-4.777
-4.888
-5.137
-5.353
-5.394
-5.31
-5.294
-5.444
-5.612
-5.58
-5.376
-5.219
-5.256
-5.367
-5.353
-5.199
-5.047
-5.042
-5.085
-4.961
-4.636
-4.348
-4.305
-4.398
-4.387
-4.273
-4.251
-4.434
-4.652
-4.684
-4.579
-4.507
-4.443
-4.298
-4.013
-3.602
-3.244
-3.08
-2.994
-2.844
-2.615
-2.445
-2.425
-2.454
-2.336
-2.039
-1.778
-1.71
-1.794
-1.857
-1.758
-1.536
-1.411
-1.488
-1.578
-1.492
-1.227
-0.932
-0.739
-0.615
-0.472
-0.306
-0.181
-0.163
-0.156
-0.079
0.029
0.118
0.168
0.213
0.333
0.535
0.733
0.855
0.939
1.052
1.166
1.265
1.322
1.34
1.361
1.352
1.293
1.209
1.095
0.973
0.832
0.685
0.54
0.449
0.431
0.408
0.381
0.394
0.447
0.503
0.596
0.746
0.93
1.12
1.304
1.406
1.461
1.544
1.612
1.59
1.497
1.368
1.252
1.125
0.98
0.832
0.644
0.451
0.313
0.263
0.277
0.326
0.401
0.56
0.805
1.054
1.275
1.429
1.56
1.724
1.853
1.919
1.912
1.921
2.005
2.114
2.15
2.128
2.087
2.021
1.923
1.783
1.61
1.468
1.388
1.338
1.311
1.284
1.252
1.338
1.549
1.744
1.83
1.837
1.853
1.928
2.005
2.032
2.068
2.116
2.175
2.211
2.125
1.907
1.633
1.356
1.075
0.835
0.621
0.408
0.279
0.245
0.295
0.404
0.49
0.549
0.662
0.764
0.769
0.73
0.746
0.819
0.925
1.046
1.082
1.059
0.998
0.889
0.746
0.556
0.356
0.181
0.02
-0.159
-0.354
-0.585
-0.746
-0.673
-0.46
-0.338
-0.29
-0.152
0.093
0.354
0.578
0.71
0.717
0.608
0.481
0.449
0.428
0.247
-0.009
-0.12
-0.091
-0.136
-0.415
-0.726
-0.9
-1.046
-1.261
-1.408
-1.383
-1.279
-1.077
-0.789
-0.519
-0.267
-0.036
0.125
0.22
0.288
0.229
-0.077
-0.406
-0.456
-0.32
-0.365
-0.494
-0.374
-0.145
-0.129
-0.236
-0.279
-0.329
-0.365
-0.231
-0.016
0.113
0.283
0.637
0.946
1.012
0.889
0.714
0.562
0.44
0.374
0.367
0.372
0.42
0.615
0.887
1.012
1.054
1.299
1.665
1.883
1.982
2.134
2.368
2.59
2.713
2.686
2.531
2.334
2.202
2.118
1.969
1.769
1.669
1.678
1.769
1.898
2.021
2.094
2.207
2.425
2.602
2.706
2.849
3.123
3.486
3.679
3.622
3.418
3.187
2.955
2.66
2.368
2.141
2.016
2.007
2.105
2.175
2.146
2.044
1.964
1.932
1.919
1.989
2.177
2.429
2.665
2.817
2.91
2.985
3.042
2.965
2.701
2.427
2.305
2.307
2.332
2.309
2.234
2.175
2.08
1.889
1.615
1.352
1.234
1.291
1.492
1.771
2.026
2.191
2.332
2.468
2.547
2.584
2.606
2.654
2.744
2.883
3.007
3.085
3.057
2.897
2.697
2.49
2.264
2.005
1.762
1.606
1.574
1.631
1.733
1.837
1.991
2.189
2.354
2.499
2.683
2.942
3.187
3.325
3.357
3.332
3.312
3.275
3.146
2.946
2.831
2.858
2.933
2.935
2.883
2.876
2.899
2.903
2.822
2.688
2.606
2.663
2.837
3.03
3.178
3.266
3.343
3.414
3.4
3.289
3.187
3.105
2.969
2.826
2.758
2.788
2.89
2.935
2.822
2.654
2.631
2.722
2.774
2.74
2.665
2.629
2.597
2.486
2.316
2.155
2.071
2.089
2.159
2.211
2.259
2.302
2.289
2.198
2.094
2.012
1.926
1.864
1.803
1.758
1.758
1.821
1.864
1.805
1.649
1.506
1.458
1.454
1.327
1.197
1.311
1.615
1.783
1.737
1.624
1.619
1.767
1.883
1.762
1.531
1.433
1.526
1.554
1.329
1.036
0.971
1.114
1.247
1.257
1.157
1.157
1.386
1.685
1.805
1.721
1.612
1.667
1.844
1.935
1.937
2
2.132
2.164
2.078
1.998
1.948
1.951
2.012
2.037
1.996
2.064
2.341
2.688
2.899
2.969
3.007
3.094
3.169
3.178
3.114
3.005
2.971
2.994
2.903
2.735
2.658
2.654
2.665
2.742
2.908
3.116
3.332
3.527
3.7
3.817
3.876
3.86
3.817
3.804
3.761
3.65
3.484
3.321
3.218
3.21
3.187
3.06
2.912
2.819
2.803
2.865
2.967
3.073
3.212
3.45
3.736
3.947
3.972
3.897
3.833
3.731
3.55
3.323
3.096
2.885
2.726
2.568
2.388
2.289
2.302
2.386
2.561
2.799
2.996
3.116
3.189
3.21
3.176
3.092
3.035
3.062
3.076
2.912
2.602
2.359
2.261
2.193
2.094
2
1.966
1.971
1.969
1.948
1.923
1.862
1.846
1.96
2.13
2.146
2
1.837
1.749
1.724
1.64
1.486
1.39
1.454
1.597
1.715
1.812
1.991
2.255
2.495
2.597
2.504
2.302
2.096
1.96
1.851
1.676
1.436
1.265
1.275
1.352
1.343
1.297
1.333
1.442
1.549
1.669
1.83
2.028
2.23
2.438
2.618
2.704
2.654
2.465
2.184
1.914
1.69
1.449
1.207
1.057
1.023
1.052
1.118
1.225
1.361
1.54
1.724
1.851
1.96
2.121
2.3
2.359
2.261
2.094
1.946
1.823
1.658
1.402
1.179
1.091
1.075
1.064
1.02
0.944
0.873
0.878
0.964
1.084
1.207
1.374
1.56
1.642
1.612
1.497
1.343
1.163
0.95
0.744
0.569
0.447
0.365
0.288
0.229
0.263
0.386
0.467
0.467
0.488
0.546
0.558
0.472
0.301
0.134
0.004
-0.086
-0.131
-0.199
-0.326
-0.465
-0.506
-0.376
-0.215
-0.104
-0.007
0.109
0.199
0.267
0.32
0.331
0.333
0.36
0.345
0.215
0.032
-0.134
-0.274
-0.42
-0.51
-0.576
-0.642
-0.649
-0.54
-0.356
-0.211
-0.125
0.013
0.247
0.503
0.707
0.869
1.016
1.073
0.984
0.828
0.699
0.549
0.345
0.163
0.02
-0.072
-0.107
-0.095
-0.091
-0.077
-0.066
-0.107
-0.163
-0.061
0.115
0.183
0.227
0.338
0.451
0.481
0.424
0.304
0.12
-0.084
-0.301
-0.499
-0.612
-0.635
-0.637
-0.655
-0.694
-0.733
-0.757
-0.751
-0.68
-0.626
-0.642
-0.68
-0.707
-0.751
-0.871
-1.109
-1.374
-1.54
-1.642
-1.781
-1.905
-1.932
-1.941
-1.98
-2.019
-1.996
-1.912
-1.826
-1.751
-1.681
-1.601
-1.56
-1.619
-1.66
-1.578
-1.52
-1.64
-1.878
-2.105
-2.264
-2.345
-2.373
-2.336
-2.261
-2.102
-1.864
-1.576
-1.295
-1.161
-1.173
-1.116
-0.907
-0.735
-0.753
-0.819
-0.798
-0.739
-0.751
-0.769
-0.717
-0.603
-0.508
-0.508
-0.574
-0.551
-0.422
-0.301
-0.186
-0.041
0.111
0.286
0.519
0.73
0.78
0.744
0.762
0.825
0.857
0.785
0.621
0.533
0.571
0.592
0.549
0.537
0.522
0.462
0.431
0.485
0.517
0.426
0.292
0.272
0.356
0.449
0.456
0.397
0.399
0.447
0.424
0.272
0.131
0.063
-0.034
-0.199
-0.401
-0.592
-0.71
-0.782
-0.878
-1.043
-1.229
-1.349
-1.365
-1.304
-1.268
-1.359
-1.461
-1.37
-1.152
-1.057
-1.148
-1.241
-1.211
-1.163
-1.263
-1.529
-1.849
-2.114
-2.35
-2.565
-2.776
-2.942
-3.064
-3.121
-3.153
-3.21
-3.228
-3.112
-2.858
-2.618
-2.538
-2.581
-2.568
-2.49
-2.499
-2.704
-2.971
-3.112
-3.169
-3.284
-3.445
-3.518
-3.497
-3.414
-3.305
-3.248
-3.228
-3.214
-3.21
-3.225
-3.244
-3.282
-3.318
-3.321
-3.325
-3.423
-3.581
-3.722
-3.806
-3.838
-3.863
-3.979
-4.13
-4.239
-4.282
-4.255
-4.133
-3.974
-3.84
-3.72
-3.527
-3.264
-3.123
-3.218
-3.423
-3.606
-3.736
-3.942
-4.221
-4.489
-4.709
-4.865
-4.899
-4.888
-4.881
-4.865
-4.8
-4.738
-4.711
-4.711
-4.72
-4.7
-4.7
-4.72
-4.72
-4.675
-4.663
-4.711
-4.829
-5.017
-5.176
-5.221
-5.212
-5.265
-5.328
-5.314
-5.205
-5.049
-4.963
-4.99
-5.079
-5.201
-5.314
-5.34
-5.346
-5.435
-5.544
-5.616
-5.661
-5.653
-5.668
-5.768
-5.916
-5.995
-5.997
-6.097
-6.267
-6.328
-6.274
-6.167
-6.047
-5.966
-5.927
-5.882
-5.793
-5.68
-5.627
-5.727
-5.909
-6.077
-6.19
-6.322
-6.464
-6.53
-6.467
-6.351
-6.263
-6.269
-6.285
-6.274
-6.265
-6.294
-6.376
-6.487
-6.569
-6.587
-6.53
-6.469
-6.474
-6.53
-6.585
-6.632
-6.639
-6.628
-6.562
-6.374
-6.151
-6.027
-5.94
-5.795
-5.627
-5.498
-5.428
-5.36
-5.276
-5.233
-5.228
-5.19
-5.183
-5.306
-5.462
-5.553
-5.691
-5.904
-6.124
-6.299
-6.351
-6.251
-6.138
-6.136
-6.115
-5.913
-5.621
-5.494
-5.525
-5.519
-5.419
-5.312
-5.276
-5.382
-5.562
-5.609
-5.519
-5.476
-5.614
-5.779
-5.75
-5.507
-5.33
-5.455
-5.757
-5.966
-6
-6.022
-6.211
-6.428
-6.426
-6.238
-6.161
-6.185
-6.147
-6.027
-5.872
-5.786
-5.786
-5.77
-5.614
-5.337
-5.067
-4.886
-4.741
-4.575
-4.457
-4.403
-4.48
-4.67
-4.818
-4.811
-4.766
-4.802
-4.874
-4.806
-4.568
-4.321
-4.21
-4.174
-4.081
-3.908
-3.684
-3.547
-3.55
-3.497
-3.316
-3.264
-3.459
-3.64
-3.631
-3.586
-3.679
-3.901
-4.071
-4.013
-3.711
-3.33
-3.003
-2.652
-2.191
-1.774
-1.486
-1.288
-1.17
-1.127
-1.098
-1.138
-1.331
-1.542
-1.69
-1.821
-1.939
-2.007
-2.068
-2.148
-2.189
-2.109
-1.914
-1.785
-1.706
-1.522
-1.257
-0.998
-0.721
-0.399
-0.091
0.152
0.376
0.644
0.955
1.152
1.114
0.9
0.814
1.132
1.51
1.349
0.769
0.528
0.925
1.549
1.803
1.547
1.352
1.83
2.568
2.656
2.041
1.567
1.76
2.252
2.422
2.15
1.842
1.941
2.415
2.676
2.515
2.52
2.999
3.568
3.874
3.929
3.904
3.96
4.119
4.212
4.085
3.858
3.783
3.856
3.838
3.722
3.718
3.86
3.967
3.908
3.81
3.77
3.736
3.69
3.752
3.883
3.933
4.006
4.162
4.251
4.305
4.405
4.418
4.287
4.224
4.278
4.292
4.153
3.919
3.695
3.561
3.523
3.475
3.332
3.212
3.225
3.377
3.591
3.688
3.636
3.627
3.824
3.965
3.865
3.656
3.545
3.495
3.405
3.225
2.962
2.774
2.788
2.824
2.72
2.536
2.409
2.361
2.323
2.259
2.202
2.196
2.22
2.218
2.136
2.098
2.198
2.422
2.733
2.933
2.887
2.781
2.788
2.794
2.633
2.313
1.982
1.728
1.574
1.483
1.333
1.073
0.857
0.794
0.891
1.018
1.009
0.844
0.728
0.778
0.939
1.075
1.12
1.195
1.431
1.74
1.849
1.742
1.683
1.769
1.873
1.876
1.717
1.395
1.114
1.052
1.1
1.05
0.944
0.944
1.043
1.138
1.136
1.018
0.955
1.068
1.234
1.327
1.293
1.261
1.275
1.241
1.125
0.971
0.853
0.807
0.773
0.673
0.53
0.379
0.263
0.29
0.465
0.649
0.741
0.771
0.741
0.692
0.728
0.764
0.673
0.599
0.637
0.669
0.599
0.474
0.408
0.472
0.592
0.612
0.517
0.451
0.501
0.551
0.494
0.44
0.435
0.408
0.372
0.326
0.261
0.274
0.431
0.63
0.787
0.889
0.946
1.002
1.116
1.209
1.291
1.463
1.692
1.823
1.871
1.891
1.855
1.815
1.808
1.799
1.715
1.656
1.703
1.735
1.676
1.662
1.769
1.88
1.917
1.91
1.921
1.985
2.057
2.116
2.189
2.302
2.42
2.518
2.586
2.626
2.667
2.676
2.579
2.477
2.52
2.654
2.72
2.676
2.652
2.724
2.867
2.949
2.921
2.91
3.012
3.128
3.094
2.903
2.783
2.86
3.007
3.044
2.921
2.788
2.822
2.951
2.992
2.908
2.867
2.999
3.207
3.252
3.082
2.91
2.951
3.121
3.15
2.976
2.831
2.86
3.019
3.137
3.191
3.262
3.443
3.747
4.021
4.124
4.074
4.051
4.121
4.196
4.137
4.017
4.028
4.194
4.312
4.201
3.983
3.897
4.049
4.23
4.167
3.933
3.824
3.942
4.103
4.146
4.16
4.264
4.453
4.602
4.605
4.48
4.3
4.149
4.058
3.983
3.867
3.747
3.708
3.808
3.924
3.917
3.847
3.847
3.951
4.071
4.085
4.013
3.981
4.01
4.013
3.965
3.901
3.829
3.786
3.763
3.742
3.688
3.536
3.357
3.312
3.439
3.543
3.466
3.343
3.402
3.572
3.69
3.686
3.616
3.611
3.711
3.802
3.799
3.734
3.695
3.747
3.849
3.895
3.897
3.942
4.021
4.081
4.033
3.874
3.747
3.763
3.86
3.899
3.81
3.706
3.731
3.847
3.876
3.736
3.55
3.457
3.504
3.6
3.572
3.475
3.495
3.622
3.77
3.863
3.808
3.684
3.638
3.631
3.554
3.45
3.398
3.429
3.484
3.475
3.45
3.523
3.668
3.734
3.736
3.702
3.6
3.484
3.436
3.38
3.262
3.142
3.055
3.017
2.992
2.921
2.869
2.86
2.853
2.824
2.774
2.74
2.731
2.713
2.656
2.715
2.917
3.046
3.055
3.103
3.191
3.237
3.16
2.996
2.883
2.892
2.903
2.774
2.568
2.468
2.534
2.708
2.858
2.917
2.985
3.126
3.3
3.443
3.534
3.62
3.768
3.895
3.89
3.724
3.482
3.323
3.375
3.52
3.516
3.398
3.366
3.457
3.538
3.534
3.507
3.577
3.706
3.772
3.693
3.616
3.695
3.865
3.994
4.013
3.992
4.096
4.255
4.314
4.264
4.196
4.187
4.244
4.3
4.264
4.155
4.081
4.049
4.04
4.021
3.951
3.888
3.881
3.845
3.754
3.684
3.69
3.779
3.831
3.776
3.713
3.788
3.972
4.094
4.085
4.062
4.174
4.364
4.448
4.394
4.403
4.539
4.697
4.77
4.763
4.75
4.741
4.62
4.378
4.158
4.067
4.06
4.021
3.883
3.754
3.783
3.888
3.913
3.826
3.718
3.684
3.765
3.851
3.808
3.697
3.738
3.992
4.26
4.4
4.428
4.475
4.609
4.738
4.766
4.732
4.713
4.734
4.713
4.575
4.443
4.446
4.484
4.391
4.251
4.248
4.382
4.45
4.323
4.146
4.103
4.126
4.021
3.765
3.534
3.473
3.57
3.638
3.584
3.504
3.554
3.69
3.776
3.742
3.643
3.62
3.706
3.774
3.833
3.951
4.126
4.269
4.251
4.042
3.795
3.638
3.557
3.411
3.144
2.899
2.876
2.921
2.781
2.488
2.261
2.125
1.976
1.708
1.333
0.996
0.853
0.903
1.002
1.012
0.941
0.975
1.141
1.284
1.295
1.236
1.263
1.442
1.638
1.633
1.465
1.297
1.2
1.136
0.971
0.707
0.485
0.297
0.041
-0.29
-0.683
-1.102
-1.529
-1.964
-2.379
-2.699
-2.876
-2.983
-3.003
-2.892
-2.665
-2.443
-2.368
-2.386
-2.411
-2.479
-2.554
-2.584
-2.572
-2.549
-2.506
-2.486
-2.531
-2.638
-2.728
-2.749
-2.774
-2.869
-2.976
-3.037
-3.094
-3.178
-3.293
-3.445
-3.625
-3.813
-3.997
-4.115
-4.16
-4.103
-3.895
-3.629
-3.393
-3.164
-2.985
-2.89
-2.749
-2.522
-2.311
-2.118
-1.905
-1.683
-1.458
-1.311
-1.265
-1.288
-1.333
-1.386
-1.415
-1.449
-1.497
-1.481
-1.431
-1.433
-1.458
-1.504
-1.506
-1.386
-1.238
-1.17
-1.157
-1.095
-0.918
-0.649
-0.472
-0.454
-0.428
-0.351
-0.304
-0.292
-0.32
-0.322
-0.22
-0.061
0.059
0.145
0.233
0.381
0.567
0.696
0.807
1.023
1.2
1.204
1.111
0.989
0.85
0.703
0.546
0.372
0.204
0.102
0.1
0.163
0.197
0.197
0.22
0.217
0.199
0.149
0.025
-0.068
0.009
0.195
0.365
0.51
0.635
0.76
0.918
1.025
1.05
1.08
1.1
1.054
0.957
0.875
0.828
0.76
0.621
0.533
0.503
0.422
0.263
0.043
-0.222
-0.449
-0.626
-0.85
-1.111
-1.336
-1.454
-1.422
-1.329
-1.257
-1.175
-1.005
-0.775
-0.565
-0.494
-0.639
-0.825
-0.864
-0.832
-0.882
-1.111
-1.399
-1.538
-1.599
-1.731
-1.887
-2.034
-2.207
-2.368
-2.543
-2.778
-2.989
-3.096
-3.155
-3.232
-3.355
-3.541
-3.645
-3.572
-3.484
-3.52
-3.613
-3.622
-3.527
-3.466
-3.507
-3.552
-3.529
-3.493
-3.486
-3.536
-3.572
-3.545
-3.527
-3.545
-3.638
-3.77
-3.901
-4.033
-4.164
-4.303
-4.391
-4.414
-4.423
-4.439
-4.423
-4.389
-4.394
-4.441
-4.477
-4.391
-4.178
-3.951
-3.829
-3.865
-3.949
-3.942
-3.892
-3.94
-4.16
-4.421
-4.53
-4.534
-4.579
-4.673
-4.695
-4.541
-4.26
-4.019
-3.924
-3.94
-3.938
-3.872
-3.849
-3.901
-3.945
-3.958
-3.992
-4.076
-4.228
-4.403
-4.514
-4.537
-4.555
-4.675
-4.813
-4.874
-4.922
-5.081
-5.324
-5.487
-5.5
-5.482
-5.537
-5.657
-5.764
-5.741
-5.637
-5.55
-5.535
-5.571
-5.598
-5.657
-5.832
-6.074
-6.26
-6.326
-6.378
-6.524
-6.721
-6.852
-6.932
-7.029
-7.243
-7.528
-7.719
-7.726
-7.635
-7.662
-7.864
-8.052
-8.043
-7.898
-7.755
-7.64
-7.485
-7.259
-7.022
-6.88
-6.909
-7.016
-7.072
-7.102
-7.188
-7.399
-7.669
-7.805
-7.73
-7.531
-7.399
-7.345
-7.233
-7.009
-6.719
-6.48
-6.351
-6.256
-6.108
-5.956
-5.857
-5.795
-5.727
-5.673
-5.582
-5.51
-5.553
-5.655
-5.53
-5.169
-4.881
-4.763
-4.602
-4.273
-3.969
-3.879
-3.945
-3.917
-3.638
-3.248
-2.953
-2.808
-2.631
-2.32
-2.114
-2.243
-2.588
-2.79
-2.688
-2.484
-2.368
-2.295
-2.157
-1.876
-1.524
-1.383
-1.479
-1.463
-1.116
-0.71
-0.553
-0.542
-0.413
-0.143
0.041
-0.032
-0.34
-0.644
-0.789
-0.859
-0.986
-1.064
-0.939
-0.676
-0.424
-0.311
-0.347
-0.399
-0.39
-0.36
-0.367
-0.351
-0.202
0.047
0.258
0.233
-0.045
-0.401
-0.615
-0.703
-0.819
-0.95
-0.993
-1.041
-1.202
-1.386
-1.531
-1.687
-1.876
-2.057
-2.148
-2.148
-2.184
-2.284
-2.32
-2.245
-2.155
-2.1
-2.105
-2.232
-2.452
-2.579
-2.531
-2.409
-2.381
-2.524
-2.738
-2.903
-3.098
-3.468
-3.908
-4.149
-4.062
-3.865
-3.77
-3.749
-3.713
-3.695
-3.718
-3.745
-3.758
-3.745
-3.65
-3.463
-3.239
-3.046
-2.897
-2.797
-2.749
-2.808
-2.946
-3.126
-3.271
-3.343
-3.352
-3.282
-3.155
-3.021
-2.939
-2.969
-3.067
-3.082
-2.973
-2.863
-2.772
-2.606
-2.345
-2.053
-1.835
-1.706
-1.601
-1.47
-1.318
-1.207
-1.12
-1.054
-1.043
-1.084
-1.116
-1.114
-1.107
-1.109
-1.102
-1.073
-0.986
-0.812
-0.58
-0.37
-0.263
-0.27
-0.358
-0.442
-0.456
-0.424
-0.308
-0.059
0.29
0.59
0.748
0.844
0.95
1.007
0.903
0.676
0.444
0.277
0.156
0.088
0.052
0.036
0.066
0.111
0.127
0.075
-0.007
-0.002
0.111
0.199
0.145
0.057
0.081
0.168
0.143
-0.111
-0.474
-0.603
-0.503
-0.474
-0.653
-0.921
-1.161
-1.404
-1.656
-1.898
-2.087
-2.164
-2.105
-1.971
-1.896
-1.973
-2.084
-2.105
-2.087
-2.162
-2.379
-2.624
-2.772
-2.813
-2.853
-2.939
-2.989
-3.003
-3.103
-3.296
