Unnamed: 3
Value
-0.599
-0.231
0.038
0.052
-0.118
-0.29
-0.517
-0.889
-1.17
-1.116
-0.964
-1.007
-1.113
-0.955
-0.519
-0.075
0.331
0.741
1.036
1.048
0.8
0.447
0.038
-0.311
-0.44
-0.388
-0.27
-0.059
0.331
0.93
1.562
2.046
2.202
1.926
1.361
0.878
0.721
0.805
0.991
1.231
1.56
1.896
1.996
1.817
1.581
1.479
1.535
1.69
1.919
2.223
2.536
2.763
2.935
3.046
2.948
2.715
2.577
2.484
2.379
2.459
2.835
3.289
3.55
3.645
3.661
3.511
3.194
2.885
2.726
2.758
3.01
3.375
3.649
3.708
3.652
3.695
3.906
4.099
4.169
4.214
4.283
4.312
4.271
4.121
3.956
3.992
4.316
4.795
5.298
5.816
6.389
6.886
7.12
6.993
6.657
6.362
6.233
6.181
6.145
6.292
6.671
7.143
7.585
7.948
8.145
8.195
8.227
8.299
8.286
8.12
7.996
8.066
8.22
8.279
8.222
8.211
8.336
8.517
8.69
8.939
9.304
9.683
9.98
10.137
10.116
9.985
9.892
9.833
9.785
9.776
9.803
9.83
9.903
10.039
10.209
10.447
10.724
10.817
10.652
10.42
10.323
10.257
10.105
9.928
9.881
10.026
10.223
10.323
10.357
10.391
10.391
10.264
9.999
9.645
9.275
8.998
8.887
8.901
8.919
8.925
9.059
9.348
9.538
9.461
9.295
9.137
8.753
8.014
7.197
6.596
6.197
5.947
5.838
5.768
5.736
5.861
6.022
5.956
5.58
5.079
4.647
4.248
3.704
3.094
2.726
2.749
2.978
3.112
3.044
2.98
3.153
3.352
3.275
3.039
2.855
2.672
2.32
1.862
1.393
0.912
0.547
0.478
0.596
0.753
0.932
1.068
1.107
1.009
0.787
0.488
0.193
-0.073
-0.322
-0.619
-0.909
-0.98
-0.823
-0.682
-0.701
-0.789
-0.837
-0.81
-0.719
-0.603
-0.494
-0.474
-0.496
-0.49
-0.49
-0.49
-0.401
-0.24
-0.036
0.265
0.623
0.896
1.025
1.075
1.145
1.227
1.22
1.061
0.83
0.712
0.903
1.365
1.887
2.311
2.602
2.894
3.262
3.548
3.513
3.198
2.894
2.774
2.769
2.776
2.88
3.182
3.575
3.915
4.244
4.586
4.781
4.806
4.774
4.641
4.423
4.264
4.167
4.049
3.963
4.03
4.287
4.591
4.865
5.133
5.382
5.603
5.893
6.204
6.276
5.949
5.357
4.79
4.405
4.224
4.278
4.609
5.185
5.797
6.195
6.267
6.097
5.718
5.233
4.858
4.715
4.668
4.598
4.586
4.641
4.647
4.616
4.668
4.802
4.87
4.802
4.7
4.659
4.58
4.296
3.84
3.366
2.987
2.724
2.588
2.577
2.638
2.726
2.885
3.003
2.889
2.527
2.091
1.758
1.572
1.4
1.168
1.055
1.152
1.306
1.354
1.279
1.122
0.862
0.544
0.356
0.401
0.544
0.692
0.732
0.617
0.454
0.338
0.224
0.07
-0.025
0.025
0.202
0.397
0.522
0.533
0.44
0.338
0.258
0.134
-0.134
-0.508
-0.766
-0.717
-0.447
-0.073
0.388
0.803
0.948
0.832
0.692
0.623
0.56
0.449
0.324
0.224
0.227
0.347
0.494
0.682
0.937
1.225
1.538
1.84
1.989
1.887
1.667
1.592
1.665
1.667
1.59
1.665
1.928
2.166
2.286
2.484
2.744
2.815
2.715
2.64
2.606
2.527
2.452
2.449
2.502
2.613
2.862
3.246
3.541
3.624
3.604
3.565
3.416
3.116
2.783
2.588
2.611
2.783
2.955
3.053
3.098
3.108
3.032
2.785
2.497
2.314
2.184
1.953
1.626
1.302
1.109
1.218
1.531
1.726
1.742
1.735
1.783
1.776
1.554
1.154
0.823
0.71
0.735
0.637
0.347
0.129
0.195
0.406
0.506
0.53
0.503
0.372
0.156
-0.034
-0.261
-0.576
-0.855
-0.937
-0.9
-0.948
-1.002
-0.918
-0.796
-0.798
-0.839
-0.857
-0.93
-1.129
-1.458
-1.785
-2.039
-2.252
-2.472
-2.522
-2.273
-1.928
-1.717
-1.558
-1.304
-1.093
-1.175
-1.436
-1.61
-1.694
-1.789
-1.907
-2.028
-2.053
-1.982
-1.937
-1.91
-1.762
-1.545
-1.427
-1.306
-1.2
-1.181
-1.113
-0.941
-0.816
-0.873
-1.018
-1.1
-0.996
-0.8
-0.601
-0.208
0.424
1.068
1.474
1.52
1.252
1.018
0.869
0.8
0.968
1.383
1.867
2.375
2.878
3.15
3.019
2.599
2.257
2.2
2.363
2.683
3.108
3.339
3.262
3.171
3.216
3.3
3.293
3.337
3.531
3.674
3.756
3.874
3.96
4.035
4.369
4.922
5.251
5.292
5.389
5.589
5.661
5.566
5.45
5.446
5.559
5.809
5.972
5.904
5.943
6.247
6.591
6.741
6.753
6.886
7.147
7.206
6.993
6.775
6.718
6.886
7.299
7.744
7.941
7.907
7.71
7.469
7.217
6.932
6.766
6.812
6.895
6.893
6.846
6.927
7.131
7.29
7.299
7.202
7.061
6.85
6.526
6.158
5.92
5.97
6.212
6.406
6.383
6.308
6.471
6.841
7.082
6.945
6.596
6.442
6.485
6.394
6.063
5.8
5.863
6.122
6.313
6.263
5.999
5.679
5.419
5.076
4.607
4.323
4.455
4.82
4.951
4.666
4.305
4.224
4.187
3.976
3.729
3.627
3.711
3.933
4.178
4.305
4.285
4.192
4.101
3.879
3.45
3.148
3.234
3.439
3.42
3.312
3.436
3.715
3.801
3.686
3.588
3.531
3.493
3.382
3.187
2.944
2.717
2.545
2.375
2.087
1.876
1.932
2.166
2.488
2.826
3.064
3.194
3.228
3.098
2.851
2.722
2.724
2.726
2.737
2.948
3.434
3.935
4.196
4.18
3.915
3.493
3.087
2.792
2.59
2.54
2.69
2.976
3.25
3.447
3.561
3.615
3.6
3.568
3.57
3.534
3.416
3.3
3.346
3.525
3.711
3.949
4.217
4.369
4.38
4.271
4.103
4.017
3.978
3.894
3.84
3.917
4.022
4.058
4.044
4.126
4.348
4.507
4.487
4.312
4.078
3.826
3.552
3.25
2.994
2.851
2.939
3.221
3.513
3.715
3.872
4.142
4.532
4.822
4.743
4.337
3.931
3.799
3.933
4.103
4.173
4.262
4.523
4.772
4.763
4.441
3.931
3.525
3.368
3.291
3.125
2.96
2.88
2.842
2.763
2.69
2.69
2.81
3.028
3.262
3.402
3.386
3.312
3.157
2.808
2.277
1.874
1.821
2.014
2.277
2.577
2.958
3.416
3.883
4.114
3.931
3.409
2.876
2.57
2.459
2.343
2.218
2.223
2.418
2.765
3.085
3.191
3.087
2.987
2.944
2.783
2.44
2.116
2.005
2.046
2.112
2.23
2.452
2.713
2.917
3.037
3.11
3.155
3.105
2.869
2.438
1.937
1.524
1.302
1.395
1.708
1.987
2.238
2.531
2.751
2.704
2.309
1.737
1.195
0.732
0.379
0.183
0.186
0.353
0.728
1.297
1.798
1.978
1.842
1.592
1.302
0.882
0.385
-0.084
-0.524
-0.855
-0.98
-0.837
-0.406
0.138
0.569
0.771
0.73
0.54
0.294
-0.038
-0.585
-1.277
-1.808
-2.003
-1.921
-1.756
-1.621
-1.499
-1.32
-1.08
-0.975
-1.225
-1.781
-2.352
-2.69
-2.842
-3.014
-3.214
-3.284
-3.2
-3.049
-2.862
-2.683
-2.649
-2.858
-3.205
-3.493
-3.733
-3.949
-4.026
-3.894
-3.686
-3.523
-3.339
-3.053
-2.803
-2.819
-3.119
-3.516
-3.833
-4.101
-4.405
-4.725
-4.976
-5.069
-5.017
-4.967
-4.995
-4.951
-4.693
-4.262
-3.89
-3.711
-3.82
-4.167
-4.6
-4.999
-5.326
-5.584
-5.775
-5.807
-5.616
-5.33
-5.126
-4.976
-4.861
-4.829
-4.877
-4.954
-5.051
-5.147
-5.296
-5.464
-5.532
-5.469
-5.342
-5.256
-5.226
-5.121
-4.892
-4.618
-4.421
-4.359
-4.493
-4.736
-4.899
-4.99
-5.051
-5.056
-4.858
-4.359
-3.706
-3.139
-2.776
-2.744
-3.101
-3.729
-4.412
-4.967
-5.437
-5.852
-6.011
-5.677
-4.911
-4.022
-3.327
-3.003
-2.987
-3.112
-3.436
-4.226
-5.33
-6.188
-6.376
-6.077
-5.766
-5.503
-5.076
-4.407
-3.777
-3.484
-3.475
-3.565
-3.72
-3.971
-4.346
-4.87
-5.473
-5.9
-5.934
-5.816
-5.85
-5.738
-5.02
-4.019
-3.4
-3.28
-3.316
-3.339
-3.536
-4.106
-4.94
-5.657
-5.943
-5.743
-5.353
-5.163
-5.11
-4.843
-4.366
-4.064
-4.205
-4.609
-4.833
-4.713
-4.466
-4.348
-4.53
-4.875
-5.133
-5.344
-5.639
-5.888
-5.868
-5.63
-5.41
-5.312
-5.337
-5.537
-6.045
-6.755
-7.478
-8.043
-8.279
-8.173
-7.825
-7.29
-6.616
-5.934
-5.48
-5.557
-6.206
-7.124
-7.966
-8.706
-9.352
-9.71
-9.626
-9.143
-8.499
-7.891
-7.458
-7.279
-7.295
-7.338
-7.497
-7.955
-8.508
-8.792
-8.844
-8.928
-9.05
-9.032
-8.796
-8.483
-8.259
-8.104
-7.925
-7.719
-7.719
-8.095
-8.731
-9.39
-9.955
-10.264
-10.171
-9.749
-8.982
-7.862
-6.655
-5.741
-5.326
-5.43
-5.929
-6.682
-7.655
-8.647
-9.239
-9.148
-8.492
-7.539
-6.469
-5.433
-4.632
-4.128
-3.942
-4.106
-4.507
-4.92
-5.217
-5.36
-5.421
-5.376
-5.151
-4.706
-4.244
-3.96
-3.729
-3.289
-2.783
-2.586
-2.742
-2.987
-3.13
-3.228
-3.384
-3.484
-3.268
-2.678
-1.864
-0.996
-0.229
0.292
0.564
0.542
0.202
-0.363
-0.989
-1.349
-1.243
-0.807
-0.218
0.517
1.331
2.118
2.744
3.049
3.003
2.717
2.3
1.855
1.547
1.501
1.76
2.309
2.973
3.543
4.017
4.493
4.927
5.144
5.131
5.001
4.82
4.546
4.114
3.629
3.346
3.382
3.643
4.024
4.471
4.774
4.899
4.945
4.924
4.813
4.546
4.096
3.554
3.039
2.683
2.642
2.937
3.373
3.797
4.237
4.686
5.001
5.035
4.645
3.94
3.25
2.885
2.849
2.897
2.955
3.166
3.47
3.609
3.545
3.346
2.917
2.277
1.669
1.161
0.762
0.51
0.401
0.51
0.869
1.374
1.864
2.184
2.273
2.134
1.826
1.429
1.066
0.737
0.395
0.115
-0.011
-0.073
-0.138
-0.147
0.054
0.454
0.882
1.229
1.397
1.252
0.769
0.188
-0.161
-0.165
-0.027
0.081
0.109
0.038
-0.163
-0.467
-0.794
-1.004
-0.93
-0.515
0.077
0.572
0.841
0.989
1.157
1.272
1.229
1.012
0.703
0.408
0.188
0.045
-0.025
0.07
0.32
0.574
0.705
0.673
0.463
0.111
-0.292
-0.576
-0.585
-0.281
0.163
0.503
0.753
1.041
1.343
1.461
1.288
0.923
0.537
0.258
0.113
0.007
0.02
0.349
0.882
1.39
1.746
1.916
2.005
2.098
2.105
2.009
1.889
1.712
1.562
1.549
1.644
1.84
2.193
2.64
3.057
3.354
3.513
3.586
3.484
3.144
2.688
2.273
1.91
1.705
1.756
1.991
2.345
2.747
3.082
3.239
3.187
3.169
3.341
3.506
3.439
3.071
2.477
1.826
1.297
0.984
0.923
1.098
1.433
1.778
2.023
2.12
2.13
2.039
1.81
1.615
1.567
1.463
1.111
0.71
0.56
0.73
1.113
1.569
2.005
2.282
2.293
1.985
1.424
0.787
0.29
0.05
0.172
0.669
1.324
1.88
2.204
2.322
2.327
2.255
2.109
1.882
1.61
1.338
1.154
1.102
1.179
1.306
1.458
1.712
2.171
2.692
3.055
3.262
3.28
3.044
2.611
2.091
1.597
1.184
0.939
0.984
1.29
1.703
2.127
2.654
3.228
3.613
3.756
3.681
3.42
2.998
2.533
2.168
1.896
1.758
1.882
2.166
2.348
2.425
2.59
2.919
3.221
3.184
2.774
2.225
1.708
1.211
0.728
0.306
0.113
0.347
0.837
1.24
1.408
1.447
1.479
1.47
1.315
0.957
0.345
-0.397
-0.894
-0.97
-0.828
-0.651
-0.36
0.084
0.406
0.34
0.025
-0.261
-0.494
-0.685
-0.83
-0.925
-1.029
-1.236
-1.531
-1.785
-1.823
-1.619
-1.331
-1.125
-1.018
-0.95
-0.987
-1.245
-1.703
-2.243
-2.822
-3.371
-3.801
-3.953
-3.767
-3.434
-3.062
-2.561
-2.017
-1.785
-2.021
-2.518
-3.103
-3.754
-4.559
-5.296
-5.621
-5.539
-5.31
-4.956
-4.457
-4.003
-3.688
-3.482
-3.452
-3.656
-3.967
-4.237
-4.455
-4.691
-4.936
-5.094
-5.151
-5.172
-5.155
-5.058
-4.765
-4.201
-3.556
-3.112
-2.987
-3.112
-3.382
-3.804
-4.323
-4.713
-4.883
-4.875
-4.7
-4.373
-4.03
-3.736
-3.479
-3.321
-3.262
-3.321
-3.475
-3.622
-3.752
-3.906
-4.024
-4.028
-3.949
-3.872
-3.876
-3.917
-3.915
-3.91
-4.022
-4.212
-4.334
-4.353
-4.362
-4.428
-4.487
-4.493
-4.477
-4.466
-4.421
-4.389
-4.423
-4.416
-4.378
-4.445
-4.715
-5.113
-5.568
-6.054
-6.473
-6.632
-6.433
-5.959
-5.439
-5.067
-4.863
-4.795
-4.886
-5.203
-5.723
-6.299
-6.766
-7.115
-7.317
-7.329
-7.181
-6.95
-6.673
-6.507
-6.576
-6.827
-7.177
-7.576
-7.966
-8.215
-8.272
-8.299
-8.37
-8.388
-8.375
-8.431
-8.508
-8.513
-8.499
-8.569
-8.703
-8.658
-8.438
-8.329
-8.449
-8.687
-8.889
-8.957
-8.887
-8.678
-8.402
-8.118
-7.828
-7.601
-7.621
-7.925
-8.375
-8.787
-9.071
-9.193
-9.193
-9.028
-8.687
-8.229
-7.823
-7.653
-7.685
-7.735
-7.744
-7.751
-7.73
-7.664
-7.66
-7.685
-7.703
-7.841
-8.059
-8.152
-8.052
-7.819
-7.397
-6.741
-6.12
-5.825
-5.743
-5.745
-6.099
-7.009
-8.021
-8.599
-8.697
-8.533
-8.12
-7.317
-6.283
-5.423
-5.081
-5.192
-5.471
-5.73
-6.047
-6.503
-6.927
-7.236
-7.356
-7.106
-6.612
-6.313
-6.21
-5.861
-5.319
-5.155
-5.494
-5.741
-5.682
-5.775
-6.258
-6.827
-7.204
-7.399
-7.372
-7.082
-6.635
-6.201
-5.738
-5.269
-5.19
-5.791
-6.655
-7.204
-7.544
-7.975
-8.279
-8.143
-7.73
-7.267
-6.875
-6.705
-6.821
-7.097
-7.46
-7.85
-8.161
-8.343
-8.347
-8.198
-8.082
-8.018
-7.825
-7.567
-7.544
-7.796
-8.005
-7.903
-7.678
-7.805
-8.288
-8.708
-8.869
-8.914
-9.021
-9.42
-9.965
-10.153
-9.774
-9.177
-8.737
-8.445
-8.093
-7.81
-7.977
-8.483
-8.798
-8.857
-8.946
-9.05
-9.007
-8.805
-8.431
-7.95
-7.657
-7.744
-7.896
-7.694
-7.295
-7.215
-7.592
-8
-7.964
-7.49
-7.027
-6.966
-7.134
-7.059
-6.703
-6.387
-6.288
-6.258
-6.158
-6.09
-6.242
-6.585
-6.952
-7.141
-7.09
-6.829
-6.326
-5.426
-4.307
-3.525
-3.536
-4.171
-4.843
-5.335
-5.922
-6.707
-7.397
-7.542
-6.959
-5.979
-5.228
-4.936
-4.704
-4.235
-3.792
-3.856
-4.555
-5.45
-6.079
-6.406
-6.65
-6.911
-7.025
-6.852
-6.524
-6.208
-5.854
-5.439
-5.197
-5.351
-5.866
-6.487
-6.968
-7.311
-7.707
-8.15
-8.27
-7.798
-6.916
-6.111
-5.802
-5.897
-5.943
-5.8
-5.77
-6.106
-6.639
-6.977
-6.979
-6.827
-6.7
-6.632
-6.485
-6.208
-5.904
-5.691
-5.652
-5.793
-6.02
-6.206
-6.283
-6.219
-5.94
-5.519
-5.183
-4.986
-4.695
-4.264
-3.913
-3.854
-4.142
-4.704
-5.305
-5.634
-5.643
-5.53
-5.416
-5.128
-4.521
-3.777
-3.275
-3.119
-3.069
-2.969
-2.937
-3.119
-3.516
-4.017
-4.432
-4.586
-4.475
-4.228
-3.904
-3.531
-3.2
-2.874
-2.477
-2.089
-1.914
-2.087
-2.527
-2.924
-3.073
-3.03
-2.931
-2.774
-2.461
-1.86
-1.039
-0.336
-0.073
-0.304
-0.783
-1.2
-1.481
-1.703
-1.896
-2.057
-2.073
-1.874
-1.617
-1.456
-1.429
-1.458
-1.424
-1.338
-1.349
-1.554
-1.812
-2.005
-2.084
-2.003
-1.764
-1.481
-1.268
-1.164
-1.086
-0.964
-0.794
-0.689
-0.771
-0.977
-1.15
-1.349
-1.608
-1.776
-1.722
-1.467
-1.088
-0.628
-0.168
0.07
0.014
-0.149
-0.326
-0.549
-0.821
-1.016
-1.066
-0.98
-0.76
-0.438
-0.048
0.372
0.753
1.077
1.315
1.488
1.642
1.778
1.889
2.017
2.152
2.266
2.373
2.479
2.613
2.903
3.413
3.978
4.443
4.765
4.979
5.067
4.967
4.684
4.328
3.971
3.729
3.801
4.255
4.945
5.664
6.281
6.741
6.998
6.97
6.675
6.369
6.188
6.036
5.918
6.018
6.369
6.78
7.072
7.188
7.131
6.977
6.873
6.957
7.088
6.981
6.641
6.317
5.984
5.485
4.879
4.455
4.366
4.455
4.643
5.106
5.732
6.077
5.993
5.702
5.396
5.062
4.588
4.13
3.881
3.879
4.119
4.563
4.956
5.062
4.947
4.693
4.316
3.842
3.257
2.556
1.846
1.299
0.891
0.494
0.079
-0.233
-0.336
-0.27
-0.104
0.186
0.528
0.678
0.463
-0.009
-0.51
-1.034
-1.608
-2.148
-2.47
-2.39
-1.899
-1.231
-0.717
-0.476
-0.442
-0.587
-0.989
-1.703
-2.511
-3.121
-3.454
-3.495
-3.291
-2.928
-2.406
-1.796
-1.299
-1.055
-0.996
-1.027
-1.234
-1.656
-2.087
-2.309
-2.322
-2.177
-1.88
-1.444
-0.918
-0.388
0.079
0.431
0.617
0.617
0.481
0.32
0.152
-0.011
-0.052
0.102
0.422
0.875
1.436
2.044
2.586
2.933
3.064
3.112
3.053
2.785
2.373
1.966
1.701
1.678
1.998
2.545
3.141
3.715
4.257
4.702
4.929
4.965
4.852
4.659
4.445
4.212
3.985
3.849
3.901
4.069
4.205
4.264
4.342
4.534
4.768
4.883
4.908
4.986
4.983
4.784
4.443
4.071
3.754
3.579
3.602
3.792
3.988
4.117
4.305
4.518
4.498
4.182
3.795
3.423
3.007
2.574
2.243
2.075
2.03
2.118
2.361
2.636
2.769
2.708
2.502
2.257
2.071
1.946
1.783
1.533
1.243
1.032
1.004
1.116
1.259
1.334
1.279
1.161
1.1
1.059
0.855
0.429
-0.068
-0.508
-0.903
-1.234
-1.393
-1.395
-1.368
-1.318
-1.177
-0.98
-0.916
-1.098
-1.406
-1.631
-1.785
-2.048
-2.402
-2.678
-2.801
-2.785
-2.602
-2.252
-1.792
-1.336
-1.032
-0.955
-1.012
-1.095
-1.231
-1.408
-1.576
-1.762
-2.005
-2.173
-2.105
-1.819
-1.531
-1.318
-1.046
-0.628
-0.277
-0.186
-0.233
-0.274
-0.374
-0.553
-0.676
-0.61
-0.39
-0.048
0.467
1.105
1.685
2.093
2.311
2.386
2.318
2.046
1.651
1.377
1.345
1.444
1.649
2.146
2.926
3.659
4.119
4.319
4.321
4.173
3.915
3.586
3.341
3.234
3.234
3.418
3.851
4.359
4.713
4.931
5.185
5.439
5.426
5.094
4.636
4.283
4.03
3.754
3.495
3.445
3.695
4.094
4.525
4.899
5.099
5.022
4.702
4.189
3.47
2.661
1.964
1.524
1.361
1.4
1.572
1.899
2.3
2.565
2.549
2.366
2.221
2.173
2.118
1.935
1.565
1.063
0.576
0.154
-0.227
-0.458
-0.408
-0.111
0.218
0.324
0.081
-0.431
-1.002
-1.54
-2.034
-2.404
-2.538
-2.479
-2.35
-2.232
-2.017
-1.599
-1.125
-0.83
-0.855
-1.186
-1.73
-2.336
-2.992
-3.679
-4.182
-4.201
-3.695
-3.007
-2.457
-2.066
-1.73
-1.531
-1.574
-1.853
-2.311
-2.847
-3.343
-3.813
-4.176
-4.269
-3.958
-3.346
-2.642
-1.855
-1.082
-0.596
-0.496
-0.68
-1.12
-1.787
-2.4
-2.769
-2.998
-3.114
-2.874
-2.15
-1.145
-0.233
0.483
1.016
1.27
1.179
0.832
0.349
-0.197
-0.671
-0.871
-0.698
-0.363
-0.132
0.088
0.589
1.309
1.932
2.245
2.166
1.837
1.44
0.955
0.351
-0.222
-0.478
-0.329
-0.022
0.272
0.637
1.075
1.545
1.926
2.041
1.964
1.899
1.717
1.184
0.533
0.086
0.043
0.381
0.909
1.529
2.177
2.699
2.953
2.906
2.549
1.982
1.408
1.048
0.848
0.653
0.56
0.819
1.438
2.053
2.434
2.729
3.16
3.579
3.615
3.253
2.792
2.343
1.781
1.159
0.639
0.406
0.637
1.372
2.318
3.112
3.615
3.931
4.16
4.178
3.908
3.443
2.928
2.518
2.406
2.615
2.969
3.382
3.801
4.244
4.681
5.033
5.217
5.249
5.201
5.106
4.915
4.641
4.462
4.43
4.523
4.804
5.355
6.067
6.739
7.331
7.785
8.061
8.148
7.939
7.331
6.569
6.031
5.97
6.387
7
7.646
8.415
9.198
9.599
9.466
9.13
8.914
8.844
8.724
8.533
8.461
8.574
8.801
9.154
9.617
10.035
10.359
10.643
10.833
10.797
10.604
10.432
10.291
10.112
9.874
9.695
9.676
9.869
10.239
10.731
11.278
11.829
12.373
12.736
12.725
12.391
11.909
11.348
10.738
10.132
9.738
9.808
10.304
11.006
11.818
12.634
13.156
13.204
12.913
12.432
11.754
10.96
10.277
9.803
9.497
9.3
9.264
9.407
9.577
9.71
9.926
10.142
10.083
9.683
9.159
8.721
8.27
7.669
7.109
6.737
6.505
6.476
6.714
7.043
7.299
7.406
7.222
6.691
5.807
4.654
3.527
2.763
2.465
2.447
2.52
2.699
3.035
3.398
3.464
3.089
2.461
1.848
1.256
0.578
-0.111
-0.619
-0.803
-0.696
-0.574
-0.623
-0.671
-0.547
-0.347
-0.292
-0.415
-0.549
-0.626
-0.821
-1.186
-1.626
-2.055
-2.356
-2.402
-2.241
-1.991
-1.61
-1.004
-0.397
-0.111
-0.256
-0.553
-0.753
-0.889
-1.136
-1.465
-1.549
-1.229
-0.682
-0.143
0.258
0.54
0.739
0.875
1.004
1.166
1.313
1.433
1.545
1.556
1.4
1.254
1.363
1.674
2.039
2.436
2.858
3.273
3.607
3.765
3.729
3.654
3.575
3.405
3.169
3.06
3.141
3.329
3.545
3.808
4.11
4.348
4.487
4.654
4.84
4.881
4.838
4.725
4.507
4.23
4.035
3.922
3.82
3.842
4.18
4.781
5.43
5.852
5.988
5.961
5.875
5.734
5.469
5.079
4.713
4.582
4.734
5.11
5.557
5.909
6.077
6.111
6.138
6.163
6.056
5.748
5.303
4.804
4.373
4.155
4.142
4.178
4.205
4.3
4.561
4.89
5.06
4.945
4.521
3.824
3.066
2.536
2.284
2.236
2.44
2.962
3.588
4.069
4.353
4.38
4.047
3.371
2.606
1.982
1.422
0.785
0.227
0.048
0.351
0.939
1.517
1.882
2.003
1.966
1.81
1.442
0.791
-0.02
-0.673
-1.021
-1.107
-1.027
-0.837
-0.583
-0.213
0.261
0.626
0.71
0.537
0.256
-0.022
-0.345
-0.739
-1.175
-1.456
-1.386
-1.071
-0.755
-0.417
-0.007
0.317
0.408
0.347
0.204
0.018
-0.245
-0.651
-1.105
-1.463
-1.529
-1.147
-0.447
0.261
0.798
1.188
1.413
1.429
1.168
0.658
0.059
-0.469
-0.755
-0.835
-0.839
-0.766
-0.53
-0.056
0.701
1.558
2.168
2.39
2.361
2.2
1.955
1.587
1.116
0.724
0.526
0.576
0.918
1.529
2.297
3.182
3.971
4.396
4.489
4.339
3.849
3.064
2.238
1.694
1.604
1.871
2.314
2.917
3.663
4.418
4.902
4.92
4.516
3.899
3.219
2.549
1.899
1.302
0.878
0.816
1.125
1.68
2.304
2.971
3.67
4.087
3.915
3.241
2.384
1.533
0.753
0.093
-0.404
-0.61
-0.404
0.127
0.744
1.243
1.533
1.594
1.422
0.957
0.118
-0.959
-1.962
-2.602
-2.858
-2.917
-2.847
-2.527
-1.975
-1.447
-1.088
-0.878
-0.871
-1.2
-1.672
-2.107
-2.57
-3.119
-3.595
-3.849
-3.842
-3.568
-3.066
-2.463
-1.973
-1.828
-2.014
-2.273
-2.597
-3.187
-3.872
-4.307
-4.387
-4.239
-3.992
-3.659
-3.116
-2.339
-1.558
-0.987
-0.671
-0.617
-0.794
-1.147
-1.749
-2.54
-3.078
-2.994
-2.377
-1.52
-0.61
0.363
1.488
2.47
2.86
2.604
2.025
1.368
0.642
-0.018
-0.444
-0.533
-0.193
0.567
1.608
2.717
3.661
4.26
4.421
4.142
3.613
3.03
2.388
1.642
0.973
0.744
1.086
1.796
2.608
3.439
4.323
5.214
5.888
6.033
5.607
4.845
4.074
3.47
3.026
2.713
2.651
3.007
3.824
4.897
5.863
6.451
6.684
6.637
6.294
5.63
4.795
4.069
3.636
3.516
3.69
4.165
4.875
5.72
6.528
7.054
7.177
6.934
6.444
5.859
5.214
4.504
4.008
4.06
4.546
5.115
5.632
6.158
6.737
7.231
7.394
7.111
6.455
5.65
4.879
4.228
3.774
3.575
3.534
3.607
3.978
4.788
5.8
6.587
6.927
6.855
6.535
5.97
5.017
3.774
2.647
2.061
2.152
2.774
3.647
4.58
5.525
6.389
6.893
6.768
6.04
4.972
3.971
3.371
3.137
3.137
3.425
3.969
4.484
4.836
5.024
5.031
4.824
4.443
3.988
3.565
3.293
3.189
3.089
2.862
2.681
2.742
2.985
3.216
3.436
3.749
4.128
4.391
4.33
3.883
3.128
2.284
1.547
1.016
0.776
0.898
1.336
1.842
2.273
2.695
3.094
3.3
3.157
2.645
1.973
1.438
1.127
1.007
0.957
0.88
0.776
0.903
1.377
1.994
2.427
2.692
2.985
3.27
3.257
2.72
1.826
1.002
0.528
0.29
0.195
0.442
1.063
1.921
2.828
3.541
3.854
3.69
3.2
2.572
1.862
1.143
0.667
0.633
0.977
1.52
2.127
2.847
3.697
4.398
4.677
4.593
4.362
3.958
3.246
2.468
1.921
1.687
1.653
1.796
2.177
2.765
3.497
4.339
5.049
5.303
5.106
4.713
4.189
3.457
2.645
2.041
1.896
2.259
2.919
3.649
4.355
4.945
5.287
5.224
4.713
3.917
3.028
2.177
1.545
1.259
1.306
1.64
2.248
3.03
3.702
4.108
4.232
4.151
3.831
3.216
2.447
1.771
1.227
0.757
0.517
0.694
1.154
1.753
2.54
3.434
4.112
4.357
4.253
3.976
3.506
2.722
1.722
0.934
0.667
0.837
1.238
1.794
2.622
3.604
4.316
4.475
4.153
3.45
2.499
1.508
0.676
0.191
0.229
0.821
1.771
2.735
3.523
4.062
4.375
4.425
4.112
3.398
2.461
1.501
0.655
0.031
-0.263
-0.036
0.748
1.785
2.681
3.253
3.531
3.502
3.123
2.409
1.483
0.594
0.014
-0.17
-0.104
0.124
0.585
1.209
1.756
2.12
2.245
2.055
1.651
1.195
0.692
0.132
-0.351
-0.626
-0.692
-0.583
-0.22
0.308
0.682
0.757
0.678
0.594
0.372
-0.084
-0.587
-0.953
-1.154
-1.216
-1.168
-1.071
-0.864
-0.506
-0.163
-0.104
-0.299
-0.499
-0.646
-0.869
-1.198
-1.472
-1.663
-1.823
-1.869
-1.719
-1.52
-1.336
-1.086
-0.773
-0.724
-1.111
-1.621
-1.935
-2.159
-2.481
-2.853
-3.053
-2.976
-2.763
-2.604
-2.579
-2.543
-2.384
-2.166
-2.039
-2.08
-2.15
-2.159
-2.216
-2.39
-2.588
-2.731
-2.842
-2.944
-2.998
-2.921
-2.79
-2.758
-2.855
-3.014
-3.2
-3.318
-3.371
-3.536
-3.915
-4.298
-4.445
-4.342
-4.16
-4.001
-3.842
-3.72
-3.622
-3.523
-3.579
-3.922
-4.3
-4.441
-4.384
-4.364
-4.459
-4.532
-4.493
-4.369
-4.219
-4.121
-4.148
-4.235
-4.278
-4.312
-4.484
-4.774
-5.033
-5.203
-5.376
-5.659
-6.008
-6.328
-6.526
-6.56
-6.541
-6.573
-6.571
-6.299
-5.843
-5.525
-5.437
-5.41
-5.378
-5.394
-5.471
-5.668
-5.838
-5.764
-5.416
-5.094
-5.013
-5.058
-5.029
-4.927
-4.988
-5.407
-5.966
-6.294
-6.299
-6.179
-6.061
-5.943
-5.802
-5.621
-5.403
-5.312
-5.471
-5.705
-5.807
-5.881
-6.142
-6.424
-6.428
-6.219
-5.984
-5.718
-5.344
-4.877
-4.493
-4.328
-4.314
-4.35
-4.35
-4.296
-4.312
-4.496
-4.772
-4.933
-4.852
-4.588
-4.275
-3.978
-3.715
-3.527
-3.518
-3.752
-4.14
-4.473
-4.686
-4.836
-4.863
-4.645
-4.237
-3.711
-3.108
-2.602
-2.295
-2.157
-2.234
-2.57
-2.985
-3.175
-3.087
-2.937
-2.885
-2.851
-2.774
-2.774
-2.872
-2.928
-2.935
-2.928
-2.953
-3.078
-3.35
-3.736
-4.187
-4.743
-5.33
-5.772
-5.915
-5.766
-5.469
-5.239
-5.178
-5.264
-5.362
-5.437
-5.661
-6.133
-6.598
-6.859
-6.923
-6.864
-6.77
-6.63
-6.412
-6.192
-6.212
-6.616
-7.204
-7.653
-7.859
-7.962
-8.043
-8.061
-8.03
-8.059
-8.191
-8.417
-8.674
-8.862
-8.941
-8.96
-8.957
-8.953
-8.96
-9.019
-9.082
-9.123
-9.152
-9.141
-8.996
-8.773
-8.572
-8.408
-8.225
-8.066
-8.125
-8.445
-8.815
-9.019
-9.064
-9.043
-8.891
-8.483
-7.869
-7.229
-6.764
-6.596
-6.662
-6.705
-6.61
-6.585
-6.687
-6.684
-6.381
-5.915
-5.496
-5.133
-4.849
-4.713
-4.627
-4.516
-4.462
-4.45
-4.278
-3.797
-3.132
-2.545
-2.152
-1.844
-1.556
-1.442
-1.524
-1.61
-1.567
-1.476
-1.383
-1.213
-0.9
-0.54
-0.215
0.147
0.526
0.828
1.157
1.583
2
2.257
2.223
2.075
2.103
2.216
2.216
2.186
2.25
2.398
2.586
2.88
3.289
3.711
4.03
4.271
4.428
4.443
4.339
4.167
4.015
3.988
4.13
4.28
4.332
4.344
4.396
4.622
5.092
5.557
5.766
5.764
5.637
5.387
5.02
4.643
4.291
3.971
3.835
4.042
4.493
4.938
5.214
5.396
5.677
5.984
6.024
5.793
5.505
5.246
4.927
4.654
4.588
4.65
4.686
4.734
4.883
5.056
5.092
4.94
4.693
4.455
4.353
4.407
4.459
4.375
4.096
3.643
3.205
2.931
2.674
2.432
2.415
2.59
2.754
2.763
2.583
2.293
1.985
1.733
1.615
1.638
1.735
1.874
2.028
2.2
2.343
2.398
2.381
2.259
1.926
1.463
1.164
1.068
0.991
0.943
1.021
1.229
1.499
1.771
1.991
2.044
1.916
1.778
1.735
1.674
1.42
1.063
0.819
0.619
0.34
0.107
0.104
0.329
0.707
1.229
1.767
2.057
2.034
1.901
1.785
1.71
1.783
2.082
2.386
2.502
2.463
2.415
2.404
2.363
2.266
2.227
2.363
2.636
2.928
3.064
2.935
2.676
2.479
2.297
2.005
1.676
1.483
1.483
1.569
1.665
1.899
2.4
2.978
3.321
3.307
3.019
2.624
2.39
2.406
2.563
2.794
3.094
3.479
3.767
3.654
3.046
2.325
1.869
1.703
1.667
1.635
1.644
1.835
2.166
2.452
2.57
2.465
2.245
2.046
1.899
1.785
1.739
1.81
1.958
2.075
2.105
2.193
2.425
2.76
3.096
3.348
3.423
3.348
3.18
2.919
2.572
2.302
2.162
2.021
1.912
2.116
2.665
3.434
4.203
4.661
4.711
4.43
3.931
3.416
3.116
3.017
3.06
3.164
3.18
3.094
2.965
2.853
2.939
3.325
3.797
4.056
3.983
3.745
3.538
3.35
3.198
3.196
3.327
3.47
3.509
3.366
3.191
3.212
3.386
3.584
3.879
4.214
4.31
4.081
3.688
3.371
3.184
3.08
3.166
3.468
3.806
4.035
4.094
4.074
4.056
3.981
3.774
3.59
3.531
3.445
3.346
3.346
3.361
3.237
3.044
2.983
3.085
3.155
3.071
3.005
3.103
3.164
2.942
2.506
2.073
1.746
1.49
1.402
1.538
1.69
1.749
1.937
2.318
2.554
2.445
2.166
1.853
1.461
0.946
0.467
0.249
0.37
0.631
0.853
0.987
0.998
0.855
0.601
0.299
-0.038
-0.349
-0.506
-0.519
-0.53
-0.558
-0.535
-0.444
-0.356
-0.345
-0.41
-0.463
-0.494
-0.558
-0.665
-0.755
-0.789
-0.825
-1.012
-1.29
-1.567
-1.81
-1.901
-1.855
-1.781
-1.71
-1.649
-1.674
-1.828
-2.073
-2.309
-2.515
-2.776
-3.087
-3.418
-3.727
-3.908
-3.831
-3.55
-3.18
-2.824
-2.552
-2.415
-2.47
-2.749
-3.123
-3.42
-3.579
-3.615
-3.529
-3.359
-3.137
-2.919
-2.808
-2.783
-2.783
-2.865
-3.03
-3.198
-3.3
-3.339
-3.443
-3.706
-4.042
-4.305
-4.445
-4.443
-4.273
-3.822
-3.085
-2.39
-2.107
-2.211
-2.54
-3.051
-3.695
-4.323
-4.77
-4.972
-4.913
-4.586
-4.03
-3.447
-2.987
-2.692
-2.688
-3.144
-3.883
-4.477
-4.843
-5.144
-5.262
-5.013
-4.561
-4.162
-3.933
-3.933
-4.099
-4.264
-4.314
-4.332
-4.523
-4.849
-5.074
-5.16
-5.249
-5.364
-5.45
-5.401
-5.176
-4.809
-4.441
-4.3
-4.489
-4.929
-5.534
-6.249
-6.927
-7.367
-7.512
-7.483
-7.261
-6.814
-6.306
-6.036
-6.079
-6.342
-6.85
-7.601
-8.356
-8.905
-9.186
-9.297
-9.345
-9.293
-9.132
-8.919
-8.708
-8.526
-8.474
-8.592
-8.749
-8.835
-8.969
-9.282
-9.617
-9.783
-9.81
-9.948
-10.157
-10.142
-9.819
-9.368
-8.978
-8.683
-8.436
-8.311
-8.395
-8.613
-8.815
-8.944
-8.982
-8.93
-8.794
-8.556
-8.268
-7.984
-7.8
-7.741
-7.887
-8.261
-8.697
-8.987
-9.118
-9.157
-8.86
-8.193
-7.512
-7.052
-6.682
-6.36
-6.326
-6.623
-6.989
-7.215
-7.376
-7.472
-7.404
-7.279
-7.27
-7.306
-7.038
-6.428
-5.866
-5.627
-5.514
-5.353
-5.287
-5.475
-5.845
-6.158
-6.306
-6.33
-6.296
-6.301
-6.355
-6.317
-6.126
-5.85
-5.603
-5.485
-5.489
-5.482
-5.53
-5.825
-6.197
-6.381
-6.412
-6.455
-6.589
-6.741
-6.755
-6.598
-6.374
-6.283
-6.351
-6.324
-6.104
-5.934
-6.088
-6.551
-7.07
-7.474
-7.73
-7.939
-8.118
-8.213
-8.206
-8.191
-8.327
-8.579
-8.687
-8.596
-8.52
-8.563
-8.706
-8.912
-9.168
-9.379
-9.518
-9.667
-9.708
-9.395
-8.857
-8.51
-8.481
-8.551
-8.674
-8.916
-9.23
-9.577
-9.98
-10.307
-10.42
-10.357
-10.169
-9.801
-9.37
-9.177
-9.295
-9.508
-9.685
-9.901
-10.159
-10.355
-10.475
-10.536
-10.529
-10.498
-10.432
-10.293
-9.987
-9.483
-8.932
-8.631
-8.633
-8.751
-8.946
-9.277
-9.565
-9.574
-9.336
-8.971
-8.544
-8.016
-7.342
-6.637
-6.181
-6.138
-6.431
-6.871
-7.315
-7.716
-8.104
-8.343
-8.173
-7.483
-6.51
-5.734
-5.337
-5.094
-4.911
-4.945
-5.203
-5.462
-5.564
-5.587
-5.679
-5.816
-5.863
-5.752
-5.609
-5.455
-5.298
-5.074
-4.673
-4.158
-3.828
-3.879
-4.182
-4.586
-5.024
-5.519
-6.065
-6.621
-6.979
-6.916
-6.501
-6.104
-5.907
-5.87
-5.979
-6.165
-6.403
-6.712
-6.998
-7.127
-7.07
-6.888
-6.678
-6.566
-6.587
-6.73
-6.941
-7.02
-6.825
-6.521
-6.313
-6.147
-5.918
-5.7
-5.7
-5.945
-6.394
-6.966
-7.365
-7.442
-7.394
-7.517
-7.753
-7.876
-7.834
-7.71
-7.671
-7.853
-8.114
-8.089
-7.68
-7.154
-6.782
-6.596
-6.442
-6.256
-6.176
-6.372
-6.809
-7.342
-7.721
-7.787
-7.562
-7.276
-7.118
-7.025
-6.857
-6.571
-6.215
-5.9
-5.82
-6.015
-6.21
-6.122
-5.755
-5.378
-5.28
-5.482
-5.818
-6.072
-6.088
-5.913
-5.632
-5.301
-4.938
-4.482
-3.994
-3.69
-3.67
-3.733
-3.706
-3.629
-3.527
-3.377
-3.178
-2.887
-2.474
-2.055
-1.705
-1.406
-1.288
-1.444
-1.658
-1.619
-1.293
-0.816
-0.395
-0.161
-0.09
-0.077
-0.056
-0.063
-0.172
-0.333
-0.34
-0.136
0.043
-0.004
-0.229
-0.451
-0.612
-0.791
-1.107
-1.501
-1.817
-1.971
-1.899
-1.554
-1.125
-0.907
-0.982
-1.166
-1.282
-1.302
-1.334
-1.386
-1.336
-1.107
-0.762
-0.424
-0.263
-0.388
-0.732
-1.147
-1.499
-1.851
-2.316
-2.817
-3.055
-2.865
-2.459
-2.146
-1.969
-1.776
-1.492
-1.331
-1.551
-2.005
-2.282
-2.289
-2.234
-2.198
-2.009
-1.526
-0.894
-0.374
-0.077
-0.02
-0.063
0.111
0.535
0.871
0.982
1.184
1.678
2.191
2.445
2.477
2.531
2.781
3.178
3.556
3.813
4.108
4.561
4.931
4.908
4.568
4.26
4.196
4.353
4.584
4.892
5.412
6.165
6.784
6.895
6.566
6.188
5.863
5.509
5.201
5.176
5.58
6.294
6.979
7.297
7.22
7.006
6.891
6.782
6.381
5.761
5.303
5.11
4.929
4.627
4.303
4.035
3.887
3.838
3.817
3.792
3.935
4.291
4.532
4.43
4.058
3.602
3.2
2.84
2.432
2.017
1.803
1.932
2.307
2.645
2.683
2.474
2.175
1.774
1.288
0.791
0.351
0.084
0.111
0.308
0.374
0.247
0.022
-0.367
-0.918
-1.524
-2.089
-2.583
-2.894
-2.937
-2.858
-2.754
-2.631
-2.502
-2.443
-2.465
-2.511
-2.486
-2.445
-2.463
-2.47
-2.44
-2.463
-2.545
-2.636
-2.824
-3.123
-3.298
-3.27
-3.209
-3.119
-2.962
-2.801
-2.667
-2.588
-2.697
-2.948
-3.189
-3.307
-3.253
-3.005
-2.667
-2.327
-2.075
-1.964
-1.926
-1.899
-1.907
-1.878
-1.701
-1.4
-1.043
-0.617
-0.118
0.294
0.431
0.27
-0.061
-0.395
-0.508
-0.406
-0.247
-0.111
0.147
0.617
1.168
1.558
1.739
1.88
2.141
2.563
2.962
3.153
3.189
3.361
3.738
3.983
3.879
3.613
3.454
3.466
3.654
3.969
4.33
4.684
5.056
5.371
5.516
5.5
5.462
5.512
5.609
5.745
5.959
6.16
6.242
6.226
6.217
6.206
6.074
5.856
5.641
5.407
5.262
5.273
5.357
5.308
5.18
5.113
5.038
4.942
4.831
4.727
4.555
4.187
3.659
3.266
3.078
2.84
2.588
2.538
2.692
2.792
2.729
2.649
2.631
2.354
1.54
0.599
0.09
0.045
0.093
0.177
0.41
0.714
0.841
0.651
0.245
-0.229
-0.601
-0.875
-1.198
-1.545
-1.837
-2.116
-2.266
-2.162
-2.177
-2.52
-2.826
-2.865
-2.903
-3.098
-3.203
-3.078
-2.948
-3.032
-3.114
-3.042
-2.955
-2.935
-2.862
-2.729
-2.774
-3.055
-3.346
-3.493
-3.643
-3.854
-4.047
-4.06
-3.725
-3.089
-2.406
-1.778
-1.22
-0.859
-0.819
-1.088
-1.486
-1.808
-1.939
-1.781
-1.377
-0.987
-0.735
-0.451
-0.045
0.294
0.481
0.628
0.776
0.909
1.109
1.306
1.295
1.259
1.442
1.667
1.751
1.803
1.941
2.198
2.59
3.055
3.393
3.497
3.552
3.758
3.951
3.956
3.94
4.081
4.289
4.5
4.799
5.21
5.475
5.423
5.239
5.031
4.704
4.382
4.362
4.541
4.643
4.681
4.883
5.228
5.444
5.38
5.226
5.183
5.29
5.426
5.317
4.945
4.561
4.296
4.119
3.94
3.749
3.661
3.742
3.944
4.262
4.62
4.684
4.273
3.659
3.044
2.432
1.874
1.481
1.345
1.404
1.556
1.758
1.93
1.889
1.542
1.08
0.701
0.392
0.059
-0.247
-0.363
-0.304
-0.381
-0.744
-1.107
-1.209
-1.08
-0.878
-0.635
-0.415
-0.336
-0.481
-0.825
-1.245
-1.697
-2.146
-2.445
-2.454
-2.366
-2.449
-2.636
-2.685
-2.583
-2.486
-2.438
-2.447
-2.543
-2.729
-2.951
-3.162
-3.309
-3.314
-3.171
-2.942
-2.667
-2.447
-2.425
-2.515
-2.504
-2.486
-2.572
-2.667
-2.701
-2.79
-2.942
-3.032
-3.08
-3.078
-2.819
-2.275
-1.699
-1.284
-0.996
-0.741
-0.653
-0.878
-1.263
-1.554
-1.665
-1.658
-1.452
-0.903
-0.156
0.503
1.025
1.47
1.762
1.769
1.594
1.454
1.368
1.27
1.152
1.225
1.538
1.846
2.137
2.563
3.087
3.552
3.951
4.298
4.407
4.137
3.593
3.014
2.536
2.268
2.25
2.427
2.79
3.384
4.103
4.67
5.079
5.342
5.374
5.187
4.895
4.598
4.287
4.015
3.901
3.988
4.196
4.489
4.847
5.163
5.323
5.369
5.446
5.505
5.342
5.013
4.745
4.607
4.527
4.602
4.858
5.099
5.237
5.492
5.877
6.117
6.172
6.097
5.866
5.521
5.135
4.768
4.7
5.101
5.766
6.347
6.705
6.936
7.122
7.165
7.009
6.764
6.564
6.514
6.63
6.714
6.614
6.562
6.793
7.147
7.417
7.564
7.685
7.825
7.937
7.937
7.791
7.531
7.247
7.016
6.818
6.732
6.925
7.503
8.218
8.753
9.003
9.071
9
8.647
8
7.385
7.004
6.839
6.787
6.85
7.172
7.762
8.465
9.055
9.377
9.418
9.334
9.279
9.166
8.794
8.363
8.227
8.322
8.288
8.048
7.975
8.268
8.807
9.348
9.692
9.837
9.915
9.921
9.713
9.241
8.642
8.215
8.154
8.361
8.635
8.955
9.37
9.817
10.076
10.094
9.996
9.856
9.654
9.388
9.016
8.588
8.215
7.891
7.583
7.381
7.354
7.508
7.796
8.082
8.209
8.089
7.764
7.29
6.63
5.909
5.364
5.015
4.75
4.641
4.765
5.088
5.439
5.689
5.713
5.412
4.838
4.182
3.5
2.776
2.159
1.812
1.787
1.912
1.989
1.989
2.048
2.223
2.295
2.091
1.585
0.966
0.406
-0.138
-0.748
-1.245
-1.526
-1.651
-1.549
-1.17
-0.685
-0.261
0.177
0.547
0.583
0.181
-0.395
-0.982
-1.64
-2.282
-2.622
-2.538
-2.093
-1.454
-0.721
0.077
0.712
1.029
1.15
1.095
0.787
0.297
-0.127
-0.258
-0.165
-0.031
0.22
0.685
1.17
1.54
1.81
1.916
1.848
1.848
2.112
2.457
2.651
2.731
2.969
3.38
3.79
4.178
4.557
4.684
4.468
4.187
4.119
4.137
4.04
4.026
4.332
4.759
5.09
5.412
5.727
5.943
6.117
6.376
6.576
6.591
6.555
6.514
6.408
6.251
6.183
6.337
6.718
7.172
7.472
7.56
7.626
7.769
7.823
7.662
7.406
7.299
7.32
7.247
7.065
6.964
7.009
7.102
7.077
6.818
6.453
6.274
6.306
6.283
6.056
5.843
5.814
5.92
5.988
5.779
5.264
4.752
4.425
4.153
3.872
3.702
3.742
3.901
3.981
3.87
3.586
3.264
2.967
2.608
2.164
1.874
1.996
2.42
2.785
2.935
2.971
2.987
2.794
2.175
1.334
0.608
0.073
-0.261
-0.304
-0.081
0.208
0.506
0.83
1.048
0.955
0.594
0.199
-0.036
-0.172
-0.294
-0.37
-0.435
-0.73
-1.302
-1.815
-1.958
-1.81
-1.581
-1.236
-0.667
-0.056
0.379
0.483
0.154
-0.544
-1.313
-1.869
-2.127
-2.2
-2.061
-1.522
-0.592
0.376
1.012
1.218
1.161
0.98
0.689
0.277
-0.138
-0.424
-0.533
-0.494
-0.315
-0.002
0.329
0.614
0.857
0.989
1.057
1.284
1.672
1.899
1.882
1.848
1.83
1.717
1.474
1.265
1.347
1.812
2.527
3.221
3.677
3.872
3.938
3.974
3.904
3.624
3.352
3.298
3.452
3.749
4.151
4.593
5.006
5.301
5.364
5.172
4.845
4.434
4.008
3.754
3.679
3.672
3.711
3.79
3.842
3.915
4.128
4.462
4.822
5.067
5.079
4.881
4.57
4.171
3.652
2.978
2.257
1.746
1.594
1.71
1.905
2.12
2.345
2.432
2.282
1.882
1.293
0.614
-0.159
-1.025
-1.733
-2.037
-1.989
-1.817
-1.608
-1.408
-1.338
-1.345
-1.433
-1.821
-2.556
-3.354
-3.808
-3.806
-3.656
-3.715
-3.833
-3.708
-3.411
-3.241
-3.298
-3.445
-3.529
-3.525
-3.552
-3.772
-4.137
-4.353
-4.185
-3.777
-3.523
-3.561
-3.611
-3.416
-3.101
-2.946
-3.012
-3.039
-2.855
-2.624
-2.685
-2.987
-3.175
-3.028
-2.617
-2.066
-1.529
-1.059
-0.592
-0.109
0.24
0.294
0.168
0.177
0.454
0.859
1.17
1.404
1.796
2.386
2.889
3.08
2.998
2.803
2.545
2.23
2.068
2.238
2.583
2.942
3.454
4.128
4.618
4.779
4.802
4.786
4.647
4.459
4.371
4.416
4.559
4.824
5.197
5.507
5.711
5.827
5.947
6.165
6.414
6.524
6.471
6.455
6.566
6.669
6.625
6.539
6.526
6.583
6.673
6.829
6.998
7.104
7.206
7.322
7.315
7.122
6.802
6.433
6.195
6.254
6.585
7.002
7.32
7.519
7.71
8.002
8.324
8.56
8.731
8.901
9.064
9.171
9.125
8.846
8.465
8.175
7.952
7.755
7.687
7.798
8.175
8.851
9.556
9.864
9.64
9.032
8.22
7.419
6.78
6.283
5.968
5.938
6.147
6.469
6.766
6.855
6.768
6.644
6.462
6.056
5.516
5.049
4.772
4.74
4.967
5.251
5.357
5.231
4.933
4.616
4.332
4.044
3.733
3.461
3.295
3.248
3.228
3.132
2.987
2.81
2.567
2.393
2.457
2.667
2.865
3.028
3.144
3.119
2.819
2.236
1.542
0.998
0.776
0.898
1.164
1.429
1.837
2.445
3.105
3.42
3.228
2.783
2.345
1.896
1.402
0.948
0.648
0.637
0.828
0.993
1.129
1.374
1.658
1.871
2.014
2.078
2.039
1.982
2.007
1.937
1.567
1.116
0.973
1.275
1.789
2.227
2.656
3.219
3.763
4.037
3.963
3.575
2.987
2.384
1.987
1.846
1.951
2.373
3.094
3.904
4.627
5.133
5.287
5.106
4.774
4.266
3.575
2.962
2.579
2.37
2.311
2.42
2.676
3.091
3.509
3.777
3.971
4.189
4.275
4.04
3.541
3.03
2.654
2.366
2.173
2.107
2.259
2.695
3.357
4.008
4.439
4.584
4.473
4.214
3.84
3.309
2.776
2.386
2.191
2.388
2.924
3.468
3.86
4.108
4.201
4.053
3.647
3.007
2.304
1.728
1.32
1.111
1.098
1.234
1.526
1.903
2.263
2.638
2.939
3.012
2.903
2.706
2.406
2.005
1.651
1.492
1.522
1.624
1.819
2.241
2.819
3.287
3.502
3.461
3.187
2.744
2.232
1.717
1.236
0.887
0.737
0.798
1.048
1.406
1.823
2.273
2.624
2.733
2.629
2.508
2.427
2.275
2.109
2.155
2.406
2.701
2.971
3.241
3.489
3.697
3.806
3.706
3.388
2.867
2.282
1.905
1.789
1.703
1.558
1.515
1.672
1.91
2.109
2.257
2.293
2.162
1.966
1.76
1.352
0.68
-0.014
-0.488
-0.671
-0.648
-0.49
-0.17
0.261
0.721
1.139
1.429
1.449
1.191
0.78
0.267
-0.294
-0.807
-1.12
-1.252
-1.286
-1.27
-1.179
-0.991
-0.737
-0.528
-0.614
-1.063
-1.545
-1.762
-1.848
-2.03
-2.32
-2.563
-2.59
-2.409
-2.214
-2.148
-2.186
-2.182
-2.12
-2.098
-2.223
-2.554
-3.021
-3.405
-3.568
-3.602
-3.64
-3.636
-3.47
-3.078
-2.545
-2.148
-2.098
-2.348
-2.767
-3.307
-3.944
-4.57
-5.067
-5.364
-5.319
-4.892
-4.328
-3.924
-3.786
-3.756
-3.72
-3.725
-3.804
-3.935
-4.16
-4.445
-4.659
-4.845
-5.126
-5.426
-5.485
-5.212
-4.788
-4.342
-3.842
-3.391
-3.2
-3.316
-3.749
-4.398
-5.02
-5.473
-5.779
-5.954
-5.861
-5.435
-4.793
-4.253
-3.988
-3.974
-4.189
-4.555
-5.004
-5.589
-6.242
-6.818
-7.102
-6.959
-6.521
-5.922
-5.149
-4.373
-3.883
-3.752
-3.863
-4.196
-4.673
-5.106
-5.464
-5.807
-6.077
-6.067
-5.793
-5.342
-4.693
-3.881
-3.13
-2.74
-2.865
-3.357
-4.051
-4.899
-5.738
-6.444
-6.939
-7.099
-6.671
-5.661
-4.491
-3.688
-3.38
-3.427
-3.808
-4.559
-5.492
-6.315
-6.972
-7.32
-7.19
-6.576
-5.791
-5.147
-4.57
-3.981
-3.62
-3.786
-4.253
-4.668
-5.115
-5.741
-6.274
-6.428
-6.396
-6.381
-6.224
-5.784
-5.305
-5.033
-4.942
-5.004
-5.249
-5.625
-5.981
-6.242
-6.406
-6.503
-6.496
-6.247
-5.732
-5.085
-4.629
-4.534
-4.709
-5.01
-5.328
-5.521
-5.494
-5.296
-5.038
-4.736
-4.339
-3.969
-3.833
-3.913
-3.983
-4.033
-4.226
-4.591
-5.001
-5.342
-5.55
-5.673
-5.755
-5.838
-5.934
-6.047
-6.181
-6.335
-6.473
-6.564
-6.591
-6.569
-6.632
-6.818
-7.027
-7.109
-7.099
-7.063
-7.006
-6.943
-6.907
-6.972
-7.147
-7.408
-7.621
-7.692
-7.635
-7.637
-7.744
-7.817
-7.825
-7.903
-8.145
-8.569
-9.037
-9.336
-9.495
-9.622
-9.633
-9.402
-8.969
-8.467
-8.002
-7.744
-7.825
-8.159
-8.628
-9.123
-9.495
-9.62
-9.456
-9.114
-8.714
-8.318
-7.932
-7.603
-7.385
-7.279
-7.27
-7.351
-7.453
-7.574
-7.76
-8.002
-8.059
-7.755
-7.311
-7.002
-6.809
-6.6
-6.374
-6.26
-6.313
-6.378
-6.431
-6.58
-6.716
-6.662
-6.41
-5.947
-5.201
-4.255
-3.489
-3.11
-3.06
-3.196
-3.489
-3.874
-4.137
-4.205
-4.182
-4.069
-3.634
-2.889
-2.196
-1.697
-1.29
-1.021
-1.004
-1.161
-1.334
-1.608
-1.991
-2.177
-1.973
-1.562
-1.1
-0.515
0.258
0.989
1.363
1.404
1.383
1.299
0.991
0.537
0.159
-0.038
-0.009
0.24
0.73
1.508
2.545
3.666
4.5
4.77
4.634
4.439
4.26
3.935
3.443
2.946
2.729
2.869
3.18
3.466
3.883
4.625
5.346
5.478
5.076
4.641
4.384
4.106
3.729
3.457
3.439
3.67
3.994
4.196
4.262
4.362
4.509
4.593
4.484
4.121
3.679
3.452
3.464
3.509
3.506
3.554
3.727
3.901
3.919
3.824
3.769
3.679
3.348
2.819
2.361
2.127
1.926
1.592
1.268
1.102
1.139
1.259
1.304
1.243
1.134
1.018
0.794
0.315
-0.317
-0.8
-0.939
-0.83
-0.707
-0.648
-0.547
-0.288
-0.077
-0.104
-0.238
-0.304
-0.292
-0.267
-0.311
-0.356
-0.279
-0.036
0.288
0.467
0.456
0.44
0.517
0.558
0.471
0.349
0.356
0.583
0.896
1.071
1.129
1.198
1.263
1.172
0.864
0.444
0.208
0.412
1.057
1.81
2.322
2.642
2.946
3.15
3.049
2.613
2.087
1.746
1.613
1.529
1.463
1.524
1.801
2.277
2.808
3.141
3.184
3.089
2.876
2.481
1.989
1.583
1.386
1.365
1.324
1.129
1.007
1.191
1.531
1.742
1.821
1.939
2.021
1.855
1.508
1.143
0.751
0.438
0.454
0.966
1.73
2.368
2.765
3.042
3.116
2.858
2.463
2.164
1.842
1.402
0.984
0.724
0.592
0.53
0.594
0.805
1.147
1.587
2.041
2.422
2.704
2.796
2.651
2.322
1.939
1.699
1.601
1.386
0.987
0.628
0.499
0.653
1.021
1.524
1.964
2.175
2.223
2.293
2.289
2.107
2.007
2.189
2.561
2.935
3.11
3.044
2.819
2.493
2.227
2.091
1.941
1.73
1.576
1.545
1.715
2.066
2.436
2.726
2.958
3.082
3.06
3.007
2.955
2.838
2.599
2.363
2.263
2.261
2.273
2.243
2.198
2.191
2.252
2.395
2.617
2.799
2.801
2.747
2.788
2.788
2.595
2.384
2.32
2.4
2.617
2.912
3.166
3.262
3.253
3.253
3.307
3.348
3.243
2.985
2.706
2.422
2.105
1.935
2.046
2.336
2.676
3.001
3.257
3.423
3.45
3.323
3.087
2.889
2.751
2.488
1.907
1.116
0.542
0.447
0.769
1.311
1.907
2.427
2.744
2.678
2.261
1.717
1.17
0.714
0.426
0.254
0.138
0.079
0.095
0.168
0.254
0.313
0.358
0.326
0.197
0.075
-0.043
-0.263
-0.551
-0.825
-1.075
-1.263
-1.302
-1.15
-0.778
-0.397
-0.211
-0.222
-0.399
-0.744
-1.261
-1.801
-2.214
-2.472
-2.631
-2.674
-2.518
-2.162
-1.771
-1.524
-1.515
-1.739
-2.171
-2.769
-3.354
-3.822
-4.13
-4.14
-3.822
-3.416
-3.146
-3.001
-2.817
-2.577
-2.461
-2.549
-2.724
-2.899
-3.105
-3.375
-3.708
-4.053
-4.305
-4.403
-4.224
-3.817
-3.398
-3.001
-2.563
-2.245
-2.273
-2.549
-2.96
-3.425
-3.777
-3.971
-4.028
-3.82
-3.264
-2.481
-1.808
-1.542
-1.583
-1.76
-2.05
-2.454
-2.889
-3.264
-3.513
-3.613
-3.697
-3.792
-3.774
-3.541
-3.128
-2.695
-2.352
-2.116
-1.998
-2.009
-2.175
-2.592
-3.173
-3.708
-4.142
-4.489
-4.723
-4.731
-4.409
-3.863
-3.45
-3.373
-3.624
-4.078
-4.527
-5.031
-5.711
-6.301
-6.424
-6.163
-5.795
-5.414
-4.988
-4.654
-4.561
-4.736
-5.094
-5.58
-6.101
-6.544
-6.855
-7.048
-7.097
-7.045
-7.013
-7.113
-7.274
-7.276
-6.947
-6.455
-6.172
-6.267
-6.562
-6.787
-6.991
-7.39
-7.948
-8.318
-8.322
-8.038
-7.687
-7.446
-7.326
-7.204
-7.018
-6.947
-7.197
-7.712
-8.291
-8.739
-8.955
-8.944
-8.721
-8.297
-7.719
-7.118
-6.657
-6.419
-6.426
-6.659
-7.043
-7.488
-7.857
-8.107
-8.268
-8.277
-8.048
-7.633
-7.206
-6.918
-6.725
-6.583
-6.512
-6.535
-6.517
-6.414
-6.485
-6.757
-6.927
-6.877
-6.757
-6.648
-6.517
-6.322
-6.106
-5.956
-5.934
-5.972
-5.984
-6.058
-6.276
-6.583
-6.855
-6.993
-7.004
-6.846
-6.48
-5.932
-5.273
-4.702
-4.452
-4.625
-5.022
-5.319
-5.455
-5.661
-6.038
-6.431
-6.653
-6.746
-6.868
-7.013
-7.082
-6.952
-6.614
-6.231
-6.027
-5.925
-5.823
-5.841
-6.074
-6.453
-6.85
-7.111
-7.156
-7.011
-6.694
-6.283
-5.907
-5.711
-5.816
-6.285
-7.072
-7.982
-8.796
-9.4
-9.733
-9.663
-9.098
-8.279
-7.628
-7.252
-6.927
-6.619
-6.587
-6.947
-7.476
-7.93
-8.261
-8.504
-8.726
-8.925
-8.987
-8.905
-8.728
-8.463
-8.141
-7.93
-7.844
-7.766
-7.73
-7.807
-7.989
-8.215
-8.415
-8.533
-8.542
-8.431
-8.236
-7.996
-7.796
-7.676
-7.689
-7.841
-8.093
-8.358
-8.642
-8.88
-8.835
-8.449
-7.95
-7.433
-6.866
-6.389
-6.149
-6.111
-6.188
-6.31
-6.465
-6.598
-6.625
-6.555
-6.396
-6.117
-5.836
-5.768
-5.825
-5.8
-5.659
-5.544
-5.534
-5.523
-5.457
-5.48
-5.652
-5.932
-6.265
-6.555
-6.671
-6.621
-6.462
-6.212
-5.784
-5.185
-4.686
-4.57
-4.847
-5.317
-5.834
-6.254
-6.555
-6.712
-6.578
-6.12
-5.428
-4.72
-4.219
-4.022
-4.053
-4.235
-4.605
-5.113
-5.646
-6.106
-6.462
-6.753
-6.964
-7.029
-6.975
-6.812
-6.591
-6.355
-6.092
-5.836
-5.759
-5.922
-6.251
-6.659
-6.975
-7.036
-6.959
-6.925
-6.843
-6.541
-6.04
-5.564
-5.294
-5.249
-5.355
-5.514
-5.646
-5.713
-5.72
-5.702
-5.702
-5.716
-5.659
-5.509
-5.337
-5.335
-5.65
-6.113
-6.401
-6.34
-6.149
-6.09
-6.183
-6.183
-5.949
-5.587
-5.426
-5.566
-5.641
-5.36
-4.881
-4.548
-4.541
-4.777
-4.999
-5.029
-4.875
-4.632
-4.434
-4.353
-4.291
-4.071
-3.765
-3.554
-3.545
-3.695
-3.879
-3.983
-4.051
-4.196
-4.575
-5.072
-5.298
-5.14
-4.838
-4.605
-4.416
-4.099
-3.529
-2.885
-2.465
-2.465
-2.862
-3.287
-3.361
-3.234
-3.266
-3.434
-3.402
-3.01
-2.363
-1.724
-1.234
-0.864
-0.513
-0.191
-0.107
-0.358
-0.76
-1.223
-1.764
-2.354
-2.858
-3.087
-2.973
-2.683
-2.354
-1.966
-1.438
-0.823
-0.39
-0.395
-0.889
-1.522
-1.892
-1.912
-1.762
-1.542
-1.313
-1.084
-0.739
-0.236
0.077
-0.147
-0.653
-0.903
-0.823
-0.717
-0.744
-0.769
-0.594
-0.236
0.134
0.442
0.639
0.687
0.631
0.637
0.732
0.832
0.878
0.787
0.562
0.456
0.614
0.855
0.991
1.159
1.587
2.27
2.951
3.434
3.67
3.824
4.01
4.114
4.053
3.908
3.845
4.001
4.414
4.863
5.144
5.396
5.654
5.716
5.612
5.553
5.557
5.482
5.273
5.099
5.072
5.138
5.185
5.197
5.158
5.183
5.396
5.686
5.802
5.702
5.566
5.521
5.485
5.351
5.14
4.986
5.013
5.296
5.777
6.322
6.9
7.472
7.762
7.472
6.773
6.077
5.514
5.038
4.713
4.668
4.793
4.999
5.253
5.41
5.287
4.936
4.602
4.325
3.956
3.518
3.253
3.293
3.52
3.677
3.688
3.742
3.854
3.863
3.736
3.525
3.216
2.79
2.327
1.894
1.465
0.937
0.424
0.159
0.238
0.471
0.642
0.76
0.866
0.773
0.292
-0.478
-1.27
-1.971
-2.69
-3.405
-3.808
-3.708
-3.27
-2.774
-2.384
-2.061
-1.828
-1.857
-2.241
-2.774
-3.175
-3.418
-3.582
-3.663
-3.548
-3.189
-2.645
-2.061
-1.646
-1.39
-1.17
-1.004
-1
-1.184
-1.442
-1.69
-1.923
-2.017
-1.844
-1.474
-1.002
-0.463
0.093
0.463
0.606
0.648
0.542
0.22
-0.195
-0.456
-0.481
-0.313
0.043
0.56
1.186
1.951
2.733
3.259
3.427
3.393
3.253
2.894
2.395
2.084
2.009
2.009
2.096
2.429
3.005
3.627
4.11
4.445
4.67
4.734
4.609
4.346
3.953
3.509
3.284
3.402
3.652
3.883
4.162
4.577
5.022
5.312
5.249
4.863
4.421
4.069
3.683
3.189
2.747
2.626
2.819
3.071
3.293
3.57
3.847
3.94
3.788
3.459
3.105
2.785
2.461
2.123
1.812
1.642
1.667
1.794
1.921
1.991
1.946
1.901
1.935
1.808
1.299
0.583
0.036
-0.224
-0.404
-0.574
-0.648
-0.596
-0.492
-0.351
-0.213
-0.143
-0.165
-0.297
-0.555
-0.923
-1.309
-1.585
-1.683
-1.653
-1.581
-1.483
-1.324
-1.145
-1.159
-1.368
-1.535
-1.594
-1.651
-1.758
-1.885
-1.948
-1.851
-1.699
-1.692
-1.848
-1.971
-1.964
-1.991
-2.114
-2.227
-2.28
-2.316
-2.345
-2.352
-2.381
-2.44
-2.477
-2.481
-2.486
-2.508
-2.438
-2.177
-1.848
-1.556
-1.24
-0.871
-0.528
-0.317
-0.261
-0.24
-0.206
-0.172
-0.193
-0.313
-0.485
-0.549
-0.442
-0.24
0.113
0.689
1.324
1.771
2.012
2.146
2.141
1.871
1.424
1.098
1.066
1.315
1.742
2.255
2.692
3.03
3.357
3.529
3.373
2.948
2.479
2.103
1.93
1.96
2.084
2.309
2.799
3.575
4.362
4.781
4.768
4.588
4.373
4.008
3.509
3.076
2.826
2.69
2.704
2.894
3.082
3.169
3.253
3.425
3.568
3.516
3.225
2.726
2.082
1.503
1.12
0.884
0.794
0.93
1.254
1.635
1.989
2.202
2.202
2.041
1.837
1.656
1.318
0.717
0.027
-0.533
-0.853
-0.903
-0.648
-0.095
0.631
1.336
1.819
1.84
1.306
0.381
-0.621
-1.61
-2.59
-3.282
-3.457
-3.073
-2.415
-1.844
-1.513
-1.315
-1.27
-1.585
-2.238
-2.833
-3.105
-3.18
-3.153
-2.906
-2.556
-2.332
-2.118
-1.801
-1.583
-1.669
-1.894
-1.935
-1.826
-1.985
-2.513
-3.03
-3.273
-3.309
-3.187
-2.779
-2.123
-1.431
-0.887
-0.522
-0.467
-0.977
-1.86
-2.69
-3.293
-3.622
-3.584
-3.212
-2.756
-2.336
-1.889
-1.404
-1.05
-0.962
-1.109
-1.282
-1.411
-1.508
-1.574
-1.572
-1.444
-1.15
-0.724
-0.372
-0.24
-0.272
-0.254
-0.027
0.36
0.751
1.004
1.055
0.871
0.41
-0.326
-1.066
-1.427
-1.347
-1.034
-0.628
-0.09
0.447
0.669
0.496
0.174
-0.038
-0.277
-0.562
-0.542
-0.14
0.247
0.338
0.233
0.084
0
-0.002
0.073
0.1
-0.07
-0.199
0.063
0.576
0.751
0.508
0.249
0.24
0.288
0.12
-0.05
0.02
0.267
0.513
0.612
0.415
0.088
0.052
0.336
0.544
0.496
0.456
0.698
1.263
1.864
2.257
2.457
2.545
2.486
2.143
1.594
1.093
0.964
1.216
1.705
2.293
2.985
3.727
4.3
4.516
4.473
4.359
4.187
3.988
3.901
4.008
4.241
4.473
4.629
4.639
4.525
4.389
4.462
4.788
5.187
5.637
6.235
6.846
7.12
6.925
6.446
5.886
5.346
5.031
5.16
5.757
6.608
7.424
8.002
8.222
8.109
7.862
7.635
7.385
7.134
7.093
7.465
8.168
8.88
9.3
9.418
9.388
9.247
8.973
8.665
8.596
8.871
9.293
9.645
9.894
10.058
10.026
9.833
9.717
9.824
10.137
10.568
11.058
11.457
11.597
11.459
11.117
10.597
9.933
9.379
9.268
9.713
10.543
11.452
12.294
13
13.349
13.154
12.543
11.797
11.083
10.543
10.298
10.35
10.552
10.806
11.14
11.618
12.115
12.36
12.244
11.924
11.6
11.328
11.024
10.572
10.13
9.869
9.726
9.554
9.361
9.184
9.046
9.016
9.037
9.048
9.003
8.815
8.501
8.118
7.608
6.934
6.263
5.816
5.553
5.276
5.02
4.911
4.868
4.675
4.271
3.747
3.284
2.99
2.858
2.767
2.615
2.422
2.214
1.894
1.363
0.773
0.356
0.193
0.111
0.009
-0.118
-0.281
-0.551
-0.921
-1.349
-1.774
-2.139
-2.491
-2.763
-2.788
-2.477
-2.023
-1.665
-1.531
-1.554
-1.683
-1.989
-2.447
-2.939
-3.359
-3.529
-3.316
-2.824
-2.282
-1.833
-1.467
-1.184
-1.082
-1.164
-1.413
-1.769
-2.08
-2.216
-2.218
-2.164
-1.932
-1.4
-0.658
0.077
0.673
1.164
1.545
1.798
1.901
1.701
1.322
1.08
1.055
1.05
1.059
1.329
1.969
2.835
3.686
4.375
4.895
5.283
5.482
5.376
4.961
4.602
4.652
5.062
5.473
5.743
6.109
6.641
7.082
7.222
7.09
6.839
6.646
6.585
6.473
6.278
6.251
6.589
7.088
7.546
7.923
8.161
8.188
8.048
7.741
7.233
6.58
5.993
5.725
5.713
5.713
5.777
5.988
6.188
6.263
6.219
6.006
5.614
5.135
4.709
4.414
4.244
4.14
4.01
3.879
3.838
3.774
3.575
3.352
3.225
3.132
2.933
2.622
2.327
2.209
2.141
1.973
1.762
1.631
1.562
1.513
1.452
1.32
1.071
0.724
0.381
0.029
-0.365
-0.68
-0.791
-0.728
-0.612
-0.508
-0.406
-0.32
-0.39
-0.712
-1.105
-1.341
-1.501
-1.665
-1.724
-1.606
-1.338
-1.055
-0.964
-1.12
-1.356
-1.533
-1.678
-1.846
-1.978
-1.962
-1.764
-1.513
-1.304
-1.109
-0.862
-0.528
-0.208
-0.027
0.034
0.075
0.113
0.073
-0.159
-0.494
-0.673
-0.705
-0.705
-0.574
-0.154
0.458
1.166
1.846
2.273
2.318
2.034
1.59
1.116
0.735
0.653
1.018
1.613
2.184
2.737
3.289
3.699
3.811
3.504
2.855
2.198
1.783
1.592
1.508
1.615
2.078
2.849
3.686
4.38
4.854
5.062
4.963
4.684
4.407
4.142
3.811
3.484
3.337
3.405
3.452
3.427
3.511
3.797
4.176
4.532
4.829
4.92
4.563
3.747
2.865
2.32
2.177
2.28
2.465
2.647
2.862
3.082
3.166
2.98
2.486
1.812
1.238
0.796
0.274
-0.254
-0.522
-0.435
-0.161
0.17
0.555
0.875
0.921
0.583
-0.045
-0.755
-1.454
-2.053
-2.459
-2.704
-2.842
-2.889
-2.765
-2.518
-2.304
-2.134
-1.939
-1.769
-1.744
-2.019
-2.59
-3.234
-3.729
-3.967
-4.096
-4.239
-4.357
-4.273
-3.913
-3.413
-3.012
-2.917
-3.153
-3.523
-3.904
-4.182
-4.278
-4.192
-3.951
-3.64
-3.28
-2.79
-2.263
-1.896
-1.742
-1.774
-1.964
-2.227
-2.411
-2.39
-2.223
-1.962
-1.481
-0.841
-0.406
-0.381
-0.442
-0.277
-0.011
0.097
0.104
0.193
0.274
0.231
0.247
0.401
0.612
0.873
1.179
1.393
1.413
1.402
1.585
1.899
2.109
2.166
2.204
2.291
2.422
2.545
2.626
2.758
3.076
3.482
3.736
3.733
3.565
3.468
3.552
3.738
3.953
4.117
4.13
4.087
4.106
4.133
4.099
3.997
3.845
3.688
3.611
3.681
3.806
3.892
4.089
4.536
5.06
5.335
5.237
5.015
4.913
4.906
4.897
4.911
4.922
4.961
5.133
5.355
5.507
5.634
5.8
5.997
6.043
5.72
5.158
4.691
4.473
4.344
4.092
3.706
3.439
3.649
4.337
5.149
5.829
6.406
6.852
6.977
6.573
5.72
4.729
3.988
3.74
3.997
4.496
4.997
5.519
6.045
6.342
6.299
6.106
5.974
5.804
5.473
5.203
5.183
5.321
5.466
5.464
5.29
4.99
4.779
4.731
4.67
4.552
4.618
4.89
4.986
4.729
4.307
3.967
3.933
4.305
4.879
5.258
5.305
5.273
5.339
5.278
4.868
4.21
3.629
3.416
3.472
3.582
3.756
4.119
4.559
4.849
4.829
4.504
4.096
3.811
3.666
3.631
3.577
3.427
3.318
3.284
3.169
2.939
2.799
2.887
2.933
2.726
2.499
2.531
2.74
2.892
2.928
2.799
2.565
2.429
2.459
2.552
2.779
3.18
3.561
3.659
3.425
2.99
2.536
2.118
1.71
1.377
1.334
1.674
2.241
2.701
2.894
2.978
3.085
3.069
2.704
2.064
1.549
1.456
1.722
2.08
2.327
2.506
2.779
3.166
3.443
3.391
3.057
2.737
2.629
2.681
2.785
2.917
3.094
3.323
3.548
3.693
3.74
3.742
3.769
3.851
4.008
4.092
3.965
3.747
3.5
3.214
3.053
3.164
3.502
3.872
4.16
4.448
4.725
4.793
4.561
4.171
3.795
3.523
3.398
3.459
3.649
3.926
4.235
4.428
4.289
3.933
3.613
3.393
3.264
3.219
3.282
3.439
3.6
3.718
3.797
3.738
3.584
3.516
3.459
3.237
2.948
2.833
2.935
3.11
3.16
3.039
2.855
2.674
2.583
2.583
2.611
2.638
2.774
3.051
3.289
3.248
3.026
2.865
2.869
3.003
3.132
3.214
3.237
3.144
2.967
2.855
2.713
2.432
2.218
2.289
2.572
2.912
3.189
3.352
3.361
3.194
2.908
2.529
2.103
1.733
1.503
1.511
1.842
2.388
2.819
3.028
3.119
3.051
2.79
2.434
2.08
1.837
1.758
1.851
2.105
2.381
2.493
2.513
2.626
2.722
2.579
2.309
2.159
2.087
1.887
1.585
1.231
0.928
0.773
0.828
1.023
1.198
1.309
1.447
1.608
1.579
1.302
0.923
0.635
0.544
0.551
0.53
0.537
0.717
1.014
1.254
1.288
1.109
0.814
0.431
-0.034
-0.544
-1.007
-1.24
-1.166
-0.934
-0.687
-0.456
-0.267
-0.124
-0.084
-0.202
-0.406
-0.567
-0.707
-0.984
-1.501
-2.053
-2.377
-2.472
-2.457
-2.373
-2.13
-1.767
-1.449
-1.306
-1.327
-1.495
-1.808
-2.068
-2.241
-2.484
-2.729
-2.737
-2.531
-2.39
-2.452
-2.574
-2.647
-2.749
-2.928
-3.196
-3.529
-3.725
-3.668
-3.489
-3.295
-3.087
-2.912
-2.801
-2.799
-2.926
-3.139
-3.434
-3.758
-3.971
-4.081
-4.314
-4.715
-4.99
-5.02
-4.927
-4.7
-4.346
-4.04
-3.813
-3.579
-3.393
-3.477
-3.944
-4.668
-5.371
-5.827
-6.058
-6.092
-5.816
-5.233
-4.546
-3.901
-3.434
-3.298
-3.64
-4.257
-4.754
-4.965
-5.117
-5.258
-5.214
-4.967
-4.738
-4.709
-4.781
-4.795
-4.781
-4.736
-4.55
-4.305
-4.126
-4.024
-4.03
-4.203
-4.611
-5.088
-5.28
-5.147
-4.87
-4.561
-4.31
-4.148
-4.042
-4.101
-4.384
-4.693
-4.79
-4.695
-4.525
-4.393
-4.371
-4.366
-4.307
-4.192
-4.155
-4.332
-4.541
-4.555
-4.507
-4.588
-4.695
-4.693
-4.607
-4.493
-4.346
-4.169
-4.022
-3.967
-3.913
-3.779
-3.645
-3.561
-3.506
-3.511
-3.681
-3.942
-4.162
-4.296
-4.425
-4.588
-4.695
-4.602
-4.339
-4.037
-3.727
-3.436
-3.225
-3.108
-3.078
-3.2
-3.516
-3.931
-4.241
-4.382
-4.439
-4.482
-4.409
-4.162
-3.901
-3.718
-3.602
-3.543
-3.518
-3.525
-3.752
-4.339
-5.02
-5.498
-5.786
-5.911
-5.848
-5.632
-5.31
-5.031
-4.931
-4.999
-5.197
-5.534
-6.002
-6.501
-6.97
-7.301
-7.515
-7.587
-7.417
-7.075
-6.659
-6.195
-5.852
-5.829
-6.12
-6.576
-7.043
-7.551
-8.198
-8.837
-9.112
-8.996
-8.771
-8.565
-8.304
-7.878
-7.372
-7.063
-7.127
-7.467
-7.909
-8.417
-8.941
-9.343
-9.581
-9.638
-9.415
-8.912
-8.313
-7.798
-7.376
-7.063
-6.941
-7.038
-7.245
-7.469
-7.669
-7.775
-7.71
-7.488
-7.084
-6.451
-5.752
-5.305
-5.131
-5.104
-5.165
-5.339
-5.582
-5.809
-5.997
-6.067
-5.929
-5.637
-5.362
-4.986
-4.291
-3.382
-2.604
-2.162
-2.044
-2.196
-2.493
-2.754
-2.971
-3.198
-3.35
-3.237
-2.84
-2.39
-2.003
-1.585
-1.082
-0.651
-0.442
-0.454
-0.576
-0.751
-0.909
-0.875
-0.564
-0.061
0.449
0.889
1.206
1.467
1.776
2.03
2.014
1.796
1.604
1.556
1.633
1.635
1.479
1.501
1.987
2.772
3.43
3.779
4.015
4.283
4.555
4.65
4.428
4.064
3.931
4.042
4.178
4.241
4.298
4.516
4.87
5.144
5.208
5.133
5.119
5.147
5.079
4.945
4.82
4.763
4.886
5.185
5.407
5.457
5.521
5.768
6.038
6.072
5.888
5.711
5.646
5.584
5.301
4.895
4.74
4.904
5.144
5.36
5.578
5.745
5.823
5.804
5.668
5.391
5.056
4.713
4.332
3.901
3.472
3.13
2.958
2.962
3.021
3.028
3.082
3.191
3.173
2.91
2.538
2.186
1.857
1.535
1.22
0.95
0.848
0.896
0.912
0.88
0.882
0.896
0.962
1.107
1.295
1.379
1.313
1.159
1.009
0.869
0.637
0.306
0.084
0.045
0.059
0.09
0.172
0.349
0.551
0.689
0.837
1.066
1.193
1.091
0.873
0.78
0.803
0.717
0.515
0.492
0.703
0.941
1.129
1.288
1.461
1.646
1.844
2.037
2.143
2.098
1.919
1.685
1.456
1.277
1.125
0.962
1.025
1.508
2.098
2.291
2.186
2.118
2.107
2.025
1.833
1.626
1.597
1.817
2.034
2.057
1.935
1.874
2.059
2.334
2.404
2.241
2.05
1.987
1.985
1.899
1.753
1.733
1.951
2.28
2.44
2.386
2.307
2.356
2.497
2.611
2.561
2.37
2.356
2.52
2.533
2.406
2.461
2.674
2.878
3.098
3.316
3.334
3.094
2.733
2.472
2.37
2.32
2.42
2.724
2.939
2.969
3.023
3.146
3.035
2.676
2.518
2.638
2.642
2.334
1.958
1.823
2.007
2.393
2.769
2.978
3.039
3.057
3.019
2.794
2.263
1.737
1.649
1.926
2.2
2.388
2.543
2.583
2.506
2.352
2.266
2.327
2.354
2.252
2.184
2.166
2.109
2.127
2.236
2.289
2.277
2.422
2.783
3.078
3.08
2.914
2.796
2.817
2.939
2.835
2.422
2.089
2.132
2.381
2.656
2.894
3.096
3.332
3.563
3.62
3.45
3.219
3.026
2.83
2.549
2.241
2.173
2.413
2.636
2.565
2.368
2.32
2.436
2.572
2.678
2.79
2.928
3.039
3.001
2.681
2.168
1.726
1.492
1.431
1.574
1.774
1.874
1.971
2.202
2.484
2.64
2.558
2.127
1.349
0.383
-0.503
-1.036
-1.107
-0.8
-0.29
0.236
0.705
1.025
0.987
0.553
-0.036
-0.513
-0.778
-0.993
-1.39
-1.923
-2.236
-2.234
-2.134
-2.003
-1.783
-1.522
-1.313
-1.245
-1.39
-1.767
-2.307
-2.838
-3.216
-3.472
-3.622
-3.482
-2.998
-2.425
-2.003
-1.722
-1.576
-1.694
-2.216
-2.992
-3.817
-4.539
-4.97
-4.938
-4.611
-4.21
-3.693
-3.053
-2.518
-2.363
-2.642
-3.082
-3.407
-3.604
-3.788
-3.983
-4.169
-4.316
-4.452
-4.591
-4.677
-4.661
-4.523
-4.371
-4.246
-4.069
-3.824
-3.649
-3.72
-3.971
-4.264
-4.489
-4.645
-4.77
-4.911
-5.015
-4.886
-4.439
-3.931
-3.769
-3.946
-4.142
-4.167
-4.155
-4.3
-4.561
-4.659
-4.582
-4.521
-4.455
-4.387
-4.371
-4.319
-4.173
-4.024
-3.992
-4.083
-4.241
-4.482
-4.777
-4.988
-4.992
-4.774
-4.448
-4.251
-4.207
-4.099
-3.872
-3.788
-3.942
-4.169
-4.405
-4.711
-5.158
-5.748
-6.238
-6.301
-5.913
-5.457
-5.172
-5.008
-4.879
-4.836
-5.038
-5.534
-6.17
-6.657
-6.941
-7.252
-7.592
-7.657
-7.376
-7.016
-6.884
-7.05
-7.297
-7.404
-7.49
-7.751
-8.143
-8.476
-8.644
-8.728
-8.955
-9.427
-9.837
-9.881
-9.754
-9.74
-9.799
-9.735
-9.536
-9.352
-9.352
-9.588
-9.969
-10.304
-10.466
-10.55
-10.688
-10.649
-10.241
-9.592
-9.078
-8.896
-8.984
-9.143
-9.334
-9.645
-9.969
-10.116
-10.071
-9.851
-9.466
-9.137
-8.982
-8.851
-8.653
-8.424
-8.175
-7.918
-7.821
-7.882
-7.943
-7.962
-8.021
-8.041
-7.937
-7.723
-7.431
-7.118
-6.814
-6.471
-6.16
-6.058
-6.145
-6.219
-6.33
-6.573
-6.739
-6.578
-6.233
-5.938
-5.686
-5.389
-5.079
-4.913
-4.995
-5.28
-5.616
-5.893
-6.129
-6.317
-6.41
-6.419
-6.256
-5.932
-5.723
-5.752
-5.834
-5.927
-6.206
-6.662
-7.063
-7.331
-7.49
-7.558
-7.576
-7.544
-7.385
-6.989
-6.471
-6.138
-6.086
-6.222
-6.476
-6.8
-7.136
-7.567
-8.009
-8.306
-8.481
-8.676
-8.908
-9.039
-8.95
-8.746
-8.678
-8.765
-8.837
-8.916
-9.08
-9.295
-9.479
-9.611
-9.588
-9.441
-9.361
-9.434
-9.563
-9.608
-9.608
-9.708
-9.885
-10.028
-10.085
-10.105
-10.155
-10.282
-10.409
-10.488
-10.529
-10.55
-10.565
-10.568
-10.416
-10.089
-9.778
-9.699
-9.812
-9.903
-9.912
-9.992
-10.203
-10.436
-10.5
-10.336
-10.069
-9.867
-9.726
-9.454
-9.023
-8.655
-8.51
-8.522
-8.481
-8.284
-8.055
-7.943
-7.937
-7.912
-7.785
-7.56
-7.313
-7.068
-6.755
-6.376
-6.063
-5.879
-5.775
-5.718
-5.802
-6.045
-6.335
-6.526
-6.546
-6.306
-5.866
-5.48
-5.328
-5.36
-5.394
-5.355
-5.374
-5.489
-5.575
-5.541
-5.48
-5.573
-5.825
-5.997
-5.918
-5.603
-5.217
-4.974
-4.868
-4.677
-4.443
-4.445
-4.781
-5.235
-5.537
-5.716
-6.029
-6.458
-6.77
-6.905
-6.93
-6.943
-7.027
-7.206
-7.39
-7.417
-7.345
-7.304
-7.258
-7.111
-6.986
-7.059
-7.233
-7.329
-7.37
-7.501
-7.762
-7.979
-8.043
-7.952
-7.721
-7.505
-7.399
-7.292
-7.065
-6.768
-6.56
-6.498
-6.442
-6.394
-6.48
-6.682
-6.902
-7.211
-7.64
-7.955
-8.052
-8.009
-7.76
-7.301
-6.814
-6.406
-6.063
-5.791
-5.58
-5.482
-5.582
-5.764
-5.866
-5.879
-5.913
-5.988
-6.09
-6.088
-5.94
-5.679
-5.298
-4.883
-4.588
-4.459
-4.364
-4.185
-4.035
-4.078
-4.3
-4.568
-4.82
-5.029
-5.142
-5.119
-4.963
-4.65
-4.31
-4.11
-4.028
-4.017
-4.085
-4.232
-4.35
-4.314
-4.14
-4.005
-3.992
-3.994
-3.854
-3.59
-3.361
-3.228
-3.184
-3.209
-3.214
-3.078
-2.796
-2.502
-2.295
-2.098
-1.792
-1.427
-1.118
-0.957
-0.907
-0.903
-0.907
-0.934
-1.016
-1.157
-1.354
-1.554
-1.604
-1.511
-1.463
-1.554
-1.606
-1.44
-1.118
-0.869
-0.882
-1.227
-1.819
-2.368
-2.685
-2.808
-2.878
-2.921
-2.765
-2.352
-1.835
-1.393
-1.127
-1.039
-1.088
-1.184
-1.186
-1.202
-1.474
-1.944
-2.245
-2.241
-2.053
-1.846
-1.798
-1.951
-2.141
-2.137
-1.848
-1.542
-1.49
-1.621
-1.66
-1.472
-1.127
-0.816
-0.587
-0.263
0.208
0.689
1.014
1.136
1.084
0.975
1.021
1.311
1.728
2.132
2.529
3.019
3.604
4.196
4.668
4.861
4.768
4.509
4.148
3.792
3.602
3.554
3.509
3.529
3.833
4.496
5.394
6.308
7.147
7.941
8.706
9.161
8.896
8.141
7.576
7.488
7.492
7.233
6.818
6.551
6.7
7.088
7.265
7.143
6.97
6.909
6.787
6.512
6.285
6.285
6.142
5.623
5.337
5.646
5.945
5.539
4.752
4.473
5.065
5.848
6.217
6.288
6.34
6.406
6.478
6.644
6.852
6.97
6.718
6.24
5.995
5.884
5.407
4.421
3.361
2.579
1.91
1.145
0.553
0.294
0.031
-0.122
0.245
0.9
1.009
0.367
-0.49
-1.116
-1.597
-2.059
-2.422
-2.769
-3.191
-3.411
-3.023
-2.234
-1.663
-1.576
-1.674
-1.626
-1.592
-1.726
-2.014
-2.445
-2.96
-3.302
-3.393
-3.464
-3.636
-3.738
-3.563
-3.155
-2.749
-2.661
-2.953
-3.386
-3.828
-4.312
-4.87
-5.346
-5.589
-5.58
-5.364
-4.904
-4.178
-3.278
-2.266
-1.379
-0.871
-0.631
-0.465
-0.397
-0.376
-0.379
-0.528
-0.687
-0.707
-0.724
-0.832
-0.875
-0.687
-0.254
0.27
0.689
1.014
1.311
1.746
2.334
2.71
2.606
2.28
2.211
2.432
2.647
2.731
2.878
3.264
3.688
3.969
4.173
4.418
4.809
5.305
5.671
5.8
5.897
6.151
6.44
6.483
6.333
6.315
6.549
6.734
6.671
6.494
6.414
6.503
6.644
6.709
6.562
6.242
5.972
5.848
5.73
5.587
5.55
5.623
5.589
5.287
4.831
4.539
4.509
4.462
4.246
4.049
4.071
4.355
4.761
5.088
5.147
4.868
4.371
3.887
3.391
2.751
2.053
1.574
1.456
1.517
1.456
1.27
1.161
1.168
1.068
0.798
0.515
0.267
-0.104
-0.78
-1.599
-2.182
-2.377
-2.352
-2.221
-1.958
-1.587
-1.277
-1.143
-1.105
-1.139
-1.44
-2.073
-2.774
-3.354
-3.917
-4.514
-4.915
-4.829
-4.269
-3.541
-2.889
-2.373
-2.046
-1.98
-2.061
-2.277
-2.722
-3.334
-3.96
-4.384
-4.462
-4.232
-3.847
-3.398
-2.903
-2.427
-1.996
-1.624
-1.311
-1.134
-1.084
-0.957
-0.71
-0.572
-0.603
-0.503
-0.17
0.195
0.581
1.08
1.599
1.914
1.951
1.899
1.958
2.028
1.989
2.014
2.268
2.588
2.758
2.853
3.049
3.266
3.423
3.454
3.289
3.035
2.835
2.74
2.71
2.86
3.388
4.167
4.868
5.41
5.893
6.244
6.362
6.335
6.197
5.755
5.001
4.321
4.078
4.146
4.137
4.026
4.089
4.378
4.595
4.645
4.679
4.752
4.827
4.809
4.539
3.956
3.237
2.688
2.427
2.225
1.855
1.56
1.703
2.202
2.735
3.11
3.295
3.307
3.085
2.631
2.139
1.742
1.465
1.309
1.211
1.057
0.862
0.703
0.542
0.358
0.174
0.041
0.018
0.014
-0.079
-0.254
-0.553
-0.966
-1.318
-1.452
-1.454
-1.497
-1.47
-1.179
-0.721
-0.376
-0.313
-0.533
-0.939
-1.411
-1.84
-2.141
-2.225
-2.202
-2.193
-2.034
-1.606
-1.127
-0.93
-1.046
-1.263
-1.431
-1.628
-1.901
-2.087
-2.064
-1.899
-1.692
-1.499
-1.329
-1.152
-1.077
-1.252
-1.52
-1.569
-1.535
-1.726
-2.127
-2.461
-2.579
-2.567
-2.504
-2.27
-1.812
-1.225
-0.438
0.496
1.193
1.402
1.265
0.98
0.503
-0.156
-0.785
-1.1
-1.029
-0.728
-0.199
0.458
0.95
1.113
1.172
1.234
1.209
1.068
0.889
0.726
0.583
0.469
0.374
0.322
0.397
0.596
0.955
1.524
2.132
2.583
2.824
2.835
2.64
2.377
2.209
2.252
2.459
2.577
2.518
2.449
2.513
2.697
2.998
3.332
3.663
4.022
4.201
3.956
3.506
3.27
3.325
3.459
3.525
3.527
3.529
3.497
3.388
3.216
2.985
2.74
2.692
2.835
2.853
2.629
2.472
2.611
2.889
3.153
3.434
3.86
4.393
4.813
5.001
5.02
4.888
4.541
4.035
3.482
3.019
2.865
3.189
3.935
4.736
5.269
5.612
6.002
6.324
6.285
5.904
5.485
5.308
5.439
5.686
5.782
5.848
6.181
6.728
7.188
7.433
7.651
8.048
8.59
9.048
9.15
8.862
8.461
8.209
8.127
8.057
7.979
8.068
8.461
9.055
9.608
9.958
10.209
10.441
10.52
10.325
9.978
9.697
9.681
9.899
10.053
10.11
10.384
10.849
11.169
11.26
11.221
11.09
10.901
10.692
10.402
10.076
9.856
9.74
9.719
9.801
9.955
10.205
10.627
11.155
11.559
11.679
11.521
11.144
10.652
10.11
9.66
9.449
9.508
9.808
10.212
10.473
10.536
10.538
10.484
10.196
9.624
8.919
8.345
7.975
7.678
7.388
7.211
7.202
7.349
7.648
7.998
8.211
8.204
8.007
7.592
6.916
6.004
5.024
4.264
3.879
3.822
4.047
4.543
5.138
5.693
6.113
6.247
5.993
5.444
4.72
3.91
3.078
2.309
1.728
1.452
1.492
1.781
2.164
2.42
2.429
2.216
1.855
1.449
1.023
0.612
0.363
0.299
0.211
-0.018
-0.297
-0.471
-0.397
-0.147
0.022
0.016
-0.145
-0.358
-0.513
-0.685
-1.111
-1.59
-1.676
-1.272
-0.701
-0.181
0.333
0.891
1.254
1.139
0.592
-0.134
-0.791
-1.213
-1.29
-1.055
-0.617
0.007
0.776
1.406
1.633
1.542
1.395
1.37
1.465
1.617
1.828
2.139
2.436
2.531
2.381
2.137
1.962
1.926
2.068
2.463
3.049
3.69
4.214
4.516
4.568
4.432
4.241
4.123
4.064
4.076
4.266
4.702
5.18
5.462
5.539
5.532
5.478
5.457
5.657
6.013
6.328
6.621
6.957
7.145
6.981
6.571
6.199
6.008
5.963
6.095
6.549
7.261
7.998
8.608
8.937
8.769
8.066
7.152
6.421
5.979
5.786
5.904
6.367
6.979
7.515
7.8
7.817
7.619
7.254
6.721
6.067
5.469
5.045
4.833
4.729
4.598
4.443
4.337
4.287
4.235
4.169
4.187
4.248
4.16
3.835
3.291
2.592
1.892
1.315
0.914
0.73
0.8
1.122
1.567
1.901
1.919
1.599
1.134
0.596
-0.068
-0.8
-1.302
-1.279
-0.771
-0.132
0.417
0.837
1.059
1.018
0.606
-0.186
-1.113
-1.774
-1.996
-1.905
-1.764
-1.656
-1.377
-0.907
-0.51
-0.317
-0.193
0.016
0.299
0.549
0.614
0.376
-0.077
-0.537
-0.916
-1.209
-1.288
-0.962
-0.288
0.433
1.139
1.796
2.282
2.488
2.363
1.878
1.202
0.564
0.152
0.038
0.281
0.837
1.592
2.348
2.83
3.026
3.044
2.878
2.536
2.2
2.068
2.137
2.293
2.481
2.606
2.645
2.742
2.958
3.253
3.582
3.944
4.28
4.366
4.13
3.747
3.443
3.295
3.246
3.268
3.364
3.529
3.786
3.99
3.953
3.708
3.454
3.3
3.139
2.862
2.556
2.418
2.522
2.763
2.931
2.969
2.88
2.731
2.572
2.429
2.263
2.03
1.719
1.433
1.229
1.084
0.991
0.975
1.107
1.383
1.619
1.708
1.672
1.515
1.256
0.939
0.576
0.113
-0.478
-1.122
-1.579
-1.697
-1.572
-1.408
-1.427
-1.597
-1.728
-1.792
-1.885
-1.982
-2.093
-2.257
-2.413
-2.461
-2.459
-2.604
-2.874
-3.071
-3.078
-3.028
-3.08
-3.112
-3.049
-3.055
-3.198
-3.302
-3.28
-3.314
-3.527
-3.725
-3.731
-3.613
-3.361
-3.035
-2.817
-2.788
-2.788
-2.676
-2.506
-2.429
-2.545
-2.713
-2.74
-2.554
-2.322
-2.273
-2.207
-1.774
-0.996
-0.229
0.372
0.862
1.302
1.597
1.624
1.324
0.746
0.145
-0.245
-0.39
-0.315
0.036
0.692
1.458
2.182
2.76
3.082
3.116
3.007
2.858
2.645
2.429
2.415
2.651
2.944
3.184
3.402
3.672
3.906
3.974
3.879
3.622
3.361
3.289
3.439
3.629
3.765
3.89
4.108
4.509
4.97
5.312
5.512
5.686
5.873
5.932
5.718
5.283
4.861
4.659
4.725
4.995
5.391
5.786
6.158
6.519
6.728
6.784
6.737
6.621
6.514
6.453
6.385
6.347
6.53
6.954
7.329
7.421
7.326
7.213
7.093
6.884
6.673
6.594
6.605
6.673
6.796
6.911
6.871
6.787
6.936
7.181
7.179
7.016
6.998
7.099
7.104
6.92
6.689
6.478
6.242
6.033
6.004
6.124
6.31
6.594
6.93
7.113
7.061
6.759
6.276
5.831
5.537
5.317
5.119
4.958
4.863
4.915
5.203
5.568
5.666
5.423
5.088
4.811
4.566
4.355
4.264
4.257
4.237
4.257
4.373
4.407
4.239
4.028
3.942
3.872
3.618
3.169
2.67
2.241
1.96
1.781
1.742
1.896
2.143
2.329
2.477
2.715
3.108
3.432
3.398
3.06
2.642
2.261
1.953
1.69
1.456
1.372
1.558
1.867
2.116
2.307
2.468
2.64
2.774
2.749
2.529
2.182
1.876
1.896
2.202
2.472
2.565
2.554
2.422
2.209
2.046
1.919
1.812
1.756
1.762
1.751
1.717
1.815
2.039
2.184
2.193
2.2
2.238
2.234
2.198
2.214
2.322
2.427
2.418
2.327
2.193
2.028
1.966
2.091
2.277
2.375
2.404
2.459
2.422
2.339
2.445
2.781
3.051
3.073
3.035
3.085
3.169
3.216
3.209
3.128
2.971
2.813
2.737
2.749
2.897
3.198
3.552
3.908
4.165
4.155
3.901
3.595
3.388
3.302
3.295
3.332
3.393
3.475
3.554
3.577
3.479
3.302
3.03
2.678
2.363
2.157
1.948
1.76
1.851
2.297
2.79
3.078
3.198
3.221
3.085
2.815
2.44
2.021
1.687
1.517
1.492
1.535
1.638
1.851
2.2
2.599
2.921
3.112
3.198
3.219
3.2
3.037
2.697
2.359
2.125
1.921
1.737
1.764
2.009
2.221
2.289
2.418
2.649
2.722
2.508
2.184
1.867
1.562
1.383
1.37
1.406
1.413
1.522
1.792
2.041
2.13
2.078
1.876
1.565
1.277
1.091
0.932
0.762
0.721
0.83
0.941
1.016
1.152
1.377
1.538
1.583
1.592
1.551
1.4
1.166
0.948
0.721
0.412
0.165
0.129
0.227
0.249
0.199
0.191
0.24
0.277
0.238
0.066
-0.263
-0.642
-0.862
-0.898
-0.889
-0.966
-1.08
-1.075
-0.914
-0.746
-0.712
-0.821
-0.964
-1.066
-1.2
-1.486
-1.835
-2.03
-1.998
-1.864
-1.767
-1.61
-1.32
-1.086
-1.059
-1.179
-1.422
-1.781
-2.241
-2.726
-3.064
-3.191
-3.187
-3.114
-2.919
-2.658
-2.438
-2.304
-2.211
-2.125
-2.13
-2.327
-2.624
-2.86
-3.071
-3.214
-3.187
-2.973
-2.681
-2.468
-2.356
-2.289
-2.289
-2.47
-2.819
-3.144
-3.289
-3.312
-3.47
-3.931
-4.534
-5.008
-5.197
-5.119
-4.972
-4.875
-4.818
-4.784
-4.77
-4.747
-4.768
-4.883
-5.001
-5.047
-5.092
-5.337
-5.895
-6.632
-7.254
-7.531
-7.458
-7.093
-6.487
-5.664
-4.827
-4.321
-4.241
-4.423
-4.763
-5.33
-6.072
-6.682
-6.823
-6.528
-6.109
-5.718
-5.376
-5.085
-4.904
-4.956
-5.36
-6.024
-6.589
-6.703
-6.401
-5.977
-5.652
-5.412
-5.072
-4.681
-4.448
-4.443
-4.588
-4.868
-5.203
-5.403
-5.496
-5.659
-5.877
-5.947
-5.752
-5.312
-4.79
-4.303
-3.99
-3.91
-4.001
-4.241
-4.636
-5.167
-5.8
-6.401
-6.8
-6.909
-6.635
-6.065
-5.482
-4.924
-4.339
-3.944
-3.967
-4.393
-5.047
-5.607
-5.85
-5.764
-5.46
-5.081
-4.645
-4.178
-3.86
-3.804
-3.913
-4.165
-4.482
-4.598
-4.484
-4.441
-4.6
-4.838
-5.04
-5.163
-5.29
-5.339
-5.133
-4.804
-4.607
-4.55
-4.546
-4.546
-4.666
-4.97
-5.391
-5.718
-5.741
-5.444
-5.015
-4.468
-3.72
-2.944
-2.508
-2.536
-2.937
-3.615
-4.421
-5.167
-5.707
-5.979
-6.029
-5.925
-5.641
-5.19
-4.786
-4.664
-4.774
-4.933
-5.054
-5.208
-5.507
-5.963
-6.372
-6.571
-6.768
-7.141
-7.456
-7.446
-7.22
-7.009
-6.768
-6.406
-6.115
-6.104
-6.337
-6.73
-7.349
-8.05
-8.476
-8.547
-8.52
-8.51
-8.354
-8.032
-7.855
-8.068
-8.506
-8.957
-9.438
-9.881
-10.085
-10.083
-10.007
-9.858
-9.563
-9.154
-8.885
-8.941
-9.191
-9.459
-9.704
-9.871
-9.878
-9.763
-9.547
-9.266
-8.91
-8.565
-8.354
-8.238
-8.07
-7.81
-7.526
-7.236
-7.006
-6.916
-6.975
-7.084
-7.174
-7.211
-7.082
-6.829
-6.551
-6.212
-5.843
-5.587
-5.426
-5.239
-5.031
-4.917
-4.938
-4.929
-4.75
-4.53
-4.468
-4.457
-4.305
-4.121
-4.01
-3.842
-3.502
-3.017
-2.554
-2.196
-1.76
-1.259
-1.05
-1.288
-1.724
-1.985
-1.98
-1.821
-1.517
-0.991
-0.34
0.333
1.061
1.722
2.028
2
1.928
1.894
1.735
1.341
0.835
0.46
0.338
0.444
0.776
1.306
1.935
2.631
3.291
3.695
3.69
3.382
3.003
2.683
2.436
2.196
2.08
2.311
2.835
3.373
3.833
4.224
4.441
4.396
4.069
3.457
2.717
2.109
1.869
1.996
2.336
2.822
3.395
3.978
4.536
4.979
5.153
5.001
4.634
4.144
3.565
3.023
2.608
2.37
2.341
2.59
3.105
3.74
4.294
4.677
4.933
5.074
4.936
4.432
3.711
3.069
2.729
2.729
2.971
3.366
3.863
4.35
4.736
4.942
4.845
4.421
3.761
2.998
2.273
1.674
1.223
0.996
1.068
1.474
2.093
2.69
3.155
3.452
3.536
3.38
3.06
2.602
1.989
1.286
0.669
0.272
0.143
0.261
0.517
0.869
1.32
1.769
2.071
2.13
1.989
1.663
1.147
0.537
0.113
-0.063
-0.17
-0.168
0.093
0.492
0.76
0.744
0.549
0.358
0.152
-0.1
-0.254
-0.36
-0.463
-0.388
-0.1
0.132
0.242
0.412
0.648
0.839
0.839
0.748
0.803
0.925
0.941
0.871
0.737
0.492
0.336
0.454
0.717
0.887
1.002
1.259
1.687
2.028
2.084
2.023
2.005
1.96
1.746
1.411
1.159
1.118
1.24
1.386
1.52
1.658
1.86
2.139
2.363
2.454
2.461
2.422
2.309
2.162
2.059
2.044
2.179
2.481
2.813
3.071
3.3
3.541
3.801
4.022
4.11
4.033
3.881
3.715
3.425
2.996
2.631
2.563
2.838
3.239
3.579
3.87
4.108
4.144
3.826
3.289
2.763
2.341
2.014
1.76
1.587
1.542
1.658
1.953
2.304
2.595
2.903
3.293
3.579
3.541
3.214
2.763
2.284
1.869
1.619
1.587
1.767
2.202
2.849
3.407
3.624
3.556
3.346
3.076
2.744
2.352
1.966
1.663
1.503
1.621
2.116
2.813
3.454
4.044
4.661
5.083
5.001
4.477
3.817
3.182
2.583
2.155
2.017
2.204
2.622
3.116
3.6
4.024
4.344
4.618
4.854
4.763
4.133
3.2
2.434
2.053
2.032
2.291
2.74
3.291
3.935
4.618
5.038
4.895
4.323
3.72
3.144
2.438
1.685
1.166
1.095
1.452
2.046
2.74
3.445
3.976
4.201
4.133
3.84
3.27
2.472
1.667
1.007
0.549
0.415
0.721
1.361
1.994
2.438
2.747
2.919
2.822
2.373
1.724
1.039
0.317
-0.36
-0.714
-0.698
-0.419
0.029
0.535
0.939
1.052
0.825
0.326
-0.322
-0.973
-1.492
-1.769
-1.808
-1.71
-1.538
-1.256
-0.769
-0.111
0.46
0.676
0.44
-0.138
-0.884
-1.742
-2.588
-3.08
-3.06
-2.665
-2.137
-1.64
-1.209
-0.88
-0.701
-0.635
-0.648
-0.8
-1.157
-1.694
-2.386
-3.153
-3.697
-3.74
-3.416
-3.035
-2.667
-2.204
-1.756
-1.556
-1.621
-1.919
-2.429
-2.962
-3.375
-3.668
-3.926
-4.13
-4.101
-3.758
-3.284
-2.826
-2.434
-2.223
-2.27
-2.506
-2.817
-3.16
-3.443
-3.713
-3.944
-3.974
-3.779
-3.466
-3.191
-3.155
-3.291
-3.346
-3.257
-3.196
-3.282
-3.47
-3.572
-3.516
-3.479
-3.643
-3.879
-3.953
-3.731
-3.371
-3.189
-3.289
-3.452
-3.447
-3.411
-3.643
-4.044
-4.319
-4.403
-4.373
-4.342
-4.33
-4.278
-4.167
-4.142
-4.339
-4.677
-4.929
-5.033
-5.126
-5.287
-5.46
-5.53
-5.455
-5.389
-5.496
-5.752
-5.904
-5.779
-5.534
-5.444
-5.584
-5.825
-6.015
-6.19
-6.44
-6.743
-6.898
-6.694
-6.249
-5.943
-6.022
-6.417
-6.882
-7.217
-7.338
-7.315
-7.152
-6.8
-6.471
-6.451
-6.709
-6.936
-6.843
-6.589
-6.549
-6.805
-7.265
-7.63
-7.716
-7.699
-7.696
-7.553
-7.215
-6.882
-6.782
-7.025
-7.499
-7.85
-7.817
-7.653
-7.723
-7.923
-7.9
-7.674
-7.524
-7.451
-7.276
-7.088
-7.068
-7.193
-7.374
-7.581
-7.685
-7.551
-7.283
-7.079
-6.945
-6.793
-6.637
-6.61
-6.757
-7.05
-7.394
-7.703
-7.898
-7.896
-7.701
-7.367
-6.943
-6.571
-6.342
-6.265
-6.358
-6.562
-6.812
-7.134
-7.515
-7.8
-7.825
-7.571
-7.048
-6.251
-5.505
-5.176
-5.163
-5.201
-5.33
-5.775
-6.48
-7.149
-7.526
-7.621
-7.578
-7.442
-7.236
-6.961
-6.53
-6.054
-5.804
-5.9
-6.201
-6.51
-6.825
-7.163
-7.408
-7.472
-7.32
-7.048
-6.805
-6.684
-6.605
-6.469
-6.299
-6.151
-6.156
-6.428
-6.914
-7.381
-7.726
-7.893
-7.782
-7.39
-6.945
-6.61
-6.431
-6.471
-6.725
-7.09
-7.451
-7.882
-8.483
-9.08
-9.388
-9.338
-9.046
-8.68
-8.27
-7.914
-7.721
-7.769
-8.052
-8.388
-8.556
-8.56
-8.547
-8.635
-8.869
-9.089
-9.096
-8.86
-8.483
-8.03
-7.626
-7.408
-7.358
-7.463
-7.71
-8.025
-8.318
-8.633
-8.967
-9.127
-8.905
-8.338
-7.728
-7.263
-6.859
-6.462
-6.197
-6.263
-6.673
-7.156
-7.406
-7.474
-7.556
-7.635
-7.596
-7.295
-6.793
-6.278
-5.836
-5.45
-5.153
-4.965
-4.875
-4.899
-5.015
-5.233
-5.632
-6.129
-6.557
-6.807
-6.814
-6.589
-6.278
-6.043
-5.947
-5.863
-5.73
-5.741
-6.002
-6.319
-6.492
-6.471
-6.401
-6.487
-6.621
-6.492
-6.113
-5.838
-5.868
-6.079
-6.215
-6.142
-5.991
-5.943
-6.015
-6.083
-6.07
-6.013
-5.977
-5.988
-6.013
-6.036
-6.124
-6.426
-6.977
-7.539
-7.866
-8.018
-8.109
-8.082
-7.864
-7.519
-7.156
-6.836
-6.517
-6.174
-5.881
-5.711
-5.793
-6.217
-6.734
-7.061
-7.24
-7.485
-7.723
-7.721
-7.37
-6.768
-6.097
-5.512
-5.056
-4.693
-4.466
-4.55
-4.992
-5.575
-6.054
-6.362
-6.594
-6.694
-6.532
-6.029
-5.303
-4.622
-4.224
-4.112
-4.112
-4.185
-4.409
-4.795
-5.197
-5.457
-5.507
-5.362
-5.135
-4.911
-4.566
-4.071
-3.604
-3.339
-3.196
-3.005
-2.788
-2.808
-3.112
-3.388
-3.395
-3.108
-2.729
-2.511
-2.461
-2.302
-1.96
-1.712
-1.744
-1.951
-2.15
-2.309
-2.422
-2.472
-2.474
-2.436
-2.332
-2.066
-1.644
-1.263
-1.088
-1.122
-1.263
-1.402
-1.465
-1.479
-1.601
-1.76
-1.803
-1.667
-1.424
-1.211
-1.032
-0.803
-0.49
-0.195
-0.027
-0.1
-0.385
-0.76
-1.209
-1.633
-1.815
-1.69
-1.424
-1.116
-0.783
-0.458
-0.149
0.107
0.113
-0.238
-0.81
-1.29
-1.467
-1.479
-1.547
-1.667
-1.474
-0.832
-0.107
0.281
0.34
0.308
0.345
0.463
0.621
0.726
0.766
0.891
1.259
1.726
1.98
1.971
1.964
2.109
2.304
2.515
2.767
2.962
3.003
2.987
3.171
3.502
3.666
3.593
3.491
3.588
3.917
4.339
4.664
4.797
4.82
4.911
5.192
5.582
5.868
5.904
5.8
5.725
5.757
5.789
5.757
5.709
5.691
5.696
5.793
6.047
6.355
6.455
6.258
5.884
5.471
5.101
4.738
4.323
3.933
3.742
3.899
4.332
4.745
4.856
4.681
4.45
4.278
4.026
3.5
2.794
2.263
2.173
2.39
2.611
2.708
2.704
2.737
2.971
3.27
3.318
2.969
2.422
1.939
1.653
1.424
1.129
0.783
0.494
0.388
0.458
0.599
0.735
0.778
0.603
0.277
-0.009
-0.34
-0.925
-1.672
-2.234
-2.395
-2.193
-1.842
-1.581
-1.549
-1.608
-1.572
-1.531
-1.742
-2.339
-3.08
-3.506
-3.516
-3.416
-3.395
-3.405
-3.23
-2.824
-2.4
-2.184
-2.164
-2.209
-2.302
-2.477
-2.735
-2.962
-3.026
-2.921
-2.808
-2.772
-2.701
-2.454
-2.08
-1.687
-1.365
-1.164
-1.018
-0.946
-1.063
-1.417
-1.81
-1.96
-1.751
-1.345
-0.941
-0.633
-0.412
-0.149
0.231
0.555
0.614
0.526
0.535
0.612
0.564
0.469
0.508
0.78
1.227
1.717
2.141
2.432
2.579
2.651
2.678
2.62
2.486
2.386
2.422
2.461
2.345
2.227
2.336
2.681
3.003
3.078
3.046
3.155
3.405
3.529
3.452
3.346
3.364
3.513
3.674
3.761
3.779
3.835
3.96
4.089
4.144
4.135
4.169
4.262
4.325
4.235
3.992
3.845
4.005
4.217
4.06
3.57
3.18
3.121
3.128
2.935
2.649
2.545
2.626
2.701
2.678
2.461
2.014
1.644
1.49
1.354
1.111
0.882
0.869
1.105
1.383
1.531
1.59
1.592
1.447
1.082
0.567
0.111
-0.156
-0.333
-0.578
-0.882
-1.018
-0.88
-0.724
-0.728
-0.787
-0.812
-0.835
-0.943
-1.304
-1.935
-2.545
-2.899
-2.958
-2.858
-2.737
-2.636
-2.449
-2.15
-1.907
-1.882
-1.98
-2.019
-2.103
-2.42
-2.894
-3.275
-3.479
-3.497
-3.27
-2.754
-2.196
-1.889
-1.783
-1.758
-1.91
-2.211
-2.477
-2.599
-2.636
-2.697
-2.74
-2.615
-2.223
-1.621
-1.016
-0.592
-0.34
-0.168
-0.136
-0.227
-0.351
-0.519
-0.689
-0.633
-0.34
-0.041
0.147
0.32
0.646
1.125
1.599
2.034
2.427
2.629
2.597
2.398
2.1
1.819
1.712
1.826
2.061
2.361
2.726
3.08
3.287
3.327
3.316
3.364
3.511
3.681
3.718
3.563
3.377
3.327
3.461
3.652
3.82
3.976
4.205
4.405
4.457
4.332
4.049
3.6
3.08
2.615
2.214
1.821
1.592
1.769
2.368
3.15
3.797
4.106
4.024
3.627
3.049
2.432
1.844
1.288
0.894
0.717
0.712
0.878
1.245
1.658
1.939
1.96
1.726
1.406
1.139
0.825
0.363
-0.1
-0.422
-0.589
-0.724
-0.909
-1.125
-1.154
-0.878
-0.513
-0.317
-0.379
-0.621
-0.9
-1.125
-1.32
-1.579
-1.937
-2.28
-2.332
-2.109
-1.905
-1.899
-1.971
-1.973
-1.923
-1.919
-2.08
-2.398
-2.744
-2.899
-2.792
-2.617
-2.588
-2.661
-2.704
-2.67
-2.633
-2.717
-2.86
-2.849
-2.597
-2.293
-2.177
-2.268
-2.452
-2.724
-3.112
-3.398
-3.423
-3.205
-2.792
-2.293
-1.844
-1.433
-1.071
-0.837
-0.839
-1.082
-1.495
-1.923
-2.221
-2.434
-2.649
-2.717
-2.404
-1.737
-1.084
-0.762
-0.755
-0.855
-0.898
-0.937
-1.059
-1.211
-1.27
-1.229
-1.154
-1.039
-0.882
-0.658
-0.231
0.419
0.989
1.134
0.937
0.692
0.467
0.149
-0.249
-0.492
-0.44
-0.238
0.036
0.426
0.993
1.697
2.3
2.545
2.398
2.125
1.882
1.565
1.125
0.753
0.617
0.76
1.109
1.54
1.941
2.297
2.701
3.153
3.398
3.209
2.785
2.47
2.291
2.003
1.579
1.379
1.579
2.075
2.663
3.171
3.572
3.938
4.232
4.307
4.185
3.953
3.672
3.35
2.992
2.572
2.263
2.255
2.493
2.849
3.43
4.262
5.01
5.328
5.18
4.747
4.13
3.506
3.11
2.978
3.055
3.334
3.697
3.919
3.978
4.064
4.314
4.677
4.986
5.158
5.298
5.462
5.528
5.512
5.505
5.478
5.346
5.185
5.108
5.135
5.285
5.623
6.092
6.56
6.855
6.871
6.664
6.362
6.002
5.745
5.779
6.106
6.619
7.245
7.95
8.603
8.991
9.055
8.91
8.633
8.229
7.943
7.991
8.336
8.885
9.599
10.311
10.82
11.09
11.221
11.257
11.25
11.282
11.382
11.509
11.557
11.353
10.928
10.559
10.42
10.484
10.736
11.271
12.128
13.063
13.696
13.905
13.755
13.294
12.598
11.815
11.169
10.822
10.858
11.233
11.768
12.231
12.575
12.893
13.029
12.734
12.144
11.511
10.933
10.393
9.86
9.4
9.039
8.771
8.529
8.2
7.825
7.569
7.499
7.562
7.576
7.32
6.871
6.385
5.868
5.36
4.958
4.627
4.373
4.3
4.373
4.514
4.614
4.523
4.278
3.899
3.237
2.291
1.341
0.696
0.322
0.154
0.338
0.903
1.52
1.821
1.808
1.665
1.372
0.703
-0.249
-1.066
-1.601
-2.007
-2.234
-2.193
-1.935
-1.56
-1.139
-0.807
-0.694
-0.794
-0.968
-1.086
-1.216
-1.542
-2.057
-2.422
-2.461
-2.474
-2.699
-2.903
-2.658
-1.994
-1.234
-0.592
-0.165
-0.025
-0.174
-0.451
-0.83
-1.365
-1.926
-2.15
-1.733
-0.912
-0.224
0.168
0.496
0.789
0.925
0.948
0.923
0.932
1.132
1.558
2.041
2.484
2.88
3.25
3.506
3.545
3.491
3.536
3.756
4.049
4.262
4.339
4.359
4.45
4.575
4.618
4.611
4.731
5.062
5.587
6.147
6.587
6.877
7.04
7.016
6.796
6.473
6.104
5.791
5.568
5.489
5.736
6.349
7.023
7.512
7.846
8.036
8.063
7.884
7.478
6.816
6.018
5.509
5.548
5.829
5.94
5.995
6.292
6.73
6.943
6.816
6.476
6.101
5.779
5.426
4.97
4.48
4.126
4.017
4.096
4.232
4.296
4.334
4.384
4.339
4.044
3.5
2.878
2.322
1.812
1.265
0.707
0.381
0.528
0.996
1.39
1.562
1.635
1.705
1.61
1.234
0.696
0.195
-0.172
-0.426
-0.617
-0.805
-0.9
-0.714
-0.419
-0.331
-0.515
-0.724
-0.825
-0.957
-1.265
-1.531
-1.554
-1.476
-1.49
-1.581
-1.64
-1.658
-1.635
-1.547
-1.411
-1.272
-1.102
-0.943
-0.946
-1.279
-1.812
-2.204
-2.35
-2.341
-2.182
-1.762
-1.098
-0.422
0.127
0.535
0.717
0.626
0.433
0.252
0.059
-0.115
-0.193
-0.073
0.265
0.744
1.282
1.819
2.23
2.452
2.518
2.536
2.579
2.602
2.545
2.474
2.522
2.72
2.99
3.191
3.248
3.307
3.552
3.953
4.38
4.702
4.89
5.051
5.172
5.054
4.759
4.654
4.806
5.042
5.217
5.26
5.192
5.126
5.124
5.104
4.865
4.391
3.86
3.42
3.089
2.844
2.642
2.567
2.729
2.998
3.191
3.253
3.257
3.157
2.88
2.474
1.989
1.49
1.075
0.816
0.685
0.658
0.794
1.086
1.304
1.284
1.084
0.907
0.735
0.397
-0.181
-0.891
-1.511
-1.926
-2.053
-1.876
-1.549
-1.211
-0.871
-0.519
-0.326
-0.49
-1.093
-1.96
-2.813
-3.506
-4.049
-4.43
-4.605
-4.507
-4.085
-3.45
-2.785
-2.273
-2.046
-2.053
-2.12
-2.261
-2.624
-3.171
-3.661
-3.981
-4.167
-4.194
-4.042
-3.84
-3.634
-3.241
-2.617
-2.053
-1.801
-1.855
-1.946
-1.916
-1.964
-2.159
-2.234
-2.061
-1.785
-1.345
-0.724
-0.231
0
0.1
0.109
0.014
-0.079
-0.068
0.097
0.37
0.751
1.254
1.828
2.398
2.799
3.094
3.307
3.302
3.105
2.847
2.52
2.107
1.774
1.71
1.914
2.218
2.581
3.094
3.786
4.432
4.786
4.897
4.809
4.555
4.196
3.763
3.307
3.108
3.314
3.706
4.094
4.475
4.945
5.407
5.652
5.648
5.562
5.537
5.492
5.367
5.219
5.135
5.212
5.621
6.265
6.755
6.895
6.918
7.038
7.045
6.88
6.608
6.235
5.929
5.8
5.795
5.863
6.036
6.185
6.351
6.605
6.705
6.535
6.31
6.306
6.385
6.301
5.938
5.523
5.367
5.494
5.72
5.956
6.229
6.374
6.313
6.142
5.986
5.834
5.723
5.741
5.87
5.995
5.934
5.816
5.85
5.988
5.979
5.745
5.485
5.258
5.067
4.829
4.602
4.477
4.521
4.602
4.555
4.346
4.158
4.144
4.214
4.214
4.074
3.967
3.981
4.078
4.192
4.325
4.493
4.53
4.421
4.264
4.119
3.906
3.59
3.334
3.25
3.3
3.28
3.169
3.184
3.425
3.808
4.133
4.153
3.784
3.243
2.763
2.515
2.472
2.411
2.207
2.073
2.295
2.79
3.282
3.666
3.976
4.269
4.516
4.616
4.475
4.085
3.677
3.525
3.656
3.828
3.79
3.69
3.727
3.913
4.205
4.48
4.557
4.337
3.892
3.466
3.255
3.171
3.03
2.958
3.119
3.361
3.509
3.643
3.747
3.697
3.55
3.425
3.234
2.942
2.735
2.76
3.026
3.427
3.865
4.185
4.314
4.323
4.287
4.121
3.769
3.35
3.012
2.756
2.477
2.243
2.275
2.629
3.082
3.38
3.527
3.584
3.582
3.513
3.343
3.078
2.849
2.767
2.706
2.626
2.681
2.962
3.357
3.706
3.985
4.151
4.053
3.729
3.464
3.35
3.191
2.98
2.973
3.273
3.742
4.192
4.532
4.77
4.843
4.67
4.26
3.699
3.078
2.524
2.257
2.332
2.64
3.105
3.595
3.965
4.296
4.625
4.759
4.627
4.325
3.953
3.575
3.234
3.08
3.253
3.582
3.874
4.237
4.693
4.974
4.976
4.802
4.527
4.153
3.747
3.375
3.046
2.874
3.057
3.559
4.092
4.414
4.514
4.437
4.146
3.645
3.023
2.436
2.068
1.939
1.96
2.091
2.39
2.835
3.287
3.582
3.654
3.575
3.439
3.209
2.867
2.586
2.457
2.384
2.307
2.343
2.493
2.599
2.656
2.717
2.726
2.57
2.329
2.139
1.926
1.599
1.345
1.304
1.343
1.368
1.449
1.638
1.812
1.901
1.937
1.905
1.722
1.377
0.968
0.646
0.397
0.181
0.066
0.097
0.191
0.286
0.44
0.596
0.696
0.726
0.653
0.44
0.09
-0.279
-0.592
-0.871
-1.086
-1.175
-1.143
-1.032
-0.898
-0.823
-0.889
-1.061
-1.297
-1.535
-1.753
-2.019
-2.352
-2.581
-2.543
-2.332
-2.159
-2.082
-2.037
-2.009
-2.039
-2.061
-2.009
-1.973
-2.048
-2.146
-2.232
-2.398
-2.654
-2.806
-2.672
-2.332
-1.998
-1.699
-1.39
-1.184
-1.193
-1.458
-1.882
-2.309
-2.604
-2.796
-2.962
-2.994
-2.742
-2.325
-2.041
-2.019
-2.125
-2.236
-2.341
-2.518
-2.838
-3.173
-3.273
-3.155
-3.196
-3.511
-3.769
-3.758
-3.666
-3.659
-3.607
-3.393
-3.164
-2.998
-3.007
-3.352
-4.024
-4.759
-5.342
-5.804
-6.129
-6.04
-5.462
-4.723
-4.196
-3.924
-3.763
-3.622
-3.609
-3.851
-4.244
-4.55
-4.706
-4.899
-5.33
-5.852
-6.063
-5.818
-5.362
-4.902
-4.491
-4.121
-3.745
-3.497
-3.64
-4.237
-5.033
-5.671
-6.061
-6.347
-6.507
-6.426
-6.14
-5.786
-5.462
-5.29
-5.187
-5.115
-5.28
-5.738
-6.222
-6.446
-6.335
-6.065
-5.804
-5.541
-5.203
-4.824
-4.527
-4.493
-4.765
-5.212
-5.7
-6.138
-6.448
-6.703
-6.9
-6.782
-6.238
-5.507
-4.852
-4.275
-3.761
-3.447
-3.506
-3.82
-4.176
-4.677
-5.41
-6.072
-6.296
-6.115
-5.764
-5.294
-4.639
-3.892
-3.239
-2.849
-2.924
-3.472
-4.173
-4.652
-4.899
-5.113
-5.28
-5.176
-4.75
-4.28
-3.922
-3.59
-3.291
-3.076
-2.919
-2.894
-3.076
-3.479
-4.062
-4.754
-5.423
-5.814
-5.784
-5.376
-4.838
-4.4
-4.162
-4.153
-4.325
-4.718
-5.374
-6.038
-6.396
-6.48
-6.546
-6.698
-6.78
-6.598
-6.176
-5.748
-5.455
-5.312
-5.407
-5.732
-6.201
-6.759
-7.286
-7.694
-7.977
-8.061
-7.959
-7.864
-7.823
-7.685
-7.46
-7.37
-7.46
-7.546
-7.615
-7.839
-8.161
-8.402
-8.567
-8.753
-8.982
-9.15
-9.157
-8.991
-8.669
-8.252
-7.937
-7.846
-7.909
-8.102
-8.365
-8.628
-8.835
-8.953
-8.921
-8.803
-8.665
-8.467
-8.204
-7.893
-7.549
-7.213
-6.914
-6.682
-6.521
-6.403
-6.342
-6.362
-6.426
-6.355
-6.065
-5.693
-5.342
-4.865
-4.241
-3.722
-3.475
-3.391
-3.4
-3.579
-3.833
-3.958
-3.908
-3.697
-3.346
-2.847
-2.255
-1.667
-1.147
-0.73
-0.528
-0.569
-0.68
-0.71
-0.687
-0.635
-0.578
-0.501
-0.404
-0.277
-0.107
0.181
0.594
1.136
1.778
2.386
2.801
2.894
2.69
2.341
2.028
1.855
1.778
1.83
2.173
2.842
3.624
4.271
4.686
4.908
4.972
4.79
4.262
3.607
3.212
3.164
3.364
3.683
4.056
4.455
4.824
5.099
5.233
5.21
5.065
4.938
4.849
4.614
4.16
3.713
3.554
3.697
3.965
4.366
4.936
5.516
5.952
6.263
6.394
6.176
5.707
5.228
4.774
4.235
3.674
3.284
3.187
3.409
3.851
4.28
4.546
4.664
4.568
4.246
3.799
3.334
2.869
2.468
2.348
2.558
2.799
2.808
2.756
2.815
2.735
2.363
1.905
1.444
0.932
0.469
0.086
-0.27
-0.496
-0.417
-0.086
0.326
0.689
0.939
1.023
1
0.916
0.564
-0.038
-0.49
-0.549
-0.404
-0.215
0.034
0.286
0.39
0.292
0.073
-0.236
-0.608
-0.78
-0.631
-0.272
0.124
0.454
0.653
0.819
0.916
0.766
0.508
0.426
0.585
0.839
1.145
1.549
1.951
2.084
1.871
1.538
1.223
0.957
0.794
0.783
0.839
0.989
1.261
1.619
1.903
1.982
1.939
1.892
1.857
1.749
1.531
1.268
1.059
0.968
0.932
0.853
0.794
0.903
1.252
1.656
1.932
2.087
2.13
2.019
1.728
1.261
0.757
0.404
0.288
0.376
0.662
1.118
1.535
1.735
1.781
1.785
1.628
1.259
0.862
0.626
0.56
0.694
1.132
1.742
2.218
2.457
2.622
2.767
2.71
2.381
2.091
2.096
2.218
2.209
2.066
1.951
1.889
1.878
1.951
2.139
2.418
2.733
3.044
3.316
3.361
3.035
2.538
2.093
1.597
0.962
0.454
0.349
0.619
1.073
1.538
1.928
2.307
2.649
2.779
2.608
2.112
1.456
0.973
0.816
0.875
1.007
1.177
1.404
1.638
1.678
1.449
1.12
0.973
1.08
1.297
1.531
1.692
1.701
1.551
1.272
0.957
0.803
1.032
1.565
2.164
2.683
3.053
3.248
3.3
3.112
2.592
1.989
1.583
1.465
1.653
2.084
2.685
3.357
3.976
4.337
4.344
4.083
3.636
3.062
2.474
2.078
1.966
2.137
2.581
3.198
3.765
4.106
4.182
4.028
3.683
3.225
2.806
2.622
2.615
2.522
2.275
1.996
1.855
1.792
1.715
1.735
1.975
2.316
2.611
2.772
2.572
1.914
1.077
0.381
-0.107
-0.458
-0.753
-0.918
-0.785
-0.444
-0.134
0.095
0.181
-0.022
-0.474
-0.889
-1.27
-1.762
-2.225
-2.393
-2.295
-2.1
-1.914
-1.857
-2.003
-2.314
-2.611
-2.76
-2.722
-2.649
-2.783
-3.146
-3.582
-3.933
-4.137
-4.298
-4.498
-4.598
-4.428
-4.047
-3.666
-3.441
-3.386
-3.516
-3.826
-4.182
-4.418
-4.625
-4.84
-4.945
-4.82
-4.434
-3.99
-3.659
-3.364
-3.125
-3.062
-3.171
-3.352
-3.595
-3.828
-3.872
-3.618
-3.223
-3.001
-3.123
-3.384
-3.461
-3.262
-2.967
-2.758
-2.588
-2.404
-2.398
-2.722
-3.361
-4.056
-4.459
-4.418
-4.015
-3.447
-2.819
-2.282
-1.982
-1.982
-2.266
-2.642
-2.967
-3.27
-3.695
-4.307
-4.917
-5.208
-5.047
-4.584
-4.042
-3.5
-3.007
-2.842
-3.214
-3.971
-4.715
-5.194
-5.396
-5.38
-5.221
-4.99
-4.818
-4.84
-5.022
-5.212
-5.228
-5.126
-5.056
-5.151
-5.43
-5.818
-6.206
-6.537
-6.773
-6.784
-6.41
-5.768
-5.249
-5.11
-5.262
-5.548
-5.807
-6.056
-6.492
-7.177
-7.735
-7.859
-7.766
-7.735
-7.739
-7.544
-7.134
-6.8
-6.802
-7.084
-7.49
-7.95
-8.311
-8.522
-8.687
-8.908
-9.043
-8.957
-8.765
-8.617
-8.392
-8.009
-7.68
-7.617
-7.825
-8.109
-8.302
-8.59
-9.098
-9.642
-9.94
-9.915
-9.633
-9.168
-8.64
-8.152
-7.671
-7.231
-6.968
-7.011
-7.442
-8.034
-8.547
-8.964
-9.354
-9.527
-9.247
-8.638
-7.977
-7.442
-7.109
-6.989
-7.023
-7.17
-7.444
-7.739
-7.909
-8.068
-8.356
-8.647
-8.69
-8.388
-7.905
-7.401
-6.905
-6.365
-5.9
-5.802
-6.201
-6.866
-7.446
-7.739
-7.721
-7.526
-7.335
-7.102
-6.659
-6.092
-5.664
-5.503
-5.58
-5.743
-5.848
-6.002
-6.278
-6.496
-6.496
-6.381
-6.26
-6.113
-5.927
-5.782
-5.654
-5.507
-5.46
-5.575
-5.727
-5.913
-6.313
-6.855
-7.124
-7.004
-6.809
-6.825
-6.957
-6.947
-6.773
-6.669
-6.816
-7.068
-7.256
-7.399
-7.537
-7.612
-7.615
-7.526
-7.263
-6.941
-6.812
-6.943
-7.174
-7.408
-7.619
-7.766
-7.88
-8.016
-8.107
-8.111
-8.177
-8.379
-8.558
-8.572
-8.449
-8.309
-8.281
-8.345
-8.438
-8.615
-8.91
-9.234
-9.459
-9.597
-9.733
-9.808
-9.726
-9.533
-9.279
-8.994
-8.767
-8.647
-8.495
-8.304
-8.295
-8.556
-8.864
-9.13
-9.418
-9.722
-9.982
-10.153
-10.11
-9.833
-9.434
-9.093
-8.923
-8.846
-8.805
-8.828
-8.882
-8.885
-8.81
-8.685
-8.638
-8.617
-8.413
-8.032
-7.598
-7.245
-7.05
-6.989
-6.945
-6.825
-6.703
-6.698
-6.846
-7.031
-7.163
-7.163
-7.082
-7.052
-6.954
-6.635
-6.29
-6.222
-6.34
-6.31
-6.115
-5.915
-5.77
-5.709
-5.752
-5.766
-5.723
-5.789
-5.918
-5.873
-5.661
-5.528
-5.548
-5.566
-5.489
-5.45
-5.528
-5.659
-5.77
-5.827
-5.809
-5.793
-5.829
-5.879
-5.843
-5.713
-5.53
-5.412
-5.433
-5.492
-5.544
-5.72
-6.077
-6.471
-6.725
-6.746
-6.564
-6.294
-5.999
-5.691
-5.403
-5.212
-5.221
-5.378
-5.541
-5.713
-5.945
-6.16
-6.276
-6.278
-6.151
-5.911
-5.595
-5.262
-4.956
-4.79
-4.895
-5.249
-5.691
-5.999
-6.142
-6.238
-6.303
-6.242
-6.09
-5.877
-5.528
-5.19
-5.081
-5.201
-5.403
-5.605
-5.829
-6.04
-6.17
-6.188
-6.129
-6.05
-5.936
-5.684
-5.283
-4.772
-4.391
-4.239
-4.185
-4.241
-4.584
-5.099
-5.453
-5.482
-5.323
-5.194
-5.131
-5.006
-4.811
-4.629
-4.414
-4.169
-4.026
-3.963
-3.858
-3.758
-3.699
-3.611
-3.504
-3.386
-3.284
-3.248
-3.15
-2.955
-2.735
-2.599
-2.579
-2.59
-2.538
-2.427
-2.295
-2.139
-1.905
-1.56
-1.166
-0.859
-0.825
-1.052
-1.358
-1.624
-1.864
-2.087
-2.216
-2.202
-1.975
-1.585
-1.164
-0.8
-0.621
-0.73
-1.034
-1.397
-1.719
-1.885
-1.846
-1.722
-1.66
-1.644
-1.56
-1.417
-1.32
-1.256
-1.116
-0.869
-0.576
-0.249
-0.004
0.007
-0.181
-0.433
-0.678
-0.878
-0.968
-0.964
-0.878
-0.707
-0.417
-0.052
0.256
0.431
0.501
0.508
0.469
0.417
0.442
0.544
0.705
0.921
1.134
1.284
1.347
1.37
1.495
1.771
2.173
2.64
3.162
3.634
3.981
4.26
4.489
4.686
4.892
5.104
5.239
5.357
5.621
6.024
6.324
6.392
6.292
6.181
6.158
6.192
6.256
6.319
6.383
6.467
6.598
6.714
6.694
6.646
6.791
7.106
7.388
7.569
7.728
7.791
7.583
7.193
6.923
6.784
6.498
6.027
5.693
5.72
6.086
6.68
7.242
7.476
7.295
7.025
6.92
6.644
5.893
4.868
4.042
3.647
3.666
3.849
4.033
4.155
4.089
3.879
3.681
3.457
3.014
2.443
2
1.853
1.901
1.821
1.631
1.594
1.758
1.978
2.177
2.334
2.257
1.796
1.063
0.419
-0.079
-0.651
-1.318
-1.869
-2.175
-2.171
-1.783
-1.193
-0.762
-0.655
-0.712
-0.871
-1.433
-2.511
-3.747
-4.715
-5.155
-5.022
-4.507
-3.858
-3.237
-2.72
-2.289
-1.941
-1.819
-2.087
-2.674
-3.243
-3.506
-3.461
-3.243
-2.998
-2.726
-2.252
-1.483
-0.644
-0.109
-0.036
-0.267
-0.562
-0.835
-1.261
-1.835
-2.314
-2.502
-2.286
-1.676
-0.846
-0.007
0.805
1.592
2.123
2.2
1.951
1.472
0.783
0.095
-0.249
-0.084
0.551
1.529
2.665
3.686
4.432
5.004
5.367
5.28
4.729
4.056
3.502
3.085
2.876
2.973
3.321
3.779
4.342
5.094
5.909
6.44
6.494
6.242
5.759
5.076
4.362
3.733
3.332
3.295
3.638
4.31
5.174
6.047
6.655
6.823
6.646
6.265
5.661
4.858
4.01
3.382
3.071
3.032
3.198
3.504
3.942
4.504
5.04
5.385
5.38
4.986
4.269
3.38
2.538
1.864
1.363
1.052
1.016
1.256
1.708
2.255
2.699
2.867
2.71
2.291
1.724
1.052
0.258
-0.544
-1.107
-1.365
-1.433
-1.299
-0.955
-0.585
-0.363
-0.272
-0.279
-0.429
-0.828
-1.404
-2.044
-2.629
-2.987
-3.071
-2.946
-2.604
-2.039
-1.365
-0.83
-0.637
-0.928
-1.585
-2.37
-3.16
-3.901
-4.475
-4.736
-4.634
-4.285
-3.754
-3.03
-2.214
-1.515
-1.141
-1.202
-1.635
-2.291
-2.883
-3.155
-3.205
-3.196
-3.028
-2.57
-1.914
-1.288
-0.812
-0.469
-0.191
0.009
-0.016
-0.34
-0.814
-1.25
-1.526
-1.531
-1.17
-0.508
0.27
0.946
1.513
2.093
2.622
2.912
2.862
2.565
2.293
2.25
2.32
2.329
2.259
2.348
2.751
3.368
3.906
4.18
4.285
4.373
4.445
4.412
4.314
4.303
4.344
4.342
4.321
4.448
4.795
5.14
5.264
5.369
5.652
5.918
6.033
5.934
5.448
4.661
3.985
3.631
3.346
2.939
2.574
2.577
2.906
3.257
3.461
3.561
3.604
3.506
3.18
2.624
1.921
1.286
0.932
0.812
0.739
0.783
1.093
1.447
1.59
1.638
1.715
1.726
1.506
0.966
0.238
-0.46
-1.032
-1.417
-1.49
-1.345
-1.143
-0.844
-0.488
-0.315
-0.41
-0.614
-0.873
-1.297
-1.808
-2.155
-2.234
-2.143
-2
-1.796
-1.486
-1.172
-0.973
-0.97
-1.129
-1.297
-1.327
-1.338
-1.549
-1.903
-2.087
-1.973
-1.708
-1.535
-1.549
-1.569
-1.458
-1.282
-1.227
-1.277
-1.37
-1.479
-1.601
-1.739
-1.941
-2.061
-1.937
-1.579
-1.102
-0.658
-0.292
0.02
0.14
-0.048
-0.426
-0.898
-1.4
-1.828
-2.057
-2.091
-1.982
-1.697
-1.236
-0.744
-0.426
-0.249
0
0.342
0.621
0.735
0.667
0.381
-0.183
-0.88
-1.429
-1.665
-1.672
-1.533
-1.161
-0.596
-0.014
0.471
0.844
1.063
1.088
1.009
0.791
0.277
-0.54
-1.309
-1.642
-1.479
-1.023
-0.456
0.213
0.973
1.601
1.862
1.685
1.245
0.81
0.494
0.288
0.086
-0.077
0.007
0.508
1.227
1.932
2.538
3.001
3.196
3.035
2.631
2.123
1.733
1.599
1.68
1.978
2.481
3.017
3.441
3.842
4.201
4.328
4.16
3.867
3.552
3.137
2.676
2.329
2.225
2.302
2.497
2.855
3.432
4.076
4.641
5.069
5.362
5.351
4.922
4.246
3.64
3.257
3.066
3.032
3.205
3.645
4.232
4.729
5.051
5.237
5.308
5.273
5.208
5.205
5.256
5.369
5.589
5.816
5.811
5.5
5.205
5.317
5.793
6.433
7.141
7.73
8.036
8.05
7.8
7.342
6.918
6.73
6.77
7.04
7.421
7.814
8.2
8.565
8.851
9
8.975
8.874
8.742
8.495
8.161
7.955
8.089
8.547
9.143
9.658
9.992
10.275
10.568
10.824
10.98
10.983
10.951
11.044
11.185
11.203
10.983
10.663
10.565
10.829
11.239
11.659
12.165
12.747
13.238
13.423
13.251
12.806
12.21
11.611
11.16
10.978
11.171
11.707
12.398
13.042
13.392
13.312
12.97
12.507
11.906
11.21
10.631
10.386
10.429
10.593
10.779
11.019
11.201
11.11
10.783
10.468
10.137
9.66
9.107
8.554
7.88
7.079
6.367
5.877
5.541
5.315
5.346
5.648
5.943
6.038
5.997
5.902
5.657
5.119
4.346
3.602
3.073
2.71
2.402
2.157
1.867
1.461
1.029
0.721
0.478
0.197
-0.009
0.004
0.256
0.576
0.701
0.648
0.599
0.46
-0.061
-1.029
-2.137
-2.969
-3.27
-3.15
-2.801
-2.363
-1.973
-1.776
-1.828
-2.093
-2.465
-2.737
-2.765
-2.581
-2.314
-2.114
-1.987
-1.733
-1.356
-1.227
-1.522
-1.792
-1.719
-1.597
-1.626
-1.587
-1.336
-0.948
-0.56
-0.24
0.016
0.311
0.712
1.172
1.506
1.538
1.379
1.275
1.336
1.424
1.365
1.415
1.892
2.685
3.531
4.319
4.999
5.557
5.897
5.748
5.142
4.455
3.958
3.842
4.178
4.822
5.693
6.666
7.417
7.789
7.853
7.646
7.276
6.843
6.478
6.333
6.446
6.732
7.07
7.335
7.469
7.617
7.819
7.864
7.68
7.469
7.463
7.594
7.589
7.397
7.213
7.19
7.188
7.054
6.859
6.689
6.566
6.512
6.433
6.208
5.82
5.405
5.101
4.831
4.548
4.434
4.65
5.047
5.303
5.212
4.927
4.691
4.443
3.919
3.205
2.556
2.123
1.894
1.792
1.801
1.817
1.781
1.726
1.631
1.37
1.012
0.76
0.633
0.524
0.349
0.066
-0.242
-0.572
-1.014
-1.463
-1.719
-1.781
-1.683
-1.533
-1.395
-1.175
-0.778
-0.404
-0.331
-0.619
-1.116
-1.624
-1.978
-2.132
-2.093
-1.932
-1.626
-1.179
-0.773
-0.535
-0.376
-0.224
-0.14
-0.177
-0.338
-0.612
-0.907
-1.172
-1.449
-1.585
-1.4
-0.916
-0.281
0.247
0.614
1.009
1.377
1.456
1.22
0.803
0.333
-0.029
-0.136
-0.011
0.149
0.385
0.85
1.54
2.207
2.665
2.84
2.788
2.661
2.497
2.297
2.089
1.966
1.971
2.211
2.697
3.225
3.708
4.257
4.734
4.94
4.854
4.555
4.224
3.929
3.597
3.309
3.295
3.647
4.185
4.675
5.054
5.332
5.492
5.448
5.074
4.342
3.506
2.897
2.595
2.563
2.715
2.985
3.364
3.885
4.328
4.389
4.028
3.543
3.162
2.722
2.032
1.211
0.476
-0.124
-0.606
-0.8
-0.61
-0.249
0.138
0.619
1.191
1.606
1.592
1.175
0.454
-0.533
-1.649
-2.561
-3.03
-3.087
-2.828
-2.245
-1.436
-0.665
-0.249
-0.299
-0.673
-1.234
-1.955
-2.794
-3.568
-4.064
-4.285
-4.323
-4.058
-3.402
-2.729
-2.406
-2.318
-2.282
-2.341
-2.595
-3.017
-3.575
-4.325
-5.131
-5.639
-5.671
-5.355
-4.849
-4.153
-3.268
-2.356
-1.685
-1.415
-1.499
-1.871
-2.461
-3.103
-3.649
-3.935
-3.86
-3.409
-2.672
-1.846
-1.12
-0.644
-0.431
-0.415
-0.585
-0.857
-1.055
-1.075
-0.894
-0.585
-0.165
0.333
0.839
1.282
1.554
1.717
1.785
1.71
1.463
1.166
0.993
0.884
0.678
0.547
0.746
1.277
1.948
2.536
2.978
3.343
3.738
4.053
4.103
3.922
3.686
3.447
3.178
2.901
2.633
2.359
2.152
2.218
2.647
3.266
3.865
4.468
5.033
5.346
5.376
5.226
4.956
4.584
4.237
4.121
4.235
4.369
4.468
4.693
5.092
5.55
5.956
6.278
6.487
6.48
6.254
5.956
5.716
5.562
5.528
5.646
5.87
6.199
6.605
7.07
7.517
7.753
7.601
7.138
6.58
5.981
5.308
4.743
4.55
4.861
5.548
6.265
6.764
7.061
7.208
7.202
7.031
6.682
6.158
5.553
5.163
5.183
5.464
5.764
5.949
6.043
6.083
6.05
5.929
5.707
5.455
5.283
5.246
5.294
5.258
5.029
4.786
4.79
4.986
5.079
4.945
4.666
4.407
4.271
4.189
4.033
3.779
3.506
3.203
2.824
2.533
2.502
2.636
2.763
2.819
2.862
2.987
3.205
3.441
3.565
3.561
3.475
3.293
3.005
2.638
2.204
1.842
1.717
1.805
1.973
2.148
2.277
2.42
2.654
2.921
3.071
3.028
2.899
2.71
2.388
2.003
1.71
1.581
1.565
1.59
1.737
2.125
2.656
3.055
3.164
3.037
2.792
2.522
2.293
2.155
2.068
2.093
2.361
2.799
3.091
3.166
3.207
3.28
3.25
3.001
2.633
2.282
1.991
1.815
1.84
2.055
2.366
2.695
2.939
3.042
3.06
3.139
3.293
3.384
3.268
2.976
2.661
2.381
2.204
2.173
2.3
2.572
2.944
3.282
3.466
3.479
3.461
3.518
3.538
3.423
3.237
3.096
3.085
3.139
3.144
3.139
3.246
3.323
3.162
2.849
2.681
2.769
3.007
3.23
3.243
3.073
2.951
2.924
2.865
2.699
2.511
2.465
2.547
2.597
2.626
2.71
2.83
2.976
3.103
3.103
2.933
2.656
2.411
2.304
2.236
2.082
1.964
2.014
2.139
2.266
2.472
2.704
2.81
2.729
2.477
2.186
2.028
1.973
1.944
1.996
2.202
2.533
2.824
2.917
2.81
2.706
2.67
2.642
2.611
2.552
2.468
2.432
2.484
2.511
2.468
2.425
2.422
2.488
2.615
2.758
2.917
3.073
3.105
2.976
2.713
2.422
2.273
2.209
2.137
2.13
2.218
2.309
2.375
2.436
2.393
2.162
1.828
1.606
1.569
1.59
1.547
1.474
1.499
1.579
1.656
1.667
1.545
1.306
1.111
1.027
1.052
1.2
1.347
1.318
1.143
0.903
0.61
0.313
0.132
0.124
0.27
0.492
0.701
0.787
0.701
0.503
0.233
-0.068
-0.37
-0.703
-1.052
-1.256
-1.295
-1.27
-1.275
-1.343
-1.406
-1.4
-1.358
-1.377
-1.497
-1.621
-1.676
-1.792
-2.041
-2.314
-2.531
-2.588
-2.37
-1.953
-1.594
-1.427
-1.327
-1.282
-1.497
-2.023
-2.631
-3.089
-3.373
-3.495
-3.405
-3.103
-2.713
-2.393
-2.236
-2.214
-2.277
-2.341
-2.377
-2.415
-2.454
-2.552
-2.788
-3.116
-3.43
-3.654
-3.749
-3.649
-3.518
-3.509
-3.568
-3.536
-3.409
-3.295
-3.346
-3.479
-3.536
-3.588
-3.84
-4.23
-4.523
-4.532
-4.316
-4.089
-3.967
-3.933
-3.883
-3.801
-3.84
-4.133
-4.586
-4.936
-5.067
-5.11
-5.18
-5.221
-5.051
-4.745
-4.595
-4.731
-4.929
-5.058
-5.194
-5.421
-5.639
-5.736
-5.725
-5.757
-5.925
-6.052
-5.9
-5.519
-5.099
-4.77
-4.532
-4.305
-4.11
-4.158
-4.43
-4.652
-4.677
-4.636
-4.625
-4.681
-4.774
-4.788
-4.568
-4.14
-3.769
-3.663
-3.815
-4.148
-4.622
-5.124
-5.433
-5.349
-4.956
-4.548
-4.283
-4.171
-4.146
-4.26
-4.468
-4.55
-4.432
-4.23
-4.071
-3.958
-3.94
-4.128
-4.414
-4.546
-4.493
-4.38
-4.203
-3.917
-3.659
-3.615
-3.87
-4.355
-4.924
-5.385
-5.514
-5.378
-5.199
-5.001
-4.763
-4.573
-4.455
-4.332
-4.232
-4.303
-4.586
-4.908
-5.121
-5.249
-5.292
-5.235
-5.147
-5.115
-5.135
-5.305
-5.652
-5.929
-5.854
-5.478
-5.067
-4.818
-4.765
-4.82
-4.886
-4.917
-4.929
-4.902
-4.804
-4.734
-4.879
-5.237
-5.603
-5.868
-6.002
-6.067
-6.126
-6.165
-6.195
-6.224
-6.226
-6.235
-6.254
-6.258
-6.308
-6.487
-6.759
-7.02
-7.17
-7.156
-7.05
-6.939
-6.875
-6.857
-6.846
-6.918
-7.143
-7.446
-7.744
-7.939
-7.939
-7.676
-7.288
-6.995
