Unnamed: 3
Value
2.157
2.01
1.928
1.873
1.771
1.622
1.508
1.474
1.495
1.56
1.615
1.606
1.549
1.467
1.331
1.161
1.018
0.907
0.766
0.571
0.408
0.308
0.209
0.059
-0.054
-0.1
-0.132
-0.111
0.005
0.145
0.243
0.345
0.49
0.603
0.66
0.692
0.707
0.664
0.592
0.526
0.426
0.292
0.145
0.043
0.02
0.011
-0.086
-0.188
-0.177
-0.086
0.048
0.254
0.442
0.587
0.76
0.941
1.084
1.182
1.238
1.257
1.238
1.17
1.089
1.037
1.032
1.064
1.161
1.252
1.288
1.354
1.515
1.678
1.773
1.873
2.014
2.15
2.286
2.434
2.54
2.62
2.703
2.796
2.915
3.035
3.098
3.166
3.287
3.445
3.536
3.597
3.643
3.672
3.726
3.833
3.908
3.997
4.133
4.282
4.439
4.618
4.793
4.915
5.033
5.185
5.296
5.314
5.255
5.185
5.088
4.911
4.7
4.509
4.375
4.253
4.158
4.137
4.23
4.425
4.62
4.811
5.036
5.271
5.491
5.627
5.614
5.514
5.36
5.128
4.813
4.434
4.017
3.604
3.225
2.901
2.681
2.563
2.552
2.651
2.806
2.965
3.139
3.323
3.436
3.482
3.45
3.364
3.203
2.935
2.577
2.232
1.946
1.726
1.549
1.456
1.51
1.694
1.942
2.218
2.52
2.753
2.901
2.987
2.987
2.926
2.853
2.772
2.635
2.481
2.343
2.234
2.196
2.266
2.44
2.66
2.908
3.157
3.375
3.529
3.563
3.5
3.393
3.282
3.146
2.96
2.792
2.706
2.71
2.808
2.958
3.119
3.327
3.602
3.881
4.112
4.244
4.228
4.083
3.913
3.74
3.507
3.255
3.096
2.974
2.84
2.749
2.781
2.926
3.18
3.534
3.895
4.174
4.373
4.493
4.514
4.45
4.366
4.257
4.049
3.738
3.436
3.18
2.958
2.828
2.844
2.985
3.182
3.427
3.815
4.26
4.636
4.92
5.142
5.308
5.38
5.344
5.192
4.949
4.713
4.511
4.287
4.112
4.058
4.085
4.149
4.307
4.548
4.804
5.042
5.255
5.512
5.809
6.022
6.106
6.17
6.21
6.115
5.932
5.761
5.616
5.462
5.339
5.276
5.217
5.176
5.215
5.321
5.421
5.537
5.711
5.902
6.049
6.161
6.217
6.233
6.183
6.136
6.095
5.99
5.795
5.639
5.58
5.53
5.43
5.337
5.249
5.151
5.083
5.101
5.124
5.126
5.192
5.299
5.319
5.262
5.246
5.265
5.269
5.226
5.156
5.04
4.847
4.598
4.432
4.332
4.144
3.899
3.745
3.652
3.563
3.482
3.457
3.445
3.423
3.436
3.484
3.454
3.398
3.402
3.393
3.291
3.157
3.037
2.91
2.792
2.719
2.694
2.672
2.595
2.515
2.552
2.577
2.536
2.597
2.794
2.946
2.996
3.058
3.101
3.071
3.049
3.098
3.128
3.073
3.08
3.137
3.119
2.999
2.935
2.958
2.976
2.969
2.978
2.962
2.901
2.899
3.058
3.259
3.312
3.302
3.355
3.434
3.459
3.466
3.491
3.482
3.416
3.361
3.327
3.194
2.98
2.855
2.869
2.858
2.756
2.726
2.801
2.888
2.965
3.083
3.182
3.21
3.2
3.189
3.105
2.949
2.86
2.819
2.69
2.515
2.452
2.422
2.323
2.252
2.293
2.341
2.345
2.377
2.465
2.561
2.608
2.592
2.574
2.586
2.583
2.474
2.295
2.153
2.071
1.996
1.894
1.773
1.728
1.764
1.776
1.721
1.71
1.828
1.939
1.951
1.924
1.908
1.86
1.769
1.676
1.581
1.47
1.404
1.413
1.449
1.495
1.554
1.578
1.608
1.681
1.796
1.819
1.73
1.676
1.649
1.581
1.513
1.506
1.515
1.49
1.454
1.461
1.49
1.526
1.615
1.719
1.769
1.758
1.758
1.819
1.88
1.917
1.951
2.016
2.087
2.107
2.137
2.196
2.153
2.032
1.987
2.044
2.075
2.014
1.989
2.078
2.168
2.232
2.327
2.411
2.452
2.493
2.545
2.533
2.518
2.611
2.703
2.658
2.565
2.533
2.515
2.45
2.4
2.404
2.425
2.404
2.386
2.4
2.445
2.484
2.479
2.465
2.47
2.459
2.404
2.307
2.207
2.132
2.082
1.985
1.807
1.631
1.513
1.42
1.288
1.13
1.08
1.114
1.093
1.012
0.959
0.955
0.927
0.871
0.789
0.716
0.621
0.508
0.342
0.177
0.041
-0.107
-0.288
-0.349
-0.249
-0.184
-0.215
-0.193
-0.095
-0.023
0.005
0.029
0.043
0.029
-0.041
-0.179
-0.376
-0.503
-0.542
-0.59
-0.726
-0.832
-0.814
-0.739
-0.705
-0.71
-0.667
-0.549
-0.383
-0.238
-0.132
-0.07
-0.057
-0.063
-0.032
0.034
0.059
-0.005
-0.07
-0.088
-0.107
-0.147
-0.147
-0.1
-0.052
0.027
0.107
0.134
0.168
0.281
0.395
0.404
0.401
0.476
0.526
0.49
0.463
0.487
0.515
0.515
0.483
0.419
0.363
0.297
0.197
0.138
0.188
0.254
0.245
0.227
0.243
0.272
0.283
0.252
0.175
0.068
-0.043
-0.209
-0.474
-0.732
-0.882
-0.957
-1.037
-1.123
-1.161
-1.188
-1.232
-1.234
-1.207
-1.209
-1.241
-1.275
-1.352
-1.49
-1.644
-1.839
-2.039
-2.119
-2.132
-2.245
-2.456
-2.633
-2.774
-2.874
-2.922
-2.908
-2.901
-2.906
-2.91
-2.928
-2.985
-3.035
-3.033
-3.044
-3.128
-3.212
-3.23
-3.248
-3.264
-3.185
-3.037
-2.949
-2.922
-2.869
-2.812
-2.821
-2.878
-2.869
-2.776
-2.747
-2.776
-2.762
-2.706
-2.665
-2.597
-2.504
-2.411
-2.332
-2.275
-2.2
-2.062
-1.917
-1.821
-1.674
-1.44
-1.243
-1.111
-1.009
-0.898
-0.769
-0.592
-0.397
-0.283
-0.252
-0.181
-0.043
0.066
0.184
0.392
0.635
0.85
1.073
1.306
1.499
1.674
1.842
2.035
2.286
2.515
2.647
2.747
2.86
2.951
3.024
3.101
3.191
3.309
3.448
3.593
3.76
3.963
4.242
4.577
4.854
5.036
5.212
5.401
5.568
5.704
5.777
5.782
5.773
5.741
5.739
5.8
5.886
5.907
5.909
5.99
6.117
6.208
6.281
6.378
6.48
6.537
6.589
6.634
6.639
6.662
6.673
6.609
6.532
6.507
6.492
6.458
6.43
6.424
6.467
6.482
6.451
6.394
6.317
6.238
6.124
5.975
5.852
5.755
5.673
5.582
5.498
5.428
5.378
5.337
5.267
5.117
4.997
4.895
4.747
4.559
4.412
4.307
4.192
4.09
4.056
4.049
3.976
3.858
3.79
3.731
3.609
3.37
3.096
2.849
2.608
2.377
2.184
2.021
1.914
1.882
1.921
1.962
2.016
2.125
2.196
2.153
2.01
1.851
1.681
1.515
1.374
1.266
1.168
1.082
1
0.9
0.803
0.71
0.608
0.551
0.56
0.569
0.528
0.456
0.374
0.306
0.256
0.209
0.127
0.011
-0.109
-0.238
-0.388
-0.569
-0.692
-0.728
-0.751
-0.757
-0.741
-0.735
-0.769
-0.803
-0.809
-0.809
-0.846
-0.936
-1.039
-1.127
-1.204
-1.25
-1.293
-1.343
-1.368
-1.386
-1.404
-1.418
-1.415
-1.379
-1.322
-1.263
-1.234
-1.218
-1.164
-1.059
-0.921
-0.787
-0.685
-0.646
-0.676
-0.692
-0.705
-0.728
-0.73
-0.707
-0.692
-0.705
-0.737
-0.739
-0.635
-0.399
-0.102
0.156
0.336
0.456
0.544
0.61
0.658
0.682
0.701
0.732
0.771
0.796
0.814
0.821
0.85
0.943
1.168
1.442
1.653
1.789
1.887
1.996
2.114
2.202
2.255
2.295
2.352
2.384
2.377
2.375
2.461
2.597
2.747
2.91
3.028
3.044
3.051
3.098
3.146
3.187
3.185
3.103
3.012
2.953
2.858
2.692
2.522
2.418
2.366
2.329
2.302
2.336
2.42
2.486
2.54
2.597
2.595
2.561
2.508
2.366
2.13
1.851
1.574
1.302
1.055
0.88
0.83
0.866
0.991
1.161
1.25
1.227
1.143
1.048
0.957
0.848
0.644
0.367
0.15
0.059
0.036
-0.02
-0.138
-0.283
-0.351
-0.311
-0.238
-0.256
-0.347
-0.401
-0.34
-0.245
-0.249
-0.363
-0.533
-0.658
-0.637
-0.533
-0.546
-0.714
-0.868
-0.873
-0.812
-0.83
-0.921
-0.966
-0.832
-0.556
-0.302
-0.184
-0.229
-0.361
-0.453
-0.37
-0.211
-0.265
-0.558
-0.821
-0.905
-0.936
-0.996
-1.073
-1.102
-1.048
-0.966
-0.923
-0.927
-0.987
-1.055
-1.028
-0.946
-0.914
-0.959
-1.032
-1.037
-0.934
-0.898
-1.028
-1.236
-1.427
-1.576
-1.651
-1.669
-1.653
-1.624
-1.581
-1.515
-1.411
-1.34
-1.406
-1.524
-1.597
-1.649
-1.749
-1.862
-1.933
-1.942
-1.933
-1.914
-1.835
-1.717
-1.633
-1.622
-1.671
-1.735
-1.773
-1.86
-2.01
-2.191
-2.368
-2.506
-2.572
-2.554
-2.474
-2.42
-2.418
-2.422
-2.384
-2.393
-2.499
-2.649
-2.722
-2.731
-2.778
-2.91
-3.055
-3.087
-3.033
-2.935
-2.844
-2.776
-2.701
-2.615
-2.59
-2.606
-2.597
-2.635
-2.76
-2.878
-2.922
-2.974
-3.096
-3.246
-3.321
-3.339
-3.289
-3.191
-3.103
-3.046
-3.01
-2.949
-2.803
-2.638
-2.54
-2.524
-2.586
-2.681
-2.821
-2.969
-3.062
-3.105
-3.105
-3.078
-3.028
-2.897
-2.74
-2.62
-2.502
-2.379
-2.257
-2.153
-2.116
-2.128
-2.15
-2.209
-2.289
-2.279
-2.216
-2.255
-2.35
-2.388
-2.329
-2.2
-2.057
-1.887
-1.667
-1.483
-1.431
-1.497
-1.538
-1.533
-1.52
-1.549
-1.619
-1.676
-1.742
-1.783
-1.771
-1.751
-1.81
-1.894
-1.955
-1.976
-1.903
-1.846
-1.889
-1.908
-1.776
-1.542
-1.383
-1.449
-1.622
-1.773
-1.976
-2.239
-2.445
-2.604
-2.76
-2.94
-3.096
-3.214
-3.248
-3.166
-3.024
-2.853
-2.719
-2.681
-2.744
-2.778
-2.821
-2.994
-3.307
-3.665
-3.999
-4.26
-4.432
-4.575
-4.677
-4.67
-4.525
-4.35
-4.219
-4.187
-4.221
-4.248
-4.246
-4.271
-4.407
-4.65
-4.915
-5.156
-5.376
-5.602
-5.805
-5.952
-6.022
-6.049
-6.015
-5.873
-5.686
-5.534
-5.405
-5.24
-5.031
-4.913
-4.961
-5.099
-5.292
-5.516
-5.798
-6.113
-6.385
-6.553
-6.591
-6.521
-6.467
-6.439
-6.351
-6.208
-6.104
-6.063
-6.063
-6.072
-6.113
-6.142
-6.147
-6.201
-6.331
-6.467
-6.58
-6.719
-6.855
-6.9
-6.9
-6.939
-6.988
-6.92
-6.714
-6.53
-6.399
-6.283
-6.185
-6.147
-6.117
-6.09
-6.097
-6.208
-6.333
-6.426
-6.594
-6.83
-6.977
-7.013
-7.047
-7.072
-6.995
-6.798
-6.585
-6.412
-6.249
-6.111
-6.013
-5.966
-5.979
-6.065
-6.181
-6.272
-6.38
-6.551
-6.759
-6.857
-6.825
-6.789
-6.769
-6.714
-6.628
-6.532
-6.399
-6.199
-5.988
-5.825
-5.704
-5.636
-5.737
-5.97
-6.17
-6.333
-6.507
-6.689
-6.8
-6.78
-6.701
-6.609
-6.51
-6.38
-6.204
-6.034
-5.925
-5.866
-5.816
-5.814
-5.859
-5.938
-6.04
-6.108
-6.188
-6.312
-6.455
-6.578
-6.634
-6.628
-6.582
-6.496
-6.376
-6.256
-6.142
-6.063
-6.015
-5.952
-5.873
-5.832
-5.848
-5.925
-6.036
-6.156
-6.263
-6.365
-6.489
-6.562
-6.562
-6.546
-6.532
-6.487
-6.367
-6.233
-6.167
-6.106
-5.966
-5.793
-5.702
-5.698
-5.759
-5.848
-5.943
-6.018
-6.108
-6.181
-6.192
-6.129
-6.043
-6.004
-5.99
-5.891
-5.702
-5.498
-5.355
-5.269
-5.217
-5.231
-5.289
-5.36
-5.469
-5.618
-5.746
-5.827
-5.913
-5.986
-5.986
-5.977
-5.95
-5.859
-5.673
-5.469
-5.321
-5.255
-5.231
-5.237
-5.285
-5.371
-5.462
-5.555
-5.625
-5.643
-5.645
-5.716
-5.816
-5.836
-5.759
-5.686
-5.666
-5.614
-5.512
-5.462
-5.469
-5.489
-5.566
-5.7
-5.836
-5.961
-6.068
-6.104
-6.115
-6.142
-6.161
-6.133
-6.054
-5.938
-5.832
-5.773
-5.723
-5.684
-5.636
-5.573
-5.518
-5.525
-5.55
-5.559
-5.593
-5.698
-5.841
-5.929
-5.954
-5.975
-5.977
-5.895
-5.773
-5.668
-5.555
-5.41
-5.24
-5.097
-4.974
-4.879
-4.825
-4.811
-4.888
-5.074
-5.271
-5.43
-5.523
-5.58
-5.625
-5.641
-5.627
-5.584
-5.48
-5.31
-5.119
-4.936
-4.734
-4.532
-4.387
-4.316
-4.31
-4.332
-4.355
-4.414
-4.564
-4.74
-4.909
-5.042
-5.133
-5.142
-5.088
-4.972
-4.795
-4.584
-4.382
-4.21
-4.06
-3.895
-3.772
-3.742
-3.756
-3.794
-3.856
-3.945
-4.101
-4.282
-4.382
-4.382
-4.332
-4.276
-4.196
-4.119
-4.031
-3.935
-3.781
-3.636
-3.522
-3.443
-3.395
-3.359
-3.332
-3.382
-3.479
-3.584
-3.708
-3.845
-3.965
-4.033
-4.074
-4.092
-4.042
-3.906
-3.774
-3.609
-3.386
-3.194
-3.058
-2.942
-2.855
-2.792
-2.715
-2.699
-2.769
-2.867
-2.958
-3.058
-3.13
-3.2
-3.259
-3.257
-3.178
-3.049
-2.956
-2.874
-2.744
-2.595
-2.456
-2.316
-2.248
-2.259
-2.275
-2.314
-2.402
-2.513
-2.649
-2.792
-2.888
-2.928
-2.942
-2.924
-2.837
-2.681
-2.547
-2.427
-2.248
-2.089
-2.005
-1.994
-2.037
-2.119
-2.191
-2.293
-2.386
-2.436
-2.461
-2.484
-2.515
-2.515
-2.47
-2.416
-2.338
-2.193
-2.057
-1.955
-1.842
-1.776
-1.78
-1.764
-1.703
-1.685
-1.712
-1.733
-1.742
-1.783
-1.83
-1.819
-1.771
-1.708
-1.606
-1.533
-1.481
-1.399
-1.318
-1.227
-1.123
-1.021
-0.948
-0.896
-0.871
-0.864
-0.841
-0.773
-0.751
-0.782
-0.773
-0.73
-0.794
-0.948
-1.032
-1.039
-1.034
-1.005
-0.969
-0.918
-0.821
-0.676
-0.517
-0.395
-0.327
-0.283
-0.256
-0.265
-0.313
-0.392
-0.485
-0.599
-0.732
-0.837
-0.898
-0.978
-1.009
-0.923
-0.805
-0.678
-0.501
-0.288
-0.127
0.002
0.095
0.079
-0.007
-0.097
-0.211
-0.404
-0.633
-0.764
-0.83
-0.902
-0.955
-0.946
-0.841
-0.637
-0.392
-0.163
0.084
0.322
0.499
0.585
0.612
0.562
0.388
0.159
-0.034
-0.236
-0.422
-0.558
-0.685
-0.741
-0.712
-0.605
-0.449
-0.238
0.029
0.342
0.624
0.791
0.848
0.868
0.846
0.744
0.549
0.272
-0.002
-0.238
-0.419
-0.524
-0.51
-0.388
-0.168
0.118
0.435
0.73
0.975
1.157
1.293
1.349
1.304
1.13
0.875
0.605
0.338
0.107
-0.068
-0.204
-0.24
-0.122
0.048
0.186
0.347
0.58
0.873
1.152
1.34
1.413
1.422
1.393
1.272
1.071
0.803
0.501
0.222
0
-0.152
-0.156
0.009
0.258
0.556
0.866
1.166
1.379
1.476
1.526
1.581
1.576
1.368
1.028
0.714
0.456
0.215
0.075
0.025
-0.016
-0.027
0.048
0.211
0.469
0.771
1.093
1.42
1.649
1.687
1.558
1.393
1.245
1.1
0.911
0.687
0.438
0.184
-0.045
-0.206
-0.218
-0.052
0.197
0.401
0.556
0.73
0.884
1
1.071
1.046
0.896
0.648
0.324
-0.016
-0.283
-0.497
-0.68
-0.735
-0.694
-0.678
-0.669
-0.551
-0.311
-0.048
0.215
0.419
0.472
0.388
0.254
0.097
-0.097
-0.292
-0.512
-0.8
-1.136
-1.395
-1.488
-1.424
-1.268
-1.03
-0.723
-0.404
-0.147
0.073
0.324
0.571
0.716
0.739
0.639
0.381
0.014
-0.306
-0.483
-0.587
-0.685
-0.71
-0.648
-0.531
-0.338
-0.054
0.286
0.669
1.039
1.295
1.399
1.454
1.504
1.479
1.343
1.125
0.846
0.574
0.363
0.265
0.385
0.646
0.934
1.232
1.59
1.903
2.087
2.25
2.447
2.588
2.59
2.479
2.323
2.18
2.069
1.996
1.939
1.951
2.039
2.119
2.18
2.32
2.604
2.971
3.291
3.509
3.59
3.518
3.411
3.391
3.418
3.429
3.391
3.307
3.259
3.268
3.266
3.309
3.463
3.661
3.854
4.008
4.124
4.228
4.359
4.452
4.434
4.393
4.346
4.185
3.958
3.856
3.895
3.926
3.938
3.949
3.917
3.874
3.929
4.083
4.232
4.341
4.418
4.446
4.455
4.505
4.527
4.48
4.439
4.391
4.31
4.18
4.065
4.017
4.031
4.062
4.078
4.13
4.217
4.253
4.264
4.366
4.509
4.591
4.62
4.582
4.475
4.359
4.337
4.405
4.493
4.586
4.681
4.761
4.843
4.988
5.126
5.215
5.269
5.296
5.231
5.124
5.013
4.956
4.967
4.949
4.881
4.863
4.954
5.042
5.124
5.258
5.387
5.446
5.48
5.516
5.478
5.369
5.296
5.274
5.215
5.128
5.083
5.104
5.162
5.31
5.6
5.936
6.133
6.217
6.292
6.342
6.331
6.303
6.297
6.233
6.072
5.857
5.643
5.462
5.378
5.455
5.668
5.907
6.117
6.297
6.482
6.716
6.954
7.097
7.091
6.973
6.823
6.623
6.362
6.136
5.97
5.866
5.834
5.825
5.814
5.854
6.034
6.247
6.378
6.512
6.666
6.725
6.719
6.755
6.787
6.723
6.58
6.408
6.222
6.052
5.922
5.898
5.956
6.04
6.176
6.346
6.526
6.737
6.934
7.043
7.147
7.245
7.258
7.188
7.104
7.011
6.905
6.759
6.585
6.442
6.374
6.426
6.589
6.721
6.823
7.02
7.29
7.501
7.644
7.655
7.555
7.401
7.229
7.041
6.796
6.494
6.224
6.095
6.043
6.024
6.072
6.179
6.34
6.557
6.823
7.122
7.419
7.649
7.76
7.755
7.631
7.426
7.267
7.147
6.934
6.705
6.616
6.701
6.796
6.775
6.782
6.973
7.229
7.424
7.571
7.66
7.642
7.585
7.521
7.397
7.183
6.932
6.737
6.648
6.6
6.535
6.478
6.516
6.685
6.893
7.068
7.197
7.308
7.392
7.462
7.492
7.403
7.231
7.023
6.741
6.455
6.238
6.086
5.963
5.902
5.913
5.997
6.102
6.24
6.414
6.571
6.676
6.787
6.852
6.805
6.705
6.625
6.532
6.433
6.38
6.346
6.283
6.226
6.26
6.376
6.557
6.753
6.923
7.02
7.063
7.111
7.14
7.106
7.063
7.034
6.964
6.848
6.769
6.735
6.71
6.705
6.773
6.92
7.061
7.111
7.134
7.188
7.261
7.295
7.281
7.213
7.066
6.88
6.703
6.551
6.435
6.342
6.267
6.222
6.233
6.247
6.26
6.317
6.392
6.46
6.469
6.383
6.224
6.081
5.981
5.859
5.691
5.577
5.525
5.45
5.328
5.206
5.201
5.314
5.419
5.46
5.496
5.534
5.528
5.448
5.391
5.364
5.292
5.172
5.085
5.042
5.038
5.042
5.097
5.237
5.389
5.457
5.437
5.362
5.301
5.26
5.201
5.094
4.979
4.861
4.711
4.514
4.364
4.355
4.371
4.366
4.366
4.371
4.384
4.45
4.514
4.53
4.502
4.468
4.389
4.276
4.137
3.979
3.84
3.756
3.702
3.656
3.609
3.511
3.443
3.47
3.518
3.543
3.531
3.459
3.352
3.271
3.21
3.155
3.092
2.96
2.826
2.785
2.783
2.792
2.806
2.799
2.846
2.926
2.953
2.958
2.944
2.865
2.778
2.685
2.597
2.502
2.391
2.307
2.27
2.27
2.279
2.295
2.302
2.304
2.298
2.275
2.252
2.284
2.327
2.352
2.4
2.438
2.397
2.366
2.366
2.375
2.395
2.37
2.277
2.184
2.123
2.055
1.985
1.946
2.003
2.094
2.164
2.261
2.377
2.472
2.554
2.613
2.638
2.631
2.543
2.393
2.221
2.066
1.951
1.876
1.821
1.749
1.674
1.692
1.76
1.814
1.882
1.946
1.971
1.96
1.851
1.712
1.574
1.413
1.286
1.2
1.107
1.007
0.939
0.978
1.118
1.254
1.343
1.438
1.515
1.524
1.479
1.408
1.297
1.114
0.916
0.714
0.472
0.288
0.181
0.122
0.109
0.19
0.329
0.415
0.438
0.465
0.481
0.447
0.354
0.172
-0.057
-0.281
-0.474
-0.614
-0.746
-0.877
-0.948
-0.943
-0.932
-0.896
-0.828
-0.762
-0.732
-0.766
-0.893
-1.091
-1.309
-1.483
-1.637
-1.817
-1.98
-2.114
-2.198
-2.241
-2.273
-2.289
-2.27
-2.232
-2.177
-2.137
-2.125
-2.139
-2.166
-2.18
-2.216
-2.357
-2.561
-2.715
-2.824
-2.94
-3.021
-2.996
-2.897
-2.826
-2.787
-2.756
-2.69
-2.586
-2.52
-2.504
-2.468
-2.416
-2.411
-2.474
-2.613
-2.747
-2.86
-3.005
-3.155
-3.216
-3.232
-3.253
-3.275
-3.25
-3.2
-3.153
-3.098
-3.049
-3.001
-2.971
-3.003
-3.055
-3.096
-3.175
-3.359
-3.631
-3.852
-3.976
-4.115
-4.235
-4.251
-4.178
-4.09
-4.024
-3.947
-3.813
-3.686
-3.67
-3.711
-3.797
-3.974
-4.205
-4.464
-4.74
-4.961
-5.117
-5.26
-5.376
-5.389
-5.31
-5.172
-4.981
-4.761
-4.575
-4.466
-4.52
-4.656
-4.825
-5.063
-5.323
-5.568
-5.793
-5.984
-6.133
-6.253
-6.324
-6.322
-6.265
-6.156
-6.031
-5.956
-5.927
-5.92
-5.913
-5.936
-6.031
-6.217
-6.442
-6.628
-6.753
-6.83
-6.866
-6.852
-6.805
-6.796
-6.839
-6.791
-6.603
-6.426
-6.344
-6.306
-6.306
-6.351
-6.428
-6.566
-6.694
-6.775
-6.852
-6.923
-6.954
-6.977
-7.016
-6.993
-6.843
-6.616
-6.448
-6.417
-6.462
-6.453
-6.387
-6.326
-6.308
-6.328
-6.358
-6.43
-6.594
-6.735
-6.737
-6.689
-6.721
-6.764
-6.732
-6.657
-6.632
-6.655
-6.671
-6.614
-6.575
-6.603
-6.634
-6.657
-6.741
-6.898
-6.968
-6.911
-6.871
-6.964
-7.1
-7.17
-7.138
-7.072
-7.013
-6.95
-6.902
-6.905
-7.011
-7.174
-7.247
-7.208
-7.231
-7.349
-7.428
-7.501
-7.642
-7.751
-7.764
-7.685
-7.605
-7.555
-7.528
-7.505
-7.492
-7.526
-7.614
-7.658
-7.621
-7.637
-7.789
-7.959
-8.061
-8.148
-8.236
-8.274
-8.259
-8.234
-8.218
-8.259
-8.302
-8.274
-8.204
-8.166
-8.2
-8.286
-8.395
-8.492
-8.528
-8.531
-8.556
-8.601
-8.692
-8.819
-8.885
-8.889
-8.912
-8.93
-8.846
-8.712
-8.683
-8.758
-8.828
-8.828
-8.79
-8.778
-8.839
-8.917
-8.941
-8.953
-9.039
-9.114
-9.073
-8.957
-8.907
-8.953
-9
-8.994
-8.923
-8.801
-8.667
-8.576
-8.553
-8.617
-8.746
-8.839
-8.86
-8.923
-9.019
-9.039
-9.039
-9.098
-9.173
-9.189
-9.127
-9.021
-8.907
-8.821
-8.735
-8.631
-8.533
-8.499
-8.515
-8.499
-8.513
-8.631
-8.792
-8.912
-8.944
-8.892
-8.821
-8.821
-8.858
-8.873
-8.864
-8.801
-8.66
-8.522
-8.488
-8.522
-8.497
-8.449
-8.433
-8.429
-8.429
-8.411
-8.411
-8.476
-8.581
-8.654
-8.615
-8.503
-8.397
-8.358
-8.343
-8.313
-8.329
-8.367
-8.356
-8.268
-8.17
-8.154
-8.252
-8.406
-8.556
-8.676
-8.719
-8.624
-8.515
-8.503
-8.542
-8.513
-8.424
-8.308
-8.179
-8.079
-8.061
-8.104
-8.182
-8.297
-8.365
-8.327
-8.313
-8.426
-8.572
-8.642
-8.672
-8.724
-8.753
-8.701
-8.567
-8.431
-8.356
-8.322
-8.277
-8.231
-8.159
-8.045
-7.937
-7.955
-8.116
-8.243
-8.295
-8.329
-8.32
-8.281
-8.281
-8.327
-8.345
-8.37
-8.381
-8.327
-8.222
-8.168
-8.168
-8.154
-8.098
-8.048
-8.079
-8.114
-8.068
-8.005
-7.932
-7.884
-7.866
-7.853
-7.857
-7.894
-7.909
-7.898
-7.943
-8.023
-8.005
-7.894
-7.792
-7.708
-7.614
-7.481
-7.331
-7.197
-7.088
-6.995
-6.925
-6.939
-7.045
-7.125
-7.154
-7.218
-7.306
-7.365
-7.36
-7.283
-7.138
-7.002
-6.891
-6.739
-6.537
-6.392
-6.356
-6.31
-6.235
-6.26
-6.385
-6.478
-6.496
-6.505
-6.532
-6.564
-6.566
-6.566
-6.598
-6.609
-6.507
-6.351
-6.267
-6.263
-6.238
-6.204
-6.188
-6.197
-6.224
-6.292
-6.367
-6.417
-6.482
-6.575
-6.591
-6.521
-6.496
-6.482
-6.435
-6.392
-6.38
-6.328
-6.199
-5.995
-5.818
-5.713
-5.657
-5.6
-5.621
-5.713
-5.786
-5.807
-5.841
-5.922
-5.99
-6.02
-6.077
-6.115
-6.068
-5.968
-5.836
-5.659
-5.448
-5.217
-4.977
-4.818
-4.766
-4.763
-4.779
-4.856
-4.999
-5.153
-5.276
-5.337
-5.33
-5.31
-5.292
-5.21
-5.063
-4.881
-4.688
-4.486
-4.328
-4.278
-4.285
-4.296
-4.359
-4.468
-4.561
-4.57
-4.552
-4.62
-4.713
-4.681
-4.509
-4.266
-4.006
-3.745
-3.541
-3.441
-3.418
-3.391
-3.366
-3.352
-3.346
-3.359
-3.445
-3.529
-3.59
-3.663
-3.733
-3.704
-3.604
-3.513
-3.346
-3.096
-2.855
-2.697
-2.599
-2.524
-2.484
-2.54
-2.679
-2.794
-2.869
-2.971
-3.101
-3.155
-3.123
-3.13
-3.157
-3.141
-3.049
-2.956
-2.869
-2.749
-2.681
-2.685
-2.708
-2.762
-2.881
-2.956
-2.978
-3.017
-3.08
-3.11
-3.141
-3.157
-3.103
-3.028
-2.915
-2.778
-2.694
-2.631
-2.574
-2.567
-2.645
-2.692
-2.676
-2.647
-2.697
-2.803
-2.876
-2.915
-2.974
-3.019
-3.024
-2.949
-2.801
-2.624
-2.468
-2.363
-2.307
-2.239
-2.143
-2.037
-1.971
-1.98
-2.044
-2.109
-2.209
-2.307
-2.363
-2.379
-2.341
-2.232
-2.121
-2.003
-1.851
-1.66
-1.486
-1.352
-1.259
-1.168
-1.028
-0.941
-0.943
-0.946
-0.934
-0.939
-0.93
-0.866
-0.794
-0.732
-0.662
-0.542
-0.381
-0.211
0
0.215
0.361
0.456
0.481
0.453
0.424
0.429
0.458
0.494
0.524
0.519
0.531
0.605
0.735
0.902
1.055
1.143
1.179
1.218
1.284
1.309
1.272
1.238
1.247
1.25
1.188
1.096
1.055
1.109
1.236
1.39
1.461
1.433
1.383
1.347
1.257
1.118
0.948
0.825
0.78
0.744
0.716
0.712
0.755
0.887
1.08
1.238
1.293
1.268
1.284
1.365
1.418
1.343
1.234
1.145
1.021
0.914
0.853
0.76
0.669
0.689
0.807
0.93
0.993
1.007
1.066
1.209
1.347
1.436
1.465
1.427
1.354
1.304
1.245
1.148
1.068
0.996
0.948
1.003
1.093
1.164
1.243
1.359
1.49
1.597
1.651
1.683
1.776
1.896
1.948
1.928
1.91
1.894
1.921
2.01
2.084
2.109
2.137
2.214
2.336
2.484
2.595
2.656
2.749
2.897
3.028
3.103
3.144
3.173
3.219
3.262
3.271
3.291
3.336
3.398
3.486
3.536
3.541
3.615
3.781
3.994
4.223
4.443
4.627
4.772
4.868
4.872
4.8
4.684
4.598
4.62
4.695
4.681
4.625
4.663
4.811
4.99
5.176
5.326
5.423
5.516
5.641
5.732
5.723
5.616
5.55
5.543
5.559
5.562
5.532
5.487
5.457
5.487
5.514
5.552
5.668
5.791
5.82
5.814
5.798
5.741
5.684
5.682
5.766
5.929
5.995
5.92
5.945
6.086
6.117
6.147
6.274
6.333
6.369
6.48
6.569
6.546
6.492
6.46
6.446
6.403
6.328
6.326
6.36
6.424
6.628
6.825
6.889
6.964
7.12
7.283
7.437
7.592
7.662
7.696
7.776
7.862
7.882
7.869
7.891
7.989
8.116
8.218
8.284
8.327
8.408
8.574
8.79
8.989
9.096
9.143
9.177
9.229
9.338
9.468
9.586
9.72
9.851
9.885
9.89
9.96
10.03
10.051
10.066
10.11
10.209
10.336
10.452
10.568
10.702
10.86
11.065
11.223
11.255
11.257
11.294
11.294
11.266
11.269
11.262
11.201
11.148
11.176
11.287
11.437
11.532
11.575
11.607
11.729
11.961
12.183
12.312
12.382
12.371
12.321
12.301
12.271
12.16
12.029
11.927
11.888
11.858
11.741
11.557
11.459
11.487
11.6
11.763
11.87
11.915
12.01
12.119
12.144
12.099
12.058
11.992
11.852
11.645
11.407
11.223
11.08
10.933
10.811
10.724
10.647
10.618
10.672
10.795
10.881
10.899
10.854
10.781
10.697
10.604
10.495
10.357
10.223
10.1
9.915
9.751
9.686
9.688
9.688
9.715
9.783
9.844
9.822
9.806
9.835
9.871
9.896
9.842
9.658
9.443
9.309
9.161
8.98
8.81
8.69
8.667
8.762
8.842
8.894
8.971
9.057
9.164
9.268
9.313
9.356
9.42
9.422
9.295
9.093
8.901
8.821
8.808
8.717
8.585
8.538
8.517
8.483
8.472
8.481
8.492
8.517
8.572
8.644
8.701
8.753
8.876
9.041
9.148
9.18
9.191
9.211
9.218
9.209
9.155
9.066
9.007
8.985
8.996
9.019
9.037
9.044
9.044
9.089
9.234
9.431
9.54
9.508
9.483
9.54
9.593
9.577
9.513
9.452
9.424
9.404
9.352
9.243
9.114
9.1
9.15
9.143
9.1
9.118
9.252
9.474
9.704
9.894
10.005
10.028
10.028
10.039
10.001
9.885
9.729
9.483
9.211
9.066
9.064
9.059
8.978
8.944
9.059
9.257
9.47
9.667
9.869
10.048
10.162
10.221
10.187
10.023
9.81
9.67
9.536
9.334
9.075
8.883
8.769
8.708
8.715
8.785
8.944
9.148
9.345
9.547
9.765
9.955
10.046
10.017
9.883
9.681
9.461
9.175
8.803
8.499
8.343
8.302
8.322
8.388
8.485
8.585
8.712
8.883
9.073
9.202
9.284
9.282
9.166
8.98
8.765
8.562
8.352
8.175
8.089
8.064
8.034
8.002
7.993
8.025
8.129
8.245
8.279
8.25
8.218
8.209
8.168
8.048
7.912
7.789
7.637
7.458
7.276
7.12
6.984
6.862
6.775
6.73
6.732
6.791
6.873
6.898
6.859
6.794
6.787
6.784
6.696
6.516
6.281
6.031
5.798
5.605
5.457
5.36
5.369
5.419
5.446
5.462
5.489
5.498
5.43
5.308
5.201
5.106
4.952
4.72
4.484
4.278
4.112
3.994
3.872
3.756
3.72
3.765
3.824
3.852
3.847
3.87
3.933
3.929
3.836
3.654
3.432
3.216
3.001
2.792
2.613
2.506
2.443
2.388
2.434
2.586
2.756
2.888
3.026
3.185
3.33
3.377
3.284
3.071
2.806
2.531
2.245
1.967
1.73
1.551
1.476
1.51
1.626
1.787
1.969
2.162
2.372
2.533
2.567
2.518
2.404
2.241
2.078
1.912
1.755
1.599
1.386
1.216
1.175
1.198
1.191
1.209
1.295
1.408
1.513
1.622
1.712
1.771
1.78
1.767
1.699
1.576
1.436
1.27
1.03
0.76
0.592
0.542
0.526
0.522
0.553
0.601
0.707
0.855
0.98
1.109
1.232
1.263
1.293
1.34
1.334
1.236
1.084
0.918
0.751
0.569
0.406
0.281
0.204
0.145
0.088
0.066
0.116
0.252
0.453
0.621
0.716
0.819
0.887
0.887
0.839
0.735
0.562
0.322
0.052
-0.206
-0.415
-0.587
-0.719
-0.751
-0.705
-0.599
-0.447
-0.274
-0.102
0.043
0.138
0.206
0.218
0.12
-0.063
-0.272
-0.499
-0.716
-0.918
-1.073
-1.216
-1.354
-1.413
-1.418
-1.411
-1.368
-1.297
-1.213
-1.12
-1.043
-0.991
-0.946
-0.959
-1.039
-1.102
-1.213
-1.411
-1.685
-1.953
-2.143
-2.295
-2.468
-2.588
-2.62
-2.588
-2.538
-2.481
-2.386
-2.255
-2.109
-1.992
-1.96
-2.01
-2.044
-2.078
-2.177
-2.327
-2.502
-2.703
-2.931
-3.092
-3.162
-3.164
-3.16
-3.141
-3.067
-3.003
-2.98
-2.951
-2.903
-2.828
-2.738
-2.651
-2.597
-2.611
-2.724
-2.926
-3.164
-3.389
-3.611
-3.822
-3.96
-4.065
-4.13
-4.124
-4.083
-4.037
-3.929
-3.729
-3.491
-3.316
-3.196
-3.096
-3.037
-3.064
-3.16
-3.284
-3.452
-3.683
-3.935
-4.133
-4.257
-4.328
-4.353
-4.296
-4.16
-3.976
-3.824
-3.688
-3.516
-3.325
-3.175
-3.053
-2.99
-3.003
-3.03
-3.114
-3.318
-3.599
-3.863
-4.078
-4.244
-4.276
-4.162
-3.981
-3.82
-3.661
-3.495
-3.355
-3.205
-3.105
-3.11
-3.175
-3.28
-3.468
-3.715
-3.963
-4.155
-4.31
-4.466
-4.586
-4.616
-4.618
-4.602
-4.577
-4.525
-4.384
-4.212
-4.11
-4.081
-4.085
-4.115
-4.18
-4.253
-4.305
-4.387
-4.518
-4.62
-4.704
-4.786
-4.879
-5.013
-5.117
-5.104
-4.992
-4.856
-4.725
-4.593
-4.464
-4.382
-4.348
-4.314
-4.31
-4.43
-4.643
-4.897
-5.147
-5.342
-5.523
-5.713
-5.786
-5.709
-5.6
-5.475
-5.299
-5.029
-4.722
-4.473
-4.319
-4.248
-4.235
-4.296
-4.505
-4.784
-5.067
-5.342
-5.605
-5.834
-5.993
-6.07
-6.086
-6.024
-5.809
-5.503
-5.237
-5.004
-4.825
-4.715
-4.675
-4.718
-4.859
-5.051
-5.267
-5.498
-5.661
-5.718
-5.686
-5.607
-5.509
-5.373
-5.153
-4.927
-4.77
-4.661
-4.593
-4.586
-4.591
-4.622
-4.763
-4.972
-5.151
-5.287
-5.398
-5.423
-5.337
-5.217
-5.124
-5.056
-4.945
-4.822
-4.768
-4.775
-4.782
-4.775
-4.807
-4.899
-4.977
-5.024
-5.081
-5.09
-5.058
-5.036
-5.072
-5.138
-5.21
-5.28
-5.314
-5.278
-5.224
-5.176
-5.104
-5.031
-5.056
-5.099
-5.056
-4.986
-4.961
-4.977
-5.011
-5.085
-5.235
-5.446
-5.609
-5.67
-5.73
-5.775
-5.764
-5.704
-5.614
-5.516
-5.391
-5.262
-5.158
-5.074
-5.083
-5.219
-5.369
-5.475
-5.602
-5.777
-5.934
-6.056
-6.142
-6.213
-6.224
-6.108
-5.959
-5.886
-5.832
-5.716
-5.634
-5.616
-5.632
-5.702
-5.85
-6.029
-6.176
-6.303
-6.446
-6.585
-6.687
-6.787
-6.83
-6.741
-6.551
-6.369
-6.251
-6.172
-6.092
-5.99
-5.902
-5.848
-5.825
-5.861
-5.956
-6.011
-6.004
-6.036
-6.083
-6.12
-6.151
-6.199
-6.263
-6.322
-6.392
-6.41
-6.306
-6.138
-5.984
-5.8
-5.616
-5.475
-5.362
-5.283
-5.212
-5.149
-5.135
-5.19
-5.292
-5.441
-5.625
-5.737
-5.727
-5.721
-5.759
-5.793
-5.748
-5.586
-5.382
-5.208
-5.04
-4.956
-4.99
-5.106
-5.226
-5.31
-5.326
-5.317
-5.28
-5.228
-5.196
-5.158
-5.088
-4.995
-4.888
-4.763
-4.686
-4.69
-4.709
-4.725
-4.772
-4.845
-4.875
-4.884
-4.954
-5.081
-5.199
-5.217
-5.144
-5.058
-5.02
-4.945
-4.822
-4.791
-4.838
-4.879
-4.92
-4.963
-4.986
-4.997
-4.997
-4.988
-5.017
-5.074
-5.054
-4.981
-4.931
-4.938
-4.943
-4.888
-4.816
-4.802
-4.825
-4.841
-4.843
-4.893
-5.029
-5.151
-5.147
-5.117
-5.183
-5.224
-5.201
-5.226
-5.305
-5.342
-5.364
-5.373
-5.385
-5.419
-5.444
-5.423
-5.401
-5.389
-5.398
-5.416
-5.446
-5.516
-5.65
-5.775
-5.845
-5.893
-5.988
-6.108
-6.097
-5.938
-5.805
-5.748
-5.673
-5.573
-5.478
-5.376
-5.285
-5.219
-5.219
-5.33
-5.489
-5.611
-5.713
-5.857
-6
-6.113
-6.185
-6.213
-6.208
-6.19
-6.151
-6.063
-5.961
-5.895
-5.852
-5.768
-5.657
-5.609
-5.632
-5.659
-5.689
-5.764
-5.866
-5.988
-6.02
-5.907
-5.814
-5.809
-5.746
-5.623
-5.568
-5.621
-5.661
-5.668
-5.711
-5.827
-5.918
-5.954
-6.027
-6.138
-6.192
-6.219
-6.251
-6.21
-6.12
-6.047
-5.954
-5.8
-5.655
-5.564
-5.525
-5.505
-5.482
-5.491
-5.543
-5.537
-5.46
-5.437
-5.439
-5.36
-5.226
-5.138
-5.063
-4.949
-4.856
-4.838
-4.838
-4.816
-4.859
-4.963
-4.977
-4.909
-4.881
-4.913
-4.929
-4.945
-4.949
-4.875
-4.709
-4.543
-4.493
-4.575
-4.618
-4.613
-4.711
-4.881
-4.983
-5.029
-5.085
-5.133
-5.131
-5.142
-5.183
-5.138
-4.952
-4.77
-4.684
-4.577
-4.475
-4.461
-4.505
-4.584
-4.72
-4.915
-5.092
-5.24
-5.355
-5.423
-5.466
-5.428
-5.292
-5.119
-4.947
-4.74
-4.516
-4.325
-4.174
-4.024
-3.933
-3.94
-3.985
-3.963
-3.942
-3.992
-4.013
-3.913
-3.749
-3.565
-3.4
-3.25
-3.094
-2.901
-2.685
-2.47
-2.332
-2.343
-2.44
-2.531
-2.574
-2.608
-2.611
-2.572
-2.49
-2.391
-2.3
-2.196
-2.057
-1.862
-1.583
-1.318
-1.193
-1.132
-1.005
-0.862
-0.803
-0.83
-0.853
-0.846
-0.823
-0.825
-0.828
-0.789
-0.673
-0.508
-0.361
-0.322
-0.379
-0.388
-0.315
-0.234
-0.163
-0.057
-0.032
-0.163
-0.263
-0.143
-0.05
-0.122
-0.107
0.057
0.172
0.22
0.308
0.385
0.442
0.537
0.63
0.671
0.769
0.925
0.966
0.889
0.871
0.882
0.698
0.46
0.404
0.392
0.322
0.304
0.313
0.258
0.272
0.395
0.431
0.354
0.327
0.351
0.302
0.166
0.011
-0.166
-0.39
-0.587
-0.664
-0.667
-0.707
-0.819
-0.896
-0.787
-0.544
-0.306
-0.166
-0.2
-0.299
-0.299
-0.288
-0.385
-0.614
-0.905
-1.125
-1.245
-1.327
-1.354
-1.297
-1.161
-0.98
-0.751
-0.476
-0.154
0.156
0.401
0.662
0.966
1.143
1.15
1.175
1.234
1.279
1.404
1.658
1.973
2.295
2.626
2.906
3.141
3.497
4.001
4.414
4.593
4.684
4.811
4.927
5.02
5.142
5.258
5.371
5.539
5.798
6.074
6.356
6.623
6.911
7.195
7.442
7.642
7.758
7.778
7.819
7.919
8.002
8.043
8.068
8.095
8.172
8.311
8.411
8.408
8.399
8.454
8.51
8.454
8.311
8.177
8.091
7.975
7.796
7.594
7.385
7.229
7.156
7.118
7.063
6.993
6.914
6.834
6.753
6.63
6.46
6.301
6.117
5.918
5.743
5.541
5.296
5.097
4.929
4.782
4.686
4.602
4.455
4.298
4.158
4.019
3.863
3.708
3.536
3.321
3.119
2.931
2.724
2.481
2.273
2.139
2.041
1.912
1.746
1.612
1.54
1.474
1.42
1.347
1.306
1.347
1.383
1.349
1.268
1.198
1.139
1.041
0.907
0.762
0.585
0.397
0.215
0.075
-0.027
-0.12
-0.172
-0.111
-0.023
0.095
0.204
0.206
0.138
0.084
0.018
-0.082
-0.22
-0.381
-0.546
-0.678
-0.753
-0.741
-0.673
-0.562
-0.367
-0.1
0.122
0.288
0.429
0.519
0.558
0.558
0.549
0.556
0.553
0.537
0.54
0.571
0.599
0.628
0.748
0.9
1.052
1.213
1.345
1.377
1.347
1.331
1.345
1.413
1.556
1.721
1.851
1.939
2.037
2.193
2.386
2.561
2.692
2.812
2.867
2.89
2.917
2.919
2.876
2.835
2.842
2.915
3.053
3.221
3.382
3.552
3.742
3.96
4.174
4.307
4.384
4.414
4.339
4.23
4.16
4.085
3.99
3.926
3.947
4.074
4.271
4.477
4.693
4.947
5.249
5.491
5.643
5.7
5.65
5.494
5.287
5.067
4.843
4.632
4.425
4.244
4.158
4.167
4.219
4.289
4.398
4.527
4.618
4.604
4.559
4.523
4.427
4.289
4.144
3.958
3.717
3.52
3.37
3.214
3.071
2.978
2.89
2.844
2.853
2.844
2.808
2.738
2.672
2.631
2.629
2.622
2.586
2.495
2.352
2.196
2.05
1.921
1.839
1.803
1.805
1.898
1.996
2.084
2.218
2.327
2.35
2.393
2.463
2.486
2.479
2.459
2.463
2.493
2.495
2.431
2.388
2.452
2.538
2.59
2.665
2.769
2.897
3.039
3.182
3.284
3.355
3.389
3.343
3.239
3.141
3.062
3.017
2.996
2.974
2.99
3.015
3.049
3.16
3.348
3.543
3.69
3.783
3.827
3.79
3.726
3.647
3.554
3.391
3.191
3.028
2.983
3.042
3.173
3.318
3.445
3.572
3.745
3.913
3.994
3.999
4.01
3.999
3.92
3.801
3.683
3.572
3.511
3.552
3.609
3.629
3.618
3.658
3.774
3.904
4.026
4.137
4.174
4.192
4.257
4.323
4.35
4.38
4.461
4.559
4.588
4.584
4.607
4.663
4.722
4.743
4.74
4.791
4.909
5.056
5.165
5.233
5.258
5.233
5.194
5.187
5.187
5.138
5.09
5.094
5.158
5.226
5.292
5.419
5.605
5.732
5.825
5.9
5.938
5.929
5.936
5.97
6.009
6.043
6.058
6.024
5.988
6.058
6.185
6.315
6.405
6.496
6.628
6.748
6.791
6.721
6.582
6.464
6.403
6.369
6.319
6.267
6.185
6.095
6.052
6.038
5.993
5.947
5.954
6.036
6.124
6.188
6.222
6.201
6.127
6.009
5.859
5.686
5.48
5.269
5.042
4.804
4.616
4.523
4.484
4.443
4.407
4.407
4.418
4.405
4.319
4.171
3.994
3.79
3.579
3.339
3.083
2.806
2.556
2.422
2.397
2.391
2.404
2.429
2.474
2.545
2.579
2.545
2.499
2.436
2.35
2.27
2.182
2.089
1.982
1.903
1.826
1.755
1.726
1.773
1.873
1.926
1.944
1.985
2.05
2.112
2.168
2.23
2.286
2.329
2.352
2.354
2.366
2.323
2.259
2.279
2.379
2.445
2.42
2.406
2.497
2.665
2.806
2.888
2.962
3.062
3.173
3.237
3.264
3.325
3.45
3.547
3.568
3.581
3.654
3.747
3.724
3.59
3.52
3.522
3.52
3.534
3.62
3.722
3.79
3.865
3.976
4.081
4.074
4.001
4.022
4.062
3.979
3.785
3.604
3.522
3.507
3.493
3.497
3.518
3.59
3.699
3.794
3.845
3.865
3.89
3.861
3.715
3.55
3.454
3.395
3.273
3.064
2.867
2.787
2.776
2.772
2.774
2.796
2.83
2.819
2.733
2.606
2.488
2.35
2.245
2.266
2.286
2.196
2.035
1.944
1.924
1.905
1.846
1.76
1.69
1.656
1.637
1.585
1.488
1.431
1.44
1.404
1.275
1.161
1.107
1.039
0.896
0.76
0.737
0.789
0.814
0.846
0.939
1.062
1.141
1.168
1.195
1.168
1.084
1.086
1.152
1.15
1.08
1.03
1.05
1.093
1.139
1.2
1.277
1.352
1.442
1.531
1.578
1.576
1.601
1.631
1.669
1.742
1.862
1.962
1.948
1.887
1.908
1.987
2.046
2.073
2.107
2.143
2.139
2.132
2.148
2.137
2.071
2.084
2.189
2.257
2.218
2.134
2.098
2.035
1.878
1.739
1.71
1.719
1.76
1.857
1.96
2.055
2.162
2.214
2.202
2.223
2.282
2.268
2.112
1.882
1.703
1.56
1.422
1.309
1.254
1.281
1.34
1.406
1.474
1.506
1.483
1.47
1.492
1.483
1.413
1.327
1.245
1.139
0.998
0.843
0.716
0.648
0.61
0.614
0.626
0.617
0.628
0.626
0.565
0.551
0.603
0.596
0.467
0.295
0.113
-0.054
-0.195
-0.292
-0.358
-0.392
-0.374
-0.322
-0.317
-0.361
-0.381
-0.331
-0.24
-0.2
-0.254
-0.342
-0.392
-0.41
-0.485
-0.571
-0.635
-0.696
-0.751
-0.78
-0.782
-0.803
-0.871
-0.971
-1.039
-1.046
-1.028
-1.016
-1.023
-1.05
-1.037
-0.993
-0.971
-0.989
-1.021
-1.055
-1.12
-1.245
-1.413
-1.642
-1.921
-2.103
-2.153
-2.193
-2.273
-2.32
-2.264
-2.18
-2.109
-2.012
-1.958
-2.01
-2.112
-2.223
-2.345
-2.474
-2.588
-2.733
-2.878
-2.91
-2.865
-2.892
-2.953
-2.933
-2.837
-2.726
-2.629
-2.529
-2.502
-2.529
-2.552
-2.59
-2.692
-2.828
-2.949
-3.017
-3.015
-2.978
-2.96
-2.91
-2.765
-2.572
-2.382
-2.216
-2.032
-1.844
-1.701
-1.603
-1.531
-1.524
-1.547
-1.608
-1.712
-1.767
-1.708
-1.631
-1.524
-1.397
-1.243
-1.025
-0.764
-0.531
-0.324
-0.134
0.027
0.172
0.272
0.322
0.345
0.365
0.397
0.487
0.578
0.619
0.787
1.034
1.263
1.458
1.658
1.866
2.055
2.211
2.329
2.44
2.518
2.518
2.504
2.577
2.683
2.751
2.819
2.924
3.121
3.343
3.543
3.745
3.988
4.271
4.541
4.74
4.899
5.006
5.02
5.033
5.085
5.135
5.117
5.036
5.006
5.11
5.265
5.382
5.55
5.8
6.061
6.303
6.528
6.714
6.823
6.848
6.828
6.773
6.664
6.492
6.294
6.19
6.208
6.272
6.328
6.437
6.623
6.809
6.952
7.057
7.111
7.104
7.043
6.934
6.823
6.701
6.51
6.258
6.024
5.848
5.734
5.704
5.752
5.789
5.8
5.818
5.836
5.829
5.741
5.618
5.534
5.428
5.203
4.886
4.561
4.312
4.121
3.915
3.717
3.584
3.52
3.466
3.432
3.427
3.42
3.409
3.357
3.25
3.141
2.987
2.756
2.499
2.279
2.075
1.864
1.703
1.647
1.631
1.578
1.531
1.533
1.531
1.452
1.306
1.182
1.037
0.832
0.583
0.313
0.107
-0.011
-0.107
-0.243
-0.399
-0.515
-0.583
-0.617
-0.667
-0.732
-0.775
-0.803
-0.873
-0.975
-1.098
-1.229
-1.388
-1.565
-1.73
-1.873
-1.969
-2.026
-2.073
-2.112
-2.141
-2.146
-2.069
-1.971
-1.896
-1.821
-1.744
-1.685
-1.653
-1.674
-1.703
-1.699
-1.667
-1.676
-1.735
-1.776
-1.737
-1.647
-1.581
-1.535
-1.436
-1.311
-1.182
-1.028
-0.853
-0.701
-0.621
-0.599
-0.596
-0.601
-0.605
-0.596
-0.596
-0.54
-0.438
-0.322
-0.19
-0.034
0.113
0.243
0.358
0.485
0.603
0.703
0.812
0.898
0.923
0.85
0.757
0.726
0.737
0.773
0.843
0.957
1.098
1.291
1.513
1.742
1.96
2.159
2.361
2.52
2.608
2.665
2.708
2.713
2.676
2.667
2.647
2.592
2.604
2.692
2.808
2.946
3.085
3.141
3.173
3.253
3.35
3.416
3.402
3.305
3.205
3.121
2.985
2.833
2.703
2.556
2.429
2.334
2.243
2.193
2.198
2.259
2.382
2.536
2.638
2.669
2.624
2.518
2.382
2.236
2.094
1.942
1.69
1.411
1.238
1.152
1.064
1.014
1.046
1.173
1.268
1.232
1.111
0.982
0.862
0.707
0.535
0.381
0.252
0.116
-0.063
-0.265
-0.37
-0.363
-0.324
-0.247
-0.134
-0.088
-0.102
-0.122
-0.147
-0.227
-0.313
-0.379
-0.494
-0.68
-0.889
-1.08
-1.182
-1.209
-1.182
-1.134
-1.082
-1.018
-0.946
-0.918
-0.893
-0.762
-0.614
-0.544
-0.549
-0.596
-0.701
-0.85
-0.969
-1.062
-1.191
-1.34
-1.486
-1.592
-1.69
-1.749
-1.703
-1.547
-1.349
-1.177
-1.096
-1.123
-1.211
-1.329
-1.52
-1.733
-1.908
-2.105
-2.329
-2.524
-2.672
-2.803
-2.892
-2.888
-2.774
-2.633
-2.477
-2.298
-2.134
-2.03
-1.994
-2.055
-2.214
-2.436
-2.654
-2.853
-3.06
-3.298
-3.484
-3.556
-3.52
-3.404
-3.203
-2.942
-2.762
-2.692
-2.642
-2.601
-2.561
-2.547
-2.613
-2.744
-2.931
-3.16
-3.368
-3.488
-3.538
-3.529
-3.482
-3.411
-3.361
-3.309
-3.239
-3.132
-3.044
-3.003
-3.017
-3.071
-3.141
-3.23
-3.361
-3.477
-3.507
-3.482
-3.454
-3.432
-3.395
-3.323
-3.239
-3.117
-3.003
-2.935
-2.849
-2.794
-2.828
-2.863
-2.865
-2.919
-3.019
-3.146
-3.257
-3.327
-3.364
-3.325
-3.2
-3.044
-2.865
-2.706
-2.561
-2.413
-2.248
-2.109
-2.028
-2.037
-2.143
-2.277
-2.361
-2.397
-2.393
-2.404
-2.468
-2.522
-2.468
-2.307
-2.132
-1.971
-1.796
-1.624
-1.49
-1.429
-1.463
-1.474
-1.454
-1.531
-1.644
-1.685
-1.744
-1.835
-1.882
-1.864
-1.78
-1.651
-1.581
-1.578
-1.569
-1.524
-1.495
-1.513
-1.585
-1.708
-1.889
-2.023
-2.062
-2.103
-2.227
-2.359
-2.447
-2.422
-2.277
-2.182
-2.155
-2.105
-1.994
-1.921
-1.955
-2.087
-2.243
-2.357
-2.45
-2.577
-2.751
-2.908
-3.037
-3.182
-3.266
-3.244
-3.207
-3.214
-3.244
-3.259
-3.221
-3.194
-3.271
-3.457
-3.654
-3.813
-3.974
-4.171
-4.371
-4.518
-4.609
-4.636
-4.622
-4.654
-4.738
-4.834
-4.847
-4.688
-4.573
-4.663
-4.854
-5.011
-5.113
-5.217
-5.376
-5.55
-5.702
-5.807
-5.845
-5.82
-5.746
-5.655
-5.605
-5.564
-5.469
-5.38
-5.385
-5.489
-5.621
-5.725
-5.82
-5.945
-6.099
-6.278
-6.437
-6.514
-6.507
-6.471
-6.442
-6.414
-6.331
-6.197
-6.079
-6.043
-6.129
-6.312
-6.473
-6.544
-6.6
-6.703
-6.871
-7.032
-7.138
-7.17
-7.154
-7.1
-6.975
-6.771
-6.532
-6.278
-6.092
-6.045
-6.129
-6.253
-6.38
-6.535
-6.748
-7.025
-7.326
-7.539
-7.637
-7.671
-7.687
-7.614
-7.478
-7.288
-7.027
-6.748
-6.516
-6.349
-6.172
-6.027
-6.036
-6.222
-6.521
-6.875
-7.161
-7.367
-7.528
-7.658
-7.728
-7.701
-7.583
-7.412
-7.238
-7.066
-6.837
-6.555
-6.324
-6.247
-6.222
-6.192
-6.233
-6.358
-6.476
-6.58
-6.685
-6.798
-6.884
-6.925
-6.905
-6.816
-6.662
-6.512
-6.383
-6.213
-5.993
-5.82
-5.716
-5.664
-5.659
-5.664
-5.702
-5.773
-5.825
-5.861
-5.925
-5.932
-5.873
-5.809
-5.766
-5.7
-5.639
-5.543
-5.394
-5.253
-5.169
-5.094
-4.99
-4.924
-4.992
-5.101
-5.142
-5.215
-5.369
-5.491
-5.562
-5.602
-5.634
-5.632
-5.559
-5.46
-5.43
-5.435
-5.373
-5.28
-5.196
-5.147
-5.113
-5.119
-5.194
-5.303
-5.403
-5.523
-5.655
-5.761
-5.877
-5.975
-5.972
-5.882
-5.795
-5.73
-5.7
-5.713
-5.716
-5.727
-5.727
-5.695
-5.677
-5.73
-5.807
-5.818
-5.832
-5.945
-6.079
-6.113
-6.077
-6.04
-6.047
-6.079
-6.095
-6.052
-6.002
-6.022
-6.063
-6.083
-6.127
-6.188
-6.219
-6.24
-6.312
-6.396
-6.437
-6.403
-6.322
-6.263
-6.267
-6.247
-6.179
-6.117
-6.095
-6.108
-6.142
-6.167
-6.154
-6.129
-6.122
-6.154
-6.19
-6.201
-6.199
-6.185
-6.145
-6.133
-6.158
-6.188
-6.185
-6.195
-6.258
-6.344
-6.394
-6.39
-6.362
-6.378
-6.414
-6.396
-6.335
-6.238
-6.095
-5.941
-5.868
-5.879
-5.909
-5.882
-5.811
-5.741
-5.757
-5.816
-5.861
-5.87
-5.879
-5.918
-5.966
-6
-5.979
-5.922
-5.839
-5.757
-5.673
-5.575
-5.482
-5.353
-5.217
-5.115
-5.042
-4.965
-4.852
-4.756
-4.749
-4.809
-4.906
-5.011
-5.104
-5.208
-5.308
-5.41
-5.484
-5.491
-5.439
-5.333
-5.178
-4.997
-4.804
-4.566
-4.307
-4.137
-4.078
-4.121
-4.176
-4.201
-4.276
-4.398
-4.505
-4.604
-4.713
-4.813
-4.861
-4.859
-4.822
-4.793
-4.736
-4.575
-4.409
-4.296
-4.203
-4.092
-3.963
-3.84
-3.715
-3.629
-3.631
-3.731
-3.813
-3.792
-3.79
-3.879
-3.994
-4.076
-4.103
-4.071
-4.017
-3.963
-3.892
-3.772
-3.575
-3.386
-3.287
-3.225
-3.182
-3.187
-3.228
-3.264
-3.312
-3.395
-3.502
-3.584
-3.622
-3.654
-3.638
-3.588
-3.52
-3.427
-3.298
-3.162
-3.087
-3.049
-2.912
-2.733
-2.633
-2.642
-2.688
-2.758
-2.906
-3.112
-3.291
-3.436
-3.595
-3.717
-3.745
-3.656
-3.463
-3.234
-3.021
-2.833
-2.674
-2.52
-2.37
-2.275
-2.291
-2.37
-2.511
-2.674
-2.792
-2.91
-3.055
-3.219
-3.296
-3.207
-3.06
-2.987
-2.926
-2.769
-2.558
-2.377
-2.266
-2.198
-2.143
-2.098
-2.039
-2.035
-2.143
-2.266
-2.32
-2.334
-2.357
-2.4
-2.429
-2.434
-2.361
-2.164
-1.821
-1.526
-1.368
-1.211
-1.018
-0.877
-0.889
-1.025
-1.177
-1.331
-1.513
-1.651
-1.721
-1.785
-1.807
-1.721
-1.531
-1.311
-1.086
-0.843
-0.682
-0.639
-0.567
-0.478
-0.465
-0.531
-0.601
-0.653
-0.764
-0.925
-1.055
-1.08
-1.118
-1.204
-1.216
-1.127
-1.064
-1.039
-0.993
-0.889
-0.732
-0.551
-0.383
-0.317
-0.397
-0.506
-0.612
-0.787
-1.052
-1.275
-1.404
-1.526
-1.633
-1.569
-1.429
-1.368
-1.281
-1.043
-0.766
-0.619
-0.601
-0.608
-0.576
-0.562
-0.601
-0.653
-0.751
-0.902
-0.991
-0.962
-0.925
-0.95
-0.925
-0.814
-0.698
-0.599
-0.499
-0.451
-0.474
-0.474
-0.354
-0.218
-0.211
-0.265
-0.249
-0.224
-0.249
-0.252
-0.231
-0.229
-0.215
-0.138
-0.029
0.079
0.202
0.356
0.501
0.58
0.569
0.528
0.447
0.297
0.181
0.15
0.118
0.048
0.02
0.054
0.063
0.041
0.1
0.27
0.413
0.413
0.374
0.408
0.465
0.503
0.517
0.481
0.41
0.413
0.499
0.533
0.474
0.431
0.46
0.551
0.658
0.703
0.669
0.619
0.621
0.68
0.757
0.775
0.707
0.651
0.667
0.653
0.528
0.37
0.306
0.329
0.345
0.356
0.41
0.487
0.565
0.644
0.694
0.716
0.751
0.791
0.809
0.843
0.893
0.889
0.816
0.791
0.812
0.787
0.719
0.646
0.599
0.587
0.569
0.535
0.517
0.542
0.567
0.544
0.551
0.642
0.744
0.757
0.689
0.592
0.519
0.467
0.415
0.338
0.245
0.179
0.138
0.122
0.156
0.224
0.24
0.229
0.263
0.286
0.197
0.052
-0.048
-0.12
-0.168
-0.154
-0.104
-0.079
-0.075
-0.066
-0.07
-0.079
-0.041
-0.041
-0.118
-0.252
-0.365
-0.44
-0.485
-0.503
-0.499
-0.433
-0.283
-0.17
-0.152
-0.12
-0.045
-0.016
-0.05
-0.084
-0.075
-0.097
-0.181
-0.195
-0.111
-0.007
0.086
0.159
0.236
0.331
0.444
0.553
0.61
0.583
0.583
0.671
0.696
0.599
0.499
0.512
0.574
0.587
0.56
0.508
0.469
0.458
0.517
0.669
0.889
1.093
1.257
1.393
1.522
1.651
1.801
1.855
1.776
1.687
1.644
1.572
1.488
1.449
1.472
1.54
1.662
1.846
2.012
2.094
2.2
2.413
2.62
2.735
2.767
2.756
2.747
2.703
2.635
2.579
2.579
2.635
2.715
2.81
2.892
2.949
3.003
3.083
3.232
3.509
3.836
4.067
4.18
4.316
4.448
4.527
4.502
4.398
4.255
4.14
4.049
3.963
3.849
3.717
3.733
3.906
4.13
4.339
4.559
4.8
4.999
5.113
5.133
5.051
4.89
4.697
4.495
4.307
4.185
4.133
4.128
4.16
4.257
4.446
4.684
4.836
4.911
5.017
5.133
5.201
5.226
5.185
5.056
4.89
4.709
4.518
4.289
4.062
3.942
3.933
3.954
4.01
4.167
4.396
4.602
4.775
4.94
5.072
5.131
5.138
5.104
5.004
4.875
4.738
4.582
4.425
4.355
4.416
4.575
4.734
4.899
5.128
5.387
5.598
5.739
5.784
5.734
5.639
5.505
5.337
5.133
4.958
4.913
4.943
4.943
4.924
5.022
5.235
5.41
5.505
5.636
5.814
5.956
6.02
6.054
6.102
6.161
6.204
6.161
6.052
5.959
5.902
5.834
5.725
5.673
5.73
5.859
6.022
6.229
6.439
6.594
6.687
6.707
6.628
6.458
6.267
6.181
6.17
6.133
6.092
6.097
6.156
6.265
6.451
6.691
6.918
7.075
7.161
7.129
7.018
6.907
6.796
6.632
6.496
6.478
6.541
6.623
6.73
6.959
7.272
7.496
7.617
7.66
7.585
7.437
7.301
7.136
6.909
6.723
6.63
6.619
6.639
6.676
6.744
6.923
7.19
7.485
7.755
7.953
8.05
8.089
8.077
8.018
7.898
7.724
7.526
7.324
7.177
7.136
7.159
7.19
7.204
7.254
7.41
7.637
7.828
7.98
8.114
8.182
8.116
7.9
7.571
7.208
6.88
6.603
6.448
6.331
6.251
6.346
6.65
7.041
7.458
7.85
8.166
8.381
8.544
8.615
8.524
8.32
8.059
7.735
7.408
7.097
6.782
6.503
6.301
6.251
6.399
6.657
6.936
7.256
7.587
7.866
8.005
8.032
7.968
7.846
7.678
7.422
7.102
6.812
6.566
6.335
6.238
6.285
6.38
6.503
6.735
7.061
7.41
7.705
7.932
8.086
8.136
8.055
7.85
7.546
7.179
6.809
6.492
6.297
6.269
6.371
6.496
6.63
6.821
7.077
7.324
7.501
7.628
7.658
7.614
7.537
7.412
7.245
7.077
6.923
6.823
6.832
6.918
7.038
7.199
7.378
7.512
7.607
7.669
7.692
7.712
7.703
7.624
7.49
7.301
7.113
6.973
6.886
6.848
6.821
6.794
6.828
6.891
6.934
6.984
7.023
7.063
7.115
7.136
7.106
7.045
6.943
6.812
6.682
6.609
6.616
6.666
6.698
6.719
6.782
6.852
6.886
6.875
6.803
6.705
6.594
6.471
6.371
6.285
6.183
6.124
6.138
6.206
6.31
6.403
6.476
6.51
6.421
6.269
6.086
5.879
5.684
5.518
5.412
5.43
5.496
5.537
5.591
5.652
5.675
5.704
5.723
5.645
5.53
5.416
5.314
5.194
5.042
4.875
4.743
4.593
4.446
4.382
4.341
4.31
4.325
4.346
4.369
4.369
4.353
4.373
4.418
4.4
4.3
4.185
4.126
4.162
4.23
4.217
4.155
4.101
4.035
3.951
3.865
3.82
3.838
3.84
3.829
3.811
3.794
3.774
3.724
3.692
3.731
3.763
3.713
3.649
3.645
3.656
3.677
3.724
3.756
3.783
3.738
3.658
3.565
3.459
3.355
3.312
3.293
3.268
3.262
3.253
3.225
3.228
3.275
3.346
3.346
3.271
3.225
3.178
3.117
3.042
2.919
2.769
2.656
2.574
2.49
2.434
2.445
2.504
2.577
2.608
2.601
2.595
2.547
2.456
2.348
2.255
2.173
2.082
1.98
1.873
1.762
1.733
1.794
1.826
1.832
1.86
1.864
1.848
1.866
1.885
1.866
1.814
1.746
1.705
1.633
1.513
1.395
1.306
1.186
1.091
1.034
0.955
0.896
0.9
0.916
0.948
1.014
1.102
1.152
1.12
1.05
0.987
0.918
0.821
0.685
0.608
0.601
0.58
0.524
0.49
0.485
0.51
0.531
0.519
0.485
0.435
0.401
0.413
0.376
0.231
0.059
-0.075
-0.177
-0.279
-0.376
-0.415
-0.404
-0.424
-0.431
-0.379
-0.302
-0.317
-0.372
-0.395
-0.419
-0.467
-0.567
-0.728
-0.898
-1.059
-1.179
-1.263
-1.345
-1.433
-1.461
-1.431
-1.395
-1.309
-1.245
-1.279
-1.354
-1.379
-1.393
-1.481
-1.64
-1.807
-1.93
-2.053
-2.189
-2.32
-2.384
-2.393
-2.429
-2.488
-2.479
-2.382
-2.295
-2.291
-2.275
-2.209
-2.18
-2.223
-2.293
-2.368
-2.436
-2.549
-2.663
-2.753
-2.892
-3.092
-3.25
-3.332
-3.364
-3.366
-3.341
-3.305
-3.264
-3.21
-3.153
-3.112
-3.092
-3.096
-3.173
-3.323
-3.486
-3.64
-3.822
-3.992
-4.133
-4.278
-4.409
-4.471
-4.471
-4.43
-4.373
-4.303
-4.176
-4.037
-4.006
-4.047
-4.051
-4.04
-4.115
-4.221
-4.3
-4.389
-4.53
-4.709
-4.856
-4.92
-4.899
-4.881
-4.931
-4.974
-4.943
-4.897
-4.915
-4.933
-4.875
-4.804
-4.804
-4.841
-4.888
-4.952
-5.065
-5.19
-5.262
-5.308
-5.385
-5.505
-5.55
-5.505
-5.489
-5.528
-5.528
-5.48
-5.453
-5.471
-5.512
-5.539
-5.55
-5.582
-5.689
-5.807
-5.898
-5.984
-6.083
-6.174
-6.226
-6.217
-6.147
-6.086
-6.058
-6.054
-6.036
-6.027
-6.065
-6.14
-6.222
-6.253
-6.24
-6.244
-6.306
-6.371
-6.462
-6.575
-6.637
-6.621
-6.575
-6.539
-6.478
-6.448
-6.489
-6.507
-6.492
-6.516
-6.598
-6.682
-6.794
-6.964
-7.118
-7.249
-7.349
-7.406
-7.417
-7.415
-7.392
-7.378
-7.406
-7.381
-7.252
-7.138
-7.086
-7.077
-7.149
-7.317
-7.528
-7.733
-7.848
-7.841
-7.78
-7.828
-7.948
-7.993
-7.973
-7.968
-7.991
-7.975
-7.925
-7.869
-7.848
-7.841
-7.85
-7.907
-7.987
-8.025
-8.055
-8.118
-8.229
-8.304
-8.277
-8.209
-8.12
-8.007
-7.953
-7.95
-7.923
-7.873
-7.826
-7.726
-7.635
-7.667
-7.76
-7.832
-7.88
-7.943
-8.014
-8.079
-8.098
-8.068
-8.052
-8.064
-8.068
-8.057
-8.018
-7.943
-7.905
-7.962
-8.066
-8.091
-8.064
-8.082
-8.134
-8.154
-8.17
-8.204
-8.259
-8.297
-8.254
-8.168
-8.157
-8.2
-8.225
-8.252
-8.365
-8.485
-8.551
-8.581
-8.61
-8.649
-8.694
-8.769
-8.873
-8.869
-8.753
-8.685
-8.703
-8.674
-8.64
-8.638
-8.647
-8.676
-8.726
-8.762
-8.808
-8.883
-8.935
-9.01
-9.102
-9.114
-9.03
-8.98
-9.003
-9.019
-9.012
-9.016
-9.032
-9.012
-8.985
-9.003
-9.059
-9.114
-9.198
-9.302
-9.288
-9.164
-9.064
-9.066
-9.125
-9.166
-9.161
-9.112
-9.019
-8.898
-8.801
-8.851
-8.987
-9.064
-9.066
-9.082
-9.091
-9.1
-9.148
-9.227
-9.277
-9.286
-9.291
-9.227
-9.08
-8.946
-8.921
-8.917
-8.853
-8.783
-8.774
-8.774
-8.796
-8.896
-9.025
-9.146
-9.214
-9.189
-9.146
-9.132
-9.071
-8.989
-8.964
-8.939
-8.835
-8.701
-8.576
-8.513
-8.56
-8.683
-8.787
-8.828
-8.799
-8.821
-8.889
-8.903
-8.862
-8.837
-8.785
-8.635
-8.415
-8.234
-8.116
-8.073
-8.045
-8.075
-8.159
-8.172
-8.082
-8.03
-8.064
-8.132
-8.216
-8.268
-8.252
-8.159
-8.032
-7.966
-7.912
-7.81
-7.764
-7.771
-7.701
-7.56
-7.487
-7.517
-7.589
-7.68
-7.762
-7.805
-7.803
-7.76
-7.717
-7.764
-7.855
-7.866
-7.826
-7.769
-7.69
-7.576
-7.469
-7.408
-7.385
-7.394
-7.46
-7.549
-7.624
-7.73
-7.86
-7.932
-7.939
-7.939
-7.932
-7.891
-7.814
-7.764
-7.746
-7.712
-7.64
-7.539
-7.433
-7.378
-7.378
-7.424
-7.53
-7.642
-7.728
-7.81
-7.86
-7.862
-7.848
-7.83
-7.769
-7.655
-7.496
-7.358
-7.247
-7.127
-7.036
-7.007
-7.043
-7.084
-7.113
-7.129
-7.143
-7.156
-7.154
-7.14
-7.122
-7.045
-6.868
-6.698
-6.594
-6.503
-6.435
-6.39
-6.331
-6.276
-6.29
-6.36
-6.41
-6.444
-6.526
-6.625
-6.6
-6.426
-6.219
-6.095
-6.036
-6.02
-6.009
-5.922
-5.75
-5.564
-5.441
-5.423
-5.503
-5.596
-5.655
-5.659
-5.614
-5.525
-5.441
-5.38
-5.348
-5.353
-5.342
-5.262
-5.072
-4.895
-4.845
-4.911
-4.967
-4.983
-4.981
-4.961
-4.938
-4.94
-4.954
-4.945
-4.872
-4.711
-4.493
-4.328
-4.203
-4.103
-4.096
-4.144
-4.187
-4.248
-4.332
-4.373
-4.423
-4.477
-4.48
-4.434
-4.339
-4.228
-4.137
-4.092
-4.078
-4.076
-4.049
-3.994
-3.997
-3.994
-3.963
-3.979
-4.028
-4.024
-3.983
-3.924
-3.84
-3.751
-3.668
-3.606
-3.581
-3.552
-3.531
-3.518
-3.525
-3.593
-3.663
-3.692
-3.749
-3.813
-3.82
-3.836
-3.865
-3.874
-3.849
-3.822
-3.783
-3.72
-3.643
-3.547
-3.423
-3.327
-3.291
-3.3
-3.312
-3.359
-3.445
-3.488
-3.513
-3.545
-3.554
-3.593
-3.683
-3.733
-3.738
-3.699
-3.634
-3.552
-3.47
-3.414
-3.357
-3.302
-3.327
-3.361
-3.302
-3.21
-3.182
-3.171
-3.166
-3.185
-3.175
-3.123
-3.085
-3.046
-2.985
-2.906
-2.806
-2.676
-2.545
-2.416
-2.307
-2.214
-2.171
-2.205
-2.232
-2.191
-2.123
-2.026
-1.937
-1.908
-1.885
-1.798
-1.647
-1.461
-1.252
-1.075
-0.936
-0.825
-0.723
-0.673
-0.655
-0.619
-0.531
-0.481
-0.487
-0.544
-0.624
-0.624
-0.456
-0.243
-0.125
-0.104
-0.104
-0.075
-0.014
0.043
0.039
-0.029
-0.082
-0.082
-0.068
-0.011
0.1
0.206
0.27
0.395
0.512
0.553
0.569
0.628
0.689
0.698
0.63
0.522
0.401
0.313
0.297
0.327
0.345
0.376
0.415
0.463
0.542
0.664
0.732
0.739
0.735
0.712
0.639
0.537
0.435
0.383
0.37
0.356
0.322
0.265
0.231
0.209
0.204
0.277
0.397
0.458
0.492
0.531
0.535
0.472
0.361
0.227
0.113
0.054
0.036
0.045
0.1
0.19
0.268
0.345
0.465
0.619
0.735
0.807
0.85
0.857
0.843
0.828
0.794
0.723
0.651
0.633
0.628
0.614
0.596
0.644
0.789
1.007
1.227
1.379
1.481
1.608
1.717
1.81
1.88
1.914
1.91
1.928
1.978
2.03
2.039
2.048
2.119
2.27
2.429
2.538
2.62
2.683
2.762
2.919
3.064
3.132
3.135
3.119
3.153
3.255
3.339
3.325
3.271
3.271
3.293
3.282
3.275
3.325
3.411
3.518
3.645
3.781
3.899
4.013
4.092
4.112
4.153
4.187
4.117
3.981
3.872
3.804
3.745
3.665
3.631
3.663
3.722
3.799
3.947
4.151
4.316
4.409
4.461
4.505
4.52
4.486
4.441
4.414
4.348
4.237
4.142
4.101
4.071
4.071
4.13
4.226
4.291
4.287
4.253
4.298
4.491
4.738
4.895
4.897
4.818
4.784
4.825
4.893
5.004
5.094
5.06
4.999
5.172
5.441
5.469
5.428
5.591
5.839
5.984
6.043
6.077
6.102
6.174
6.333
6.526
6.607
6.573
6.519
6.521
6.625
6.821
6.866
6.753
6.759
6.966
7.131
7.222
7.338
7.474
7.619
7.767
7.905
8.005
8.057
8.102
8.159
8.17
8.125
8.036
7.932
7.889
7.991
8.138
8.227
8.29
8.426
8.601
8.771
8.998
9.243
9.343
9.372
9.449
9.55
9.593
9.534
9.422
9.302
9.186
9.143
9.223
9.318
9.388
9.481
9.606
9.769
10.017
10.232
10.325
10.382
10.511
10.636
10.634
10.507
10.416
10.391
10.377
10.366
10.359
10.332
10.314
10.332
10.368
10.472
10.686
10.883
10.951
10.976
11.042
11.126
11.176
11.157
11.13
11.162
11.18
11.114
11.049
11.01
11.008
11.008
10.947
10.935
11.006
11.06
11.099
11.21
11.325
11.384
11.373
11.339
11.291
11.223
11.157
11.08
10.935
10.813
10.765
10.749
10.704
10.62
10.529
10.534
10.629
10.661
10.627
10.611
10.634
10.65
10.656
10.634
10.554
10.398
10.214
10.078
10.028
9.955
9.813
9.706
9.708
9.799
9.826
9.713
9.581
9.513
9.438
9.404
9.424
9.458
9.418
9.345
9.279
9.254
9.254
9.234
9.161
9.034
8.946
8.991
9.014
8.923
8.846
8.808
8.776
8.817
8.892
8.953
8.987
8.98
8.957
8.946
8.898
8.794
8.672
8.544
8.413
8.354
8.37
8.404
8.46
8.574
8.753
8.969
9.089
9.062
9.007
8.973
8.937
8.903
8.864
8.826
8.796
8.765
8.685
8.629
8.613
8.599
8.597
8.61
8.694
8.853
9.01
9.132
9.193
9.182
9.186
9.261
9.304
9.245
9.139
9.044
8.978
8.941
8.953
8.98
9.01
9.059
9.15
9.261
9.297
9.286
9.291
9.341
9.431
9.525
9.488
9.341
9.234
9.229
9.293
9.379
9.427
9.404
9.39
9.418
9.44
9.415
9.359
9.291
9.189
9.084
9.073
9.134
9.141
9.1
9.068
9.071
9.105
9.134
9.17
9.22
9.257
9.27
9.259
9.229
9.236
9.297
9.354
9.386
9.347
9.293
9.282
9.243
9.13
9.03
9.007
9.016
8.989
8.932
8.887
8.878
8.869
8.871
8.892
8.955
9.016
8.973
8.855
8.769
8.744
8.703
8.626
8.547
8.44
8.315
8.213
8.175
8.191
8.254
8.331
8.454
8.519
8.474
8.399
8.358
8.32
8.216
8.073
7.948
7.819
7.655
7.458
7.281
7.233
7.29
7.283
7.229
7.238
7.317
7.41
7.521
7.633
7.667
7.631
7.571
7.528
7.442
7.286
7.134
7.045
6.948
6.775
6.58
6.458
6.403
6.412
6.453
6.476
6.469
6.446
6.383
6.281
6.217
6.185
6.113
6.015
5.99
6.04
6.063
6.011
5.907
5.786
5.657
5.512
5.382
5.253
5.092
4.933
4.804
4.675
4.552
4.486
4.539
4.656
4.738
4.772
4.775
4.756
4.729
4.675
4.607
4.482
4.3
4.074
3.783
3.536
3.418
3.377
3.37
3.359
3.3
3.239
3.203
3.221
3.321
3.436
3.516
3.624
3.679
3.595
3.436
3.325
3.223
3.069
2.881
2.679
2.454
2.255
2.094
2.001
2.021
2.155
2.332
2.477
2.626
2.806
2.974
3.089
3.114
3.053
2.928
2.76
2.572
2.345
2.044
1.742
1.522
1.374
1.247
1.159
1.15
1.252
1.452
1.694
1.951
2.196
2.393
2.481
2.481
2.452
2.368
2.202
1.951
1.651
1.399
1.145
0.875
0.637
0.476
0.367
0.345
0.456
0.651
0.853
1.057
1.281
1.458
1.547
1.542
1.49
1.438
1.345
1.139
0.887
0.648
0.395
0.127
-0.088
-0.215
-0.247
-0.209
-0.152
-0.082
0.07
0.272
0.469
0.648
0.782
0.828
0.769
0.648
0.508
0.329
0.093
-0.132
-0.308
-0.44
-0.569
-0.689
-0.737
-0.701
-0.621
-0.499
-0.338
-0.209
-0.156
-0.163
-0.184
-0.213
-0.277
-0.397
-0.542
-0.655
-0.769
-0.896
-1.025
-1.136
-1.204
-1.209
-1.15
-1.018
-0.891
-0.843
-0.839
-0.839
-0.837
-0.873
-0.982
-1.064
-1.082
-1.105
-1.184
-1.302
-1.411
-1.56
-1.699
-1.742
-1.66
-1.578
-1.517
-1.52
-1.554
-1.567
-1.569
-1.592
-1.608
-1.612
-1.635
-1.662
-1.685
-1.728
-1.787
-1.835
-1.853
-1.855
-1.873
-1.958
-2.107
-2.216
-2.252
-2.259
-2.27
-2.311
-2.386
-2.49
-2.586
-2.599
-2.574
-2.563
-2.543
-2.497
-2.422
-2.361
-2.393
-2.49
-2.597
-2.706
-2.84
-2.974
-3.064
-3.117
-3.146
-3.112
-3.019
-2.99
-3.049
-3.121
-3.144
-3.103
-3.078
-3.094
-3.117
-3.205
-3.359
-3.502
-3.577
-3.624
-3.686
-3.794
-3.874
-3.917
-3.897
-3.833
-3.754
-3.681
-3.609
-3.543
-3.488
-3.457
-3.411
-3.352
-3.3
-3.271
-3.343
-3.547
-3.781
-3.969
-4.076
-4.117
-4.135
-4.133
-4.146
-4.164
-4.135
-4.003
-3.815
-3.656
-3.559
-3.509
-3.488
-3.536
-3.634
-3.715
-3.781
-3.827
-3.876
-3.935
-4.008
-4.083
-4.121
-4.06
-3.954
-3.874
-3.863
-3.861
-3.781
-3.652
-3.543
-3.452
-3.42
-3.436
-3.52
-3.613
-3.665
-3.722
-3.831
-3.938
-4.008
-4.078
-4.126
-4.144
-4.135
-4.103
-4.049
-3.985
-3.979
-4.026
-4.083
-4.112
-4.062
-3.983
-3.963
-4.051
-4.178
-4.187
-4.083
-3.969
-3.89
-3.858
-3.89
-3.963
-4.026
-4.074
-4.142
-4.244
-4.357
-4.45
-4.559
-4.661
-4.681
-4.638
-4.598
-4.557
-4.475
-4.391
-4.359
-4.335
-4.282
-4.217
-4.174
-4.226
-4.405
-4.679
-4.92
-5.006
-4.99
-4.981
-5.013
-5.081
-5.119
-5.047
-4.872
-4.679
-4.536
-4.466
-4.464
-4.527
-4.654
-4.852
-5.04
-5.206
-5.376
-5.55
-5.732
-5.936
-6.095
-6.117
-5.977
-5.746
-5.521
-5.385
-5.371
-5.369
-5.289
-5.176
-5.142
-5.192
-5.326
-5.555
-5.761
-5.877
-5.995
-6.167
-6.301
-6.351
-6.331
-6.308
-6.276
-6.195
-6.013
-5.786
-5.607
-5.534
-5.555
-5.63
-5.702
-5.739
-5.755
-5.791
-5.902
-6.09
-6.267
-6.322
-6.253
-6.142
-6.02
-5.907
-5.818
-5.716
-5.53
-5.289
-5.151
-5.165
-5.217
-5.292
-5.426
-5.598
-5.75
-5.859
-5.857
-5.766
-5.698
-5.682
-5.641
-5.528
-5.312
-5.056
-4.825
-4.656
-4.561
-4.568
-4.613
-4.607
-4.598
-4.69
-4.816
-4.902
-4.992
-5.045
-4.992
-4.902
-4.863
-4.822
-4.672
-4.484
-4.457
-4.532
-4.489
-4.328
-4.246
-4.287
-4.375
-4.459
-4.532
-4.577
-4.609
-4.604
-4.609
-4.713
-4.845
-4.831
-4.713
-4.616
-4.559
-4.498
-4.412
-4.353
-4.371
-4.423
-4.507
-4.65
-4.736
-4.706
-4.7
-4.791
-4.893
-4.893
-4.82
-4.763
-4.759
-4.793
-4.845
-4.893
-4.911
-4.888
-4.899
-5.011
-5.126
-5.192
-5.274
-5.416
-5.559
-5.691
-5.78
-5.777
-5.704
-5.668
-5.704
-5.734
-5.713
-5.664
-5.664
-5.634
-5.546
-5.53
-5.636
-5.727
-5.777
-5.873
-6.009
-6.131
-6.179
-6.129
-6.136
-6.224
-6.229
-6.133
-6.077
-6.063
-6.047
-6.045
-6.108
-6.167
-6.147
-6.077
-6.043
-6.022
-5.979
-5.966
-6.011
-5.972
-5.845
-5.75
-5.75
-5.766
-5.773
-5.764
-5.743
-5.732
-5.695
-5.621
-5.555
-5.489
-5.38
-5.276
-5.208
-5.131
-5.051
-4.997
-5.013
-5.128
-5.287
-5.401
-5.439
-5.405
-5.333
-5.314
-5.351
-5.305
-5.187
-5.117
-5.07
-5.042
-5.047
-5.047
-5.06
-5.067
-5.04
-5.017
-5.065
-5.063
-4.956
-4.847
-4.775
-4.693
-4.543
-4.382
-4.257
-4.192
-4.217
-4.341
-4.486
-4.591
-4.711
-4.915
-5.085
-5.153
-5.212
-5.296
-5.355
-5.398
-5.419
-5.394
-5.321
-5.21
-5.124
-5.174
-5.294
-5.357
-5.367
-5.439
-5.528
-5.577
-5.611
-5.636
-5.621
-5.562
-5.528
-5.539
-5.523
-5.489
-5.528
-5.643
-5.741
-5.839
-5.99
-6.147
-6.253
-6.351
-6.458
-6.564
-6.648
-6.664
-6.63
-6.655
-6.712
-6.735
-6.728
-6.737
-6.757
-6.737
-6.694
-6.659
-6.657
-6.666
-6.696
-6.728
-6.739
-6.735
-6.744
-6.748
-6.696
-6.659
-6.694
-6.716
-6.65
-6.53
-6.412
-6.331
-6.269
-6.19
-6.17
-6.213
-6.222
-6.176
-6.201
-6.297
-6.319
-6.263
-6.188
-6.12
-5.988
-5.807
-5.655
-5.516
-5.371
-5.312
-5.36
-5.346
-5.221
-5.172
-5.242
-5.364
-5.435
-5.43
-5.36
-5.233
-5.104
-5.013
-4.947
-4.909
-4.865
-4.782
-4.663
-4.607
-4.663
-4.743
-4.809
-4.895
-4.988
-5.026
-4.999
-4.938
-4.911
-4.931
-4.906
-4.784
-4.598
-4.403
-4.198
-3.969
-3.79
-3.69
-3.604
-3.443
-3.259
-3.164
-3.155
-3.137
-3.049
-2.888
-2.728
-2.629
-2.543
-2.413
-2.252
-2.114
-2.046
-2.05
-2.08
-2.08
-2.055
-2.066
-2.112
-2.148
-2.141
-2.109
-2.026
-1.844
-1.656
-1.556
-1.463
-1.295
-1.082
-0.889
-0.785
-0.791
-0.819
-0.819
-0.775
-0.764
-0.771
-0.723
-0.653
-0.617
-0.642
-0.678
-0.655
-0.612
-0.66
-0.71
-0.692
-0.698
-0.782
-0.848
-0.832
-0.796
-0.823
-0.911
-0.971
-0.93
-0.88
-0.898
-0.943
-0.969
-0.907
-0.746
-0.551
-0.358
-0.229
-0.181
-0.134
-0.007
0.111
0.127
0.107
0.091
0.018
-0.186
-0.395
-0.435
-0.39
-0.422
-0.483
-0.556
-0.61
-0.569
-0.451
-0.372
-0.372
-0.474
-0.592
-0.56
-0.44
-0.465
-0.614
-0.723
-0.705
-0.587
-0.535
-0.594
-0.644
-0.599
-0.522
-0.483
-0.517
-0.58
-0.576
-0.487
-0.361
-0.281
-0.29
-0.263
-0.107
0.07
0.143
0.129
0.093
0.127
0.252
0.419
0.569
0.671
0.751
0.911
1.182
1.458
1.715
2.01
2.327
2.674
3.028
3.348
3.627
3.913
4.219
4.536
4.816
5.04
5.262
5.484
5.682
5.836
5.952
6.092
6.301
6.464
6.564
6.682
6.85
7
7.163
7.367
7.501
7.544
7.583
7.64
7.73
7.753
7.717
7.739
7.807
7.873
7.88
7.853
7.873
7.973
8.082
8.102
8.036
7.977
7.989
8.036
8.016
7.905
7.724
7.492
7.313
7.168
6.932
6.641
6.36
6.147
5.99
5.85
5.666
5.48
5.342
5.228
5.144
5.015
4.793
4.588
4.43
4.307
4.226
4.149
4.042
3.892
3.738
3.597
3.463
3.3
3.164
3.089
2.98
2.806
2.629
2.465
2.309
2.164
2.014
1.866
1.735
1.599
1.481
1.377
1.261
1.136
1.003
0.825
0.642
0.494
0.354
0.249
0.197
0.163
0.129
0.088
0.052
0.045
0.052
0.016
-0.066
-0.161
-0.243
-0.256
-0.286
-0.41
-0.562
-0.655
-0.701
-0.694
-0.687
-0.771
-0.855
-0.85
-0.814
-0.78
-0.816
-0.916
-0.993
-1.005
-1.023
-1.064
-1.059
-1.018
-0.93
-0.837
-0.794
-0.707
-0.569
-0.44
-0.342
-0.258
-0.166
-0.048
0.088
0.186
0.247
0.295
0.29
0.274
0.286
0.288
0.277
0.27
0.283
0.372
0.524
0.673
0.809
0.966
1.179
1.431
1.622
1.69
1.726
1.769
1.785
1.803
1.807
1.755
1.764
1.882
2.046
2.245
2.479
2.76
3.094
3.475
3.836
4.119
4.328
4.412
4.384
4.373
4.355
4.232
4.047
3.895
3.797
3.731
3.706
3.747
3.89
4.135
4.439
4.709
4.943
5.135
5.283
5.362
5.396
5.357
5.215
5.031
4.843
4.618
4.407
4.262
4.203
4.226
4.312
4.43
4.584
4.759
4.92
4.974
4.899
4.745
4.53
4.248
3.913
3.559
3.205
2.878
2.631
2.504
2.468
2.468
2.515
2.638
2.787
2.869
2.86
2.808
2.719
2.545
2.314
2.128
1.964
1.737
1.488
1.325
1.284
1.322
1.411
1.565
1.789
1.973
2.021
2.007
2.048
2.084
2.021
1.885
1.744
1.619
1.476
1.352
1.322
1.377
1.49
1.608
1.749
1.914
2.091
2.223
2.298
2.327
2.293
2.196
2.123
2.094
2.048
1.989
1.996
2.078
2.225
2.388
2.57
2.776
2.969
3.051
3.024
3.024
3.055
2.996
2.785
2.556
2.427
2.377
2.323
2.3
2.425
2.651
2.894
3.157
3.37
3.482
3.577
3.722
3.84
3.845
3.731
3.618
3.529
3.42
3.321
3.282
3.284
3.35
3.47
3.654
3.913
4.21
4.443
4.541
4.618
4.779
4.918
4.877
4.704
4.53
4.393
4.285
4.237
4.26
4.298
4.369
4.541
4.766
4.924
5.036
5.235
5.496
5.65
5.67
5.657
5.659
5.63
5.559
5.5
5.46
5.444
5.444
5.482
5.584
5.759
5.909
5.913
5.87
5.925
6.036
6.072
5.99
5.938
5.927
5.916
5.916
5.968
6.015
6.029
6.038
6.068
6.063
5.97
5.882
5.841
5.802
5.716
5.618
5.555
5.521
5.478
5.419
5.407
5.478
5.559
5.534
5.462
5.423
5.369
5.21
5.049
4.981
4.924
4.813
4.67
4.561
4.507
4.491
4.536
4.613
4.67
4.693
4.711
4.666
4.545
4.348
4.106
3.901
3.799
3.69
3.502
3.312
3.23
3.225
3.232
3.264
3.37
3.509
3.636
3.726
3.797
3.797
3.726
3.593
3.409
3.194
2.992
2.837
2.679
2.515
2.44
2.486
2.592
2.758
2.965
3.173
3.341
3.466
3.545
3.554
3.486
3.432
3.407
3.284
3.06
2.828
2.697
2.649
2.64
2.717
2.878
3.042
3.18
3.323
3.439
3.482
3.504
3.554
3.563
3.509
3.441
3.391
3.275
3.101
3.012
3.021
3.073
3.16
3.262
3.321
3.357
3.395
3.45
3.484
3.466
3.486
3.561
3.577
3.497
3.398
3.321
3.262
3.246
3.275
3.287
3.282
3.302
3.368
3.461
3.531
3.581
3.615
3.586
3.518
3.475
3.473
3.382
3.203
3.069
3.021
2.958
2.89
2.842
2.81
2.772
2.758
2.778
2.79
2.776
2.815
2.926
2.985
2.949
2.876
2.842
2.817
2.767
2.685
2.583
2.472
2.372
2.295
2.234
2.153
2.064
1.998
1.928
1.876
1.878
1.898
1.848
1.71
1.612
1.599
1.578
1.544
1.54
1.544
1.531
1.517
1.515
1.499
1.418
1.331
1.318
1.331
1.266
1.143
1.08
1.089
1.109
1.134
1.159
1.209
1.295
1.402
1.508
1.592
1.66
1.678
1.603
1.529
1.529
1.56
1.522
1.44
1.424
1.535
1.703
1.889
2.098
2.323
2.515
2.651
2.751
2.803
2.785
2.735
2.751
2.794
2.719
2.549
2.45
2.454
2.477
2.513
2.599
2.706
2.812
2.897
2.974
3.098
3.223
3.28
3.262
3.2
3.144
3.046
2.849
2.633
2.504
2.413
2.334
2.261
2.214
2.168
2.171
2.23
2.323
2.384
2.327
2.187
2.075
1.987
1.853
1.635
1.415
1.263
1.127
1
0.969
1.025
1.066
1.073
1.118
1.204
1.25
1.247
1.213
1.154
1.075
0.984
0.859
0.692
0.524
0.395
0.333
0.317
0.315
0.292
0.277
0.311
0.401
0.485
0.501
0.474
0.46
0.465
0.435
0.342
0.247
0.215
0.161
0.043
-0.043
-0.084
-0.141
-0.222
-0.24
-0.143
-0.005
0.159
0.322
0.422
0.444
0.438
0.442
0.395
0.268
0.127
0.009
-0.066
-0.109
-0.129
-0.118
-0.077
-0.02
0.073
0.211
0.379
0.515
0.585
0.58
0.556
0.528
0.508
0.451
0.315
0.132
0.018
-0.029
-0.07
-0.063
0.011
0.104
0.211
0.331
0.422
0.463
0.467
0.431
0.383
0.333
0.243
0.102
-0.052
-0.218
-0.383
-0.487
-0.569
-0.608
-0.587
-0.526
-0.429
-0.351
-0.322
-0.347
-0.406
-0.512
-0.644
-0.78
-0.971
-1.164
-1.325
-1.44
-1.54
-1.631
-1.739
-1.814
-1.805
-1.751
-1.708
-1.71
-1.755
-1.819
-1.894
-1.978
-2.044
-2.141
-2.275
-2.404
-2.488
-2.552
-2.59
-2.561
-2.499
-2.508
-2.561
-2.595
-2.645
-2.708
-2.762
-2.808
-2.824
-2.783
-2.728
-2.679
-2.615
-2.545
-2.445
-2.327
-2.216
-2.1
-2.01
-1.937
-1.844
-1.805
-1.848
-1.896
-1.917
-1.953
-1.978
-1.919
-1.835
-1.744
-1.626
-1.465
-1.3
-1.168
-1.064
-0.962
-0.891
-0.884
-0.846
-0.785
-0.807
-0.857
-0.866
-0.884
-0.877
-0.819
-0.698
-0.499
-0.222
0.079
0.376
0.669
0.918
1.134
1.288
1.372
1.47
1.56
1.594
1.628
1.735
1.823
1.896
2.007
2.137
2.273
2.411
2.522
2.656
2.821
2.992
3.178
3.368
3.541
3.702
3.815
3.872
3.999
4.198
4.325
4.387
4.511
4.663
4.795
4.918
5.026
5.094
5.172
5.283
5.405
5.523
5.645
5.777
5.929
6.068
6.17
6.26
6.287
6.287
6.353
6.448
6.501
6.548
6.603
6.628
6.655
6.712
6.764
6.803
6.866
6.932
6.966
7.002
7.043
7.075
7.075
7.07
7.054
6.984
6.83
6.641
6.451
6.276
6.151
6.092
5.995
5.898
5.832
5.773
5.721
5.675
5.589
5.482
5.405
5.342
5.231
5.026
4.729
4.455
4.278
4.117
3.947
3.801
3.654
3.527
3.436
3.332
3.237
3.123
2.987
2.863
2.769
2.669
2.538
2.377
2.25
2.155
2.016
1.828
1.678
1.529
1.361
1.261
1.227
1.2
1.159
1.139
1.127
1.143
1.182
1.161
1.091
1.05
0.996
0.927
0.823
0.603
0.292
-0.023
-0.315
-0.567
-0.755
-0.911
-1.021
-1.018
-0.927
-0.809
-0.714
-0.644
-0.594
-0.519
-0.472
-0.467
-0.499
-0.558
-0.648
-0.789
-1.016
-1.291
-1.517
-1.701
-1.844
-1.882
-1.826
-1.739
-1.665
-1.581
-1.472
-1.338
-1.216
-1.159
-1.154
-1.15
-1.159
-1.202
-1.295
-1.461
-1.61
-1.69
-1.705
-1.692
-1.653
-1.59
-1.495
-1.334
-1.114
-0.896
-0.735
-0.624
-0.503
-0.367
-0.281
-0.22
-0.136
-0.039
0.036
0.063
0.054
0.057
0.109
0.181
0.227
0.302
0.449
0.608
0.703
0.775
0.9
1.071
1.218
1.325
1.465
1.685
1.844
1.891
1.908
1.937
1.924
1.894
1.914
1.969
2.039
2.096
2.198
2.397
2.617
2.758
2.796
2.821
2.908
2.99
3.03
3.03
3.053
3.069
3.019
2.89
2.703
2.481
2.291
2.193
2.137
2.075
2.041
2.035
2.048
2.125
2.236
2.302
2.295
2.227
2.139
2.066
1.973
1.812
1.637
1.479
1.3
1.068
0.814
0.726
0.771
0.735
0.635
0.692
0.819
0.757
0.583
0.537
0.512
0.404
0.308
0.254
0.168
0.082
0.061
0.027
-0.084
-0.156
-0.15
-0.184
-0.204
-0.154
-0.166
-0.306
-0.401
-0.361
-0.277
-0.222
-0.181
-0.111
-0.039
-0.032
-0.086
-0.166
-0.265
-0.329
-0.345
-0.367
-0.408
-0.474
-0.56
-0.549
-0.433
-0.342
-0.338
-0.381
-0.401
-0.363
-0.361
-0.451
-0.556
-0.664
-0.771
-0.778
-0.744
-0.855
-1.028
-1.139
-1.164
-1.034
-0.873
-0.832
-0.864
-0.893
-0.925
-0.993
-1.1
-1.179
-1.188
-1.209
-1.293
-1.39
-1.542
-1.728
-1.81
-1.794
-1.794
-1.801
-1.848
-1.912
-1.908
-1.903
-1.93
-1.937
-1.969
-2.003
-2.032
-2.121
-2.236
-2.289
-2.289
-2.27
-2.2
-2.082
-1.987
-2.048
-2.202
-2.268
-2.273
-2.268
-2.325
-2.49
-2.699
-2.867
-2.99
-3.101
-3.166
-3.203
-3.207
-3.187
-3.166
-3.185
-3.268
-3.429
-3.547
-3.563
-3.577
-3.615
-3.692
-3.808
-3.854
-3.811
-3.783
-3.788
-3.829
-3.879
-3.847
-3.749
-3.686
-3.674
-3.677
-3.697
-3.695
-3.604
-3.57
-3.67
-3.779
-3.767
-3.67
-3.599
-3.581
-3.568
-3.522
-3.45
-3.359
-3.302
-3.291
-3.253
-3.139
-3.015
-2.931
-2.892
-2.888
-2.901
-2.919
-2.915
-2.833
-2.674
-2.554
-2.472
-2.382
-2.323
-2.304
-2.282
-2.259
-2.259
-2.218
-2.139
-2.053
-1.996
-2.003
-2.012
-1.91
-1.717
-1.542
-1.456
-1.436
-1.379
-1.309
-1.27
-1.286
-1.318
-1.347
-1.365
-1.388
-1.467
-1.599
-1.656
-1.649
-1.649
-1.658
-1.694
-1.701
-1.619
-1.547
-1.486
-1.495
-1.547
-1.594
-1.597
-1.628
-1.687
-1.753
-1.851
-1.969
-2.105
-2.279
-2.465
-2.631
-2.733
-2.76
-2.817
-2.903
-2.91
-2.867
-2.86
-2.835
-2.785
-2.749
-2.794
-2.978
-3.207
-3.382
-3.507
-3.656
-3.879
-4.171
-4.434
-4.559
-4.584
-4.62
-4.668
-4.659
-4.586
-4.475
-4.371
-4.323
-4.339
-4.4
-4.446
-4.459
-4.523
-4.72
-5.02
-5.319
-5.55
-5.759
-5.975
-6.111
-6.142
-6.065
-5.909
-5.727
-5.575
-5.466
-5.355
-5.212
-5.076
-4.986
-4.938
-5.008
-5.217
-5.478
-5.682
-5.848
-6.043
-6.247
-6.412
-6.476
-6.451
-6.358
-6.235
-6.068
-5.875
-5.721
-5.623
-5.614
-5.659
-5.707
-5.716
-5.698
-5.737
-5.927
-6.208
-6.451
-6.58
-6.641
-6.678
-6.671
-6.623
-6.541
-6.403
-6.229
-6.09
-5.972
-5.836
-5.73
-5.739
-5.868
-6.054
-6.222
-6.365
-6.498
-6.605
-6.707
-6.85
-6.993
-7.072
-7.05
-6.941
-6.809
-6.666
-6.535
-6.448
-6.433
-6.453
-6.498
-6.548
-6.628
-6.739
-6.839
-6.934
-7.084
-7.24
-7.331
-7.403
-7.487
-7.537
-7.535
-7.499
-7.428
-7.333
-7.29
-7.299
-7.292
-7.215
-7.091
-6.95
-6.868
-6.866
-6.916
-6.975
-7.009
-7.025
-7.016
-6.993
-6.979
-6.943
-6.905
-6.909
-6.934
-6.939
-6.85
-6.639
-6.439
-6.34
-6.272
-6.204
-6.122
-6
-5.823
-5.63
-5.507
-5.509
-5.591
-5.695
-5.793
-5.868
-5.904
-5.902
-5.861
-5.827
-5.795
-5.718
-5.659
-5.598
-5.46
-5.255
-5.067
-4.931
-4.852
-4.827
-4.802
-4.759
-4.766
-4.845
-4.947
-5.085
-5.249
-5.391
-5.541
-5.673
-5.709
-5.652
-5.577
-5.471
-5.367
-5.289
-5.206
-5.11
-5.029
-5.008
-5.029
-5.079
-5.21
-5.382
-5.509
-5.65
-5.775
-5.843
-5.92
-6.038
-6.136
-6.106
-5.945
-5.737
-5.525
-5.305
-5.113
-4.99
-4.958
-4.972
-5.017
-5.156
-5.36
-5.6
-5.882
-6.147
-6.324
-6.424
-6.476
-6.492
-6.471
-6.39
-6.253
-6.018
-5.734
-5.466
-5.24
-5.11
-5.117
-5.176
-5.305
-5.503
-5.73
-5.936
-6.17
-6.387
-6.555
-6.609
-6.541
-6.399
-6.206
-5.986
-5.768
-5.589
-5.453
-5.314
-5.199
-5.181
-5.249
-5.437
-5.761
-6.117
-6.412
-6.634
-6.775
-6.834
-6.825
-6.755
-6.605
-6.383
-6.079
-5.721
-5.405
-5.206
-5.06
-5.013
-5.067
-5.142
-5.251
-5.437
-5.657
-5.891
-6.097
-6.251
-6.303
-6.249
-6.106
-5.875
-5.562
-5.251
-4.965
-4.697
-4.471
-4.296
-4.223
-4.282
-4.43
-4.625
-4.841
-5.054
-5.258
-5.412
-5.496
-5.507
-5.446
-5.299
-5.038
-4.706
-4.359
-3.999
-3.724
-3.611
-3.541
-3.45
-3.452
-3.547
-3.708
-3.929
-4.18
-4.384
-4.477
-4.473
-4.38
-4.219
-4.06
-3.908
-3.69
-3.459
-3.259
-3.123
-3.119
-3.214
-3.339
-3.477
-3.629
-3.794
-3.942
-4.076
-4.144
-4.135
-4.067
-3.913
-3.643
-3.352
-3.067
-2.803
-2.66
-2.624
-2.613
-2.642
-2.762
-2.983
-3.289
-3.611
-3.897
-4.09
-4.169
-4.103
-3.897
-3.631
-3.37
-3.08
-2.776
-2.524
-2.345
-2.248
-2.248
-2.336
-2.49
-2.672
-2.908
-3.196
-3.473
-3.656
-3.742
-3.754
-3.695
-3.488
-3.187
-2.84
-2.493
-2.221
-2.035
-1.908
-1.871
-1.919
-2.028
-2.221
-2.506
-2.783
-2.99
-3.101
-3.089
-2.949
-2.778
-2.604
-2.375
-2.078
-1.81
-1.624
-1.463
-1.325
-1.284
-1.388
-1.588
-1.83
-2.105
-2.372
-2.581
-2.69
-2.683
-2.59
-2.436
-2.182
-1.848
-1.531
-1.3
-1.123
-0.969
-0.843
-0.807
-0.902
-1.125
-1.411
-1.699
-1.935
-2.084
-2.121
-2.021
-1.814
-1.615
-1.436
-1.188
-0.916
-0.696
-0.56
-0.478
-0.447
-0.506
-0.66
-0.85
-1.064
-1.257
-1.395
-1.483
-1.522
-1.522
-1.447
-1.263
-0.969
-0.596
-0.302
-0.145
-0.041
0.027
-0.005
-0.12
-0.29
-0.499
-0.735
-0.973
-1.2
-1.397
-1.486
-1.447
-1.343
-1.17
-0.918
-0.664
-0.481
-0.317
-0.113
0.066
0.111
-0.032
-0.272
-0.537
-0.78
-0.991
-1.2
-1.359
-1.402
-1.365
-1.284
-1.152
-0.925
-0.605
-0.283
-0.066
0.07
0.141
0.138
0.057
-0.048
-0.186
-0.356
-0.537
-0.757
-0.939
-0.946
-0.794
-0.601
-0.422
-0.222
0.014
0.263
0.483
0.619
0.68
0.635
0.476
0.224
-0.068
-0.358
-0.574
-0.689
-0.726
-0.692
-0.565
-0.34
-0.032
0.333
0.687
0.98
1.213
1.37
1.39
1.295
1.125
0.905
0.669
0.456
0.277
0.066
-0.141
-0.213
-0.12
0.052
0.265
0.506
0.746
0.98
1.179
1.309
1.329
1.268
1.2
1.096
0.896
0.603
0.347
0.211
0.129
0.061
0.066
0.184
0.363
0.574
0.798
1.043
1.27
1.429
1.456
1.372
1.279
1.152
0.898
0.599
0.336
0.125
0.005
-0.039
-0.032
0.027
0.138
0.281
0.419
0.542
0.716
0.914
0.991
0.902
0.76
0.608
0.397
0.143
-0.077
-0.243
-0.361
-0.422
-0.404
-0.322
-0.152
0.061
0.252
0.453
0.714
0.941
0.962
0.862
0.76
0.61
0.392
0.184
0.011
-0.152
-0.283
-0.347
-0.34
-0.302
-0.184
0.048
0.306
0.528
0.689
0.782
0.78
0.701
0.58
0.392
0.132
-0.125
-0.342
-0.544
-0.689
-0.746
-0.755
-0.701
-0.508
-0.224
-0.023
0.073
0.2
0.336
0.363
0.304
0.215
0.095
-0.061
-0.256
-0.456
-0.676
-0.821
-0.816
-0.739
-0.698
-0.601
-0.376
-0.077
0.179
0.356
0.501
0.614
0.648
0.594
0.492
0.354
0.179
-0.045
-0.295
-0.444
-0.442
-0.408
-0.41
-0.342
-0.129
0.159
0.456
0.723
0.959
1.157
1.279
1.302
1.191
1.007
0.846
0.714
0.587
0.487
0.426
0.422
0.522
0.723
0.991
1.27
1.54
1.81
2.062
2.232
2.318
2.341
2.286
2.198
2.116
1.978
1.744
1.56
1.504
1.533
1.622
1.803
2.064
2.384
2.683
2.94
3.128
3.266
3.427
3.572
3.599
3.5
3.386
3.284
3.157
3.024
2.922
2.894
2.976
3.144
3.346
3.581
3.858
4.094
4.28
4.45
4.566
4.534
4.396
4.246
4.081
3.888
3.711
3.599
3.554
3.565
3.599
3.661
3.842
4.124
4.346
4.491
4.647
4.784
4.804
4.713
4.557
4.369
4.171
3.963
3.783
3.636
3.484
3.391
3.461
3.663
3.845
4.019
4.244
4.511
4.711
4.82
4.861
4.838
4.74
4.566
4.357
4.187
4.06
3.917
3.808
3.845
4.003
4.212
4.482
4.795
5.081
5.353
5.625
5.848
5.945
5.854
5.659
5.448
5.206
4.872
4.511
4.257
4.153
4.153
4.239
4.427
4.679
4.933
5.187
5.419
5.618
5.823
5.972
5.97
5.807
5.564
5.255
4.909
4.607
4.378
4.221
4.21
4.369
4.645
4.943
5.235
5.596
5.986
6.278
6.421
6.46
6.43
6.269
5.977
5.627
5.269
4.936
4.65
4.437
4.375
4.471
4.675
4.954
5.335
5.771
6.195
6.519
6.748
6.873
6.832
6.65
6.392
6.129
5.843
5.546
5.337
5.212
5.122
5.097
5.215
5.478
5.832
6.197
6.546
6.85
7.088
7.168
7.077
6.907
6.714
6.492
6.206
5.904
5.659
5.514
5.482
5.557
5.737
6.002
6.29
6.582
6.92
7.222
7.388
7.483
7.555
7.542
7.388
7.122
6.866
6.664
6.514
6.439
6.439
6.498
6.591
6.689
6.859
7.115
7.378
7.524
7.564
7.601
7.589
7.478
7.317
7.14
6.973
6.843
6.764
6.716
6.705
6.741
6.803
6.857
6.893
6.93
6.925
6.954
7.036
7.088
7.086
7.093
7.088
7.007
6.873
6.782
6.748
6.737
6.759
6.809
6.809
6.791
6.818
6.927
7.016
7.025
7.013
7.018
6.964
6.839
6.707
6.598
6.521
6.433
6.328
6.215
6.185
6.299
6.471
6.666
6.875
7.057
7.188
7.249
7.247
7.202
7.118
7.002
6.852
6.666
6.503
6.403
6.353
6.326
6.376
6.53
6.773
7.043
7.292
7.447
7.542
7.589
7.562
7.426
7.145
6.823
6.569
6.331
6.102
5.959
5.936
5.993
6.07
6.19
6.435
6.775
7.134
7.449
7.651
7.728
7.712
7.614
7.456
7.211
6.914
6.628
6.428
6.333
6.306
6.335
6.444
6.671
6.939
7.147
7.306
7.442
7.505
7.505
7.474
7.369
7.179
6.907
6.594
6.274
6.002
5.807
5.691
5.7
5.839
6.015
6.181
6.38
6.585
6.737
6.834
6.818
6.721
6.566
6.335
6.002
5.702
5.496
5.274
5.015
4.881
4.868
4.85
4.852
4.979
5.185
5.396
5.548
5.623
5.668
5.664
5.571
5.437
5.287
5.067
4.786
4.5
4.298
4.158
4.074
4.135
4.319
4.48
4.595
4.702
4.829
5.011
5.151
5.167
5.067
4.92
4.697
4.371
4.028
3.758
3.554
3.418
3.395
3.411
3.42
3.509
3.708
3.997
4.278
4.446
4.493
4.441
4.262
4.003
3.726
3.463
3.196
2.919
2.656
2.477
2.391
2.443
2.631
2.842
3.026
3.244
3.434
3.577
3.706
3.747
3.636
3.448
3.178
2.808
2.468
2.23
2.044
1.937
1.948
2.066
2.248
2.445
2.622
2.828
3.094
3.289
3.302
3.205
3.071
2.89
2.674
2.452
2.264
2.096
1.93
1.792
1.699
1.719
1.88
2.116
2.318
2.474
2.608
2.733
2.824
2.865
2.844
2.726
2.518
2.245
1.96
1.705
1.547
1.504
1.531
1.612
1.712
1.83
1.96
2.123
2.348
2.572
2.651
2.601
2.499
2.359
2.205
2.023
1.798
1.592
1.472
1.388
1.291
1.238
1.352
1.56
1.733
1.86
1.98
2.016
1.973
1.908
1.83
1.715
1.51
1.22
0.955
0.782
0.669
0.608
0.676
0.832
0.969
1.014
0.998
1
1.084
1.136
1.068
0.907
0.732
0.506
0.222
-0.075
-0.313
-0.508
-0.694
-0.812
-0.816
-0.85
-0.877
-0.762
-0.576
-0.483
-0.487
-0.524
-0.551
-0.599
-0.726
-0.889
-1.034
-1.209
-1.422
-1.612
-1.762
-1.839
-1.864
-1.835
-1.712
-1.56
-1.544
-1.59
-1.531
-1.402
-1.356
-1.458
-1.603
-1.724
-1.876
-2.082
-2.234
-2.282
-2.318
-2.372
-2.388
-2.372
-2.295
-2.137
-1.96
-1.832
-1.746
-1.703
-1.696
-1.703
-1.744
-1.853
-2.003
-2.159
-2.311
-2.477
-2.667
-2.787
-2.783
-2.697
-2.626
-2.606
-2.57
-2.49
-2.452
-2.438
-2.402
-2.382
-2.395
-2.443
-2.529
-2.667
-2.869
-3.092
-3.273
-3.407
-3.57
-3.69
-3.69
-3.656
-3.631
-3.588
-3.513
-3.414
-3.357
-3.35
-3.302
-3.253
-3.346
-3.547
-3.708
-3.849
-4.042
-4.269
-4.457
-4.598
-4.697
-4.747
-4.727
-4.675
-4.577
-4.455
-4.348
-4.339
-4.359
-4.328
-4.344
-4.482
-4.675
-4.872
-5.074
-5.274
-5.426
-5.487
-5.441
-5.394
-5.373
-5.301
-5.156
-5.022
-4.893
-4.729
-4.57
-4.53
-4.584
-4.693
-4.884
-5.131
-5.373
-5.557
-5.721
-5.909
-6.013
-5.943
-5.82
-5.739
-5.652
-5.498
-5.348
-5.276
-5.265
-5.224
-5.16
-5.231
-5.453
-5.625
-5.743
-5.947
-6.206
-6.353
-6.408
-6.439
-6.462
-6.428
-6.342
-6.235
-6.102
-5.918
-5.789
-5.78
-5.802
-5.854
-6.011
-6.226
-6.451
-6.653
-6.78
-6.866
-6.945
-6.984
-6.952
-6.916
-6.832
-6.653
-6.442
-6.331
-6.292
-6.224
-6.147
-6.145
-6.215
-6.358
-6.566
-6.814
-7.041
-7.261
-7.476
-7.573
-7.487
-7.354
-7.254
-7.152
-7.027
-6.864
-6.659
-6.446
-6.231
-6.09
-6.122
-6.26
-6.433
-6.673
-6.986
-7.274
-7.478
-7.646
-7.796
-7.855
-7.769
-7.594
-7.41
-7.208
-6.968
-6.782
-6.698
-6.637
-6.58
-6.609
-6.73
-6.932
-7.222
-7.517
-7.78
-7.991
-8.082
-8.048
-8.009
-7.957
-7.778
-7.512
-7.27
-7.088
-6.97
-6.941
-6.961
-7.029
-7.165
-7.397
-7.674
-7.912
-8.15
-8.499
-8.839
-8.944
-8.837
-8.703
-8.522
-8.308
-8.1
-7.887
-7.69
-7.535
-7.435
-7.46
-7.653
-7.909
-8.163
-8.442
-8.726
-8.973
-9.134
-9.232
-9.3
-9.304
-9.216
-9.066
-8.839
-8.551
-8.356
-8.333
-8.358
-8.336
-8.37
-8.503
-8.681
-8.873
-9.118
-9.375
-9.545
-9.565
-9.472
-9.372
-9.307
-9.164
-8.923
-8.717
-8.544
-8.352
-8.179
-8.114
-8.136
-8.254
-8.454
-8.692
-8.883
-8.994
-9.127
-9.284
-9.316
-9.254
-9.139
-8.966
-8.722
-8.458
-8.227
-8.091
-8.018
-7.946
-7.889
-7.966
-8.163
-8.349
-8.51
-8.703
-8.887
-8.985
-8.973
-8.858
-8.651
-8.424
-8.238
-8.102
-7.919
-7.721
-7.649
-7.662
-7.676
-7.728
-7.909
-8.141
-8.329
-8.44
-8.501
-8.538
-8.524
-8.442
-8.293
-8.091
-7.878
-7.68
-7.512
-7.356
-7.272
-7.279
-7.381
-7.537
-7.692
-7.835
-7.966
-8.1
-8.252
-8.374
-8.39
-8.281
-8.118
-7.959
-7.83
-7.692
-7.533
-7.426
-7.412
-7.481
-7.569
-7.658
-7.758
-7.905
-8.068
-8.22
-8.313
-8.343
-8.295
-8.204
-8.12
-8.041
-7.943
-7.805
-7.665
-7.589
-7.624
-7.73
-7.826
-7.86
-7.871
-7.968
-8.114
-8.218
-8.252
-8.256
-8.213
-8.111
-8.014
-7.93
-7.839
-7.778
-7.764
-7.767
-7.742
-7.701
-7.694
-7.742
-7.782
-7.85
-7.95
-8.002
-7.987
-7.984
-8.002
-7.998
-7.93
-7.81
-7.665
-7.56
-7.471
-7.385
-7.338
-7.338
-7.333
-7.308
-7.331
-7.39
-7.401
-7.381
-7.399
-7.397
-7.315
-7.202
-7.097
-6.986
-6.886
-6.812
-6.748
-6.669
-6.598
-6.575
-6.591
-6.632
-6.703
-6.803
-6.884
-6.871
-6.78
-6.63
-6.451
-6.272
-6.097
-5.916
-5.746
-5.63
-5.58
-5.573
-5.591
-5.636
-5.73
-5.852
-6.013
-6.176
-6.26
-6.274
-6.249
-6.142
-5.997
-5.866
-5.684
-5.419
-5.144
-4.927
-4.809
-4.809
-4.897
-5.029
-5.172
-5.314
-5.462
-5.596
-5.621
-5.548
-5.489
-5.471
-5.382
-5.26
-5.117
-4.933
-4.775
-4.686
-4.647
-4.643
-4.659
-4.706
-4.793
-4.911
-5.002
-5.074
-5.094
-5.119
-5.153
-5.119
-4.999
-4.865
-4.7
-4.509
-4.391
-4.31
-4.214
-4.146
-4.137
-4.128
-4.13
-4.196
-4.325
-4.455
-4.566
-4.668
-4.727
-4.695
-4.613
-4.559
-4.523
-4.471
-4.443
-4.378
-4.248
-4.133
-4.078
-4.087
-4.133
-4.162
-4.176
-4.226
-4.28
-4.319
-4.348
-4.359
-4.389
-4.427
-4.366
-4.266
-4.242
-4.18
-4.067
-4.006
-3.981
-3.956
-3.933
-3.904
-3.847
-3.788
-3.731
-3.711
-3.745
-3.792
-3.858
-3.904
-3.858
-3.749
-3.618
-3.436
-3.291
-3.273
-3.271
-3.203
-3.157
-3.153
-3.132
-3.11
-3.073
-3.017
-2.942
-2.858
-2.776
-2.656
-2.508
-2.372
-2.336
-2.332
-2.343
-2.366
-2.35
-2.309
-2.32
-2.363
-2.402
-2.427
-2.429
-2.377
-2.279
-2.173
-2.062
-1.948
-1.844
-1.767
-1.724
-1.676
-1.594
-1.501
-1.411
-1.393
-1.452
-1.506
-1.524
-1.538
-1.547
-1.54
-1.499
-1.427
-1.309
-1.161
-0.991
-0.816
-0.671
-0.594
-0.526
-0.438
-0.39
-0.426
-0.54
-0.678
-0.787
-0.889
-0.982
-1.043
-1.043
-1
-0.911
-0.796
-0.66
-0.526
-0.415
-0.317
-0.243
-0.166
-0.163
-0.227
-0.313
-0.422
-0.526
-0.594
-0.653
-0.689
-0.682
-0.687
-0.696
-0.655
-0.626
-0.626
-0.599
-0.508
-0.41
-0.34
-0.272
-0.193
-0.109
-0.07
-0.127
-0.258
-0.37
-0.39
-0.381
-0.417
-0.476
-0.472
-0.415
-0.327
-0.209
-0.107
-0.023
0.066
0.179
0.322
0.456
0.483
0.472
0.54
0.646
0.705
0.678
0.585
0.519
0.517
0.551
0.583
0.628
0.66
0.646
0.635
0.669
0.775
0.923
1.028
1.084
1.216
1.37
1.422
1.386
1.349
1.336
1.329
1.329
1.388
1.492
1.581
1.633
1.744
1.933
2.03
1.976
1.921
1.926
1.939
1.914
1.919
1.976
2.057
2.112
2.125
2.109
2.139
2.241
2.357
2.445
2.549
2.64
2.624
2.511
2.427
2.411
2.4
2.402
2.49
2.629
2.719
2.713
2.69
2.76
2.858
2.855
2.781
2.722
2.679
2.665
2.676
2.733
2.83
2.906
2.874
2.781
2.738
2.785
2.849
2.926
3.058
3.237
3.382
3.448
3.452
3.436
3.436
3.475
3.507
3.509
3.504
3.448
3.395
3.391
3.445
3.463
3.5
3.604
3.731
3.833
3.942
4.076
4.232
4.369
4.43
4.416
4.446
4.57
4.688
4.722
4.697
4.679
4.688
4.727
4.802
4.893
4.956
5.06
5.156
5.142
5.144
5.385
5.737
5.918
6.029
6.172
6.208
6.095
5.988
5.943
5.882
5.795
5.759
5.721
5.707
5.798
6.022
6.294
6.575
6.927
7.197
7.242
7.242
7.374
7.485
7.383
7.193
7.052
6.95
6.839
6.773
6.843
7.002
7.211
7.505
7.83
8.032
8.12
8.191
8.308
8.499
8.622
8.592
8.51
8.449
8.374
8.363
8.481
8.631
8.672
8.681
8.821
9.059
9.261
9.411
9.506
9.563
9.667
9.835
9.921
9.894
9.919
10.019
10.091
10.153
10.323
10.559
10.675
10.645
10.686
10.831
10.931
10.958
10.981
11.035
11.094
11.135
11.117
11.069
11.04
11.04
11.003
11.017
11.191
11.375
11.396
11.357
11.43
11.577
11.602
11.498
11.444
11.457
11.462
11.416
11.393
11.414
11.398
11.357
11.368
11.377
11.291
11.164
11.08
11.078
11.119
11.058
10.947
10.935
11.035
11.146
11.214
11.23
11.191
11.112
11.015
10.894
10.699
10.475
10.259
10.119
10.1
10.123
10.159
10.243
10.407
10.62
10.79
10.831
10.733
10.577
10.45
10.332
10.169
9.951
9.715
9.543
9.488
9.483
9.452
9.483
9.62
9.797
9.901
9.955
10.071
10.135
10.03
9.824
9.652
9.499
9.365
9.266
9.161
9.057
8.975
8.862
8.722
8.701
8.787
8.864
8.923
8.951
8.973
9.019
9.01
8.955
8.919
8.928
8.978
8.985
8.898
8.771
8.676
8.678
8.758
8.824
8.78
8.672
8.599
8.601
8.633
8.647
8.683
8.717
8.749
8.787
8.812
8.805
8.783
8.783
8.833
8.873
8.839
8.708
8.562
8.528
8.572
8.608
8.629
8.635
8.66
8.728
8.842
8.978
9.082
9.102
9.05
8.966
8.871
8.796
8.753
8.746
8.762
8.767
8.81
8.896
9.014
9.152
9.257
9.334
9.427
9.499
9.456
9.304
9.148
9.093
9.096
9.084
9.093
9.13
9.15
9.146
9.207
9.379
9.59
9.713
9.731
9.706
9.681
9.631
9.556
9.42
9.27
9.15
9.091
9.037
8.989
9.019
9.121
9.245
9.393
9.504
9.545
9.579
9.627
9.62
9.527
9.404
9.284
9.17
9.044
8.921
8.844
8.778
8.724
8.712
8.756
8.801
8.819
8.817
8.851
8.941
9.016
9.034
8.994
8.932
8.892
8.844
8.744
8.622
8.499
8.388
8.297
8.231
8.184
8.179
8.213
8.265
8.299
8.304
8.313
8.365
8.377
8.304
8.179
8.077
8.002
7.932
7.81
7.66
7.564
7.53
7.508
7.469
7.46
7.46
7.403
7.31
7.247
7.222
7.222
7.183
7.088
6.979
6.907
6.809
6.68
6.557
6.482
6.451
6.458
6.464
6.446
6.435
6.451
6.442
6.433
6.421
6.317
6.111
5.9
5.739
5.605
5.498
5.437
5.41
5.398
5.346
5.262
5.215
5.194
5.14
5.054
4.99
4.918
4.772
4.591
4.466
4.378
4.291
4.278
4.355
4.403
4.382
4.364
4.353
4.298
4.18
4.04
3.917
3.792
3.658
3.527
3.393
3.244
3.107
3.037
3.019
3.024
2.999
2.974
3.008
3.069
3.085
3.073
3.067
3.049
3.03
3.028
2.987
2.876
2.738
2.613
2.486
2.359
2.216
2.094
2.023
2.021
2.075
2.18
2.266
2.309
2.341
2.372
2.409
2.413
2.343
2.207
2.057
1.887
1.69
1.472
1.27
1.111
1.034
1.028
1.041
1.098
1.254
1.445
1.615
1.742
1.796
1.785
1.746
1.665
1.533
1.34
1.1
0.803
0.535
0.376
0.324
0.331
0.379
0.501
0.712
0.923
1.109
1.295
1.413
1.442
1.427
1.363
1.213
0.975
0.71
0.469
0.27
0.082
-0.073
-0.102
-0.039
0.068
0.206
0.397
0.63
0.816
0.875
0.841
0.764
0.608
0.415
0.258
0.048
-0.256
-0.519
-0.651
-0.669
-0.614
-0.469
-0.256
-0.034
0.147
0.286
0.372
0.41
0.385
0.354
0.29
0.125
-0.12
-0.367
-0.58
-0.76
-0.873
-0.918
-0.936
-0.891
-0.78
-0.614
-0.438
-0.306
-0.179
-0.054
0.002
-0.045
-0.166
-0.308
-0.478
-0.644
-0.828
-1.046
-1.247
-1.413
-1.529
-1.558
-1.517
-1.447
-1.343
-1.209
-1.114
-1.084
-1.066
-1.039
-1.034
-1.093
-1.227
-1.424
-1.665
-1.924
-2.125
-2.257
-2.336
-2.388
-2.384
-2.332
-2.236
-2.121
-2.019
-1.887
-1.71
-1.608
-1.594
-1.644
-1.755
-1.91
-2.087
-2.273
-2.513
-2.819
-3.112
-3.323
-3.418
-3.398
-3.28
-3.089
-2.899
-2.719
-2.577
-2.468
-2.418
-2.425
-2.481
-2.581
-2.778
-3.107
-3.448
-3.661
-3.801
-3.904
-3.949
-3.935
-3.874
-3.77
-3.652
-3.543
-3.466
-3.414
-3.386
-3.459
-3.629
-3.847
-4.067
-4.273
-4.427
-4.527
-4.6
-4.647
-4.641
-4.557
-4.355
-4.13
-3.931
-3.788
-3.74
-3.76
-3.852
-3.997
-4.133
-4.232
-4.346
-4.498
-4.65
-4.761
-4.825
-4.818
-4.72
-4.561
-4.409
-4.289
-4.226
-4.223
-4.26
-4.305
-4.375
-4.443
-4.489
-4.53
-4.591
-4.627
-4.62
-4.591
-4.518
-4.459
-4.464
-4.52
-4.559
-4.53
-4.45
-4.373
-4.357
-4.412
-4.489
-4.514
-4.473
-4.38
-4.303
-4.3
-4.375
-4.45
-4.459
-4.387
-4.291
-4.235
-4.169
-4.078
-3.981
-3.888
-3.811
-3.765
-3.736
-3.711
-3.749
-3.865
-4.017
-4.18
-4.384
-4.552
-4.613
-4.627
-4.625
-4.566
-4.398
-4.192
-4.017
-3.872
-3.767
-3.704
-3.711
-3.751
-3.818
-3.917
-4.037
-4.146
-4.226
-4.287
-4.328
-4.3
-4.198
-4.065
-3.947
-3.84
-3.713
-3.57
-3.459
-3.466
-3.629
-3.89
-4.185
-4.446
-4.659
-4.836
-4.954
-5.02
-5.056
-5.038
-4.924
-4.727
-4.491
-4.266
-4.042
-3.856
-3.836
-4.01
-4.273
-4.536
-4.749
-4.961
-5.19
-5.398
-5.543
-5.623
-5.625
-5.555
-5.471
-5.38
-5.269
-5.162
-5.085
-5.065
-5.106
-5.187
-5.337
-5.559
-5.755
-5.879
-5.925
-5.934
-5.968
-5.984
-5.95
-5.902
-5.839
-5.768
-5.721
-5.7
-5.695
-5.709
-5.737
-5.805
-5.95
-6.129
-6.238
-6.292
-6.387
-6.494
-6.587
-6.632
-6.551
-6.374
-6.206
-6.07
-5.904
-5.777
-5.727
-5.704
-5.659
-5.643
-5.713
-5.852
-5.993
-6.133
-6.276
-6.399
-6.507
-6.607
-6.655
-6.612
-6.446
-6.167
-5.922
-5.786
-5.648
-5.484
-5.382
-5.36
-5.36
-5.394
-5.471
-5.577
-5.723
-5.843
-5.929
-5.984
-5.95
-5.786
-5.598
-5.46
-5.339
-5.228
-5.067
-4.847
-4.711
-4.731
-4.822
-4.922
-5.04
-5.19
-5.337
-5.41
-5.446
-5.478
-5.453
-5.317
-5.142
-4.884
-4.564
-4.35
-4.239
-4.171
-4.13
-4.126
-4.208
-4.441
-4.729
-4.983
-5.217
-5.43
-5.584
-5.641
-5.58
-5.446
-5.294
-5.097
-4.87
-4.718
-4.629
-4.525
-4.389
-4.314
-4.378
-4.604
-4.859
-5.008
-5.115
-5.237
-5.299
-5.314
-5.312
-5.289
-5.226
-5.119
-4.988
-4.87
-4.74
-4.647
-4.629
-4.677
-4.697
-4.745
-4.865
-4.999
-5.119
-5.21
-5.26
-5.323
-5.364
-5.31
-5.187
-5.056
-4.915
-4.818
-4.779
-4.782
-4.804
-4.87
-4.956
-5.051
-5.172
-5.289
-5.335
-5.33
-5.305
-5.287
-5.271
-5.183
-5.036
-4.952
-4.918
-4.872
-4.865
-4.909
-4.981
-5.051
-5.131
-5.233
-5.317
-5.321
-5.303
-5.389
-5.525
-5.541
-5.412
-5.285
-5.208
-5.106
-4.952
-4.818
-4.734
-4.677
-4.638
-4.663
-4.745
-4.854
-4.958
-5.131
-5.357
-5.494
-5.484
-5.421
-5.364
-5.274
-5.104
-4.875
-4.645
-4.452
-4.31
-4.169
-4.067
-4.115
-4.278
-4.432
-4.559
-4.74
-4.97
-5.119
-5.192
-5.219
-5.178
-5.042
-4.879
-4.74
-4.629
-4.507
-4.371
-4.287
-4.31
-4.344
-4.344
-4.38
-4.461
-4.579
-4.7
-4.809
-4.895
-4.963
-4.974
-4.893
-4.761
-4.654
-4.561
-4.412
-4.26
-4.235
-4.271
-4.287
-4.328
-4.441
-4.545
-4.618
-4.702
-4.838
-4.961
-4.965
-4.913
-4.943
-5.015
-4.988
-4.906
-4.875
-4.909
-4.977
-5.079
-5.201
-5.353
-5.5
-5.641
-5.743
-5.798
-5.82
-5.8
-5.686
-5.516
-5.351
-5.167
-4.936
-4.72
-4.566
-4.484
-4.473
-4.55
-4.772
-5.058
-5.253
-5.43
-5.709
-6.004
-6.192
-6.267
-6.301
-6.283
-6.151
-5.934
-5.668
-5.369
-5.07
-4.786
-4.57
-4.468
-4.523
-4.668
-4.825
-4.979
-5.192
-5.437
-5.657
-5.825
-5.922
-5.927
-5.845
-5.691
-5.523
-5.312
-5.015
-4.743
-4.622
-4.55
-4.464
-4.423
-4.473
-4.607
-4.766
-4.915
-5.045
-5.124
-5.14
-5.081
-4.99
-4.922
-4.861
-4.77
-4.636
-4.534
-4.495
-4.455
-4.38
-4.323
-4.285
-4.253
-4.246
-4.276
-4.321
-4.316
-4.253
-4.253
-4.316
-4.339
-4.282
-4.221
-4.208
-4.237
-4.287
-4.325
-4.344
-4.341
-4.312
-4.214
-4.124
-4.083
-4.047
-3.958
-3.831
-3.731
-3.636
-3.486
-3.361
-3.321
-3.28
-3.171
-3.055
-3.019
-3.024
-3.015
-3.008
-3.062
-3.101
-3.03
-2.888
-2.69
-2.434
-2.148
-1.866
-1.628
-1.44
-1.279
-1.132
-1.018
-0.989
-1.068
-1.227
-1.424
-1.615
-1.814
-1.973
-2.012
-1.944
-1.86
-1.719
-1.47
-1.161
-0.846
-0.512
-0.152
0.116
0.218
0.236
0.22
0.177
0.063
-0.095
-0.247
-0.372
-0.503
-0.61
-0.646
-0.626
-0.551
-0.453
-0.327
-0.231
-0.154
-0.102
-0.091
-0.043
0.045
0.109
0.138
0.19
0.265
0.299
0.302
0.324
0.342
0.342
0.336
0.342
0.358
0.388
0.449
0.503
0.546
0.549
0.524
0.537
0.578
0.592
0.56
0.522
0.492
0.433
0.356
0.322
0.281
0.236
0.236
0.261
0.218
0.109
0.011
-0.036
-0.093
-0.184
-0.317
-0.447
-0.562
-0.651
-0.694
-0.658
-0.569
-0.472
-0.361
-0.222
-0.1
-0.009
0.052
0.068
0.029
-0.084
-0.22
-0.347
-0.449
-0.535
-0.569
-0.558
-0.499
-0.415
-0.272
-0.066
0.193
0.524
0.868
1.204
1.51
1.719
1.821
1.885
1.982
2.1
2.225
2.372
2.497
2.633
2.833
3.083
3.4
3.77
4.151
4.525
4.854
5.167
5.441
5.668
5.879
6.124
6.353
6.451
6.471
6.514
6.571
6.659
6.773
6.875
6.959
7.018
7.068
7.143
7.272
7.426
7.546
7.69
7.869
8
8.068
8.134
8.25
8.39
8.497
8.538
8.513
8.463
8.401
8.354
8.318
8.29
8.263
8.172
8.009
7.857
7.703
7.549
7.433
7.338
7.242
7.138
7.066
7.004
6.902
6.807
6.735
6.63
6.476
6.312
6.158
6.022
5.891
5.75
5.598
5.414
5.206
4.979
4.788
4.65
4.545
4.437
4.348
4.269
4.119
3.901
3.702
3.563
3.452
3.343
3.232
3.069
2.835
2.649
2.515
2.37
2.207
2.087
1.996
1.885
1.758
1.658
1.592
1.51
1.39
1.259
1.145
1.025
0.882
0.726
0.612
0.553
0.571
0.633
0.63
0.562
0.533
0.544
0.542
0.49
0.392
0.313
0.236
0.102
-0.036
-0.132
-0.206
-0.256
-0.263
-0.302
-0.306
-0.234
-0.143
-0.077
-0.007
0.075
0.125
0.147
0.202
0.302
0.376
0.406
0.442
0.508
0.567
0.635
0.773
0.939
1.086
1.25
1.379
1.465
1.547
1.642
1.712
1.792
1.86
1.898
1.96
2.055
2.148
2.273
2.447
2.66
2.828
2.928
3.017
3.071
3.101
3.139
3.18
3.216
3.289
3.416
3.59
3.783
4.033
4.375
4.747
5.047
5.294
5.503
5.655
5.718
5.686
5.534
5.299
5.06
4.82
4.552
4.38
4.4
4.534
4.672
4.879
5.224
5.584
5.873
6.122
6.31
6.383
6.342
6.235
6.052
5.734
5.339
4.988
4.743
4.545
4.398
4.323
4.366
4.493
4.69
4.922
5.144
5.285
5.296
5.167
4.997
4.838
4.595
4.178
3.717
3.348
3.042
2.776
2.581
2.484
2.465
2.518
2.611
2.765
2.86
2.86
2.858
2.888
2.812
2.57
2.293
2.044
1.792
1.588
1.476
1.445
1.442
1.456
1.51
1.671
1.924
2.162
2.293
2.395
2.508
2.552
2.488
2.348
2.175
2.023
1.928
1.882
1.885
1.926
1.998
2.182
2.495
2.749
2.885
3.062
3.257
3.38
3.441
3.42
3.314
3.212
3.123
2.971
2.853
2.89
2.971
2.967
3.003
3.16
3.343
3.459
3.565
3.681
3.79
3.874
3.949
3.938
3.822
3.702
3.663
3.674
3.631
3.525
3.468
3.543
3.679
3.811
3.922
4.022
4.119
4.223
4.239
4.174
4.187
4.217
4.112
3.956
3.858
3.811
3.774
3.765
3.792
3.899
4.094
4.321
4.52
4.668
4.793
4.933
5.101
5.192
5.133
5.002
4.877
4.747
4.656
4.588
4.536
4.552
4.661
4.736
4.829
5.026
5.26
5.432
5.537
5.593
5.568
5.478
5.357
5.185
4.961
4.779
4.711
4.715
4.731
4.784
4.961
5.233
5.464
5.625
5.791
5.945
6.018
6.036
6.006
5.884
5.707
5.546
5.36
5.201
5.158
5.201
5.253
5.305
5.382
5.487
5.616
5.757
5.868
5.913
5.941
5.979
5.993
5.938
5.798
5.668
5.6
5.532
5.385
5.237
5.14
5.045
4.97
4.983
5.042
5.065
5.079
5.076
5.076
5.104
5.092
4.99
4.915
4.863
4.734
4.539
4.321
4.092
3.906
3.765
3.686
3.679
3.683
3.602
3.525
3.522
3.513
3.418
3.323
3.273
3.187
3.055
2.924
2.787
2.64
2.493
2.336
2.221
2.207
2.214
2.157
2.114
2.182
2.291
2.372
2.45
2.502
2.513
2.506
2.484
2.465
2.438
2.329
2.184
2.08
2.007
1.869
1.696
1.635
1.726
1.891
2.062
2.205
2.343
2.504
2.692
2.86
2.949
2.98
2.962
2.846
2.665
2.536
2.479
2.425
2.332
2.257
2.248
2.289
2.357
2.484
2.697
2.915
3.035
3.083
3.132
3.126
3.024
2.96
2.98
2.976
2.91
2.806
2.713
2.683
2.706
2.742
2.751
2.81
2.942
3.049
3.073
3.089
3.198
3.327
3.364
3.293
3.196
3.114
3.012
2.899
2.824
2.762
2.62
2.416
2.302
2.314
2.391
2.481
2.554
2.606
2.64
2.69
2.747
2.756
2.71
2.599
2.411
2.155
1.937
1.776
1.649
1.56
1.544
1.569
1.531
1.44
1.383
1.427
1.513
1.603
1.647
1.66
1.649
1.597
1.54
1.542
1.569
1.533
1.422
1.313
1.225
1.177
1.182
1.202
1.22
1.229
1.188
1.114
1.057
1.08
1.188
1.247
1.2
1.107
1.039
0.95
0.868
0.798
0.721
0.642
0.612
0.624
0.658
0.701
0.746
0.85
0.998
1.114
1.157
1.152
1.159
1.204
1.277
1.311
1.3
1.261
1.213
1.164
1.086
1.003
0.959
0.941
0.921
0.925
0.98
1.082
1.191
1.275
1.34
1.438
1.567
1.687
1.778
1.848
1.86
1.81
1.735
1.642
1.52
1.377
1.243
1.175
1.127
1.066
1.05
1.093
1.173
1.272
1.361
1.42
1.42
1.377
1.372
1.381
1.331
1.286
1.227
1.091
0.923
0.791
0.751
0.785
0.83
0.909
1.03
1.118
1.186
1.263
1.311
1.318
1.261
1.114
0.893
0.678
0.528
0.453
0.424
0.408
0.372
0.317
0.292
0.327
0.433
0.587
0.68
0.696
0.685
0.628
0.481
0.292
0.143
0.059
-0.02
-0.166
-0.322
-0.401
-0.431
-0.41
-0.347
-0.292
-0.297
-0.349
-0.413
-0.406
-0.399
-0.426
-0.483
-0.626
-0.868
-1.107
-1.27
-1.393
-1.492
-1.533
-1.54
-1.594
-1.612
-1.542
-1.44
-1.349
-1.241
-1.161
-1.179
-1.302
-1.476
-1.647
-1.814
-2.014
-2.252
-2.536
-2.826
-3.021
-3.114
-3.096
-2.969
-2.806
-2.674
-2.59
-2.511
-2.434
-2.409
-2.454
-2.552
-2.722
-2.917
-3.101
-3.314
-3.475
-3.545
-3.568
-3.575
-3.552
-3.479
-3.364
-3.228
-3.078
-2.899
-2.792
-2.826
-2.926
-3.037
-3.139
-3.175
-3.162
-3.2
-3.255
-3.266
-3.244
-3.173
-3.042
-2.833
-2.608
-2.461
-2.406
-2.366
-2.264
-2.18
-2.148
-2.094
-2.062
-2.062
-2.109
-2.143
-2.091
-1.912
-1.687
-1.49
-1.309
-1.102
-0.921
-0.737
-0.531
-0.388
-0.313
-0.304
-0.345
-0.336
-0.272
-0.215
-0.104
0.107
0.376
0.646
0.907
1.2
1.506
1.78
1.939
2.039
2.139
2.134
2.014
1.921
1.921
1.98
2.066
2.121
2.214
2.402
2.642
2.926
3.25
3.543
3.781
3.94
4.04
4.106
4.169
4.212
4.214
4.232
4.264
4.325
4.414
4.566
4.786
5.015
5.226
5.412
5.575
5.737
5.873
5.934
5.963
5.993
5.979
5.938
5.893
5.932
6.079
6.244
6.362
6.494
6.621
6.739
6.859
6.97
7.072
7.17
7.197
7.131
7.043
6.968
6.909
6.816
6.682
6.546
6.462
6.399
6.312
6.26
6.267
6.272
6.217
6.127
6.045
5.977
5.922
5.841
5.716
5.605
5.546
5.5
5.401
5.217
5.022
4.816
4.588
4.384
4.226
4.092
3.967
3.888
3.867
3.827
3.729
3.627
3.547
3.475
3.336
3.164
3.024
2.885
2.69
2.443
2.221
2.075
1.946
1.792
1.642
1.544
1.488
1.442
1.372
1.302
1.263
1.2
1.023
0.773
0.569
0.453
0.349
0.172
-0.034
-0.188
-0.299
-0.388
-0.435
-0.508
-0.637
-0.73
-0.728
-0.712
-0.78
-0.916
-1
-1.039
-1.127
-1.286
-1.449
-1.585
-1.687
-1.771
-1.844
-1.903
-1.887
-1.851
-1.878
-1.926
-1.889
-1.78
-1.751
-1.837
-1.9
-1.924
-1.937
-1.958
-1.989
-2.01
-2.001
-1.976
-1.919
-1.851
-1.826
-1.812
-1.776
-1.73
-1.764
-1.837
-1.83
-1.719
-1.61
-1.506
-1.365
-1.168
-0.989
-0.816
-0.651
-0.528
-0.415
-0.313
-0.32
-0.404
-0.41
-0.29
-0.166
-0.161
-0.19
-0.132
0.011
0.132
0.24
0.431
0.694
0.941
1.179
1.349
1.393
1.383
1.424
1.504
1.56
1.569
1.59
1.656
1.769
1.891
2.071
2.304
2.508
2.629
2.719
2.865
3.071
3.25
3.336
3.332
3.321
3.327
3.282
3.164
3.058
2.994
2.958
2.956
2.969
3.046
3.189
3.368
3.473
3.507
3.552
3.561
3.454
3.284
3.121
2.956
2.785
2.599
2.372
2.148
1.996
1.987
2.053
2.06
2.066
2.184
2.284
2.255
2.141
2.028
1.855
1.606
1.377
1.184
1.016
0.83
0.687
0.63
0.608
0.578
0.558
0.574
0.571
0.537
0.485
0.379
0.227
0.023
-0.211
-0.449
-0.669
-0.848
-0.932
-0.973
-1.032
-1.048
-0.957
-0.843
-0.791
-0.787
-0.782
-0.782
-0.877
-1.089
-1.22
-1.259
-1.349
-1.481
-1.565
-1.569
-1.501
-1.413
-1.379
-1.354
-1.272
-1.168
-1.105
-1.118
-1.168
-1.13
-1.127
-1.243
-1.399
-1.544
-1.667
-1.737
-1.755
-1.769
-1.753
-1.778
-1.807
-1.726
-1.592
-1.574
-1.631
-1.665
-1.674
-1.703
-1.726
-1.744
-1.837
-1.998
-2.091
-2.119
-2.227
-2.397
-2.477
-2.445
-2.4
-2.343
-2.3
-2.295
-2.302
-2.304
-2.27
-2.184
-2.218
-2.372
-2.445
-2.413
-2.402
-2.422
-2.452
-2.518
-2.565
-2.57
-2.572
-2.586
-2.567
-2.484
-2.384
-2.397
-2.459
-2.438
-2.429
-2.493
-2.543
-2.533
-2.54
-2.57
-2.624
-2.633
-2.588
-2.608
-2.713
-2.76
-2.715
-2.694
-2.676
-2.588
-2.497
-2.461
-2.443
-2.443
-2.474
-2.538
-2.583
-2.592
-2.613
-2.606
-2.52
-2.411
-2.336
-2.311
-2.357
-2.413
-2.429
-2.465
-2.536
-2.595
-2.645
-2.735
-2.801
-2.835
-2.876
-2.901
-2.808
-2.597
-2.37
-2.177
-2.028
-1.951
-1.969
-1.998
-2.066
-2.221
-2.357
-2.343
-2.289
-2.311
-2.345
-2.341
-2.277
-2.123
-1.887
-1.617
-1.408
-1.395
-1.56
-1.705
-1.721
-1.719
-1.76
-1.792
-1.762
-1.739
-1.753
-1.728
-1.66
-1.603
-1.481
-1.291
-1.2
-1.243
-1.281
-1.284
-1.291
-1.3
-1.313
-1.383
-1.513
-1.628
-1.671
-1.687
-1.753
-1.857
-1.876
-1.787
-1.703
-1.649
-1.556
-1.47
-1.474
-1.52
-1.554
-1.606
-1.753
-1.951
-2.141
-2.352
-2.572
-2.701
-2.733
-2.76
-2.783
-2.756
-2.699
-2.658
-2.64
-2.611
-2.579
-2.558
-2.581
-2.685
-2.894
-3.123
-3.273
-3.341
-3.477
-3.717
-3.938
-4.076
-4.169
-4.257
-4.362
-4.464
-4.541
-4.573
-4.554
-4.507
-4.441
-4.369
-4.332
-4.375
-4.475
-4.595
-4.727
-4.92
-5.156
-5.396
-5.645
-5.879
-6.036
-6.052
-5.954
-5.843
-5.764
-5.707
-5.648
-5.639
-5.702
-5.836
-5.99
-6.124
-6.213
-6.351
-6.539
-6.662
-6.73
-6.791
-6.825
-6.798
-6.73
-6.616
-6.516
-6.444
-6.417
-6.412
-6.403
-6.401
-6.455
-6.541
-6.607
-6.662
-6.716
-6.735
-6.746
-6.741
-6.698
-6.605
-6.505
-6.424
-6.353
-6.283
-6.161
-6.027
-5.966
-5.959
-6.018
-6.154
-6.253
-6.308
-6.412
-6.521
-6.564
-6.555
-6.489
-6.378
-6.274
-6.204
-6.147
-6.113
-6.111
-6.161
-6.229
-6.263
-6.297
-6.362
-6.41
-6.428
-6.365
-6.21
-6.038
-5.888
-5.773
-5.718
-5.737
-5.775
-5.814
-5.875
-5.95
-6.015
-6.061
-6.111
-6.104
-6.07
-6.045
-5.995
-5.913
-5.861
-5.863
-5.882
-5.888
-5.861
-5.807
-5.766
-5.771
-5.814
-5.891
-5.995
-6.047
-6.013
-5.988
-6.068
-6.172
-6.224
-6.242
-6.253
-6.278
-6.315
-6.31
-6.249
-6.156
-6.054
-5.952
-5.845
-5.75
-5.7
-5.702
-5.777
-5.891
-5.972
-6.034
-6.052
-6.006
-5.966
-5.943
-5.875
-5.791
-5.73
-5.661
-5.573
-5.487
-5.414
-5.362
-5.357
-5.437
-5.555
-5.618
-5.67
-5.75
-5.809
-5.863
-5.938
-5.972
-5.95
-5.909
-5.843
-5.737
-5.605
-5.457
-5.305
-5.21
-5.19
-5.181
-5.172
-5.219
-5.305
-5.389
-5.505
-5.618
-5.718
-5.861
-5.984
-5.988
-5.891
-5.8
-5.723
-5.63
-5.528
-5.464
-5.464
-5.509
-5.562
-5.609
-5.657
-5.789
-5.95
-6.061
-6.17
-6.238
-6.204
-6.133
-6.086
-6.052
-6.047
-6.063
-6.029
-5.913
-5.811
-5.755
-5.73
-5.721
-5.798
-5.938
-6.088
-6.247
-6.374
-6.476
-6.596
-6.671
-6.639
-6.564
-6.469
-6.337
-6.17
-6.004
-5.87
-5.752
-5.648
-5.616
-5.664
-5.777
-5.922
-6.036
-6.161
-6.319
-6.405
-6.444
-6.498
-6.537
-6.505
-6.385
-6.185
-5.966
-5.768
-5.636
-5.548
-5.457
-5.357
-5.308
-5.33
-5.432
-5.591
-5.786
-6.004
-6.213
-6.287
-6.213
-6.086
-5.932
-5.739
-5.518
-5.287
-5.051
-4.861
-4.749
-4.734
-4.8
-4.897
-5.011
-5.147
-5.355
-5.573
-5.677
-5.695
-5.682
-5.593
-5.391
-5.156
-4.911
-4.634
-4.355
-4.162
-4.081
-4.065
-4.062
-4.103
-4.183
-4.262
-4.305
-4.359
-4.461
-4.552
-4.582
-4.534
-4.403
-4.217
-4.031
-3.863
-3.704
-3.541
-3.357
-3.18
-3.085
-3.092
-3.164
-3.341
-3.597
-3.788
-3.886
-3.924
-3.913
-3.867
-3.801
-3.708
-3.534
-3.298
-3.069
-2.892
-2.812
-2.837
-2.908
-2.983
-3.076
-3.205
-3.38
-3.552
-3.713
-3.842
-3.899
-3.879
-3.77
-3.586
-3.323
-3.053
-2.837
-2.731
-2.699
-2.645
-2.588
-2.62
-2.735
-2.874
-3.062
-3.264
-3.429
-3.568
-3.702
-3.808
-3.861
-3.849
-3.751
-3.543
-3.25
-2.912
-2.62
-2.436
-2.377
-2.336
-2.302
-2.348
-2.488
-2.699
-2.931
-3.164
-3.389
-3.541
-3.552
-3.436
-3.262
-3.042
-2.772
-2.495
-2.309
-2.205
-2.096
-2.003
-2.012
-2.119
-2.311
-2.586
-2.812
-2.903
-2.876
-2.783
-2.674
-2.554
-2.427
-2.298
-2.125
-1.93
-1.744
-1.622
-1.594
-1.687
-1.846
-1.996
-2.087
-2.18
-2.314
-2.477
-2.604
-2.606
-2.456
-2.218
-1.924
-1.626
-1.349
-1.141
-1.016
-0.969
-0.909
-0.841
-0.866
-1.012
-1.218
-1.474
-1.78
-1.998
-2.005
-1.846
-1.635
-1.456
-1.311
-1.145
-0.948
-0.737
-0.544
-0.415
-0.404
-0.524
-0.748
-0.987
-1.148
-1.22
-1.229
-1.184
-1.15
-1.136
-1.084
-0.948
-0.739
-0.519
-0.361
-0.272
-0.193
-0.156
-0.236
-0.374
-0.478
-0.556
-0.635
-0.73
-0.85
-0.959
-0.991
-0.946
-0.832
-0.687
-0.562
-0.485
-0.41
-0.331
-0.215
-0.043
0.068
0.057
-0.02
-0.166
-0.399
-0.605
-0.721
-0.791
-0.868
-0.946
-1
-1.003
-0.936
-0.764
-0.494
