Unnamed: 3
Value
-2.965
-2.967
-2.912
-2.79
-2.606
-2.436
-2.334
-2.2
-1.98
-1.778
-1.688
-1.647
-1.631
-1.626
-1.615
-1.649
-1.765
-1.833
-1.801
-1.749
-1.728
-1.726
-1.713
-1.619
-1.42
-1.189
-1.023
-0.919
-0.787
-0.606
-0.433
-0.34
-0.331
-0.367
-0.354
-0.245
-0.156
-0.186
-0.204
-0.131
-0.018
0.063
0.131
0.195
0.263
0.388
0.547
0.705
0.851
0.989
1.086
1.184
1.306
1.288
1.168
1.107
1.102
1.032
0.946
0.903
0.9
0.905
0.923
0.973
1.018
1.03
1.073
1.184
1.232
1.186
1.093
0.987
0.88
0.767
0.61
0.422
0.272
0.197
0.141
0.088
0.059
0.027
-0.009
-0.027
-0.138
-0.263
-0.32
-0.342
-0.386
-0.422
-0.438
-0.458
-0.549
-0.669
-0.748
-0.844
-1.027
-1.245
-1.42
-1.592
-1.769
-1.885
-1.976
-2.055
-2.107
-2.089
-2.021
-1.991
-2.003
-1.994
-1.896
-1.774
-1.753
-1.837
-1.896
-1.874
-1.921
-2.032
-2.125
-2.168
-2.146
-2.082
-2.06
-2.112
-2.155
-2.134
-2.08
-2.096
-2.214
-2.305
-2.243
-2.105
-2.073
-2.073
-1.987
-1.828
-1.678
-1.595
-1.563
-1.483
-1.306
-1.107
-0.982
-0.921
-0.812
-0.626
-0.499
-0.469
-0.413
-0.331
-0.336
-0.367
-0.324
-0.252
-0.179
-0.091
0.027
0.129
0.202
0.245
0.274
0.331
0.358
0.358
0.449
0.597
0.66
0.667
0.717
0.783
0.835
0.885
0.891
0.862
0.851
0.828
0.724
0.581
0.522
0.608
0.68
0.655
0.671
0.796
0.921
1.032
1.12
1.152
1.148
1.139
1.066
0.912
0.724
0.553
0.472
0.442
0.345
0.209
0.186
0.222
0.175
0.091
-0.005
-0.134
-0.209
-0.193
-0.238
-0.383
-0.497
-0.458
-0.356
-0.329
-0.347
-0.32
-0.263
-0.231
-0.231
-0.333
-0.515
-0.646
-0.699
-0.783
-0.944
-1.125
-1.238
-1.245
-1.227
-1.266
-1.316
-1.352
-1.399
-1.429
-1.429
-1.524
-1.681
-1.706
-1.644
-1.624
-1.658
-1.699
-1.681
-1.576
-1.499
-1.52
-1.572
-1.595
-1.556
-1.517
-1.561
-1.622
-1.581
-1.522
-1.506
-1.486
-1.429
-1.393
-1.379
-1.345
-1.311
-1.309
-1.345
-1.411
-1.438
-1.411
-1.422
-1.449
-1.404
-1.329
-1.263
-1.189
-1.107
-1.032
-0.953
-0.894
-0.857
-0.839
-0.801
-0.744
-0.674
-0.615
-0.551
-0.494
-0.46
-0.429
-0.358
-0.345
-0.447
-0.538
-0.533
-0.49
-0.465
-0.447
-0.42
-0.39
-0.345
-0.322
-0.354
-0.435
-0.504
-0.49
-0.479
-0.556
-0.631
-0.585
-0.499
-0.463
-0.494
-0.54
-0.549
-0.542
-0.585
-0.692
-0.776
-0.803
-0.789
-0.771
-0.803
-0.821
-0.764
-0.753
-0.817
-0.851
-0.889
-0.968
-1.075
-1.173
-1.263
-1.352
-1.434
-1.493
-1.52
-1.545
-1.574
-1.554
-1.527
-1.565
-1.606
-1.601
-1.629
-1.706
-1.753
-1.778
-1.79
-1.774
-1.726
-1.654
-1.57
-1.481
-1.411
-1.411
-1.477
-1.481
-1.445
-1.504
-1.601
-1.638
-1.635
-1.595
-1.529
-1.468
-1.454
-1.436
-1.395
-1.379
-1.399
-1.449
-1.497
-1.456
-1.375
-1.345
-1.32
-1.234
-1.116
-1.025
-0.955
-0.887
-0.812
-0.744
-0.689
-0.655
-0.633
-0.603
-0.544
-0.49
-0.433
-0.376
-0.433
-0.504
-0.492
-0.438
-0.395
-0.372
-0.34
-0.295
-0.259
-0.215
-0.179
-0.161
-0.143
-0.05
0.1
0.175
0.2
0.218
0.206
0.195
0.204
0.186
0.161
0.172
0.229
0.313
0.379
0.465
0.533
0.569
0.624
0.685
0.615
0.46
0.34
0.279
0.274
0.329
0.354
0.322
0.308
0.363
0.415
0.37
0.274
0.268
0.295
0.279
0.261
0.261
0.247
0.227
0.238
0.293
0.324
0.311
0.297
0.308
0.306
0.279
0.209
0.154
0.125
0.045
-0.091
-0.134
-0.082
-0.034
0.005
0.052
0.111
0.179
0.204
0.152
0.088
0
-0.068
-0.063
-0.066
-0.113
-0.125
-0.095
-0.05
-0.009
-0.023
-0.104
-0.177
-0.159
-0.097
-0.075
-0.027
0.07
0.161
0.279
0.349
0.281
0.181
0.156
0.181
0.168
0.093
0.029
0.029
0.072
0.1
0.097
0.079
0.072
0.156
0.277
0.293
0.252
0.272
0.324
0.372
0.39
0.399
0.442
0.499
0.538
0.551
0.59
0.655
0.676
0.655
0.633
0.558
0.42
0.361
0.422
0.485
0.531
0.628
0.767
0.873
0.889
0.848
0.814
0.78
0.721
0.68
0.653
0.601
0.585
0.64
0.71
0.778
0.837
0.869
0.869
0.885
0.889
0.835
0.758
0.712
0.712
0.719
0.753
0.742
0.68
0.662
0.721
0.803
0.857
0.851
0.785
0.73
0.712
0.674
0.547
0.386
0.331
0.431
0.547
0.551
0.497
0.488
0.54
0.599
0.585
0.515
0.429
0.386
0.397
0.404
0.37
0.315
0.299
0.367
0.415
0.354
0.225
0.138
0.125
0.134
0.129
0.082
0.025
0.023
0.07
0.086
0.063
0.02
0.027
0.072
0.079
0.091
0.12
0.125
0.1
0.097
0.138
0.193
0.215
0.186
0.152
0.138
0.163
0.159
0.084
0.002
-0.057
-0.095
-0.109
-0.095
-0.034
0.088
0.197
0.234
0.215
0.231
0.286
0.277
0.184
0.084
0.061
0.086
0.038
-0.002
0.048
0.154
0.252
0.286
0.249
0.211
0.211
0.211
0.211
0.231
0.225
0.172
0.161
0.209
0.186
0.111
0.097
0.186
0.293
0.34
0.297
0.211
0.175
0.19
0.172
0.097
0.077
0.147
0.229
0.274
0.286
0.281
0.27
0.288
0.331
0.356
0.32
0.261
0.265
0.358
0.445
0.451
0.46
0.485
0.483
0.438
0.37
0.302
0.254
0.24
0.261
0.295
0.333
0.327
0.295
0.304
0.347
0.354
0.306
0.29
0.322
0.324
0.288
0.247
0.263
0.322
0.392
0.449
0.524
0.64
0.712
0.71
0.667
0.628
0.54
0.429
0.356
0.286
0.184
0.107
0.12
0.22
0.318
0.347
0.32
0.333
0.435
0.533
0.517
0.454
0.449
0.504
0.556
0.569
0.558
0.533
0.553
0.608
0.617
0.572
0.485
0.399
0.367
0.361
0.345
0.322
0.313
0.331
0.39
0.438
0.445
0.445
0.488
0.524
0.522
0.526
0.538
0.524
0.551
0.644
0.692
0.655
0.622
0.619
0.617
0.599
0.563
0.535
0.583
0.64
0.662
0.665
0.662
0.628
0.617
0.687
0.785
0.807
0.762
0.73
0.744
0.748
0.719
0.667
0.662
0.748
0.855
0.898
0.914
0.964
1.039
1.093
1.057
0.984
0.962
0.953
0.898
0.837
0.844
0.925
1.002
1.059
1.116
1.143
1.127
1.143
1.225
1.286
1.252
1.189
1.166
1.166
1.116
1.021
0.962
0.991
1.077
1.17
1.223
1.214
1.214
1.27
1.35
1.386
1.365
1.343
1.375
1.449
1.495
1.465
1.42
1.429
1.497
1.515
1.47
1.409
1.363
1.352
1.404
1.481
1.524
1.499
1.447
1.44
1.472
1.497
1.479
1.504
1.613
1.724
1.76
1.731
1.669
1.649
1.678
1.692
1.669
1.658
1.663
1.635
1.592
1.604
1.629
1.606
1.579
1.644
1.769
1.835
1.803
1.787
1.817
1.84
1.792
1.688
1.624
1.631
1.606
1.561
1.574
1.638
1.699
1.749
1.783
1.792
1.81
1.819
1.806
1.778
1.722
1.615
1.538
1.536
1.547
1.511
1.465
1.536
1.672
1.749
1.737
1.715
1.708
1.724
1.751
1.722
1.658
1.678
1.751
1.79
1.778
1.771
1.781
1.824
1.862
1.865
1.846
1.806
1.774
1.76
1.724
1.649
1.624
1.713
1.828
1.86
1.865
1.923
2.016
2.03
1.948
1.851
1.758
1.649
1.563
1.545
1.574
1.583
1.529
1.474
1.458
1.483
1.529
1.576
1.61
1.599
1.538
1.531
1.554
1.499
1.404
1.359
1.359
1.375
1.347
1.243
1.123
1.061
1.05
1.016
0.941
0.932
1.012
1.073
1.046
1.009
1.043
1.136
1.223
1.252
1.257
1.286
1.325
1.3
1.211
1.136
1.077
1.059
1.096
1.077
0.957
0.866
0.896
0.982
0.991
0.932
0.919
0.955
0.98
0.987
0.982
0.975
0.987
1.007
0.989
0.973
0.939
0.88
0.889
0.982
1.027
0.971
0.91
0.88
0.898
0.885
0.767
0.651
0.64
0.68
0.669
0.615
0.608
0.653
0.671
0.637
0.658
0.733
0.717
0.649
0.583
0.49
0.379
0.277
0.22
0.254
0.347
0.397
0.388
0.42
0.497
0.506
0.476
0.479
0.535
0.606
0.606
0.528
0.46
0.415
0.404
0.392
0.39
0.413
0.476
0.485
0.463
0.447
0.376
0.261
0.188
0.156
0.122
0.109
0.113
0.138
0.24
0.37
0.445
0.517
0.603
0.644
0.635
0.565
0.451
0.308
0.15
0.027
-0.05
-0.177
-0.29
-0.245
-0.086
0.005
-0.016
-0.082
-0.077
-0.009
0.002
-0.079
-0.156
-0.17
-0.197
-0.27
-0.313
-0.347
-0.372
-0.354
-0.288
-0.236
-0.261
-0.34
-0.383
-0.386
-0.429
-0.547
-0.705
-0.821
-0.792
-0.703
-0.703
-0.717
-0.64
-0.528
-0.445
-0.41
-0.392
-0.358
-0.302
-0.315
-0.404
-0.445
-0.456
-0.519
-0.54
-0.481
-0.431
-0.383
-0.302
-0.234
-0.204
-0.215
-0.231
-0.236
-0.313
-0.426
-0.445
-0.42
-0.44
-0.467
-0.458
-0.408
-0.304
-0.172
-0.07
0.05
0.168
0.188
0.188
0.22
0.222
0.181
0.097
0.007
-0.038
-0.052
-0.075
-0.107
-0.136
-0.166
-0.172
-0.218
-0.279
-0.236
-0.179
-0.211
-0.274
-0.313
-0.327
-0.318
-0.281
-0.215
-0.138
-0.082
-0.036
0.027
0.05
-0.041
-0.131
-0.159
-0.186
-0.254
-0.372
-0.494
-0.533
-0.515
-0.51
-0.542
-0.569
-0.569
-0.54
-0.526
-0.553
-0.628
-0.687
-0.674
-0.653
-0.665
-0.642
-0.599
-0.59
-0.553
-0.479
-0.435
-0.445
-0.465
-0.469
-0.483
-0.497
-0.524
-0.565
-0.61
-0.59
-0.519
-0.528
-0.628
-0.71
-0.748
-0.769
-0.771
-0.785
-0.839
-0.876
-0.826
-0.733
-0.651
-0.601
-0.567
-0.513
-0.429
-0.327
-0.245
-0.2
-0.225
-0.322
-0.41
-0.42
-0.46
-0.558
-0.624
-0.619
-0.617
-0.66
-0.719
-0.71
-0.658
-0.606
-0.587
-0.576
-0.51
-0.381
-0.268
-0.2
-0.122
-0.034
0.034
0.125
0.204
0.202
0.15
0.109
0.118
0.107
0.036
-0.032
-0.068
-0.079
-0.109
-0.161
-0.195
-0.172
-0.15
-0.163
-0.1
0.059
0.154
0.156
0.145
0.129
0.113
0.125
0.088
-0.014
-0.107
-0.136
-0.118
-0.088
-0.041
0.016
-0.005
-0.041
-0.011
-0.007
-0.111
-0.227
-0.259
-0.284
-0.397
-0.528
-0.59
-0.619
-0.662
-0.726
-0.787
-0.796
-0.778
-0.769
-0.73
-0.694
-0.744
-0.832
-0.812
-0.737
-0.73
-0.746
-0.714
-0.687
-0.705
-0.733
-0.719
-0.696
-0.726
-0.817
-0.932
-1.027
-1.046
-1.071
-1.175
-1.254
-1.214
-1.152
-1.141
-1.134
-1.071
-0.957
-0.855
-0.812
-0.807
-0.817
-0.826
-0.844
-0.898
-1
-1.114
-1.166
-1.109
-1.064
-1.109
-1.143
-1.068
-0.993
-0.996
-1.041
-1.089
-1.123
-1.141
-1.173
-1.232
-1.236
-1.173
-1.082
-1.009
-0.932
-0.851
-0.823
-0.878
-0.894
-0.882
-0.937
-1.039
-1.111
-1.152
-1.2
-1.254
-1.286
-1.275
-1.25
-1.259
-1.313
-1.325
-1.311
-1.347
-1.37
-1.368
-1.399
-1.436
-1.354
-1.209
-1.123
-1.109
-1.1
-1.075
-1.03
-1.037
-1.132
-1.25
-1.352
-1.402
-1.447
-1.511
-1.531
-1.529
-1.601
-1.699
-1.719
-1.71
-1.744
-1.767
-1.724
-1.647
-1.583
-1.561
-1.57
-1.574
-1.572
-1.565
-1.554
-1.583
-1.669
-1.769
-1.794
-1.792
-1.883
-2.01
-2.05
-2.053
-2.057
-2.06
-2.066
-2.08
-2.082
-2.064
-2.05
-2.028
-2.014
-2.046
-2.098
-2.103
-2.035
-1.955
-1.957
-2.035
-2.091
-2.06
-2.048
-2.114
-2.184
-2.205
-2.18
-2.105
-2.026
-2.016
-2.06
-2.089
-2.062
-2.035
-2.05
-2.08
-2.089
-2.082
-2.062
-1.996
-1.946
-1.937
-1.93
-1.892
-1.84
-1.821
-1.826
-1.826
-1.79
-1.737
-1.681
-1.629
-1.597
-1.588
-1.595
-1.595
-1.57
-1.538
-1.52
-1.515
-1.552
-1.615
-1.629
-1.597
-1.615
-1.667
-1.676
-1.66
-1.656
-1.642
-1.606
-1.531
-1.463
-1.44
-1.429
-1.404
-1.393
-1.415
-1.472
-1.52
-1.527
-1.549
-1.629
-1.735
-1.769
-1.724
-1.676
-1.635
-1.599
-1.567
-1.549
-1.572
-1.619
-1.672
-1.722
-1.728
-1.713
-1.71
-1.706
-1.651
-1.536
-1.461
-1.472
-1.497
-1.458
-1.409
-1.465
-1.583
-1.672
-1.715
-1.737
-1.726
-1.713
-1.708
-1.685
-1.647
-1.615
-1.617
-1.626
-1.608
-1.576
-1.54
-1.465
-1.431
-1.44
-1.395
-1.297
-1.234
-1.234
-1.229
-1.211
-1.211
-1.261
-1.372
-1.454
-1.511
-1.574
-1.633
-1.669
-1.656
-1.563
-1.402
-1.257
-1.15
-1.059
-0.912
-0.735
-0.633
-0.635
-0.669
-0.674
-0.68
-0.717
-0.817
-0.935
-1.039
-1.1
-1.143
-1.193
-1.248
-1.261
-1.225
-1.141
-1.018
-0.937
-0.885
-0.805
-0.696
-0.61
-0.569
-0.585
-0.624
-0.651
-0.667
-0.671
-0.733
-0.83
-0.91
-0.932
-0.907
-0.839
-0.814
-0.814
-0.764
-0.66
-0.54
-0.463
-0.413
-0.392
-0.413
-0.463
-0.49
-0.549
-0.655
-0.735
-0.76
-0.758
-0.783
-0.812
-0.801
-0.739
-0.633
-0.515
-0.458
-0.386
-0.252
-0.152
-0.116
-0.07
-0.036
-0.048
-0.097
-0.181
-0.284
-0.401
-0.494
-0.567
-0.671
-0.767
-0.789
-0.751
-0.699
-0.642
-0.578
-0.499
-0.397
-0.29
-0.234
-0.211
-0.179
-0.179
-0.22
-0.249
-0.274
-0.327
-0.386
-0.438
-0.492
-0.574
-0.644
-0.692
-0.719
-0.724
-0.737
-0.783
-0.807
-0.76
-0.714
-0.68
-0.617
-0.547
-0.483
-0.44
-0.422
-0.42
-0.408
-0.406
-0.438
-0.488
-0.533
-0.556
-0.569
-0.597
-0.64
-0.667
-0.671
-0.705
-0.767
-0.81
-0.842
-0.839
-0.794
-0.73
-0.655
-0.547
-0.438
-0.345
-0.306
-0.354
-0.401
-0.424
-0.472
-0.581
-0.685
-0.742
-0.764
-0.817
-0.842
-0.817
-0.778
-0.717
-0.642
-0.569
-0.494
-0.413
-0.329
-0.261
-0.238
-0.225
-0.202
-0.22
-0.293
-0.365
-0.41
-0.442
-0.472
-0.517
-0.587
-0.646
-0.662
-0.637
-0.592
-0.549
-0.49
-0.347
-0.163
-0.025
0.066
0.088
0.075
0.045
0.002
-0.077
-0.204
-0.336
-0.42
-0.499
-0.581
-0.66
-0.676
-0.651
-0.578
-0.449
-0.293
-0.138
-0.009
0.122
0.252
0.313
0.29
0.231
0.161
0.061
-0.027
-0.129
-0.29
-0.465
-0.576
-0.637
-0.667
-0.678
-0.646
-0.567
-0.435
-0.302
-0.206
-0.111
0.009
0.113
0.168
0.172
0.141
0.091
0.032
-0.068
-0.243
-0.431
-0.563
-0.674
-0.764
-0.814
-0.807
-0.769
-0.687
-0.583
-0.506
-0.46
-0.404
-0.311
-0.211
-0.181
-0.202
-0.215
-0.236
-0.313
-0.429
-0.574
-0.717
-0.826
-0.889
-0.95
-0.959
-0.88
-0.769
-0.662
-0.519
-0.367
-0.265
-0.177
-0.1
-0.068
-0.107
-0.193
-0.32
-0.469
-0.556
-0.658
-0.814
-0.894
-0.857
-0.837
-0.821
-0.767
-0.689
-0.572
-0.424
-0.295
-0.19
-0.1
-0.002
0.104
0.211
0.236
0.166
0.054
-0.052
-0.193
-0.367
-0.528
-0.644
-0.705
-0.696
-0.626
-0.528
-0.383
-0.19
-0.002
0.163
0.329
0.451
0.531
0.581
0.608
0.565
0.472
0.374
0.327
0.32
0.272
0.197
0.2
0.256
0.281
0.286
0.333
0.401
0.469
0.547
0.66
0.814
0.955
1.032
1.064
1.091
1.073
0.991
0.9
0.844
0.798
0.751
0.746
0.778
0.805
0.798
0.826
0.898
0.996
1.084
1.12
1.173
1.302
1.418
1.454
1.399
1.327
1.268
1.186
1.082
1.016
1.016
1.016
1.005
1.016
1.046
1.048
1.077
1.186
1.245
1.202
1.157
1.168
1.173
1.123
1.089
1.098
1.13
1.136
1.134
1.132
1.13
1.105
1.082
1.057
1.027
1.016
1.025
1.043
1.043
1.037
1.073
1.143
1.2
1.207
1.132
1.091
1.145
1.168
1.098
1.043
1.023
1.027
1.023
0.975
0.941
0.959
1.021
1.098
1.15
1.164
1.179
1.263
1.388
1.481
1.529
1.545
1.565
1.574
1.545
1.495
1.456
1.397
1.322
1.254
1.207
1.245
1.347
1.42
1.488
1.581
1.642
1.665
1.694
1.731
1.76
1.819
1.942
2.089
2.225
2.298
2.348
2.454
2.52
2.447
2.286
2.148
2.06
2.003
1.978
1.962
1.951
1.967
2.032
2.114
2.232
2.384
2.495
2.559
2.658
2.754
2.747
2.695
2.656
2.624
2.59
2.556
2.525
2.488
2.468
2.427
2.409
2.438
2.432
2.339
2.252
2.236
2.221
2.223
2.273
2.345
2.373
2.373
2.393
2.391
2.354
2.336
2.286
2.184
2.105
2.066
2.016
1.951
1.894
1.858
1.842
1.86
1.883
1.874
1.858
1.853
1.86
1.883
1.846
1.713
1.583
1.527
1.493
1.445
1.352
1.241
1.179
1.211
1.277
1.275
1.232
1.272
1.352
1.388
1.399
1.393
1.331
1.25
1.189
1.123
1.057
1
0.939
0.88
0.832
0.801
0.801
0.855
0.871
0.798
0.742
0.789
0.891
0.98
1.018
1.043
1.125
1.232
1.257
1.17
1.064
1.055
1.061
1.021
0.957
0.876
0.785
0.764
0.821
0.91
0.982
1.034
1.12
1.277
1.427
1.497
1.556
1.631
1.619
1.547
1.524
1.517
1.445
1.311
1.223
1.225
1.282
1.306
1.261
1.214
1.259
1.402
1.481
1.472
1.493
1.542
1.585
1.597
1.583
1.536
1.49
1.468
1.465
1.422
1.359
1.309
1.311
1.286
1.141
1.007
0.978
0.973
0.919
0.88
0.948
1.102
1.252
1.329
1.325
1.279
1.282
1.322
1.241
1.039
0.826
0.671
0.601
0.551
0.442
0.331
0.288
0.363
0.476
0.547
0.581
0.61
0.692
0.776
0.758
0.712
0.708
0.68
0.631
0.619
0.628
0.615
0.563
0.524
0.456
0.336
0.265
0.227
0.127
0.016
0
0.05
0.131
0.209
0.254
0.327
0.483
0.646
0.748
0.783
0.794
0.794
0.789
0.724
0.59
0.488
0.429
0.379
0.331
0.329
0.367
0.401
0.431
0.517
0.612
0.696
0.842
0.941
0.903
0.855
0.898
0.937
0.916
0.839
0.771
0.792
0.873
0.932
0.971
1.023
1.066
1.148
1.232
1.164
1.048
1.016
1.037
1.052
1.075
1.107
1.118
1.143
1.193
1.241
1.297
1.34
1.318
1.277
1.216
1.145
1.1
1.073
1.048
1.018
1.012
1.071
1.207
1.322
1.377
1.424
1.456
1.395
1.302
1.232
1.173
1.098
1.03
0.998
1
0.982
0.91
0.876
0.993
1.136
1.17
1.189
1.218
1.214
1.211
1.2
1.136
1.059
1.025
1.043
1.086
1.107
1.102
1.132
1.125
1.086
1.105
1.134
1.098
1.016
0.978
1.005
1.03
0.982
0.889
0.894
1.016
1.136
1.234
1.325
1.329
1.295
1.288
1.259
1.209
1.127
1.025
0.989
1.014
1.034
1.061
1.066
1.027
1.027
1.077
1.118
1.12
1.08
1.016
0.984
1.005
1.03
1.016
1.055
1.143
1.234
1.336
1.443
1.517
1.563
1.552
1.506
1.468
1.381
1.252
1.152
1.093
1.093
1.159
1.118
0.987
0.932
0.987
1.064
1.127
1.166
1.191
1.229
1.266
1.288
1.318
1.384
1.406
1.377
1.37
1.368
1.293
1.198
1.157
1.148
1.1
1.039
0.993
0.93
0.846
0.796
0.81
0.812
0.789
0.801
0.844
0.905
0.989
1.059
1.068
1.041
0.966
0.826
0.719
0.699
0.655
0.565
0.515
0.506
0.515
0.54
0.54
0.567
0.637
0.739
0.832
0.855
0.78
0.708
0.651
0.567
0.517
0.513
0.483
0.431
0.435
0.481
0.513
0.494
0.41
0.327
0.356
0.374
0.306
0.261
0.274
0.322
0.415
0.494
0.551
0.603
0.635
0.669
0.703
0.667
0.585
0.538
0.463
0.347
0.254
0.168
0.109
0.097
0.109
0.109
0.125
0.177
0.206
0.238
0.306
0.327
0.327
0.358
0.349
0.274
0.213
0.206
0.24
0.259
0.225
0.186
0.154
0.161
0.209
0.206
0.093
-0.018
-0.023
0.014
0.009
-0.05
-0.088
-0.045
0.032
0.061
0.066
0.129
0.222
0.249
0.238
0.229
0.172
0.061
-0.036
-0.068
-0.061
-0.082
-0.12
-0.097
-0.029
0.009
0.025
0.082
0.111
0.043
-0.038
-0.043
-0.007
0.029
0.009
-0.057
-0.091
-0.077
-0.063
-0.075
-0.125
-0.186
-0.181
-0.12
-0.1
-0.118
-0.113
-0.125
-0.136
-0.102
-0.082
-0.138
-0.234
-0.304
-0.318
-0.304
-0.304
-0.331
-0.388
-0.399
-0.351
-0.356
-0.431
-0.492
-0.488
-0.449
-0.426
-0.458
-0.479
-0.465
-0.417
-0.367
-0.361
-0.41
-0.422
-0.363
-0.354
-0.46
-0.558
-0.61
-0.669
-0.746
-0.787
-0.748
-0.676
-0.594
-0.497
-0.415
-0.333
-0.247
-0.19
-0.122
-0.045
-0.038
-0.059
-0.063
-0.041
-0.011
0.011
0.002
-0.032
-0.07
-0.104
-0.134
-0.19
-0.272
-0.327
-0.27
-0.179
-0.188
-0.215
-0.177
-0.095
0.011
0.107
0.168
0.163
0.17
0.19
0.222
0.254
0.236
0.156
0.079
0.068
0.032
-0.077
-0.184
-0.225
-0.252
-0.295
-0.333
-0.372
-0.42
-0.454
-0.44
-0.417
-0.426
-0.422
-0.37
-0.327
-0.347
-0.376
-0.354
-0.338
-0.388
-0.438
-0.429
-0.408
-0.438
-0.522
-0.603
-0.606
-0.556
-0.549
-0.576
-0.556
-0.49
-0.458
-0.472
-0.492
-0.526
-0.572
-0.626
-0.651
-0.665
-0.696
-0.748
-0.76
-0.76
-0.819
-0.894
-0.896
-0.866
-0.848
-0.832
-0.851
-0.9
-0.923
-0.891
-0.803
-0.733
-0.735
-0.753
-0.735
-0.66
-0.606
-0.637
-0.665
-0.626
-0.597
-0.667
-0.758
-0.798
-0.773
-0.719
-0.68
-0.665
-0.644
-0.608
-0.597
-0.619
-0.687
-0.739
-0.717
-0.671
-0.669
-0.683
-0.665
-0.606
-0.538
-0.476
-0.438
-0.417
-0.401
-0.395
-0.39
-0.356
-0.311
-0.27
-0.245
-0.229
-0.238
-0.268
-0.284
-0.284
-0.315
-0.358
-0.374
-0.356
-0.349
-0.374
-0.397
-0.395
-0.388
-0.379
-0.363
-0.338
-0.32
-0.279
-0.225
-0.22
-0.268
-0.324
-0.351
-0.327
-0.295
-0.333
-0.392
-0.429
-0.433
-0.41
-0.379
-0.354
-0.336
-0.336
-0.336
-0.299
-0.252
-0.234
-0.254
-0.272
-0.295
-0.297
-0.308
-0.374
-0.504
-0.617
-0.671
-0.71
-0.773
-0.83
-0.842
-0.823
-0.794
-0.769
-0.744
-0.683
-0.603
-0.533
-0.467
-0.408
-0.351
-0.308
-0.297
-0.288
-0.263
-0.252
-0.315
-0.426
-0.506
-0.544
-0.535
-0.515
-0.51
-0.542
-0.553
-0.506
-0.449
-0.426
-0.46
-0.479
-0.422
-0.306
-0.263
-0.302
-0.324
-0.304
-0.243
-0.181
-0.172
-0.215
-0.254
-0.222
-0.177
-0.161
-0.143
-0.136
-0.109
-0.054
-0.034
-0.088
-0.193
-0.249
-0.24
-0.265
-0.306
-0.356
-0.404
-0.429
-0.433
-0.401
-0.392
-0.406
-0.395
-0.329
-0.279
-0.284
-0.297
-0.318
-0.34
-0.345
-0.363
-0.413
-0.454
-0.472
-0.485
-0.517
-0.556
-0.585
-0.594
-0.587
-0.615
-0.692
-0.783
-0.832
-0.796
-0.721
-0.665
-0.644
-0.637
-0.635
-0.651
-0.708
-0.805
-0.923
-1.012
-1.043
-1.084
-1.17
-1.243
-1.248
-1.202
-1.184
-1.216
-1.293
-1.365
-1.363
-1.311
-1.316
-1.381
-1.409
-1.338
-1.223
-1.166
-1.245
-1.352
-1.406
-1.393
-1.37
-1.404
-1.454
-1.463
-1.463
-1.499
-1.588
-1.685
-1.731
-1.726
-1.713
-1.697
-1.697
-1.733
-1.778
-1.774
-1.758
-1.733
-1.71
-1.735
-1.792
-1.842
-1.824
-1.781
-1.774
-1.771
-1.713
-1.626
-1.567
-1.606
-1.685
-1.699
-1.683
-1.717
-1.735
-1.74
-1.758
-1.785
-1.806
-1.812
-1.799
-1.776
-1.744
-1.674
-1.615
-1.585
-1.599
-1.642
-1.669
-1.665
-1.619
-1.579
-1.57
-1.588
-1.619
-1.597
-1.529
-1.474
-1.468
-1.447
-1.402
-1.388
-1.399
-1.372
-1.32
-1.32
-1.37
-1.363
-1.297
-1.286
-1.318
-1.388
-1.438
-1.436
-1.393
-1.37
-1.411
-1.474
-1.461
-1.399
-1.411
-1.465
-1.429
-1.347
-1.329
-1.331
-1.331
-1.377
-1.397
-1.37
-1.377
-1.404
-1.404
-1.379
-1.375
-1.418
-1.483
-1.493
-1.463
-1.474
-1.522
-1.542
-1.497
-1.39
-1.325
-1.343
-1.365
-1.329
-1.288
-1.334
-1.47
-1.59
-1.638
-1.644
-1.629
-1.585
-1.549
-1.529
-1.49
-1.454
-1.443
-1.438
-1.415
-1.393
-1.384
-1.395
-1.427
-1.436
-1.422
-1.415
-1.418
-1.429
-1.452
-1.463
-1.454
-1.436
-1.422
-1.42
-1.413
-1.388
-1.363
-1.361
-1.377
-1.393
-1.384
-1.336
-1.35
-1.429
-1.468
-1.443
-1.438
-1.511
-1.608
-1.658
-1.667
-1.644
-1.595
-1.536
-1.497
-1.465
-1.413
-1.311
-1.234
-1.207
-1.157
-1.116
-1.139
-1.161
-1.141
-1.143
-1.202
-1.288
-1.393
-1.463
-1.474
-1.493
-1.563
-1.599
-1.542
-1.443
-1.395
-1.418
-1.372
-1.25
-1.175
-1.157
-1.152
-1.17
-1.164
-1.136
-1.125
-1.182
-1.257
-1.3
-1.311
-1.291
-1.279
-1.302
-1.291
-1.225
-1.2
-1.216
-1.198
-1.157
-1.127
-1.116
-1.109
-1.077
-1.005
-0.966
-0.989
-1.034
-1.08
-1.107
-1.13
-1.209
-1.248
-1.207
-1.168
-1.177
-1.214
-1.25
-1.27
-1.252
-1.216
-1.202
-1.211
-1.216
-1.166
-1.043
-0.971
-1.032
-1.109
-1.098
-1.105
-1.168
-1.223
-1.22
-1.202
-1.182
-1.161
-1.102
-1.068
-1.096
-1.132
-1.157
-1.202
-1.254
-1.316
-1.381
-1.381
-1.311
-1.309
-1.359
-1.375
-1.334
-1.279
-1.275
-1.32
-1.322
-1.284
-1.227
-1.179
-1.116
-1.082
-1.111
-1.127
-1.12
-1.168
-1.241
-1.261
-1.22
-1.22
-1.282
-1.322
-1.309
-1.304
-1.347
-1.399
-1.436
-1.463
-1.434
-1.397
-1.434
-1.479
-1.456
-1.431
-1.436
-1.445
-1.418
-1.336
-1.288
-1.304
-1.32
-1.295
-1.245
-1.225
-1.2
-1.2
-1.277
-1.338
-1.306
-1.279
-1.288
-1.25
-1.164
-1.127
-1.134
-1.141
-1.136
-1.164
-1.211
-1.243
-1.27
-1.286
-1.252
-1.191
-1.184
-1.202
-1.139
-1.043
-1.002
-0.991
-0.939
-0.907
-0.935
-0.939
-0.882
-0.837
-0.832
-0.807
-0.712
-0.633
-0.676
-0.721
-0.674
-0.642
-0.658
-0.64
-0.601
-0.597
-0.592
-0.574
-0.569
-0.558
-0.551
-0.563
-0.594
-0.615
-0.603
-0.563
-0.612
-0.701
-0.671
-0.576
-0.54
-0.492
-0.433
-0.422
-0.415
-0.365
-0.313
-0.288
-0.308
-0.315
-0.243
-0.175
-0.231
-0.336
-0.351
-0.329
-0.338
-0.331
-0.304
-0.284
-0.265
-0.252
-0.272
-0.306
-0.324
-0.324
-0.293
-0.261
-0.247
-0.238
-0.259
-0.288
-0.27
-0.227
-0.209
-0.197
-0.177
-0.197
-0.249
-0.284
-0.277
-0.215
-0.179
-0.19
-0.184
-0.129
-0.113
-0.125
-0.084
-0.025
-0.027
-0.029
-0.007
0.007
-0.02
-0.048
-0.034
-0.034
-0.097
-0.156
-0.145
-0.122
-0.127
-0.184
-0.286
-0.363
-0.306
-0.179
-0.12
-0.125
-0.102
-0.032
0.029
0.018
-0.025
-0.025
0.029
0.084
0.079
0.036
0.038
0.02
-0.061
-0.104
-0.109
-0.113
-0.127
-0.127
-0.141
-0.172
-0.179
-0.175
-0.184
-0.179
-0.136
-0.075
-0.034
-0.059
-0.136
-0.181
-0.12
-0.011
-0.011
-0.147
-0.236
-0.159
-0.052
-0.048
-0.102
-0.125
-0.066
0.052
0.102
0.059
0.014
0.014
0.052
0.107
0.122
0.15
0.209
0.225
0.215
0.247
0.259
0.238
0.236
0.254
0.225
0.206
0.213
0.204
0.17
0.166
0.204
0.27
0.318
0.342
0.331
0.354
0.463
0.563
0.544
0.476
0.49
0.56
0.603
0.603
0.578
0.553
0.576
0.637
0.674
0.685
0.712
0.764
0.812
0.842
0.894
0.957
0.953
0.905
0.916
0.975
0.971
0.916
0.846
0.801
0.803
0.842
0.869
0.853
0.807
0.798
0.857
0.921
0.946
0.916
0.857
0.898
1.032
1.073
0.968
0.912
0.989
1.05
1.034
0.966
0.896
0.871
0.885
0.862
0.81
0.758
0.748
0.767
0.783
0.798
0.848
0.871
0.83
0.828
0.907
0.978
0.962
0.964
1.018
1.032
0.996
0.941
0.905
0.876
0.862
0.851
0.862
0.891
0.905
0.905
0.923
0.98
1.041
1.052
1.048
1.073
1.105
1.089
1.086
1.1
1.111
1.102
1.084
1.082
1.1
1.109
1.084
1.05
1.05
1.125
1.241
1.275
1.252
1.295
1.395
1.443
1.42
1.361
1.304
1.297
1.304
1.263
1.168
1.061
1.018
1.052
1.102
1.13
1.105
1.091
1.159
1.282
1.347
1.356
1.411
1.495
1.522
1.506
1.488
1.449
1.386
1.325
1.275
1.204
1.118
1.052
1.005
0.989
1.032
1.116
1.173
1.2
1.225
1.318
1.393
1.413
1.406
1.381
1.338
1.34
1.37
1.334
1.216
1.109
1.05
0.993
0.946
0.894
0.805
0.755
0.783
0.807
0.798
0.837
0.953
1.057
1.105
1.114
1.134
1.177
1.2
1.177
1.141
1.125
1.148
1.179
1.17
1.155
1.2
1.302
1.365
1.338
1.316
1.345
1.388
1.431
1.427
1.359
1.302
1.309
1.361
1.354
1.286
1.218
1.177
1.193
1.223
1.193
1.179
1.259
1.372
1.404
1.415
1.458
1.533
1.595
1.613
1.561
1.499
1.497
1.463
1.329
1.17
1.075
1.055
1.057
1.041
1.009
1.012
1.061
1.118
1.134
1.148
1.214
1.306
1.386
1.443
1.449
1.443
1.468
1.481
1.438
1.336
1.211
1.118
1.08
1.068
1.061
1.107
1.232
1.32
1.297
1.25
1.297
1.404
1.465
1.452
1.424
1.452
1.522
1.563
1.515
1.445
1.422
1.454
1.488
1.486
1.454
1.44
1.443
1.422
1.375
1.338
1.318
1.286
1.238
1.191
1.141
1.125
1.17
1.22
1.216
1.164
1.136
1.157
1.191
1.184
1.155
1.182
1.272
1.35
1.334
1.259
1.236
1.272
1.261
1.17
1.086
1.055
1.071
1.086
1.034
0.939
0.885
0.905
0.959
0.98
0.964
0.953
0.973
0.984
0.959
0.953
0.971
0.955
0.907
0.839
0.776
0.728
0.705
0.674
0.615
0.528
0.469
0.46
0.435
0.351
0.252
0.209
0.222
0.19
0.068
-0.061
-0.118
-0.102
-0.088
-0.147
-0.238
-0.274
-0.252
-0.249
-0.308
-0.397
-0.485
-0.551
-0.597
-0.606
-0.624
-0.655
-0.701
-0.726
-0.739
-0.744
-0.735
-0.767
-0.832
-0.871
-0.873
-0.851
-0.814
-0.803
-0.839
-0.871
-0.837
-0.771
-0.767
-0.796
-0.787
-0.739
-0.692
-0.676
-0.694
-0.66
-0.567
-0.454
-0.358
-0.329
-0.324
-0.295
-0.254
-0.213
-0.177
-0.147
-0.12
-0.068
0.023
0.118
0.2
0.27
0.342
0.435
0.531
0.608
0.696
0.739
0.742
0.81
0.941
1.052
1.073
1.05
1.014
1.002
1.046
1.08
1.059
1.055
1.109
1.166
1.207
1.234
1.261
1.322
1.397
1.465
1.533
1.61
1.681
1.715
1.713
1.735
1.79
1.801
1.781
1.767
1.781
1.799
1.792
1.787
1.769
1.71
1.681
1.692
1.713
1.683
1.601
1.592
1.678
1.787
1.812
1.771
1.724
1.756
1.826
1.84
1.81
1.79
1.787
1.806
1.826
1.81
1.751
1.728
1.742
1.769
1.781
1.76
1.737
1.74
1.749
1.785
1.817
1.774
1.683
1.619
1.64
1.713
1.774
1.776
1.756
1.765
1.778
1.767
1.733
1.681
1.633
1.624
1.654
1.678
1.654
1.572
1.465
1.42
1.452
1.493
1.447
1.35
1.311
1.354
1.399
1.409
1.454
1.547
1.599
1.615
1.658
1.722
1.744
1.71
1.708
1.758
1.774
1.667
1.524
1.447
1.454
1.515
1.536
1.517
1.513
1.542
1.599
1.644
1.64
1.599
1.615
1.69
1.767
1.819
1.806
1.708
1.622
1.613
1.629
1.619
1.59
1.547
1.533
1.536
1.524
1.565
1.626
1.654
1.622
1.574
1.549
1.545
1.495
1.424
1.39
1.39
1.368
1.277
1.157
1.046
1.012
1.066
1.136
1.157
1.168
1.218
1.297
1.347
1.32
1.248
1.202
1.179
1.168
1.116
1.018
0.887
0.746
0.619
0.572
0.56
0.504
0.381
0.293
0.318
0.42
0.544
0.635
0.678
0.694
0.701
0.733
0.719
0.617
0.499
0.415
0.372
0.318
0.197
0.041
-0.059
-0.041
0.057
0.122
0.136
0.138
0.179
0.249
0.281
0.238
0.175
0.143
0.122
0.091
0.048
0.014
-0.079
-0.229
-0.32
-0.295
-0.211
-0.19
-0.256
-0.324
-0.29
-0.138
0.034
0.159
0.19
0.172
0.186
0.202
0.147
0.02
-0.147
-0.295
-0.358
-0.388
-0.465
-0.572
-0.633
-0.574
-0.431
-0.329
-0.29
-0.263
-0.159
-0.002
0.095
0.072
0.032
0.009
-0.048
-0.138
-0.247
-0.388
-0.553
-0.699
-0.803
-0.86
-0.887
-0.887
-0.846
-0.773
-0.701
-0.592
-0.401
-0.206
-0.091
-0.057
-0.057
-0.086
-0.104
-0.127
-0.206
-0.356
-0.528
-0.671
-0.78
-0.891
-0.975
-1.05
-1.032
-0.9
-0.767
-0.694
-0.615
-0.499
-0.399
-0.322
-0.274
-0.243
-0.24
-0.288
-0.358
-0.417
-0.49
-0.565
-0.581
-0.549
-0.522
-0.46
-0.351
-0.295
-0.318
-0.311
-0.22
-0.113
-0.063
-0.104
-0.19
-0.265
-0.304
-0.34
-0.422
-0.519
-0.606
-0.658
-0.635
-0.563
-0.481
-0.401
-0.27
-0.104
0.057
0.177
0.259
0.299
0.281
0.202
0.088
-0.034
-0.156
-0.286
-0.363
-0.42
-0.474
-0.479
-0.406
-0.329
-0.286
-0.229
-0.111
-0.011
0.034
0.07
0.104
0.163
0.24
0.279
0.234
0.145
0.018
-0.138
-0.281
-0.37
-0.476
-0.592
-0.628
-0.578
-0.474
-0.37
-0.311
-0.225
-0.104
-0.018
-0.002
-0.063
-0.172
-0.284
-0.386
-0.488
-0.567
-0.612
-0.653
-0.739
-0.81
-0.778
-0.721
-0.714
-0.728
-0.712
-0.687
-0.683
-0.703
-0.726
-0.721
-0.692
-0.699
-0.771
-0.851
-0.957
-1.111
-1.2
-1.22
-1.248
-1.297
-1.34
-1.32
-1.189
-1.009
-0.876
-0.785
-0.71
-0.631
-0.538
-0.492
-0.542
-0.633
-0.708
-0.819
-0.935
-1.002
-1.057
-1.155
-1.238
-1.218
-1.118
-1.018
-0.93
-0.821
-0.68
-0.533
-0.392
-0.302
-0.213
-0.138
-0.131
-0.131
-0.084
-0.116
-0.247
-0.395
-0.513
-0.547
-0.526
-0.522
-0.528
-0.499
-0.374
-0.179
-0.002
0.102
0.186
0.358
0.508
0.519
0.476
0.433
0.356
0.259
0.177
0.127
0.072
-0.025
-0.109
-0.086
0.029
0.129
0.213
0.376
0.597
0.73
0.803
0.912
0.962
0.903
0.83
0.789
0.714
0.601
0.494
0.363
0.256
0.177
0.131
0.122
0.116
0.127
0.256
0.469
0.601
0.669
0.751
0.839
0.916
0.959
0.921
0.794
0.633
0.435
0.249
0.131
-0.007
-0.209
-0.349
-0.311
-0.209
-0.175
-0.116
-0.036
-0.007
0.009
0.057
0.07
0.025
-0.045
-0.125
-0.202
-0.293
-0.39
-0.497
-0.642
-0.817
-0.882
-0.844
-0.9
-1.037
-1.082
-0.998
-0.873
-0.789
-0.76
-0.751
-0.719
-0.71
-0.748
-0.837
-0.984
-1.207
-1.393
-1.447
-1.458
-1.524
-1.565
-1.506
-1.402
-1.288
-1.159
-1.032
-0.948
-0.907
-0.88
-0.828
-0.794
-0.805
-0.857
-0.921
-1.002
-1.048
-1.032
-1.068
-1.238
-1.35
-1.284
-1.161
-1.091
-1.048
-0.971
-0.826
-0.608
-0.417
-0.304
-0.243
-0.202
-0.177
-0.12
-0.109
-0.243
-0.413
-0.488
-0.519
-0.565
-0.61
-0.603
-0.513
-0.388
-0.263
-0.129
0.011
0.134
0.238
0.327
0.372
0.392
0.458
0.499
0.44
0.372
0.345
0.342
0.313
0.245
0.172
0.163
0.213
0.265
0.263
0.231
0.252
0.315
0.395
0.479
0.506
0.499
0.535
0.565
0.497
0.363
0.229
0.156
0.111
0.048
-0.025
-0.063
-0.082
-0.086
-0.072
-0.068
-0.045
-0.016
-0.05
-0.147
-0.231
-0.284
-0.329
-0.397
-0.476
-0.56
-0.599
-0.619
-0.689
-0.832
-1.007
-1.098
-1.048
-1.023
-1.08
-1.091
-1.043
-1.012
-1.012
-1.05
-1.116
-1.177
-1.229
-1.275
-1.35
-1.436
-1.511
-1.572
-1.622
-1.629
-1.629
-1.678
-1.724
-1.713
-1.669
-1.604
-1.529
-1.479
-1.452
-1.449
-1.456
-1.463
-1.52
-1.59
-1.59
-1.595
-1.658
-1.665
-1.588
-1.579
-1.615
-1.588
-1.522
-1.479
-1.461
-1.424
-1.336
-1.204
-1.043
-0.941
-0.914
-0.837
-0.735
-0.758
-0.823
-0.835
-0.832
-0.853
-0.864
-0.862
-0.848
-0.823
-0.764
-0.653
-0.558
-0.51
-0.397
-0.231
-0.134
-0.072
-0.009
0.005
0.002
0.027
0.054
0.061
0.077
0.122
0.184
0.202
0.19
0.168
0.145
0.184
0.247
0.204
0.127
0.166
0.295
0.39
0.429
0.465
0.517
0.547
0.492
0.397
0.302
0.213
0.204
0.238
0.213
0.179
0.229
0.293
0.304
0.297
0.27
0.209
0.156
0.136
0.113
0.059
0.025
0.045
0.061
0.061
0.054
-0.018
-0.107
-0.15
-0.179
-0.254
-0.347
-0.401
-0.41
-0.454
-0.517
-0.542
-0.583
-0.68
-0.762
-0.771
-0.796
-0.864
-0.903
-0.925
-0.973
-1.041
-1.096
-1.096
-1.05
-1.037
-1.071
-1.084
-1.043
-0.998
-1.037
-1.102
-1.107
-1.13
-1.193
-1.263
-1.338
-1.395
-1.422
-1.445
-1.463
-1.456
-1.445
-1.447
-1.436
-1.406
-1.39
-1.347
-1.293
-1.293
-1.266
-1.166
-1.098
-1.05
-0.993
-0.935
-0.903
-0.9
-0.914
-0.907
-0.878
-0.826
-0.801
-0.805
-0.771
-0.705
-0.699
-0.687
-0.631
-0.556
-0.492
-0.447
-0.415
-0.379
-0.331
-0.311
-0.295
-0.286
-0.27
-0.2
-0.104
-0.063
-0.005
0.093
0.159
0.143
0.107
0.072
0.07
0.107
0.136
0.141
0.145
0.181
0.247
0.297
0.34
0.376
0.347
0.272
0.238
0.245
0.249
0.245
0.279
0.349
0.376
0.347
0.313
0.277
0.215
0.152
0.111
0.052
0.016
0.041
0.05
0
-0.034
-0.043
-0.059
-0.091
-0.15
-0.225
-0.27
-0.29
-0.356
-0.435
-0.474
-0.508
-0.542
-0.553
-0.569
-0.59
-0.612
-0.603
-0.594
-0.619
-0.701
-0.832
-0.962
-1.025
-1.048
-1.155
-1.291
-1.32
-1.286
-1.257
-1.245
-1.241
-1.259
-1.229
-1.145
-1.075
-1.032
-1.059
-1.096
-1.08
-1.091
-1.182
-1.279
-1.329
-1.325
-1.268
-1.261
-1.318
-1.368
-1.368
-1.347
-1.334
-1.313
-1.25
-1.159
-1.061
-0.978
-0.95
-0.948
-0.937
-0.916
-0.905
-0.925
-0.982
-1.027
-1.016
-0.996
-0.98
-0.939
-0.891
-0.842
-0.751
-0.628
-0.542
-0.522
-0.494
-0.426
-0.379
-0.386
-0.413
-0.438
-0.438
-0.401
-0.358
-0.324
-0.29
-0.238
-0.193
-0.163
-0.147
-0.122
-0.063
0.02
0.138
0.29
0.404
0.431
0.417
0.401
0.358
0.281
0.211
0.163
0.154
0.193
0.22
0.204
0.202
0.245
0.281
0.293
0.302
0.308
0.318
0.347
0.333
0.238
0.138
0.086
0.077
0.072
0.061
0.02
0.002
0.057
0.125
0.131
0.072
0.014
-0.043
-0.057
-0.063
-0.12
-0.195
-0.243
-0.247
-0.293
-0.401
-0.547
-0.701
-0.814
-0.885
-0.9
-0.876
-0.828
-0.801
-0.76
-0.705
-0.644
-0.597
-0.574
-0.567
-0.533
-0.476
-0.469
-0.549
-0.665
-0.819
-0.95
-1.034
-1.116
-1.238
-1.34
-1.37
-1.32
-1.259
-1.218
-1.157
-1.073
-0.982
-0.93
-0.898
-0.855
-0.81
-0.773
-0.762
-0.78
-0.798
-0.801
-0.826
-0.907
-0.989
-1
-0.953
-0.914
-0.907
-0.93
-0.937
-0.839
-0.699
-0.612
-0.56
-0.488
-0.379
-0.286
-0.261
-0.288
-0.311
-0.345
-0.408
-0.433
-0.39
-0.363
-0.397
-0.426
-0.367
-0.243
-0.118
-0.036
0.045
0.15
0.256
0.347
0.42
0.456
0.438
0.406
0.44
0.499
0.445
0.302
0.175
0.127
0.141
0.181
0.215
0.261
0.386
0.535
0.662
0.801
0.921
0.993
1.016
0.996
0.937
0.86
0.805
0.735
0.635
0.547
0.481
0.415
0.342
0.268
0.2
0.19
0.284
0.404
0.51
0.585
0.635
0.678
0.728
0.712
0.628
0.54
0.456
0.381
0.295
0.17
-0.016
-0.211
-0.34
-0.397
-0.42
-0.445
-0.458
-0.433
-0.34
-0.204
-0.086
-0.057
-0.095
-0.154
-0.211
-0.322
-0.485
-0.612
-0.696
-0.769
-0.839
-0.916
-0.973
-0.971
-0.941
-0.928
-0.894
-0.839
-0.783
-0.717
-0.703
-0.744
-0.762
-0.73
-0.705
-0.783
-0.921
-1.009
-0.993
-0.955
-0.971
-1.037
-1.08
-1.068
-1.012
-0.978
-0.95
-0.925
-0.86
-0.733
-0.572
-0.463
-0.469
-0.519
-0.528
-0.504
-0.479
-0.492
-0.542
-0.574
-0.587
-0.61
-0.646
-0.658
-0.671
-0.649
-0.569
-0.46
-0.367
-0.268
-0.17
-0.072
0.016
0.063
0.059
0.052
0.045
0.007
-0.036
-0.029
0.045
0.154
0.252
0.324
0.39
0.458
0.526
0.576
0.563
0.513
0.524
0.578
0.608
0.581
0.485
0.392
0.399
0.467
0.506
0.463
0.408
0.435
0.549
0.637
0.626
0.574
0.563
0.601
0.646
0.649
0.583
0.51
0.517
0.578
0.608
0.572
0.492
0.397
0.311
0.268
0.256
0.218
0.147
0.107
0.111
0.129
0.156
0.186
0.204
0.206
0.213
0.234
0.231
0.202
0.127
0.002
-0.113
-0.2
-0.247
-0.288
-0.34
-0.358
-0.297
-0.19
-0.116
-0.082
-0.104
-0.197
-0.327
-0.397
-0.404
-0.451
-0.576
-0.696
-0.724
-0.658
-0.617
-0.646
-0.694
-0.667
-0.592
-0.542
-0.556
-0.626
-0.703
-0.735
-0.719
-0.73
-0.803
-0.864
-0.866
-0.832
-0.844
-0.912
-0.957
-0.948
-0.941
-0.962
-0.946
-0.855
-0.805
-0.846
-0.837
-0.744
-0.651
-0.599
-0.538
-0.458
-0.365
-0.295
-0.281
-0.249
-0.2
-0.22
-0.333
-0.386
-0.329
-0.281
-0.302
-0.288
-0.204
-0.068
0.084
0.227
0.347
0.44
0.513
0.583
0.624
0.563
0.415
0.322
0.327
0.347
0.345
0.34
0.349
0.399
0.499
0.61
0.644
0.603
0.563
0.547
0.549
0.533
0.472
0.386
0.358
0.401
0.395
0.32
0.252
0.204
0.147
0.068
-0.036
-0.125
-0.195
-0.252
-0.304
-0.363
-0.399
-0.413
-0.445
-0.517
-0.597
-0.628
-0.631
-0.685
-0.776
-0.832
-0.873
-0.964
-1.084
-1.2
-1.343
-1.483
-1.524
-1.481
-1.461
-1.488
-1.486
-1.404
-1.379
-1.431
-1.456
-1.456
-1.49
-1.567
-1.624
-1.629
-1.629
-1.674
-1.749
-1.76
-1.676
-1.574
-1.483
-1.447
-1.411
-1.288
-1.164
-1.111
-1.105
-1.12
-1.123
-1.1
-1.075
-1.032
-0.962
-0.855
-0.78
-0.739
-0.689
-0.665
-0.685
-0.703
-0.683
-0.619
-0.504
-0.324
-0.113
0.052
0.154
0.277
0.429
0.567
0.692
0.771
0.742
0.692
0.708
0.712
0.66
0.594
0.608
0.705
0.846
0.957
0.998
1.093
1.295
1.497
1.651
1.753
1.785
1.79
1.803
1.821
1.849
1.86
1.865
1.914
1.96
1.998
2.105
2.198
2.196
2.148
2.144
2.187
2.216
2.218
2.248
2.366
2.529
2.618
2.629
2.679
2.729
2.758
2.822
2.897
2.926
2.906
2.885
2.86
2.799
2.736
2.708
2.686
2.647
2.69
2.851
2.976
2.999
2.999
2.965
2.899
2.838
2.765
2.683
2.608
2.568
2.54
2.579
2.631
2.631
2.629
2.699
2.788
2.833
2.801
2.729
2.674
2.631
2.561
2.466
2.302
2.1
1.971
1.937
1.928
1.901
1.849
1.824
1.835
1.88
1.932
1.98
2.016
1.973
1.892
1.905
1.942
1.865
1.726
1.64
1.613
1.572
1.472
1.329
1.15
1
0.914
0.88
0.835
0.801
0.853
0.91
0.921
0.955
1.014
1.048
1.061
1.102
1.164
1.186
1.134
0.957
0.771
0.667
0.583
0.494
0.467
0.492
0.535
0.633
0.778
0.894
0.941
0.921
0.889
0.866
0.83
0.81
0.773
0.676
0.567
0.519
0.501
0.463
0.415
0.381
0.433
0.581
0.669
0.601
0.528
0.544
0.578
0.59
0.569
0.517
0.499
0.558
0.594
0.549
0.456
0.417
0.435
0.383
0.222
0.125
0.143
0.156
0.127
0.057
0.007
0.054
0.159
0.179
0.122
0.107
0.07
0.016
-0.02
-0.136
-0.295
-0.338
-0.324
-0.351
-0.417
-0.479
-0.492
-0.433
-0.383
-0.342
-0.313
-0.338
-0.331
-0.249
-0.236
-0.336
-0.424
-0.469
-0.51
-0.54
-0.576
-0.594
-0.583
-0.608
-0.714
-0.771
-0.758
-0.812
-0.891
-0.907
-0.882
-0.851
-0.819
-0.839
-0.88
-0.88
-0.86
-0.81
-0.783
-0.789
-0.746
-0.689
-0.724
-0.789
-0.814
-0.819
-0.837
-0.88
-0.923
-0.882
-0.783
-0.703
-0.689
-0.692
-0.694
-0.66
-0.635
-0.694
-0.807
-0.871
-0.851
-0.828
-0.857
-0.912
-0.923
-0.86
-0.798
-0.83
-0.921
-0.966
-0.932
-0.88
-0.882
-0.944
-1.037
-1.105
-1.082
-1.009
-0.978
-0.964
-0.898
-0.769
-0.662
-0.624
-0.626
-0.642
-0.683
-0.744
-0.835
-0.935
-1.012
-1.009
-0.98
-1.034
-1.139
-1.159
-1.12
-1.141
-1.214
-1.252
-1.238
-1.2
-1.182
-1.204
-1.245
-1.225
-1.173
-1.134
-1.134
-1.184
-1.248
-1.261
-1.225
-1.252
-1.404
-1.536
-1.567
-1.588
-1.699
-1.826
-1.919
-1.964
-1.964
-1.928
-1.876
-1.84
-1.806
-1.753
-1.694
-1.649
-1.619
-1.629
-1.69
-1.713
-1.672
-1.681
-1.762
-1.799
-1.76
-1.697
-1.644
-1.608
-1.576
-1.506
-1.409
-1.338
-1.343
-1.359
-1.345
-1.329
-1.316
-1.32
-1.352
-1.372
-1.306
-1.152
-1.018
-0.937
-0.869
-0.796
-0.699
-0.61
-0.574
-0.563
-0.519
-0.392
-0.231
-0.107
-0.023
0.097
0.277
0.426
0.458
0.451
0.476
0.553
0.662
0.751
0.776
0.801
0.923
1.111
1.263
1.311
1.304
1.361
1.495
1.59
1.567
1.506
1.552
1.651
1.672
1.633
1.615
1.651
1.703
1.722
1.699
1.701
1.785
1.908
2.012
2.107
2.171
2.2
2.241
2.309
2.364
2.4
2.384
2.359
2.379
2.373
2.302
2.257
2.282
2.302
2.255
2.18
2.153
2.171
2.139
2.044
1.98
2.003
2.028
1.994
1.962
1.989
2.039
2.085
2.112
2.121
2.098
2.046
2.007
1.998
1.985
1.953
1.932
1.955
2.007
2.053
2.078
2.094
2.114
2.148
2.148
2.091
2.05
2.071
2.05
2.001
2.016
2.071
2.066
2.016
1.982
1.989
1.989
1.973
1.948
1.962
2.03
2.112
2.153
2.202
2.289
2.352
2.411
2.522
2.64
2.72
2.749
2.76
2.758
2.713
2.645
2.606
2.622
2.636
2.602
2.534
2.47
2.497
2.593
2.647
2.62
2.574
2.586
2.631
2.645
2.645
2.638
2.613
2.622
2.672
2.672
2.579
2.463
2.413
2.432
2.447
2.373
2.261
2.221
2.207
2.123
1.987
1.876
1.83
1.824
1.776
1.69
1.61
1.547
1.506
1.493
1.445
1.34
1.252
1.193
1.164
1.134
1.043
0.962
0.966
0.964
0.898
0.828
0.767
0.721
0.68
0.601
0.456
0.295
0.15
-0.009
-0.172
-0.327
-0.435
-0.438
-0.374
-0.313
-0.263
-0.236
-0.204
-0.127
-0.061
-0.057
-0.093
-0.145
-0.17
-0.193
-0.27
-0.397
-0.533
-0.674
-0.823
-0.973
-1.098
-1.204
-1.3
-1.361
-1.384
-1.329
-1.245
-1.211
-1.17
-1.073
-0.953
-0.86
-0.805
-0.764
-0.744
-0.724
-0.717
-0.751
-0.851
-0.978
-1.057
-1.096
-1.132
-1.189
-1.263
-1.272
-1.195
-1.132
-1.102
-1.052
-0.955
-0.857
-0.826
-0.828
-0.817
-0.764
-0.73
-0.773
-0.846
-0.9
-0.88
-0.851
-0.835
-0.826
-0.794
-0.717
-0.622
-0.581
-0.587
-0.578
-0.522
-0.469
-0.438
-0.492
-0.583
-0.615
-0.585
-0.581
-0.637
-0.68
-0.683
-0.674
-0.665
-0.651
-0.626
-0.603
-0.578
-0.54
-0.494
-0.467
-0.483
-0.535
-0.576
-0.597
-0.635
-0.721
-0.837
-0.935
-0.964
-0.964
-0.984
-1.037
-1.066
-1.027
-0.95
-0.912
-0.903
-0.946
-1.002
-0.989
-0.93
-0.921
-1.002
-1.132
-1.225
-1.266
-1.32
-1.429
-1.536
-1.556
-1.502
-1.454
-1.454
-1.424
-1.399
-1.404
-1.415
-1.399
-1.399
-1.422
-1.452
-1.474
-1.468
-1.411
-1.379
-1.393
-1.399
-1.375
-1.352
-1.35
-1.338
-1.32
-1.316
-1.313
-1.311
-1.297
-1.311
-1.361
-1.395
-1.37
-1.302
-1.291
-1.309
-1.282
-1.225
-1.193
-1.189
-1.193
-1.164
-1.071
-0.953
-0.832
-0.726
-0.622
-0.504
-0.379
-0.274
-0.245
-0.29
-0.363
-0.399
-0.401
-0.422
-0.435
-0.404
-0.324
-0.24
-0.197
-0.166
-0.077
0.045
0.177
0.295
0.39
0.467
0.499
0.476
0.458
0.476
0.515
0.544
0.535
0.531
0.578
0.649
0.708
0.762
0.844
0.932
1.012
1.093
1.127
1.118
1.141
1.238
1.336
1.34
1.279
1.223
1.234
1.279
1.261
1.159
1.091
1.127
1.182
1.13
1.027
1.023
1.114
1.225
1.306
1.377
1.438
1.515
1.574
1.565
1.533
1.508
1.413
1.245
1.082
0.935
0.805
0.676
0.597
0.599
0.624
0.651
0.714
0.803
0.876
0.916
0.953
0.991
1.025
1.007
0.925
0.81
0.687
0.565
0.456
0.333
0.209
0.113
0.02
-0.059
-0.063
-0.023
0.009
0.032
0.082
0.184
0.268
0.279
0.299
0.37
0.422
0.429
0.422
0.435
0.426
0.399
0.347
0.299
0.254
0.179
0.097
0.082
0.095
0.086
0.079
0.097
0.19
0.358
0.497
0.538
0.551
0.622
0.678
0.667
0.619
0.576
0.547
0.533
0.572
0.658
0.742
0.83
0.978
1.175
1.347
1.424
1.431
1.465
1.481
1.415
1.288
1.166
1.071
1.007
0.991
0.993
1.014
1.066
1.116
1.182
1.279
1.354
1.368
1.361
1.413
1.493
1.495
1.434
1.422
1.443
1.413
1.343
1.306
1.304
1.272
1.198
1.1
1.041
1.037
1.027
0.987
0.959
0.95
0.939
0.955
0.998
0.984
0.894
0.801
0.758
0.724
0.649
0.544
0.481
0.46
0.397
0.274
0.159
0.086
0.018
-0.07
-0.141
-0.159
-0.143
-0.172
-0.254
-0.293
-0.29
-0.351
-0.467
-0.569
-0.669
-0.769
-0.848
-0.878
-0.869
-0.866
-0.882
-0.828
-0.689
-0.615
-0.699
-0.778
-0.746
-0.76
-0.937
-1.182
-1.343
-1.42
-1.499
-1.615
-1.715
-1.756
-1.717
-1.66
-1.631
-1.619
-1.615
-1.606
-1.597
-1.533
-1.463
-1.465
-1.493
-1.422
-1.336
-1.354
-1.406
-1.413
-1.37
-1.35
-1.409
-1.49
-1.529
-1.552
-1.647
-1.781
-1.849
-1.871
-1.883
-1.835
-1.699
-1.583
-1.513
-1.409
-1.279
-1.195
-1.143
-1.107
-1.091
-1.12
-1.175
-1.22
-1.241
-1.227
-1.223
-1.25
-1.248
-1.141
-1.007
-0.987
-1.037
-1.009
-0.896
-0.798
-0.794
-0.844
-0.837
-0.773
-0.737
-0.755
-0.739
-0.649
-0.572
-0.531
-0.517
-0.535
-0.544
-0.499
-0.397
-0.365
-0.374
-0.347
-0.247
-0.107
0.027
0.109
0.147
0.206
0.263
0.259
0.147
0.016
-0.077
-0.193
-0.322
-0.358
-0.329
-0.331
-0.338
-0.277
-0.159
-0.002
0.147
0.209
0.218
0.245
0.288
0.259
0.168
0.061
-0.043
-0.179
-0.304
-0.408
-0.544
-0.658
-0.662
-0.592
-0.535
-0.463
-0.372
-0.254
-0.15
-0.12
-0.188
-0.256
-0.27
-0.32
-0.438
-0.581
-0.735
-0.866
-0.973
-1.098
-1.232
-1.316
-1.359
-1.352
-1.32
-1.297
-1.236
-1.2
-1.225
-1.191
-1.086
-1
-0.978
-0.955
-0.928
-0.914
-0.973
-1.173
-1.415
-1.481
-1.47
-1.524
-1.583
-1.581
-1.502
-1.345
-1.175
-1.059
-1.012
-0.932
-0.855
-0.828
-0.944
-1.139
-1.263
-1.377
-1.52
-1.654
-1.76
-1.776
-1.669
-1.49
-1.311
-1.127
-0.935
-0.778
-0.622
-0.463
-0.39
-0.365
-0.315
-0.295
-0.351
-0.442
-0.522
-0.556
-0.572
-0.599
-0.637
-0.646
-0.61
-0.51
-0.456
-0.492
-0.465
-0.308
-0.125
-0.018
0.027
0.095
0.197
0.254
0.204
0.093
0.104
0.172
0.143
0.075
0.059
0.084
0.168
0.272
0.333
0.356
0.404
0.488
0.553
0.535
0.467
0.467
0.454
0.349
0.215
0.102
0.041
0.029
0.036
0.043
0.075
0.177
0.308
0.433
0.531
0.567
0.572
0.637
0.653
0.549
0.401
0.288
0.188
0.1
-0.014
-0.152
-0.265
-0.284
-0.209
-0.113
-0.086
-0.054
0.063
0.211
0.288
0.311
0.349
0.354
0.29
0.136
-0.077
-0.229
-0.315
-0.456
-0.631
-0.742
-0.823
-0.91
-0.982
-1.009
-0.957
-0.857
-0.767
-0.655
-0.54
-0.435
-0.306
-0.197
-0.211
-0.302
-0.376
-0.404
-0.445
-0.547
-0.674
-0.783
-0.835
-0.862
-0.914
-0.932
-0.894
-0.832
-0.728
-0.669
-0.68
-0.662
-0.599
-0.569
-0.622
-0.721
-0.773
-0.755
-0.71
-0.676
-0.637
-0.619
-0.592
-0.485
-0.361
-0.286
-0.243
-0.213
-0.15
-0.086
-0.138
-0.286
-0.336
-0.27
-0.286
-0.388
-0.485
-0.567
-0.635
-0.687
-0.721
-0.721
-0.685
-0.635
-0.574
-0.517
-0.469
-0.351
-0.229
-0.168
-0.107
-0.05
-0.052
-0.088
-0.145
-0.234
-0.367
-0.54
-0.708
-0.857
-0.935
-0.964
-0.98
-0.905
-0.778
-0.71
-0.665
-0.592
-0.551
-0.547
-0.547
-0.544
-0.531
-0.551
-0.66
-0.767
-0.81
-0.862
-0.935
-0.996
-1.032
-1.037
-1.027
-1.018
-1.032
-1.048
-1.039
-1.021
-1.002
-1.002
-1.032
-1.075
-1.093
-1.082
-1.08
-1.123
-1.207
-1.263
-1.236
-1.195
-1.234
-1.309
-1.329
-1.297
-1.266
-1.216
-1.159
-1.12
-1.096
-1.086
-1.071
-1.048
-1.034
-1.034
-1.052
-1.08
-1.157
-1.232
-1.268
-1.288
-1.32
-1.318
-1.27
-1.204
-1.148
-1.082
-1.016
-0.925
-0.821
-0.762
-0.794
-0.871
-0.912
-0.932
-0.971
-1.037
-1.08
-1.086
-1.064
-1.048
-1.002
-0.898
-0.826
-0.819
-0.803
-0.744
-0.726
-0.776
-0.819
-0.812
-0.789
-0.748
-0.71
-0.649
-0.576
-0.54
-0.567
-0.633
-0.699
-0.714
-0.662
-0.64
-0.642
-0.59
-0.499
-0.433
-0.367
-0.299
-0.249
-0.229
-0.222
-0.231
-0.281
-0.399
-0.499
-0.563
-0.617
-0.667
-0.687
-0.678
-0.626
-0.581
-0.556
-0.483
-0.342
-0.254
-0.265
-0.261
-0.19
-0.127
-0.118
-0.127
-0.145
-0.152
-0.193
-0.229
-0.243
-0.243
-0.263
-0.293
-0.295
-0.249
-0.181
-0.152
-0.138
-0.084
-0.009
0.054
0.084
0.077
0.072
0.125
0.181
0.204
0.218
0.247
0.261
0.231
0.195
0.163
0.127
0.097
0.079
0.036
-0.023
-0.038
-0.011
0.023
0
-0.009
0.052
0.118
0.141
0.145
0.19
0.263
0.306
0.338
0.367
0.361
0.327
0.311
0.329
0.331
0.315
0.286
0.195
0.12
0.082
0.002
-0.118
-0.238
-0.293
-0.268
-0.213
-0.168
-0.086
0.029
0.172
0.329
0.451
0.524
0.56
0.601
0.615
0.519
0.361
0.206
0.066
-0.052
-0.156
-0.274
-0.313
-0.231
-0.152
-0.093
0.002
0.116
0.22
0.318
0.397
0.42
0.424
0.442
0.494
0.549
0.583
0.628
0.64
0.599
0.544
0.44
0.281
0.131
0.034
-0.009
-0.007
0.061
0.186
0.342
0.535
0.71
0.871
0.987
1.034
1.041
1.03
0.966
0.842
0.685
0.567
0.483
0.426
0.354
0.293
0.322
0.395
0.447
0.494
0.522
0.533
0.574
0.665
0.746
0.787
0.801
0.851
0.903
0.91
0.894
0.848
0.735
0.624
0.515
0.37
0.218
0.111
0.077
0.107
0.168
0.211
0.245
0.327
0.433
0.51
0.515
0.454
0.386
0.354
0.333
0.245
0.107
0.018
-0.016
-0.023
-0.057
-0.156
-0.215
-0.177
-0.122
-0.075
-0.05
-0.045
0.011
0.127
0.225
0.281
0.295
0.304
0.342
0.381
0.338
0.231
0.136
0.059
-0.014
-0.086
-0.122
-0.118
-0.082
-0.041
0.02
0.134
0.265
0.349
0.413
0.51
0.569
0.54
0.49
0.485
0.485
0.447
0.406
0.363
0.342
0.358
0.351
0.315
0.308
0.356
0.415
0.472
0.501
0.535
0.583
0.703
0.844
0.937
0.941
0.903
0.866
0.832
0.726
0.581
0.469
0.386
0.354
0.361
0.356
0.351
0.39
0.442
0.524
0.601
0.651
0.692
0.76
0.83
0.86
0.821
0.764
0.726
0.71
0.665
0.574
0.483
0.404
0.345
0.297
0.231
0.152
0.082
0.038
0.023
0.048
0.1
0.147
0.236
0.39
0.517
0.538
0.465
0.363
0.277
0.2
0.097
-0.025
-0.107
-0.097
-0.05
-0.032
-0.034
-0.038
-0.045
-0.032
-0.009
-0.011
-0.063
-0.091
-0.032
0.063
0.116
0.077
0.002
0
0.038
0.045
0.005
-0.061
-0.102
-0.134
-0.186
-0.279
-0.351
-0.345
-0.306
-0.245
-0.156
-0.077
0.002
0.097
0.209
0.252
0.222
0.206
0.256
0.297
0.311
0.304
0.281
0.279
0.327
0.313
0.218
0.145
0.143
0.147
0.156
0.188
0.193
0.202
0.277
0.372
0.435
0.472
0.522
0.608
0.728
0.819
0.837
0.798
0.785
0.778
0.719
0.655
0.662
0.683
0.66
0.61
0.599
0.615
0.606
0.563
0.535
0.572
0.626
0.671
0.746
0.83
0.912
0.998
1.084
1.132
1.125
1.114
1.066
1.002
0.971
0.932
0.839
0.758
0.76
0.764
0.746
0.778
0.835
0.837
0.812
0.842
0.925
0.987
0.962
0.885
0.869
0.959
1.066
1.093
1.098
1.139
1.198
1.236
1.216
1.13
1.03
0.948
0.894
0.871
0.835
0.798
0.794
0.81
0.887
0.962
0.971
0.984
1.046
1.12
1.136
1.091
1.082
1.116
1.145
1.136
1.173
1.266
1.32
1.338
1.363
1.37
1.343
1.322
1.306
1.293
1.279
1.254
1.263
1.313
1.37
1.372
1.34
1.386
1.524
1.597
1.601
1.654
1.751
1.835
1.889
1.921
1.914
1.887
1.871
1.81
1.726
1.678
1.678
1.681
1.694
1.731
1.742
1.74
1.751
1.835
1.937
2.019
2.116
2.207
2.241
2.241
2.207
2.168
2.137
2.078
1.985
1.932
1.926
1.91
1.846
1.74
1.638
1.565
1.499
1.508
1.606
1.667
1.667
1.715
1.849
1.98
2.039
2.073
2.162
2.302
2.341
2.182
1.953
1.79
1.638
1.483
1.402
1.413
1.44
1.456
1.472
1.536
1.624
1.649
1.654
1.663
1.617
1.542
1.508
1.474
1.456
1.468
1.477
1.515
1.592
1.626
1.581
1.554
1.59
1.574
1.477
1.388
1.359
1.381
1.415
1.402
1.347
1.343
1.413
1.472
1.449
1.393
1.361
1.34
1.263
1.191
1.134
1.055
0.996
1.016
1.077
1.12
1.136
1.195
1.316
1.411
1.406
1.318
1.306
1.331
1.261
1.15
1.116
1.143
1.139
1.073
1.041
1.102
1.164
1.139
1.116
1.105
1.052
1.043
1.071
1.027
0.925
0.83
0.758
0.73
0.739
0.726
0.753
0.88
0.973
0.966
0.93
0.912
0.891
0.873
0.839
0.787
0.744
0.714
0.651
0.556
0.474
0.449
0.472
0.438
0.372
0.392
0.435
0.399
0.338
0.311
0.268
0.195
0.116
0.104
0.188
0.281
0.268
0.222
0.293
0.383
0.386
0.347
0.322
0.306
0.247
0.177
0.079
-0.061
-0.24
-0.322
-0.284
-0.265
-0.299
-0.302
-0.238
-0.131
-0.052
-0.032
-0.036
-0.052
-0.07
-0.072
-0.038
0.034
0.063
0.043
0.068
0.15
0.222
0.252
0.218
0.159
0.122
0.057
-0.1
-0.284
-0.426
-0.497
-0.526
-0.538
-0.463
-0.279
-0.118
-0.005
0.159
0.338
0.404
0.372
0.331
0.311
0.324
0.324
0.254
0.188
0.193
0.2
0.193
0.195
0.172
0.084
-0.018
-0.086
-0.152
-0.259
-0.365
-0.376
-0.347
-0.345
-0.295
-0.156
-0.02
0.091
0.186
0.254
0.286
0.284
0.265
0.261
0.263
0.238
0.091
-0.075
-0.109
-0.113
-0.166
-0.193
-0.168
-0.127
-0.102
-0.091
-0.113
-0.156
-0.215
-0.281
-0.308
-0.313
-0.342
-0.295
-0.2
-0.127
-0.041
0.084
0.156
0.15
0.127
0.107
0.07
0.068
0.057
-0.05
-0.175
-0.24
-0.313
-0.399
-0.438
-0.445
-0.438
-0.426
-0.442
-0.476
-0.494
-0.474
-0.458
-0.46
-0.488
-0.499
-0.413
-0.302
-0.274
-0.27
-0.193
-0.116
-0.12
-0.181
-0.252
-0.295
-0.311
-0.338
-0.454
-0.594
-0.646
-0.665
-0.703
-0.717
-0.701
-0.667
-0.59
-0.499
-0.458
-0.451
-0.417
-0.367
-0.322
-0.34
-0.404
-0.367
-0.277
-0.261
-0.295
-0.297
-0.229
-0.2
-0.231
-0.252
-0.227
-0.184
-0.161
-0.22
-0.306
-0.338
-0.372
-0.422
-0.415
-0.395
-0.399
-0.404
-0.37
-0.318
-0.322
-0.349
-0.327
-0.249
-0.213
-0.245
-0.206
-0.079
-0.014
-0.02
-0.002
0.059
0.091
0.038
-0.054
-0.111
-0.097
-0.075
-0.184
-0.34
-0.401
-0.454
-0.506
-0.488
-0.44
-0.404
-0.349
-0.259
-0.177
-0.152
-0.159
-0.181
-0.175
-0.175
-0.238
-0.249
-0.19
-0.177
-0.24
-0.304
-0.324
-0.302
-0.286
-0.327
-0.408
-0.433
-0.383
-0.404
-0.501
-0.542
-0.533
-0.535
-0.542
-0.533
-0.544
-0.569
-0.538
-0.458
-0.408
-0.395
-0.406
-0.388
-0.356
-0.381
-0.365
-0.274
-0.209
-0.204
-0.227
-0.24
-0.227
-0.218
-0.29
-0.415
-0.479
-0.467
-0.508
-0.619
-0.678
-0.674
-0.624
-0.567
-0.526
-0.467
-0.367
-0.256
-0.145
-0.088
-0.097
-0.172
-0.238
-0.308
-0.445
-0.549
-0.578
-0.619
-0.701
-0.787
-0.83
-0.819
-0.807
-0.823
-0.828
-0.794
-0.735
-0.689
-0.683
-0.64
-0.563
-0.504
-0.494
-0.504
-0.54
-0.583
-0.599
-0.633
-0.708
-0.814
-0.932
-0.993
-1.016
-1.086
-1.123
-1.1
-1.08
-1.034
-0.935
-0.842
-0.771
-0.705
-0.631
-0.581
-0.576
-0.594
-0.683
-0.803
-0.887
-0.957
-1.064
-1.15
-1.198
-1.216
-1.207
-1.198
-1.223
-1.266
-1.291
-1.318
-1.311
-1.297
-1.32
-1.322
-1.261
-1.227
-1.259
-1.304
-1.334
-1.37
-1.404
-1.411
-1.404
-1.399
-1.363
-1.34
-1.406
-1.434
-1.361
-1.343
-1.399
-1.436
-1.422
-1.397
-1.393
-1.415
-1.443
-1.463
-1.488
-1.536
-1.554
-1.536
-1.576
-1.622
-1.545
-1.409
-1.331
-1.325
-1.32
-1.304
-1.257
-1.207
-1.193
-1.195
-1.177
-1.145
-1.166
-1.243
-1.304
-1.359
-1.436
-1.499
-1.527
-1.538
-1.549
-1.554
-1.527
-1.454
-1.375
-1.327
-1.334
-1.334
-1.34
-1.397
-1.377
-1.245
-1.145
-1.148
-1.182
-1.2
-1.232
-1.254
-1.27
-1.295
-1.311
-1.309
-1.311
-1.361
-1.456
-1.522
-1.565
-1.583
-1.588
-1.604
-1.619
-1.595
-1.547
-1.488
-1.458
-1.468
-1.506
-1.527
-1.531
-1.563
-1.61
-1.601
-1.536
-1.474
-1.481
-1.529
-1.585
-1.64
-1.694
-1.774
-1.855
-1.908
-1.905
-1.921
-1.971
-1.994
-1.96
-1.939
-1.921
-1.876
-1.844
-1.84
-1.828
-1.771
-1.713
-1.715
-1.758
-1.83
-1.887
-1.942
-2.016
-2.06
-2.055
-2.046
-2.046
-2.046
-2.05
-2.046
-2.03
-2.032
-2.035
-2.005
-1.955
-1.905
-1.86
-1.842
-1.806
-1.756
-1.747
-1.783
-1.817
-1.796
-1.753
-1.751
-1.792
-1.824
-1.821
-1.799
-1.792
-1.771
-1.737
-1.717
-1.683
-1.606
-1.538
-1.513
-1.481
-1.443
-1.438
-1.436
-1.418
-1.375
-1.35
-1.343
-1.336
-1.329
-1.302
-1.27
-1.277
-1.302
-1.275
-1.211
-1.159
-1.125
-1.116
-1.093
-1.055
-1.012
-1
-1.032
-1.111
-1.186
-1.204
-1.182
-1.136
-1.13
-1.13
-1.082
-1.048
-1.057
-1.082
-1.091
-1.114
-1.141
-1.13
-1.109
-1.105
-1.082
-1.052
-1.05
-1.055
-1.014
-0.964
-0.955
-0.964
-0.98
-1.037
-1.096
-1.13
-1.155
-1.198
-1.214
-1.177
-1.127
-1.093
-1.055
-1.03
-1.018
-0.987
-0.971
-0.993
-1.034
-1.071
-1.1
-1.064
-0.996
-0.978
-0.984
-0.937
-0.844
-0.778
-0.78
-0.796
-0.771
-0.735
-0.751
-0.817
-0.914
-0.98
-1.014
-1.048
-1.041
-0.996
-0.948
-0.905
-0.864
-0.821
-0.792
-0.78
-0.769
-0.73
-0.685
-0.671
-0.692
-0.696
-0.649
-0.612
-0.642
-0.678
-0.678
-0.669
-0.694
-0.726
-0.714
-0.669
-0.637
-0.628
-0.633
-0.633
-0.64
-0.671
-0.719
-0.728
-0.699
-0.689
-0.712
-0.699
-0.646
-0.622
-0.646
-0.703
-0.733
-0.721
-0.717
-0.739
-0.76
-0.733
-0.667
-0.603
-0.569
-0.581
-0.606
-0.615
-0.592
-0.572
-0.619
-0.739
-0.853
-0.939
-0.996
-1.057
-1.109
-1.143
-1.145
-1.08
-1.005
-0.95
-0.876
-0.776
-0.699
-0.676
-0.71
-0.733
-0.739
-0.789
-0.88
-0.946
-0.946
-0.919
-0.903
-0.91
-0.88
-0.826
-0.787
-0.758
-0.751
-0.789
-0.864
-0.882
-0.855
-0.86
-0.876
-0.88
-0.862
-0.819
-0.764
-0.726
-0.746
-0.771
-0.742
-0.73
-0.794
-0.882
-0.891
-0.83
-0.762
-0.724
-0.66
-0.567
-0.501
-0.463
-0.426
-0.401
-0.395
-0.417
-0.46
-0.508
-0.549
-0.594
-0.674
-0.721
-0.701
-0.649
-0.61
-0.556
-0.476
-0.399
-0.358
-0.32
-0.261
-0.193
-0.179
-0.227
-0.238
-0.193
-0.166
-0.195
-0.213
-0.179
-0.15
-0.177
-0.231
-0.259
-0.277
-0.306
-0.34
-0.354
-0.322
-0.265
-0.231
-0.243
-0.24
-0.211
-0.22
-0.302
-0.347
-0.32
-0.293
-0.302
-0.299
-0.304
-0.329
-0.356
-0.351
-0.336
-0.356
-0.438
-0.494
-0.481
-0.433
-0.426
-0.449
-0.499
-0.542
-0.567
-0.608
-0.685
-0.758
-0.783
-0.776
-0.771
-0.758
-0.701
-0.637
-0.644
-0.622
-0.508
-0.433
-0.492
-0.59
-0.608
-0.558
-0.54
-0.624
-0.714
-0.714
-0.674
-0.649
-0.658
-0.667
-0.651
-0.606
-0.558
-0.565
-0.606
-0.587
-0.526
-0.504
-0.508
-0.504
-0.474
-0.433
-0.367
-0.315
-0.288
-0.252
-0.166
-0.084
-0.111
-0.166
-0.136
-0.052
0.005
0.011
-0.002
0.029
0.138
0.252
0.293
0.277
0.308
0.429
0.513
0.469
0.342
0.268
0.299
0.342
0.333
0.336
0.367
0.392
0.442
0.519
0.553
0.547
0.542
0.597
0.649
0.651
0.64
0.669
0.696
0.744
0.798
0.801
0.742
0.735
0.778
0.773
0.701
0.646
0.631
0.612
0.553
0.517
0.538
0.547
0.542
0.56
0.59
0.603
0.617
0.683
0.758
0.787
0.751
0.712
0.705
0.73
0.751
0.758
0.753
0.789
0.873
0.912
0.855
0.814
0.869
0.91
0.857
0.792
0.771
0.798
0.835
0.835
0.803
0.776
0.81
0.869
0.898
0.88
0.819
0.817
0.925
1.048
1.077
1.071
1.1
1.127
1.134
1.091
1.012
0.968
1
1.043
1.052
1.059
1.086
1.114
1.175
1.229
1.225
1.2
1.207
1.238
1.288
1.329
1.34
1.316
1.306
1.316
1.37
1.472
1.52
1.517
1.538
1.556
1.565
1.588
1.615
1.635
1.658
1.697
1.767
1.83
1.849
1.91
2.005
2.035
1.994
1.946
1.914
1.926
1.964
2.005
2.044
2.073
2.082
2.096
2.157
2.191
2.162
2.159
2.162
2.132
2.15
2.196
2.196
2.162
2.182
2.225
2.246
2.25
2.289
2.298
2.225
2.162
2.189
2.246
2.252
2.221
2.196
2.212
2.212
2.146
2.071
2.073
2.091
2.094
2.119
2.107
2.046
1.987
1.953
1.946
1.932
1.901
1.885
1.923
2.019
2.116
2.121
1.998
1.914
1.928
1.944
1.896
1.828
1.771
1.756
1.76
1.728
1.667
1.654
1.665
1.694
1.783
1.835
1.778
1.731
1.76
1.792
1.787
1.769
1.774
1.799
1.774
1.771
1.81
1.79
1.728
1.71
1.717
1.728
1.728
1.703
1.676
1.658
1.617
1.597
1.683
1.808
1.84
1.835
1.83
1.842
1.849
1.81
1.713
1.674
1.726
1.799
1.799
1.733
1.713
1.749
1.731
1.674
1.633
1.581
1.547
1.57
1.629
1.629
1.552
1.456
1.431
1.524
1.599
1.549
1.465
1.431
1.447
1.472
1.477
1.445
1.427
1.481
1.542
1.558
1.508
1.458
1.415
1.327
1.248
1.214
1.166
1.12
1.116
1.102
1.082
1.089
1.098
1.077
1.1
1.127
1.114
1.1
1.089
1.037
0.987
0.984
1.002
1.016
1.018
1.034
1.059
1.043
1.046
1.066
0.973
0.812
0.719
0.753
0.812
0.801
0.717
0.699
0.78
0.826
0.771
0.735
0.721
0.685
0.66
0.64
0.587
0.531
0.506
0.519
0.553
0.592
0.617
0.626
0.628
0.712
0.837
0.837
0.762
0.746
0.807
0.88
0.919
0.903
0.866
0.862
0.853
0.839
0.855
0.828
0.735
0.726
0.807
0.862
0.851
0.821
0.837
0.9
0.964
1.009
1.041
1.08
1.12
1.143
1.139
1.159
1.148
1.068
1.023
1.055
1.068
1.046
1.03
1.037
1.086
1.13
1.109
1.039
1.007
0.998
0.959
0.928
0.955
0.971
0.93
0.921
1.005
1.059
1.005
0.937
0.939
0.948
0.932
0.885
0.848
0.821
0.807
0.823
0.871
0.91
0.91
0.932
1.048
1.089
1.025
0.98
0.939
0.923
0.946
0.948
0.912
0.853
0.817
0.783
0.742
0.714
0.685
0.655
0.662
0.742
0.842
0.857
0.873
0.946
0.998
1.012
1.059
1.111
1.12
1.068
0.987
0.935
0.937
0.953
0.957
0.973
0.982
0.962
0.975
1.023
1.021
0.991
1.021
1.064
1.064
1.043
1.046
1.073
1.084
1.098
1.12
1.139
1.161
1.195
1.191
1.184
1.238
1.259
1.193
1.157
1.161
1.166
1.152
1.127
1.102
1.093
1.105
1.125
1.132
1.118
1.102
1.102
1.096
1.052
1.012
1.059
1.118
1.071
1.016
1.071
1.157
1.2
1.214
1.225
1.248
1.259
1.252
1.22
1.175
1.116
1.025
0.912
0.88
0.91
0.9
0.894
0.914
0.891
0.853
0.839
0.857
0.866
0.855
0.835
0.835
0.837
0.842
0.839
0.844
0.878
0.889
0.866
0.889
0.907
0.857
0.801
0.764
0.719
0.671
0.658
0.66
0.66
0.66
0.642
0.617
0.59
0.56
0.499
0.463
0.519
0.615
0.626
0.592
0.612
0.658
0.708
0.744
0.746
0.76
0.792
0.839
0.896
0.916
0.916
0.905
0.935
0.953
0.921
0.914
0.953
0.944
0.88
0.855
0.898
0.978
1.071
1.145
1.184
1.189
1.193
1.22
1.229
1.204
1.173
1.136
1.123
1.155
1.17
1.123
1.127
1.191
1.211
1.193
1.173
1.177
1.195
1.186
1.164
1.157
1.157
1.159
1.148
1.132
1.109
1.109
1.12
1.118
1.091
1.08
1.109
1.157
1.179
1.148
1.127
1.155
1.173
1.102
0.966
0.866
0.81
0.71
0.54
0.417
0.42
0.451
0.44
0.424
0.44
0.479
0.549
0.597
0.601
0.587
0.587
0.61
0.631
0.619
0.572
0.524
0.515
0.49
0.399
0.297
0.211
0.1
-0.027
-0.141
-0.218
-0.229
-0.156
-0.068
-0.018
0.045
0.134
0.229
0.265
0.245
0.17
0.077
0.059
0.057
-0.016
-0.1
-0.159
-0.202
-0.245
-0.274
-0.299
-0.311
-0.304
-0.288
-0.279
-0.249
-0.211
-0.195
-0.15
-0.061
0.023
0.036
-0.002
-0.018
-0.032
-0.091
-0.19
-0.32
-0.449
-0.563
-0.624
-0.624
-0.624
-0.626
-0.608
-0.549
-0.479
-0.429
-0.383
-0.318
-0.236
-0.249
-0.329
-0.358
-0.306
-0.281
-0.345
-0.445
-0.465
-0.431
-0.408
-0.415
-0.467
-0.528
-0.544
-0.506
-0.465
-0.479
-0.533
-0.519
-0.438
-0.383
-0.395
-0.41
-0.399
-0.333
-0.245
-0.261
-0.331
-0.361
-0.376
-0.39
-0.42
-0.469
-0.535
-0.542
-0.488
-0.463
-0.513
-0.558
-0.551
-0.504
-0.49
-0.563
-0.671
-0.751
-0.739
-0.71
-0.699
-0.705
-0.721
-0.701
-0.655
-0.628
-0.646
-0.687
-0.735
-0.76
-0.778
-0.812
-0.866
-0.88
-0.826
-0.767
-0.728
-0.694
-0.631
-0.56
-0.54
-0.535
-0.513
-0.506
-0.494
-0.465
-0.46
-0.465
-0.469
-0.467
-0.474
-0.524
-0.594
-0.676
-0.758
-0.758
-0.726
-0.721
-0.737
-0.701
-0.587
-0.426
-0.277
-0.184
-0.118
-0.084
-0.061
-0.034
-0.07
-0.17
-0.236
-0.27
-0.322
-0.37
-0.399
-0.41
-0.41
-0.404
-0.41
-0.429
-0.435
-0.404
-0.365
-0.358
-0.324
-0.238
-0.172
-0.136
-0.113
-0.097
-0.061
-0.016
-0.023
-0.061
-0.086
-0.12
-0.204
-0.304
-0.374
-0.386
-0.379
-0.404
-0.399
-0.372
-0.347
-0.324
-0.318
-0.277
-0.218
-0.188
-0.141
-0.082
-0.07
-0.088
-0.111
-0.147
-0.195
-0.236
-0.279
-0.345
-0.429
-0.508
-0.572
-0.599
-0.585
-0.569
-0.603
-0.608
-0.506
-0.401
-0.361
-0.39
-0.433
-0.42
-0.361
-0.308
-0.295
-0.318
-0.349
-0.37
-0.39
-0.476
-0.572
-0.608
-0.642
-0.714
-0.803
-0.878
-0.896
-0.873
-0.839
-0.796
-0.778
-0.712
-0.544
-0.397
-0.338
-0.336
-0.327
-0.288
-0.261
-0.277
-0.329
-0.406
-0.485
-0.563
-0.612
-0.658
-0.689
-0.703
-0.719
-0.705
-0.692
-0.703
-0.687
-0.669
-0.649
-0.59
-0.524
-0.463
-0.379
-0.293
-0.24
-0.234
-0.274
-0.302
-0.336
-0.417
-0.54
-0.651
-0.762
-0.855
-0.891
-0.898
-0.887
-0.873
-0.823
-0.687
-0.522
-0.406
-0.331
-0.254
-0.188
-0.12
-0.077
-0.086
-0.147
-0.261
-0.363
-0.417
-0.488
-0.633
-0.81
-0.948
-1.025
-1.061
-1.1
-1.145
-1.134
-1.052
-0.955
-0.853
-0.746
-0.646
-0.547
-0.447
-0.422
-0.465
-0.504
-0.549
-0.674
-0.864
-1.068
-1.243
-1.402
-1.565
-1.701
-1.74
-1.678
-1.581
-1.49
-1.399
-1.277
-1.118
-0.923
-0.755
-0.635
-0.576
-0.547
-0.553
-0.649
-0.842
-1.066
-1.232
-1.354
-1.506
-1.654
-1.758
-1.821
-1.812
-1.742
-1.667
-1.547
-1.336
-1.091
-0.896
-0.744
-0.624
-0.558
-0.553
-0.59
-0.676
-0.778
-0.896
-1.052
-1.248
-1.431
-1.579
-1.688
-1.765
-1.817
-1.853
-1.828
-1.749
-1.583
-1.354
-1.139
-0.964
-0.805
-0.687
-0.612
-0.597
-0.637
-0.742
-0.903
-1.066
-1.207
-1.34
-1.458
-1.588
-1.71
-1.753
-1.703
-1.619
-1.52
-1.393
-1.238
-1.077
-0.939
-0.869
-0.828
-0.794
-0.801
-0.794
-0.769
-0.778
-0.862
-1.027
-1.214
-1.384
-1.54
-1.699
-1.826
-1.869
-1.819
-1.74
-1.629
-1.472
-1.293
-1.134
-0.973
-0.778
-0.606
-0.501
-0.49
-0.522
-0.581
-0.701
-0.887
-1.073
-1.241
-1.384
-1.472
-1.561
-1.642
-1.665
-1.635
-1.565
-1.461
-1.331
-1.161
-0.937
-0.689
-0.535
-0.513
-0.481
-0.34
-0.259
-0.322
-0.438
-0.531
-0.599
-0.708
-0.912
-1.152
-1.338
-1.438
-1.513
-1.608
-1.733
-1.737
-1.563
-1.336
-1.17
-1.066
-0.962
-0.794
-0.61
-0.504
-0.499
-0.515
-0.504
-0.567
-0.767
-1.009
-1.22
-1.388
-1.533
-1.651
-1.701
-1.669
-1.633
-1.61
-1.572
-1.506
-1.465
-1.393
-1.295
-1.214
-1.111
-0.998
-0.907
-0.828
-0.787
-0.792
-0.842
-0.898
-0.966
-1.084
-1.193
-1.272
-1.436
-1.613
-1.678
-1.667
-1.651
-1.624
-1.563
-1.443
-1.291
-1.159
-1.061
-0.982
-0.955
-0.964
-0.975
-1.064
-1.211
-1.297
-1.361
-1.449
-1.529
-1.608
-1.667
-1.647
-1.597
-1.61
-1.651
-1.617
-1.533
-1.533
-1.59
-1.576
-1.508
-1.454
-1.409
-1.397
-1.447
-1.49
-1.474
-1.465
-1.533
-1.678
-1.824
-1.867
-1.869
-1.994
-2.15
-2.153
-2.021
-1.917
-1.876
-1.817
-1.699
-1.556
-1.427
-1.334
-1.318
-1.356
-1.406
-1.488
-1.601
-1.737
-1.894
-2.046
-2.098
-2.057
-2.039
-2.064
-2.053
-1.994
-1.967
-1.948
-1.883
-1.828
-1.756
-1.681
-1.649
-1.581
-1.486
-1.449
-1.47
-1.481
-1.483
-1.522
-1.599
-1.694
-1.828
-1.98
-2.032
-2.005
-2.053
-2.155
-2.155
-2.044
-1.948
-1.855
-1.733
-1.597
-1.493
-1.438
-1.39
-1.365
-1.404
-1.508
-1.619
-1.658
-1.722
-1.821
-1.846
-1.803
-1.803
-1.817
-1.812
-1.803
-1.799
-1.806
-1.765
-1.665
-1.574
-1.533
-1.536
-1.536
-1.438
-1.272
-1.17
-1.114
-1.037
-0.989
-0.966
-0.957
-0.991
-1.089
-1.218
-1.309
-1.377
-1.47
-1.585
-1.667
-1.581
-1.354
-1.168
-1.034
-0.871
-0.73
-0.644
-0.587
-0.563
-0.558
-0.583
-0.585
-0.581
-0.662
-0.778
-0.823
-0.842
-0.905
-0.982
-1.032
-1.018
-1.014
-1.109
-1.236
-1.284
-1.232
-1.157
-1.114
-1.068
-0.971
-0.812
-0.608
-0.479
-0.476
-0.524
-0.597
-0.701
-0.853
-1.075
-1.331
-1.533
-1.601
-1.54
-1.493
-1.508
-1.452
-1.277
-1.116
-0.962
-0.803
-0.692
-0.644
-0.619
-0.608
-0.626
-0.685
-0.78
-0.887
-0.941
-0.966
-1.059
-1.132
-1.116
-1.098
-1.107
-1.109
-1.096
-1.086
-1.043
-0.937
-0.789
-0.635
-0.435
-0.229
-0.129
-0.088
0.007
0.059
0.009
-0.102
-0.259
-0.44
-0.617
-0.773
-0.916
-1.046
-1.093
-1.071
-0.998
-0.851
-0.676
-0.538
-0.336
-0.104
0.043
0.113
0.141
0.113
0.059
-0.002
-0.095
-0.204
-0.29
-0.32
-0.361
-0.442
-0.49
-0.508
-0.576
-0.644
-0.669
-0.671
-0.667
-0.642
-0.59
-0.481
-0.318
-0.166
-0.084
-0.011
0.104
0.181
0.188
0.166
0.038
-0.17
-0.354
-0.522
-0.735
-0.968
-1.111
-1.125
-1.034
-0.878
-0.701
-0.585
-0.465
-0.231
-0.023
0.023
0
0.009
0.007
-0.045
-0.136
-0.229
-0.304
-0.329
-0.356
-0.399
-0.417
-0.469
-0.558
-0.572
-0.556
-0.606
-0.667
-0.692
-0.685
-0.644
-0.576
-0.456
-0.265
-0.036
0.175
0.349
0.408
0.388
0.372
0.297
0.063
-0.218
-0.395
-0.513
-0.658
-0.794
-0.83
-0.735
-0.556
-0.37
-0.249
-0.188
-0.091
0.079
0.188
0.127
0.052
0.07
0.088
0.079
0.066
0.054
0.054
0.102
0.147
0.141
0.079
0.011
-0.041
-0.066
-0.141
-0.238
-0.238
-0.2
-0.166
-0.061
0.154
0.39
0.578
0.703
0.778
0.846
0.864
0.787
0.642
0.463
0.265
0.1
-0.052
-0.213
-0.263
-0.195
-0.088
0.036
0.179
0.331
0.456
0.513
0.522
0.542
0.56
0.535
0.469
0.442
0.413
0.363
0.376
0.401
0.37
0.349
0.363
0.34
0.288
0.238
0.168
0.091
0.048
0.052
0.045
0.029
0.075
0.204
0.331
0.442
0.619
0.794
0.862
0.837
0.769
0.635
0.442
0.256
0.118
0.045
0.02
0.034
0.138
0.315
0.454
0.553
0.68
0.773
0.767
0.746
0.733
0.689
0.644
0.622
0.608
0.606
0.642
0.703
0.764
0.798
0.81
0.851
0.891
0.894
0.894
0.832
0.724
0.655
0.628
0.594
0.59
0.678
0.817
0.928
1.007
1.084
1.2
1.266
1.184
1.046
0.978
0.91
0.83
0.801
0.792
0.776
0.81
0.914
1.018
1.059
1.05
1.075
1.118
1.082
1.007
0.93
0.817
0.744
0.758
0.744
0.703
0.724
0.814
0.896
0.948
0.982
0.978
0.953
0.941
0.939
0.921
0.853
0.724
0.646
0.689
0.73
0.748
0.787
0.853
0.93
0.987
1.012
0.989
0.932
0.88
0.853
0.81
0.735
0.696
0.68
0.678
0.767
0.925
1.021
1.064
1.139
1.225
1.286
1.286
1.198
1.096
1.055
1.068
1.102
1.139
1.152
1.177
1.236
1.288
1.309
1.309
1.309
1.3
1.248
1.182
1.134
1.123
1.136
1.166
1.193
1.245
1.343
1.472
1.538
1.513
1.495
1.563
1.617
1.572
1.424
1.284
1.227
1.204
1.166
1.12
1.071
1.084
1.232
1.452
1.576
1.563
1.549
1.599
1.626
1.585
1.513
1.427
1.386
1.427
1.465
1.438
1.418
1.458
1.529
1.552
1.531
1.515
1.468
1.356
1.272
1.225
1.157
1.12
1.157
1.227
1.279
1.322
1.39
1.443
1.474
1.517
1.533
1.49
1.429
1.375
1.266
1.12
1.048
1.052
1.071
1.102
1.13
1.148
1.161
1.17
1.175
1.182
1.12
1.023
1.021
1.089
1.089
0.998
0.935
0.959
1.041
1.116
1.164
1.202
1.293
1.404
1.449
1.411
1.356
1.3
1.243
1.218
1.184
1.111
1.018
0.971
0.989
1.059
1.096
1.134
1.22
1.295
1.345
1.402
1.449
1.477
1.488
1.481
1.499
1.549
1.567
1.545
1.52
1.542
1.567
1.57
1.554
1.515
1.465
1.443
1.468
1.499
1.504
1.502
1.513
1.563
1.619
1.615
1.57
1.576
1.599
1.626
1.635
1.606
1.583
1.59
1.592
1.592
1.585
1.592
1.619
1.69
1.76
1.792
1.785
1.742
1.649
1.552
1.493
1.463
1.468
1.488
1.474
1.429
1.377
1.313
1.232
1.177
1.148
1.143
1.179
1.234
1.238
1.159
1.102
1.123
1.15
1.13
1.064
0.993
0.966
0.93
0.835
0.699
0.581
0.51
0.499
0.476
0.379
0.249
0.172
0.168
0.186
0.186
0.129
0.072
0.036
-0.014
-0.084
-0.129
-0.129
-0.127
-0.138
-0.172
-0.231
-0.281
-0.318
-0.386
-0.451
-0.467
-0.483
-0.499
-0.506
-0.565
-0.669
-0.739
-0.728
-0.721
-0.735
-0.773
-0.807
-0.812
-0.837
-0.91
-1.007
-1.046
-1
-0.919
-0.86
-0.853
-0.855
-0.796
-0.717
-0.678
-0.651
-0.606
-0.583
-0.581
-0.603
-0.683
-0.783
-0.846
-0.866
-0.835
-0.803
-0.764
-0.665
-0.517
-0.392
-0.306
-0.19
-0.023
0.102
0.166
0.184
0.211
0.261
0.279
0.211
0.147
0.145
0.156
0.147
0.172
0.245
0.345
0.456
0.558
0.658
0.714
0.717
0.717
0.753
0.787
0.819
0.905
1.032
1.093
1.066
1.048
1.052
1.08
1.075
0.993
0.957
1.071
1.189
1.182
1.12
1.143
1.225
1.295
1.316
1.322
1.338
1.363
1.424
1.517
1.556
1.472
1.372
1.343
1.316
1.234
1.166
1.189
1.279
1.334
1.34
1.347
1.424
1.511
1.556
1.547
1.538
1.511
1.452
1.381
1.3
1.225
1.218
1.279
1.361
1.409
1.386
1.361
1.39
1.415
1.443
1.447
1.438
1.436
1.488
1.59
1.647
1.615
1.54
1.556
1.674
1.742
1.665
1.554
1.513
1.529
1.556
1.52
1.452
1.449
1.513
1.633
1.731
1.735
1.713
1.706
1.728
1.749
1.701
1.629
1.629
1.683
1.688
1.647
1.642
1.676
1.728
1.758
1.765
1.776
1.769
1.722
1.681
1.667
1.665
1.678
1.669
1.656
1.633
1.606
1.674
1.787
1.783
1.713
1.74
1.853
1.914
1.855
1.742
1.665
1.626
1.576
1.565
1.606
1.613
1.606
1.642
1.744
1.835
1.828
1.751
1.731
1.783
1.803
1.756
1.688
1.638
1.588
1.545
1.595
1.651
1.595
1.513
1.545
1.647
1.638
1.465
1.266
1.204
1.211
1.152
1.082
1.075
1.107
1.161
1.252
1.359
1.445
1.468
1.445
1.44
1.411
1.336
1.229
1.073
0.921
0.81
0.717
0.68
0.683
0.665
0.622
0.642
0.705
0.753
0.776
0.748
0.726
0.769
0.785
0.708
0.61
0.513
0.424
0.392
0.429
0.469
0.429
0.404
0.472
0.497
0.401
0.252
0.102
-0.029
-0.097
-0.095
-0.075
-0.12
-0.209
-0.213
-0.057
0.093
0.113
0.059
0.016
0.014
0.034
0.011
-0.072
-0.17
-0.236
-0.236
-0.209
-0.188
-0.166
-0.177
-0.211
-0.202
-0.186
-0.231
-0.318
-0.372
-0.406
-0.433
-0.469
-0.531
-0.524
-0.426
-0.313
-0.211
-0.131
-0.091
-0.041
-0.007
-0.041
-0.138
-0.236
-0.259
-0.268
-0.338
-0.386
-0.374
-0.395
-0.438
-0.454
-0.463
-0.479
-0.474
-0.42
-0.374
-0.422
-0.565
-0.612
-0.538
-0.476
-0.479
-0.481
-0.431
-0.34
-0.27
-0.293
-0.356
-0.383
-0.358
-0.381
-0.49
-0.556
-0.569
-0.628
-0.678
-0.649
-0.597
-0.551
-0.481
-0.404
-0.345
-0.347
-0.42
-0.481
-0.451
-0.449
-0.483
-0.504
-0.533
-0.583
-0.612
-0.615
-0.594
-0.549
-0.472
-0.367
-0.308
-0.295
-0.249
-0.245
-0.297
-0.338
-0.354
-0.408
-0.472
-0.499
-0.494
-0.517
-0.599
-0.678
-0.667
-0.619
-0.59
-0.572
-0.597
-0.637
-0.619
-0.565
-0.551
-0.574
-0.549
-0.479
-0.431
-0.413
-0.408
-0.41
-0.42
-0.39
-0.372
-0.472
-0.619
-0.71
-0.737
-0.746
-0.771
-0.807
-0.805
-0.764
-0.728
-0.73
-0.719
-0.68
-0.66
-0.746
-0.885
-0.894
-0.776
-0.685
-0.683
-0.705
-0.701
-0.626
-0.513
-0.449
-0.451
-0.485
-0.54
-0.574
-0.615
-0.714
-0.844
-0.919
-0.887
-0.842
-0.855
-0.857
-0.789
-0.728
-0.694
-0.637
-0.622
-0.646
-0.628
-0.587
-0.574
-0.61
-0.662
-0.658
-0.585
-0.46
-0.331
-0.27
-0.32
-0.37
-0.39
-0.465
-0.574
-0.644
-0.703
-0.803
-0.878
-0.882
-0.844
-0.764
-0.674
-0.59
-0.497
-0.376
-0.263
-0.231
-0.272
-0.327
-0.356
-0.306
-0.195
-0.156
-0.227
-0.281
-0.238
-0.166
-0.15
-0.206
-0.272
-0.29
-0.254
-0.247
-0.304
-0.376
-0.415
-0.386
-0.349
-0.288
-0.17
-0.091
-0.082
-0.023
0.107
0.188
0.197
0.193
0.213
0.24
0.279
0.281
0.229
0.145
0.088
0.093
0.143
0.152
0.1
0
-0.014
0.063
0.1
0.05
0.009
0.027
0.068
0.125
0.156
0.138
0.131
0.163
0.252
0.354
0.417
0.397
0.331
0.254
0.274
0.313
0.218
0.02
-0.1
-0.116
-0.104
-0.127
-0.211
-0.254
-0.211
-0.116
-0.023
0.045
0.045
-0.02
-0.07
-0.043
0.002
-0.007
-0.057
-0.052
-0.002
-0.016
-0.05
-0.061
-0.075
-0.079
-0.097
-0.136
-0.195
-0.272
-0.34
-0.386
-0.435
-0.456
-0.46
-0.499
-0.513
-0.44
-0.386
-0.454
-0.531
-0.51
-0.467
-0.472
-0.481
-0.485
-0.485
-0.508
-0.528
-0.504
-0.417
-0.361
-0.347
-0.354
-0.37
-0.408
-0.424
-0.372
-0.367
-0.458
-0.54
-0.517
-0.433
-0.392
-0.413
-0.449
-0.435
-0.361
-0.308
-0.347
-0.397
-0.37
-0.299
-0.304
-0.374
-0.367
-0.265
-0.193
-0.175
-0.134
-0.079
-0.063
-0.066
-0.052
-0.054
-0.102
-0.175
-0.229
-0.277
-0.315
-0.349
-0.354
-0.297
-0.209
-0.166
-0.12
-0.023
0.063
0.05
-0.018
-0.079
-0.097
-0.086
-0.075
-0.054
-0.057
-0.093
-0.136
-0.168
-0.213
-0.27
-0.358
-0.474
-0.517
-0.449
-0.44
-0.528
-0.574
-0.49
-0.372
-0.34
-0.356
-0.354
-0.32
-0.277
-0.249
-0.279
-0.367
-0.449
-0.454
-0.454
-0.517
-0.619
-0.728
-0.794
-0.755
-0.689
-0.73
-0.853
-0.882
-0.803
-0.755
-0.767
-0.742
-0.685
-0.644
-0.642
-0.676
-0.733
-0.755
-0.76
-0.783
-0.817
-0.848
-0.891
-0.912
-0.857
-0.803
-0.807
-0.823
-0.787
-0.758
-0.783
-0.803
-0.778
-0.73
-0.694
-0.665
-0.635
-0.599
-0.572
-0.572
-0.619
-0.699
-0.739
-0.71
-0.655
-0.631
-0.585
-0.513
-0.431
-0.379
-0.356
-0.361
-0.39
-0.42
-0.451
-0.494
-0.556
-0.631
-0.712
-0.764
-0.773
-0.76
-0.724
-0.655
-0.558
-0.485
-0.451
-0.388
-0.308
-0.29
-0.349
-0.376
-0.349
-0.338
-0.383
-0.435
-0.456
-0.449
-0.44
-0.431
-0.408
-0.408
-0.435
-0.456
-0.476
-0.497
-0.485
-0.422
-0.372
-0.37
-0.37
-0.347
-0.351
-0.383
-0.429
-0.456
-0.438
-0.404
-0.395
-0.399
-0.404
-0.397
-0.351
-0.297
-0.281
-0.304
-0.327
-0.345
-0.388
-0.476
-0.594
-0.683
-0.699
-0.701
-0.76
-0.848
-0.93
-0.948
-0.891
-0.826
-0.803
-0.767
-0.642
-0.44
-0.268
-0.19
-0.202
-0.215
-0.215
-0.243
-0.308
-0.442
-0.631
-0.728
-0.773
-0.873
-1.009
-1.093
-1.071
-0.987
-0.925
-0.921
-0.885
-0.755
-0.585
-0.458
-0.399
-0.338
-0.252
-0.181
-0.154
-0.22
-0.347
-0.433
-0.44
-0.463
-0.565
-0.712
-0.807
-0.801
-0.821
-0.898
-0.912
-0.812
-0.667
-0.565
-0.51
-0.456
-0.395
-0.308
-0.236
-0.234
-0.274
-0.281
-0.231
-0.218
-0.279
-0.333
-0.322
-0.299
-0.338
-0.422
-0.479
-0.476
-0.469
-0.465
-0.488
-0.54
-0.585
-0.592
-0.583
-0.567
-0.533
-0.485
-0.422
-0.336
-0.22
-0.122
-0.032
0.059
0.118
0.079
-0.011
-0.097
-0.204
-0.336
-0.438
-0.524
-0.635
-0.735
-0.758
-0.701
-0.622
-0.565
-0.522
-0.431
-0.265
-0.066
0.088
0.156
0.181
0.238
0.295
0.288
0.181
0.016
-0.127
-0.249
-0.413
-0.583
-0.71
-0.801
-0.862
-0.871
-0.805
-0.683
-0.533
-0.304
-0.043
0.161
0.288
0.379
0.431
0.433
0.354
0.181
-0.027
-0.22
-0.415
-0.597
-0.773
-0.944
-1.066
-1.061
-0.953
-0.807
-0.649
-0.449
-0.197
0.052
0.236
0.329
0.315
0.284
0.259
0.141
-0.075
-0.34
-0.592
-0.783
-0.957
-1.152
-1.3
-1.368
-1.336
-1.25
-1.13
-0.982
-0.796
-0.553
-0.302
-0.127
-0.05
0.002
0.034
0.018
-0.113
-0.367
-0.626
-0.844
-1.073
-1.338
-1.558
-1.697
-1.747
-1.735
-1.669
-1.502
-1.245
-0.978
-0.705
-0.442
-0.202
-0.016
0.07
0.063
-0.025
-0.195
-0.392
-0.635
-0.871
-1.023
-1.148
-1.282
-1.397
-1.447
-1.404
-1.284
-1.134
-0.955
-0.755
-0.56
-0.358
-0.152
-0.02
0.045
0.086
0.118
0.102
-0.005
-0.145
-0.252
-0.351
-0.481
-0.626
-0.751
-0.814
-0.821
-0.787
-0.724
-0.619
-0.474
-0.304
-0.134
0.032
0.184
0.284
0.324
0.311
0.306
0.302
0.234
0.118
-0.002
-0.125
-0.243
-0.327
-0.374
-0.415
-0.46
-0.467
-0.426
-0.365
-0.322
-0.274
-0.225
-0.159
-0.079
0.005
0.075
0.116
0.12
0.122
0.118
0.068
-0.011
-0.109
-0.229
-0.354
-0.465
-0.565
-0.665
-0.76
-0.803
-0.767
-0.692
-0.592
-0.494
-0.381
-0.247
-0.147
-0.077
-0.063
-0.082
-0.113
-0.181
-0.308
-0.445
-0.585
-0.744
-0.907
-1.064
-1.179
-1.268
-1.325
-1.329
-1.3
-1.293
-1.248
-1.13
-0.998
-0.88
-0.76
-0.628
-0.485
-0.392
-0.39
-0.442
-0.54
-0.696
-0.898
-1.105
-1.288
-1.445
-1.547
-1.61
-1.626
-1.554
-1.404
-1.241
-1.066
-0.83
-0.547
-0.288
-0.138
-0.057
0.011
0.057
0.036
-0.048
-0.188
-0.372
-0.572
-0.714
-0.807
-0.891
-0.939
-0.914
-0.828
-0.744
-0.597
-0.386
-0.168
0.063
0.281
0.472
0.633
0.728
0.771
0.753
0.64
0.458
0.268
0.097
-0.091
-0.29
-0.44
-0.497
-0.504
-0.474
-0.376
-0.222
-0.054
0.129
0.308
0.479
0.567
0.626
0.655
0.608
0.515
0.41
0.261
0.048
-0.161
-0.329
-0.458
-0.544
-0.592
-0.587
-0.556
-0.492
-0.383
-0.261
-0.197
-0.147
-0.052
0.068
0.134
0.095
-0.02
-0.125
-0.181
-0.277
-0.42
-0.553
-0.653
-0.712
-0.728
-0.701
-0.658
-0.617
-0.54
-0.447
-0.356
-0.272
-0.227
-0.227
-0.268
-0.299
-0.331
-0.438
-0.574
-0.678
-0.778
-0.86
-0.873
-0.871
-0.876
-0.866
-0.853
-0.803
-0.699
-0.583
-0.483
-0.363
-0.263
-0.197
-0.145
-0.141
-0.209
-0.306
-0.399
-0.488
-0.583
-0.667
-0.692
-0.68
-0.701
-0.694
-0.615
-0.533
-0.424
-0.263
-0.134
-0.05
0.032
0.075
0.068
0.05
0.018
-0.002
-0.023
-0.12
-0.231
-0.27
-0.322
-0.408
-0.44
-0.367
-0.286
-0.206
-0.109
0
0.093
0.166
0.254
0.306
0.306
0.338
0.395
0.34
0.179
0.029
-0.097
-0.2
-0.284
-0.313
-0.274
-0.24
-0.245
-0.197
-0.097
-0.005
0.084
0.179
0.265
0.354
0.44
0.483
0.422
0.284
0.172
0.097
-0.005
-0.118
-0.209
-0.299
-0.426
-0.556
-0.619
-0.615
-0.59
-0.528
-0.408
-0.263
-0.15
-0.052
0.05
0.141
0.184
0.195
0.188
0.161
0.068
-0.086
-0.281
-0.465
-0.592
-0.68
-0.792
-0.848
-0.819
-0.735
-0.658
-0.617
-0.535
-0.401
-0.261
-0.113
0.043
0.181
0.2
0.145
0.109
0.043
-0.052
-0.179
-0.297
-0.39
-0.469
-0.567
-0.649
-0.728
-0.767
-0.746
-0.696
-0.583
-0.386
-0.2
-0.036
0.113
0.19
0.249
0.293
0.284
0.249
0.213
0.097
-0.088
-0.225
-0.327
-0.426
-0.504
-0.563
-0.574
-0.535
-0.49
-0.404
-0.293
-0.19
-0.054
0.097
0.24
0.399
0.494
0.506
0.494
0.41
0.24
0.1
0.007
-0.086
-0.179
-0.288
-0.408
-0.438
-0.374
-0.308
-0.209
-0.082
0.059
0.22
0.336
0.388
0.449
0.501
0.522
0.492
0.386
0.299
0.218
0.102
-0.07
-0.272
-0.46
-0.592
-0.66
-0.701
-0.689
-0.615
-0.542
-0.438
-0.259
-0.086
0.066
0.202
0.279
0.293
0.277
0.218
0.102
-0.052
-0.229
-0.417
-0.653
-0.851
-0.962
-1.057
-1.155
-1.2
-1.179
-1.111
-0.987
-0.796
-0.581
-0.34
-0.154
-0.061
0.034
0.129
0.147
0.107
0.005
-0.161
-0.349
-0.517
-0.708
-0.907
-1.055
-1.127
-1.152
-1.118
-0.975
-0.769
-0.56
-0.34
-0.134
0.014
0.131
0.259
0.349
0.376
0.379
0.331
0.193
0.025
-0.107
-0.304
-0.558
-0.737
-0.807
-0.851
-0.864
-0.807
-0.649
-0.449
-0.32
-0.254
-0.175
-0.005
0.147
0.161
0.12
0.059
-0.029
-0.136
-0.277
-0.469
-0.646
-0.769
-0.842
-0.907
-0.968
-0.996
-0.955
-0.921
-0.889
-0.817
-0.764
-0.735
-0.678
-0.64
-0.687
-0.78
-0.864
-0.935
-1.041
-1.17
-1.322
-1.472
-1.545
-1.57
-1.633
-1.649
-1.542
-1.415
-1.329
-1.266
-1.202
-1.118
-1.059
-1.03
-1.027
-1.075
-1.116
-1.091
-1.127
-1.248
-1.34
-1.375
-1.409
-1.434
-1.44
-1.399
-1.277
-1.145
-1.055
-0.982
-0.866
-0.705
-0.587
-0.522
-0.447
-0.404
-0.365
-0.265
-0.209
-0.265
-0.32
-0.336
-0.327
-0.306
-0.293
-0.24
-0.12
0.057
0.238
0.41
0.544
0.701
0.912
1.068
1.127
1.168
1.223
1.27
1.275
1.243
1.241
1.259
1.243
1.17
1.127
1.2
1.282
1.311
1.422
1.642
1.865
2.078
2.264
2.413
2.531
2.663
2.783
2.862
2.921
2.967
2.971
2.874
2.736
2.692
2.69
2.67
2.69
2.756
2.822
2.901
3.033
3.194
3.321
3.396
3.441
3.477
3.514
3.486
3.362
3.287
3.343
3.359
3.264
3.135
3.028
2.967
2.899
2.801
2.715
2.699
2.767
2.858
2.899
2.876
2.901
2.965
2.985
2.983
3.003
2.965
2.835
2.708
2.581
2.416
2.248
2.125
2.01
1.851
1.678
1.52
1.434
1.479
1.549
1.536
1.524
1.576
1.669
1.722
1.697
1.66
1.644
1.665
1.672
1.599
1.447
1.32
1.25
1.136
0.966
0.823
0.739
0.721
0.742
0.744
0.742
0.785
0.889
0.991
1.027
1.046
1.043
0.996
1.007
1.052
0.993
0.894
0.839
0.776
0.658
0.533
0.481
0.501
0.553
0.599
0.66
0.719
0.789
0.978
1.173
1.277
1.393
1.538
1.656
1.683
1.619
1.533
1.456
1.329
1.15
0.95
0.805
0.737
0.649
0.574
0.599
0.694
0.78
0.857
0.928
0.996
1.064
1.134
1.189
1.238
1.322
1.384
1.35
1.3
1.236
1.148
1.075
1.066
1.014
0.876
0.708
0.599
0.515
0.381
0.247
0.181
0.143
0.15
0.211
0.245
0.229
0.231
0.254
0.238
0.161
0.063
-0.014
-0.025
-0.045
-0.136
-0.19
-0.177
-0.181
-0.215
-0.247
-0.304
-0.37
-0.413
-0.463
-0.533
-0.646
-0.753
-0.842
-0.996
-1.161
-1.223
-1.204
-1.191
-1.238
-1.313
-1.379
-1.395
-1.377
-1.345
-1.275
-1.22
-1.248
-1.263
-1.261
-1.311
-1.361
-1.388
-1.431
-1.533
-1.654
-1.767
-1.862
-1.935
-1.957
-1.971
-1.976
-1.908
-1.787
-1.749
-1.783
-1.765
-1.699
-1.649
-1.647
-1.651
-1.592
-1.477
-1.377
-1.393
-1.429
-1.413
-1.402
-1.402
-1.434
-1.483
-1.477
-1.418
-1.352
-1.282
-1.225
-1.168
-1.105
-1.057
-1.002
-0.894
-0.767
-0.662
-0.569
-0.526
-0.522
-0.519
-0.485
-0.422
-0.306
-0.195
-0.136
-0.082
-0.018
-0.005
-0.014
-0.009
-0.014
-0.038
-0.084
-0.17
-0.293
-0.415
-0.481
-0.497
-0.542
-0.578
-0.581
-0.594
-0.64
-0.68
-0.721
-0.762
-0.758
-0.717
-0.655
-0.583
-0.572
-0.622
-0.667
-0.701
-0.801
-0.971
-1.148
-1.3
-1.438
-1.579
-1.701
-1.79
-1.844
-1.865
-1.874
-1.932
-1.962
-1.896
-1.815
-1.781
-1.771
-1.794
-1.844
-1.883
-1.889
-1.869
-1.808
-1.747
-1.726
-1.669
-1.615
-1.633
-1.678
-1.681
-1.647
-1.617
-1.597
-1.576
-1.52
-1.434
-1.329
-1.209
-1.12
-1.018
-0.873
-0.748
-0.683
-0.628
-0.565
-0.485
-0.374
-0.247
-0.107
0.05
0.161
0.213
0.293
0.433
0.551
0.651
0.769
0.894
1.012
1.098
1.173
1.232
1.286
1.37
1.449
1.486
1.529
1.635
1.76
1.862
1.93
1.998
2.062
2.144
2.25
2.354
2.434
2.47
2.5
2.561
2.613
2.563
2.457
2.404
2.4
2.413
2.416
2.393
2.377
2.391
2.445
2.502
2.491
2.427
2.441
2.513
2.511
2.447
2.368
2.327
2.336
2.375
2.398
2.407
2.404
2.391
2.37
2.327
2.27
2.223
2.18
2.096
2.01
1.96
1.919
1.876
1.849
1.865
1.912
1.957
1.98
1.98
1.953
1.944
1.967
1.951
1.896
1.88
1.917
1.973
2.005
1.996
2.014
2.085
2.13
2.091
1.978
1.849
1.783
1.781
1.828
1.874
1.885
1.899
1.948
2.046
2.134
2.155
2.175
2.246
2.318
2.314
2.23
2.182
2.184
2.207
2.232
2.246
2.255
2.266
2.268
2.25
2.246
2.275
2.3
2.302
2.354
2.452
2.509
2.502
2.509
2.604
2.708
2.733
2.661
2.561
2.452
2.354
2.295
2.236
2.159
2.148
2.227
2.32
2.345
2.295
2.234
2.261
2.352
2.352
2.193
1.982
1.878
1.896
1.905
1.81
1.699
1.672
1.717
1.76
1.715
1.59
1.488
1.456
1.458
1.424
1.327
1.207
1.136
1.12
1.125
1.082
1.009
0.923
0.853
0.758
0.603
0.456
0.338
0.252
0.236
0.254
0.231
0.177
0.15
0.188
0.268
0.284
0.188
0.048
-0.05
-0.127
-0.197
-0.299
-0.424
-0.51
-0.547
-0.619
-0.737
-0.876
-0.973
-0.948
-0.857
-0.805
-0.814
-0.837
-0.783
-0.678
-0.624
-0.674
-0.76
-0.769
-0.728
-0.742
-0.885
-1.089
-1.204
-1.223
-1.248
-1.309
-1.386
-1.424
-1.388
-1.34
-1.325
-1.316
-1.257
-1.2
-1.184
-1.202
-1.227
-1.236
-1.25
-1.241
-1.168
-1.118
-1.114
-1.089
-1.066
-1.071
-1.064
-1.064
-1.086
-1.118
-1.143
-1.148
-1.127
-1.089
-1.039
-0.957
-0.864
-0.792
-0.705
-0.64
-0.617
-0.624
-0.642
-0.644
-0.622
-0.653
-0.708
-0.737
-0.719
-0.683
-0.64
-0.626
-0.612
-0.549
-0.494
-0.483
-0.485
-0.46
-0.39
-0.318
-0.311
-0.304
-0.238
-0.218
-0.261
-0.286
-0.308
-0.345
-0.356
-0.37
-0.404
-0.429
-0.465
-0.508
-0.481
-0.404
-0.349
-0.342
-0.331
-0.265
-0.172
-0.127
-0.166
-0.204
-0.245
-0.331
-0.465
-0.608
-0.735
-0.839
-0.935
-1.014
-1.05
-1.037
-1.005
-1
-1.009
-0.962
-0.896
-0.866
-0.819
-0.735
-0.703
-0.733
-0.794
-0.851
-0.903
-0.984
-1.132
-1.286
-1.386
-1.47
-1.552
-1.608
-1.638
-1.631
-1.574
-1.52
-1.486
-1.413
-1.322
-1.236
-1.152
-1.102
-1.111
-1.141
-1.164
-1.202
-1.288
-1.42
-1.517
-1.493
-1.365
-1.259
-1.259
-1.279
-1.232
-1.118
-0.991
-0.896
-0.862
-0.844
-0.787
-0.671
-0.569
-0.547
-0.556
-0.526
-0.469
-0.424
-0.358
-0.263
-0.236
-0.188
-0.027
0.166
0.277
0.354
0.41
0.474
0.544
0.585
0.583
0.572
0.549
0.533
0.583
0.665
0.66
0.635
0.714
0.876
0.993
1.034
1.05
1.125
1.223
1.293
1.347
1.377
1.411
1.477
1.531
1.515
1.479
1.463
1.413
1.356
1.327
1.302
1.248
1.2
1.241
1.331
1.377
1.413
1.483
1.538
1.522
1.483
1.477
1.465
1.356
1.227
1.195
1.184
1.12
1.023
0.955
0.946
0.984
1.048
1.075
1.075
1.084
1.08
1.05
0.98
0.896
0.764
0.597
0.476
0.395
0.29
0.172
0.095
0.091
0.107
0.1
0.097
0.141
0.222
0.272
0.263
0.288
0.29
0.225
0.195
0.206
0.141
-0.018
-0.231
-0.379
-0.433
-0.454
-0.499
-0.533
-0.49
-0.358
-0.211
-0.116
-0.045
0.084
0.2
0.274
0.367
0.422
0.379
0.311
0.284
0.265
0.195
0.072
-0.025
-0.054
-0.063
-0.116
-0.125
-0.002
0.172
0.329
0.476
0.594
0.685
0.764
0.814
0.846
0.878
0.894
0.873
0.821
0.778
0.776
0.76
0.705
0.737
0.876
0.957
0.993
1.059
1.13
1.198
1.286
1.331
1.338
1.316
1.268
1.209
1.17
1.093
0.987
0.95
0.984
0.989
0.98
0.978
0.971
1.032
1.15
1.243
1.297
1.334
1.375
1.372
1.304
1.229
1.152
1.009
0.853
0.769
0.696
0.544
0.41
0.381
0.395
0.417
0.456
0.499
0.517
0.538
0.54
0.483
0.422
0.313
0.163
0.07
-0.011
-0.12
-0.252
-0.395
-0.531
-0.592
-0.624
-0.703
-0.796
-0.86
-0.866
-0.848
-0.851
-0.876
-0.891
-0.962
-1.064
-1.12
-1.248
-1.472
-1.658
-1.778
-1.894
-2.01
-2.107
-2.173
-2.164
-2.107
-2.078
-2.041
-1.991
-1.935
-1.874
-1.851
-1.935
-2.021
-2.035
-2.078
-2.218
-2.37
-2.495
-2.615
-2.731
-2.822
-2.847
-2.835
-2.765
-2.611
-2.434
-2.302
-2.178
-2.003
-1.874
-1.84
-1.821
-1.774
-1.733
-1.735
-1.815
-1.946
-2.057
-2.105
-2.116
-2.139
-2.18
-2.155
-1.994
-1.796
-1.674
-1.538
-1.304
-1.041
-0.823
-0.646
-0.538
-0.515
-0.476
-0.415
-0.395
-0.472
-0.603
-0.671
-0.642
-0.631
-0.676
-0.665
-0.583
-0.542
-0.49
-0.388
-0.272
-0.161
-0.014
0.159
0.308
0.376
0.395
0.413
0.408
0.367
0.236
0.032
-0.084
-0.095
-0.131
-0.213
-0.213
-0.138
-0.107
-0.082
-0.032
-0.016
-0.066
-0.122
-0.177
-0.24
-0.333
-0.447
-0.544
-0.626
-0.744
-0.871
-0.941
-0.998
-1.084
-1.166
-1.259
-1.329
-1.329
-1.306
-1.32
-1.363
-1.411
-1.409
-1.399
-1.44
-1.531
-1.667
-1.794
-1.815
-1.835
-1.998
-2.234
-2.368
-2.413
-2.447
-2.434
-2.402
-2.395
-2.329
-2.207
-2.1
-2.066
-2.109
-2.146
-2.082
-2.019
-2.055
-2.107
-2.073
-2.037
-2.057
-2.044
-1.969
-1.885
-1.826
-1.74
-1.613
-1.495
-1.399
-1.293
-1.13
-0.939
-0.776
-0.712
-0.694
-0.56
-0.395
-0.379
-0.426
-0.39
-0.333
-0.327
-0.331
-0.324
-0.313
-0.293
-0.234
-0.12
0.002
0.088
0.2
0.365
0.517
0.569
0.569
0.651
0.769
0.826
0.832
0.846
0.903
0.996
1.105
1.184
1.227
1.263
1.316
1.379
1.431
1.472
1.456
1.422
1.486
1.585
1.563
1.427
1.316
1.284
1.238
1.116
0.946
0.828
0.81
0.853
0.9
0.941
0.996
1.046
1.096
1.116
1.043
0.935
0.885
0.855
0.76
0.631
0.519
0.424
0.404
0.442
0.451
0.417
0.413
0.456
0.506
0.517
0.479
0.354
0.195
0.134
0.141
0.032
-0.215
-0.524
-0.767
-0.88
-0.962
-1.123
-1.291
-1.329
-1.252
-1.211
-1.293
-1.44
-1.468
-1.295
-1.15
-1.263
-1.415
-1.322
-1.152
-1.161
-1.313
-1.44
-1.474
-1.472
-1.542
-1.724
-1.894
-1.926
-1.796
-1.638
-1.642
-1.744
-1.74
-1.606
-1.529
-1.66
-1.928
-2.053
-1.91
-1.747
-1.794
-1.944
-1.946
-1.758
-1.567
-1.515
-1.517
-1.449
-1.286
-1.12
-1.009
-0.957
-0.9
-0.762
-0.508
-0.279
-0.225
-0.243
-0.195
-0.134
-0.152
-0.229
-0.288
-0.304
-0.32
-0.324
-0.281
-0.197
-0.136
-0.134
-0.154
-0.107
0.052
0.159
0.127
0.066
0.07
0.113
0.166
0.179
0.17
0.209
0.274
0.331
0.351
0.356
0.376
0.386
0.324
0.261
0.2
0.107
0.018
-0.059
-0.156
-0.231
-0.263
-0.313
-0.438
-0.617
-0.748
-0.805
-0.857
-0.916
-0.962
-1.018
-1.002
-0.887
-0.853
-0.968
-1.105
-1.157
-1.136
-1.184
-1.338
-1.468
-1.504
-1.483
-1.502
-1.588
-1.694
-1.796
-1.808
-1.767
-1.776
-1.821
-1.835
-1.808
-1.776
-1.801
-1.899
-2.005
-2.06
-2.041
-2.012
-2.082
-2.164
-2.144
-2.116
-2.125
-2.139
-2.148
-2.139
-2.123
-2.132
-2.132
-2.075
-1.973
-1.883
-1.803
-1.706
-1.635
-1.601
-1.545
-1.447
-1.361
-1.297
-1.214
-1.12
-1.075
-1.098
-1.177
-1.238
-1.234
-1.136
-1.034
-0.962
-0.914
-0.891
-0.889
-0.839
-0.76
-0.724
-0.692
-0.587
-0.44
-0.299
-0.181
-0.107
-0.036
0.054
0.118
0.118
0.063
0.005
-0.014
-0.014
-0.02
0.014
0.102
0.197
0.254
0.231
0.206
0.259
0.354
0.397
0.41
0.401
0.401
0.431
0.431
0.42
0.379
0.324
0.297
0.34
0.376
0.313
0.204
0.143
0.145
0.17
0.197
0.225
0.247
0.286
0.322
0.318
0.256
0.156
0.07
-0.02
-0.116
-0.2
-0.249
-0.261
-0.215
-0.159
-0.134
-0.097
-0.034
-0.014
-0.077
-0.154
-0.168
-0.161
-0.186
-0.261
-0.336
-0.367
-0.395
-0.463
-0.542
-0.587
-0.599
-0.599
-0.594
-0.601
-0.601
-0.594
-0.56
-0.49
-0.44
-0.41
-0.372
-0.336
-0.293
-0.222
-0.161
-0.141
-0.172
-0.249
-0.327
-0.34
-0.331
-0.331
-0.331
-0.256
-0.113
0.027
0.093
0.077
0.043
0.054
0.084
0.107
0.116
0.097
0.1
0.166
0.261
0.338
0.367
0.395
0.481
0.59
0.676
0.735
0.769
0.801
0.864
0.925
0.914
0.839
0.796
0.783
0.778
0.798
0.848
0.916
0.946
0.921
0.91
0.959
1.032
1.077
1.105
1.109
1.1
1.086
1.086
1.075
1.023
0.962
0.939
0.975
1.002
1.032
1.052
1.068
1.082
1.086
1.073
1.034
0.998
0.973
0.9
0.842
0.86
0.862
0.801
0.748
0.733
0.739
0.696
0.635
0.61
0.612
0.601
0.535
0.488
0.49
0.51
0.499
0.474
0.447
0.422
0.39
0.356
0.338
0.297
0.249
0.209
0.154
0.125
0.102
0.032
-0.043
-0.027
0.066
0.136
0.147
0.172
0.254
0.322
0.315
0.272
0.188
0.068
-0.068
-0.159
-0.175
-0.138
-0.127
-0.129
-0.107
-0.061
0.007
0.093
0.163
0.161
0.109
0.068
0.066
0.072
0.059
0.036
0.07
0.197
0.34
0.388
0.342
0.32
0.351
0.376
0.37
0.336
0.277
0.263
0.331
0.424
0.497
0.54
0.581
0.622
0.649
0.667
0.653
0.622
0.599
0.567
0.524
0.476
0.431
0.392
0.372
0.336
0.338
0.424
0.517
0.547
0.54
0.587
0.687
0.726
0.692
0.637
0.615
0.619
0.624
0.597
0.569
0.56
0.551
0.556
0.544
0.485
0.41
0.404
0.463
0.479
0.41
0.383
0.431
0.479
0.465
0.399
0.367
0.417
0.474
0.456
0.367
0.272
0.261
0.299
0.265
0.168
0.104
0.1
0.125
0.102
0.045
0.072
0.193
0.329
0.408
0.438
0.429
0.41
0.433
0.415
0.288
0.134
0.063
0.041
-0.032
-0.186
-0.254
-0.147
0.041
0.168
0.197
0.22
0.268
0.331
0.331
0.213
0.057
-0.02
0.005
0.032
0.029
0.023
0.075
0.166
0.243
0.274
0.256
0.222
0.249
0.333
0.372
0.345
0.306
0.288
0.299
0.331
0.347
0.329
0.302
0.311
0.311
0.299
0.306
0.327
0.313
0.265
0.231
0.238
0.256
0.304
0.388
0.456
0.522
0.606
0.683
0.674
0.594
0.526
0.476
0.383
0.268
0.204
0.184
0.184
0.204
0.256
0.347
0.479
0.59
0.66
0.762
0.885
0.921
0.851
0.789
0.742
0.66
0.59
0.578
0.576
0.567
0.583
0.646
0.733
0.776
0.719
0.644
0.622
0.667
0.705
0.655
0.592
0.66
0.823
0.935
0.957
0.968
1.014
1.05
1.027
0.978
0.916
0.903
0.932
0.959
0.966
0.98
0.966
0.939
0.941
0.973
0.978
0.991
1.041
1.1
1.136
1.125
1.123
1.143
1.134
1.048
0.932
0.862
0.889
0.971
1.052
1.077
1.1
1.214
1.356
1.452
1.458
1.411
1.384
1.393
1.422
1.397
1.297
1.207
1.225
1.352
1.456
1.424
1.381
1.458
1.563
1.585
1.561
1.529
1.515
1.52
1.497
1.458
1.431
1.42
1.418
1.463
1.488
1.445
1.486
1.619
1.694
1.676
1.604
1.549
1.565
1.604
1.608
1.567
1.533
1.606
1.685
1.631
1.52
1.443
1.406
1.402
1.449
1.465
1.402
1.375
1.422
1.488
1.508
1.488
1.493
1.595
1.706
1.706
1.658
1.644
1.633
1.588
1.52
1.422
1.354
1.347
1.372
1.39
1.39
1.431
1.506
1.556
1.599
1.624
1.567
1.54
1.583
1.629
1.615
1.583
1.558
1.567
1.585
1.552
1.481
1.461
1.434
1.37
1.39
1.456
1.461
1.431
1.431
1.456
1.452
1.422
1.415
1.44
1.506
1.604
1.651
1.599
1.567
1.59
1.588
1.563
1.538
1.495
1.456
1.465
1.486
1.477
1.427
1.368
1.365
1.42
1.429
1.361
1.352
1.429
1.486
1.502
1.49
1.486
1.493
1.502
1.52
1.508
1.483
1.493
1.479
1.413
1.381
1.347
1.259
1.207
1.227
1.232
1.22
1.227
1.279
1.316
1.291
1.229
1.195
1.193
1.145
1.048
1.025
1.071
1.127
1.152
1.143
1.116
1.123
1.157
1.166
1.114
1.048
1.05
1.071
1.034
0.982
0.9
0.801
0.771
0.801
0.803
0.789
0.803
0.869
0.93
0.923
0.871
0.873
0.941
0.923
0.819
0.778
0.823
0.846
0.821
0.789
0.771
0.771
0.792
0.83
0.828
0.792
0.794
0.776
0.73
0.701
0.635
0.531
0.501
0.522
0.506
0.456
0.426
0.44
0.449
0.422
0.386
0.397
0.449
0.413
0.336
0.386
0.508
0.565
0.578
0.592
0.608
0.608
0.576
0.504
0.417
0.356
0.34
0.238
0.095
0.043
0.016
-0.02
0.005
0.111
0.19
0.206
0.243
0.295
0.318
0.263
0.17
0.143
0.172
0.102
-0.045
-0.097
-0.054
-0.057
-0.104
-0.138
-0.166
-0.19
-0.19
-0.181
-0.188
-0.202
-0.15
-0.111
-0.161
-0.19
-0.204
-0.259
-0.265
-0.19
-0.141
-0.15
-0.166
-0.15
-0.129
-0.159
-0.247
-0.34
-0.34
-0.324
-0.413
-0.497
-0.465
-0.433
-0.44
-0.424
-0.386
-0.361
-0.351
-0.345
-0.354
-0.395
-0.44
-0.46
-0.485
-0.51
-0.524
-0.574
-0.615
-0.563
-0.472
-0.469
-0.51
-0.522
-0.519
-0.56
-0.665
-0.771
-0.839
-0.817
-0.753
-0.751
-0.742
-0.658
-0.576
-0.553
-0.558
-0.569
-0.576
-0.624
-0.683
-0.735
-0.785
-0.798
-0.767
-0.728
-0.671
-0.597
-0.544
-0.517
-0.469
-0.415
-0.395
-0.37
-0.342
-0.349
-0.401
-0.435
-0.469
-0.504
-0.481
-0.469
-0.497
-0.44
-0.338
-0.327
-0.342
-0.306
-0.265
-0.279
-0.32
-0.327
-0.313
-0.299
-0.281
-0.268
-0.313
-0.313
-0.213
-0.175
-0.227
-0.268
-0.259
-0.263
-0.313
-0.388
-0.454
-0.469
-0.44
-0.397
-0.361
-0.306
-0.236
-0.161
-0.05
-0.014
-0.068
-0.104
-0.12
-0.215
-0.356
-0.458
-0.481
-0.456
-0.438
-0.392
-0.358
-0.392
-0.361
-0.238
-0.2
-0.247
-0.252
-0.213
-0.222
-0.302
-0.415
-0.499
-0.508
-0.492
-0.54
-0.574
-0.538
-0.481
-0.433
-0.392
-0.395
-0.41
-0.404
-0.422
-0.517
-0.658
-0.735
-0.73
-0.685
-0.626
-0.56
-0.531
-0.504
-0.399
-0.34
-0.404
-0.454
-0.408
-0.342
-0.338
-0.404
-0.501
-0.538
-0.517
-0.494
-0.528
-0.508
-0.435
-0.408
-0.406
-0.386
-0.361
-0.306
-0.265
-0.286
-0.351
-0.39
-0.383
-0.338
-0.274
-0.186
-0.1
-0.036
-0.018
-0.023
-0.077
-0.184
-0.286
-0.372
-0.485
-0.617
-0.717
-0.73
-0.68
-0.622
-0.597
-0.576
-0.488
-0.392
-0.383
-0.39
-0.336
-0.297
-0.338
-0.429
-0.517
-0.547
-0.531
-0.506
-0.519
-0.549
-0.515
-0.469
-0.506
-0.587
-0.628
-0.665
-0.699
-0.708
-0.735
-0.773
-0.771
-0.73
-0.671
-0.622
-0.59
-0.553
-0.531
-0.51
-0.51
-0.528
-0.515
-0.513
-0.581
-0.694
-0.78
-0.832
-0.864
-0.912
-0.987
-0.996
-0.948
-0.889
-0.912
-0.982
-1.002
-0.959
-0.928
-0.971
-1.041
-1.093
-1.102
-1.102
-1.13
-1.17
-1.175
-1.132
-1.13
-1.155
-1.2
-1.277
-1.293
-1.225
-1.161
-1.191
-1.232
-1.245
-1.245
-1.22
-1.173
-1.13
-1.048
-0.937
-0.882
-0.937
-1.041
-1.111
-1.17
-1.22
-1.27
-1.336
-1.372
-1.363
-1.331
-1.311
-1.282
-1.193
-1.075
-1.005
-0.971
-0.928
-0.869
-0.837
-0.817
-0.807
-0.851
-0.9
-0.928
-0.955
-0.993
-1.08
-1.207
-1.286
-1.293
-1.336
-1.404
-1.447
-1.431
-1.356
-1.277
-1.238
-1.234
-1.2
-1.136
-1.111
-1.157
-1.191
-1.161
-1.189
-1.275
-1.338
-1.37
-1.456
-1.572
-1.619
-1.631
-1.647
-1.701
-1.744
-1.737
-1.744
-1.794
-1.819
-1.815
-1.806
-1.81
-1.837
-1.899
-1.973
-2.053
-2.128
-2.178
-2.198
-2.175
-2.153
-2.175
-2.207
-2.227
-2.236
-2.225
-2.205
-2.173
-2.123
-2.064
-2.044
-2.019
-1.982
-2.016
-2.116
-2.193
-2.236
-2.298
-2.366
-2.409
-2.409
-2.398
-2.398
-2.359
-2.286
-2.205
-2.13
-2.053
-1.985
-1.955
-1.982
-2.001
-1.989
-1.96
-1.923
-1.865
-1.83
-1.851
-1.887
-1.912
-1.978
-2.05
-2.057
-2.032
-2.039
-2.053
-2.026
-1.955
-1.885
-1.837
-1.771
-1.688
-1.613
-1.563
-1.554
-1.576
-1.617
-1.663
-1.706
-1.742
-1.783
-1.81
-1.803
-1.801
-1.817
-1.781
-1.706
-1.667
-1.61
-1.479
-1.356
-1.295
-1.225
-1.134
-1.086
-1.116
-1.173
-1.202
-1.241
-1.291
-1.336
-1.377
-1.399
-1.422
-1.449
-1.472
-1.463
-1.413
-1.329
-1.234
-1.155
-1.091
-1.061
-1.08
-1.132
-1.143
-1.111
-1.075
-1.046
-1.021
-1.009
-1.057
-1.125
-1.143
-1.136
-1.173
-1.223
-1.229
-1.202
-1.159
-1.143
-1.15
-1.143
-1.091
-1.043
-1.039
-1.03
-1.018
-1.016
-1.021
-1.05
-1.089
-1.102
-1.043
-0.948
-0.857
-0.805
-0.767
-0.724
-0.665
-0.569
-0.504
-0.515
-0.565
-0.587
-0.608
-0.665
-0.753
-0.819
-0.844
-0.826
-0.773
-0.708
-0.637
-0.578
-0.528
-0.483
-0.481
-0.533
-0.569
-0.535
-0.469
-0.44
-0.465
-0.499
-0.494
-0.472
-0.488
-0.522
-0.526
-0.513
-0.526
-0.578
-0.626
-0.646
-0.653
-0.676
-0.717
-0.755
-0.73
-0.631
-0.528
-0.492
-0.522
-0.54
-0.549
-0.544
-0.542
-0.585
-0.635
-0.635
-0.594
-0.547
-0.515
-0.488
-0.422
-0.361
-0.386
-0.438
-0.472
-0.476
-0.488
-0.524
-0.587
-0.642
-0.624
-0.583
-0.567
-0.551
-0.517
-0.476
-0.431
-0.426
-0.422
-0.381
-0.358
-0.37
-0.406
-0.451
-0.46
-0.449
-0.431
-0.41
-0.438
-0.499
-0.513
-0.481
-0.467
-0.476
-0.499
-0.501
-0.481
-0.456
-0.429
-0.433
-0.488
-0.533
-0.563
-0.637
-0.712
-0.728
-0.701
-0.705
-0.699
-0.676
-0.635
-0.608
-0.615
-0.608
-0.567
-0.56
-0.592
-0.633
-0.665
-0.644
-0.567
-0.517
-0.567
-0.649
-0.705
-0.73
-0.737
-0.778
-0.855
-0.93
-0.935
-0.9
-0.828
-0.773
-0.762
-0.726
-0.635
-0.533
-0.456
-0.413
-0.388
-0.379
-0.417
-0.483
-0.549
-0.619
-0.689
-0.762
-0.826
-0.866
-0.864
-0.855
-0.839
-0.773
-0.696
-0.674
-0.676
-0.694
-0.66
-0.583
-0.519
-0.469
-0.395
-0.336
-0.32
-0.327
-0.318
-0.268
-0.284
-0.367
-0.399
-0.392
-0.413
-0.451
-0.467
-0.479
-0.519
-0.528
-0.458
-0.386
-0.363
-0.379
-0.365
-0.322
-0.302
-0.295
-0.313
-0.361
-0.37
-0.293
-0.222
-0.213
-0.234
-0.166
-0.041
0.036
0.025
-0.034
-0.057
-0.038
0.005
-0.018
-0.122
-0.225
-0.245
-0.249
-0.284
-0.304
-0.29
-0.302
-0.308
-0.295
-0.279
-0.256
-0.247
-0.238
-0.227
-0.247
-0.259
-0.236
-0.213
-0.225
-0.263
-0.284
-0.274
-0.256
-0.284
-0.358
-0.467
-0.553
-0.567
-0.576
-0.635
-0.644
-0.585
-0.549
-0.524
-0.485
-0.429
-0.358
-0.331
-0.37
-0.388
-0.374
-0.374
-0.435
-0.526
-0.563
-0.528
-0.517
-0.519
-0.513
-0.488
-0.449
-0.401
-0.39
-0.426
-0.42
-0.347
-0.286
-0.304
-0.354
-0.349
-0.308
-0.308
-0.349
-0.386
-0.404
-0.449
-0.513
-0.558
-0.585
-0.583
-0.499
-0.401
-0.399
-0.465
-0.447
-0.293
-0.134
-0.102
-0.166
-0.172
-0.075
0.045
0.05
-0.072
-0.161
-0.125
-0.063
-0.072
-0.118
-0.168
-0.177
-0.127
-0.063
-0.029
-0.009
0.032
0.134
0.213
0.231
0.2
0.17
0.186
0.249
0.268
0.249
0.211
0.211
0.293
0.392
0.426
0.445
0.463
0.479
0.528
0.603
0.667
0.712
0.739
0.719
0.703
0.712
0.728
0.714
0.694
0.665
0.644
0.694
0.767
0.755
0.73
0.769
0.855
0.907
0.923
0.964
1.039
1.082
1.091
1.107
1.152
1.148
1.084
1.091
1.109
1.086
1.034
0.966
0.905
0.887
0.912
0.932
0.939
0.93
0.939
1.007
1.148
1.325
1.422
1.406
1.413
1.513
1.552
1.454
1.338
1.277
1.282
1.316
1.329
1.306
1.304
1.32
1.327
1.277
1.191
1.118
1.177
1.288
1.297
1.318
1.429
1.542
1.61
1.663
1.658
1.619
1.61
1.606
1.576
1.533
1.497
1.479
1.456
1.42
1.418
1.454
1.452
1.474
1.552
1.592
1.576
1.595
1.678
1.74
1.71
1.644
1.592
1.57
1.567
1.606
1.669
1.688
1.66
1.651
1.66
1.658
1.694
1.737
1.765
1.808
1.899
1.978
2.01
2.032
2.075
2.098
2.057
2.019
2.012
1.957
1.878
1.849
1.812
1.79
1.803
1.835
1.867
1.923
2.01
2.087
2.121
2.119
2.13
2.234
2.286
2.207
2.121
2.103
2.087
2.044
2.014
1.976
1.903
1.815
1.751
1.724
1.751
1.799
1.801
1.765
1.801
1.93
2.007
1.98
1.942
1.946
1.957
1.967
1.93
1.833
1.737
1.681
1.66
1.631
1.538
1.431
1.429
1.533
1.608
1.615
1.619
1.64
1.688
1.74
1.703
1.61
1.54
1.524
1.522
1.497
1.472
1.461
1.415
1.331
1.306
1.316
1.302
1.329
1.379
1.429
1.483
1.576
1.663
1.701
1.676
1.626
1.579
1.524
1.418
1.32
1.261
1.182
1.089
1.075
1.116
1.13
1.118
1.143
1.204
1.272
1.313
1.338
1.395
1.486
1.574
1.608
1.581
1.579
1.606
1.552
1.452
1.388
1.297
1.141
0.993
0.912
0.866
0.857
0.866
0.891
0.959
1.039
1.114
1.243
1.368
1.388
1.356
1.352
1.34
1.32
1.279
1.184
1.066
0.975
0.93
0.896
0.862
0.862
0.932
0.991
1.012
1.075
1.132
1.098
1.068
1.114
1.166
1.182
1.15
1.125
1.102
1.093
1.043
0.928
0.783
0.631
0.578
0.64
0.667
0.606
0.626
0.735
0.891
1.048
1.136
1.118
1.077
1.064
1.077
1.057
0.971
0.869
0.801
0.794
0.794
0.68
0.519
0.467
0.517
0.603
0.644
0.649
0.683
0.744
0.807
0.81
0.717
0.633
0.687
0.778
0.76
0.714
0.696
0.66
0.576
0.51
0.467
0.463
0.485
0.483
0.469
0.49
0.54
0.583
0.662
0.742
0.701
0.606
0.581
0.603
0.592
0.56
0.551
0.592
0.637
0.642
0.592
0.508
0.46
0.506
0.524
0.479
0.494
0.558
0.567
0.542
0.531
0.563
0.642
0.71
0.748
0.794
0.869
0.935
0.939
0.953
0.978
0.939
0.91
0.932
0.939
0.903
0.866
0.853
0.887
0.919
0.894
0.842
0.776
0.76
0.837
0.914
0.905
0.923
1.043
1.173
1.279
1.343
1.331
1.286
1.259
1.225
1.166
1.118
1.075
1.009
0.998
1.039
1.007
0.932
0.916
0.964
1.016
1.077
1.127
1.111
1.068
1.086
1.15
1.143
1.082
1.016
0.957
0.903
0.898
0.907
0.828
0.703
0.642
0.655
0.705
0.742
0.762
0.807
0.95
1.139
1.279
1.384
1.424
1.365
1.32
1.316
1.261
1.127
0.971
0.832
0.746
0.705
0.701
0.719
0.712
0.755
0.907
1.071
1.152
1.22
1.288
1.338
1.413
1.481
1.468
1.379
1.284
1.252
1.25
1.193
1.064
0.91
0.86
0.871
0.853
0.805
0.812
0.887
1.023
1.168
1.252
1.282
1.302
1.338
1.34
1.266
1.204
1.164
1.057
0.932
0.864
0.837
0.805
0.776
0.764
0.762
0.817
0.923
1.048
1.161
1.227
1.234
1.243
1.286
1.268
1.143
1.023
0.989
0.955
0.876
0.767
0.667
0.637
0.66
0.694
0.733
0.769
0.864
1.012
1.1
1.148
1.236
1.309
1.293
1.216
1.125
1.021
0.912
0.787
0.637
0.531
0.51
0.519
0.567
0.64
0.68
0.744
0.887
1.05
1.159
1.202
1.218
1.236
1.25
1.214
1.13
0.991
0.835
0.739
0.73
0.665
0.551
0.524
0.574
0.646
0.714
0.767
0.826
0.93
1.046
1.168
1.245
1.254
1.209
1.134
1.027
0.914
0.821
0.717
0.617
0.569
0.574
0.583
0.572
0.538
0.51
0.56
0.658
0.699
0.676
0.624
0.581
0.56
0.558
0.544
0.504
0.472
0.46
0.447
0.431
0.435
0.408
0.333
0.322
0.367
0.404
0.408
0.433
0.481
0.533
0.563
0.535
0.499
0.454
0.372
0.297
0.254
0.2
0.136
0.082
0.038
0.032
0.041
0.068
0.141
0.231
0.345
0.451
0.506
0.553
0.583
0.54
0.499
0.474
0.429
0.336
0.184
0.02
-0.102
-0.159
-0.2
-0.227
-0.222
-0.222
-0.202
-0.166
-0.156
-0.131
-0.091
-0.014
0.077
0.141
0.122
0.045
-0.05
-0.095
-0.072
-0.059
-0.097
-0.141
-0.159
-0.177
-0.206
-0.243
-0.274
-0.295
-0.284
-0.249
-0.231
-0.24
-0.245
-0.227
-0.209
-0.172
-0.116
-0.086
-0.068
-0.07
-0.088
-0.093
-0.1
-0.113
-0.136
-0.152
-0.177
-0.213
-0.24
-0.24
-0.229
-0.211
-0.197
-0.184
-0.141
-0.145
-0.181
-0.188
-0.138
-0.1
-0.12
-0.161
-0.188
-0.184
-0.156
-0.129
-0.116
-0.12
-0.125
-0.154
-0.213
-0.277
-0.34
-0.367
-0.345
-0.318
-0.313
-0.34
-0.367
-0.313
-0.186
-0.131
-0.168
-0.2
-0.195
-0.186
-0.254
-0.379
-0.481
-0.492
-0.447
-0.42
-0.454
-0.499
-0.492
-0.44
-0.449
-0.533
-0.597
-0.549
-0.454
-0.426
-0.481
-0.535
-0.553
-0.526
-0.472
-0.51
-0.624
-0.685
-0.635
-0.565
-0.59
-0.714
-0.826
-0.826
-0.739
-0.68
-0.71
-0.746
-0.701
-0.61
-0.592
-0.642
-0.669
-0.642
-0.592
-0.56
-0.574
-0.587
-0.603
-0.653
-0.712
-0.742
-0.751
-0.758
-0.767
-0.778
-0.771
-0.771
-0.769
-0.742
-0.717
-0.662
-0.567
-0.485
-0.488
-0.556
-0.631
-0.68
-0.667
-0.633
-0.624
-0.637
-0.644
-0.615
-0.615
-0.689
-0.762
-0.762
-0.728
-0.742
-0.805
-0.887
-0.932
-0.955
-0.98
-1.027
-1.057
-1
-0.878
-0.803
