Unnamed: 3
Value
1.887
2.363
2.964
3.597
4.022
4.089
3.881
3.62
3.513
3.57
3.62
3.618
3.686
3.861
3.96
3.813
3.541
3.4
3.432
3.48
3.398
3.198
3.019
2.912
2.799
2.622
2.422
2.207
1.958
1.631
1.245
1.025
1.163
1.567
1.955
2.195
2.361
2.52
2.567
2.384
2.032
1.735
1.608
1.563
1.483
1.372
1.367
1.587
1.882
2.075
2.105
2.075
2.021
1.901
1.665
1.361
1.111
0.943
0.882
0.855
0.807
0.739
0.671
0.567
0.349
0.075
-0.079
-0.088
-0.115
-0.254
-0.39
-0.351
-0.122
0.122
0.215
0.122
-0.095
-0.374
-0.685
-1.025
-1.311
-1.495
-1.649
-1.873
-2.184
-2.456
-2.609
-2.672
-2.701
-2.803
-3.028
-3.334
-3.582
-3.649
-3.579
-3.523
-3.534
-3.572
-3.604
-3.658
-3.781
-3.888
-3.897
-3.815
-3.654
-3.457
-3.266
-3.066
-2.874
-2.704
-2.565
-2.495
-2.42
-2.297
-2.171
-2.08
-1.989
-1.826
-1.587
-1.37
-1.25
-1.17
-1.011
-0.773
-0.603
-0.619
-0.755
-0.853
-0.785
-0.587
-0.374
-0.202
-0.022
0.159
0.204
-0.002
-0.324
-0.524
-0.524
-0.392
-0.242
-0.122
0.057
0.317
0.555
0.614
0.535
0.492
0.558
0.637
0.587
0.426
0.277
0.265
0.272
0.202
0.147
0.218
0.367
0.449
0.392
0.281
0.138
-0.084
-0.344
-0.533
-0.569
-0.413
-0.115
0.202
0.465
0.608
0.578
0.351
-0.054
-0.472
-0.764
-0.898
-0.973
-1.12
-1.354
-1.533
-1.551
-1.413
-1.243
-1.154
-1.154
-1.209
-1.399
-1.708
-2.028
-2.202
-2.241
-2.243
-2.266
-2.316
-2.37
-2.477
-2.733
-3.017
-3.096
-2.869
-2.527
-2.366
-2.429
-2.515
-2.565
-2.599
-2.604
-2.576
-2.533
-2.547
-2.713
-3.073
-3.55
-3.958
-4.117
-3.992
-3.72
-3.432
-3.105
-2.701
-2.291
-2.01
-1.905
-1.903
-1.837
-1.715
-1.624
-1.57
-1.456
-1.22
-0.975
-0.9
-0.925
-0.916
-0.832
-0.676
-0.465
-0.168
0.265
0.787
1.22
1.438
1.463
1.379
1.225
0.991
0.676
0.358
0.145
0.131
0.252
0.324
0.174
-0.22
-0.667
-1
-1.27
-1.672
-2.252
-2.837
-3.232
-3.421
-3.484
-3.504
-3.525
-3.566
-3.634
-3.729
-3.872
-4.046
-4.201
-4.246
-4.262
-4.407
-4.697
-4.972
-5.156
-5.364
-5.702
-6.095
-6.453
-6.761
-6.977
-7.104
-7.177
-7.218
-7.202
-7.109
-6.925
-6.639
-6.297
-5.947
-5.664
-5.462
-5.33
-5.128
-4.738
-4.221
-3.693
-3.243
-2.896
-2.565
-2.252
-2.003
-1.799
-1.54
-1.104
-0.555
-0.065
0.36
0.907
1.567
2.123
2.436
2.595
2.803
3.135
3.495
3.749
3.883
3.999
4.187
4.403
4.577
4.79
5.135
5.618
6.16
6.621
6.966
7.236
7.483
7.721
7.957
8.236
8.569
8.905
9.209
9.438
9.536
9.427
9.091
8.608
8.116
7.78
7.578
7.333
6.968
6.573
6.231
5.922
5.578
5.158
4.732
4.362
4.035
3.695
3.336
3.03
2.84
2.76
2.813
2.985
3.116
3.069
2.853
2.55
2.173
1.708
1.229
0.857
0.64
0.522
0.383
0.252
0.224
0.277
0.245
0.113
-0.038
-0.17
-0.306
-0.444
-0.569
-0.649
-0.701
-0.789
-0.941
-1.091
-1.222
-1.42
-1.705
-1.953
-1.998
-1.878
-1.683
-1.465
-1.286
-1.232
-1.27
-1.284
-1.218
-1.232
-1.426
-1.64
-1.665
-1.513
-1.313
-1.109
-0.864
-0.683
-0.689
-0.864
-1.023
-1.073
-1.087
-1.125
-1.075
-0.828
-0.413
-0.045
0.147
0.081
-0.138
-0.342
-0.512
-0.76
-1.129
-1.581
-2.034
-2.436
-2.79
-3.13
-3.464
-3.722
-3.937
-4.253
-4.72
-5.128
-5.251
-5.171
-5.163
-5.208
-5.108
-4.811
-4.516
-4.364
-4.341
-4.223
-3.919
-3.579
-3.395
-3.277
-2.935
-2.361
-1.812
-1.483
-1.347
-1.222
-1.018
-0.878
-0.966
-1.154
-1.229
-1.2
-1.263
-1.522
-1.903
-2.275
-2.563
-2.672
-2.613
-2.402
-1.907
-1.089
-0.222
0.376
0.592
0.619
0.723
0.93
1.025
0.982
0.982
1.136
1.27
1.145
0.81
0.467
0.145
-0.256
-0.751
-1.213
-1.381
-1.195
-0.941
-0.914
-1.193
-1.683
-2.25
-2.817
-3.318
-3.631
-3.547
-2.942
-2.012
-1.179
-0.578
-0.131
0.122
0.129
0.093
0.32
0.936
1.726
2.461
2.969
3.203
3.243
3.159
3.007
2.84
2.683
2.586
2.606
2.778
3.062
3.443
3.835
4.072
3.994
3.654
3.207
2.79
2.486
2.297
2.189
2.162
2.202
2.2
2.021
1.658
1.193
0.735
0.297
-0.084
-0.333
-0.496
-0.778
-1.22
-1.696
-2.175
-2.758
-3.502
-4.319
-5.038
-5.718
-6.56
-7.504
-8.277
-8.762
-9.182
-9.822
-10.62
-11.31
-11.761
-12.044
-12.248
-12.351
-12.303
-12.119
-11.961
-11.949
-11.999
-11.893
-11.55
-11.069
-10.577
-10.075
-9.559
-9.007
-8.44
-7.9
-7.324
-6.635
-5.854
-5.106
-4.48
-3.97
-3.425
-2.742
-1.982
-1.241
-0.51
0.344
1.279
2.066
2.572
2.935
3.348
3.906
4.512
5.047
5.53
6.047
6.567
6.896
6.934
6.823
6.777
6.834
6.832
6.709
6.562
6.557
6.764
7.057
7.186
7.161
7.122
7.122
6.988
6.616
6.165
5.913
5.877
5.82
5.634
5.387
5.235
5.113
4.782
4.069
3.089
2.175
1.481
0.891
0.215
-0.59
-1.347
-1.901
-2.334
-2.869
-3.532
-4.196
-4.716
-5.074
-5.364
-5.648
-5.873
-5.999
-6.14
-6.435
-6.809
-7.079
-7.136
-7.05
-6.972
-6.988
-7.014
-6.977
-6.934
-6.882
-6.766
-6.517
-6.122
-5.734
-5.478
-5.38
-5.344
-5.274
-5.226
-5.265
-5.344
-5.31
-5.069
-4.702
-4.439
-4.33
-4.201
-3.854
-3.332
-2.783
-2.27
-1.683
-0.875
0.045
0.769
1.104
1.232
1.461
1.846
2.254
2.583
2.874
3.239
3.677
4.049
4.264
4.45
4.754
5.176
5.557
5.736
5.777
5.825
5.802
5.507
4.988
4.455
4.078
3.792
3.545
3.336
3.203
3.225
3.461
3.822
4.171
4.48
4.718
4.834
4.852
4.806
4.747
4.759
4.863
4.967
4.988
4.888
4.711
4.475
4.187
3.813
3.43
3.198
3.159
3.187
3.221
3.309
3.45
3.477
3.248
2.792
2.343
2.096
1.996
1.88
1.755
1.769
1.951
2.136
2.177
2.089
1.996
1.98
2.032
2.064
2.075
2.2
2.456
2.751
2.967
3.089
3.2
3.386
3.606
3.681
3.613
3.577
3.695
3.89
4.015
4.078
4.183
4.4
4.743
5.108
5.362
5.535
5.707
5.877
5.927
5.823
5.566
5.226
4.861
4.409
3.84
3.289
2.928
2.742
2.572
2.277
1.916
1.635
1.429
1.118
0.608
0.004
-0.528
-0.984
-1.481
-2.014
-2.527
-2.992
-3.405
-3.722
-3.99
-4.26
-4.568
-4.895
-5.219
-5.578
-5.984
-6.353
-6.603
-6.759
-6.891
-6.975
-6.975
-6.873
-6.834
-6.957
-7.202
-7.438
-7.573
-7.671
-7.726
-7.553
-7.007
-6.181
-5.294
-4.536
-3.906
-3.25
-2.497
-1.849
-1.526
-1.465
-1.449
-1.374
-1.25
-1.139
-1.039
-0.821
-0.401
0.079
0.424
0.644
0.9
1.252
1.676
1.987
2.069
2.03
2.093
2.293
2.481
2.576
2.735
3.08
3.536
3.987
4.359
4.582
4.629
4.579
4.475
4.432
4.525
4.756
5.092
5.532
5.995
6.358
6.528
6.478
6.226
5.852
5.464
5.09
4.747
4.582
4.74
5.18
5.705
6.143
6.458
6.73
7.011
7.288
7.519
7.682
7.78
7.88
8.023
8.059
7.914
7.694
7.615
7.712
7.837
7.88
7.882
7.932
8.036
8.075
7.878
7.453
6.991
6.607
6.283
5.952
5.594
5.341
5.292
5.305
5.169
4.756
4.058
3.227
2.397
1.662
1.097
0.825
0.905
1.3
1.842
2.352
2.735
2.944
2.937
2.728
2.372
2.06
1.985
2.105
2.316
2.667
3.175
3.74
4.257
4.666
4.929
5.006
4.908
4.673
4.382
4.11
3.874
3.688
3.568
3.552
3.668
3.951
4.328
4.604
4.736
4.849
5.026
5.253
5.389
5.351
5.274
5.391
5.784
6.347
6.941
7.419
7.782
8.052
8.105
7.726
6.939
6.061
5.41
5.031
4.822
4.82
5.174
5.798
6.387
6.705
6.739
6.628
6.421
6.101
5.63
5.101
4.72
4.634
4.809
5.019
5.104
5.094
5.026
4.908
4.69
4.282
3.765
3.298
2.953
2.728
2.617
2.699
3.01
3.407
3.672
3.79
3.826
3.815
3.625
3.137
2.486
1.912
1.544
1.317
1.07
0.78
0.576
0.528
0.544
0.505
0.392
0.279
0.236
0.174
0.016
-0.199
-0.367
-0.356
-0.206
-0.061
0.072
0.358
0.821
1.3
1.617
1.69
1.672
1.755
1.925
2.06
2.148
2.257
2.479
2.794
3.023
3.107
3.225
3.527
3.937
4.28
4.47
4.607
4.806
5.058
5.294
5.407
5.391
5.348
5.326
5.357
5.462
5.621
5.798
5.961
6.088
6.154
6.195
6.308
6.474
6.553
6.435
6.224
6.07
5.965
5.843
5.698
5.573
5.548
5.598
5.557
5.333
4.988
4.65
4.321
3.963
3.55
3.123
2.744
2.393
1.98
1.488
1.039
0.726
0.528
0.288
-0.041
-0.365
-0.633
-0.821
-0.878
-0.755
-0.458
-0.025
0.526
1.093
1.44
1.377
1.011
0.667
0.503
0.438
0.34
0.224
0.168
0.247
0.333
0.306
0.24
0.285
0.385
0.295
-0.136
-0.71
-1.125
-1.225
-1.163
-1.175
-1.275
-1.125
-0.422
0.637
1.535
2.071
2.456
2.829
3.017
2.869
2.559
2.427
2.533
2.579
2.481
2.581
3.069
3.606
3.849
3.763
3.47
3.109
2.72
2.198
1.524
0.841
0.388
0.242
0.292
0.429
0.664
0.989
1.317
1.395
1.104
0.766
0.728
0.837
0.687
0.199
-0.297
-0.533
-0.696
-0.993
-1.3
-1.447
-1.452
-1.465
-1.572
-1.746
-1.962
-2.198
-2.445
-2.695
-2.842
-2.724
-2.313
-1.871
-1.774
-2.103
-2.486
-2.751
-3.148
-3.906
-4.702
-4.983
-4.598
-3.881
-3.153
-2.45
-1.801
-1.37
-1.232
-1.229
-1.066
-0.728
-0.429
-0.249
-0.174
-0.209
-0.372
-0.637
-0.914
-1.168
-1.34
-1.324
-1.139
-0.959
-0.83
-0.605
-0.215
0.152
0.14
-0.331
-0.921
-1.248
-1.254
-1.136
-0.975
-0.662
-0.245
-0.002
-0.095
-0.34
-0.512
-0.583
-0.687
-0.896
-1.104
-1.168
-1.043
-0.855
-0.814
-1.054
-1.504
-1.985
-2.411
-2.824
-3.266
-3.638
-3.788
-3.708
-3.638
-3.77
-4.056
-4.298
-4.403
-4.382
-4.212
-3.811
-3.171
-2.434
-1.862
-1.705
-2.01
-2.609
-3.214
-3.575
-3.62
-3.493
-3.268
-2.887
-2.413
-2.15
-2.275
-2.583
-2.74
-2.733
-2.754
-2.851
-2.806
-2.415
-1.733
-1.039
-0.531
-0.247
-0.181
-0.344
-0.664
-0.968
-1.045
-0.805
-0.329
0.183
0.633
0.993
1.263
1.488
1.629
1.649
1.674
1.823
2.114
2.286
2.119
1.681
1.206
0.771
0.363
0.011
-0.154
-0.041
0.272
0.555
0.667
0.624
0.553
0.533
0.494
0.299
-0.124
-0.637
-0.948
-0.964
-0.862
-0.782
-0.701
-0.581
-0.624
-1.007
-1.574
-1.916
-1.837
-1.57
-1.504
-1.721
-1.964
-1.985
-1.914
-2.069
-2.495
-2.958
-3.262
-3.468
-3.74
-4.028
-4.067
-3.724
-3.18
-2.731
-2.425
-2.053
-1.515
-0.966
-0.712
-0.83
-1.07
-1.168
-1.107
-1.118
-1.268
-1.352
-1.275
-1.12
-0.921
-0.626
-0.254
0.077
0.24
0.209
0.161
0.254
0.492
0.739
0.887
0.914
0.928
1.009
1.127
1.198
1.286
1.492
1.785
2.03
2.146
2.252
2.474
2.738
2.853
2.749
2.536
2.363
2.334
2.386
2.441
2.504
2.665
2.917
3.101
3.071
2.808
2.395
1.932
1.458
0.9
0.297
-0.138
-0.29
-0.256
-0.199
-0.163
-0.113
-0.022
-0.036
-0.299
-0.766
-1.272
-1.601
-1.626
-1.431
-1.127
-0.801
-0.553
-0.46
-0.528
-0.726
-0.962
-1.141
-1.186
-1.159
-1.109
-1.045
-0.909
-0.744
-0.587
-0.406
-0.193
0.011
0.161
0.32
0.59
0.905
1.082
1.113
1.123
1.177
1.277
1.379
1.524
1.807
2.332
3.082
3.897
4.493
4.688
4.507
4.164
3.892
3.758
3.781
4.03
4.52
5.117
5.675
6.038
6.163
6.072
5.829
5.528
5.296
5.262
5.455
5.75
6.067
6.317
6.308
5.995
5.516
4.96
4.384
3.906
3.586
3.436
3.441
3.523
3.536
3.375
3.076
2.778
2.622
2.674
2.937
3.321
3.733
4.124
4.421
4.523
4.409
4.078
3.586
3.092
2.77
2.701
2.846
3.066
3.221
3.21
3.035
2.706
2.259
1.803
1.395
1.05
0.798
0.667
0.567
0.41
0.199
-0.002
-0.274
-0.653
-0.941
-0.934
-0.653
-0.306
0.043
0.431
0.837
1.129
1.234
1.218
1.184
1.143
1.05
0.973
1.011
1.227
1.594
2.021
2.372
2.602
2.674
2.572
2.391
2.234
2.157
2.202
2.332
2.472
2.536
2.493
2.341
2.119
1.907
1.785
1.814
2.05
2.474
2.874
3.03
2.96
2.851
2.915
3.21
3.668
4.139
4.466
4.582
4.543
4.412
4.219
4.037
3.98
4.065
4.171
4.162
4.11
4.087
4.072
3.999
3.97
4.096
4.248
4.217
4.024
3.851
3.811
3.881
4.078
4.409
4.768
5.058
5.128
4.899
4.464
4.053
3.904
4.078
4.364
4.525
4.512
4.425
4.237
3.822
3.212
2.683
2.443
2.441
2.545
2.654
2.638
2.438
2.039
1.447
0.744
0.1
-0.335
-0.562
-0.637
-0.567
-0.379
-0.202
-0.161
-0.297
-0.574
-0.932
-1.32
-1.662
-1.948
-2.134
-2.193
-2.139
-2.091
-2.121
-2.221
-2.341
-2.361
-2.266
-2.139
-2.023
-1.844
-1.565
-1.238
-1.018
-0.93
-0.86
-0.712
-0.535
-0.429
-0.338
-0.068
0.429
1.036
1.622
2.1
2.477
2.776
2.94
2.974
3.03
3.334
3.908
4.631
5.265
5.621
5.653
5.426
5.045
4.645
4.341
4.271
4.496
4.906
5.333
5.582
5.603
5.492
5.398
5.385
5.435
5.444
5.296
5.033
4.779
4.561
4.359
4.135
3.894
3.665
3.473
3.316
3.162
3.026
2.94
2.869
2.76
2.606
2.411
2.162
1.821
1.454
1.222
1.243
1.406
1.547
1.633
1.681
1.642
1.515
1.354
1.139
0.9
0.699
0.562
0.535
0.696
1.018
1.39
1.71
1.905
1.962
1.903
1.767
1.603
1.399
1.241
1.236
1.39
1.622
1.835
1.914
1.821
1.601
1.367
1.27
1.381
1.556
1.635
1.581
1.42
1.143
0.86
0.687
0.651
0.658
0.696
0.798
0.923
0.95
0.882
0.78
0.653
0.551
0.51
0.508
0.415
0.17
-0.093
-0.226
-0.199
-0.07
0.059
0.095
-0.016
-0.188
-0.313
-0.422
-0.562
-0.651
-0.63
-0.614
-0.714
-0.839
-0.882
-0.891
-0.86
-0.723
-0.528
-0.433
-0.567
-0.914
-1.418
-2.062
-2.844
-3.586
-4.124
-4.391
-4.437
-4.396
-4.45
-4.636
-4.897
-5.203
-5.55
-5.922
-6.31
-6.635
-6.8
-6.75
-6.587
-6.437
-6.415
-6.474
-6.571
-6.691
-6.855
-6.975
-6.884
-6.626
-6.43
-6.462
-6.702
-7.002
-7.218
-7.349
-7.465
-7.59
-7.673
-7.673
-7.564
-7.288
-6.913
-6.635
-6.616
-6.728
-6.716
-6.576
-6.465
-6.34
-5.94
-5.224
-4.384
-3.634
-3.023
-2.536
-2.275
-2.297
-2.481
-2.635
-2.67
-2.565
-2.436
-2.427
-2.574
-2.824
-3.042
-3.103
-2.969
-2.681
-2.316
-1.903
-1.485
-1.202
-1.111
-1.127
-1.234
-1.522
-2.057
-2.678
-3.116
-3.232
-3.069
-2.749
-2.336
-1.894
-1.574
-1.547
-1.821
-2.238
-2.579
-2.754
-2.842
-2.985
-3.203
-3.409
-3.582
-3.856
-4.309
-4.827
-5.219
-5.455
-5.639
-5.918
-6.304
-6.657
-6.816
-6.739
-6.564
-6.437
-6.333
-6.147
-5.873
-5.634
-5.494
-5.417
-5.31
-5.147
-5.026
-5.065
-5.224
-5.428
-5.566
-5.578
-5.459
-5.262
-5.051
-4.927
-4.983
-5.176
-5.407
-5.653
-5.906
-6.077
-6.12
-6.079
-5.977
-5.814
-5.578
-5.23
-4.788
-4.316
-3.872
-3.432
-2.976
-2.593
-2.388
-2.332
-2.382
-2.472
-2.561
-2.676
-2.846
-2.994
-3.042
-2.98
-2.887
-2.849
-2.908
-3.051
-3.266
-3.536
-3.888
-4.296
-4.67
-4.884
-4.929
-4.886
-4.811
-4.745
-4.756
-4.895
-5.237
-5.659
-5.952
-6.113
-6.317
-6.567
-6.714
-6.626
-6.342
-5.979
-5.725
-5.664
-5.691
-5.727
-5.793
-5.881
-5.986
-6.122
-6.226
-6.21
-6.133
-6.086
-6.02
-5.895
-5.775
-5.775
-5.956
-6.265
-6.578
-6.8
-6.979
-7.24
-7.537
-7.612
-7.399
-7.029
-6.655
-6.317
-5.943
-5.435
-4.933
-4.631
-4.455
-4.248
-3.967
-3.668
-3.414
-3.159
-2.787
-2.234
-1.608
-1.15
-0.964
-0.887
-0.73
-0.571
-0.567
-0.73
-0.928
-0.986
-0.925
-0.914
-0.95
-0.903
-0.73
-0.633
-0.775
-1.093
-1.372
-1.449
-1.397
-1.468
-1.735
-1.948
-1.899
-1.683
-1.49
-1.397
-1.286
-1.07
-0.846
-0.766
-0.921
-1.193
-1.372
-1.465
-1.64
-1.921
-2.152
-2.184
-2.112
-2.202
-2.531
-2.894
-3.137
-3.4
-3.888
-4.614
-5.357
-5.888
-6.165
-6.34
-6.51
-6.56
-6.383
-6.131
-6.018
-5.986
-5.877
-5.698
-5.575
-5.523
-5.462
-5.258
-4.879
-4.455
-4.112
-3.881
-3.722
-3.586
-3.547
-3.731
-4.078
-4.412
-4.598
-4.634
-4.638
-4.736
-4.852
-4.784
-4.47
-4.078
-3.804
-3.627
-3.377
-3.037
-2.819
-2.856
-3.039
-3.101
-2.878
-2.529
-2.241
-1.994
-1.699
-1.313
-0.905
-0.583
-0.376
-0.177
0.088
0.36
0.526
0.601
0.687
0.837
0.914
0.771
0.449
0.034
-0.41
-0.955
-1.626
-2.339
-2.924
-3.3
-3.477
-3.559
-3.688
-3.802
-3.802
-3.783
-3.949
-4.364
-4.838
-5.215
-5.478
-5.675
-5.809
-5.779
-5.535
-5.217
-5.017
-5.042
-5.255
-5.464
-5.507
-5.421
-5.396
-5.535
-5.759
-6.006
-6.317
-6.718
-7.084
-7.292
-7.353
-7.379
-7.415
-7.476
-7.476
-7.261
-6.834
-6.353
-5.956
-5.587
-5.21
-4.861
-4.568
-4.292
-4.033
-3.829
-3.7
-3.629
-3.618
-3.656
-3.67
-3.563
-3.318
-2.958
-2.484
-1.842
-1.118
-0.485
-0.057
0.229
0.49
0.742
0.864
0.803
0.571
0.254
-0.018
-0.079
0.054
0.202
0.226
0.113
-0.05
-0.077
0.1
0.422
0.764
1.025
1.204
1.352
1.431
1.413
1.447
1.653
2.034
2.538
3.044
3.427
3.609
3.556
3.388
3.255
3.184
3.157
3.173
3.232
3.336
3.523
3.795
4.072
4.226
4.151
3.899
3.566
3.159
2.722
2.409
2.42
2.776
3.255
3.579
3.736
3.908
4.158
4.292
4.228
4.128
4.099
4.074
3.922
3.643
3.407
3.305
3.291
3.264
3.221
3.125
3.017
2.944
2.924
2.887
2.733
2.47
2.202
2.048
1.935
1.776
1.635
1.597
1.662
1.79
1.864
1.819
1.708
1.554
1.343
1.134
1.089
1.286
1.606
1.758
1.717
1.726
1.892
2.034
2.025
1.876
1.658
1.35
0.919
0.503
0.301
0.224
0.077
-0.081
-0.161
-0.161
-0.05
0.168
0.374
0.446
0.385
0.226
0.034
-0.168
-0.383
-0.605
-0.696
-0.587
-0.417
-0.374
-0.442
-0.479
-0.435
-0.36
-0.354
-0.399
-0.429
-0.36
-0.17
0.048
0.213
0.401
0.748
1.234
1.751
2.193
2.502
2.738
3.023
3.382
3.727
4.019
4.3
4.541
4.675
4.69
4.634
4.557
4.464
4.414
4.412
4.33
4.069
3.783
3.704
3.806
3.883
3.885
3.967
4.212
4.453
4.529
4.52
4.534
4.552
4.536
4.525
4.512
4.45
4.298
4.087
3.885
3.697
3.443
3.094
2.685
2.264
1.701
0.936
0.19
-0.37
-0.801
-1.248
-1.646
-1.851
-1.905
-1.989
-2.112
-2.234
-2.329
-2.388
-2.431
-2.495
-2.574
-2.654
-2.713
-2.735
-2.792
-2.926
-3.085
-3.227
-3.357
-3.559
-3.865
-4.139
-4.246
-4.212
-4.183
-4.276
-4.398
-4.394
-4.321
-4.321
-4.362
-4.314
-4.187
-4.039
-3.913
-3.795
-3.618
-3.289
-2.806
-2.316
-1.951
-1.715
-1.511
-1.215
-0.837
-0.492
-0.272
-0.079
0.215
0.535
0.699
0.689
0.739
0.984
1.32
1.549
1.649
1.794
2.073
2.409
2.695
2.905
3.114
3.391
3.645
3.795
3.842
3.899
4.049
4.285
4.491
4.577
4.575
4.588
4.645
4.677
4.627
4.505
4.368
4.239
4.074
3.851
3.708
3.835
4.108
4.303
4.344
4.348
4.477
4.684
4.711
4.432
4.024
3.674
3.373
2.992
2.5
2.025
1.755
1.694
1.71
1.681
1.622
1.624
1.719
1.762
1.597
1.336
1.2
1.218
1.297
1.379
1.458
1.608
1.853
2.152
2.391
2.497
2.495
2.461
2.504
2.617
2.692
2.685
2.64
2.533
2.304
1.935
1.526
1.159
0.841
0.483
0.086
-0.285
-0.597
-0.85
-1.005
-1.043
-0.966
-0.798
-0.555
-0.372
-0.333
-0.422
-0.549
-0.726
-0.955
-1.27
-1.703
-2.2
-2.602
-2.867
-3.051
-3.23
-3.28
-2.953
-2.223
-1.415
-0.889
-0.603
-0.383
-0.288
-0.417
-0.687
-0.907
-0.941
-0.755
-0.481
-0.308
-0.261
-0.256
-0.265
-0.403
-0.755
-1.245
-1.717
-2.08
-2.397
-2.711
-2.881
-2.781
-2.49
-2.252
-2.116
-1.876
-1.415
-0.828
-0.335
-0.084
-0.052
-0.075
-0.022
0.065
0.07
-0.004
-0.054
0.045
0.231
0.288
0.134
-0.129
-0.392
-0.766
-1.399
-2.13
-2.631
-2.772
-2.619
-2.345
-2.119
-2.012
-1.928
-1.833
-1.744
-1.801
-2.053
-2.209
-2.06
-1.708
-1.415
-1.248
-1.036
-0.667
-0.311
-0.152
-0.079
0.081
0.268
0.268
0.034
-0.236
-0.29
-0.084
0.258
0.576
0.81
1.061
1.395
1.656
1.669
1.458
1.215
1.089
0.971
0.651
0.218
0.038
0.268
0.64
0.878
0.925
0.968
1.08
1.123
0.893
0.385
-0.091
-0.335
-0.451
-0.56
-0.683
-0.775
-0.751
-0.696
-0.855
-1.263
-1.669
-1.817
-1.731
-1.662
-1.794
-1.946
-1.846
-1.599
-1.629
-2.186
-3.064
-3.908
-4.482
-4.723
-4.634
-4.246
-3.654
-3.107
-2.892
-2.987
-3.173
-3.282
-3.286
-3.246
-3.162
-2.912
-2.402
-1.826
-1.445
-1.317
-1.315
-1.3
-1.243
-1.284
-1.47
-1.656
-1.669
-1.563
-1.499
-1.472
-1.395
-1.3
-1.317
-1.594
-2.082
-2.502
-2.652
-2.588
-2.486
-2.418
-2.361
-2.286
-2.225
-2.248
-2.429
-2.77
-3.103
-3.289
-3.377
-3.547
-3.84
-4.117
-4.246
-4.28
-4.403
-4.661
-4.943
-5.128
-5.163
-5.078
-4.956
-4.856
-4.863
-4.986
-5.174
-5.383
-5.582
-5.684
-5.553
-5.212
-4.838
-4.545
-4.253
-3.863
-3.425
-3.135
-3.057
-3.071
-3.066
-2.99
-2.896
-2.797
-2.642
-2.42
-2.177
-1.985
-1.862
-1.749
-1.492
-1.091
-0.712
-0.474
-0.311
-0.084
0.215
0.435
0.503
0.508
0.603
0.869
1.168
1.359
1.511
1.731
1.973
2.091
2.046
2.01
2.166
2.42
2.559
2.486
2.363
2.377
2.524
2.645
2.708
2.76
2.958
3.341
3.738
3.985
4.21
4.557
4.915
5.042
4.96
4.956
5.196
5.525
5.668
5.535
5.262
4.96
4.631
4.316
4.099
3.947
3.842
3.754
3.656
3.543
3.402
3.218
3.089
3.151
3.357
3.599
3.854
4.185
4.584
4.881
4.988
4.947
4.838
4.763
4.77
4.77
4.704
4.577
4.418
4.305
4.235
4.049
3.713
3.409
3.178
2.899
2.493
2.093
1.81
1.585
1.277
0.9
0.633
0.603
0.678
0.574
0.224
-0.22
-0.692
-1.193
-1.646
-1.951
-2.073
-2.069
-2.066
-2.112
-2.198
-2.313
-2.431
-2.511
-2.572
-2.72
-2.924
-3.121
-3.255
-3.325
-3.393
-3.395
-3.237
-3.017
-2.958
-3.232
-3.767
-4.348
-4.825
-5.265
-5.768
-6.251
-6.517
-6.521
-6.392
-6.269
-6.186
-6.018
-5.659
-5.21
-4.854
-4.616
-4.314
-3.833
-3.309
-3.007
-2.962
-2.953
-2.803
-2.586
-2.45
-2.493
-2.583
-2.531
-2.393
-2.395
-2.59
-2.919
-3.264
-3.511
-3.636
-3.765
-3.888
-3.888
-3.781
-3.658
-3.599
-3.556
-3.364
-2.983
-2.493
-1.944
-1.352
-0.771
-0.218
0.245
0.587
0.846
1.066
1.243
1.374
1.454
1.547
1.749
2.069
2.359
2.438
2.3
2.046
1.774
1.547
1.374
1.177
0.936
0.762
0.737
0.789
0.796
0.685
0.462
0.097
-0.435
-1.032
-1.456
-1.531
-1.293
-0.962
-0.692
-0.479
-0.285
-0.183
-0.258
-0.512
-0.875
-1.195
-1.334
-1.32
-1.236
-1.168
-1.123
-1.05
-0.978
-0.964
-0.998
-0.978
-0.841
-0.742
-0.796
-0.943
-1.066
-1.168
-1.293
-1.465
-1.572
-1.54
-1.402
-1.218
-1.08
-0.995
-0.941
-0.834
-0.66
-0.544
-0.542
-0.54
-0.46
-0.258
0.027
0.32
0.583
0.785
0.857
0.692
0.329
-0.034
-0.292
-0.512
-0.787
-1.118
-1.399
-1.644
-1.966
-2.515
-3.352
-4.262
-4.929
-5.301
-5.566
-5.913
-6.349
-6.716
-7.043
-7.467
-7.966
-8.359
-8.569
-8.603
-8.558
-8.404
-8.095
-7.73
-7.469
-7.401
-7.519
-7.71
-7.873
-7.893
-7.73
-7.383
-6.939
-6.449
-5.984
-5.661
-5.462
-5.296
-5.131
-4.954
-4.809
-4.652
-4.418
-4.131
-3.822
-3.538
-3.341
-3.123
-2.794
-2.384
-1.966
-1.52
-0.955
-0.254
0.499
1.118
1.449
1.499
1.431
1.554
1.989
2.559
3.042
3.391
3.681
3.974
4.253
4.439
4.543
4.652
4.829
5.067
5.292
5.412
5.444
5.476
5.462
5.26
4.804
4.189
3.563
3.087
2.833
2.803
2.928
3.105
3.241
3.275
3.178
2.915
2.536
2.175
1.889
1.629
1.436
1.238
0.936
0.49
-0.075
-0.673
-1.198
-1.583
-1.876
-2.15
-2.393
-2.57
-2.695
-2.806
-2.958
-3.166
-3.409
-3.713
-4.131
-4.738
-5.455
-6.036
-6.312
-6.376
-6.374
-6.294
-6.129
-5.922
-5.723
-5.482
-5.215
-5.024
-4.999
-5.171
-5.5
-5.829
-6.045
-6.14
-6.163
-6.19
-6.262
-6.276
-6.122
-5.868
-5.623
-5.389
-5.085
-4.673
-4.178
-3.62
-3.023
-2.429
-1.921
-1.538
-1.191
-0.832
-0.465
-0.072
0.363
0.83
1.25
1.606
1.923
2.277
2.665
2.951
3.08
3.171
3.277
3.323
3.214
3.005
2.801
2.676
2.619
2.604
2.638
2.767
3.019
3.438
3.899
4.269
4.6
4.972
5.333
5.643
5.934
6.206
6.396
6.437
6.337
6.222
6.176
6.108
5.884
5.566
5.292
5.072
4.856
4.67
4.579
4.557
4.496
4.362
4.237
4.146
4.033
3.881
3.702
3.482
3.262
3.171
3.205
3.168
2.944
2.642
2.452
2.486
2.635
2.692
2.595
2.436
2.259
1.989
1.665
1.402
1.193
0.95
0.699
0.578
0.671
0.914
1.159
1.265
1.313
1.497
1.885
2.32
2.722
3.214
3.897
4.666
5.353
5.779
5.927
5.931
5.816
5.516
5.104
4.82
4.693
4.514
4.137
3.575
2.885
2.159
1.497
0.968
0.597
0.327
0.095
-0.138
-0.476
-1.102
-2.103
-3.234
-4.142
-4.711
-5.024
-5.137
-5.026
-4.727
-4.396
-4.201
-4.237
-4.525
-5.019
-5.607
-6.09
-6.292
-6.242
-6.077
-5.85
-5.627
-5.519
-5.512
-5.507
-5.448
-5.426
-5.417
-5.265
-4.877
-4.362
-3.897
-3.552
-3.227
-2.801
-2.327
-1.932
-1.544
-0.968
-0.172
0.689
1.495
2.119
2.531
2.813
3.166
3.622
4.017
4.319
4.77
5.516
6.351
7.014
7.453
7.689
7.653
7.315
6.78
6.274
5.988
5.986
6.097
6.17
6.129
6.002
5.929
5.94
5.918
5.772
5.632
5.714
5.936
6.038
5.938
5.77
5.584
5.267
4.818
4.512
4.598
5.008
5.423
5.589
5.5
5.337
5.174
4.886
4.357
3.797
3.497
3.538
3.665
3.724
3.745
3.851
4.042
4.178
4.121
3.944
3.856
3.99
4.219
4.33
4.348
4.423
4.625
4.922
5.187
5.433
5.779
6.256
6.685
6.929
7.007
6.977
6.848
6.641
6.419
6.256
6.272
6.535
6.936
7.251
7.336
7.245
7.127
6.913
6.517
6.049
5.659
5.45
5.385
5.346
5.324
5.367
5.509
5.661
5.711
5.698
5.689
5.72
5.732
5.65
5.514
5.43
5.471
5.559
5.55
5.426
5.351
5.45
5.666
5.841
5.918
5.87
5.677
5.439
5.228
5.022
4.768
4.525
4.432
4.525
4.645
4.65
4.614
4.57
4.448
4.226
4.01
3.865
3.842
3.97
4.198
4.529
4.986
5.507
5.975
6.326
6.51
6.51
6.374
6.24
6.088
5.814
5.455
5.174
5.026
4.986
4.938
4.84
4.825
4.911
4.915
4.664
4.269
3.915
3.602
3.198
2.724
2.334
2.13
2.044
1.96
1.905
2.001
2.264
2.583
2.835
2.953
3.035
3.173
3.323
3.323
3.212
3.159
3.253
3.362
3.405
3.432
3.464
3.491
3.466
3.332
3.089
2.837
2.574
2.293
2.096
2.123
2.336
2.615
2.937
3.266
3.509
3.613
3.595
3.509
3.388
3.284
3.248
3.286
3.379
3.541
3.822
4.239
4.727
5.174
5.53
5.818
6.051
6.167
6.163
6.154
6.188
6.158
5.99
5.779
5.646
5.609
5.675
5.857
6.108
6.315
6.433
6.505
6.514
6.415
6.201
5.922
5.58
5.239
5.004
4.915
4.87
4.734
4.473
4.226
4.135
4.153
4.135
3.999
3.749
3.434
3.051
2.672
2.436
2.4
2.481
2.533
2.456
2.307
2.096
1.792
1.49
1.3
1.136
0.887
0.587
0.317
0.072
-0.172
-0.438
-0.633
-0.61
-0.403
-0.292
-0.417
-0.703
-1.005
-1.145
-1.073
-0.948
-0.891
-0.853
-0.723
-0.515
-0.32
-0.154
0.063
0.442
0.921
1.254
1.263
1.043
0.803
0.576
0.279
-0.032
-0.19
-0.052
0.322
0.696
0.875
0.978
1.156
1.433
1.715
1.855
1.701
1.334
0.923
0.608
0.403
0.32
0.392
0.456
0.261
-0.15
-0.467
-0.508
-0.354
-0.279
-0.426
-0.655
-0.791
-0.805
-0.762
-0.714
-0.671
-0.599
-0.476
-0.277
-0.038
0.154
0.218
0.104
-0.084
-0.213
-0.24
-0.238
-0.242
-0.247
-0.272
-0.297
-0.288
-0.252
-0.24
-0.306
-0.483
-0.753
-1.034
-1.25
-1.356
-1.372
-1.347
-1.297
-1.175
-1.021
-0.916
-0.864
-0.766
-0.649
-0.626
-0.735
-0.884
-1.043
-1.279
-1.672
-2.186
-2.652
-2.794
-2.606
-2.35
-2.286
-2.388
-2.395
-2.216
-2.057
-2.116
-2.336
-2.42
-2.225
-1.937
-1.805
-1.817
-1.823
-1.719
-1.597
-1.629
-1.844
-2.05
-2.091
-2.141
-2.395
-2.72
-2.783
-2.533
-2.189
-1.962
-1.862
-1.846
-1.907
-2.112
-2.452
-2.76
-2.912
-2.908
-2.86
-2.853
-2.826
-2.692
-2.493
-2.372
-2.397
-2.484
-2.583
-2.731
-2.915
-3.08
-3.214
-3.3
-3.352
-3.402
-3.454
-3.532
-3.604
-3.615
-3.643
-3.738
-3.819
-3.765
-3.523
-3.216
-2.992
-2.853
-2.692
-2.529
-2.502
-2.615
-2.77
-2.905
-3.046
-3.194
-3.291
-3.3
-3.239
-3.166
-3.08
-2.919
-2.695
-2.552
-2.504
-2.465
-2.402
-2.318
-2.221
-2.125
-2.034
-1.932
-1.783
-1.542
-1.211
-0.875
-0.633
-0.512
-0.492
-0.519
-0.538
-0.562
-0.51
-0.218
0.281
0.732
1.009
1.279
1.635
1.985
2.232
2.375
2.441
2.429
2.388
2.386
2.468
2.609
2.792
3.017
3.18
3.212
3.162
3.071
2.862
2.42
1.803
1.234
0.796
0.446
0.109
-0.213
-0.517
-0.812
-1.068
-1.329
-1.667
-2.03
-2.307
-2.452
-2.567
-2.735
-2.919
-2.983
-2.978
-3.087
-3.398
-3.851
-4.285
-4.566
-4.716
-4.854
-4.992
-5.029
-4.895
-4.693
-4.477
-4.192
-3.797
-3.384
-3.048
-2.824
-2.663
-2.52
-2.379
-2.27
-2.28
-2.429
-2.611
-2.756
-2.86
-2.903
-2.781
-2.429
-1.925
-1.456
-1.125
-0.821
-0.426
0.093
0.576
0.794
0.791
0.848
1.152
1.551
1.799
1.844
1.894
2.062
2.236
2.309
2.316
2.363
2.456
2.545
2.593
2.588
2.52
2.447
2.377
2.264
2.139
2.098
2.182
2.252
2.214
2.114
2.064
2.05
2.039
2.021
2.021
2.053
2.03
1.801
1.402
0.986
0.671
0.49
0.372
0.206
0.048
-0.022
-0.093
-0.258
-0.528
-0.791
-0.998
-1.195
-1.413
-1.606
-1.674
-1.522
-1.189
-0.907
-0.805
-0.814
-0.805
-0.773
-0.787
-0.884
-0.936
-0.889
-0.751
-0.544
-0.344
-0.209
-0.081
0.102
0.333
0.528
0.658
0.758
0.864
0.986
1.091
1.204
1.415
1.778
2.198
2.576
2.976
3.359
3.516
3.352
3.057
2.844
2.633
2.3
1.942
1.887
2.25
2.819
3.362
3.804
4.25
4.697
4.868
4.675
4.409
4.248
4.203
4.355
4.627
4.868
5.19
5.655
5.916
5.641
4.956
4.219
3.586
3.005
2.524
2.282
2.307
2.356
2.098
1.504
0.912
0.601
0.54
0.664
0.973
1.474
2.116
2.626
2.704
2.37
1.96
1.83
1.912
1.894
1.785
1.86
2.205
2.5
2.477
2.218
1.948
1.807
1.742
1.619
1.465
1.35
1.306
1.418
1.613
1.676
1.547
1.409
1.302
1.132
0.995
1.102
1.526
2.103
2.563
2.765
2.72
2.493
2.266
2.039
1.842
1.925
2.465
3.25
3.951
4.396
4.7
4.983
5.083
4.761
4.124
3.536
3.305
3.395
3.536
3.69
4.001
4.457
4.879
5.004
4.625
3.942
3.341
2.985
2.806
2.667
2.554
2.57
2.751
2.96
2.971
2.711
2.393
2.309
2.461
2.611
2.622
2.599
2.749
2.996
3.116
3.051
2.942
2.872
2.733
2.422
2.003
1.696
1.688
1.907
2.073
1.987
1.728
1.49
1.265
1.007
0.794
0.787
0.989
1.22
1.329
1.304
1.293
1.485
1.83
2.089
2.177
2.214
2.4
2.708
2.869
2.831
2.937
3.386
4.001
4.516
4.756
4.743
4.621
4.355
3.951
3.572
3.457
3.681
4.001
4.072
3.795
3.355
3.06
3.042
3.189
3.327
3.443
3.523
3.502
3.346
2.953
2.415
2.028
1.923
1.907
1.733
1.474
1.254
1.002
0.569
0.068
-0.174
0.004
0.349
0.542
0.363
-0.163
-0.78
-1.211
-1.488
-1.705
-1.769
-1.52
-1.021
-0.635
-0.642
-0.989
-1.327
-1.34
-1.039
-0.59
-0.111
0.485
1.156
1.676
1.925
2.023
2.191
2.479
2.665
2.506
2.168
2.021
2.198
2.45
2.527
2.508
2.64
3.053
3.582
3.924
4.044
4.135
4.289
4.47
4.514
4.348
4.178
4.223
4.375
4.394
4.253
4.242
4.514
4.929
5.222
5.33
5.405
5.559
5.752
5.825
5.689
5.448
5.258
5.167
5.196
5.253
5.249
5.142
4.849
4.339
3.695
3.085
2.652
2.454
2.506
2.751
3.125
3.47
3.706
3.829
3.824
3.563
3.051
2.45
1.973
1.696
1.597
1.731
2.084
2.454
2.699
2.794
2.695
2.397
2.019
1.626
1.163
0.538
-0.115
-0.558
-0.71
-0.771
-0.943
-1.093
-1.034
-0.83
-0.692
-0.683
-0.744
-0.742
-0.68
-0.587
-0.469
-0.277
0.054
0.444
0.785
1.025
1.168
1.234
1.261
1.213
1.016
0.66
0.236
-0.147
-0.435
-0.585
-0.583
-0.444
-0.324
-0.435
-0.755
-1.172
-1.653
-2.191
-2.72
-3.227
-3.668
-3.922
-3.935
-3.847
-3.878
-4.103
-4.409
-4.704
-4.956
-5.187
-5.473
-5.788
-5.975
-5.945
-5.779
-5.571
-5.371
-5.137
-4.938
-4.847
-4.874
-4.988
-5.078
-4.983
-4.641
-4.176
-3.865
-3.872
-4.065
-4.239
-4.364
-4.516
-4.702
-4.786
-4.65
-4.375
-4.148
-4.085
-4.115
-4.078
-3.944
-3.849
-3.906
-3.947
-3.765
-3.441
-3.239
-3.25
-3.329
-3.316
-3.266
-3.291
-3.355
-3.386
-3.416
-3.556
-3.786
-4.017
-4.198
-4.314
-4.353
-4.307
-4.23
-4.171
-4.131
-4.115
-4.16
-4.321
-4.507
-4.559
-4.484
-4.375
-4.266
-4.11
-3.931
-3.774
-3.622
-3.445
-3.243
-3.051
-2.931
-2.881
-2.844
-2.826
-2.797
-2.692
-2.511
-2.307
-2.143
-2.053
-2.014
-2.01
-2.023
-2.039
-2.048
-2.071
-2.121
-2.202
-2.277
-2.313
-2.354
-2.49
-2.724
-2.985
-3.307
-3.74
-4.174
-4.489
-4.727
-4.986
-5.187
-5.233
-5.185
-5.128
-5.038
-4.908
-4.829
-4.845
-4.89
-4.863
-4.843
-4.899
-5.069
-5.278
-5.346
-5.239
-5.113
-5.11
-5.187
-5.287
-5.453
-5.707
-5.956
-6.129
-6.17
-6.034
-5.793
-5.523
-5.26
-5.092
-5.117
-5.294
-5.5
-5.648
-5.775
-5.906
-5.972
-5.938
-5.816
-5.648
-5.48
-5.312
-5.142
-5.038
-5.069
-5.208
-5.376
-5.625
-5.87
-5.997
-5.956
-5.791
-5.582
-5.43
-5.36
-5.344
-5.337
-5.337
-5.301
-5.117
-4.793
-4.516
-4.418
-4.5
-4.616
-4.675
-4.664
-4.604
-4.509
-4.416
-4.276
-4.013
-3.713
-3.513
-3.348
-3.082
-2.663
-2.211
-1.896
-1.749
-1.608
-1.413
-1.227
-1.145
-1.12
-1.118
-1.139
-1.215
-1.35
-1.526
-1.662
-1.672
-1.563
-1.463
-1.481
-1.603
-1.753
-1.932
-2.166
-2.465
-2.751
-2.924
-3.014
-3.098
-3.171
-3.237
-3.312
-3.421
-3.588
-3.788
-3.967
-4.039
-3.958
-3.786
-3.661
-3.602
-3.577
-3.582
-3.609
-3.706
-3.876
-3.996
-4.01
-4.006
-4.142
-4.443
-4.723
-4.825
-4.847
-4.888
-4.917
-4.852
-4.684
-4.473
-4.287
-4.105
-3.894
-3.747
-3.77
-3.987
-4.292
-4.529
-4.65
-4.657
-4.543
-4.316
-4.03
-3.756
-3.545
-3.405
-3.332
-3.414
-3.625
-3.84
-3.94
-3.926
-3.876
-3.858
-3.767
-3.591
-3.436
-3.329
-3.275
-3.307
-3.434
-3.684
-4.01
-4.262
-4.346
-4.266
-4.065
-3.826
-3.62
-3.436
-3.227
-2.987
-2.783
-2.661
-2.642
-2.708
-2.787
-2.767
-2.629
-2.438
-2.2
-1.955
-1.717
-1.515
-1.345
-1.238
-1.279
-1.501
-1.887
-2.366
-2.767
-2.948
-2.899
-2.778
-2.711
-2.706
-2.715
-2.763
-2.867
-3.046
-3.237
-3.366
-3.502
-3.647
-3.686
-3.579
-3.443
-3.348
-3.291
-3.26
-3.3
-3.382
-3.418
-3.336
-3.168
-3.037
-3.019
-3.051
-3.057
-3.121
-3.357
-3.729
-4.076
-4.287
-4.344
-4.309
-4.266
-4.33
-4.548
-4.877
-5.226
-5.6
-6.072
-6.571
-6.886
-6.979
-7.054
-7.238
-7.369
-7.367
-7.326
-7.286
-7.183
-7.016
-6.798
-6.537
-6.167
-5.591
-4.915
-4.421
-4.23
-4.139
-3.935
-3.69
-3.629
-3.781
-4.022
-4.212
-4.287
-4.237
-4.162
-4.062
-3.854
-3.577
-3.368
-3.314
-3.355
-3.382
-3.377
-3.423
-3.536
-3.57
-3.368
-3.021
-2.683
-2.368
-2.007
-1.538
-0.898
-0.048
0.912
1.701
2.08
2.025
1.705
1.367
1.154
1.005
0.948
1.109
1.474
1.851
2.005
1.849
1.476
0.957
0.331
-0.356
-0.978
-1.377
-1.499
-1.506
-1.474
-1.338
-1.134
-1.075
-1.297
-1.712
-2.087
-2.186
-1.887
-1.315
-0.705
-0.168
0.315
0.735
1.077
1.302
1.515
1.889
2.427
2.931
3.214
3.355
3.468
3.509
3.312
2.883
2.497
2.42
2.599
2.774
2.853
2.974
3.3
3.731
3.97
3.824
3.484
3.246
3.289
3.599
4.024
4.453
4.84
5.072
5.008
4.616
4.001
3.391
3.005
2.885
2.885
2.94
3.096
3.3
3.364
3.128
2.602
2.012
1.524
1.125
0.803
0.64
0.678
0.769
0.655
0.277
-0.22
-0.66
-0.934
-1.03
-0.948
-0.601
0.05
0.778
1.209
1.163
0.817
0.458
0.118
-0.252
-0.555
-0.61
-0.338
0.097
0.433
0.592
0.664
0.689
0.617
0.505
0.44
0.435
0.46
0.479
0.462
0.342
0.054
-0.442
-1.087
-1.724
-2.168
-2.28
-2.075
-1.746
-1.456
-1.275
-1.127
-0.891
-0.59
-0.351
-0.179
0.065
0.479
0.95
1.438
1.982
2.531
2.969
3.214
3.348
3.509
3.749
4.049
4.389
4.795
5.222
5.528
5.646
5.643
5.553
5.362
5.196
5.165
5.215
5.289
5.403
5.573
5.739
5.761
5.541
5.124
4.641
4.217
3.861
3.486
3.103
2.76
2.458
2.075
1.59
1.043
0.465
-0.115
-0.642
-1.087
-1.426
-1.656
-1.821
-1.98
-2.223
-2.617
-3.116
-3.631
-4.096
-4.466
-4.723
-4.822
-4.688
-4.391
-4.128
-4.001
-3.99
-4.028
-4.092
-4.18
-4.246
-4.253
-4.23
-4.233
-4.271
-4.335
-4.328
-4.228
-4.105
-4.015
-3.94
-3.858
-3.693
-3.377
-2.94
-2.45
-2.041
-1.769
-1.579
-1.52
-1.608
-1.705
-1.615
-1.37
-1.102
-0.832
-0.512
-0.165
0.122
0.292
0.426
0.653
1.011
1.485
2.082
2.724
3.255
3.62
3.824
3.863
3.747
3.547
3.48
3.645
3.858
3.922
3.851
3.845
3.965
4.119
4.146
4.03
3.899
3.89
3.996
4.162
4.348
4.539
4.636
4.516
4.164
3.717
3.386
3.262
3.191
3.037
2.853
2.792
2.829
2.801
2.586
2.177
1.676
1.195
0.798
0.51
0.342
0.383
0.528
0.515
0.229
-0.186
-0.56
-0.848
-1.059
-1.215
-1.304
-1.277
-1.102
-0.773
-0.403
-0.136
-0.011
0.072
0.179
0.261
0.344
0.555
0.928
1.37
1.699
1.826
1.835
1.864
1.91
1.901
1.833
1.849
2.062
2.341
2.425
2.259
1.987
1.724
1.411
1.005
0.642
0.533
0.692
0.934
1.07
1.05
0.971
0.964
0.998
0.921
0.676
0.438
0.39
0.526
0.699
0.855
1.014
1.139
1.059
0.692
0.152
-0.408
-0.955
-1.52
-2.048
-2.513
-2.928
-3.28
-3.529
-3.799
-4.151
-4.486
-4.625
-4.588
-4.507
-4.407
-4.214
-3.876
-3.518
-3.296
-3.194
-3.085
-2.867
-2.54
-2.198
-1.869
-1.52
-1.177
-0.921
-0.841
-0.9
-0.995
-1.087
-1.186
-1.279
-1.336
-1.34
-1.286
-1.209
-1.209
-1.383
-1.66
-1.921
-2.116
-2.257
-2.334
-2.214
-1.84
-1.315
-0.828
-0.449
-0.209
-0.041
0.122
0.277
0.453
0.642
0.834
1.023
1.163
1.177
1.061
0.875
0.748
0.732
0.791
0.898
1.021
1.134
1.254
1.304
1.15
0.766
0.347
0.097
0.034
0.002
-0.05
-0.048
0.045
0.177
0.24
0.174
0.036
-0.086
-0.174
-0.242
-0.238
-0.111
0.152
0.483
0.746
0.903
0.946
0.825
0.612
0.372
0.172
0.102
0.193
0.317
0.295
0.013
-0.505
-1.139
-1.778
-2.368
-2.869
-3.184
-3.221
-3.062
-2.883
-2.799
-2.801
-2.851
-2.926
-2.996
-3.03
-2.969
-2.69
-2.134
-1.485
-0.964
-0.617
-0.385
-0.213
-0.093
-0.059
-0.104
-0.17
-0.199
-0.268
-0.401
-0.526
-0.564
-0.599
-0.708
-0.928
-1.179
-1.367
-1.495
-1.599
-1.715
-1.792
-1.767
-1.653
-1.587
-1.626
-1.79
-2.053
-2.325
-2.458
-2.409
-2.3
-2.209
-2.166
-2.282
-2.672
-3.327
-4.046
-4.625
-4.927
-4.947
-4.811
-4.623
-4.457
-4.394
-4.486
-4.718
-5.015
-5.28
-5.369
-5.278
-5.113
-4.983
-4.874
-4.732
-4.588
-4.55
-4.654
-4.704
-4.484
-4.065
-3.695
-3.52
-3.436
-3.362
-3.298
-3.246
-3.196
-3.137
-3.112
-3.116
-3.08
-3.007
-2.867
-2.635
-2.352
-2.116
-2.007
-2.112
-2.277
-2.336
-2.238
-2.005
-1.594
-1.014
-0.41
0.124
0.59
0.903
0.964
0.837
0.737
0.801
0.986
1.179
1.367
1.57
1.764
1.935
2.125
2.354
2.536
2.672
2.849
3.094
3.366
3.599
3.77
3.919
4.037
4.096
4.087
4.049
4.081
4.298
4.723
5.183
5.519
5.718
5.755
5.603
5.376
5.258
5.235
5.269
5.296
5.237
5.074
4.901
4.858
4.976
5.156
5.337
5.469
5.568
5.689
5.845
6.004
6.154
6.315
6.435
6.435
6.328
6.115
5.802
5.507
5.312
5.167
5.013
4.845
4.675
4.432
4.078
3.736
3.575
3.613
3.808
4.03
4.169
4.233
4.142
3.865
3.547
3.325
3.132
2.833
2.45
2.091
1.833
1.615
1.35
1.036
0.769
0.581
0.408
0.195
-0.036
-0.19
-0.247
-0.327
-0.599
-1.139
-1.812
-2.431
-2.983
-3.534
-4.06
-4.462
-4.745
-4.956
-5.09
-5.124
-5.056
-4.911
-4.766
-4.588
-4.305
-4.042
-4.108
-4.545
-5.019
-5.269
-5.283
-5.246
-5.185
-4.92
-4.468
-4.21
-4.355
-4.6
-4.498
-4.022
-3.625
-3.697
-4.158
-4.629
-4.82
-4.79
-4.74
-4.673
-4.432
-4.017
-3.638
-3.52
-3.615
-3.722
-3.756
-3.838
-4.094
-4.394
-4.439
-4.062
-3.468
-2.974
-2.559
-1.982
-1.309
-0.817
-0.667
-0.723
-0.662
-0.392
-0.109
0.088
0.308
0.592
0.837
0.909
0.841
0.791
0.905
1.161
1.35
1.284
1.129
1.084
1.041
0.803
0.453
0.24
0.193
0.186
0.152
0.115
0.107
0.115
0.057
-0.057
-0.095
-0.043
-0.032
-0.127
-0.272
-0.385
-0.379
-0.281
-0.236
-0.351
-0.583
-0.834
-0.978
-0.952
-0.832
-0.726
-0.569
-0.356
-0.193
-0.107
-0.084
-0.045
0.041
0.159
0.256
0.424
0.787
1.3
1.733
1.921
2.019
2.143
2.184
2.093
1.966
1.939
2.084
2.422
2.994
3.74
4.407
4.752
4.756
4.505
4.099
3.69
3.386
3.151
2.889
2.583
2.318
2.069
1.726
1.302
0.817
0.32
-0.152
-0.664
-1.336
-2.13
-2.955
-3.765
-4.529
-5.235
-5.94
-6.63
-7.251
-7.826
-8.349
-8.819
-9.252
-9.672
-10.134
-10.681
-11.328
-12.02
-12.632
-13.095
-13.324
-13.249
-12.886
-12.451
-12.031
-11.63
-11.353
-11.271
-11.296
-11.248
-11.022
-10.602
-10.089
-9.518
-8.828
-8.002
-7.159
-6.505
-5.99
-5.43
-4.804
-4.25
-3.881
-3.627
-3.262
-2.758
-2.2
-1.592
-0.928
-0.231
0.446
1.073
1.626
2.146
2.67
3.248
3.858
4.355
4.661
4.893
5.246
5.734
6.249
6.848
7.601
8.39
8.989
9.234
9.193
9.019
8.78
8.454
8.075
7.764
7.583
7.424
7.127
6.641
6.036
5.371
4.697
4.015
3.321
2.69
2.189
1.74
1.184
0.517
-0.095
-0.558
-0.909
-1.268
-1.69
-2.114
-2.468
-2.774
-3.148
-3.649
-4.237
-4.804
-5.296
-5.686
-5.979
-6.12
-6.09
-6.045
-6.165
-6.446
-6.78
-7.047
-7.267
-7.506
-7.753
-7.882
-7.739
-7.317
-6.848
-6.478
-6.201
-5.922
-5.653
-5.448
-5.317
-5.128
-4.743
-4.137
-3.52
-3.085
-2.872
-2.756
-2.602
-2.379
-2.2
-2.057
-1.771
-1.222
-0.531
0.05
0.385
0.569
0.787
1.043
1.259
1.426
1.694
2.207
2.858
3.423
3.799
4.022
4.051
3.804
3.384
2.996
2.758
2.67
2.722
2.881
3.123
3.421
3.72
3.906
3.926
3.831
3.693
3.618
3.611
3.523
3.271
2.915
2.574
2.289
2.037
1.84
1.81
1.935
2.089
2.103
2.012
1.958
2.057
2.175
2.096
1.842
1.631
1.646
1.955
2.397
2.844
3.282
3.688
3.942
3.963
3.747
3.43
3.114
2.844
2.635
2.556
2.663
2.921
3.23
3.438
3.48
3.362
3.191
3.103
3.157
3.262
3.307
3.382
3.552
3.763
3.931
4.069
4.273
4.584
4.96
5.269
5.428
5.505
5.575
5.648
5.646
5.496
5.176
4.815
4.55
4.407
4.425
4.611
4.943
5.353
5.682
5.893
6.04
6.097
5.965
5.607
5.092
4.566
4.185
3.901
3.606
3.243
2.742
2.096
1.399
0.714
0.061
-0.619
-1.426
-2.402
-3.425
-4.355
-5.09
-5.634
-6.136
-6.764
-7.449
-8
-8.447
-8.951
-9.495
-9.98
-10.377
-10.754
-11.18
-11.597
-11.883
-11.874
-11.543
-11.035
-10.443
-9.849
-9.332
-8.967
-8.821
-8.919
-9.15
-9.291
-9.189
-8.86
-8.458
-8.025
-7.537
-6.966
-6.312
-5.641
-5.051
-4.584
-4.164
-3.717
-3.196
-2.633
-2.166
-1.81
-1.3
-0.494
0.446
1.317
2.028
2.652
3.321
4.126
4.913
5.478
5.838
6.165
6.526
6.816
6.986
7.152
7.562
8.243
8.903
9.282
9.424
9.57
9.753
9.726
9.291
8.612
8.009
7.621
7.345
7.111
6.929
6.802
6.685
6.526
6.344
6.067
5.614
5.019
4.337
3.634
3.053
2.706
2.619
2.649
2.629
2.583
2.642
2.797
2.955
3.114
3.286
3.427
3.454
3.298
3.073
2.94
2.905
2.881
2.813
2.706
2.635
2.692
2.831
2.955
2.915
2.635
2.297
2.123
2.148
2.302
2.552
2.94
3.48
4.03
4.466
4.797
5.149
5.553
5.943
6.249
6.471
6.709
7.061
7.433
7.68
7.778
7.807
7.826
7.909
8.098
8.311
8.363
8.209
7.853
7.317
6.78
6.367
5.995
5.532
4.983
4.539
4.384
4.539
4.865
5.121
5.18
4.997
4.611
4.137
3.745
3.477
3.364
3.454
3.754
4.198
4.629
4.884
4.94
4.804
4.45
3.856
3.125
2.479
2.025
1.787
1.778
1.991
2.307
2.622
2.915
3.171
3.303
3.332
3.382
3.491
3.641
3.811
4.058
4.414
4.777
5.04
5.314
5.748
6.342
6.966
7.504
7.826
7.828
7.59
7.297
7.02
6.823
6.737
6.823
7.063
7.36
7.551
7.551
7.322
6.825
6.099
5.258
4.441
3.745
3.194
2.774
2.538
2.561
2.74
2.842
2.738
2.468
2.116
1.701
1.302
1.002
0.764
0.533
0.417
0.472
0.601
0.723
0.896
1.139
1.354
1.409
1.27
1.023
0.787
0.662
0.599
0.574
0.651
0.821
0.984
1.097
1.2
1.309
1.442
1.597
1.78
1.987
2.141
2.166
2.125
2.119
2.207
2.441
2.84
3.312
3.686
3.96
4.248
4.518
4.693
4.822
4.952
5.094
5.289
5.466
5.575
5.714
5.952
6.195
6.312
6.283
6.151
5.999
5.868
5.743
5.632
5.514
5.355
5.135
4.89
4.643
4.398
4.214
4.167
4.242
4.312
4.38
4.489
4.446
4.072
3.436
2.731
2.039
1.463
1.087
0.821
0.583
0.356
0.152
-0.041
-0.338
-0.839
-1.524
-2.286
-2.978
-3.445
-3.663
-3.693
-3.661
-3.679
-3.767
-3.89
-4.022
-4.151
-4.285
-4.484
-4.7
-4.745
-4.47
-3.892
-3.168
-2.422
-1.574
-0.488
0.744
1.837
2.704
3.484
4.264
4.904
5.308
5.584
5.9
6.267
6.571
6.698
6.666
6.612
6.635
6.744
6.737
6.36
5.68
4.979
4.373
3.77
3.13
2.722
2.858
3.516
4.344
5.024
5.441
5.72
5.893
5.847
5.439
4.847
4.362
4.169
4.242
4.38
4.38
4.262
4.081
3.756
3.164
2.368
1.64
1.225
1.034
0.805
0.419
-0.063
-0.496
-0.771
-0.943
-1.021
-0.984
-0.834
-0.735
-0.925
-1.374
-1.823
-2.125
-2.286
-2.413
-2.586
-2.747
-2.787
-2.724
-2.713
-2.785
-2.783
-2.567
-2.289
-2.266
-2.545
-2.733
-2.583
-2.311
-2.254
-2.422
-2.49
-2.286
-1.968
-1.746
-1.662
-1.594
-1.372
-1.068
-0.855
-0.708
-0.519
-0.24
0.032
0.054
-0.258
-0.66
-0.834
-0.755
-0.653
-0.64
-0.535
-0.129
0.467
0.919
0.955
0.578
0.05
-0.392
-0.653
-0.73
-0.603
-0.295
0.045
0.254
0.229
0.011
-0.215
-0.39
-0.66
-1.163
-1.835
-2.372
-2.74
-3.105
-3.547
-3.917
-4.069
-4.028
-4.049
-4.294
-4.602
-4.809
-4.915
-5.031
-5.187
-5.28
-5.239
-5.108
-4.954
-4.795
-4.586
-4.285
-3.911
-3.509
-3.178
-3.007
-2.987
-3.109
-3.357
-3.681
-3.947
-3.953
-3.661
-3.23
-2.813
-2.468
-2.264
-2.241
-2.35
-2.42
-2.339
-2.143
-1.968
-1.84
-1.606
-1.177
-0.667
-0.183
0.34
0.909
1.388
1.724
2.084
2.617
3.268
3.872
4.307
4.584
4.761
4.818
4.706
4.47
4.242
4.078
3.98
3.865
3.649
3.398
3.239
3.128
2.926
2.556
2.164
1.939
1.925
2.03
2.105
2.037
1.803
1.504
1.261
1.068
0.837
0.553
0.297
0.159
0.095
0.018
-0.065
-0.156
-0.415
-1.002
-1.799
-2.529
-3.001
-3.253
-3.43
-3.577
-3.745
-4.01
-4.389
-4.858
-5.319
-5.65
-5.809
-5.823
-5.736
-5.6
-5.45
-5.292
-5.183
-5.113
-4.983
-4.768
-4.482
-4.037
-3.434
-2.785
-2.23
-1.807
-1.472
-1.177
-0.936
-0.685
-0.388
-0.043
0.335
0.773
1.302
1.855
2.402
2.998
3.622
4.103
4.323
4.344
4.292
4.219
4.183
4.205
4.312
4.496
4.772
5.16
5.634
6.099
6.449
6.63
6.694
6.718
6.732
6.691
6.517
6.176
5.68
5.171
4.761
4.466
4.115
3.643
3.164
2.699
2.073
1.306
0.547
-0.124
-0.708
-1.259
-1.749
-2.116
-2.313
-2.377
-2.45
-2.597
-2.765
-2.905
-3.071
-3.248
-3.343
-3.405
-3.556
-3.849
-4.18
-4.375
-4.307
-4.035
-3.652
-3.175
-2.622
-2.166
-1.925
-1.866
-1.946
-2.116
-2.295
-2.345
-2.146
-1.603
-0.726
0.247
1.087
1.801
2.488
3.078
3.454
3.606
3.738
4.006
4.407
4.854
5.208
5.557
6.058
6.635
7.045
7.218
7.281
7.41
7.655
7.932
8.109
8.145
8.152
8.204
8.247
8.241
8.165
8.059
7.971
7.921
7.93
7.95
7.95
7.891
7.708
7.356
6.875
6.292
5.666
5.16
4.793
4.475
4.148
3.792
3.409
3.048
2.722
2.363
1.944
1.511
1.143
0.805
0.442
0.095
-0.19
-0.499
-0.864
-1.134
-1.234
-1.248
-1.256
-1.261
-1.232
-1.227
-1.304
-1.406
-1.511
-1.613
-1.719
-1.801
-1.76
-1.619
-1.488
-1.331
-1.12
-0.939
-0.846
-0.791
-0.716
-0.597
-0.499
-0.453
-0.399
-0.261
-0.025
0.238
0.444
0.68
1.039
1.461
1.835
2.112
2.372
2.726
3.135
3.525
3.842
4.074
4.289
4.559
4.849
4.995
4.986
4.933
4.879
4.766
4.591
4.432
4.43
4.548
4.645
4.634
4.616
4.579
4.453
4.246
4.105
4.035
3.96
3.854
3.822
3.924
4.124
4.312
4.359
4.235
4.028
3.858
3.763
3.697
3.636
3.654
3.799
3.933
3.89
3.697
3.438
3.216
3.03
2.837
2.658
2.538
2.488
2.477
2.452
2.382
2.291
2.236
2.293
2.47
2.692
2.865
2.919
2.905
2.872
2.817
2.713
2.642
2.699
2.924
3.164
3.368
3.552
3.749
3.899
3.994
3.96
3.786
3.523
3.246
2.971
2.654
2.238
1.794
1.458
1.331
1.315
1.241
1.064
0.884
0.732
0.59
0.442
0.277
0.147
0.152
0.22
0.206
0.045
-0.193
-0.381
-0.488
-0.587
-0.66
-0.642
-0.526
-0.483
-0.671
-0.998
-1.259
-1.424
-1.608
-1.833
-1.964
-1.925
-1.78
-1.703
-1.744
-1.828
-1.88
-1.799
-1.59
-1.347
-1.143
-0.966
-0.787
-0.614
-0.458
-0.238
0.179
0.844
1.606
2.209
2.567
2.844
3.21
3.591
3.847
3.947
3.917
3.847
3.867
4.051
4.273
4.507
4.829
5.31
5.852
6.328
6.603
6.648
6.462
6.113
5.725
5.496
5.498
5.641
5.716
5.566
5.235
4.911
4.684
4.5
4.359
4.335
4.446
4.595
4.621
4.5
4.248
3.933
3.611
3.275
2.962
2.849
2.948
3.028
2.896
2.613
2.372
2.284
2.216
2.016
1.771
1.672
1.705
1.717
1.66
1.538
1.424
1.3
1.143
0.989
0.866
0.758
0.712
0.676
0.551
0.367
0.22
0.177
0.159
0.045
-0.102
-0.093
0.034
0.068
-0.05
-0.204
-0.231
-0.159
-0.091
-0.097
-0.193
-0.39
-0.558
-0.564
-0.426
-0.172
0.204
0.555
0.726
0.64
0.308
-0.075
-0.29
-0.313
-0.242
-0.183
-0.161
-0.193
-0.311
-0.476
-0.612
-0.737
-0.9
-0.993
-0.991
-0.978
-0.989
-1.05
-1.163
-1.361
-1.59
-1.701
-1.69
-1.712
-1.78
-1.787
-1.744
-1.771
-1.973
-2.352
-2.778
-3.146
-3.534
-3.951
-4.314
-4.564
-4.693
-4.786
-5.04
-5.462
-5.761
-5.802
-5.764
-5.67
-5.337
-4.872
-4.623
-4.616
-4.657
-4.657
-4.654
-4.657
-4.697
-4.72
-4.641
-4.493
-4.328
-4.067
-3.645
-3.184
-2.803
-2.529
-2.511
-2.892
-3.529
-4.076
-4.439
-4.706
-4.831
-4.65
-4.248
-3.974
-4.074
-4.439
-4.79
-5.065
-5.303
-5.385
-5.092
-4.512
-4.039
-3.849
-3.917
-4.221
-4.675
-5.108
-5.362
-5.41
-5.274
-5.029
-4.831
-4.861
-5.14
-5.544
-5.963
-6.369
-6.752
-7.027
-7.018
-6.664
-6.12
-5.623
-5.287
-5.183
-5.333
-5.711
-6.199
-6.619
-6.775
-6.56
-6.018
-5.333
-4.677
-4.119
-3.636
-3.286
-3.109
-2.983
-2.751
-2.458
-2.216
-2.075
-2.014
-2.021
-2.18
-2.42
-2.574
-2.645
-2.676
-2.629
-2.411
-2.055
-1.703
-1.576
-1.771
-2.238
-2.865
-3.477
-3.89
-3.985
-3.817
-3.482
-3.114
-2.787
-2.624
-2.781
-3.336
-4.112
-4.825
-5.351
-5.641
-5.564
-5.121
-4.577
-4.273
-4.246
-4.316
-4.477
-4.82
-5.289
-5.673
-5.909
-6.145
-6.403
-6.482
-6.383
-6.406
-6.725
-7.227
-7.653
-7.832
-7.782
-7.569
-7.224
-6.884
-6.696
-6.712
-6.886
-7.204
-7.649
-8.095
-8.39
-8.467
-8.352
-8.052
-7.599
-7.133
-6.766
-6.512
-6.356
-6.331
-6.392
-6.451
-6.444
-6.367
-6.283
-6.317
-6.435
-6.555
-6.648
-6.662
-6.576
-6.337
-5.963
-5.568
-5.265
-5.097
-5.11
-5.269
-5.478
-5.684
-5.816
-5.743
-5.421
-4.972
-4.564
-4.335
-4.307
-4.387
-4.486
-4.559
-4.532
-4.355
-4.065
-3.625
-3.007
-2.252
-1.433
-0.676
-0.124
0.131
0.034
-0.381
-0.93
-1.458
-1.939
-2.28
-2.375
-2.236
-2.05
-1.971
-2.046
-2.223
-2.497
-2.953
-3.511
-4.033
-4.489
-4.872
-5.18
-5.453
-5.741
-6.034
-6.304
-6.498
-6.612
-6.591
-6.371
-5.981
-5.632
-5.419
-5.222
-5.004
-4.809
-4.704
-4.729
-4.818
-4.852
-4.804
-4.759
-4.718
-4.711
-4.77
-4.911
-5.078
-5.158
-5.151
-5.088
-5.008
-4.931
-4.809
-4.568
-4.273
-4.103
-4.076
-4.033
-3.911
-3.783
-3.704
-3.599
-3.364
-2.964
-2.484
-2.044
-1.721
-1.501
-1.32
-1.182
-1.166
-1.27
-1.352
-1.284
-1.127
-1.066
-1.166
-1.324
-1.397
-1.415
-1.504
-1.642
-1.71
-1.69
-1.712
-1.896
-2.209
-2.543
-2.824
-3.128
-3.466
-3.743
-3.835
-3.72
-3.518
-3.375
-3.307
-3.232
-3.187
-3.284
-3.597
-4.017
-4.364
-4.536
-4.57
-4.591
-4.575
-4.412
-4.126
-3.928
-4.01
-4.266
-4.332
-4.128
-3.885
-3.786
-3.806
-3.835
-3.802
-3.765
-3.885
-4.112
-4.266
-4.217
-4.062
-3.892
-3.677
-3.384
-3.076
-2.948
-3.069
-3.334
-3.62
-3.854
-4.037
-4.151
-4.076
-3.772
-3.377
-3.057
-2.817
-2.588
-2.35
-2.112
-1.857
-1.576
-1.243
-0.869
-0.508
-0.202
-0.002
-0.011
-0.218
-0.479
-0.655
-0.694
-0.626
-0.569
-0.662
-0.936
-1.334
-1.74
-2.1
-2.411
-2.713
-3.017
-3.379
-3.779
-4.096
-4.359
-4.786
-5.485
-6.328
-7.018
-7.406
-7.517
-7.471
-7.304
-6.95
-6.462
-6.015
-5.727
-5.646
-5.757
-6.04
-6.451
-6.909
-7.236
-7.29
-7.118
-6.877
-6.669
-6.496
-6.312
-6.09
-5.827
-5.519
-5.192
-4.843
-4.416
-3.967
-3.602
-3.391
-3.314
-3.336
-3.277
-2.985
-2.55
-2.091
-1.606
-1.005
-0.188
0.766
1.567
1.998
2.141
2.236
2.397
2.581
2.733
2.876
2.994
3.037
3.076
3.234
3.507
3.795
4.017
4.155
4.233
4.312
4.394
4.391
4.305
4.239
4.257
4.323
4.405
4.437
4.321
4.137
4.049
4.065
4.117
4.185
4.325
4.5
4.598
4.579
4.604
4.797
5.085
5.31
5.419
5.423
5.296
4.997
4.548
4.013
3.48
3.048
2.756
2.5
2.211
1.962
1.849
1.887
1.985
1.951
1.701
1.245
0.673
0.156
-0.147
-0.229
-0.12
0.102
0.285
0.39
0.449
0.547
0.649
0.683
0.601
0.528
0.49
0.446
0.458
0.574
0.773
0.952
1.021
1.043
1.15
1.304
1.354
1.229
1.03
0.957
1.104
1.291
1.311
1.168
0.989
0.893
0.841
0.787
0.801
0.873
0.962
1.052
1.104
1.1
1.143
1.338
1.576
1.681
1.567
1.379
1.222
1.104
1.005
1.052
1.35
1.805
2.207
2.477
2.747
3.109
3.466
3.631
3.572
3.398
3.184
3.012
2.935
2.964
3.071
3.243
3.495
3.749
3.894
3.956
4.076
4.285
4.507
4.623
4.641
4.634
4.664
4.679
4.631
4.559
4.509
4.561
4.77
5.078
5.353
5.421
5.31
5.167
5.033
4.895
4.747
4.518
4.158
3.763
3.411
3.141
2.969
2.801
2.406
1.66
0.73
-0.131
-0.803
-1.293
-1.681
-2.001
-2.193
-2.266
-2.431
-2.815
-3.273
-3.572
-3.688
-3.747
-3.883
-4.026
-4.035
-3.865
-3.622
-3.45
-3.368
-3.232
-2.942
-2.638
-2.461
-2.325
-2.134
-1.912
-1.746
-1.688
-1.71
-1.807
-2.001
-2.286
-2.633
-2.905
-2.942
-2.733
-2.361
-1.899
-1.463
-1.102
-0.814
-0.597
-0.401
-0.17
0.124
0.479
0.828
1.134
1.461
1.882
2.447
3.055
3.495
3.674
3.645
3.566
3.502
3.4
3.2
2.931
2.724
2.59
2.404
2.175
2.007
1.966
2.06
2.221
2.361
2.47
2.579
2.567
2.339
1.973
1.71
1.617
1.635
1.66
1.71
1.885
2.25
2.652
2.94
3.035
3.046
3.098
3.18
3.232
3.237
3.289
3.495
3.84
4.203
4.405
4.396
4.248
4.013
3.686
3.282
2.835
2.413
1.98
1.551
1.241
1.073
1.011
1.068
1.232
1.461
1.646
1.712
1.692
1.667
1.629
1.492
1.291
1.134
1.082
1.109
1.168
1.275
1.415
1.495
1.422
1.218
0.93
0.576
0.17
-0.174
-0.372
-0.458
-0.533
-0.571
-0.435
-0.163
0.079
0.288
0.619
1.045
1.374
1.54
1.715
2.1
2.647
3.017
3.096
3.159
3.486
4.008
4.45
4.629
4.525
4.26
4.028
3.795
3.312
2.561
1.823
1.259
0.803
0.306
-0.274
-0.805
-1.182
-1.567
-2.164
-2.772
-3.028
-2.883
-2.663
-2.617
-2.647
-2.574
-2.379
-2.177
-2.048
-1.946
-1.799
-1.637
-1.563
-1.61
-1.715
-1.81
-1.958
-2.289
-2.862
-3.464
-3.738
-3.658
-3.572
-3.76
-4.096
-4.316
-4.362
-4.416
-4.564
-4.725
-4.729
-4.498
-4.124
-3.76
-3.45
-3.125
-2.733
-2.275
-1.821
-1.32
-0.687
0.048
0.683
0.98
0.812
0.347
-0.029
-0.1
-0.009
0.041
0.086
0.322
0.814
1.411
1.853
1.996
1.919
1.753
1.529
1.295
1.189
1.363
1.812
2.341
2.704
2.803
2.74
2.726
2.697
2.434
1.939
1.529
1.449
1.626
1.805
1.907
2.041
2.236
2.356
2.173
1.637
0.989
0.492
0.091
-0.446
-1.172
-1.894
-2.452
-2.917
-3.486
-4.124
-4.573
-4.706
-4.7
-4.766
-4.924
-5.038
-5.167
-5.494
-6.034
-6.53
-6.68
-6.408
-5.975
-5.686
-5.519
-5.235
-4.813
-4.391
-4.006
-3.582
-3.026
-2.382
-1.844
-1.499
-1.238
-0.957
-0.683
-0.576
-0.719
-0.971
-1.134
-1.118
-0.995
-0.889
-0.771
-0.56
-0.277
0.009
0.188
0.236
0.242
0.374
0.689
1.111
1.574
2.021
2.37
2.561
2.633
2.676
2.722
2.744
2.711
2.635
2.552
2.458
2.293
2.046
1.769
1.538
1.422
1.338
1.2
0.936
0.544
0.018
-0.633
-1.327
-1.923
-2.372
-2.722
-3.035
-3.327
-3.613
-3.897
-4.192
-4.568
-5.065
-5.616
-6.047
-6.26
-6.333
-6.351
-6.36
-6.394
-6.485
-6.614
-6.657
-6.482
-6.156
-5.902
-5.85
-5.922
-6.054
-6.217
-6.421
-6.65
-6.846
-6.959
-6.955
-6.88
-6.789
-6.732
-6.718
-6.666
-6.494
-6.21
-5.895
-5.582
-5.353
-5.317
-5.489
-5.643
-5.559
-5.183
-4.559
-3.84
-3.089
-2.347
-1.617
-0.869
-0.199
0.249
0.585
1.032
1.603
2.048
2.261
2.443
2.756
3.053
3.164
3.162
3.253
3.388
3.364
3.135
2.915
2.846
2.953
3.191
3.57
4.019
4.473
4.952
5.439
5.689
5.639
5.557
5.673
5.861
5.888
5.807
5.861
6.086
6.186
5.992
5.711
5.603
5.611
5.573
5.489
5.396
5.357
5.301
5.002
4.339
3.48
2.631
1.857
1.17
0.655
0.342
0.295
0.505
0.801
0.964
0.978
0.946
0.925
0.95
1.021
1.123
1.245
1.37
1.468
1.495
1.465
1.374
1.204
0.912
0.494
0.034
-0.317
-0.469
-0.492
-0.485
-0.535
-0.617
-0.737
-0.964
-1.295
-1.59
-1.726
-1.676
-1.542
-1.383
-1.195
-1.066
-1.08
-1.134
-1.07
-0.893
-0.649
-0.356
-0.068
0.202
0.467
0.699
0.896
1.068
1.252
1.436
1.567
1.608
1.585
1.601
1.717
1.853
1.914
1.978
2.105
2.211
2.202
2.114
1.973
1.767
1.513
1.254
1.043
0.83
0.547
0.261
0.111
0.05
-0.018
-0.086
-0.15
-0.242
-0.392
-0.628
-0.907
-1.22
-1.653
-2.198
-2.738
-3.198
-3.661
-4.158
-4.575
-4.886
-5.147
-5.441
-5.732
-5.954
-6.054
-6.117
-6.226
-6.344
-6.424
-6.551
-6.816
-7.172
-7.379
-7.313
-7.034
-6.621
-6.093
-5.482
-4.884
-4.384
-4.042
-3.849
-3.708
-3.511
-3.218
-2.856
-2.42
-1.894
-1.345
-0.878
-0.608
-0.587
-0.689
-0.742
-0.726
-0.68
-0.619
-0.528
-0.351
-0.084
0.215
0.462
0.603
0.68
0.696
0.587
0.365
0.168
0.032
-0.15
-0.472
-0.871
-1.102
-1.066
-0.957
-0.973
-1.066
-1.1
-1.043
-0.952
-0.919
-0.991
-1.08
-1.12
-1.177
-1.293
-1.508
-1.746
-1.851
-1.79
-1.656
-1.52
-1.381
-1.198
-1.007
-0.891
-0.928
-0.993
-0.903
-0.628
-0.379
-0.306
-0.372
-0.467
-0.535
-0.599
-0.655
-0.612
-0.403
-0.107
0.161
0.372
0.558
0.701
0.785
0.821
0.834
0.864
0.941
1.084
1.281
1.495
1.669
1.771
1.669
1.241
0.533
-0.29
-0.973
-1.535
-2.089
-2.57
-2.858
-2.99
-3.121
-3.327
-3.584
-3.894
-4.325
-4.874
-5.441
-5.913
-6.226
-6.363
-6.335
-6.251
-6.219
-6.222
-6.247
-6.439
-6.85
-7.336
-7.73
-7.964
-8.095
-8.165
-8.134
-7.952
-7.694
-7.465
-7.292
-7.165
-7.072
-7.027
-7.05
-7.106
-7.206
-7.324
-7.379
-7.336
-7.168
-6.861
-6.462
-6.024
-5.525
-4.983
-4.403
-3.792
-3.148
-2.55
-2.098
-1.778
-1.372
-0.753
-0.086
0.483
0.971
1.472
2.039
2.654
3.227
3.704
4.144
4.598
5.04
5.417
5.711
5.975
6.242
6.455
6.494
6.344
6.065
5.791
5.578
5.378
5.126
4.829
4.557
4.4
4.296
4.065
3.602
3.073
2.661
2.384
2.175
2.037
1.971
1.944
1.864
1.64
1.263
0.751
0.097
-0.581
-1.148
-1.556
-1.807
-1.955
-2.091
-2.307
-2.57
-2.846
-3.087
-3.341
-3.67
-4.053
-4.391
-4.614
-4.756
-4.911
-5.054
-4.997
-4.747
-4.534
-4.539
-4.65
-4.621
-4.394
-4.126
-3.983
-3.99
-4.037
-3.985
-3.802
-3.604
-3.434
-3.26
-3.055
-2.867
-2.763
-2.819
-3.044
-3.373
-3.704
-3.994
-4.192
-4.25
-4.169
-3.999
-3.74
-3.441
-3.141
-2.908
-2.733
-2.538
-2.309
-2.096
-1.916
-1.749
-1.585
-1.442
-1.279
-1.159
-1.191
-1.327
-1.386
-1.156
-0.664
-0.048
0.574
1.198
1.894
2.656
3.271
3.627
3.763
3.824
3.894
3.953
3.876
3.647
3.432
3.332
3.246
2.99
2.513
1.996
1.658
1.517
1.456
1.594
2.277
3.575
4.974
5.873
6.292
6.657
7.133
7.313
6.775
5.784
5.085
4.979
5.149
5.26
5.396
5.925
6.893
7.748
7.925
7.599
7.32
7.197
6.913
6.129
5.026
4.187
3.953
3.928
3.681
3.386
3.434
3.781
4.044
3.978
3.69
3.382
3.03
2.488
1.846
1.431
1.436
1.64
1.696
1.445
1.054
0.921
1.179
1.515
1.567
1.431
1.495
1.803
1.96
1.778
1.556
1.651
1.951
1.994
1.597
1.087
0.791
0.551
-0.038
-0.966
-1.728
-2.003
-2.057
-2.359
-3.069
-3.881
-4.294
-4.131
-3.754
-3.62
-3.792
-3.935
-3.729
-3.377
-3.191
-3.166
-3.105
-2.844
-2.563
-2.572
-2.844
-2.98
-2.724
-2.141
-1.501
-0.855
-0.19
0.317
0.503
0.503
0.528
0.526
0.308
-0.181
-0.696
-0.775
-0.238
0.708
1.665
2.32
2.543
2.458
2.264
2.062
1.794
1.418
1.073
1.048
1.501
2.302
3.175
3.89
4.226
3.972
3.21
2.345
1.703
1.336
1.077
0.889
0.952
1.393
2.03
2.559
2.876
2.983
2.874
2.692
2.695
2.846
2.935
2.937
2.98
3.071
3.046
2.819
2.593
2.72
3.266
3.888
4.307
4.652
5.131
5.611
5.834
5.8
5.743
5.72
5.562
5.199
4.845
4.863
5.31
5.873
6.188
6.151
5.938
5.804
5.782
5.705
5.5
5.321
5.446
5.87
6.256
6.439
6.587
6.818
6.957
6.811
6.519
6.471
6.752
6.993
6.913
6.759
6.925
7.401
7.796
7.8
7.585
7.494
7.596
7.628
7.399
7.102
7.011
7.072
7.004
6.73
6.458
6.421
6.526
6.487
6.317
6.292
6.532
6.818
6.784
6.324
5.809
5.72
6.079
6.401
6.278
5.877
5.664
5.768
5.827
5.492
4.852
4.328
4.099
3.985
3.792
3.613
3.668
4.01
4.314
4.253
3.947
3.806
3.935
4.049
3.888
3.554
3.436
3.736
4.144
4.289
4.233
4.194
4.189
4.035
3.686
3.327
3.159
3.239
3.432
3.572
3.731
4.108
4.743
5.419
5.818
5.823
5.63
5.498
5.412
5.192
4.884
4.759
4.943
5.26
5.473
5.53
5.632
5.918
6.219
6.163
5.732
5.362
5.417
5.689
5.723
5.414
5.178
5.346
5.745
5.895
5.68
5.396
5.341
5.367
5.199
4.834
4.595
4.679
4.938
5.024
4.825
4.577
4.514
4.512
4.221
3.643
3.246
3.323
3.582
3.477
2.99
2.597
2.561
2.597
2.334
1.774
1.265
1.057
1.045
0.952
0.716
0.599
0.78
1.05
1.068
0.828
0.694
0.912
1.338
1.615
1.672
1.84
2.327
2.865
3.107
3.123
3.148
3.379
3.831
4.353
4.775
5.137
5.596
6.097
6.392
6.36
6.167
6.147
6.331
6.462
6.462
6.489
6.671
7.018
7.385
7.556
7.447
7.213
6.988
6.855
6.83
6.948
7.211
7.549
7.708
7.504
7.054
6.653
6.369
6.04
5.544
5.038
4.74
4.704
4.732
4.568
4.131
3.62
3.173
2.699
2.1
1.456
0.95
0.642
0.435
0.19
-0.111
-0.422
-0.76
-1.22
-1.855
-2.474
-2.785
-2.658
-2.234
-1.79
-1.563
-1.556
-1.646
-1.74
-1.842
-1.968
-2.107
-2.205
-2.261
-2.286
-2.223
-2.089
-1.978
-1.964
-2.034
-2.121
-2.114
-1.985
-1.79
-1.535
-1.17
-0.762
-0.39
-0.095
0.156
0.39
0.592
0.782
1.002
1.261
1.608
1.998
2.254
2.252
2.114
1.987
1.953
2.048
2.23
2.479
2.806
3.105
3.203
3.057
2.79
2.504
2.205
1.835
1.445
1.232
1.293
1.533
1.719
1.665
1.458
1.268
1.116
0.871
0.474
0.029
-0.29
-0.453
-0.578
-0.766
-0.871
-0.719
-0.435
-0.358
-0.624
-1.002
-1.222
-1.34
-1.613
-2.109
-2.588
-2.815
-2.908
-3.171
-3.647
-4.117
-4.396
-4.502
-4.661
-5.01
-5.412
-5.618
-5.607
-5.575
-5.614
-5.575
-5.265
-4.706
-4.133
-3.808
-3.788
-3.901
-3.892
-3.677
-3.398
-3.128
-2.787
-2.302
-1.774
-1.404
-1.275
-1.229
-1.129
-0.975
-0.887
-0.864
-0.839
-0.658
-0.417
-0.315
-0.36
-0.46
-0.483
-0.426
-0.397
-0.458
-0.567
-0.628
-0.587
-0.517
-0.472
-0.417
-0.34
-0.351
-0.558
-0.853
-1.032
-0.993
-0.848
-0.837
-0.989
-1.152
-1.184
-1.091
-1.002
-1.075
-1.395
-1.83
-2.159
-2.397
-2.683
-2.951
-3.03
-2.896
-2.792
-2.983
-3.366
-3.658
-3.833
-3.987
-4.183
-4.3
-4.217
-4.001
-3.838
-3.851
-3.931
-3.819
-3.414
-2.901
-2.547
-2.452
-2.458
-2.393
-2.336
-2.393
-2.458
-2.352
-2.053
-1.764
-1.694
-1.758
-1.735
-1.567
-1.352
-1.215
-1.143
-1.018
-0.821
-0.687
-0.687
-0.778
-0.85
-0.755
-0.474
-0.168
-0.022
-0.061
-0.138
-0.161
-0.265
-0.479
-0.644
-0.626
-0.449
-0.279
-0.154
0.022
0.222
0.245
-0.011
-0.422
-0.769
-0.893
-0.807
-0.635
-0.479
-0.34
-0.265
-0.313
-0.501
-0.773
-0.993
-1.05
-0.995
-0.919
-0.828
-0.678
-0.451
-0.29
-0.401
-0.81
-1.372
-1.892
-2.25
-2.429
-2.495
-2.486
-2.402
-2.216
-1.923
-1.581
-1.315
-1.206
-1.193
-1.129
-0.939
-0.71
-0.503
-0.327
-0.213
-0.211
-0.331
-0.522
-0.726
-0.86
-0.941
-1.027
-1.077
-0.975
-0.737
-0.517
-0.417
-0.394
-0.354
-0.258
-0.109
0.109
0.349
0.547
0.658
0.703
0.678
0.578
0.479
0.41
0.419
0.501
0.571
0.569
0.587
0.71
0.823
0.812
0.721
0.719
0.837
0.957
0.989
0.952
0.909
0.85
0.812
0.807
0.787
0.746
0.78
0.841
0.812
0.637
0.446
0.261
-0.022
-0.44
-0.93
-1.352
-1.599
-1.728
-1.823
-1.871
-1.801
-1.688
-1.64
-1.615
-1.57
-1.594
-1.755
-2.023
-2.313
-2.619
-2.96
-3.28
-3.452
-3.502
-3.52
-3.631
-3.783
-3.609
-2.76
-1.468
-0.392
0.131
0.46
0.844
1.03
0.703
0.238
0.46
1.426
2.341
2.615
2.674
3.168
3.947
4.432
4.332
3.894
3.579
3.711
4.164
4.539
4.704
4.777
4.834
4.736
4.276
3.677
3.459
3.738
4.158
4.266
4.18
4.38
4.906
5.215
4.872
4.223
3.756
3.604
3.708
3.901
4.035
4.015
3.919
3.831
3.733
3.421
2.887
2.35
2.034
1.978
1.996
2.132
2.456
2.72
2.626
2.277
1.894
1.504
0.978
0.218
-0.408
-0.535
-0.129
0.517
1.016
1.168
1.125
1.238
1.517
1.724
1.64
1.445
1.554
2.082
2.626
2.758
2.477
2.125
1.91
1.594
1.113
0.737
0.737
1.136
1.594
1.758
1.658
1.746
2.121
2.479
2.538
2.334
2.257
2.735
3.629
4.223
4.099
3.697
3.84
4.57
5.235
5.319
4.917
4.702
4.992
5.369
5.301
4.908
4.611
4.659
4.843
4.641
3.953
3.309
3.173
3.248
3.012
2.334
1.637
1.261
1.08
0.862
0.614
0.646
1.027
1.442
1.579
1.501
1.44
1.447
1.458
1.352
1.097
0.871
0.914
1.166
1.468
1.71
1.882
2.041
2.164
2.221
2.225
2.241
2.162
1.864
1.472
1.281
1.454
1.783
1.935
1.796
1.651
1.785
2.195
2.597
2.797
2.765
2.576
2.411
2.404
2.576
2.921
3.405
3.94
4.453
4.879
5.081
5.038
4.879
4.738
4.557
4.282
3.974
3.799
3.831
4.008
4.23
4.323
4.273
4.221
4.273
4.221
3.878
3.379
3.071
3.162
3.402
3.438
3.3
3.355
3.7
3.958
3.67
2.96
2.461
2.5
2.792
2.754
2.291
1.821
1.64
1.544
1.113
0.292
-0.483
-0.758
-0.71
-0.914
-1.522
-2.143
-2.356
-2.268
-2.273
-2.461
-2.463
-2.093
-1.672
-1.672
-2.116
-2.567
-2.626
-2.431
-2.443
-2.756
-2.896
-2.438
-1.662
-1.275
-1.411
-1.497
-1.045
-0.263
0.279
0.354
0.347
0.66
1.227
1.792
2.347
3.003
3.774
4.455
4.752
4.716
4.647
4.763
4.945
5.006
4.999
5.233
5.854
6.659
7.192
7.197
6.939
6.8
6.7
6.455
6.145
5.943
6.04
6.476
6.952
7.159
7.147
7.118
7.113
6.975
6.591
6.063
5.686
5.634
5.732
5.718
5.653
5.764
5.94
5.814
5.156
4.153
3.234
2.735
2.545
2.27
1.78
1.352
1.254
1.372
1.286
0.814
0.218
-0.156
-0.265
-0.299
-0.431
-0.601
-0.603
-0.492
-0.612
-1.05
-1.476
-1.524
-1.256
-1.043
-1.087
-1.238
-1.261
-1.111
-0.998
-0.982
-0.875
-0.585
-0.233
0.111
0.449
0.705
0.844
0.862
0.712
0.367
-0.038
-0.279
-0.195
0.213
0.805
1.372
1.774
2.03
2.152
2.091
1.799
1.322
0.801
0.438
0.297
0.224
0.165
0.268
0.46
0.435
0.013
-0.642
-1.195
-1.642
-2.202
-2.903
-3.432
-3.529
-3.293
-3.191
-3.504
-4.003
-4.432
-4.806
-5.224
-5.702
-6.088
-6.156
-5.902
-5.646
-5.666
-5.902
-6.124
-6.292
-6.487
-6.696
-6.768
-6.639
-6.435
-6.342
-6.412
-6.469
-6.285
-5.911
-5.603
-5.489
-5.548
-5.587
-5.391
-5.054
-4.815
-4.775
-4.782
-4.661
-4.434
-4.194
-3.996
-3.878
-3.792
-3.611
-3.339
-3.06
-2.785
-2.447
-2.028
-1.629
-1.402
-1.409
-1.558
-1.705
-1.785
-1.98
-2.413
-2.808
-2.924
-2.84
-2.799
-2.842
-2.901
-2.846
-2.74
-2.744
-2.889
-3.066
-3.253
-3.497
-3.858
-4.235
-4.4
-4.21
-3.711
-3.114
-2.667
-2.415
-2.282
-2.245
-2.413
-2.749
-3.037
-3.085
-2.903
-2.688
-2.615
-2.567
-2.377
-2.202
-2.332
-2.772
-3.298
-3.783
-4.192
-4.557
-4.863
-5.017
-4.829
-4.341
-3.935
-3.888
-4.013
-4.017
-3.872
-3.767
-3.861
-4.051
-4.108
-4.033
-4.053
-4.276
-4.5
-4.559
-4.514
-4.491
-4.536
-4.593
-4.582
-4.491
-4.459
-4.591
-4.749
-4.754
-4.621
-4.529
-4.629
-4.904
-5.217
-5.48
-5.698
-5.965
-6.34
-6.748
-7.081
-7.254
-7.208
-6.968
-6.653
-6.412
-6.401
-6.635
-6.991
-7.353
-7.642
-7.732
-7.583
-7.301
-6.948
-6.544
-6.156
-5.975
-6.077
-6.26
-6.26
-6.063
-5.779
-5.441
-5.022
-4.496
-3.933
-3.511
-3.268
-3.198
-3.282
-3.518
-3.851
-4.219
-4.518
-4.593
-4.384
-4.022
-3.724
-3.545
-3.407
-3.248
-3.073
-2.894
-2.747
-2.597
-2.375
-2.069
-1.769
-1.579
-1.504
-1.492
-1.517
-1.597
-1.728
-1.767
-1.583
-1.252
-0.971
-0.848
-0.771
-0.617
-0.462
-0.483
-0.73
-1.093
-1.463
-1.801
-2.198
-2.69
-3.194
-3.579
-3.819
-3.906
-3.872
-3.774
-3.681
-3.702
-3.947
-4.43
-4.911
-5.165
-5.156
-4.995
-4.747
-4.425
-4.078
-3.772
-3.622
-3.72
-4.01
-4.366
-4.693
-4.908
-4.988
-4.908
-4.654
-4.257
-3.788
-3.407
-3.241
-3.321
-3.697
-4.335
-5.06
-5.739
-6.299
-6.728
-6.929
-6.823
-6.417
-5.877
-5.389
-5.049
-4.845
-4.7
-4.602
-4.629
-4.786
-4.917
-4.886
-4.706
-4.534
-4.398
-4.196
-3.928
-3.747
-3.783
-3.949
-4.087
-4.105
-4.087
-4.124
-4.146
-4.069
-3.915
-3.765
-3.654
-3.599
-3.57
-3.541
-3.588
-3.717
-3.815
-3.79
-3.62
-3.312
-2.881
-2.345
-1.774
-1.284
-0.943
-0.701
-0.51
-0.34
-0.213
-0.147
-0.115
-0.075
-0.004
0.02
-0.027
-0.197
-0.444
-0.608
-0.605
-0.531
-0.49
-0.492
-0.499
-0.512
-0.555
-0.649
-0.853
-1.168
-1.56
-1.971
-2.307
-2.531
-2.613
-2.538
-2.366
-2.252
-2.257
-2.311
-2.461
-2.815
-3.25
-3.5
-3.452
-3.246
-3.051
-2.872
-2.663
-2.481
-2.513
-2.778
-3.057
-3.203
-3.255
-3.377
-3.67
-3.967
-4.013
-3.928
-4.042
-4.398
-4.725
-4.825
-4.768
-4.82
-5.11
-5.557
-5.875
-5.97
-6.097
-6.458
-6.818
-6.757
-6.219
-5.646
-5.485
-5.67
-5.82
-5.945
-6.399
-7.181
-7.875
-8.141
-8.122
-8.157
-8.32
-8.377
-8.191
-8.018
-8.204
-8.681
-8.969
-8.806
-8.429
-8.129
-7.977
-7.714
-7.106
-6.326
-5.775
-5.485
-5.176
-4.645
-3.972
-3.434
-3.155
-2.935
-2.495
-1.86
-1.3
-0.873
-0.313
0.485
1.227
1.54
1.381
1.073
0.995
1.154
1.254
1.139
0.962
0.966
1.232
1.535
1.674
1.764
2.016
2.295
2.375
2.352
2.447
2.77
3.237
3.615
3.817
4.022
4.257
4.285
3.942
3.357
2.787
2.413
2.325
2.447
2.624
2.835
3.06
3.187
3.071
2.656
2.025
1.454
1.168
1.109
1.15
1.234
1.334
1.404
1.463
1.44
1.218
0.903
0.696
0.551
0.327
0.134
0.19
0.462
0.794
1.059
1.156
1.182
1.34
1.544
1.497
1.111
0.642
0.338
0.304
0.363
0.331
0.268
0.329
0.526
0.762
0.964
1.166
1.397
1.531
1.345
0.832
0.385
0.397
0.825
1.315
1.626
1.807
1.96
2.055
1.905
1.49
1.109
0.95
0.866
0.719
0.644
0.787
1.156
1.538
1.735
1.794
1.916
2.127
2.234
2.08
1.694
1.236
0.912
0.814
0.88
0.925
0.95
1.08
1.334
1.587
1.731
1.737
1.726
1.778
1.837
1.864
1.903
1.968
2.087
2.261
2.438
2.524
2.495
2.382
2.173
1.873
1.622
1.501
1.513
1.597
1.733
1.894
2.014
2.053
2.005
1.942
1.925
1.901
1.776
1.653
1.633
1.715
1.899
2.146
2.413
2.751
3.178
3.588
3.854
3.967
4.078
4.26
4.47
4.684
4.834
4.87
4.756
4.464
4.083
3.792
3.582
3.352
3.101
2.896
2.819
2.813
2.731
2.47
2.066
1.66
1.331
0.986
0.56
0.075
-0.413
-0.819
-1.12
-1.352
-1.64
-2.053
-2.441
-2.685
-2.822
-2.951
-3.114
-3.243
-3.218
-3.121
-3.087
-3.071
-2.951
-2.676
-2.368
-2.166
-2.075
-1.991
-1.819
-1.653
-1.649
-1.807
-1.998
-2.125
-2.143
-2.116
-2.152
-2.18
-2.053
-1.864
-1.876
-2.205
-2.706
-3.112
-3.346
-3.493
-3.556
-3.414
-2.998
-2.429
-1.907
-1.515
-1.139
-0.667
-0.211
0.091
0.256
0.472
0.825
1.2
1.452
1.59
1.733
1.932
2.121
2.134
1.968
1.76
1.617
1.499
1.336
1.107
0.898
0.834
0.893
0.936
0.923
1
1.281
1.672
1.962
2.066
2.084
2.162
2.297
2.402
2.456
2.588
2.892
3.312
3.679
3.865
3.931
4.072
4.307
4.427
4.298
4.026
3.84
3.802
3.76
3.611
3.393
3.164
2.944
2.715
2.456
2.184
1.98
1.801
1.579
1.295
1.009
0.828
0.721
0.569
0.34
0.113
-0.018
-0.016
0.093
0.179
0.143
0.004
-0.202
-0.381
-0.469
-0.444
-0.311
-0.102
0.161
0.496
0.81
0.993
1.032
0.989
0.903
0.716
0.501
0.394
0.354
0.297
0.268
0.374
0.603
0.844
0.984
1.021
1.027
1.097
1.259
1.452
1.622
1.84
2.146
2.511
2.817
2.94
2.874
2.701
2.513
2.32
2.075
1.78
1.567
1.506
1.463
1.291
1.036
0.832
0.739
0.644
0.442
0.12
-0.213
-0.413
-0.517
-0.696
-1.066
-1.529
-1.835
-1.91
-1.899
-1.939
-1.96
-1.882
-1.833
-1.966
-2.302
-2.681
-2.931
-3.073
-3.178
-3.268
-3.296
-3.205
-3.019
-2.896
-2.912
-3.042
-3.264
-3.5
-3.727
-3.901
-3.951
-3.854
-3.649
-3.405
-3.196
-3.112
-3.135
-3.159
-3.162
-3.212
-3.309
-3.291
-3.078
-2.765
-2.479
-2.261
-2.053
-1.778
-1.52
-1.409
-1.449
-1.476
-1.379
-1.191
-0.991
-0.766
-0.403
0.052
0.426
0.624
0.673
0.683
0.753
0.912
1.068
1.172
1.261
1.395
1.572
1.699
1.694
1.644
1.721
1.93
2.039
2.012
2.016
2.15
2.341
2.422
2.336
2.198
2.107
2.06
2.023
1.948
1.796
1.59
1.359
1.075
0.748
0.426
0.145
-0.043
-0.086
-0.091
-0.183
-0.415
-0.664
-0.862
-1.05
-1.356
-1.78
-2.121
-2.277
-2.363
-2.536
-2.731
-2.77
-2.638
-2.515
-2.574
-2.744
-2.862
-2.869
-2.846
-2.846
-2.833
-2.76
-2.615
-2.486
-2.508
-2.654
-2.831
-2.99
-3.103
-3.121
-3.042
-2.803
-2.409
-1.991
-1.74
-1.669
-1.717
-1.79
-1.828
-1.892
-1.975
-2.021
-1.968
-1.912
-1.994
-2.182
-2.339
-2.411
-2.452
-2.506
-2.606
-2.742
-2.919
-3.166
-3.52
-3.899
-4.221
-4.375
-4.373
-4.357
-4.439
-4.52
-4.486
-4.38
-4.355
-4.43
-4.516
-4.557
-4.638
-4.799
-4.992
-5.108
-5.056
-4.856
-4.641
-4.512
-4.509
-4.641
-4.868
-5.072
-5.224
-5.317
-5.292
-5.11
-4.861
-4.625
-4.421
-4.257
-4.139
-4.053
-3.942
-3.693
-3.273
-2.744
-2.236
-1.823
-1.485
-1.195
-0.878
-0.49
-0.013
0.505
0.971
1.327
1.531
1.535
1.359
1.139
1.048
1.111
1.215
1.32
1.499
1.785
2.046
2.168
2.175
2.209
2.377
2.606
2.767
2.794
2.751
2.731
2.776
2.846
3.003
3.341
3.865
4.421
4.797
4.924
4.888
4.865
4.933
5.083
5.296
5.532
5.811
6.086
6.238
6.247
6.186
6.12
6.086
6.051
5.931
5.761
5.611
5.457
5.242
5.078
5.108
5.38
5.718
5.868
5.809
5.716
5.689
5.67
5.573
5.53
5.655
5.888
6.072
6.088
5.861
5.476
5.153
5.063
5.097
5.088
5.015
4.933
4.802
4.48
3.958
3.391
2.831
2.216
1.508
0.78
0.115
-0.469
-1.039
-1.565
-1.982
-2.248
-2.422
-2.506
-2.395
-1.968
-1.256
-0.462
0.138
0.385
0.485
0.73
0.88
0.635
0.247
0.165
0.469
0.789
0.751
0.403
0.107
-0.041
-0.399
-1.248
-2.218
-2.806
-3.078
-3.461
-4.03
-4.557
-4.863
-5.051
-5.575
-6.639
-7.807
-8.574
-8.826
-8.662
-8.179
-7.56
-6.893
-6.349
-6.272
-6.82
-7.685
-8.283
-8.318
-8.009
-7.633
-7.118
-6.363
-5.637
-5.423
-5.816
-6.417
-6.796
-6.816
-6.567
-6.115
-5.492
-4.727
-3.933
-3.309
-3.048
-3.098
-3.241
-3.329
-3.414
-3.495
-3.445
-3.207
-2.826
-2.447
-2.107
-1.681
-1.125
-0.449
0.304
1.075
1.821
2.506
3.076
3.414
3.523
3.473
3.273
3.069
2.937
2.815
2.765
2.953
3.373
3.729
3.826
3.72
3.509
3.171
2.626
1.93
1.386
1.32
1.749
2.382
2.885
3.005
2.701
2.177
1.631
1.023
0.403
0.113
0.474
1.415
2.461
3.105
3.241
3.146
3.051
2.813
2.245
1.565
1.193
1.209
1.279
1.075
0.583
0.086
-0.17
-0.29
-0.505
-0.78
-0.848
-0.564
-0.095
0.202
0.193
0.068
0.063
0.15
0.12
-0.086
-0.27
-0.338
-0.438
-0.719
-1.159
-1.529
-1.658
-1.629
-1.631
-1.744
-1.964
-2.27
-2.683
-3.316
-4.099
-4.777
-5.353
-5.99
-6.725
-7.395
-7.83
-7.996
-8.17
-8.64
-9.275
-9.71
-9.824
-9.817
-9.89
-10.014
-10.026
-9.79
-9.407
-9.2
-9.35
-9.565
-9.585
-9.556
-9.729
-10.012
-10.134
-9.942
-9.554
-9.214
-9.046
-8.848
-8.349
-7.71
-7.356
-7.419
-7.61
-7.504
-7.02
-6.496
-6.138
-5.786
-5.251
-4.568
-3.985
-3.672
-3.384
-2.772
-1.86
-0.957
-0.215
0.505
1.436
2.517
3.452
4.085
4.55
4.981
5.437
5.814
5.949
5.888
5.827
5.866
5.984
6.067
6.183
6.517
7.057
7.483
7.623
7.556
7.438
7.308
7.025
6.433
5.72
5.171
4.861
4.629
4.373
4.144
4.056
4.101
4.162
4.176
4.171
4.25
4.344
4.3
4.019
3.586
3.184
2.842
2.359
1.597
0.683
-0.17
-0.95
-1.774
-2.647
-3.438
-4.015
-4.421
-4.806
-5.196
-5.519
-5.707
-5.82
-5.916
-6.056
-6.215
-6.365
-6.524
-6.689
-6.85
-6.995
-7.061
-7.057
-7.061
-7.143
-7.245
-7.256
-7.147
-6.927
-6.682
-6.498
-6.358
-6.206
-6.133
-6.299
-6.725
-7.349
-7.952
-8.286
-8.224
-7.778
-7.027
-6.163
-5.324
-4.586
-4.049
-3.72
-3.572
-3.516
-3.393
-3.078
-2.508
-1.701
-0.762
0.156
0.975
1.678
2.207
2.488
2.629
2.815
3.101
3.468
3.933
4.5
5.147
5.859
6.567
7.079
7.329
7.351
7.186
6.929
6.687
6.544
6.467
6.36
6.283
6.365
6.598
6.905
7.22
7.471
7.56
7.488
7.288
6.993
6.614
6.186
5.791
5.584
5.578
5.682
5.863
6.133
6.433
6.635
6.596
6.247
5.562
4.702
3.917
3.321
2.801
2.304
1.948
1.84
1.871
1.799
1.495
1.08
0.689
0.415
0.265
0.179
0.188
0.39
0.753
1.073
1.218
1.256
1.336
1.49
1.629
1.629
1.563
1.549
1.581
1.565
1.549
1.653
1.914
2.264
2.59
2.794
2.955
3.214
3.577
3.897
4.046
4.058
4.105
4.351
4.695
4.884
4.772
4.543
4.432
4.414
4.319
4.069
3.84
3.76
3.629
3.109
2.205
1.243
0.413
-0.449
-1.413
-2.384
-3.205
-3.822
-4.335
-4.913
-5.528
-6.013
-6.308
-6.567
-6.964
-7.485
-7.941
-8.247
-8.504
-8.787
-9.014
-9.003
-8.769
-8.556
-8.558
-8.769
-8.982
-9.028
-8.93
-8.778
-8.569
-8.222
-7.705
-7.054
-6.374
-5.684
-4.963
-4.226
-3.661
-3.432
-3.48
-3.577
-3.559
-3.434
-3.275
-3.001
-2.474
-1.699
-0.921
-0.288
0.358
1.222
2.252
3.241
4.019
4.568
4.949
5.233
5.417
5.433
5.262
5.142
5.303
5.72
6.176
6.53
6.814
7.081
7.292
7.315
7.084
6.675
6.235
5.836
5.603
5.637
5.854
6.072
6.154
6.065
5.782
5.351
4.793
4.223
3.776
3.529
3.477
3.588
3.783
3.935
3.901
3.634
3.303
3.076
3.021
3.239
3.704
4.235
4.609
4.87
5.101
5.339
5.466
5.337
4.988
4.697
4.732
5.133
5.729
6.219
6.38
6.09
5.403
4.586
3.849
3.282
3.035
3.262
3.942
4.854
5.709
6.304
6.541
6.437
6.149
5.82
5.578
5.6
6.038
6.796
7.633
8.295
8.624
8.531
8.025
7.265
6.539
6.136
6.129
6.417
6.818
7.183
7.476
7.583
7.369
6.857
6.226
5.727
5.544
5.609
5.779
6.006
6.321
6.591
6.655
6.428
5.895
5.135
4.339
3.636
3.144
2.964
3.2
3.727
4.219
4.423
4.307
3.933
3.432
2.994
2.74
2.658
2.722
2.878
3.048
3.08
2.849
2.452
2.143
2.03
2.091
2.295
2.645
3.096
3.513
3.781
3.908
3.987
4.006
3.947
3.851
3.838
4.039
4.455
4.965
5.489
5.857
5.979
5.87
5.568
5.222
5.015
5.047
5.305
5.661
5.913
5.972
6.006
6.042
5.961
5.723
5.423
5.192
5.045
4.89
4.732
4.57
4.38
4.155
3.894
3.638
3.518
3.47
3.303
3.055
2.933
3.014
3.221
3.438
3.579
3.613
3.488
3.214
2.91
2.654
2.356
1.946
1.483
1.116
0.891
0.753
0.735
0.889
1.152
1.411
1.533
1.461
1.241
1.014
0.862
0.78
0.796
1.023
1.551
2.268
2.944
3.441
3.738
3.872
3.854
3.661
3.312
3.012
2.967
3.155
3.509
3.983
4.443
4.747
4.806
4.641
4.323
4.006
3.819
3.781
3.876
4.124
4.446
4.659
4.743
4.768
4.693
4.437
4.198
4.162
4.233
4.289
4.412
4.763
5.239
5.598
5.727
5.829
5.94
5.743
5.008
4.074
3.629
3.781
3.931
3.731
3.325
2.94
2.661
2.4
2.062
1.794
1.751
1.688
1.204
0.322
-0.542
-1.12
-1.461
-1.767
-2.195
-2.67
-2.792
-2.313
-1.511
-0.919
-0.782
-1
-1.286
-1.404
-1.383
-1.379
-1.422
-1.515
-1.669
-1.676
-1.309
-0.633
0.013
0.317
0.22
-0.077
-0.358
-0.515
-0.492
-0.252
0.156
0.64
1.093
1.635
2.341
2.958
3.223
3.166
3.06
3.096
3.264
3.5
3.811
4.117
4.305
4.441
4.675
5.042
5.419
5.646
5.723
5.816
5.986
6.086
6.061
5.886
5.591
5.235
4.831
4.389
3.911
3.486
3.282
3.341
3.432
3.341
3.026
2.583
2.175
1.894
1.637
1.261
0.782
0.36
0.068
-0.233
-0.68
-1.213
-1.644
-1.889
-2.039
-2.157
-2.211
-2.234
-2.359
-2.642
-3.073
-3.441
-3.511
-3.277
-3.064
-3.114
-3.375
-3.566
-3.541
-3.391
-3.307
-3.398
-3.652
-3.947
-4.139
-4.126
-3.885
-3.584
-3.379
-3.205
-2.81
-2.195
-1.59
-1.204
-1.139
-1.286
-1.499
-1.721
-1.946
-2.091
-2.046
-1.787
-1.47
-1.213
-1.014
-0.81
-0.608
-0.429
-0.299
-0.311
-0.444
-0.676
-1.061
-1.583
-2.119
-2.538
-2.738
-2.638
-2.32
-2.064
-2.003
-2.098
-2.234
-2.397
-2.656
-3.023
-3.436
-3.795
-3.96
-3.944
-3.867
-3.854
-3.881
-3.806
-3.674
-3.702
-3.994
-4.468
-4.908
-5.147
-5.049
-4.675
-4.167
-3.717
-3.432
-3.25
-3.06
-2.915
-2.878
-2.917
-2.951
-2.905
-2.837
-2.829
-2.799
-2.629
-2.261
-1.86
-1.583
-1.422
-1.241
-0.912
-0.528
-0.277
-0.17
-0.004
0.388
0.907
1.331
1.644
2.023
2.622
3.284
3.736
3.897
3.897
3.869
3.74
3.477
3.255
3.266
3.464
3.658
3.656
3.382
3.001
2.708
2.515
2.313
2.091
1.987
2.023
2.021
1.866
1.681
1.66
1.799
1.914
1.828
1.563
1.229
0.916
0.646
0.453
0.381
0.401
0.36
0.129
-0.383
-1.104
-1.855
-2.402
-2.695
-2.803
-2.774
-2.678
-2.661
-2.801
-3.148
-3.649
-4.112
-4.45
-4.756
-5.083
-5.269
-5.131
-4.793
-4.534
-4.4
-4.217
-3.858
-3.425
-3.128
-3.089
-3.178
-3.194
-3.107
-2.996
-2.912
-2.783
-2.536
-2.164
-1.694
-1.225
-0.857
-0.608
-0.44
-0.39
-0.46
-0.628
-0.817
-0.871
-0.673
-0.285
0.168
0.637
1.075
1.411
1.644
1.753
1.644
1.322
1.014
0.959
1.193
1.558
2.014
2.64
3.427
4.135
4.564
4.675
4.486
4.022
3.409
2.787
2.311
2.001
1.84
1.735
1.646
1.592
1.526
1.406
1.189
0.923
0.68
0.499
0.342
0.195
0.059
-0.004
0.045
0.156
0.279
0.474
0.735
1.039
1.393
1.74
1.907
1.821
1.554
1.236
0.948
0.68
0.426
0.265
0.226
0.236
0.193
0.061
-0.113
-0.277
-0.456
-0.714
-1.041
-1.309
-1.363
-1.168
-0.753
-0.154
0.574
1.331
1.98
2.352
2.438
2.461
2.586
2.837
3.144
3.495
3.899
4.305
4.602
4.702
4.602
4.448
4.412
4.55
4.804
5.092
5.328
5.455
5.478
5.396
5.23
5.006
4.745
4.502
4.305
4.162
4.112
4.192
4.373
4.514
4.507
4.403
4.298
4.198
4.044
3.822
3.613
3.491
3.418
3.268
2.967
2.597
2.32
2.132
1.901
1.57
1.241
0.995
0.83
0.669
0.49
0.356
0.327
0.313
0.279
0.229
0.161
0.043
-0.14
-0.376
-0.612
-0.889
-1.177
-1.456
-1.69
-1.84
-1.878
-1.814
-1.672
-1.54
-1.479
-1.547
-1.762
-2.014
-2.175
-2.252
-2.218
-1.994
-1.672
-1.386
-1.143
-0.903
-0.676
-0.41
-0.079
0.249
0.488
0.721
1.107
1.619
2.1
2.443
2.672
2.851
3.057
3.305
3.62
4.085
4.609
5.038
5.389
5.736
6.101
6.437
6.784
7.202
7.615
7.893
8.075
8.272
8.488
8.649
8.692
8.687
8.665
8.567
8.354
8.113
7.905
7.712
7.449
7.122
6.787
6.471
6.136
5.755
5.253
4.588
3.911
3.416
3.107
2.822
2.463
2.148
1.987
1.923
1.79
1.508
1.104
0.694
0.354
0.081
-0.093
-0.161
-0.168
-0.202
-0.324
-0.553
-0.825
-0.995
-0.971
-0.789
-0.558
-0.401
-0.322
-0.283
-0.297
-0.297
-0.226
-0.138
-0.095
-0.095
-0.018
0.19
0.351
0.327
0.245
0.272
0.397
0.446
0.424
0.472
0.605
0.669
0.594
0.494
0.496
0.549
0.551
0.499
0.505
0.621
0.73
0.807
0.919
0.986
1.005
1.073
1.161
1.141
1.011
0.962
1.129
1.418
1.683
1.876
2.1
2.339
2.425
2.311
2.157
2.069
1.968
1.849
1.846
2.069
2.458
2.944
3.509
4.058
4.384
4.459
4.416
4.366
4.226
3.885
3.486
3.216
3.087
3.01
2.951
2.964
3.039
3.08
3.103
3.171
3.23
3.212
3.123
3.035
3.005
3.007
3.048
3.253
3.575
3.752
3.627
3.341
3.107
2.948
2.822
2.706
2.554
2.273
1.896
1.672
1.76
2.032
2.27
2.375
2.391
2.313
2.148
1.96
1.828
1.688
1.424
1.161
1.102
1.3
1.613
1.946
2.252
2.486
2.595
2.538
2.415
2.311
2.293
2.393
2.527
2.561
2.511
2.511
2.658
2.837
2.869
2.808
2.806
2.921
3.039
3.044
2.896
2.715
2.663
2.74
2.84
2.926
3.019
3.132
3.212
3.207
3.107
2.946
2.792
2.695
2.574
2.286
1.826
1.372
1.1
1.043
1.172
1.399
1.622
1.606
1.206
0.574
-0.061
-0.576
-0.955
-1.268
-1.583
-2.003
-2.524
-2.846
-2.803
-2.77
-3.042
-3.327
-3.096
-2.302
-1.447
-0.98
-0.587
0.365
1.603
2.186
2.044
2.112
2.846
3.579
3.554
2.872
2.2
2.003
1.996
1.454
0.27
-0.866
-1.501
-1.903
-2.642
-3.772
-4.775
-5.169
-5.167
-5.523
-6.485
-7.406
-7.723
-7.673
-7.778
-8.132
-8.404
-8.281
-7.839
-7.372
-6.97
-6.406
-5.711
-5.267
-5.294
-5.605
-5.814
-5.732
-5.564
-5.768
-6.444
-7.122
-7.381
-7.381
-7.628
-8.213
-8.594
-8.388
-7.85
-7.433
-7.277
-7.208
-7.034
-6.771
-6.653
-6.714
-6.696
-6.455
-6.14
-5.902
-5.668
-5.265
-4.627
-3.815
-2.99
-2.4
-2.089
-1.849
-1.705
-1.658
-1.492
-1.125
-0.614
-0.007
0.499
0.685
0.592
0.195
-0.476
-1.186
-1.653
-1.864
-2.098
-2.438
-2.599
-2.468
-2.191
-2.06
-2.245
-2.64
-2.937
-3.017
-2.94
-2.756
-2.479
-2.148
-1.787
-1.472
-1.331
-1.488
-1.978
-2.697
-3.307
-3.461
-3.139
-2.715
-2.513
-2.642
-2.928
-3.221
-3.527
-4.008
-4.643
-5.233
-5.627
-5.963
-6.406
-6.85
-7.159
-7.281
-7.258
-7.242
-7.297
-7.356
-7.256
-6.913
-6.449
-6.058
-5.682
-5.249
-4.881
-4.793
-5.006
-5.28
-5.38
-5.337
-5.192
-4.911
-4.593
-4.335
-4.237
-4.344
-4.555
-4.727
-4.956
-5.21
-5.303
-5.212
-5.042
-4.929
-4.988
-5.176
-5.339
-5.462
-5.686
-6.129
-6.65
-6.941
-6.866
-6.555
-6.24
-6.006
-5.741
-5.353
-5.031
-4.936
-4.884
-4.645
-4.337
-4.18
-4.285
-4.364
-4.131
-3.731
-3.575
-3.717
-3.804
-3.597
-3.341
-3.391
-3.758
-4.105
-4.246
-4.398
-4.854
-5.582
-6.231
-6.532
-6.519
-6.406
-6.396
-6.451
-6.428
-6.419
-6.587
-6.936
-7.19
-7.075
-6.626
-6.14
-5.693
-5.124
-4.366
-3.658
-3.388
-3.597
-3.835
-3.738
-3.423
-3.194
-3.141
-3.092
-2.813
-2.37
-2.105
-2.216
-2.504
-2.758
-2.996
-3.432
-4.076
-4.57
-4.645
-4.498
-4.412
-4.414
-4.316
-4.022
-3.649
-3.416
-3.266
-2.974
-2.477
-1.91
-1.479
-1.248
-1.043
-0.742
-0.431
-0.304
-0.422
-0.531
-0.322
0.048
0.218
0.038
-0.34
-0.737
-1.073
-1.415
-1.783
-2.032
-1.989
-1.807
-1.76
-1.951
-2.275
-2.606
-2.903
-3.239
-3.695
-4.058
-3.949
-3.384
-2.794
-2.506
-2.533
-2.711
-2.958
-3.282
-3.677
-3.992
-4.01
-3.749
-3.47
-3.384
-3.504
-3.7
-3.922
-4.253
-4.697
-5.14
-5.448
-5.591
-5.709
-5.925
-6.14
-6.176
-6.018
-5.886
-6.029
-6.333
-6.487
-6.399
-6.281
-6.256
-6.217
-5.959
-5.53
-5.23
-5.199
-5.301
-5.253
-4.947
-4.52
-4.117
-3.752
-3.414
-3.166
-3.119
-3.291
-3.559
-3.713
-3.688
-3.57
-3.411
-3.203
-2.901
-2.579
-2.391
-2.377
-2.415
-2.441
-2.372
-2.177
-1.919
-1.653
-1.352
-0.998
-0.642
-0.429
-0.419
-0.431
-0.358
-0.229
-0.079
0.057
0.134
0.136
0.007
-0.351
-0.889
-1.44
-1.914
-2.327
-2.699
-2.974
-3.085
-3.071
-3.035
-3.048
-3.141
-3.309
-3.586
-3.937
-4.285
-4.548
-4.666
-4.568
-4.314
-4.105
-4.035
-4.094
-4.307
-4.636
-4.954
-5.16
-5.298
-5.555
-5.992
-6.419
-6.689
-6.8
-6.771
-6.63
-6.415
-6.127
-5.834
-5.573
-5.339
-5.153
-5.063
-5.072
-5.16
-5.237
-5.305
-5.441
-5.575
-5.648
-5.63
-5.559
-5.403
-5.126
-4.861
-4.834
-4.999
-5.049
-4.87
-4.598
-4.346
-4.042
-3.497
-2.776
-2.15
-1.767
-1.499
-1.2
-0.862
-0.59
-0.472
-0.499
-0.508
-0.304
0.059
0.313
0.426
0.576
0.821
1.011
0.948
0.712
0.594
0.644
0.624
0.34
0.025
0.063
0.479
0.962
1.238
1.334
1.461
1.696
1.857
1.796
1.619
1.495
1.461
1.39
1.209
1.07
1.202
1.608
2.028
2.261
2.375
2.64
3.055
3.336
3.348
3.255
3.289
3.468
3.559
3.384
3.042
2.774
2.731
2.803
2.797
2.754
2.829
3.01
3.062
2.792
2.289
1.914
1.903
2.143
2.427
2.724
3.096
3.525
3.817
3.851
3.724
3.668
3.711
3.745
3.636
3.382
3.114
2.919
2.701
2.461
2.214
1.953
1.619
1.177
0.689
0.268
-0.027
-0.218
-0.351
-0.49
-0.68
-0.898
-1.118
-1.306
-1.411
-1.331
-1
-0.426
0.233
0.823
1.295
1.622
1.823
1.989
2.123
2.084
1.921
1.817
1.896
2.055
2.218
2.379
2.5
2.513
2.438
2.3
2.164
2.105
2.123
2.132
2.125
2.093
2.089
2.202
2.37
2.409
2.284
2.116
2.014
1.916
1.76
1.606
1.501
1.468
1.513
1.613
1.749
1.903
2.05
2.139
2.146
2.089
2.044
2.003
1.849
1.513
1.075
0.696
0.499
0.451
0.435
0.344
0.24
0.249
0.431
0.737
1.03
1.2
1.313
1.442
1.579
1.672
1.699
1.688
1.74
1.942
2.297
2.676
2.912
2.881
2.64
2.316
1.978
1.617
1.193
0.721
0.288
-0.048
-0.327
-0.608
-0.878
-1.12
-1.381
-1.721
-2.123
-2.411
-2.472
-2.406
-2.347
-2.277
-2.105
-1.835
-1.542
-1.279
-1.136
-1.087
-1.032
-0.896
-0.703
-0.479
-0.245
0
0.179
0.154
-0.095
-0.399
-0.562
-0.564
-0.526
-0.533
-0.549
-0.476
-0.308
-0.17
-0.183
-0.283
-0.272
-0.124
-0.068
-0.143
-0.172
-0.036
0.245
0.499
0.569
0.433
0.256
0.206
0.204
0.118
-0.009
-0.034
0.057
0.152
0.159
0.145
0.211
0.301
0.315
0.22
0.181
0.376
0.807
1.238
1.479
1.517
1.524
1.619
1.705
1.66
1.558
1.626
1.814
1.942
1.939
1.86
1.807
1.83
1.903
1.93
1.846
1.751
1.774
1.916
2.112
2.277
2.366
2.336
2.232
2.146
2.15
2.105
1.817
1.363
0.993
0.728
0.451
0.204
0.195
0.542
1.1
1.54
1.803
2.091
2.452
2.731
2.826
2.699
2.458
2.436
2.735
2.98
2.84
2.529
2.511
2.778
2.924
2.751
2.538
2.647
2.978
3.021
2.595
2.105
1.935
1.973
1.98
1.944
2.003
2.25
2.629
3.076
3.468
3.736
3.858
3.876
3.813
3.67
3.445
3.298
3.438
3.767
3.926
3.808
3.634
3.432
2.94
2.148
1.352
0.746
0.229
-0.283
-0.678
-0.9
-1.073
-1.297
-1.66
-2.184
-2.849
-3.55
-4.085
-4.398
-4.7
-5.042
-5.219
-5.067
-4.695
-4.462
-4.584
-4.863
-5.008
-4.97
-4.865
-4.772
-4.661
-4.412
-4.065
-3.854
-3.849
-3.947
-4.01
-3.911
-3.69
-3.622
-3.811
-3.976
-3.833
-3.482
-3.266
-3.375
-3.57
-3.477
-3.066
-2.645
-2.447
-2.35
-2.132
-1.805
-1.554
-1.576
-1.812
-1.946
-1.762
-1.415
-1.275
-1.426
-1.445
-1.043
-0.538
-0.37
-0.474
-0.426
-0.045
0.351
0.399
0.279
0.446
0.891
1.198
1.139
0.896
0.708
0.594
0.399
0.14
0.027
0.202
0.54
0.817
0.966
1.132
1.34
1.445
1.422
1.365
1.424
1.71
2.18
2.574
2.722
2.695
2.751
3.048
3.388
3.566
3.638
3.729
3.804
3.713
3.405
3.037
2.799
2.642
2.356
1.901
1.406
0.968
0.587
0.195
-0.301
-0.923
-1.513
-1.914
-2.171
-2.434
-2.792
-3.146
-3.286
-3.23
-3.25
-3.493
-3.797
-3.974
-4.078
-4.323
-4.65
-4.831
-4.793
-4.625
-4.47
-4.423
-4.498
-4.631
-4.675
-4.593
-4.482
-4.502
-4.636
-4.704
-4.591
-4.457
-4.425
-4.457
-4.398
-4.203
-4.024
-3.974
-4.001
-3.911
-3.629
-3.298
-3.078
-2.921
-2.559
-1.871
-1.191
-0.841
-0.726
-0.488
-0.029
0.458
0.76
0.864
0.928
1.132
1.347
1.377
1.281
1.338
1.61
1.823
1.753
1.438
1.048
0.676
0.245
-0.299
-0.86
-1.254
-1.383
-1.34
-1.313
-1.485
-1.835
-2.18
-2.447
-2.749
-3.157
-3.502
-3.645
-3.693
-3.786
-3.913
-3.958
-3.829
-3.529
-3.162
-2.84
-2.629
-2.583
-2.685
-2.86
-3.033
-3.096
-3.03
-2.849
-2.711
-2.711
-2.878
-3.153
-3.441
-3.697
-3.99
-4.33
-4.659
-4.904
-5.101
-5.324
-5.502
-5.53
-5.364
-4.972
-4.418
-3.822
-3.205
-2.572
-2.037
-1.608
-1.154
-0.61
-0.063
0.401
0.719
0.943
1.198
1.515
1.81
2.082
2.345
2.547
2.633
2.576
2.284
1.796
1.302
0.973
0.812
0.875
1.189
1.669
2.195
2.733
3.21
3.538
3.724
3.951
4.357
4.908
5.473
5.906
6.172
6.245
6.034
5.544
5.049
4.766
4.641
4.575
4.545
4.48
4.323
4.076
3.781
3.414
2.985
2.635
2.531
2.695
2.94
3.012
2.924
2.867
2.935
2.969
2.856
2.717
2.735
2.831
2.81
2.708
2.849
3.388
4.101
4.659
5.006
5.228
5.274
5.008
4.509
3.976
3.575
3.336
3.25
3.221
3.116
2.869
2.506
2.112
1.742
1.476
1.424
1.603
1.803
1.81
1.592
1.304
1.061
0.832
0.59
0.376
0.274
0.301
0.442
0.635
0.746
0.673
0.419
0.1
-0.193
-0.483
-0.775
-1.018
-1.139
-1.127
-1.066
-1.054
-1.189
-1.452
-1.78
-2.171
-2.658
-3.205
-3.706
-4.042
-4.137
-4.053
-3.878
-3.629
-3.371
-3.164
-3.005
-2.867
-2.776
-2.778
-2.901
-3.105
-3.329
-3.538
-3.697
-3.813
-3.965
-4.18
-4.439
-4.675
-4.901
-5.137
-5.362
-5.505
-5.587
-5.718
-5.904
-6.038
-6.008
-5.745
-5.339
-4.913
-4.561
-4.303
-4.146
-4.074
-4.053
-4.06
-3.928
-3.484
-2.706
-1.801
-1.039
-0.435
0.095
0.533
0.744
0.678
0.505
0.417
0.385
0.306
0.245
0.322
0.469
0.549
0.547
0.522
0.442
0.254
-0.045
-0.347
-0.476
-0.372
-0.145
0.07
0.204
0.224
0.163
0.104
0.036
-0.195
-0.585
-0.916
-1.05
-1.095
-1.168
-1.236
-1.229
-1.111
-0.959
-0.878
-0.896
-0.916
-0.855
-0.755
-0.76
-0.946
-1.211
-1.39
-1.447
-1.363
-1.139
-0.9
-0.735
-0.594
-0.496
-0.558
-0.778
-0.973
-0.966
-0.748
-0.415
-0.032
0.36
0.708
0.948
0.948
0.703
0.413
0.304
0.388
0.51
0.585
0.705
0.964
1.259
1.402
1.302
1.132
1.052
0.971
0.678
0.202
-0.222
-0.465
-0.687
-1.066
-1.629
-2.254
-2.801
-3.273
-3.799
-4.446
-5.058
-5.441
-5.616
-5.709
-5.823
-5.943
-6.034
-6.129
-6.304
-6.555
-6.798
-6.972
-7.143
-7.401
-7.726
-7.991
-8.111
-8.054
-7.898
-7.719
-7.501
-7.22
-6.988
-6.898
-6.925
-6.945
-6.966
-7.057
-7.213
-7.349
-7.283
-6.891
-6.247
-5.548
-4.986
-4.552
-4.167
-3.774
-3.35
-2.905
-2.434
-1.885
-1.218
-0.533
0.088
0.662
1.148
1.488
1.678
1.833
2.119
2.57
3.055
3.432
3.717
3.935
4.11
4.205
4.242
4.282
4.378
4.457
4.441
4.398
4.52
4.799
5.054
5.121
5.054
4.958
4.831
4.629
4.414
4.289
4.296
4.321
4.253
4.087
3.901
3.688
3.377
2.951
2.443
1.916
1.393
0.837
0.206
-0.413
-0.939
-1.431
-1.978
-2.609
-3.205
-3.627
-3.858
-4.051
-4.323
-4.657
-4.958
-5.178
-5.357
-5.537
-5.677
-5.729
-5.718
-5.729
-5.761
-5.727
-5.596
-5.457
-5.398
-5.419
-5.426
-5.31
-5.097
-4.881
-4.734
-4.631
-4.518
-4.38
-4.278
-4.212
-4.169
-4.126
-4.115
-4.151
-4.148
-4.049
-3.947
-3.888
-3.851
-3.797
-3.727
-3.656
-3.561
-3.366
-3.094
-2.803
-2.611
-2.511
-2.477
-2.486
-2.506
-2.461
-2.28
-1.932
-1.567
-1.204
-0.562
0.388
1.132
1.413
1.803
2.711
3.566
3.901
4.144
4.938
6.188
7.147
7.456
7.544
8.048
8.928
9.545
9.583
9.393
9.313
9.161
8.669
7.916
7.095
6.421
6.056
5.886
5.537
4.927
4.273
3.79
3.303
2.583
1.796
1.442
1.774
2.406
2.971
3.629
4.477
5.147
5.362
5.265
5.045
4.727
4.409
4.23
4.207
4.282
4.362
4.341
4.094
3.602
3.137
2.98
3.087
3.125
2.869
2.427
2.066
1.792
1.397
0.932
0.71
0.98
1.653
2.418
2.892
3.039
3.182
3.488
3.749
3.856
3.949
4.296
4.958
5.748
6.408
6.823
6.97
6.837
6.363
5.544
4.525
3.561
2.862
2.402
2.041
1.694
1.304
0.766
0.036
-0.789
-1.603
-2.354
-2.994
-3.495
-3.829
-3.974
-4.013
-4.124
-4.33
-4.673
-5.16
-5.673
-6.081
-6.406
-6.639
-6.653
-6.415
-6.131
-6.045
-6.088
-6.201
-6.616
-7.383
-8.116
-8.47
-8.449
-8.243
-7.921
-7.469
-7.027
-6.787
-6.635
-6.301
-5.705
-4.999
-4.355
-3.774
-3.114
-2.291
-1.409
-0.581
0.143
0.755
1.359
2.05
2.733
3.225
3.656
4.289
5.104
5.729
5.968
6.036
6.21
6.485
6.748
7.043
7.528
8.095
8.431
8.354
7.889
7.09
6.077
5.088
4.332
3.84
3.627
3.595
3.545
3.386
3.194
3.017
2.813
2.604
2.586
2.754
2.86
2.787
2.717
2.835
3.23
3.722
4.094
4.341
4.609
4.929
5.163
5.203
5.219
5.396
5.748
5.979
5.85
5.455
5.124
4.963
4.716
4.21
3.706
3.448
3.332
3.132
2.865
2.826
3.241
4.003
4.813
5.45
5.938
6.385
6.761
6.952
6.97
6.982
7.195
7.63
8.041
8.234
8.377
8.64
8.901
8.923
8.714
8.494
8.383
8.179
7.714
7.084
6.598
6.489
6.687
6.843
6.716
6.358
5.929
5.459
4.843
4.072
3.402
3.06
2.849
2.45
1.894
1.558
1.617
1.76
1.619
1.291
1.166
1.324
1.456
1.311
1.032
0.866
0.844
0.814
0.696
0.571
0.553
0.748
1.104
1.424
1.549
1.501
1.442
1.436
1.397
1.293
1.293
1.576
2.062
2.481
2.815
3.246
3.919
4.743
5.496
6.051
6.378
6.524
6.616
6.791
7.102
7.497
7.875
8.236
8.644
9.048
9.318
9.456
9.574
9.663
9.538
9.161
8.746
8.424
8.054
7.504
6.913
6.537
6.401
6.328
6.245
6.19
6.19
6.231
6.254
6.272
6.238
6.081
5.788
5.362
4.822
4.339
4.126
4.115
4.078
3.888
3.661
3.466
3.225
2.813
2.238
1.676
1.252
0.948
0.612
0.17
-0.274
-0.612
-0.83
-1.009
-1.195
-1.331
-1.365
-1.338
-1.265
-1.113
-0.866
-0.59
-0.388
-0.247
-0.068
0.247
0.637
1.066
1.581
2.236
3.023
3.802
4.403
4.782
4.986
5.019
4.881
4.695
4.634
4.768
5.01
5.239
5.492
5.847
6.297
6.814
7.256
7.483
7.501
7.471
7.488
7.431
7.188
6.818
6.471
6.208
6.049
6.036
6.12
6.154
6.095
6.09
6.167
6.16
5.89
5.419
4.97
4.706
4.552
4.351
4.078
3.849
3.636
3.257
2.656
1.942
1.295
0.832
0.585
0.508
0.522
0.608
0.801
1.05
1.215
1.243
1.261
1.44
1.731
1.882
1.821
1.71
1.662
1.597
1.404
1.127
0.896
0.803
0.844
0.916
0.98
1.014
1.045
1.007
0.794
0.435
0.113
-0.084
-0.283
-0.553
-0.755
-0.723
-0.512
-0.347
-0.385
-0.574
-0.721
-0.63
-0.327
-0.043
0.091
0.254
0.553
0.76
0.662
0.349
0.088
0.045
0.113
0.088
0.036
0.233
0.649
0.952
0.914
0.642
0.469
0.535
0.608
0.435
0.161
0.077
0.249
0.442
0.44
0.317
0.279
0.335
0.349
0.274
0.209
0.283
0.496
0.699
0.794
0.801
0.807
0.841
0.81
0.599
0.283
0.102
0.113
0.127
-0.004
-0.231
-0.354
-0.329
-0.367
-0.626
-0.903
-1
-1.032
-1.182
-1.492
-1.817
-1.914
-1.749
-1.563
-1.492
-1.436
-1.32
-1.148
-0.993
-1.057
-1.327
-1.622
-1.835
-2.048
-2.368
-2.706
-2.851
-2.824
-2.844
-2.967
-3.066
-3.044
-2.955
-2.937
-2.992
-3.03
-2.994
-2.872
-2.649
-2.327
-2.007
-1.828
-1.735
-1.626
-1.501
-1.418
-1.39
-1.42
-1.458
-1.517
-1.615
-1.719
-1.787
-1.853
-1.939
-1.998
-1.953
-1.869
-1.871
-1.978
-2.125
-2.286
-2.429
-2.495
-2.45
-2.361
-2.361
-2.472
-2.67
-2.905
-3.087
-3.162
-3.121
-2.962
-2.747
-2.613
-2.665
-2.86
-3.096
-3.305
-3.432
-3.486
-3.527
-3.541
-3.502
-3.484
-3.484
-3.305
-2.867
-2.347
-1.946
-1.688
-1.511
-1.426
-1.572
-1.907
-2.205
-2.227
-1.994
-1.715
-1.542
-1.456
-1.35
-1.123
-0.814
-0.503
-0.258
-0.063
0.091
0.152
0.022
-0.277
-0.542
-0.571
-0.397
-0.229
-0.177
-0.168
-0.077
0.025
0.054
0.032
0.05
0.111
0.19
0.263
0.311
0.249
0.115
0.077
0.224
0.469
0.694
0.862
1
1.102
1.186
1.238
1.2
0.98
0.642
0.306
0.072
-0.059
-0.145
-0.177
-0.12
-0.072
-0.211
-0.533
-0.81
-0.864
-0.703
-0.483
-0.358
-0.397
-0.603
-0.903
-1.136
-1.218
-1.152
-0.964
-0.705
-0.538
-0.649
-1.093
-1.662
-2.073
-2.223
-2.157
-1.962
-1.79
-1.794
-1.985
-2.295
-2.602
-2.785
-2.842
-2.862
-2.96
-3.105
-3.214
-3.23
-3.116
-2.803
-2.243
-1.476
-0.653
0.048
0.528
0.839
1.045
1.232
1.449
1.685
1.892
2.003
1.985
1.903
1.837
1.807
1.821
1.837
1.819
1.717
1.544
1.386
1.313
1.284
1.202
0.955
0.547
0.029
-0.551
-1.166
-1.64
-1.762
-1.646
-1.642
-1.84
-1.989
-1.873
-1.642
-1.533
-1.411
-0.884
-0.059
0.54
0.597
0.367
0.279
0.388
0.422
0.311
0.333
0.617
0.982
1.161
1.054
0.934
1.102
1.483
1.705
1.47
0.864
0.304
0.036
-0.138
-0.483
-0.775
-0.567
0.063
0.501
0.406
0.1
0.068
0.347
0.597
0.785
1.256
2.162
3.148
3.722
3.795
3.727
3.874
4.142
4.119
3.774
3.631
4.044
4.645
4.795
4.389
3.976
3.967
4.174
4.094
3.649
3.355
3.627
4.194
4.434
4.183
3.824
3.713
3.722
3.527
3.191
3.085
3.386
3.897
4.223
4.257
4.278
4.486
4.725
4.693
4.321
3.963
3.942
4.103
4.033
3.672
3.364
3.336
3.418
3.332
3.051
2.822
2.826
2.944
2.892
2.59
2.248
1.985
1.692
1.154
0.419
-0.097
0.018
0.651
1.215
1.317
1.093
0.882
0.762
0.583
0.215
-0.188
-0.36
-0.195
0.179
0.547
0.714
0.73
0.769
0.821
0.628
0.204
-0.059
0.204
0.841
1.418
1.833
2.302
2.962
3.525
3.656
3.497
3.464
3.674
3.922
4.096
4.316
4.754
5.353
5.768
5.705
5.244
4.825
4.806
5.069
5.171
4.972
4.856
5.185
5.779
6.16
6.149
6.015
6.013
6.038
5.811
5.328
4.822
4.559
4.484
4.328
3.987
3.672
3.602
3.665
3.541
3.146
2.747
2.606
2.629
2.515
2.15
1.705
1.413
1.336
1.291
1.104
0.805
0.642
0.746
0.889
0.775
0.501
0.499
0.914
1.399
1.61
1.656
1.928
2.454
2.765
2.536
2.084
1.916
2.028
2.025
1.717
1.306
1.125
1.263
1.563
1.83
1.964
2.069
2.266
2.511
2.617
2.468
2.209
2.1
2.107
2.034
1.837
1.685
1.762
1.948
2.003
1.896
1.851
1.958
2.075
2.05
1.921
1.894
2.039
2.1
1.871
1.479
1.179
1.05
0.921
0.599
0.045
-0.444
-0.587
-0.435
-0.281
-0.254
-0.206
-0.027
0.22
0.408
0.415
0.258
0.068
-0.097
-0.256
-0.433
-0.63
-0.801
-0.896
-0.995
-1.175
-1.352
-1.302
-0.912
-0.265
0.474
1.136
1.719
2.35
2.976
3.438
3.713
3.888
3.97
3.928
3.76
3.511
3.3
3.187
3.234
3.511
4.003
4.577
5.022
5.212
5.239
5.265
5.303
5.28
5.196
5.217
5.371
5.5
5.496
5.387
5.169
4.906
4.668
4.507
4.453
4.536
4.704
4.868
5.017
5.169
5.292
5.308
5.222
5.026
4.682
4.316
3.999
3.665
3.21
2.638
2.075
1.708
1.597
1.601
1.662
1.866
2.157
2.334
2.277
2.096
1.916
1.696
1.331
0.85
0.392
0.063
-0.163
-0.37
-0.442
-0.15
0.467
1.102
1.524
1.672
1.629
1.508
1.361
1.259
1.243
1.259
1.261
1.261
1.268
1.218
0.968
0.547
0.22
0.115
0.177
0.245
0.261
0.277
0.261
0.161
0.052
0.025
0.077
0.215
0.415
0.564
0.644
0.685
0.705
0.685
0.608
0.44
0.206
0.043
0.002
-0.034
-0.134
-0.206
-0.204
-0.252
-0.449
-0.78
-1.2
-1.665
-2.207
-2.865
-3.502
-3.967
-4.271
-4.523
-4.734
-4.849
-4.825
-4.747
-4.756
-4.911
-5.045
-4.997
-4.761
-4.512
-4.443
-4.552
-4.654
-4.604
-4.491
-4.455
-4.486
-4.421
-4.185
-3.933
-3.904
-4.137
-4.453
-4.679
-4.806
-4.886
-4.922
-4.847
-4.704
-4.631
-4.736
-4.963
-5.16
-5.246
-5.267
-5.321
-5.553
-5.881
-6.049
-5.981
-5.859
-5.772
-5.618
-5.341
-5.026
-4.852
-4.838
-4.806
-4.582
-4.194
-3.819
-3.599
-3.423
-3.116
-2.733
-2.493
-2.465
-2.524
-2.504
-2.4
-2.359
-2.429
-2.538
-2.533
-2.361
-2.202
-2.254
-2.445
-2.613
-2.738
-2.926
-3.196
-3.459
-3.563
-3.538
-3.599
-3.858
-4.142
-4.205
-3.965
-3.554
-3.137
-2.767
-2.438
-2.202
-2.103
-2.087
-2.064
-1.975
-1.835
-1.649
-1.506
-1.499
-1.581
-1.656
-1.74
-1.939
-2.23
-2.522
-2.829
-3.246
-3.819
-4.45
-5.002
-5.369
-5.653
-6.006
-6.353
-6.58
-6.666
-6.682
-6.75
-6.889
-7.063
-7.279
-7.549
-7.866
-8.157
-8.324
-8.345
-8.274
-8.188
-8.107
-8.016
-7.864
-7.676
-7.569
-7.562
-7.578
-7.537
-7.419
-7.31
-7.292
-7.256
-7.025
-6.635
-6.262
-6.038
-5.934
-5.895
-5.954
-6.151
-6.424
-6.607
-6.587
-6.417
-6.181
-5.961
-5.782
-5.616
-5.466
-5.305
-5.106
-4.834
-4.457
-4.062
-3.799
-3.661
-3.545
-3.314
-2.958
-2.604
-2.359
-2.182
-1.928
-1.606
-1.404
-1.415
-1.472
-1.42
-1.343
-1.463
-1.853
-2.356
-2.781
-3.044
-3.214
-3.325
-3.25
-3.007
-2.892
-3.116
-3.582
-4.049
-4.325
-4.425
-4.453
-4.489
-4.536
-4.561
-4.668
-4.958
-5.335
-5.584
-5.65
-5.621
-5.596
-5.594
-5.528
-5.31
-5.026
-4.829
-4.711
-4.552
-4.337
-4.16
-4.103
-4.117
-4.058
-3.89
-3.736
-3.808
-4.137
-4.512
-4.777
-4.988
-5.244
-5.494
-5.596
-5.566
-5.532
-5.653
-5.931
-6.197
-6.267
-6.147
-5.963
-5.689
-5.289
-4.872
-4.536
-4.305
-4.183
-4.144
-4.133
-4.142
-4.176
-4.171
-4.046
-3.799
-3.468
-3.114
-2.835
-2.711
-2.767
-3.001
-3.414
-3.911
-4.282
-4.396
-4.257
-3.967
-3.634
-3.277
-2.889
-2.536
-2.377
-2.445
-2.502
-2.347
-2.087
-1.866
-1.66
-1.404
-1.075
-0.796
-0.64
-0.603
-0.528
-0.406
-0.32
-0.372
-0.512
-0.637
-0.664
-0.587
-0.503
-0.51
-0.614
-0.735
-0.794
-0.9
-1.215
-1.744
-2.388
-3.051
-3.663
-4.253
-4.831
-5.385
-5.89
-6.288
-6.539
-6.65
-6.6
-6.258
-5.539
-4.654
-3.944
-3.52
-3.23
-2.951
-2.758
-2.767
-2.933
-3.046
-2.935
-2.731
-2.74
-2.967
-3.109
-2.944
-2.588
-2.352
-2.418
-2.688
-2.917
-3.085
-3.466
-4.117
-4.713
-4.938
-4.863
-4.818
-5.022
-5.441
-5.895
-6.245
-6.462
-6.496
-6.24
-5.711
-5.131
-4.788
-4.759
-4.865
-4.911
-4.831
-4.638
-4.389
-4.085
-3.631
-3.007
-2.345
-1.774
-1.379
-1.256
-1.511
-2.093
-2.74
-3.125
-3.182
-3.089
-3.039
-3.06
-3.114
-3.25
-3.611
-4.305
-5.208
-5.986
-6.337
-6.247
-5.945
-5.668
-5.446
-5.169
-4.82
-4.459
-4.119
-3.708
-3.198
-2.611
-2.123
-1.919
-1.982
-2.103
-2.186
-2.347
-2.794
-3.527
-4.228
-4.441
-3.996
-3.132
-2.352
-1.921
-1.921
-2.336
-3.051
-3.833
-4.509
-4.929
-4.972
-4.65
-4.131
-3.591
-3.123
-2.697
-2.37
-2.343
-2.688
-3.071
-3.062
-2.599
-1.975
-1.445
-1.039
-0.678
-0.281
0.077
0.163
-0.161
-0.655
-0.955
-0.889
-0.528
-0.059
0.315
0.462
0.354
0.034
-0.311
-0.49
-0.419
-0.186
0.029
0.113
0.095
0.086
0.068
0.007
-0.004
0.122
0.338
0.601
0.989
1.581
2.302
2.955
3.457
3.876
4.298
4.738
5.158
5.5
5.7
5.816
5.959
6.195
6.363
6.24
5.823
5.417
5.23
5.206
5.199
5.212
5.271
5.251
4.97
4.47
3.926
3.536
3.296
3.101
2.931
2.874
2.935
3.055
3.051
2.744
2.234
1.744
1.424
1.291
1.338
1.485
1.656
1.81
1.923
2.028
2.044
1.907
1.617
1.175
0.646
0.224
0.027
0.075
0.285
0.505
0.683
0.871
1.023
1.125
1.232
1.347
1.359
1.204
1.005
0.95
1.057
1.075
0.866
0.578
0.483
0.608
0.76
0.78
0.726
0.805
1.061
1.331
1.399
1.245
1.027
0.814
0.535
0.245
0.104
0.136
0.206
0.14
-0.027
-0.143
-0.129
0
0.213
0.505
0.934
1.531
2.241
2.801
3.026
3.019
3.042
3.114
3.039
2.699
2.25
1.923
1.817
1.86
1.975
2.25
2.706
3.234
3.661
3.894
4.022
4.226
4.529
4.738
4.643
4.351
4.131
4.144
4.273
4.305
4.25
4.339
4.69
5.144
5.41
5.362
5.23
5.226
5.285
5.219
4.933
4.543
4.176
3.851
3.461
2.921
2.379
2.023
1.744
1.288
0.542
-0.304
-0.916
-1.175
-1.27
-1.436
-1.662
-1.794
-1.81
-1.914
-2.289
-2.869
-3.43
-3.767
-3.89
-3.897
-3.819
-3.595
-3.207
-2.758
-2.368
-2.057
-1.785
-1.567
-1.499
-1.637
-1.892
-2.073
-2.162
-2.339
-2.72
-3.255
-3.815
-4.319
-4.693
-4.938
-5.083
-5.063
-4.732
-4.137
-3.538
-3.121
-2.849
-2.619
-2.386
-2.241
-2.205
-2.109
-1.749
-1.206
-0.748
-0.462
-0.224
0.097
0.562
1.045
1.383
1.56
1.801
2.257
2.84
3.262
3.434
3.491
3.538
3.441
3.035
2.477
2.141
2.189
2.388
2.524
2.685
2.951
3.284
3.473
3.411
3.248
3.198
3.379
3.758
4.194
4.541
4.854
5.21
5.487
5.45
5.119
4.772
4.607
4.555
4.466
4.328
4.269
4.339
4.344
4.042
3.43
2.706
2.084
1.601
1.198
0.837
0.562
0.408
0.279
0.054
-0.247
-0.442
-0.39
-0.15
0.213
0.708
1.354
2.082
2.695
2.958
2.851
2.606
2.452
2.379
2.302
2.159
2.03
2.039
2.241
2.456
2.42
2.119
1.785
1.526
1.322
1.127
1.07
1.259
1.585
1.842
1.828
1.656
1.59
1.726
1.923
2.075
2.109
2.109
2.214
2.372
2.397
2.184
1.817
1.442
1.097
0.755
0.488
0.397
0.51
0.664
0.619
0.258
-0.279
-0.805
-1.313
-1.871
-2.42
-2.797
-2.946
-2.96
-2.98
-3.157
-3.473
-3.788
-4.015
-4.185
-4.328
-4.423
-4.437
-4.353
-4.196
-4.056
-3.987
-3.888
-3.634
-3.275
-2.971
-2.765
-2.527
-2.157
-1.726
-1.424
-1.381
-1.544
-1.801
-2.064
-2.277
-2.37
-2.277
-2.005
-1.696
-1.47
-1.383
-1.431
-1.499
-1.488
-1.379
-1.193
-0.839
-0.331
0.213
0.658
0.891
0.957
0.957
0.943
0.916
0.871
0.834
0.875
1.052
1.265
1.42
1.481
1.404
1.179
0.846
0.469
0.165
0.084
0.254
0.538
0.771
0.81
0.701
0.574
0.51
0.417
0.261
0.172
0.297
0.608
0.934
1.127
1.166
1.091
0.939
0.705
0.419
0.224
0.272
0.517
0.712
0.732
0.671
